Brown University Keck/NASA Relab Spectrum JB-JLB-641-A/BKR1JB641A
Wavelength(micron)	Reflectance
0.32	0.43376
0.325	0.44545
0.33	0.45373
0.335	0.46349
0.34	0.47569
0.345	0.48873
0.35	0.50245
0.355	0.51499
0.36	0.52987
0.365	0.54179
0.37	0.55441
0.375	0.56603
0.38	0.57826
0.385	0.58810
0.39	0.59753
0.395	0.60741
0.4	0.61766
0.405	0.62496
0.41	0.63158
0.415	0.63752
0.42	0.64411
0.425	0.64917
0.43	0.65523
0.435	0.65979
0.44	0.66489
0.445	0.66977
0.45	0.67410
0.455	0.67865
0.46	0.68231
0.465	0.68645
0.47	0.69085
0.475	0.69451
0.48	0.69877
0.485	0.70208
0.49	0.70688
0.495	0.70986
0.5	0.71334
0.505	0.71569
0.51	0.71875
0.515	0.72060
0.52	0.72280
0.525	0.72366
0.53	0.72510
0.535	0.72576
0.54	0.72581
0.545	0.72545
0.55	0.72559
0.555	0.72474
0.56	0.72401
0.565	0.72175
0.57	0.72021
0.575	0.71762
0.58	0.71555
0.585	0.71274
0.59	0.71000
0.595	0.70639
0.6	0.70333
0.605	0.70004
0.61	0.69689
0.615	0.69229
0.62	0.68858
0.625	0.68512
0.63	0.68182
0.635	0.67803
0.64	0.67473
0.645	0.67230
0.65	0.66935
0.655	0.66717
0.66	0.66507
0.665	0.66333
0.67	0.66106
0.675	0.66079
0.68	0.65952
0.685	0.65881
0.69	0.65856
0.695	0.65858
0.7	0.65901
0.705	0.65938
0.71	0.65959
0.715	0.66061
0.72	0.66161
0.725	0.66469
0.73	0.66603
0.735	0.66701
0.74	0.66903
0.745	0.67056
0.75	0.67294
0.755	0.67480
0.76	0.67671
0.765	0.67924
0.77	0.68115
0.775	0.68390
0.78	0.68592
0.785	0.68741
0.79	0.68948
0.795	0.69187
0.8	0.69315
0.805	0.69608
0.81	0.69697
0.815	0.69913
0.82	0.70037
0.825	0.70144
0.83	0.70326
0.835	0.70350
0.84	0.70553
0.845	0.70607
0.85	0.70694
0.855	0.70738
0.86	0.70930
0.865	0.71043
0.87	0.71024
0.875	0.71241
0.88	0.71342
0.885	0.71398
0.89	0.71557
0.895	0.71644
0.9	0.71770
0.905	0.71967
0.91	0.72053
0.915	0.72152
0.92	0.72294
0.925	0.72534
0.93	0.72711
0.935	0.72863
0.94	0.72968
0.945	0.73213
0.95	0.73401
0.955	0.73581
0.96	0.73768
0.965	0.73965
0.97	0.74181
0.975	0.74331
0.98	0.74513
0.985	0.74654
0.99	0.74833
0.995	0.75021
1	0.75246
1.005	0.75402
1.01	0.75537
1.015	0.75775
1.02	0.75920
1.025	0.76059
1.03	0.76211
1.035	0.76389
1.04	0.76566
1.045	0.76604
1.05	0.76859
1.055	0.76936
1.06	0.77110
1.065	0.77234
1.07	0.77348
1.075	0.77448
1.08	0.77600
1.085	0.77715
1.09	0.77791
1.095	0.77963
1.1	0.78059
1.105	0.78236
1.11	0.78392
1.115	0.78475
1.12	0.78556
1.125	0.78768
1.13	0.78929
1.135	0.78964
1.14	0.79095
1.145	0.79228
1.15	0.79300
1.155	0.79435
1.16	0.79530
1.165	0.79716
1.17	0.79820
1.175	0.79927
1.18	0.79991
1.185	0.80176
1.19	0.80229
1.195	0.80352
1.2	0.80360
1.205	0.80563
1.21	0.80622
1.215	0.80807
1.22	0.80897
1.225	0.81085
1.23	0.81057
1.235	0.81146
1.24	0.81235
1.245	0.81271
1.25	0.81462
1.255	0.81510
1.26	0.81708
1.265	0.81773
1.27	0.81906
1.275	0.81961
1.28	0.82016
1.285	0.82089
1.29	0.82260
1.295	0.82345
1.3	0.82443
1.305	0.82518
1.31	0.82637
1.315	0.82736
1.32	0.82824
1.325	0.82867
1.33	0.82939
1.335	0.83062
1.34	0.83162
1.345	0.83190
1.35	0.83208
1.355	0.83192
1.36	0.83176
1.365	0.83476
1.37	0.83474
1.375	0.83510
1.3754	0.83511
1.3757	0.83512
1.3761	0.83515
1.3765	0.83512
1.3768	0.83514
1.3772	0.83511
1.3776	0.83511
1.3779	0.83513
1.3783	0.83511
1.3787	0.83505
1.379	0.83509
1.3794	0.83527
1.3798	0.83530
1.3801	0.83519
1.3805	0.83506
1.3809	0.83503
1.3812	0.83510
1.3816	0.83514
1.382	0.83516
1.3823	0.83521
1.3827	0.83523
1.3831	0.83520
1.3834	0.83517
1.3838	0.83531
1.3842	0.83538
1.3846	0.83537
1.3849	0.83531
1.3853	0.83529
1.3857	0.83534
1.386	0.83531
1.3864	0.83536
1.3868	0.83548
1.3872	0.83553
1.3875	0.83551
1.3879	0.83548
1.3883	0.83547
1.3886	0.83542
1.389	0.83540
1.3894	0.83542
1.3898	0.83545
1.3901	0.83545
1.3905	0.83543
1.3909	0.83542
1.3912	0.83537
1.3916	0.83535
1.392	0.83530
1.3924	0.83530
1.3927	0.83524
1.3931	0.83525
1.3935	0.83525
1.3939	0.83522
1.3942	0.83525
1.3946	0.83529
1.395	0.83537
1.3954	0.83542
1.3957	0.83545
1.3961	0.83543
1.3965	0.83539
1.3969	0.83543
1.3972	0.83547
1.3976	0.83543
1.398	0.83548
1.3984	0.83559
1.3988	0.83559
1.3991	0.83553
1.3995	0.83560
1.3999	0.83568
1.4003	0.83567
1.4006	0.83563
1.401	0.83565
1.4014	0.83564
1.4018	0.83563
1.4022	0.83566
1.4025	0.83564
1.4029	0.83560
1.4033	0.83559
1.4037	0.83559
1.4041	0.83565
1.4044	0.83578
1.4048	0.83578
1.4052	0.83572
1.4056	0.83572
1.406	0.83577
1.4063	0.83572
1.4067	0.83571
1.4071	0.83567
1.4075	0.83564
1.4079	0.83562
1.4083	0.83558
1.4086	0.83559
1.409	0.83562
1.4094	0.83561
1.4098	0.83562
1.4102	0.83551
1.4106	0.83543
1.4109	0.83544
1.4113	0.83545
1.4117	0.83535
1.4121	0.83521
1.4125	0.83509
1.4128	0.83500
1.4132	0.83483
1.4136	0.83464
1.414	0.83446
1.4144	0.83433
1.4148	0.83435
1.4152	0.83454
1.4156	0.83475
1.4159	0.83481
1.4163	0.83489
1.4167	0.83499
1.4171	0.83510
1.4175	0.83507
1.4179	0.83498
1.4183	0.83499
1.4187	0.83506
1.419	0.83511
1.4194	0.83511
1.4198	0.83513
1.4202	0.83515
1.4206	0.83508
1.421	0.83510
1.4214	0.83519
1.4218	0.83509
1.4222	0.83495
1.4225	0.83494
1.4229	0.83490
1.4233	0.83482
1.4237	0.83473
1.4241	0.83462
1.4245	0.83454
1.4249	0.83437
1.4253	0.83417
1.4257	0.83394
1.4261	0.83377
1.4265	0.83365
1.4268	0.83347
1.4272	0.83326
1.4276	0.83315
1.428	0.83311
1.4284	0.83303
1.4288	0.83297
1.4292	0.83307
1.4296	0.83322
1.43	0.83336
1.4304	0.83349
1.4308	0.83367
1.4312	0.83382
1.4316	0.83396
1.432	0.83405
1.4324	0.83409
1.4328	0.83415
1.4332	0.83419
1.4336	0.83419
1.4339	0.83421
1.4343	0.83424
1.4348	0.83421
1.4351	0.83426
1.4355	0.83429
1.4359	0.83432
1.4363	0.83445
1.4367	0.83447
1.4371	0.83442
1.4375	0.83437
1.4379	0.83436
1.4383	0.83447
1.4387	0.83452
1.4391	0.83452
1.4395	0.83458
1.4399	0.83459
1.4403	0.83461
1.4407	0.83474
1.4411	0.83486
1.4415	0.83489
1.4419	0.83496
1.4423	0.83508
1.4427	0.83512
1.4431	0.83524
1.4435	0.83548
1.4439	0.83560
1.4443	0.83559
1.4447	0.83564
1.4451	0.83576
1.4456	0.83589
1.4459	0.83593
1.4463	0.83595
1.4468	0.83605
1.4472	0.83612
1.4476	0.83612
1.448	0.83609
1.4484	0.83623
1.4488	0.83633
1.4492	0.83637
1.4496	0.83644
1.45	0.83645
1.4504	0.83644
1.4508	0.83642
1.4512	0.83643
1.4516	0.83653
1.452	0.83660
1.4524	0.83659
1.4528	0.83666
1.4532	0.83677
1.4537	0.83675
1.4541	0.83669
1.4545	0.83667
1.4549	0.83668
1.4553	0.83666
1.4557	0.83670
1.4561	0.83666
1.4565	0.83664
1.4569	0.83672
1.4573	0.83676
1.4577	0.83673
1.4582	0.83679
1.4586	0.83686
1.459	0.83688
1.4594	0.83696
1.4598	0.83702
1.4602	0.83700
1.4606	0.83697
1.461	0.83693
1.4614	0.83694
1.4618	0.83690
1.4623	0.83696
1.4627	0.83709
1.4631	0.83708
1.4635	0.83704
1.4639	0.83704
1.4643	0.83704
1.4647	0.83707
1.4652	0.83706
1.4656	0.83713
1.466	0.83714
1.4664	0.83716
1.4668	0.83719
1.4672	0.83710
1.4676	0.83704
1.4681	0.83711
1.4685	0.83725
1.4689	0.83729
1.4693	0.83724
1.4697	0.83725
1.4701	0.83729
1.4706	0.83727
1.471	0.83728
1.4714	0.83723
1.4718	0.83723
1.4722	0.83729
1.4726	0.83734
1.4731	0.83731
1.4735	0.83735
1.4739	0.83741
1.4743	0.83738
1.4747	0.83726
1.4752	0.83726
1.4756	0.83731
1.476	0.83724
1.4764	0.83721
1.4768	0.83731
1.4773	0.83732
1.4777	0.83734
1.4781	0.83734
1.4785	0.83732
1.4789	0.83734
1.4794	0.83737
1.4798	0.83740
1.4802	0.83744
1.4806	0.83744
1.4811	0.83737
1.4815	0.83738
1.4819	0.83739
1.4823	0.83736
1.4828	0.83736
1.4832	0.83738
1.4836	0.83736
1.484	0.83736
1.4844	0.83740
1.4849	0.83741
1.4853	0.83738
1.4857	0.83737
1.4862	0.83737
1.4866	0.83740
1.487	0.83742
1.4874	0.83736
1.4879	0.83734
1.4883	0.83733
1.4887	0.83732
1.4891	0.83738
1.4896	0.83744
1.49	0.83746
1.4904	0.83744
1.4908	0.83742
1.4913	0.83738
1.4917	0.83729
1.4921	0.83738
1.4926	0.83742
1.493	0.83738
1.4934	0.83736
1.4939	0.83740
1.4943	0.83741
1.4947	0.83741
1.4952	0.83745
1.4956	0.83745
1.496	0.83747
1.4964	0.83752
1.4969	0.83749
1.4973	0.83745
1.4977	0.83748
1.4982	0.83751
1.4986	0.83755
1.499	0.83761
1.4995	0.83753
1.4999	0.83748
1.5003	0.83753
1.5008	0.83761
1.5012	0.83767
1.5017	0.83768
1.5021	0.83767
1.5025	0.83767
1.5029	0.83763
1.5034	0.83755
1.5038	0.83749
1.5043	0.83751
1.5047	0.83762
1.5051	0.83765
1.5056	0.83763
1.506	0.83769
1.5064	0.83772
1.5069	0.83766
1.5073	0.83769
1.5078	0.83780
1.5082	0.83782
1.5086	0.83777
1.5091	0.83772
1.5095	0.83769
1.51	0.83772
1.5104	0.83772
1.5108	0.83782
1.5113	0.83785
1.5117	0.83786
1.5122	0.83788
1.5126	0.83792
1.513	0.83792
1.5135	0.83794
1.5139	0.83793
1.5144	0.83792
1.5148	0.83801
1.5153	0.83801
1.5157	0.83797
1.5161	0.83795
1.5166	0.83793
1.517	0.83794
1.5175	0.83803
1.5179	0.83815
1.5184	0.83819
1.5188	0.83811
1.5193	0.83801
1.5197	0.83806
1.5201	0.83813
1.5206	0.83822
1.521	0.83825
1.5215	0.83824
1.5219	0.83821
1.5224	0.83823
1.5228	0.83825
1.5233	0.83829
1.5237	0.83829
1.5242	0.83830
1.5246	0.83834
1.5251	0.83836
1.5255	0.83832
1.5259	0.83833
1.5264	0.83841
1.5268	0.83848
1.5273	0.83848
1.5278	0.83842
1.5282	0.83837
1.5287	0.83844
1.5291	0.83851
1.5296	0.83852
1.53	0.83850
1.5305	0.83853
1.5309	0.83858
1.5314	0.83856
1.5318	0.83857
1.5323	0.83854
1.5327	0.83854
1.5332	0.83864
1.5336	0.83870
1.5341	0.83870
1.5345	0.83867
1.535	0.83865
1.5354	0.83872
1.5359	0.83880
1.5363	0.83879
1.5368	0.83877
1.5373	0.83879
1.5377	0.83880
1.5382	0.83877
1.5386	0.83878
1.5391	0.83884
1.5396	0.83885
1.54	0.83883
1.5405	0.83886
1.5409	0.83886
1.5414	0.83886
1.5418	0.83886
1.5423	0.83882
1.5428	0.83885
1.5432	0.83889
1.5437	0.83893
1.5441	0.83897
1.5446	0.83898
1.5451	0.83900
1.5455	0.83912
1.546	0.83910
1.5464	0.83902
1.5469	0.83902
1.5474	0.83901
1.5478	0.83909
1.5483	0.83912
1.5488	0.83916
1.5492	0.83915
1.5497	0.83909
1.5501	0.83913
1.5506	0.83914
1.5511	0.83905
1.5515	0.83907
1.552	0.83924
1.5524	0.83929
1.5529	0.83925
1.5534	0.83927
1.5538	0.83930
1.5543	0.83930
1.5548	0.83931
1.5553	0.83931
1.5557	0.83932
1.5562	0.83941
1.5567	0.83943
1.5571	0.83937
1.5576	0.83934
1.5581	0.83936
1.5585	0.83942
1.559	0.83947
1.5595	0.83948
1.5599	0.83952
1.5604	0.83948
1.5609	0.83943
1.5613	0.83948
1.5618	0.83952
1.5623	0.83952
1.5628	0.83950
1.5632	0.83948
1.5637	0.83947
1.5642	0.83945
1.5646	0.83952
1.5651	0.83964
1.5656	0.83963
1.5661	0.83961
1.5665	0.83957
1.567	0.83955
1.5675	0.83953
1.5679	0.83952
1.5684	0.83951
1.5689	0.83954
1.5694	0.83961
1.5698	0.83965
1.5703	0.83967
1.5708	0.83969
1.5713	0.83970
1.5718	0.83972
1.5722	0.83975
1.5727	0.83971
1.5732	0.83971
1.5737	0.83973
1.5741	0.83975
1.5746	0.83973
1.5751	0.83967
1.5756	0.83970
1.5761	0.83979
1.5765	0.83977
1.577	0.83964
1.5775	0.83964
1.578	0.83971
1.5784	0.83965
1.5789	0.83965
1.5794	0.83972
1.5799	0.83973
1.5804	0.83977
1.5809	0.83978
1.5813	0.83977
1.5818	0.83981
1.5823	0.83982
1.5828	0.83980
1.5833	0.83982
1.5838	0.83983
1.5842	0.83982
1.5847	0.83979
1.5852	0.83982
1.5857	0.83982
1.5862	0.83983
1.5867	0.83988
1.5872	0.83990
1.5876	0.83993
1.5881	0.83991
1.5886	0.83983
1.5891	0.83982
1.5896	0.83985
1.5901	0.83984
1.5906	0.83982
1.591	0.83987
1.5915	0.83987
1.592	0.83991
1.5925	0.84000
1.593	0.83996
1.5935	0.83989
1.594	0.83988
1.5945	0.83985
1.595	0.83985
1.5954	0.83988
1.5959	0.83991
1.5964	0.83992
1.5969	0.83995
1.5974	0.84000
1.5979	0.84005
1.5984	0.84004
1.5989	0.83996
1.5994	0.83988
1.5999	0.83988
1.6004	0.83998
1.6009	0.84002
1.6014	0.84004
1.6019	0.84005
1.6023	0.83996
1.6028	0.83995
1.6033	0.84003
1.6038	0.84004
1.6043	0.84006
1.6048	0.84009
1.6053	0.84011
1.6058	0.84009
1.6063	0.84010
1.6068	0.84007
1.6073	0.84002
1.6078	0.84007
1.6083	0.84012
1.6088	0.84012
1.6093	0.84009
1.6098	0.84008
1.6103	0.84013
1.6108	0.84016
1.6113	0.84015
1.6118	0.84017
1.6123	0.84021
1.6128	0.84022
1.6133	0.84022
1.6138	0.84019
1.6143	0.84016
1.6148	0.84013
1.6153	0.84013
1.6158	0.84016
1.6163	0.84021
1.6168	0.84021
1.6173	0.84023
1.6178	0.84024
1.6184	0.84024
1.6189	0.84022
1.6194	0.84021
1.6199	0.84022
1.6204	0.84019
1.6209	0.84017
1.6214	0.84019
1.6219	0.84020
1.6224	0.84021
1.6229	0.84020
1.6234	0.84021
1.6239	0.84019
1.6244	0.84021
1.6249	0.84021
1.6255	0.84020
1.626	0.84020
1.6265	0.84021
1.627	0.84022
1.6275	0.84023
1.628	0.84023
1.6285	0.84023
1.629	0.84023
1.6296	0.84025
1.6301	0.84036
1.6306	0.84040
1.6311	0.84035
1.6316	0.84028
1.6321	0.84027
1.6326	0.84030
1.6331	0.84026
1.6337	0.84026
1.6342	0.84025
1.6347	0.84025
1.6352	0.84030
1.6357	0.84028
1.6362	0.84027
1.6368	0.84033
1.6373	0.84038
1.6378	0.84034
1.6383	0.84029
1.6388	0.84023
1.6393	0.84021
1.6398	0.84025
1.6404	0.84030
1.6409	0.84031
1.6414	0.84027
1.6419	0.84022
1.6424	0.84024
1.643	0.84025
1.6435	0.84025
1.644	0.84028
1.6445	0.84027
1.6451	0.84026
1.6456	0.84030
1.6461	0.84025
1.6466	0.84019
1.6472	0.84018
1.6477	0.84021
1.6482	0.84026
1.6487	0.84026
1.6492	0.84026
1.6498	0.84025
1.6503	0.84021
1.6508	0.84015
1.6513	0.84019
1.6519	0.84023
1.6524	0.84023
1.6529	0.84024
1.6534	0.84025
1.654	0.84028
1.6545	0.84026
1.655	0.84022
1.6556	0.84019
1.6561	0.84018
1.6566	0.84021
1.6572	0.84019
1.6577	0.84018
1.6582	0.84020
1.6587	0.84015
1.6593	0.84008
1.6598	0.84007
1.6603	0.84010
1.6609	0.84010
1.6614	0.84007
1.6619	0.84002
1.6625	0.84002
1.663	0.84001
1.6635	0.84000
1.6641	0.84005
1.6646	0.84009
1.6651	0.84009
1.6657	0.84010
1.6662	0.84010
1.6667	0.84014
1.6673	0.84014
1.6678	0.84004
1.6683	0.83996
1.6689	0.83997
1.6694	0.84003
1.67	0.83999
1.6705	0.84001
1.671	0.84004
1.6716	0.83997
1.6721	0.83993
1.6727	0.83993
1.6732	0.83988
1.6737	0.83982
1.6743	0.83979
1.6748	0.83978
1.6754	0.83977
1.6759	0.83982
1.6764	0.83983
1.677	0.83980
1.6775	0.83980
1.6781	0.83979
1.6786	0.83978
1.6792	0.83982
1.6797	0.83983
1.6802	0.83977
1.6808	0.83971
1.6813	0.83969
1.6819	0.83967
1.6824	0.83972
1.683	0.83970
1.6835	0.83969
1.6841	0.83970
1.6846	0.83968
1.6852	0.83960
1.6857	0.83953
1.6863	0.83952
1.6868	0.83952
1.6873	0.83944
1.6879	0.83939
1.6884	0.83942
1.689	0.83941
1.6896	0.83940
1.6901	0.83937
1.6907	0.83934
1.6912	0.83936
1.6918	0.83938
1.6923	0.83932
1.6929	0.83930
1.6934	0.83930
1.694	0.83925
1.6945	0.83926
1.6951	0.83924
1.6956	0.83924
1.6962	0.83925
1.6967	0.83928
1.6973	0.83925
1.6978	0.83919
1.6984	0.83915
1.699	0.83917
1.6995	0.83920
1.7001	0.83919
1.7006	0.83914
1.7012	0.83911
1.7018	0.83914
1.7023	0.83913
1.7029	0.83906
1.7034	0.83907
1.704	0.83908
1.7046	0.83908
1.7051	0.83912
1.7057	0.83918
1.7062	0.83915
1.7068	0.83904
1.7074	0.83901
1.7079	0.83901
1.7085	0.83900
1.709	0.83900
1.7096	0.83899
1.7102	0.83899
1.7107	0.83897
1.7113	0.83896
1.7119	0.83895
1.7124	0.83899
1.713	0.83898
1.7136	0.83891
1.7141	0.83891
1.7147	0.83888
1.7153	0.83889
1.7158	0.83897
1.7164	0.83890
1.717	0.83885
1.7175	0.83886
1.7181	0.83884
1.7187	0.83880
1.7192	0.83875
1.7198	0.83878
1.7204	0.83881
1.721	0.83879
1.7215	0.83877
1.7221	0.83875
1.7227	0.83876
1.7232	0.83874
1.7238	0.83869
1.7244	0.83868
1.725	0.83868
1.7255	0.83865
1.7261	0.83862
1.7267	0.83860
1.7273	0.83854
1.7278	0.83851
1.7284	0.83849
1.729	0.83857
1.7296	0.83860
1.7301	0.83858
1.7307	0.83859
1.7313	0.83857
1.7319	0.83854
1.7325	0.83859
1.733	0.83861
1.7336	0.83856
1.7342	0.83857
1.7348	0.83860
1.7354	0.83860
1.7359	0.83858
1.7365	0.83864
1.7371	0.83870
1.7377	0.83865
1.7383	0.83865
1.7388	0.83867
1.7394	0.83871
1.74	0.83872
1.7406	0.83865
1.7412	0.83861
1.7418	0.83865
1.7423	0.83869
1.7429	0.83866
1.7435	0.83868
1.7441	0.83870
1.7447	0.83872
1.7453	0.83879
1.7459	0.83882
1.7465	0.83881
1.7471	0.83877
1.7476	0.83879
1.7482	0.83878
1.7488	0.83880
1.7494	0.83885
1.75	0.83886
1.7506	0.83884
1.7512	0.83884
1.7518	0.83885
1.7524	0.83889
1.753	0.83885
1.7536	0.83878
1.7541	0.83885
1.7547	0.83888
1.7553	0.83883
1.7559	0.83881
1.7565	0.83884
1.7571	0.83890
1.7577	0.83888
1.7583	0.83882
1.7589	0.83881
1.7595	0.83885
1.7601	0.83887
1.7607	0.83888
1.7613	0.83889
1.7619	0.83893
1.7625	0.83891
1.7631	0.83892
1.7637	0.83900
1.7643	0.83903
1.7649	0.83904
1.7655	0.83905
1.7661	0.83909
1.7667	0.83912
1.7673	0.83908
1.7679	0.83900
1.7685	0.83900
1.7691	0.83908
1.7697	0.83910
1.7703	0.83907
1.7709	0.83909
1.7715	0.83914
1.7721	0.83917
1.7727	0.83920
1.7733	0.83919
1.7739	0.83916
1.7746	0.83914
1.7752	0.83910
1.7758	0.83914
1.7764	0.83923
1.777	0.83923
1.7776	0.83923
1.7782	0.83924
1.7788	0.83921
1.7794	0.83919
1.78	0.83917
1.7807	0.83920
1.7813	0.83925
1.7819	0.83925
1.7825	0.83919
1.7831	0.83924
1.7837	0.83932
1.7843	0.83928
1.7849	0.83921
1.7856	0.83921
1.7862	0.83925
1.7868	0.83924
1.7874	0.83922
1.788	0.83921
1.7886	0.83923
1.7893	0.83926
1.7899	0.83925
1.7905	0.83923
1.7911	0.83923
1.7917	0.83919
1.7923	0.83912
1.793	0.83912
1.7936	0.83916
1.7942	0.83916
1.7948	0.83916
1.7954	0.83917
1.7961	0.83919
1.7967	0.83918
1.7973	0.83917
1.7979	0.83920
1.7986	0.83917
1.7992	0.83916
1.7998	0.83919
1.8004	0.83918
1.8011	0.83920
1.8017	0.83919
1.8023	0.83917
1.8029	0.83917
1.8036	0.83918
1.8042	0.83916
1.8048	0.83913
1.8054	0.83916
1.8061	0.83916
1.8067	0.83909
1.8073	0.83907
1.808	0.83915
1.8086	0.83916
1.8092	0.83915
1.8099	0.83914
1.8105	0.83920
1.8111	0.83922
1.8118	0.83919
1.8124	0.83915
1.813	0.83917
1.8137	0.83921
1.8143	0.83919
1.8149	0.83914
1.8156	0.83909
1.8162	0.83906
1.8168	0.83907
1.8175	0.83910
1.8181	0.83909
1.8188	0.83908
1.8194	0.83904
1.82	0.83903
1.8207	0.83909
1.8213	0.83906
1.8219	0.83902
1.8226	0.83905
1.8232	0.83902
1.8239	0.83900
1.8245	0.83904
1.8252	0.83908
1.8258	0.83910
1.8264	0.83905
1.8271	0.83902
1.8277	0.83901
1.8284	0.83901
1.829	0.83905
1.8297	0.83907
1.8303	0.83903
1.831	0.83897
1.8316	0.83896
1.8323	0.83903
1.8329	0.83908
1.8336	0.83907
1.8342	0.83900
1.8348	0.83897
1.8355	0.83899
1.8361	0.83901
1.8368	0.83893
1.8374	0.83897
1.8381	0.83903
1.8388	0.83901
1.8394	0.83895
1.8401	0.83896
1.8407	0.83897
1.8414	0.83900
1.842	0.83899
1.8427	0.83898
1.8433	0.83892
1.844	0.83886
1.8446	0.83890
1.8453	0.83894
1.8459	0.83894
1.8466	0.83891
1.8473	0.83895
1.8479	0.83902
1.8486	0.83902
1.8492	0.83896
1.8499	0.83889
1.8506	0.83889
1.8512	0.83890
1.8519	0.83892
1.8526	0.83889
1.8532	0.83887
1.8539	0.83889
1.8545	0.83893
1.8552	0.83894
1.8559	0.83888
1.8565	0.83888
1.8572	0.83891
1.8579	0.83888
1.8585	0.83882
1.8592	0.83883
1.8599	0.83880
1.8605	0.83878
1.8612	0.83877
1.8619	0.83876
1.8625	0.83876
1.8632	0.83875
1.8639	0.83873
1.8645	0.83868
1.8652	0.83863
1.8659	0.83866
1.8666	0.83868
1.8672	0.83868
1.8679	0.83866
1.8686	0.83866
1.8692	0.83860
1.8699	0.83856
1.8706	0.83852
1.8713	0.83849
1.8719	0.83850
1.8726	0.83847
1.8733	0.83849
1.874	0.83842
1.8747	0.83835
1.8753	0.83834
1.876	0.83831
1.8767	0.83826
1.8774	0.83820
1.878	0.83824
1.8787	0.83824
1.8794	0.83822
1.8801	0.83817
1.8808	0.83812
1.8814	0.83805
1.8821	0.83803
1.8828	0.83800
1.8835	0.83793
1.8842	0.83789
1.8849	0.83786
1.8856	0.83778
1.8862	0.83767
1.8869	0.83762
1.8876	0.83764
1.8883	0.83759
1.889	0.83751
1.8897	0.83740
1.8904	0.83728
1.8911	0.83722
1.8918	0.83715
1.8924	0.83704
1.8931	0.83696
1.8938	0.83683
1.8945	0.83671
1.8952	0.83666
1.8959	0.83655
1.8966	0.83644
1.8973	0.83642
1.898	0.83633
1.8987	0.83621
1.8994	0.83609
1.9001	0.83596
1.9008	0.83588
1.9015	0.83581
1.9022	0.83569
1.9029	0.83553
1.9036	0.83542
1.9043	0.83532
1.905	0.83520
1.9057	0.83508
1.9064	0.83498
1.9071	0.83485
1.9078	0.83477
1.9085	0.83470
1.9092	0.83459
1.9099	0.83450
1.9106	0.83439
1.9113	0.83431
1.912	0.83421
1.9127	0.83411
1.9134	0.83397
1.9141	0.83382
1.9148	0.83374
1.9155	0.83372
1.9162	0.83367
1.9169	0.83356
1.9176	0.83345
1.9183	0.83337
1.9191	0.83328
1.9198	0.83320
1.9205	0.83315
1.9212	0.83311
1.9219	0.83303
1.9226	0.83295
1.9233	0.83287
1.924	0.83277
1.9248	0.83271
1.9255	0.83263
1.9262	0.83262
1.9269	0.83262
1.9276	0.83252
1.9283	0.83243
1.9291	0.83239
1.9298	0.83240
1.9305	0.83229
1.9312	0.83218
1.9319	0.83217
1.9327	0.83215
1.9334	0.83212
1.9341	0.83210
1.9348	0.83206
1.9355	0.83199
1.9363	0.83201
1.937	0.83196
1.9377	0.83189
1.9384	0.83184
1.9392	0.83180
1.9399	0.83179
1.9406	0.83175
1.9413	0.83167
1.9421	0.83163
1.9428	0.83158
1.9435	0.83159
1.9442	0.83162
1.945	0.83153
1.9457	0.83146
1.9464	0.83147
1.9472	0.83145
1.9479	0.83138
1.9486	0.83133
1.9494	0.83135
1.9501	0.83135
1.9508	0.83128
1.9516	0.83126
1.9523	0.83128
1.953	0.83128
1.9538	0.83128
1.9545	0.83124
1.9552	0.83122
1.956	0.83119
1.9567	0.83115
1.9575	0.83110
1.9582	0.83112
1.9589	0.83111
1.9597	0.83111
1.9604	0.83109
1.9612	0.83110
1.9619	0.83110
1.9626	0.83107
1.9634	0.83100
1.9641	0.83094
1.9649	0.83091
1.9656	0.83088
1.9664	0.83085
1.9671	0.83082
1.9679	0.83079
1.9686	0.83076
1.9693	0.83078
1.9701	0.83081
1.9708	0.83085
1.9716	0.83084
1.9723	0.83078
1.9731	0.83072
1.9738	0.83069
1.9746	0.83071
1.9753	0.83074
1.9761	0.83072
1.9769	0.83071
1.9776	0.83071
1.9784	0.83075
1.9791	0.83080
1.9799	0.83079
1.9806	0.83074
1.9814	0.83078
1.9822	0.83085
1.9829	0.83086
1.9837	0.83087
1.9844	0.83091
1.9852	0.83093
1.9859	0.83092
1.9867	0.83090
1.9875	0.83097
1.9882	0.83105
1.989	0.83106
1.9898	0.83102
1.9905	0.83108
1.9913	0.83116
1.9921	0.83117
1.9928	0.83119
1.9936	0.83117
1.9943	0.83113
1.9951	0.83122
1.9959	0.83130
1.9967	0.83131
1.9974	0.83134
1.9982	0.83133
1.999	0.83134
1.9997	0.83138
2.0005	0.83136
2.0013	0.83135
2.0021	0.83138
2.0028	0.83138
2.0036	0.83136
2.0044	0.83132
2.0052	0.83133
2.0059	0.83138
2.0067	0.83140
2.0075	0.83143
2.0083	0.83142
2.009	0.83137
2.0098	0.83138
2.0106	0.83142
2.0114	0.83144
2.0122	0.83139
2.0129	0.83135
2.0137	0.83135
2.0145	0.83130
2.0153	0.83129
2.0161	0.83133
2.0168	0.83132
2.0176	0.83125
2.0184	0.83124
2.0192	0.83123
2.02	0.83123
2.0208	0.83121
2.0216	0.83117
2.0223	0.83113
2.0231	0.83111
2.0239	0.83111
2.0247	0.83105
2.0255	0.83100
2.0263	0.83100
2.0271	0.83094
2.0279	0.83086
2.0287	0.83085
2.0295	0.83080
2.0303	0.83071
2.0311	0.83069
2.0319	0.83071
2.0327	0.83065
2.0335	0.83054
2.0343	0.83049
2.0351	0.83047
2.0358	0.83041
2.0367	0.83040
2.0374	0.83034
2.0383	0.83028
2.0391	0.83022
2.0399	0.83019
2.0407	0.83015
2.0415	0.83009
2.0423	0.83008
2.0431	0.83005
2.0439	0.82995
2.0447	0.82989
2.0455	0.82984
2.0463	0.82976
2.0471	0.82971
2.0479	0.82976
2.0487	0.82967
2.0495	0.82960
2.0504	0.82959
2.0512	0.82961
2.052	0.82961
2.0528	0.82956
2.0536	0.82956
2.0544	0.82963
2.0552	0.82965
2.056	0.82959
2.0569	0.82955
2.0577	0.82959
2.0585	0.82962
2.0593	0.82966
2.0601	0.82972
2.0609	0.82975
2.0618	0.82975
2.0626	0.82982
2.0634	0.82987
2.0642	0.82989
2.0651	0.82993
2.0659	0.82995
2.0667	0.83002
2.0675	0.83010
2.0683	0.83014
2.0692	0.83025
2.07	0.83031
2.0708	0.83030
2.0716	0.83037
2.0725	0.83041
2.0733	0.83040
2.0741	0.83040
2.075	0.83046
2.0758	0.83057
2.0766	0.83056
2.0775	0.83055
2.0783	0.83054
2.0791	0.83056
2.08	0.83064
2.0808	0.83066
2.0816	0.83061
2.0825	0.83060
2.0833	0.83059
2.0841	0.83060
2.085	0.83065
2.0858	0.83071
2.0866	0.83073
2.0875	0.83072
2.0883	0.83073
2.0892	0.83075
2.09	0.83071
2.0909	0.83071
2.0917	0.83071
2.0926	0.83069
2.0934	0.83070
2.0942	0.83071
2.0951	0.83065
2.0959	0.83062
2.0968	0.83062
2.0976	0.83060
2.0985	0.83063
2.0993	0.83061
2.1002	0.83061
2.101	0.83062
2.1019	0.83058
2.1027	0.83058
2.1036	0.83056
2.1044	0.83057
2.1053	0.83055
2.1061	0.83047
2.107	0.83041
2.1079	0.83040
2.1087	0.83041
2.1096	0.83036
2.1104	0.83026
2.1113	0.83027
2.1121	0.83025
2.113	0.83015
2.1139	0.83002
2.1147	0.82998
2.1156	0.83000
2.1165	0.82998
2.1173	0.82993
2.1182	0.82986
2.1191	0.82982
2.1199	0.82980
2.1208	0.82969
2.1217	0.82958
2.1225	0.82952
2.1234	0.82946
2.1243	0.82937
2.1251	0.82925
2.126	0.82918
2.1269	0.82907
2.1278	0.82893
2.1286	0.82887
2.1295	0.82881
2.1304	0.82876
2.1313	0.82877
2.1321	0.82874
2.133	0.82863
2.1339	0.82857
2.1348	0.82855
2.1356	0.82849
2.1365	0.82841
2.1374	0.82841
2.1383	0.82831
2.1392	0.82820
2.1401	0.82813
2.1409	0.82807
2.1418	0.82802
2.1427	0.82795
2.1436	0.82792
2.1445	0.82789
2.1454	0.82780
2.1463	0.82772
2.1471	0.82766
2.148	0.82760
2.1489	0.82750
2.1498	0.82740
2.1507	0.82733
2.1516	0.82724
2.1525	0.82721
2.1534	0.82715
2.1543	0.82703
2.1552	0.82690
2.1561	0.82682
2.157	0.82677
2.1579	0.82666
2.1588	0.82649
2.1597	0.82631
2.1606	0.82617
2.1615	0.82607
2.1624	0.82601
2.1633	0.82589
2.1642	0.82575
2.1651	0.82568
2.166	0.82560
2.1669	0.82547
2.1678	0.82538
2.1687	0.82530
2.1696	0.82521
2.1705	0.82521
2.1714	0.82528
2.1723	0.82529
2.1732	0.82521
2.1741	0.82510
2.1751	0.82506
2.176	0.82506
2.1769	0.82509
2.1778	0.82508
2.1787	0.82501
2.1796	0.82490
2.1806	0.82486
2.1815	0.82485
2.1824	0.82482
2.1833	0.82479
2.1842	0.82479
2.1851	0.82480
2.1861	0.82483
2.187	0.82488
2.1879	0.82486
2.1888	0.82479
2.1898	0.82478
2.1907	0.82475
2.1916	0.82470
2.1925	0.82462
2.1935	0.82456
2.1944	0.82448
2.1953	0.82439
2.1963	0.82430
2.1972	0.82426
2.1981	0.82422
2.1991	0.82413
2.2	0.82407
2.2009	0.82400
2.2019	0.82388
2.2028	0.82378
2.2037	0.82366
2.2047	0.82352
2.2056	0.82338
2.2065	0.82325
2.2075	0.82318
2.2084	0.82324
2.2094	0.82338
2.2103	0.82356
2.2112	0.82368
2.2122	0.82376
2.2131	0.82377
2.2141	0.82375
2.215	0.82374
2.216	0.82376
2.2169	0.82375
2.2179	0.82374
2.2188	0.82378
2.2198	0.82377
2.2207	0.82375
2.2217	0.82375
2.2226	0.82379
2.2236	0.82376
2.2245	0.82371
2.2255	0.82374
2.2264	0.82379
2.2274	0.82378
2.2284	0.82377
2.2293	0.82377
2.2303	0.82374
2.2312	0.82374
2.2322	0.82374
2.2331	0.82369
2.2341	0.82361
2.2351	0.82358
2.236	0.82348
2.237	0.82335
2.238	0.82324
2.2389	0.82311
2.2399	0.82294
2.2409	0.82274
2.2418	0.82252
2.2428	0.82230
2.2438	0.82208
2.2448	0.82184
2.2457	0.82161
2.2467	0.82136
2.2477	0.82109
2.2486	0.82080
2.2496	0.82049
2.2506	0.82022
2.2516	0.81992
2.2526	0.81955
2.2535	0.81917
2.2545	0.81874
2.2555	0.81831
2.2565	0.81792
2.2575	0.81751
2.2584	0.81707
2.2594	0.81661
2.2604	0.81619
2.2614	0.81579
2.2624	0.81537
2.2634	0.81509
2.2644	0.81496
2.2654	0.81488
2.2663	0.81487
2.2673	0.81492
2.2683	0.81496
2.2693	0.81497
2.2703	0.81496
2.2713	0.81485
2.2723	0.81470
2.2733	0.81452
2.2743	0.81438
2.2753	0.81426
2.2763	0.81406
2.2773	0.81387
2.2783	0.81366
2.2793	0.81347
2.2803	0.81330
2.2813	0.81306
2.2823	0.81281
2.2833	0.81251
2.2843	0.81225
2.2853	0.81201
2.2863	0.81169
2.2873	0.81134
2.2883	0.81101
2.2894	0.81068
2.2904	0.81042
2.2914	0.81012
2.2924	0.80976
2.2934	0.80941
2.2944	0.80907
2.2954	0.80874
2.2964	0.80831
2.2975	0.80788
2.2985	0.80751
2.2995	0.80713
2.3005	0.80672
2.3016	0.80627
2.3026	0.80584
2.3036	0.80547
2.3046	0.80507
2.3056	0.80467
2.3067	0.80428
2.3077	0.80392
2.3087	0.80361
2.3098	0.80335
2.3108	0.80306
2.3118	0.80276
2.3128	0.80250
2.3139	0.80226
2.3149	0.80204
2.3159	0.80185
2.317	0.80165
2.318	0.80143
2.3191	0.80121
2.3201	0.80094
2.3211	0.80070
2.3222	0.80047
2.3232	0.80018
2.3243	0.79981
2.3253	0.79939
2.3263	0.79892
2.3274	0.79843
2.3284	0.79790
2.3295	0.79722
2.3305	0.79642
2.3316	0.79546
2.3326	0.79440
2.3337	0.79322
2.3347	0.79194
2.3358	0.79070
2.3368	0.78949
2.3379	0.78840
2.3389	0.78771
2.34	0.78766
2.341	0.78816
2.3421	0.78905
2.3431	0.79023
2.3442	0.79157
2.3453	0.79295
2.3463	0.79431
2.3474	0.79561
2.3485	0.79685
2.3495	0.79791
2.3506	0.79886
2.3517	0.79968
2.3527	0.80048
2.3538	0.80125
2.3549	0.80191
2.3559	0.80249
2.357	0.80298
2.3581	0.80339
2.3591	0.80379
2.3602	0.80409
2.3613	0.80440
2.3624	0.80475
2.3634	0.80510
2.3645	0.80544
2.3656	0.80575
2.3667	0.80616
2.3678	0.80656
2.3689	0.80697
2.3699	0.80739
2.371	0.80774
2.3721	0.80795
2.3732	0.80810
2.3743	0.80830
2.3754	0.80847
2.3764	0.80865
2.3775	0.80884
2.3786	0.80906
2.3797	0.80929
2.3808	0.80942
2.3819	0.80945
2.383	0.80956
2.3841	0.80965
2.3852	0.80969
2.3863	0.80975
2.3874	0.80985
2.3885	0.81002
2.3896	0.81020
2.3907	0.81037
2.3918	0.81058
2.3929	0.81078
2.394	0.81091
2.3951	0.81099
2.3962	0.81106
2.3973	0.81112
2.3984	0.81120
2.3995	0.81123
2.4006	0.81117
2.4018	0.81117
2.4029	0.81128
2.404	0.81143
2.4051	0.81164
2.4062	0.81191
2.4073	0.81211
2.4085	0.81230
2.4096	0.81248
2.4107	0.81265
2.4118	0.81284
2.4129	0.81299
2.4141	0.81311
2.4152	0.81323
2.4163	0.81335
2.4174	0.81344
2.4186	0.81355
2.4197	0.81363
2.4208	0.81366
2.422	0.81369
2.4231	0.81377
2.4242	0.81383
2.4254	0.81384
2.4265	0.81379
2.4276	0.81373
2.4288	0.81369
2.4299	0.81362
2.4311	0.81353
2.4322	0.81345
2.4333	0.81336
2.4345	0.81324
2.4356	0.81311
2.4368	0.81298
2.4379	0.81285
2.4391	0.81271
2.4402	0.81254
2.4414	0.81235
2.4425	0.81210
2.4436	0.81186
2.4448	0.81162
2.4459	0.81140
2.4471	0.81118
2.4483	0.81093
2.4494	0.81068
2.4506	0.81039
2.4517	0.81017
2.4529	0.80999
2.4541	0.80986
2.4552	0.80978
2.4564	0.80971
2.4576	0.80967
2.4587	0.80964
2.4599	0.80960
2.4611	0.80956
2.4622	0.80950
2.4634	0.80946
2.4646	0.80950
2.4657	0.80940
2.4669	0.80930
2.4681	0.80929
2.4693	0.80924
2.4704	0.80925
2.4716	0.80926
2.4728	0.80918
2.474	0.80912
2.4751	0.80905
2.4763	0.80901
2.4775	0.80901
2.4787	0.80897
2.4799	0.80889
2.4811	0.80881
2.4823	0.80872
2.4834	0.80869
2.4846	0.80867
2.4858	0.80872
2.487	0.80884
2.4882	0.80897
2.4894	0.80901
2.4906	0.80908
2.4918	0.80916
2.493	0.80925
2.4942	0.80925
2.4954	0.80931
2.4966	0.80938
2.4978	0.80939
2.499	0.80950
2.5002	0.80956
2.5014	0.80951
2.5026	0.80953
2.5038	0.80959
2.505	0.80961
2.5063	0.80965
2.5075	0.80963
2.5087	0.80961
2.5099	0.80969
2.5111	0.80968
2.5123	0.80968
2.5135	0.80969
2.5148	0.80972
2.516	0.80984
2.5172	0.80992
2.5184	0.80999
2.5196	0.81007
2.5209	0.81012
2.5221	0.81008
2.5233	0.81008
2.5246	0.81012
2.5258	0.81016
2.527	0.81016
2.5283	0.81019
2.5295	0.81023
2.5307	0.81024
2.5319	0.81022
2.5332	0.81012
2.5344	0.81008
2.5357	0.81009
2.5369	0.81004
2.5381	0.81007
2.5394	0.81004
2.5406	0.80998
2.5419	0.80990
2.5431	0.80980
2.5444	0.80976
2.5456	0.80971
2.5469	0.80964
2.5481	0.80957
2.5494	0.80952
2.5506	0.80955
2.5519	0.80956
2.5531	0.80945
2.5544	0.80935
2.5557	0.80935
2.5569	0.80931
2.5582	0.80928
2.5594	0.80931
2.5607	0.80937
2.562	0.80928
2.5632	0.80915
2.5645	0.80911
2.5658	0.80905
2.5671	0.80898
2.5683	0.80897
2.5696	0.80891
2.5709	0.80874
2.5721	0.80869
2.5734	0.80868
2.5747	0.80860
2.576	0.80857
2.5773	0.80846
2.5785	0.80837
2.5798	0.80838
2.5811	0.80832
2.5824	0.80822
2.5837	0.80810
2.585	0.80794
2.5863	0.80784
2.5875	0.80768
2.5888	0.80748
2.5901	0.80740
2.5914	0.80728
2.5927	0.80719
2.594	0.80711
2.5953	0.80685
2.5966	0.80638
2.5979	0.80599
2.5992	0.80559
2.6005	0.80523
2.6018	0.80502
2.6031	0.80490
2.6044	0.80493
2.6058	0.80492
2.6071	0.80491
2.6084	0.80503
2.6097	0.80522
2.611	0.80533
2.6123	0.80549
2.6136	0.80580
2.6149	0.80608
2.6163	0.80640
2.6176	0.80666
2.6189	0.80686
2.6202	0.80708
2.6216	0.80719
2.6229	0.80722
2.6242	0.80724
2.6255	0.80726
2.6269	0.80734
2.6282	0.80733
2.6295	0.80740
2.6309	0.80738
2.6322	0.80719
2.6335	0.80703
2.6349	0.80692
2.6362	0.80675
2.6376	0.80655
2.6389	0.80637
2.6402	0.80614
2.6416	0.80583
2.6429	0.80564
2.6443	0.80542
2.6456	0.80509
2.647	0.80472
2.6483	0.80440
2.6497	0.80404
2.651	0.80363
2.6524	0.80324
2.6538	0.80285
2.6551	0.80236
2.6565	0.80179
2.6578	0.80125
2.6592	0.80078
2.6606	0.80023
2.6619	0.79969
2.6633	0.79929
2.6647	0.79896
2.666	0.79849
2.6674	0.79794
2.6688	0.79739
2.6701	0.79693
2.6715	0.79612
2.6729	0.79546
2.6743	0.79480
2.6757	0.79398
2.677	0.79301
2.6784	0.79195
2.6798	0.79067
2.6812	0.78919
2.6826	0.78766
2.684	0.78590
2.6854	0.78374
2.6868	0.78123
2.6881	0.77820
2.6895	0.77464
2.6909	0.77048
2.6923	0.76597
2.6937	0.76106
2.6951	0.75602
2.6965	0.75125
2.6979	0.74676
2.6993	0.74249
2.7008	0.73914
2.7021	0.73735
2.7036	0.73707
2.705	0.73749
2.7064	0.73830
2.7078	0.73922
2.7092	0.73987
2.7106	0.73988
2.7121	0.73906
2.7135	0.73766
2.7149	0.73584
2.7163	0.73335
2.7177	0.73009
2.7192	0.72545
2.7206	0.71954
2.722	0.71573
2.7234	0.71545
2.7249	0.71478
2.7263	0.71261
2.7277	0.70999
2.7292	0.70709
2.7306	0.70363
2.7321	0.69982
2.7335	0.69592
2.7349	0.69225
2.7364	0.68904
2.7378	0.68680
2.7393	0.68513
2.7407	0.68363
2.7422	0.68198
2.7436	0.68020
2.7451	0.67807
2.7465	0.67557
2.748	0.67266
2.7494	0.66940
2.7509	0.66568
2.7524	0.66157
2.7538	0.65714
2.7553	0.65227
2.7567	0.64669
2.7582	0.64102
2.7597	0.63515
2.7611	0.63062
2.7626	0.62932
2.7641	0.63013
2.7656	0.63049
2.767	0.62965
2.7685	0.62766
2.77	0.62483
2.7715	0.62102
2.773	0.61640
2.7744	0.61110
2.7759	0.60525
2.7774	0.59853
2.7789	0.59052
2.7804	0.58056
2.7819	0.56808
2.7834	0.55308
2.7849	0.53715
2.7864	0.52387
2.7879	0.51860
2.7894	0.52205
2.7909	0.52938
2.7924	0.53609
2.7939	0.54034
2.7954	0.54146
2.7969	0.53940
2.7984	0.53433
2.7999	0.52712
2.8014	0.51906
2.8029	0.51216
2.8044	0.50804
2.806	0.50750
2.8075	0.51015
2.809	0.51467
2.8105	0.51966
2.8121	0.52439
2.8136	0.52839
2.8151	0.53170
2.8166	0.53437
2.8182	0.53656
2.8197	0.53825
2.8212	0.53960
2.8228	0.54054
2.8243	0.54119
2.8259	0.54154
2.8274	0.54168
2.8289	0.54159
2.8305	0.54138
2.832	0.54098
2.8336	0.54039
2.8351	0.53964
2.8367	0.53884
2.8382	0.53793
2.8398	0.53694
2.8413	0.53591
2.8429	0.53486
2.8444	0.53372
2.846	0.53245
2.8476	0.53117
2.8491	0.52991
2.8507	0.52857
2.8523	0.52718
2.8538	0.52573
2.8554	0.52432
2.857	0.52287
2.8586	0.52139
2.8601	0.51992
2.8617	0.51845
2.8633	0.51693
2.8649	0.51551
2.8665	0.51413
2.8681	0.51275
2.8696	0.51140
2.8712	0.51014
2.8728	0.50878
2.8744	0.50740
2.876	0.50600
2.8776	0.50457
2.8792	0.50309
2.8808	0.50159
2.8824	0.50000
2.884	0.49841
2.8856	0.49679
2.8872	0.49513
2.8888	0.49341
2.8904	0.49172
2.892	0.48997
2.8936	0.48824
2.8953	0.48648
2.8969	0.48471
2.8985	0.48289
2.9001	0.48107
2.9018	0.47924
2.9034	0.47739
2.905	0.47556
2.9066	0.47369
2.9083	0.47182
2.9099	0.46995
2.9115	0.46804
2.9132	0.46612
2.9148	0.46413
2.9164	0.46212
2.9181	0.45997
2.9197	0.45767
2.9214	0.45517
2.923	0.45256
2.9247	0.44981
2.9263	0.44698
2.928	0.44415
2.9296	0.44146
2.9313	0.43899
2.9329	0.43686
2.9346	0.43503
2.9363	0.43353
2.9379	0.43231
2.9396	0.43135
2.9413	0.43054
2.9429	0.42990
2.9446	0.42930
2.9463	0.42862
2.9479	0.42787
2.9496	0.42725
2.9513	0.42679
2.953	0.42662
2.9547	0.42690
2.9563	0.42776
2.958	0.42910
2.9597	0.43083
2.9614	0.43282
2.9631	0.43490
2.9648	0.43680
2.9665	0.43857
2.9682	0.44022
2.9699	0.44190
2.9716	0.44361
2.9733	0.44532
2.975	0.44710
2.9767	0.44893
2.9784	0.45066
2.9801	0.45242
2.9819	0.45414
2.9836	0.45576
2.9853	0.45724
2.987	0.45872
2.9887	0.46007
2.9904	0.46127
2.9922	0.46233
2.9939	0.46332
2.9956	0.46420
2.9974	0.46499
2.9991	0.46567
3.0008	0.46626
3.0026	0.46679
3.0043	0.46729
3.0061	0.46771
3.0078	0.46809
3.0095	0.46848
3.0113	0.46881
3.013	0.46908
3.0148	0.46936
3.0165	0.46959
3.0183	0.46979
3.0201	0.46990
3.0218	0.47000
3.0236	0.47004
3.0253	0.47003
3.0271	0.47009
3.0289	0.47016
3.0306	0.47018
3.0324	0.47010
3.0342	0.46998
3.036	0.46983
3.0377	0.46960
3.0395	0.46950
3.0413	0.46940
3.0431	0.46923
3.0449	0.46909
3.0467	0.46898
3.0485	0.46892
3.0503	0.46889
3.0521	0.46892
3.0538	0.46905
3.0556	0.46921
3.0574	0.46951
3.0593	0.47002
3.0611	0.47060
3.0629	0.47131
3.0647	0.47214
3.0665	0.47303
3.0683	0.47401
3.0701	0.47506
3.0719	0.47616
3.0738	0.47738
3.0756	0.47867
3.0774	0.47998
3.0792	0.48125
3.0811	0.48265
3.0829	0.48415
3.0847	0.48555
3.0866	0.48696
3.0884	0.48836
3.0902	0.48965
3.0921	0.49081
3.0939	0.49208
3.0958	0.49337
3.0976	0.49460
3.0995	0.49583
3.1013	0.49706
3.1032	0.49823
3.1051	0.49938
3.1069	0.50052
3.1088	0.50160
3.1106	0.50259
3.1125	0.50358
3.1144	0.50459
3.1162	0.50560
3.1181	0.50652
3.12	0.50738
3.1219	0.50826
3.1238	0.50916
3.1256	0.51003
3.1275	0.51083
3.1294	0.51163
3.1313	0.51239
3.1332	0.51309
3.1351	0.51382
3.137	0.51457
3.1389	0.51540
3.1408	0.51621
3.1427	0.51701
3.1446	0.51791
3.1465	0.51884
3.1484	0.51978
3.1503	0.52076
3.1522	0.52170
3.1541	0.52251
3.1561	0.52333
3.158	0.52414
3.1599	0.52482
3.1618	0.52545
3.1638	0.52601
3.1657	0.52655
3.1676	0.52711
3.1696	0.52770
3.1715	0.52823
3.1735	0.52882
3.1754	0.52942
3.1773	0.52985
3.1793	0.53016
3.1812	0.53057
3.1832	0.53127
3.1851	0.53248
3.1871	0.53423
3.1891	0.53624
3.191	0.53834
3.193	0.54048
3.195	0.54260
3.1969	0.54459
3.1989	0.54641
3.2009	0.54808
3.2029	0.54958
3.2048	0.55089
3.2068	0.55213
3.2088	0.55327
3.2108	0.55436
3.2128	0.55542
3.2148	0.55639
3.2168	0.55722
3.2188	0.55807
3.2208	0.55896
3.2228	0.55978
3.2248	0.56052
3.2268	0.56127
3.2288	0.56201
3.2308	0.56269
3.2328	0.56334
3.2348	0.56398
3.2368	0.56464
3.2389	0.56532
3.2409	0.56594
3.2429	0.56651
3.2449	0.56714
3.247	0.56769
3.249	0.56827
3.2511	0.56897
3.2531	0.56963
3.2551	0.57019
3.2572	0.57068
3.2592	0.57109
3.2613	0.57149
3.2633	0.57194
3.2654	0.57239
3.2674	0.57284
3.2695	0.57337
3.2716	0.57394
3.2736	0.57456
3.2757	0.57524
3.2778	0.57595
3.2798	0.57673
3.2819	0.57751
3.284	0.57827
3.2861	0.57899
3.2882	0.57975
3.2902	0.58063
3.2923	0.58149
3.2944	0.58223
3.2965	0.58295
3.2986	0.58374
3.3007	0.58451
3.3028	0.58524
3.3049	0.58603
3.307	0.58685
3.3091	0.58766
3.3113	0.58849
3.3134	0.58927
3.3155	0.58998
3.3176	0.59058
3.3197	0.59117
3.3219	0.59179
3.324	0.59244
3.3261	0.59295
3.3283	0.59338
3.3304	0.59375
3.3325	0.59408
3.3347	0.59436
3.3368	0.59452
3.339	0.59456
3.3411	0.59443
3.3433	0.59421
3.3454	0.59391
3.3476	0.59346
3.3498	0.59289
3.3519	0.59219
3.3541	0.59131
3.3563	0.59027
3.3584	0.58908
3.3606	0.58766
3.3628	0.58595
3.365	0.58391
3.3672	0.58172
3.3694	0.57970
3.3715	0.57807
3.3737	0.57681
3.3759	0.57588
3.3781	0.57552
3.3803	0.57591
3.3825	0.57685
3.3847	0.57796
3.3869	0.57896
3.3892	0.57965
3.3914	0.57979
3.3936	0.57922
3.3958	0.57796
3.3981	0.57611
3.4003	0.57379
3.4025	0.57113
3.4047	0.56829
3.407	0.56541
3.4092	0.56262
3.4115	0.56006
3.4137	0.55800
3.416	0.55686
3.4182	0.55700
3.4205	0.55859
3.4227	0.56141
3.425	0.56505
3.4273	0.56915
3.4295	0.57343
3.4318	0.57769
3.4341	0.58175
3.4363	0.58534
3.4386	0.58832
3.4409	0.59085
3.4432	0.59312
3.4455	0.59527
3.4478	0.59735
3.4501	0.59933
3.4524	0.60124
3.4546	0.60310
3.4569	0.60488
3.4593	0.60648
3.4616	0.60784
3.4639	0.60890
3.4662	0.60960
3.4685	0.60992
3.4708	0.60988
3.4732	0.60972
3.4755	0.60966
3.4778	0.60966
3.4801	0.60976
3.4825	0.61016
3.4848	0.61070
3.4872	0.61102
3.4895	0.61104
3.4919	0.61066
3.4942	0.60969
3.4966	0.60815
3.4989	0.60667
3.5013	0.60614
3.5037	0.60717
3.506	0.60973
3.5084	0.61376
3.5108	0.61913
3.5132	0.62521
3.5155	0.63090
3.5179	0.63562
3.5203	0.63936
3.5227	0.64233
3.5251	0.64486
3.5275	0.64700
3.5299	0.64874
3.5323	0.65028
3.5347	0.65173
3.5371	0.65304
3.5395	0.65422
3.5419	0.65534
3.5444	0.65643
3.5468	0.65749
3.5492	0.65850
3.5517	0.65947
3.5541	0.66045
3.5565	0.66145
3.559	0.66240
3.5614	0.66338
3.5639	0.66431
3.5663	0.66523
3.5688	0.66612
3.5712	0.66698
3.5737	0.66781
3.5761	0.66865
3.5786	0.66948
3.5811	0.67019
3.5836	0.67088
3.586	0.67158
3.5885	0.67232
3.591	0.67305
3.5935	0.67370
3.596	0.67431
3.5985	0.67491
3.601	0.67550
3.6035	0.67597
3.606	0.67653
3.6085	0.67711
3.611	0.67759
3.6135	0.67804
3.6161	0.67848
3.6186	0.67891
3.6211	0.67934
3.6236	0.67973
3.6262	0.68014
3.6287	0.68049
3.6313	0.68084
3.6338	0.68119
3.6363	0.68156
3.6389	0.68193
3.6414	0.68234
3.644	0.68281
3.6466	0.68332
3.6491	0.68389
3.6517	0.68454
3.6543	0.68530
3.6569	0.68616
3.6594	0.68700
3.662	0.68779
3.6646	0.68851
3.6672	0.68921
3.6698	0.68989
3.6724	0.69052
3.675	0.69107
3.6776	0.69153
3.6802	0.69185
3.6828	0.69209
3.6854	0.69230
3.6881	0.69248
3.6907	0.69271
3.6933	0.69308
3.6959	0.69374
3.6986	0.69470
3.7012	0.69569
3.7039	0.69667
3.7065	0.69756
3.7092	0.69826
3.7118	0.69881
3.7145	0.69927
3.7171	0.69965
3.7198	0.70001
3.7225	0.70030
3.7252	0.70053
3.7278	0.70071
3.7305	0.70086
3.7332	0.70094
3.7359	0.70099
3.7386	0.70101
3.7413	0.70103
3.744	0.70104
3.7467	0.70103
3.7494	0.70095
3.7521	0.70087
3.7548	0.70073
3.7576	0.70048
3.7603	0.70015
3.763	0.69972
3.7657	0.69918
3.7685	0.69855
3.7712	0.69780
3.774	0.69693
3.7767	0.69595
3.7795	0.69495
3.7822	0.69392
3.785	0.69298
3.7877	0.69212
3.7905	0.69128
3.7933	0.69064
3.7961	0.69053
3.7988	0.69125
3.8016	0.69267
3.8044	0.69431
3.8072	0.69599
3.81	0.69760
3.8128	0.69910
3.8156	0.70040
3.8184	0.70147
3.8212	0.70232
3.8241	0.70300
3.8269	0.70353
3.8297	0.70396
3.8325	0.70428
3.8354	0.70454
3.8382	0.70473
3.8411	0.70485
3.8439	0.70490
3.8468	0.70484
3.8496	0.70473
3.8525	0.70468
3.8553	0.70456
3.8582	0.70439
3.8611	0.70422
3.8639	0.70410
3.8668	0.70396
3.8697	0.70377
3.8726	0.70349
3.8755	0.70313
3.8784	0.70269
3.8813	0.70220
3.8842	0.70159
3.8871	0.70089
3.89	0.70017
3.893	0.69944
3.8959	0.69861
3.8988	0.69778
3.9017	0.69694
3.9047	0.69612
3.9076	0.69534
3.9106	0.69463
3.9135	0.69396
3.9165	0.69343
3.9194	0.69301
3.9224	0.69268
3.9254	0.69252
3.9284	0.69251
3.9313	0.69259
3.9343	0.69278
3.9373	0.69294
3.9403	0.69306
3.9433	0.69307
3.9463	0.69307
3.9493	0.69302
3.9523	0.69298
3.9553	0.69292
3.9583	0.69289
3.9614	0.69291
3.9644	0.69298
3.9674	0.69314
3.9705	0.69344
3.9735	0.69384
3.9766	0.69423
3.9796	0.69458
3.9826	0.69483
3.9857	0.69500
3.9888	0.69516
3.9919	0.69523
3.9949	0.69522
3.998	0.69508
4.0011	0.69486
4.0042	0.69455
4.0073	0.69416
4.0104	0.69374
4.0135	0.69327
4.0166	0.69279
4.0197	0.69228
4.0228	0.69171
4.0259	0.69121
4.0291	0.69065
4.0322	0.69007
4.0353	0.68946
4.0385	0.68887
4.0416	0.68816
4.0448	0.68748
4.0479	0.68681
4.0511	0.68605
4.0543	0.68519
4.0574	0.68429
4.0606	0.68330
4.0638	0.68223
4.067	0.68111
4.0702	0.67993
4.0734	0.67866
4.0766	0.67737
4.0798	0.67602
4.083	0.67467
4.0862	0.67327
4.0894	0.67184
4.0927	0.67041
4.0959	0.66898
4.0991	0.66745
4.1024	0.66589
4.1056	0.66426
4.1089	0.66256
4.1121	0.66078
4.1154	0.65894
4.1187	0.65693
4.122	0.65481
4.1252	0.65252
4.1285	0.65006
4.1318	0.64741
4.1351	0.64459
4.1384	0.64147
4.1417	0.63807
4.145	0.63433
4.1483	0.63005
4.1516	0.62504
4.155	0.61892
4.1583	0.61104
4.1616	0.60053
4.165	0.58674
4.1683	0.57068
4.1717	0.55455
4.175	0.53975
4.1784	0.52672
4.1818	0.51563
4.1852	0.50645
4.1885	0.49915
4.1919	0.49325
4.1953	0.48813
4.1987	0.48363
4.2021	0.48065
4.2055	0.48010
4.2089	0.48179
4.2124	0.48473
4.2158	0.48785
4.2192	0.48998
4.2226	0.49032
4.2261	0.48890
4.2295	0.48609
4.233	0.48205
4.2365	0.47699
4.2399	0.47076
4.2434	0.46286
4.2469	0.45265
4.2503	0.43999
4.2538	0.42599
4.2573	0.41270
4.2608	0.40158
4.2643	0.39265
4.2678	0.38531
4.2713	0.37908
4.2749	0.37380
4.2784	0.36966
4.2819	0.36696
4.2855	0.36579
4.289	0.36581
4.2926	0.36661
4.2961	0.36779
4.2997	0.36891
4.3033	0.36964
4.3068	0.36974
4.3104	0.36920
4.314	0.36815
4.3176	0.36652
4.3212	0.36405
4.3248	0.36057
4.3284	0.35581
4.332	0.34954
4.3356	0.34185
4.3393	0.33338
4.3429	0.32614
4.3465	0.32240
4.3502	0.32211
4.3538	0.32378
4.3575	0.32627
4.3611	0.32869
4.3648	0.33053
4.3685	0.33174
4.3722	0.33261
4.3759	0.33367
4.3796	0.33583
4.3833	0.33974
4.387	0.34457
4.3907	0.34865
4.3944	0.35089
4.3981	0.35073
4.4019	0.34814
4.4056	0.34355
4.4094	0.33762
4.4131	0.33087
4.4169	0.32362
4.4206	0.31602
4.4244	0.30801
4.4282	0.29942
4.432	0.28998
4.4358	0.27949
4.4396	0.26838
4.4434	0.25846
4.4472	0.25178
4.451	0.24779
4.4548	0.24423
4.4586	0.24054
4.4625	0.23770
4.4663	0.23600
4.4702	0.23490
4.474	0.23472
4.4779	0.23662
4.4818	0.24112
4.4856	0.24763
4.4895	0.25499
4.4934	0.26166
4.4973	0.26710
4.5012	0.27174
4.5051	0.27622
4.509	0.28070
4.513	0.28502
4.5169	0.28905
4.5209	0.29278
4.5248	0.29618
4.5287	0.29935
4.5327	0.30240
4.5367	0.30556
4.5406	0.30912
4.5446	0.31320
4.5486	0.31750
4.5526	0.32166
4.5566	0.32532
4.5606	0.32833
4.5646	0.33048
4.5686	0.33150
4.5727	0.33100
4.5767	0.32818
4.5808	0.32209
4.5848	0.31265
4.5889	0.30154
4.5929	0.29105
4.597	0.28179
4.6011	0.27328
4.6052	0.26561
4.6093	0.25929
4.6134	0.25420
4.6175	0.24981
4.6216	0.24590
4.6257	0.24214
4.6298	0.23736
4.634	0.23008
4.6381	0.21974
4.6423	0.20698
4.6464	0.19315
4.6506	0.17986
4.6548	0.16801
4.659	0.15798
4.6631	0.15066
4.6673	0.14700
4.6715	0.14616
4.6758	0.14601
4.68	0.14466
4.6842	0.14150
4.6884	0.13763
4.6927	0.13598
4.6969	0.14039
4.7012	0.15326
4.7055	0.17402
4.7097	0.20105
4.714	0.23274
4.7183	0.26708
4.7226	0.30256
4.7269	0.33929
4.7312	0.37702
4.7355	0.41288
4.7399	0.44354
4.7442	0.46806
4.7485	0.48738
4.7529	0.50282
4.7573	0.51576
4.7616	0.52713
4.766	0.53700
4.7704	0.54545
4.7748	0.55402
4.7792	0.56337
4.7836	0.57230
4.788	0.57989
4.7924	0.58621
4.7969	0.59158
4.8013	0.59644
4.8058	0.60081
4.8102	0.60471
4.8147	0.60812
4.8191	0.61118
4.8236	0.61394
4.8281	0.61651
4.8326	0.61885
4.8371	0.62101
4.8416	0.62294
4.8462	0.62477
4.8507	0.62637
4.8553	0.62784
4.8598	0.62916
4.8644	0.63035
4.8689	0.63147
4.8735	0.63248
4.8781	0.63329
4.8827	0.63401
4.8873	0.63444
4.8919	0.63444
4.8965	0.63372
4.9011	0.63213
4.9058	0.62900
4.9104	0.62288
4.9151	0.61186
4.9197	0.59694
4.9244	0.58565
4.9291	0.58800
4.9338	0.60157
4.9385	0.61577
4.9432	0.62600
4.9479	0.63289
4.9526	0.63757
4.9574	0.64090
4.9621	0.64331
4.9669	0.64520
4.9716	0.64677
4.9764	0.64812
4.9812	0.64919
4.986	0.65013
4.9908	0.65088
4.9956	0.65141
5.0004	0.65158
5.0052	0.65147
5.01	0.65137
5.0149	0.65192
5.0198	0.65308
5.0246	0.65429
5.0295	0.65521
5.0344	0.65593
5.0393	0.65640
5.0442	0.65683
5.0491	0.65710
5.054	0.65731
5.0589	0.65744
5.0639	0.65762
5.0688	0.65784
5.0738	0.65821
5.0788	0.65862
5.0837	0.65921
5.0887	0.65986
5.0937	0.66068
5.0987	0.66153
5.1037	0.66246
5.1088	0.66333
5.1138	0.66420
5.1189	0.66496
5.1239	0.66571
5.129	0.66628
5.1341	0.66675
5.1391	0.66713
5.1443	0.66743
5.1494	0.66749
5.1545	0.66753
5.1596	0.66742
5.1647	0.66725
5.1699	0.66695
5.175	0.66663
5.1802	0.66617
5.1854	0.66569
5.1906	0.66509
5.1958	0.66449
5.201	0.66377
5.2062	0.66302
5.2115	0.66203
5.2167	0.66081
5.222	0.65933
5.2272	0.65788
5.2325	0.65643
5.2378	0.65513
5.2431	0.65385
5.2484	0.65273
5.2537	0.65158
5.259	0.65061
5.2644	0.64970
5.2697	0.64890
5.2751	0.64812
5.2805	0.64747
5.2858	0.64677
5.2912	0.64616
5.2966	0.64545
5.302	0.64486
5.3075	0.64427
5.3129	0.64368
5.3184	0.64301
5.3238	0.64245
5.3293	0.64178
5.3348	0.64116
5.3403	0.64043
5.3458	0.63974
5.3513	0.63890
5.3568	0.63798
5.3624	0.63694
5.3679	0.63590
5.3735	0.63463
5.379	0.63326
5.3846	0.63164
5.3902	0.62987
5.3958	0.62775
5.4015	0.62534
5.4071	0.62252
5.4127	0.61950
5.4184	0.61624
5.4241	0.61285
5.4297	0.60930
5.4354	0.60578
5.4411	0.60224
5.4469	0.59918
5.4526	0.59665
5.4583	0.59468
5.4641	0.59286
5.4698	0.59124
5.4756	0.58967
5.4814	0.58820
5.4872	0.58682
5.493	0.58557
5.4988	0.58412
5.5047	0.58244
5.5105	0.58030
5.5164	0.57808
5.5223	0.57603
5.5281	0.57456
5.534	0.57356
5.54	0.57282
5.5459	0.57168
5.5518	0.57031
5.5578	0.56911
5.5637	0.56862
5.5697	0.56842
5.5757	0.56848
5.5817	0.56912
5.5877	0.57098
5.5937	0.57361
5.5998	0.57642
5.6058	0.57870
5.6119	0.58040
5.618	0.58136
5.6241	0.58203
5.6302	0.58299
5.6363	0.58431
5.6424	0.58461
5.6486	0.58342
5.6547	0.58051
5.6609	0.57583
5.6671	0.56975
5.6733	0.56336
5.6795	0.55686
5.6857	0.55103
5.692	0.54560
5.6982	0.54056
5.7045	0.53614
5.7108	0.53270
5.7171	0.52978
5.7234	0.52711
5.7297	0.52418
5.736	0.52108
5.7424	0.51727
5.7488	0.51269
5.7551	0.50730
5.7615	0.50148
5.768	0.49383
5.7744	0.48606
5.7808	0.48096
5.7873	0.47996
5.7937	0.48262
5.8002	0.48755
5.8067	0.49289
5.8132	0.49793
5.8198	0.50151
5.8263	0.50261
5.8328	0.50143
5.8394	0.49928
5.846	0.49530
5.8526	0.48960
5.8592	0.48211
5.8658	0.47322
5.8725	0.46351
5.8791	0.45359
5.8858	0.44280
5.8925	0.43354
5.8992	0.42610
5.9059	0.42349
5.9126	0.42663
5.9194	0.43277
5.9262	0.43820
5.9329	0.44118
5.9397	0.44158
5.9465	0.44001
5.9534	0.43724
5.9602	0.43343
5.9671	0.42845
5.974	0.42211
5.9808	0.41543
5.9878	0.40898
5.9947	0.40314
6.0016	0.39855
6.0086	0.39494
6.0155	0.39203
6.0225	0.38947
6.0295	0.38715
6.0365	0.38475
6.0436	0.38236
6.0506	0.37909
6.0577	0.37493
6.0648	0.37046
6.0719	0.36506
6.079	0.35815
6.0861	0.34980
6.0933	0.33940
6.1005	0.32702
6.1076	0.31303
6.1149	0.29712
6.1221	0.28087
6.1293	0.26712
6.1365	0.25660
6.1438	0.24989
6.1511	0.24444
6.1584	0.23818
6.1657	0.23570
6.1731	0.24473
6.1804	0.26321
6.1878	0.28659
6.1952	0.30933
6.2026	0.33025
6.21	0.34898
6.2175	0.36484
6.225	0.37759
6.2324	0.38778
6.2399	0.39592
6.2475	0.40277
6.255	0.40891
6.2625	0.41498
6.2701	0.42038
6.2777	0.42463
6.2853	0.42739
6.2929	0.42850
6.3006	0.42710
6.3083	0.42268
6.3159	0.41539
6.3236	0.40820
6.3314	0.40406
6.3391	0.40304
6.3469	0.40273
6.3546	0.40189
6.3624	0.40052
6.3703	0.39871
6.3781	0.39623
6.3859	0.39326
6.3938	0.38937
6.4017	0.38471
6.4096	0.37862
6.4176	0.37010
6.4255	0.35988
6.4335	0.34891
6.4415	0.33835
6.4495	0.33098
6.4575	0.32699
6.4656	0.32580
6.4736	0.32565
6.4817	0.32561
6.4898	0.32614
6.498	0.32968
6.5061	0.33621
6.5143	0.34364
6.5225	0.35076
6.5307	0.35820
6.5389	0.36612
6.5472	0.37340
6.5555	0.37932
6.5638	0.38438
6.5721	0.38916
6.5804	0.39337
6.5888	0.39681
6.5972	0.39991
6.6056	0.40278
6.614	0.40529
6.6225	0.40684
6.6309	0.40771
6.6394	0.40781
6.6479	0.40714
6.6565	0.40615
6.665	0.40488
6.6736	0.40328
6.6822	0.40154
6.6908	0.39959
6.6995	0.39776
6.7081	0.39584
6.7168	0.39370
6.7255	0.39135
6.7343	0.38880
6.743	0.38600
6.7518	0.38303
6.7606	0.37964
6.7694	0.37595
6.7783	0.37185
6.7871	0.36741
6.796	0.36248
6.805	0.35778
6.8139	0.35343
6.8229	0.34934
6.8319	0.34502
6.8409	0.34060
6.8499	0.33601
6.859	0.33125
6.868	0.32586
6.8772	0.32055
6.8863	0.31529
6.8955	0.30985
6.9046	0.30410
6.9138	0.29844
6.9231	0.29300
6.9323	0.28773
6.9416	0.28229
6.9509	0.27692
6.9602	0.27118
6.9696	0.26522
6.979	0.25915
6.9884	0.25298
6.9978	0.24653
7.0073	0.24037
7.0168	0.23469
7.0263	0.22966
7.0358	0.22509
7.0454	0.22094
7.0549	0.21680
7.0645	0.21315
7.0742	0.20958
7.0839	0.20622
7.0935	0.20279
7.1033	0.19938
7.113	0.19568
7.1228	0.19178
7.1326	0.18745
7.1424	0.18302
7.1522	0.17827
7.1621	0.17373
7.172	0.16929
7.182	0.16530
7.1919	0.16166
7.2019	0.15825
7.2119	0.15447
7.222	0.15040
7.232	0.14570
7.2421	0.14078
7.2523	0.13573
7.2624	0.13100
7.2726	0.12632
7.2828	0.12173
7.2931	0.11710
7.3033	0.11275
7.3136	0.10853
7.324	0.10478
7.3343	0.10109
7.3447	0.09747
7.3551	0.09355
7.3656	0.08947
7.3761	0.08507
7.3866	0.08081
7.3971	0.07660
7.4077	0.07278
7.4183	0.06911
7.4289	0.06583
7.4396	0.06262
7.4503	0.05977
7.461	0.05692
7.4717	0.05418
7.4825	0.05137
7.4933	0.04879
7.5042	0.04625
7.515	0.04406
7.5259	0.04188
7.5369	0.03969
7.5479	0.03727
7.5589	0.03500
7.5699	0.03267
7.581	0.03057
7.592	0.02861
7.6032	0.02713
7.6144	0.02580
7.6255	0.02462
7.6368	0.02315
7.648	0.02159
7.6593	0.01989
7.6707	0.01841
7.682	0.01682
7.6934	0.01545
7.7049	0.01428
7.7163	0.01358
7.7278	0.01319
7.7394	0.01330
7.7509	0.01352
7.7625	0.01408
7.7742	0.01478
7.7858	0.01596
7.7975	0.01766
7.8093	0.02021
7.8211	0.02333
7.8329	0.02709
7.8447	0.03125
7.8566	0.03592
7.8685	0.04107
7.8805	0.04710
7.8925	0.05401
7.9045	0.06192
7.9166	0.07022
7.9287	0.07847
7.9408	0.08622
7.953	0.09379
7.9652	0.10111
7.9775	0.10815
7.9898	0.11456
8.0021	0.12062
8.0145	0.12723
8.0269	0.13656
8.0393	0.14917
8.0518	0.16322
8.0643	0.17574
8.0769	0.18535
8.0895	0.19205
8.1021	0.19630
8.1148	0.19876
8.1275	0.20034
8.1403	0.20137
8.1531	0.20191
8.1659	0.20180
8.1788	0.20115
8.1917	0.19985
8.2047	0.19861
8.2177	0.19996
8.2307	0.20450
8.2438	0.20845
8.2569	0.20882
8.2701	0.20622
8.2833	0.20339
8.2966	0.20096
8.3099	0.19731
8.3232	0.19152
8.3366	0.18526
8.35	0.17973
8.3635	0.17492
8.377	0.17089
8.3905	0.16795
8.4042	0.16568
8.4178	0.16393
8.4315	0.16266
8.4452	0.16184
8.459	0.16102
8.4728	0.16012
8.4867	0.15903
8.5006	0.15808
8.5145	0.15732
8.5285	0.15687
8.5426	0.15660
8.5567	0.15648
8.5708	0.15638
8.585	0.15639
8.5993	0.15647
8.6135	0.15683
8.6279	0.15750
8.6423	0.15863
8.6567	0.15991
8.6712	0.16091
8.6857	0.16058
8.7003	0.15779
8.7149	0.15292
8.7295	0.14828
8.7443	0.14461
8.759	0.14169
8.7739	0.13915
8.7887	0.13710
8.8037	0.13537
8.8186	0.13405
8.8337	0.13277
8.8487	0.13108
8.8638	0.12854
8.879	0.12529
8.8943	0.12191
8.9095	0.11920
8.9249	0.11709
8.9403	0.11549
8.9557	0.11378
8.9712	0.11211
8.9868	0.11094
9.0023	0.11032
9.018	0.10953
9.0337	0.10873
9.0495	0.10820
9.0653	0.10821
9.0812	0.10826
9.0971	0.10807
9.1131	0.10688
9.1291	0.10447
9.1452	0.10260
9.1614	0.10273
9.1776	0.10454
9.1939	0.10780
9.2102	0.11160
9.2266	0.11583
9.243	0.12043
9.2595	0.12521
9.2761	0.12968
9.2927	0.13436
9.3094	0.13951
9.3262	0.14465
9.343	0.14928
9.3598	0.15357
9.3768	0.15745
9.3938	0.16099
9.4108	0.16411
9.4279	0.16681
9.4451	0.16899
9.4623	0.17079
9.4796	0.17188
9.497	0.17241
9.5144	0.17258
9.5319	0.17282
9.5494	0.17320
9.567	0.17350
9.5847	0.17342
9.6025	0.17350
9.6203	0.17408
9.6382	0.17516
9.6561	0.17623
9.6742	0.17697
9.6922	0.17732
9.7104	0.17772
9.7286	0.17841
9.7469	0.17907
9.7652	0.17867
9.7837	0.17663
9.8022	0.17299
9.8207	0.16393
9.8394	0.14358
9.8581	0.12626
9.8768	0.13638
9.8957	0.16110
9.9146	0.17863
9.9336	0.18871
9.9527	0.19442
9.9718	0.19554
9.991	0.19119
10.0103	0.18932
10.0297	0.19626
10.0491	0.20409
10.0686	0.20871
10.0882	0.21199
10.1079	0.21493
10.1276	0.21762
10.1475	0.21981
10.1673	0.22128
10.1873	0.22213
10.2074	0.22280
10.2275	0.22344
10.2477	0.22420
10.268	0.22548
10.2884	0.22765
10.3088	0.23037
10.3294	0.23311
10.35	0.23544
10.3707	0.23755
10.3915	0.23942
10.4123	0.24079
10.4333	0.24169
10.4543	0.24250
10.4754	0.24340
10.4967	0.24450
10.5179	0.24562
10.5393	0.24727
10.5608	0.24969
10.5823	0.25232
10.604	0.25494
10.6257	0.25820
10.6475	0.26211
10.6694	0.26591
10.6914	0.26904
10.7135	0.27114
10.7357	0.27184
10.758	0.27140
10.7803	0.27026
10.8028	0.26879
10.8254	0.26711
10.848	0.26536
10.8708	0.26342
10.8936	0.26133
10.9165	0.25893
10.9395	0.25647
10.9627	0.25441
10.9859	0.25301
11.0092	0.25220
11.0327	0.25188
11.0562	0.25191
11.0798	0.25176
11.1035	0.25058
11.1274	0.24781
11.1513	0.24408
11.1753	0.24110
11.1995	0.24003
11.2237	0.24073
11.248	0.24215
11.2725	0.24383
11.297	0.24592
11.3217	0.24869
11.3465	0.25183
11.3714	0.25491
11.3964	0.25819
11.4215	0.26211
11.4467	0.26594
11.472	0.26924
11.4974	0.27212
11.523	0.27518
11.5487	0.27788
11.5745	0.27936
11.6003	0.27964
11.6263	0.27907
11.6525	0.27765
11.6787	0.27498
11.7051	0.27185
11.7316	0.26895
11.7582	0.26617
11.7849	0.26368
11.8117	0.26170
11.8387	0.26082
11.8658	0.26213
11.893	0.26579
11.9203	0.27065
11.9478	0.27570
11.9754	0.28093
12.0031	0.28533
12.031	0.28737
12.059	0.28755
12.0871	0.28758
12.1153	0.28881
12.1437	0.29156
12.1722	0.29526
12.2008	0.29890
12.2296	0.30163
12.2585	0.30357
12.2876	0.30520
12.3168	0.30615
12.3461	0.30589
12.3755	0.30513
12.4052	0.30510
12.4349	0.30448
12.4648	0.30297
12.4948	0.30202
12.525	0.30199
12.5553	0.30194
12.5858	0.30002
12.6164	0.29489
12.6472	0.28663
12.6781	0.27705
12.7092	0.26956
12.7404	0.26564
12.7718	0.26427
12.8033	0.26345
12.835	0.26120
12.8669	0.25579
12.8989	0.24711
12.9311	0.23819
12.9634	0.23341
12.9959	0.23292
13.0285	0.23337
13.0613	0.23261
13.0943	0.23006
13.1275	0.22548
13.1608	0.21983
13.1943	0.21417
13.228	0.20865
13.2618	0.20278
13.2958	0.19626
13.33	0.19004
13.3643	0.18596
13.3988	0.18334
13.4336	0.18083
13.4685	0.17834
13.5035	0.17680
13.5388	0.17579
13.5742	0.17486
13.6099	0.17367
13.6457	0.17159
13.6817	0.16807
13.7179	0.16350
13.7543	0.15934
13.7909	0.15624
13.8276	0.15284
13.8646	0.14793
13.9018	0.14208
13.9392	0.13603
13.9767	0.13053
14.0145	0.12638
14.0525	0.12393
14.0907	0.12400
14.129	0.12744
14.1677	0.13438
14.2065	0.14437
14.2455	0.15703
14.2847	0.17230
14.3242	0.18754
14.3639	0.19443
14.4038	0.18732
14.4439	0.17351
14.4843	0.16014
14.5248	0.14823
14.5656	0.13768
14.6067	0.12842
14.6479	0.12088
14.6894	0.11516
14.7312	0.11089
14.7731	0.10735
14.8153	0.10369
14.8578	0.10014
14.9005	0.09637
14.9434	0.09285
14.9866	0.09380
15.03	0.09984
15.0737	0.10915
15.1177	0.12079
15.1619	0.13355
15.2063	0.14534
15.2511	0.15458
15.2961	0.16064
15.3413	0.16334
15.3868	0.16360
15.4326	0.16321
15.4787	0.16219
15.525	0.16102
15.5717	0.15916
15.6186	0.15596
15.6658	0.15233
15.7132	0.14921
15.761	0.14608
15.809	0.14333
15.8574	0.14164
15.906	0.14229
15.955	0.14433
16.0042	0.14030
16.0538	0.12620
16.1036	0.11205
16.1538	0.10290
16.2043	0.09727
16.2551	0.09427
16.3062	0.09338
16.3576	0.09400
16.4094	0.09558
16.4615	0.09864
16.5139	0.10502
16.5667	0.11152
16.6198	0.11260
16.6732	0.10938
16.727	0.10619
16.7811	0.10591
16.8356	0.10811
16.8905	0.10983
16.9457	0.11694
17.0012	0.13809
17.0572	0.16794
17.1135	0.19885
17.1701	0.22737
17.2272	0.25027
17.2846	0.26687
17.3424	0.27868
17.4006	0.28706
17.4592	0.29370
17.5182	0.29877
17.5776	0.30215
17.6373	0.30411
17.6975	0.30496
17.7581	0.30517
17.8192	0.30524
17.8806	0.30499
17.9425	0.30395
18.0048	0.30214
18.0675	0.30004
18.1307	0.29754
18.1943	0.29474
18.2584	0.29146
18.3229	0.28722
18.3879	0.28225
18.4533	0.27689
18.5192	0.27170
18.5856	0.26709
18.6524	0.26271
18.7198	0.25856
18.7876	0.25434
18.8559	0.24921
18.9248	0.24288
18.9941	0.23467
19.0639	0.22476
19.1343	0.21348
19.2051	0.19939
19.2765	0.18074
19.3485	0.15574
19.4209	0.12551
19.4939	0.10201
19.5675	0.09975
19.6416	0.11665
19.7163	0.13846
19.7915	0.15482
19.8674	0.16492
19.9438	0.17079
20.0208	0.17399
20.0984	0.17578
20.1766	0.17659
20.2554	0.17584
20.3349	0.17375
20.4149	0.17027
20.4956	0.16628
20.5769	0.16239
20.6589	0.15913
20.7415	0.15668
20.8248	0.15416
20.9088	0.15121
20.9934	0.14775
21.0788	0.14398
21.1648	0.14053
21.2516	0.13750
21.3391	0.13455
21.4272	0.13175
21.5161	0.12907
21.6058	0.12603
21.6962	0.12297
21.7873	0.12005
21.8793	0.11683
21.972	0.11314
22.0655	0.10937
22.1598	0.10562
22.2549	0.10189
22.3508	0.09836
22.4475	0.09503
22.5451	0.09192
22.6436	0.08914
22.7429	0.08665
22.8431	0.08442
22.9442	0.08190
23.0461	0.07921
23.149	0.07574
23.2528	0.07194
23.3576	0.06827
23.4633	0.06461
23.5699	0.06150
23.6776	0.05884
23.7862	0.05635
23.8958	0.05398
24.0064	0.05178
24.118	0.04948
24.2307	0.04739
24.3445	0.04511
24.4593	0.04255
24.5753	0.04049
24.6923	0.03857
24.8104	0.03700
24.9297	0.03546
25.0502	0.03382
25.1718	0.03201
25.2946	0.03028
25.4186	0.02850
25.5438	0.02687
25.6702	0.02553
25.7979	0.02439
25.9269	0.02305
26.0572	0.02245
26.1888	0.02172
26.3217	0.02079
26.456	0.02015
26.5917	0.01993
26.7288	0.01980
26.8672	0.01951
27.0072	0.01894
27.1486	0.01893
27.2915	0.01877
27.4359	0.01890
27.5818	0.01960
27.7293	0.02060
27.8784	0.02204
28.0291	0.02386
28.1814	0.02583
28.3354	0.02875
28.4911	0.03256
28.6485	0.03665
28.8077	0.04049
28.9686	0.04393
29.1313	0.04784
29.2959	0.05217
29.4624	0.05644
29.6307	0.06032
29.801	0.06370
29.9733	0.06766
30.1476	0.07150
30.3239	0.07528
30.5023	0.07952
30.6828	0.08327
30.8654	0.08602
31.0502	0.08848
31.2372	0.09054
31.4265	0.09218
31.6182	0.09330
31.8121	0.09485
32.0085	0.09718
32.2073	0.09988
32.4086	0.10219
32.6125	0.10379
32.8189	0.10498
33.0279	0.10669
33.2396	0.10783
33.4541	0.10912
33.6713	0.11039
33.8914	0.11141
34.1143	0.11223
34.3403	0.11410
34.5692	0.11577
34.8012	0.11697
35.0363	0.11750
35.2747	0.11818
35.5163	0.12000
35.7613	0.12198
36.0096	0.12304
36.2614	0.12331
36.5168	0.12432
36.7758	0.12579
37.0385	0.12624
37.3049	0.12562
37.5752	0.12534
37.8495	0.12494
38.1278	0.12428
38.4102	0.12457
38.6968	0.12471
38.9878	0.12486
39.2832	0.12509
39.5831	0.12520
39.8876	0.12433
40.1968	0.12395
40.5108	0.12344
40.8298	0.12278
41.1539	0.12237
41.4831	0.12286
41.8176	0.12286
42.1575	0.12365
42.5031	0.12379
42.8544	0.12259
43.2115	0.11884
43.5746	0.11444
43.9439	0.10919
44.3196	0.10455
44.7016	0.10071
45.0903	0.09848
45.4859	0.09721
45.8884	0.09540
46.2981	0.09476
46.7152	0.09454
47.1398	0.09553
47.5723	0.09753
48.0128	0.09840
48.4615	0.09755
48.9187	0.09422
49.3846	0.09056
49.8594	0.08779
