Brown University Keck/NASA Relab Spectrum AS-KDH-009/BKR1AS009
Wavelength(micron)	Reflectance	Standard Deviation
0.3	.225384	.003139
0.31	.255939	.003607
0.32	.300241	.003274
0.33	.353643	.005657
0.34	.416947	.003355
0.35	.472016	.003707
0.36	.527259	.004061
0.37	.563400	.009166
0.38	.592291	.004102
0.39	.614614	.004154
0.4	.632994	.004487
0.41	.654645	.007691
0.42	.670922	.004642
0.43	.677157	.006320
0.44	.687828	.004452
0.45	.687949	.004917
0.46	.700850	.004696
0.47	.710299	.005111
0.48	.727749	.004711
0.49	.731312	.005807
0.5	.747043	.004890
0.51	.762121	.006519
0.52	.769781	.004936
0.53	.776153	.005313
0.54	.785860	.005020
0.55	.792228	.005246
0.56	.796008	.005037
0.57	.796445	.004816
0.58	.795511	.005088
0.59	.793431	.005178
0.6	.790283	.005126
0.61	.785860	.004835
0.62	.780083	.004801
0.63	.775616	.004699
0.64	.774109	.004854
0.65	.776614	.004931
0.66	.778942	.004739
0.67	.779875	.004717
0.68	.780138	.004779
0.69	.775288	.004688
0.7	.769018	.004754
0.71	.761656	.004541
0.72	.751702	.004817
0.73	.743513	.005454
0.74	.730715	.004631
0.75	.719955	.004891
0.76	.705397	.004258
0.77	.693486	.004682
0.78	.679607	.004354
0.79	.669349	.005529
0.8	.656647	.004474
0.81	.647796	.004995
0.82	.637861	.004014
0.83	.629777	.004375
0.84	.622614	.003912
0.85	.616983	.003867
0.86	.612093	.003774
0.87	.606791	.004806
0.88	.601604	.003346
0.89	.594076	.005809
0.9	.588916	.003075
0.91	.580363	.003276
0.92	.572795	.003260
0.93	.562736	.003744
0.94	.551360	.003066
0.95	.539812	.003504
0.96	.526606	.003131
0.97	.513071	.004528
0.98	.501463	.002804
0.99	.489105	.003676
1	.478804	.002616
1.01	.470275	.002968
1.02	.463175	.002735
1.03	.457019	.003298
1.04	.453431	.002833
1.05	.450918	.003057
1.06	.451644	.002509
1.07	.453424	.002847
1.08	.458246	.003040
1.09	.463468	.003407
1.1	.471328	.002652
1.11	.477561	.003204
1.12	.486366	.002634
1.13	.492300	.003109
1.14	.500168	.002810
1.15	.505258	.002855
1.16	.511359	.002751
1.17	.516918	.003552
1.18	.520173	.003648
1.19	.523436	.003428
1.2	.527371	.003298
1.21	.530547	.003267
1.22	.534405	.003404
1.23	.537692	.003272
1.24	.541734	.003125
1.25	.544877	.003426
1.26	.549799	.003174
1.27	.553989	.003389
1.28	.559779	.003341
1.29	.565095	.003418
1.3	.571592	.003395
1.31	.577946	.003512
1.32	.585639	.003332
1.33	.592653	.003723
1.34	.600526	.003238
1.35	.609312	.003350
1.36	.618330	.003661
1.37	.624545	.004209
1.38	.636109	.003735
1.39	.643459	.005066
1.4	.652721	.003953
1.41	.660758	.004148
1.42	.671842	.003714
1.43	.682169	.003424
1.44	.692115	.003670
1.45	.701199	.003559
1.46	.710663	.003685
1.47	.720121	.003843
1.48	.729593	.003764
1.49	.738157	.003920
1.5	.746783	.003926
1.51	.754852	.004079
1.52	.763891	.003925
1.53	.772192	.004200
1.54	.779368	.004078
1.55	.786265	.003900
1.56	.793871	.004197
1.57	.800224	.004258
1.58	.806387	.004528
1.59	.811950	.004321
1.6	.817614	.004459
1.61	.822418	.004408
1.62	.826533	.004484
1.63	.830608	.004387
1.64	.835151	.004515
1.65	.838972	.004515
1.66	.843236	.004891
1.67	.846844	.004473
1.68	.850257	.004687
1.69	.852716	.004604
1.7	.854431	.004828
1.71	.856178	.004723
1.72	.857758	.004548
1.73	.858102	.004513
1.74	.858507	.004604
1.75	.859649	.004510
1.76	.860498	.004867
1.77	.861374	.004805
1.78	.862307	.004632
1.79	.863203	.004746
1.8	.863596	.004735
1.81	.865065	.004925
1.82	.865227	.004958
1.83	.866731	.004961
1.84	.865139	.004917
1.85	.866440	.005617
1.86	.867278	.005580
1.87	.865854	.005550
1.88	.868651	.005395
1.89	.867070	.005469
1.9	.864840	.004924
1.91	.865532	.005114
1.92	.864653	.005123
1.93	.863988	.005862
1.94	.864606	.004880
1.95	.865520	.005202
1.96	.866356	.004695
1.97	.866868	.004598
1.98	.867373	.004793
1.99	.867975	.004594
2	.869298	.004557
2.01	.869131	.004553
2.02	.868932	.004674
2.03	.869703	.004457
2.04	.869586	.004610
2.05	.870898	.004500
2.06	.870321	.004441
2.07	.870934	.004622
2.08	.870722	.004260
2.09	.871350	.004461
2.1	.871433	.004574
2.11	.871906	.004389
2.12	.871700	.004436
2.13	.872481	.004471
2.14	.872068	.004490
2.15	.871806	.004631
2.16	.871937	.004506
2.17	.872426	.004526
2.18	.872592	.004242
2.19	.873355	.005372
2.2	.872987	.004130
2.21	.873468	.005513
2.22	.872558	.004320
2.23	.872576	.004180
2.24	.872616	.004420
2.25	.871689	.004434
2.26	.871572	.004353
2.27	.872474	.004513
2.28	.871933	.004325
2.29	.872065	.004383
2.3	.871261	.004204
2.31	.871119	.004335
2.32	.872894	.004365
2.33	.872828	.004302
2.34	.872762	.004360
2.35	.872124	.004216
2.36	.871722	.004425
2.37	.871233	.004304
2.38	.870367	.004447
2.39	.869878	.004437
2.4	.869588	.004380
2.41	.868983	.004285
2.42	.868328	.004271
2.43	.868230	.004112
2.44	.867320	.004293
2.45	.867984	.004113
2.46	.867768	.004282
2.47	.868169	.004235
2.48	.867956	.004185
2.49	.868322	.004295
2.5	.868846	.004457
2.5002	.868845	.000000
2.50141	.868824	.000000
2.50262	.868811	.000000
2.50383	.868783	.000000
2.50503	.868707	.000000
2.50625	.868713	.000000
2.50746	.868707	.000000
2.50867	.868683	.000000
2.50989	.868679	.000000
2.5111	.868615	.000000
2.51232	.868617	.000000
2.51353	.868651	.000000
2.51475	.868634	.000000
2.51597	.868615	.000000
2.51719	.868619	.000000
2.51842	.868669	.000000
2.51964	.868641	.000000
2.52087	.868583	.000000
2.52209	.868590	.000000
2.52332	.868566	.000000
2.52455	.868477	.000000
2.52578	.868407	.000000
2.52701	.868418	.000000
2.52824	.868460	.000000
2.52947	.868484	.000000
2.53071	.868451	.000000
2.53194	.868349	.000000
2.53318	.868296	.000000
2.53442	.868352	.000000
2.53566	.868366	.000000
2.5369	.868371	.000000
2.53814	.868400	.000000
2.53938	.868443	.000000
2.54063	.868409	.000000
2.54187	.868339	.000000
2.54312	.868315	.000000
2.54437	.868233	.000000
2.54562	.868201	.000000
2.54687	.868199	.000000
2.54812	.868171	.000000
2.54937	.868209	.000000
2.55063	.868203	.000000
2.55188	.868098	.000000
2.55314	.868009	.000000
2.55439	.868132	.000000
2.55565	.868186	.000000
2.55691	.868103	.000000
2.55817	.868043	.000000
2.55944	.867979	.000000
2.5607	.867814	.000000
2.56197	.867667	.000000
2.56323	.867660	.000000
2.5645	.867692	.000000
2.56577	.867829	.000000
2.56704	.867897	.000000
2.56831	.867829	.000000
2.56958	.867690	.000000
2.57086	.867686	.000000
2.57213	.867707	.000000
2.57341	.867533	.000000
2.57469	.867590	.000000
2.57597	.867626	.000000
2.57725	.867571	.000000
2.57853	.867658	.000000
2.57981	.867694	.000000
2.5811	.867518	.000000
2.58238	.867416	.000000
2.58367	.867201	.000000
2.58496	.867193	.000000
2.58624	.867241	.000000
2.58754	.867152	.000000
2.58883	.867222	.000000
2.59012	.867258	.000000
2.59141	.867299	.000000
2.59271	.867169	.000000
2.59401	.866550	.000000
2.59531	.866148	.000000
2.5966	.866595	.000000
2.59791	.867014	.000000
2.59921	.867112	.000000
2.60051	.867056	.000000
2.60182	.866959	.000000
2.60312	.866816	.000000
2.60443	.866555	.000000
2.60574	.866246	.000000
2.60705	.866410	.000000
2.60836	.866606	.000000
2.60967	.866601	.000000
2.61099	.866563	.000000
2.6123	.866536	.000000
2.61362	.866465	.000000
2.61494	.866350	.000000
2.61626	.866072	.000000
2.61758	.866008	.000000
2.6189	.866136	.000000
2.62022	.865864	.000000
2.62155	.865931	.000000
2.62287	.866202	.000000
2.6242	.866136	.000000
2.62553	.865963	.000000
2.62686	.865651	.000000
2.62819	.865672	.000000
2.62952	.865532	.000000
2.63086	.865325	.000000
2.63219	.865519	.000000
2.63353	.865517	.000000
2.63487	.865459	.000000
2.63621	.865513	.000000
2.63755	.865532	.000000
2.63889	.865449	.000000
2.64023	.865268	.000000
2.64158	.865128	.000000
2.64293	.865049	.000000
2.64427	.864949	.000000
2.64562	.864766	.000000
2.64697	.864698	.000000
2.64832	.864634	.000000
2.64968	.864571	.000000
2.65103	.864349	.000000
2.65239	.864064	.000000
2.65375	.863888	.000000
2.6551	.863737	.000000
2.65646	.863614	.000000
2.65783	.863580	.000000
2.65919	.863297	.000000
2.66055	.863095	.000000
2.66192	.862924	.000000
2.66329	.862631	.000000
2.66466	.861912	.000000
2.66603	.861368	.000000
2.6674	.861181	.000000
2.66877	.861106	.000000
2.67014	.860287	.000000
2.67152	.859779	.000000
2.6729	.859713	.000000
2.67427	.859005	.000000
2.67565	.857916	.000000
2.67704	.856904	.000000
2.67842	.856019	.000000
2.6798	.854914	.000000
2.68119	.853921	.000000
2.68258	.852613	.000000
2.68396	.851015	.000000
2.68535	.849374	.000000
2.68675	.847704	.000000
2.68814	.845959	.000000
2.68953	.844119	.000000
2.69093	.842097	.000000
2.69233	.839927	.000000
2.69372	.837514	.000000
2.69512	.835177	.000000
2.69653	.832924	.000000
2.69793	.830657	.000000
2.69933	.828361	.000000
2.70074	.825920	.000000
2.70215	.823402	.000000
2.70356	.821073	.000000
2.70497	.818787	.000000
2.70638	.816579	.000000
2.70779	.814389	.000000
2.70921	.812001	.000000
2.71062	.809479	.000000
2.71204	.807478	.000000
2.71346	.805878	.000000
2.71488	.803962	.000000
2.7163	.802068	.000000
2.71772	.800288	.000000
2.71915	.798505	.000000
2.72058	.796706	.000000
2.722	.795428	.000000
2.72343	.794016	.000000
2.72486	.792576	.000000
2.7263	.791539	.000000
2.72773	.790360	.000000
2.72917	.788919	.000000
2.7306	.787407	.000000
2.73204	.785873	.000000
2.73348	.784053	.000000
2.73493	.781912	.000000
2.73637	.779543	.000000
2.73781	.776040	.000000
2.73926	.770432	.000000
2.74071	.765205	.000000
2.74216	.764656	.000000
2.74361	.766617	.000000
2.74506	.767582	.000000
2.74651	.767408	.000000
2.74797	.766541	.000000
2.74943	.765377	.000000
2.75089	.763984	.000000
2.75234	.762434	.000000
2.75381	.760818	.000000
2.75527	.759004	.000000
2.75673	.757607	.000000
2.7582	.756437	.000000
2.75967	.755036	.000000
2.76114	.753536	.000000
2.76261	.751880	.000000
2.76408	.750382	.000000
2.76556	.749028	.000000
2.76703	.747605	.000000
2.76851	.746206	.000000
2.76999	.744736	.000000
2.77147	.743348	.000000
2.77295	.742142	.000000
2.77443	.740800	.000000
2.77592	.739363	.000000
2.77741	.737863	.000000
2.77889	.736517	.000000
2.78038	.735286	.000000
2.78188	.734193	.000000
2.78337	.733249	.000000
2.78486	.732258	.000000
2.78636	.731028	.000000
2.78786	.729884	.000000
2.78936	.728966	.000000
2.79086	.727994	.000000
2.79236	.727000	.000000
2.79387	.725993	.000000
2.79537	.724940	.000000
2.79688	.723930	.000000
2.79839	.722966	.000000
2.7999	.722054	.000000
2.80141	.721205	.000000
2.80293	.720400	.000000
2.80444	.719723	.000000
2.80596	.719170	.000000
2.80748	.718524	.000000
2.809	.717801	.000000
2.81052	.717231	.000000
2.81205	.716636	.000000
2.81357	.715912	.000000
2.8151	.715292	.000000
2.81663	.714736	.000000
2.81816	.714084	.000000
2.81969	.713350	.000000
2.82123	.712710	.000000
2.82276	.712191	.000000
2.8243	.711623	.000000
2.82584	.711002	.000000
2.82738	.710285	.000000
2.82892	.709567	.000000
2.83047	.708812	.000000
2.83201	.708055	.000000
2.83356	.707227	.000000
2.83511	.706294	.000000
2.83666	.705464	.000000
2.83821	.704712	.000000
2.83977	.703942	.000000
2.84132	.703176	.000000
2.84288	.702455	.000000
2.84444	.701885	.000000
2.846	.701507	.000000
2.84757	.701220	.000000
2.84913	.700873	.000000
2.8507	.700614	.000000
2.85226	.700552	.000000
2.85383	.700539	.000000
2.8554	.700465	.000000
2.85698	.700426	.000000
2.85855	.700342	.000000
2.86013	.700199	.000000
2.86171	.700110	.000000
2.86329	.699984	.000000
2.86487	.699886	.000000
2.86645	.699812	.000000
2.86804	.699582	.000000
2.86963	.699289	.000000
2.87122	.698983	.000000
2.87281	.698681	.000000
2.8744	.698359	.000000
2.87599	.697994	.000000
2.87759	.697560	.000000
2.87919	.697086	.000000
2.88079	.696750	.000000
2.88239	.696443	.000000
2.88399	.696001	.000000
2.8856	.695565	.000000
2.8872	.695206	.000000
2.88881	.694785	.000000
2.89042	.694287	.000000
2.89203	.693741	.000000
2.89365	.693322	.000000
2.89526	.692951	.000000
2.89688	.692596	.000000
2.8985	.692337	.000000
2.90012	.692186	.000000
2.90174	.692024	.000000
2.90337	.691792	.000000
2.90499	.691569	.000000
2.90662	.691393	.000000
2.90825	.691391	.000000
2.90988	.691369	.000000
2.91152	.691350	.000000
2.91315	.691471	.000000
2.91479	.691588	.000000
2.91643	.691605	.000000
2.91807	.691722	.000000
2.91972	.691892	.000000
2.92136	.692037	.000000
2.92301	.692235	.000000
2.92466	.692418	.000000
2.92631	.692581	.000000
2.92796	.692703	.000000
2.92961	.692862	.000000
2.93127	.693096	.000000
2.93293	.693236	.000000
2.93459	.693358	.000000
2.93625	.693607	.000000
2.93791	.693853	.000000
2.93958	.694106	.000000
2.94124	.694319	.000000
2.94291	.694432	.000000
2.94459	.694623	.000000
2.94626	.694893	.000000
2.94793	.695076	.000000
2.94961	.695301	.000000
2.95129	.695606	.000000
2.95297	.695782	.000000
2.95465	.695952	.000000
2.95634	.696175	.000000
2.95802	.696335	.000000
2.95971	.696594	.000000
2.9614	.696901	.000000
2.96309	.697128	.000000
2.96479	.697303	.000000
2.96648	.697475	.000000
2.96818	.697719	.000000
2.96988	.697962	.000000
2.97158	.698123	.000000
2.97329	.698325	.000000
2.97499	.698589	.000000
2.9767	.698872	.000000
2.97841	.699106	.000000
2.98012	.699359	.000000
2.98184	.699661	.000000
2.98355	.699916	.000000
2.98527	.700124	.000000
2.98699	.700346	.000000
2.98871	.700654	.000000
2.99043	.701022	.000000
2.99216	.701247	.000000
2.99389	.701475	.000000
2.99562	.701722	.000000
2.99735	.701958	.000000
2.99908	.702257	.000000
3.00082	.702562	.000000
3.00255	.702813	.000000
3.00429	.703049	.000000
3.00604	.703412	.000000
3.00778	.703735	.000000
3.00953	.703948	.000000
3.01127	.704191	.000000
3.01302	.704469	.000000
3.01477	.704818	.000000
3.01653	.705101	.000000
3.01828	.705316	.000000
3.02004	.705569	.000000
3.0218	.705779	.000000
3.02356	.706058	.000000
3.02533	.706255	.000000
3.02709	.706356	.000000
3.02886	.706551	.000000
3.03063	.706859	.000000
3.03241	.707142	.000000
3.03418	.707381	.000000
3.03596	.707640	.000000
3.03773	.707787	.000000
3.03952	.707921	.000000
3.0413	.708186	.000000
3.04308	.708388	.000000
3.04487	.708569	.000000
3.04666	.708763	.000000
3.04845	.708931	.000000
3.05024	.708967	.000000
3.05204	.709103	.000000
3.05383	.709305	.000000
3.05563	.709516	.000000
3.05744	.709688	.000000
3.05924	.709818	.000000
3.06105	.710028	.000000
3.06285	.710179	.000000
3.06466	.710228	.000000
3.06648	.710305	.000000
3.06829	.710390	.000000
3.07011	.710536	.000000
3.07193	.710681	.000000
3.07375	.710864	.000000
3.07557	.711060	.000000
3.0774	.711149	.000000
3.07922	.711198	.000000
3.08105	.711319	.000000
3.08288	.711432	.000000
3.08472	.711604	.000000
3.08655	.711836	.000000
3.08839	.712002	.000000
3.09023	.712085	.000000
3.09208	.712201	.000000
3.09392	.712302	.000000
3.09577	.712484	.000000
3.09762	.712697	.000000
3.09947	.712903	.000000
3.10132	.713022	.000000
3.10318	.713101	.000000
3.10504	.713282	.000000
3.1069	.713562	.000000
3.10876	.713720	.000000
3.11062	.713920	.000000
3.11249	.714081	.000000
3.11436	.714220	.000000
3.11623	.714390	.000000
3.11811	.714551	.000000
3.11998	.714758	.000000
3.12186	.714968	.000000
3.12374	.715149	.000000
3.12562	.715332	.000000
3.12751	.715525	.000000
3.1294	.715700	.000000
3.13129	.715904	.000000
3.13318	.716200	.000000
3.13507	.716450	.000000
3.13697	.716584	.000000
3.13887	.716776	.000000
3.14077	.716967	.000000
3.14267	.717161	.000000
3.14458	.717373	.000000
3.14649	.717537	.000000
3.1484	.717739	.000000
3.15031	.717896	.000000
3.15223	.718073	.000000
3.15414	.718349	.000000
3.15606	.718518	.000000
3.15798	.718752	.000000
3.15991	.718979	.000000
3.16184	.719132	.000000
3.16376	.719321	.000000
3.1657	.719625	.000000
3.16763	.719857	.000000
3.16957	.719979	.000000
3.1715	.720113	.000000
3.17345	.720270	.000000
3.17539	.720425	.000000
3.17733	.720695	.000000
3.17928	.720959	.000000
3.18123	.721152	.000000
3.18319	.721346	.000000
3.18514	.721554	.000000
3.1871	.721737	.000000
3.18906	.721929	.000000
3.19102	.722169	.000000
3.19299	.722382	.000000
3.19495	.722609	.000000
3.19692	.722898	.000000
3.1989	.723122	.000000
3.20087	.723287	.000000
3.20285	.723430	.000000
3.20483	.723585	.000000
3.20681	.723791	.000000
3.20879	.723976	.000000
3.21078	.724170	.000000
3.21277	.724446	.000000
3.21476	.724732	.000000
3.21676	.724912	.000000
3.21875	.725078	.000000
3.22075	.725295	.000000
3.22275	.725486	.000000
3.22476	.725699	.000000
3.22676	.725933	.000000
3.22877	.726044	.000000
3.23078	.726241	.000000
3.2328	.726450	.000000
3.23481	.726562	.000000
3.23683	.726707	.000000
3.23886	.726913	.000000
3.24088	.727141	.000000
3.24291	.727243	.000000
3.24494	.727383	.000000
3.24697	.727602	.000000
3.249	.727807	.000000
3.25104	.727849	.000000
3.25308	.727926	.000000
3.25512	.727989	.000000
3.25717	.728077	.000000
3.25921	.728336	.000000
3.26126	.728578	.000000
3.26332	.728736	.000000
3.26537	.728874	.000000
3.26743	.729074	.000000
3.26949	.729178	.000000
3.27155	.729316	.000000
3.27362	.729553	.000000
3.27568	.729695	.000000
3.27776	.729827	.000000
3.27983	.730018	.000000
3.2819	.730090	.000000
3.28398	.730091	.000000
3.28606	.730082	.000000
3.28815	.730203	.000000
3.29023	.730382	.000000
3.29232	.730477	.000000
3.29441	.730465	.000000
3.29651	.730490	.000000
3.2986	.730584	.000000
3.3007	.730748	.000000
3.30281	.730831	.000000
3.30491	.730735	.000000
3.30702	.730645	.000000
3.30913	.730631	.000000
3.31124	.730699	.000000
3.31336	.730843	.000000
3.31548	.730807	.000000
3.3176	.730677	.000000
3.31972	.730616	.000000
3.32185	.730571	.000000
3.32398	.730465	.000000
3.32611	.730288	.000000
3.32825	.730061	.000000
3.33038	.729880	.000000
3.33252	.729810	.000000
3.33467	.729712	.000000
3.33681	.729416	.000000
3.33896	.728995	.000000
3.34111	.728540	.000000
3.34327	.728091	.000000
3.34542	.727653	.000000
3.34758	.727281	.000000
3.34975	.726792	.000000
3.35191	.726269	.000000
3.35408	.725776	.000000
3.35625	.725212	.000000
3.35842	.724661	.000000
3.3606	.723904	.000000
3.36278	.722781	.000000
3.36496	.721450	.000000
3.36715	.719995	.000000
3.36933	.718532	.000000
3.37153	.717248	.000000
3.37372	.716166	.000000
3.37592	.715138	.000000
3.37811	.714458	.000000
3.38032	.714284	.000000
3.38252	.714485	.000000
3.38473	.714915	.000000
3.38694	.715393	.000000
3.38915	.715695	.000000
3.39137	.715432	.000000
3.39359	.714434	.000000
3.39581	.712876	.000000
3.39804	.710785	.000000
3.40027	.708097	.000000
3.4025	.705065	.000000
3.40473	.701685	.000000
3.40697	.698011	.000000
3.40921	.694168	.000000
3.41145	.690298	.000000
3.4137	.686523	.000000
3.41595	.683075	.000000
3.4182	.680249	.000000
3.42045	.678019	.000000
3.42271	.676200	.000000
3.42497	.674988	.000000
3.42723	.675511	.000000
3.4295	.679747	.000000
3.43177	.688016	.000000
3.43404	.696867	.000000
3.43632	.703353	.000000
3.4386	.707595	.000000
3.44088	.710343	.000000
3.44316	.712170	.000000
3.44545	.713660	.000000
3.44774	.715015	.000000
3.45004	.716348	.000000
3.45233	.717626	.000000
3.45463	.718730	.000000
3.45694	.719789	.000000
3.45924	.720733	.000000
3.46155	.721635	.000000
3.46386	.722426	.000000
3.46618	.723041	.000000
3.4685	.723513	.000000
3.47082	.723783	.000000
3.47315	.723885	.000000
3.47547	.724025	.000000
3.4778	.724053	.000000
3.48014	.723887	.000000
3.48247	.723685	.000000
3.48481	.723411	.000000
3.48716	.722726	.000000
3.4895	.721465	.000000
3.49185	.719464	.000000
3.49421	.716678	.000000
3.49656	.713237	.000000
3.49892	.709809	.000000
3.50129	.706906	.000000
3.50365	.704290	.000000
3.50602	.701260	.000000
3.50839	.698681	.000000
3.51077	.701047	.000000
3.51315	.709394	.000000
3.51553	.718324	.000000
3.51791	.724419	.000000
3.5203	.728125	.000000
3.52269	.730690	.000000
3.52509	.732630	.000000
3.52749	.734074	.000000
3.52989	.735113	.000000
3.53229	.735947	.000000
3.5347	.736674	.000000
3.53711	.737229	.000000
3.53953	.737797	.000000
3.54194	.738291	.000000
3.54436	.738614	.000000
3.54679	.738916	.000000
3.54922	.739237	.000000
3.55165	.739520	.000000
3.55408	.739737	.000000
3.55652	.739845	.000000
3.55896	.739996	.000000
3.5614	.740313	.000000
3.56385	.740432	.000000
3.5663	.740547	.000000
3.56876	.740800	.000000
3.57121	.740898	.000000
3.57367	.740996	.000000
3.57614	.741043	.000000
3.57861	.741038	.000000
3.58108	.741155	.000000
3.58355	.741162	.000000
3.58603	.741032	.000000
3.58851	.741068	.000000
3.591	.741315	.000000
3.59349	.741366	.000000
3.59598	.741208	.000000
3.59848	.741126	.000000
3.60099	.741143	.000000
3.60349	.741153	.000000
3.606	.741147	.000000
3.6085	.741130	.000000
3.61102	.741108	.000000
3.61353	.741051	.000000
3.61605	.741006	.000000
3.61858	.740928	.000000
3.6211	.740836	.000000
3.62363	.740745	.000000
3.62617	.740694	.000000
3.62871	.740607	.000000
3.63125	.740511	.000000
3.63379	.740453	.000000
3.63634	.740373	.000000
3.63889	.740294	.000000
3.64145	.740169	.000000
3.64401	.740030	.000000
3.64657	.739917	.000000
3.64913	.739811	.000000
3.6517	.739741	.000000
3.65428	.739707	.000000
3.65685	.739647	.000000
3.65944	.739541	.000000
3.66202	.739450	.000000
3.66461	.739403	.000000
3.6672	.739341	.000000
3.66979	.739269	.000000
3.67239	.739195	.000000
3.675	.739065	.000000
3.6776	.738916	.000000
3.68021	.738778	.000000
3.68283	.738642	.000000
3.68544	.738508	.000000
3.68806	.738357	.000000
3.69069	.738206	.000000
3.69332	.738004	.000000
3.69595	.737797	.000000
3.69859	.737649	.000000
3.70123	.737468	.000000
3.70387	.737246	.000000
3.70652	.736994	.000000
3.70917	.736755	.000000
3.71182	.736551	.000000
3.71448	.736415	.000000
3.71715	.736205	.000000
3.71981	.735985	.000000
3.72248	.735775	.000000
3.72516	.735541	.000000
3.72784	.735303	.000000
3.73052	.735052	.000000
3.7332	.734835	.000000
3.73589	.734616	.000000
3.73859	.734378	.000000
3.74128	.734127	.000000
3.74398	.733818	.000000
3.74669	.733580	.000000
3.7494	.733349	.000000
3.75211	.733081	.000000
3.75483	.732796	.000000
3.75755	.732559	.000000
3.76028	.732332	.000000
3.763	.732041	.000000
3.76574	.731753	.000000
3.76847	.731539	.000000
3.77121	.731284	.000000
3.77396	.731007	.000000
3.77671	.730758	.000000
3.77946	.730486	.000000
3.78222	.730158	.000000
3.78498	.729861	.000000
3.78774	.729595	.000000
3.79051	.729314	.000000
3.79328	.729048	.000000
3.79606	.728798	.000000
3.79884	.728534	.000000
3.80163	.728260	.000000
3.80442	.728013	.000000
3.80721	.727789	.000000
3.81001	.727526	.000000
3.81281	.727332	.000000
3.81561	.727143	.000000
3.81842	.726905	.000000
3.82124	.726679	.000000
3.82405	.726496	.000000
3.82688	.726312	.000000
3.8297	.726112	.000000
3.83253	.725965	.000000
3.83537	.725844	.000000
3.83821	.725754	.000000
3.84105	.725656	.000000
3.8439	.725548	.000000
3.84675	.725459	.000000
3.84961	.725367	.000000
3.85246	.725272	.000000
3.85533	.725186	.000000
3.8582	.725070	.000000
3.86107	.724999	.000000
3.86395	.724965	.000000
3.86683	.724853	.000000
3.86971	.724723	.000000
3.8726	.724638	.000000
3.8755	.724570	.000000
3.8784	.724525	.000000
3.8813	.724483	.000000
3.88421	.724398	.000000
3.88712	.724281	.000000
3.89004	.724206	.000000
3.89296	.724155	.000000
3.89588	.724023	.000000
3.89881	.723868	.000000
3.90174	.723757	.000000
3.90468	.723641	.000000
3.90762	.723466	.000000
3.91057	.723283	.000000
3.91352	.723151	.000000
3.91648	.723017	.000000
3.91944	.722845	.000000
3.9224	.722666	.000000
3.92537	.722481	.000000
3.92835	.722239	.000000
3.93132	.721978	.000000
3.93431	.721746	.000000
3.93729	.721518	.000000
3.94029	.721272	.000000
3.94328	.720984	.000000
3.94628	.720668	.000000
3.94929	.720365	.000000
3.9523	.720062	.000000
3.95531	.719753	.000000
3.95833	.719411	.000000
3.96136	.719011	.000000
3.96438	.718586	.000000
3.96742	.718137	.000000
3.97046	.717618	.000000
3.9735	.717044	.000000
3.97655	.716485	.000000
3.9796	.715904	.000000
3.98265	.715283	.000000
3.98572	.714622	.000000
3.98878	.713969	.000000
3.99185	.713278	.000000
3.99493	.712601	.000000
3.99801	.711953	.000000
4.00109	.711366	.000000
4.00418	.710770	.000000
4.00728	.710260	.000000
4.01038	.709860	.000000
4.01348	.709565	.000000
4.01659	.709379	.000000
4.0197	.709292	.000000
4.02282	.709273	.000000
4.02594	.709371	.000000
4.02907	.709573	.000000
4.0322	.709815	.000000
4.03534	.710007	.000000
4.03848	.710173	.000000
4.04163	.710371	.000000
4.04478	.710572	.000000
4.04794	.710677	.000000
4.0511	.710740	.000000
4.05427	.710785	.000000
4.05744	.710800	.000000
4.06062	.710768	.000000
4.0638	.710681	.000000
4.06699	.710583	.000000
4.07018	.710428	.000000
4.07338	.710190	.000000
4.07658	.709981	.000000
4.07979	.709735	.000000
4.083	.709462	.000000
4.08622	.709156	.000000
4.08944	.708833	.000000
4.09267	.708556	.000000
4.0959	.708246	.000000
4.09914	.707874	.000000
4.10238	.707515	.000000
4.10563	.707162	.000000
4.10889	.706777	.000000
4.11215	.706347	.000000
4.11541	.705941	.000000
4.11868	.705535	.000000
4.12195	.705113	.000000
4.12523	.704718	.000000
4.12851	.704348	.000000
4.1318	.703895	.000000
4.1351	.703440	.000000
4.1384	.703015	.000000
4.1417	.702560	.000000
4.14501	.702113	.000000
4.14833	.701675	.000000
4.15165	.701188	.000000
4.15498	.700709	.000000
4.15831	.700231	.000000
4.16165	.699769	.000000
4.16499	.699287	.000000
4.16834	.698791	.000000
4.17169	.698293	.000000
4.17505	.697775	.000000
4.17842	.697273	.000000
4.18178	.696794	.000000
4.18516	.696361	.000000
4.18854	.695907	.000000
4.19193	.695435	.000000
4.19532	.694946	.000000
4.19872	.694476	.000000
4.20212	.694023	.000000
4.20553	.693530	.000000
4.20894	.693052	.000000
4.21236	.692598	.000000
4.21578	.692131	.000000
4.21921	.691654	.000000
4.22265	.691140	.000000
4.22609	.690633	.000000
4.22954	.690140	.000000
4.23299	.689608	.000000
4.23645	.689094	.000000
4.23991	.688611	.000000
4.24338	.688086	.000000
4.24686	.687544	.000000
4.25034	.686976	.000000
4.25382	.686391	.000000
4.25732	.685844	.000000
4.26081	.685332	.000000
4.26432	.684832	.000000
4.26783	.684298	.000000
4.27134	.683775	.000000
4.27487	.683227	.000000
4.27839	.682731	.000000
4.28193	.682259	.000000
4.28546	.681800	.000000
4.28901	.681313	.000000
4.29256	.680794	.000000
4.29612	.680243	.000000
4.29968	.679698	.000000
4.30325	.679195	.000000
4.30682	.678735	.000000
4.3104	.678225	.000000
4.31399	.677714	.000000
4.31758	.677183	.000000
4.32118	.676664	.000000
4.32478	.676132	.000000
4.32839	.675579	.000000
4.33201	.675001	.000000
4.33563	.674459	.000000
4.33926	.673923	.000000
4.34289	.673355	.000000
4.34653	.672789	.000000
4.35018	.672238	.000000
4.35383	.671656	.000000
4.35749	.671086	.000000
4.36115	.670501	.000000
4.36482	.669901	.000000
4.3685	.669334	.000000
4.37218	.668787	.000000
4.37587	.668247	.000000
4.37957	.667677	.000000
4.38327	.667056	.000000
4.38698	.666526	.000000
4.39069	.666007	.000000
4.39442	.665467	.000000
4.39814	.664914	.000000
4.40188	.664346	.000000
4.40562	.663811	.000000
4.40936	.663288	.000000
4.41312	.662718	.000000
4.41687	.662175	.000000
4.42064	.661633	.000000
4.42441	.661112	.000000
4.42819	.660548	.000000
4.43198	.659957	.000000
4.43577	.659389	.000000
4.43956	.658800	.000000
4.44337	.658199	.000000
4.44718	.657637	.000000
4.45099	.657023	.000000
4.45482	.656474	.000000
4.45865	.655891	.000000
4.46249	.655281	.000000
4.46633	.654692	.000000
4.47018	.654126	.000000
4.47404	.653546	.000000
4.4779	.652916	.000000
4.48177	.652267	.000000
4.48565	.651653	.000000
4.48953	.651000	.000000
4.49342	.650328	.000000
4.49732	.649686	.000000
4.50122	.649069	.000000
4.50513	.648455	.000000
4.50905	.647861	.000000
4.51298	.647232	.000000
4.51691	.646568	.000000
4.52085	.645875	.000000
4.52479	.645186	.000000
4.52874	.644533	.000000
4.5327	.643893	.000000
4.53667	.643155	.000000
4.54064	.642425	.000000
4.54462	.641722	.000000
4.5486	.641050	.000000
4.5526	.640354	.000000
4.5566	.639652	.000000
4.56061	.638915	.000000
4.56462	.638181	.000000
4.56864	.637526	.000000
4.57267	.636873	.000000
4.57671	.636178	.000000
4.58075	.635484	.000000
4.5848	.634787	.000000
4.58886	.634100	.000000
4.59292	.633405	.000000
4.59699	.632707	.000000
4.60107	.632011	.000000
4.60516	.631318	.000000
4.60925	.630636	.000000
4.61335	.630008	.000000
4.61746	.629330	.000000
4.62158	.628641	.000000
4.6257	.628030	.000000
4.62983	.627446	.000000
4.63397	.626835	.000000
4.63811	.626248	.000000
4.64226	.625655	.000000
4.64642	.625064	.000000
4.65059	.624437	.000000
4.65476	.623839	.000000
4.65895	.623242	.000000
4.66314	.622610	.000000
4.66733	.621976	.000000
4.67154	.621349	.000000
4.67575	.620704	.000000
4.67997	.620077	.000000
4.6842	.619433	.000000
4.68843	.618773	.000000
4.69267	.618123	.000000
4.69693	.617481	.000000
4.70118	.616779	.000000
4.70545	.616034	.000000
4.70972	.615348	.000000
4.71401	.614673	.000000
4.71829	.613916	.000000
4.72259	.613106	.000000
4.7269	.612285	.000000
4.73121	.611471	.000000
4.73553	.610631	.000000
4.73986	.609771	.000000
4.7442	.608868	.000000
4.74854	.607979	.000000
4.75289	.607039	.000000
4.75725	.606044	.000000
4.76162	.604995	.000000
4.766	.603887	.000000
4.77038	.602792	.000000
4.77478	.601673	.000000
4.77918	.600449	.000000
4.78358	.599143	.000000
4.788	.597741	.000000
4.79243	.596248	.000000
4.79686	.594698	.000000
4.8013	.593080	.000000
4.80575	.591366	.000000
4.81021	.589513	.000000
4.81468	.587527	.000000
4.81915	.585473	.000000
4.82363	.583215	.000000
4.82812	.580716	.000000
4.83262	.577964	.000000
4.83713	.574853	.000000
4.84165	.571329	.000000
4.84617	.567291	.000000
4.85071	.562612	.000000
4.85525	.557259	.000000
4.8598	.551058	.000000
4.86436	.544019	.000000
4.86892	.536189	.000000
4.8735	.527700	.000000
4.87808	.518685	.000000
4.88268	.509472	.000000
4.88728	.500354	.000000
4.89189	.491551	.000000
4.89651	.483270	.000000
4.90114	.475677	.000000
4.90578	.468712	.000000
4.91042	.462192	.000000
4.91508	.455980	.000000
4.91974	.449998	.000000
4.92441	.444235	.000000
4.92909	.438812	.000000
4.93378	.434055	.000000
4.93848	.430365	.000000
4.94319	.428117	.000000
4.9479	.427469	.000000
4.95263	.428189	.000000
4.95737	.429887	.000000
4.96211	.432213	.000000
4.96686	.434809	.000000
4.97162	.437449	.000000
4.9764	.440094	.000000
4.98118	.442669	.000000
4.98596	.445092	.000000
4.99076	.447369	.000000
4.99557	.449462	.000000
5.00039	.451352	.000000
5.00521	.453100	.000000
5.01005	.454695	.000000
5.0149	.456078	.000000
5.01975	.457271	.000000
5.02461	.458325	.000000
5.02949	.459202	.000000
5.03437	.459846	.000000
5.03926	.460278	.000000
5.04417	.460529	.000000
5.04908	.460567	.000000
5.054	.460437	.000000
5.05893	.460046	.000000
5.06387	.459431	.000000
5.06882	.458611	.000000
5.07378	.457562	.000000
5.07875	.456280	.000000
5.08373	.454814	.000000
5.08872	.453181	.000000
5.09372	.451401	.000000
5.09872	.449477	.000000
5.10374	.447488	.000000
5.10877	.445413	.000000
5.11381	.443276	.000000
5.11886	.441040	.000000
5.12392	.438697	.000000
5.12898	.436241	.000000
5.13406	.433583	.000000
5.13915	.430707	.000000
5.14425	.427804	.000000
5.14935	.424968	.000000
5.15447	.422133	.000000
5.1596	.419311	.000000
5.16474	.416533	.000000
5.16989	.413675	.000000
5.17505	.410730	.000000
5.18022	.407608	.000000
5.1854	.404288	.000000
5.19059	.400846	.000000
5.19579	.397390	.000000
5.201	.394151	.000000
5.20623	.391299	.000000
5.21146	.388981	.000000
5.2167	.387271	.000000
5.22195	.386164	.000000
5.22722	.385625	.000000
5.23249	.385549	.000000
5.23778	.385774	.000000
5.24307	.386136	.000000
5.24838	.386553	.000000
5.2537	.386978	.000000
5.25903	.387410	.000000
5.26437	.387792	.000000
5.26972	.388094	.000000
5.27508	.388260	.000000
5.28045	.388214	.000000
5.28583	.387914	.000000
5.29122	.387410	.000000
5.29663	.386735	.000000
5.30204	.385945	.000000
5.30747	.385189	.000000
5.31291	.384490	.000000
5.31836	.383773	.000000
5.32382	.382980	.000000
5.32929	.381923	.000000
5.33477	.380454	.000000
5.34027	.378525	.000000
5.34577	.376069	.000000
5.35129	.373146	.000000
5.35682	.370003	.000000
5.36236	.366930	.000000
5.36791	.364043	.000000
5.37347	.361418	.000000
5.37904	.358926	.000000
5.38463	.356368	.000000
5.39023	.353578	.000000
5.39584	.350483	.000000
5.40146	.347147	.000000
5.40709	.343740	.000000
5.41273	.340446	.000000
5.41839	.337356	.000000
5.42406	.334517	.000000
5.42974	.331942	.000000
5.43543	.329757	.000000
5.44113	.327995	.000000
5.44685	.326684	.000000
5.45257	.325887	.000000
5.45831	.325525	.000000
5.46406	.325577	.000000
5.46983	.325932	.000000
5.4756	.326423	.000000
5.48139	.327003	.000000
5.48719	.327524	.000000
5.493	.327980	.000000
5.49883	.328286	.000000
5.50467	.328379	.000000
5.51052	.328214	.000000
5.51638	.327797	.000000
5.52225	.327114	.000000
5.52814	.326085	.000000
5.53404	.324639	.000000
5.53995	.322674	.000000
5.54588	.319950	.000000
5.55182	.316220	.000000
5.55777	.311381	.000000
5.56373	.305385	.000000
5.56971	.298239	.000000
5.57569	.290251	.000000
5.5817	.281849	.000000
5.58771	.273590	.000000
5.59374	.266085	.000000
5.59978	.259741	.000000
5.60583	.254871	.000000
5.6119	.251513	.000000
5.61798	.249531	.000000
5.62407	.248723	.000000
5.63018	.248959	.000000
5.6363	.250193	.000000
5.64243	.252492	.000000
5.64858	.255767	.000000
5.65474	.259971	.000000
5.66091	.265015	.000000
5.6671	.270759	.000000
5.6733	.276971	.000000
5.67951	.283359	.000000
5.68574	.289663	.000000
5.69198	.295849	.000000
5.69823	.301884	.000000
5.7045	.307805	.000000
5.71079	.313629	.000000
5.71708	.319154	.000000
5.72339	.324375	.000000
5.72972	.329187	.000000
5.73605	.333453	.000000
5.74241	.337016	.000000
5.74877	.339699	.000000
5.75515	.341352	.000000
5.76155	.342079	.000000
5.76796	.341979	.000000
5.77438	.341031	.000000
5.78082	.339618	.000000
5.78727	.337981	.000000
5.79374	.336178	.000000
5.80022	.334351	.000000
5.80671	.332569	.000000
5.81322	.331027	.000000
5.81975	.329806	.000000
5.82628	.328688	.000000
5.83284	.327512	.000000
5.8394	.326300	.000000
5.84599	.325066	.000000
5.85259	.323909	.000000
5.8592	.322878	.000000
5.86583	.321966	.000000
5.87247	.321296	.000000
5.87913	.321013	.000000
5.8858	.320890	.000000
5.89249	.320962	.000000
5.89919	.321277	.000000
5.90591	.321510	.000000
5.91265	.321585	.000000
5.9194	.321266	.000000
5.92616	.320437	.000000
5.93294	.319184	.000000
5.93974	.317383	.000000
5.94655	.315077	.000000
5.95338	.312632	.000000
5.96022	.310072	.000000
5.96708	.307428	.000000
5.97395	.304738	.000000
5.98084	.302367	.000000
5.98775	.300740	.000000
5.99467	.300159	.000000
6.00161	.301038	.000000
6.00856	.304040	.000000
6.01554	.309512	.000000
6.02252	.317572	.000000
6.02952	.328099	.000000
6.03654	.340508	.000000
6.04358	.354030	.000000
6.05063	.367879	.000000
6.0577	.380749	.000000
6.06478	.392494	.000000
6.07188	.403212	.000000
6.079	.412535	.000000
6.08614	.420438	.000000
6.09329	.427171	.000000
6.10046	.432819	.000000
6.10764	.437646	.000000
6.11485	.441717	.000000
6.12206	.444841	.000000
6.1293	.447278	.000000
6.13655	.449322	.000000
6.14383	.450921	.000000
6.15111	.452073	.000000
6.15842	.452824	.000000
6.16574	.453196	.000000
6.17308	.453283	.000000
6.18044	.453234	.000000
6.18781	.452924	.000000
6.19521	.452243	.000000
6.20262	.451376	.000000
6.21005	.450363	.000000
6.21749	.449147	.000000
6.22496	.447782	.000000
6.23244	.446319	.000000
6.23994	.444819	.000000
6.24745	.443359	.000000
6.25499	.442032	.000000
6.26254	.440904	.000000
6.27012	.440073	.000000
6.27771	.439650	.000000
6.28532	.439611	.000000
6.29294	.439918	.000000
6.30059	.440503	.000000
6.30826	.441223	.000000
6.31594	.441925	.000000
6.32364	.442514	.000000
6.33136	.442899	.000000
6.3391	.443023	.000000
6.34686	.442818	.000000
6.35464	.442061	.000000
6.36244	.441089	.000000
6.37025	.439984	.000000
6.37809	.438739	.000000
6.38594	.437540	.000000
6.39382	.436451	.000000
6.40171	.435588	.000000
6.40962	.435005	.000000
6.41756	.434320	.000000
6.42551	.433438	.000000
6.43348	.432649	.000000
6.44147	.431756	.000000
6.44949	.430771	.000000
6.45752	.429742	.000000
6.46557	.428593	.000000
6.47364	.427335	.000000
6.48173	.426012	.000000
6.48984	.424661	.000000
6.49797	.423134	.000000
6.50613	.421442	.000000
6.5143	.419898	.000000
6.52249	.418496	.000000
6.53071	.417108	.000000
6.53894	.415781	.000000
6.5472	.414537	.000000
6.55548	.413375	.000000
6.56378	.412321	.000000
6.57209	.411396	.000000
6.58044	.410396	.000000
6.5888	.409314	.000000
6.59718	.408138	.000000
6.60558	.406843	.000000
6.61401	.405511	.000000
6.62246	.404091	.000000
6.63092	.402623	.000000
6.63941	.400986	.000000
6.64793	.398995	.000000
6.65646	.396918	.000000
6.66502	.394829	.000000
6.67359	.392473	.000000
6.68219	.389809	.000000
6.69082	.386801	.000000
6.69946	.383475	.000000
6.70813	.379860	.000000
6.71682	.375913	.000000
6.72553	.371756	.000000
6.73426	.367896	.000000
6.74302	.364968	.000000
6.7518	.363383	.000000
6.7606	.362984	.000000
6.76942	.363103	.000000
6.77827	.363098	.000000
6.78715	.362860	.000000
6.79604	.362762	.000000
6.80496	.362973	.000000
6.8139	.363377	.000000
6.82287	.363936	.000000
6.83186	.364512	.000000
6.84087	.365144	.000000
6.84991	.365778	.000000
6.85897	.366133	.000000
6.86805	.366016	.000000
6.87716	.365327	.000000
6.88629	.364176	.000000
6.89545	.362586	.000000
6.90463	.360595	.000000
6.91384	.358186	.000000
6.92307	.355453	.000000
6.93233	.352489	.000000
6.9416	.349258	.000000
6.95091	.345798	.000000
6.96024	.342075	.000000
6.9696	.337862	.000000
6.97898	.333194	.000000
6.98838	.328052	.000000
6.99781	.322423	.000000
7.00727	.316509	.000000
7.01675	.310616	.000000
7.02625	.305427	.000000
7.03579	.301882	.000000
7.04535	.300776	.000000
7.05493	.301899	.000000
7.06455	.304308	.000000
7.07418	.307026	.000000
7.08385	.309442	.000000
7.09354	.311354	.000000
7.10325	.312774	.000000
7.113	.313636	.000000
7.12277	.313870	.000000
7.13257	.313532	.000000
7.14239	.312777	.000000
7.15224	.311760	.000000
7.16212	.310552	.000000
7.17203	.309232	.000000
7.18196	.307936	.000000
7.19192	.306850	.000000
7.20191	.305976	.000000
7.21193	.305410	.000000
7.22197	.305202	.000000
7.23204	.305185	.000000
7.24215	.305289	.000000
7.25227	.305463	.000000
7.26243	.305501	.000000
7.27262	.305297	.000000
7.28283	.304674	.000000
7.29307	.303481	.000000
7.30334	.301799	.000000
7.31364	.299723	.000000
7.32397	.297284	.000000
7.33433	.294651	.000000
7.34472	.292029	.000000
7.35514	.289495	.000000
7.36559	.287047	.000000
7.37606	.284729	.000000
7.38657	.282483	.000000
7.39711	.280246	.000000
7.40767	.277968	.000000
7.41827	.275563	.000000
7.4289	.273005	.000000
7.43956	.270312	.000000
7.45025	.267571	.000000
7.46097	.264896	.000000
7.47172	.262336	.000000
7.4825	.259922	.000000
7.49331	.257704	.000000
7.50416	.255607	.000000
7.51503	.253625	.000000
7.52594	.251768	.000000
7.53688	.250197	.000000
7.54785	.249004	.000000
7.55885	.248243	.000000
7.56989	.247945	.000000
7.58095	.248047	.000000
7.59205	.248417	.000000
7.60318	.248934	.000000
7.61435	.249472	.000000
7.62554	.250006	.000000
7.63677	.250446	.000000
7.64804	.250731	.000000
7.65933	.250801	.000000
7.67066	.250678	.000000
7.68203	.250333	.000000
7.69342	.249740	.000000
7.70486	.248919	.000000
7.71632	.247898	.000000
7.72782	.246694	.000000
7.73935	.245323	.000000
7.75092	.243872	.000000
7.76253	.242350	.000000
7.77416	.240870	.000000
7.78584	.239621	.000000
7.79754	.238622	.000000
7.80929	.237929	.000000
7.82107	.237450	.000000
7.83288	.237078	.000000
7.84473	.236765	.000000
7.85662	.236361	.000000
7.86854	.235745	.000000
7.8805	.234994	.000000
7.89249	.234139	.000000
7.90452	.233223	.000000
7.91659	.232259	.000000
7.9287	.231172	.000000
7.94084	.229899	.000000
7.95302	.228401	.000000
7.96523	.226583	.000000
7.97748	.224435	.000000
7.98977	.221983	.000000
8.0021	.219278	.000000
8.01447	.216367	.000000
8.02688	.213451	.000000
8.03932	.210651	.000000
8.05181	.207909	.000000
8.06433	.205202	.000000
8.07689	.202506	.000000
8.08949	.199720	.000000
8.10213	.196700	.000000
8.11481	.193423	.000000
8.12753	.189953	.000000
8.14028	.186352	.000000
8.15308	.182662	.000000
8.16592	.179109	.000000
8.1788	.175879	.000000
8.19172	.173012	.000000
8.20468	.170536	.000000
8.21769	.168357	.000000
8.23073	.166492	.000000
8.24382	.164786	.000000
8.25695	.163159	.000000
8.27012	.161533	.000000
8.28333	.159857	.000000
8.29658	.158036	.000000
8.30987	.156101	.000000
8.32321	.154007	.000000
8.33659	.151695	.000000
8.35002	.149196	.000000
8.36348	.146491	.000000
8.377	.143629	.000000
8.39055	.140730	.000000
8.40415	.137844	.000000
8.41779	.135056	.000000
8.43148	.132434	.000000
8.44521	.130033	.000000
8.45899	.127813	.000000
8.47281	.125676	.000000
8.48667	.123594	.000000
8.50059	.121561	.000000
8.51455	.119438	.000000
8.52855	.117212	.000000
8.5426	.114866	.000000
8.5567	.112419	.000000
8.57084	.109890	.000000
8.58503	.107304	.000000
8.59927	.104720	.000000
8.61355	.102183	.000000
8.62788	.099665	.000000
8.64226	.097167	.000000
8.65669	.094698	.000000
8.67117	.092290	.000000
8.68569	.089870	.000000
8.70026	.087514	.000000
8.71488	.085230	.000000
8.72955	.082999	.000000
8.74428	.080790	.000000
8.75905	.078671	.000000
8.77387	.076634	.000000
8.78874	.074676	.000000
8.80366	.072789	.000000
8.81863	.071026	.000000
8.83365	.069493	.000000
8.84872	.068196	.000000
8.86385	.067111	.000000
8.87903	.066371	.000000
8.89426	.065908	.000000
8.90954	.065852	.000000
8.92488	.066293	.000000
8.94027	.067196	.000000
8.95571	.068445	.000000
8.9712	.070031	.000000
8.98675	.072098	.000000
9.00235	.074640	.000000
9.018	.077621	.000000
9.03371	.081124	.000000
9.04948	.085130	.000000
9.0653	.089655	.000000
9.08118	.094723	.000000
9.09711	.100356	.000000
9.11309	.106541	.000000
9.12914	.113142	.000000
9.14524	.120147	.000000
9.16139	.127837	.000000
9.17761	.136343	.000000
9.19388	.145453	.000000
9.21021	.154912	.000000
9.2266	.164691	.000000
9.24304	.174747	.000000
9.25955	.184827	.000000
9.27611	.194589	.000000
9.29274	.203714	.000000
9.30942	.211733	.000000
9.32616	.217938	.000000
9.34297	.221526	.000000
9.35983	.222400	.000000
9.37676	.221137	.000000
9.39374	.218515	.000000
9.41079	.215240	.000000
9.4279	.211803	.000000
9.44507	.208296	.000000
9.46231	.204747	.000000
9.4796	.201075	.000000
9.49697	.197345	.000000
9.51439	.193506	.000000
9.53188	.189478	.000000
9.54943	.185199	.000000
9.56705	.180808	.000000
9.58474	.176297	.000000
9.60249	.171785	.000000
9.62031	.167404	.000000
9.63819	.163085	.000000
9.65614	.158906	.000000
9.67415	.154938	.000000
9.69223	.151084	.000000
9.71038	.147473	.000000
9.7286	.144073	.000000
9.74688	.140947	.000000
9.76524	.138078	.000000
9.78366	.135418	.000000
9.80216	.133091	.000000
9.82072	.131012	.000000
9.83936	.129212	.000000
9.85807	.127737	.000000
9.87684	.126501	.000000
9.89569	.125580	.000000
9.91461	.124927	.000000
9.93361	.124466	.000000
9.95267	.124232	.000000
9.97182	.124253	.000000
9.99103	.124559	.000000
10.01032	.125317	.000000
10.02968	.126678	.000000
10.04912	.128636	.000000
10.06863	.131499	.000000
10.08822	.135650	.000000
10.10788	.140841	.000000
10.12762	.145557	.000000
10.14744	.147586	.000000
10.16734	.146036	.000000
10.18731	.141825	.000000
10.20737	.137125	.000000
10.2275	.133821	.000000
10.24772	.132617	.000000
10.26801	.133523	.000000
10.28838	.136088	.000000
10.30884	.139948	.000000
10.32937	.144775	.000000
10.34999	.149804	.000000
10.37069	.153951	.000000
10.39148	.155895	.000000
10.41234	.157290	.000000
10.43329	.163859	.000000
10.45433	.176246	.000000
10.47545	.188487	.000000
10.49665	.197304	.000000
10.51795	.202595	.000000
10.53932	.205047	.000000
10.56079	.205411	.000000
10.58234	.204496	.000000
10.60398	.202803	.000000
10.62571	.200619	.000000
10.64753	.198251	.000000
10.66944	.195811	.000000
10.69144	.193255	.000000
10.71353	.190793	.000000
10.73571	.188389	.000000
10.75799	.185923	.000000
10.78035	.183488	.000000
10.80281	.181023	.000000
10.82536	.178530	.000000
10.848	.176064	.000000
10.87075	.173622	.000000
10.89358	.171321	.000000
10.91652	.169142	.000000
10.93955	.167059	.000000
10.96268	.165048	.000000
10.98591	.163045	.000000
11.00923	.161146	.000000
11.03266	.159416	.000000
11.05618	.157796	.000000
11.0798	.156278	.000000
11.10353	.154708	.000000
11.12736	.153160	.000000
11.15129	.151852	.000000
11.17532	.150680	.000000
11.19946	.149602	.000000
11.2237	.148645	.000000
11.24805	.147518	.000000
11.2725	.146270	.000000
11.29706	.145043	.000000
11.32172	.143807	.000000
11.34649	.142378	.000000
11.37138	.140653	.000000
11.39637	.138563	.000000
11.42147	.135556	.000000
11.44668	.131205	.000000
11.47201	.125427	.000000
11.49745	.118596	.000000
11.523	.111768	.000000
11.54866	.105754	.000000
11.57444	.100826	.000000
11.60033	.096918	.000000
11.62634	.093649	.000000
11.65247	.090815	.000000
11.67872	.088413	.000000
11.70508	.086132	.000000
11.73157	.083576	.000000
11.75817	.080615	.000000
11.78489	.077245	.000000
11.81174	.074065	.000000
11.8387	.072179	.000000
11.86579	.072434	.000000
11.893	.074404	.000000
11.92034	.077041	.000000
11.94781	.079435	.000000
11.9754	.081574	.000000
12.00312	.083616	.000000
12.03097	.085662	.000000
12.05896	.087852	.000000
12.08707	.090319	.000000
12.11531	.093094	.000000
12.14368	.095891	.000000
12.17219	.098651	.000000
12.20083	.101347	.000000
12.2296	.103723	.000000
12.25852	.105879	.000000
12.28757	.107902	.000000
12.31676	.109826	.000000
12.34608	.111915	.000000
12.37555	.114209	.000000
12.40515	.116663	.000000
12.4349	.119011	.000000
12.46478	.121034	.000000
12.49482	.122979	.000000
12.525	.124938	.000000
12.55533	.126769	.000000
12.5858	.128506	.000000
12.61642	.130095	.000000
12.6472	.131379	.000000
12.67813	.132392	.000000
12.7092	.133398	.000000
12.74043	.134195	.000000
12.77181	.134876	.000000
12.80334	.135552	.000000
12.83503	.136067	.000000
12.86688	.136264	.000000
12.8989	.136160	.000000
12.93106	.135884	.000000
12.96339	.135465	.000000
12.99588	.134893	.000000
13.02853	.134106	.000000
13.06135	.133204	.000000
13.09433	.132177	.000000
13.12749	.131052	.000000
13.16081	.129912	.000000
13.1943	.128666	.000000
13.22796	.127477	.000000
13.26179	.126592	.000000
13.29579	.125631	.000000
13.32997	.124551	.000000
13.36432	.123522	.000000
13.39885	.122522	.000000
13.43356	.121425	.000000
13.46846	.120266	.000000
13.50353	.118998	.000000
13.53879	.117533	.000000
13.57423	.116038	.000000
13.60986	.114547	.000000
13.64568	.112927	.000000
13.68169	.111298	.000000
13.71788	.109443	.000000
13.75427	.107440	.000000
13.79085	.105409	.000000
13.82763	.103289	.000000
13.8646	.101230	.000000
13.90177	.099319	.000000
13.93915	.097324	.000000
13.97672	.095097	.000000
14.01449	.092877	.000000
14.05247	.090834	.000000
14.09066	.088915	.000000
14.12904	.086791	.000000
14.16764	.084432	.000000
14.20646	.082042	.000000
14.24549	.079905	.000000
14.28473	.077549	.000000
14.3242	.075160	.000000
14.36388	.072749	.000000
14.40378	.070412	.000000
14.4439	.068189	.000000
14.48425	.066142	.000000
14.52482	.064192	.000000
14.56562	.062169	.000000
14.60665	.060542	.000000
14.64792	.059122	.000000
14.68942	.057416	.000000
14.73115	.055592	.000000
14.77312	.053873	.000000
14.81533	.052618	.000000
14.85778	.051670	.000000
14.90048	.050632	.000000
14.94342	.049473	.000000
14.98659	.048806	.000000
15.03003	.048489	.000000
15.07372	.048210	.000000
15.11767	.048436	.000000
15.16187	.049733	.000000
15.20634	.051470	.000000
15.25106	.053880	.000000
15.29606	.056989	.000000
15.34131	.060619	.000000
15.38684	.064325	.000000
15.43263	.068555	.000000
15.4787	.073355	.000000
15.52504	.078034	.000000
15.57167	.082159	.000000
15.61858	.085396	.000000
15.66576	.087688	.000000
15.71324	.088934	.000000
15.761	.089815	.000000
15.80905	.090138	.000000
15.8574	.089154	.000000
15.90604	.087680	.000000
15.95496	.085642	.000000
16.00421	.083323	.000000
16.05376	.081634	.000000
16.10362	.079539	.000000
16.15378	.076894	.000000
16.20426	.074446	.000000
16.25506	.071700	.000000
16.30619	.068528	.000000
16.35763	.065585	.000000
16.40939	.063007	.000000
16.46149	.060529	.000000
16.51391	.058492	.000000
16.56667	.056623	.000000
16.61977	.055117	.000000
16.67322	.053873	.000000
16.72701	.053095	.000000
16.78114	.052453	.000000
16.83563	.051964	.000000
16.89046	.052064	.000000
16.94566	.053395	.000000
17.00122	.054964	.000000
17.05716	.055798	.000000
17.11345	.057106	.000000
17.17012	.059762	.000000
17.22716	.063488	.000000
17.28459	.067218	.000000
17.3424	.071326	.000000
17.4006	.076011	.000000
17.45916	.080938	.000000
17.51815	.086093	.000000
17.57753	.091216	.000000
17.63732	.095769	.000000
17.69752	.099495	.000000
17.75813	.101847	.000000
17.81915	.103500	.000000
17.88061	.104678	.000000
17.94248	.105662	.000000
18.00478	.106928	.000000
18.06752	.108225	.000000
18.13069	.110715	.000000
18.19431	.113635	.000000
18.25837	.115079	.000000
18.3229	.114715	.000000
18.38788	.114014	.000000
18.45331	.114190	.000000
18.51922	.114760	.000000
18.5856	.116514	.000000
18.65245	.120593	.000000
18.71979	.126125	.000000
18.78759	.131599	.000000
18.85591	.135539	.000000
18.92473	.137742	.000000
18.99405	.137866	.000000
19.06388	.136420	.000000
19.13423	.133493	.000000
19.2051	.129280	.000000
19.27651	.125729	.000000
19.34844	.122964	.000000
19.4209	.119666	.000000
19.49392	.115813	.000000
19.56748	.112191	.000000
19.6416	.109620	.000000
19.71628	.109224	.000000
19.79152	.109616	.000000
19.86735	.108884	.000000
19.94376	.105665	.000000
20.0208	.099963	.000000
20.0984	.093834	.000000
20.17661	.087467	.000000
20.25542	.080656	.000000
20.33485	.073876	.000000
20.41491	.067668	.000000
20.49561	.062633	.000000
20.57694	.058558	.000000
20.65892	.056030	.000000
20.74155	.055372	.000000
20.82485	.057433	.000000
20.90882	.061153	.000000
20.99347	.065438	.000000
21.07881	.068900	.000000
21.16485	.071165	.000000
21.25159	.072572	.000000
21.33905	.072808	.000000
21.42722	.071549	.000000
21.51613	.069427	.000000
21.60579	.067430	.000000
21.69619	.067392	.000000
21.78735	.069857	.000000
21.87928	.074797	.000000
21.97199	.081757	.000000
22.06544	.090740	.000000
22.15973	.100367	.000000
22.25484	.109803	.000000
22.35076	.117605	.000000
22.44752	.122511	.000000
22.54512	.125283	.000000
22.64357	.126484	.000000
22.74288	.127362	.000000
22.84307	.129969	.000000
22.94415	.135163	.000000
23.04612	.141864	.000000
23.14901	.149098	.000000
23.25281	.155829	.000000
23.35756	.160810	.000000
23.46325	.164827	.000000
23.5699	.167921	.000000
23.67752	.169758	.000000
23.78613	.171308	.000000
23.89575	.172697	.000000
24.00638	.172974	.000000
24.11803	.171613	.000000
24.23073	.167366	.000000
24.34449	.160155	.000000
24.45933	.151437	.000000
24.57525	.143410	.000000
24.69227	.137593	.000000
24.81042	.134335	.000000
24.9297	.133413	.000000
25.05013	.133710	.000000
25.17173	.133064	.000000
25.29452	.130146	.000000
25.41852	.124925	.000000
25.54373	.118450	.000000
25.67018	.111321	.000000
25.7979	.104606	.000000
25.92688	.098738	.000000
26.05717	.095516	.000000
26.18878	.095504	.000000
26.32171	.097303	.000000
26.45601	.098613	.000000
26.59168	.098477	.000000
26.72875	.097192	.000000
26.86724	.096316	.000000
27.00717	.097870	.000000
27.14857	.101964	.000000
27.29146	.106185	.000000
27.43586	.109256	.000000
27.58179	.111829	.000000
27.72929	.114739	.000000
27.87837	.116221	.000000
28.02907	.116470	.000000
28.1814	.116867	.000000
28.33539	.116610	.000000
28.49108	.114760	.000000
28.6485	.113310	.000000
28.80765	.112274	.000000
28.96859	.110532	.000000
29.13133	.108402	.000000
29.29592	.107223	.000000
29.46237	.105849	.000000
29.63073	.104548	.000000
29.80102	.103546	.000000
29.97328	.102253	.000000
30.14754	.100401	.000000
30.32384	.098349	.000000
30.50222	.096071	.000000
30.68271	.093032	.000000
30.86534	.088984	.000000
31.05017	.085279	.000000
31.23721	.081070	.000000
31.42653	.076588	.000000
31.61815	.073011	.000000
31.81213	.071031	.000000
32.0085	.069329	.000000
32.20731	.070459	.000000
32.40861	.073059	.000000
32.61244	.076728	.000000
32.81884	.082663	.000000
33.02788	.089830	.000000
33.2396	.095480	.000000
33.45405	.100308	.000000
33.67128	.105163	.000000
33.89136	.109533	.000000
34.11432	.113584	.000000
34.34025	.116442	.000000
34.56918	.117841	.000000
34.80119	.118116	.000000
35.03633	.117788	.000000
35.27468	.117790	.000000
35.51628	.116355	.000000
35.76123	.114739	.000000
36.00957	.113809	.000000
36.26138	.112293	.000000
36.51674	.111374	.000000
36.77573	.112229	.000000
37.03841	.113112	.000000
37.30488	.113869	.000000
37.5752	.114677	.000000
37.84947	.114103	.000000
38.12777	.114056	.000000
38.4102	.114326	.000000
38.69684	.114020	.000000
38.9878	.115390	.000000
39.28316	.116891	.000000
39.58303	.119851	.000000
39.88752	.122229	.000000
40.19672	.123402	.000000
40.51076	.123919	.000000
40.82975	.125431	.000000
41.15379	.127745	.000000
41.48302	.129304	.000000
41.81756	.129178	.000000
42.15754	.130508	.000000
42.50309	.132053	.000000
42.85436	.133685	.000000
43.21148	.135350	.000000
43.5746	.137257	.000000
43.94388	.138606	.000000
44.31946	.139018	.000000
44.70153	.140362	.000000
45.09024	.142695	.000000
45.48577	.144849	.000000
45.8883	.147189	.000000
46.29801	.148082	.000000
46.71511	.147788	.000000
47.13979	.149957	.000000
47.57227	.152437	.000000
48.01275	.156107	.000000
48.46147	.158836	.000000
48.91866	.160482	.000000
49.38455	.159693	.000000
49.8594	.152637	.000000
