Brown University Keck/NASA Relab Spectrum JB-JLB-707-A/BKR1JB707A
Wavelength(micron)	Reflectance
0.32	0.02981
0.325	0.02924
0.33	0.02763
0.335	0.02577
0.34	0.02581
0.345	0.02485
0.35	0.02505
0.355	0.02492
0.36	0.02452
0.365	0.02477
0.37	0.02482
0.375	0.02517
0.38	0.02527
0.385	0.02559
0.39	0.02617
0.395	0.02733
0.4	0.02739
0.405	0.02697
0.41	0.02713
0.415	0.02701
0.42	0.02699
0.425	0.02706
0.43	0.02710
0.435	0.02711
0.44	0.02707
0.445	0.02707
0.45	0.02711
0.455	0.02708
0.46	0.02717
0.465	0.02727
0.47	0.02737
0.475	0.02750
0.48	0.02766
0.485	0.02789
0.49	0.02820
0.495	0.02853
0.5	0.02898
0.505	0.02935
0.51	0.02987
0.515	0.03032
0.52	0.03093
0.525	0.03171
0.53	0.03284
0.535	0.03414
0.54	0.03599
0.545	0.03863
0.55	0.04238
0.555	0.04771
0.56	0.05562
0.565	0.06644
0.57	0.08068
0.575	0.09807
0.58	0.11824
0.585	0.13952
0.59	0.16054
0.595	0.17929
0.6	0.19555
0.605	0.20791
0.61	0.21764
0.615	0.22421
0.62	0.22932
0.625	0.23280
0.63	0.23577
0.635	0.23830
0.64	0.24107
0.645	0.24379
0.65	0.24710
0.655	0.25024
0.66	0.25466
0.665	0.25948
0.67	0.26471
0.675	0.27059
0.68	0.27748
0.685	0.28474
0.69	0.29290
0.695	0.30134
0.7	0.31040
0.705	0.31950
0.71	0.32880
0.715	0.33747
0.72	0.34625
0.725	0.35367
0.73	0.36010
0.735	0.36454
0.74	0.36693
0.745	0.36714
0.75	0.36589
0.755	0.36231
0.76	0.35802
0.765	0.35181
0.77	0.34566
0.775	0.33824
0.78	0.33089
0.785	0.32306
0.79	0.31568
0.795	0.30874
0.8	0.30160
0.805	0.29577
0.81	0.28945
0.815	0.28414
0.82	0.27941
0.825	0.27446
0.83	0.27101
0.835	0.26714
0.84	0.26437
0.845	0.26124
0.85	0.25911
0.855	0.25734
0.86	0.25554
0.865	0.25494
0.87	0.25461
0.875	0.25350
0.88	0.25506
0.885	0.25627
0.89	0.25680
0.895	0.25930
0.9	0.26240
0.905	0.26619
0.91	0.26982
0.915	0.27456
0.92	0.27861
0.925	0.28476
0.93	0.29124
0.935	0.29671
0.94	0.30569
0.945	0.31455
0.95	0.32326
0.955	0.33415
0.96	0.34454
0.965	0.35613
0.97	0.36857
0.975	0.38017
0.98	0.39439
0.985	0.40814
0.99	0.42182
0.995	0.43627
1	0.44999
1.005	0.46356
1.01	0.47731
1.015	0.49006
1.02	0.50302
1.025	0.51486
1.03	0.52605
1.035	0.53755
1.04	0.54714
1.045	0.55736
1.05	0.56653
1.055	0.57580
1.06	0.58567
1.065	0.59351
1.07	0.60298
1.075	0.61115
1.08	0.62051
1.085	0.62967
1.09	0.63756
1.095	0.64705
1.1	0.65641
1.105	0.66589
1.11	0.67515
1.115	0.68497
1.12	0.69379
1.125	0.70388
1.13	0.71438
1.135	0.72417
1.14	0.73440
1.145	0.74505
1.15	0.75357
1.155	0.76463
1.16	0.77372
1.165	0.78318
1.17	0.79188
1.175	0.80032
1.18	0.80865
1.185	0.81611
1.19	0.82344
1.195	0.83003
1.2	0.83673
1.205	0.84395
1.21	0.84762
1.215	0.85340
1.22	0.85810
1.225	0.86230
1.23	0.86518
1.235	0.86928
1.24	0.87224
1.245	0.87505
1.25	0.87776
1.255	0.87993
1.26	0.88172
1.265	0.88367
1.27	0.88506
1.275	0.88640
1.28	0.88830
1.285	0.88891
1.29	0.89032
1.295	0.89113
1.3	0.89188
1.305	0.89234
1.31	0.89362
1.315	0.89344
1.32	0.89460
1.325	0.89474
1.33	0.89553
1.335	0.89591
1.34	0.89620
1.345	0.89560
1.35	0.89561
1.3507	0.89558
1.351	0.89552
1.3513	0.89557
1.3517	0.89556
1.3521	0.89557
1.3524	0.89559
1.3528	0.89556
1.3531	0.89559
1.3535	0.89567
1.3538	0.89567
1.3542	0.89572
1.3545	0.89583
1.3549	0.89576
1.3552	0.89572
1.3556	0.89578
1.3559	0.89573
1.3563	0.89568
1.3567	0.89577
1.357	0.89582
1.3574	0.89580
1.3577	0.89579
1.3581	0.89572
1.3584	0.89571
1.3588	0.89575
1.3592	0.89580
1.3595	0.89585
1.3599	0.89579
1.3602	0.89576
1.3606	0.89584
1.3609	0.89591
1.3613	0.89593
1.3617	0.89601
1.362	0.89602
1.3624	0.89595
1.3627	0.89587
1.3631	0.89583
1.3634	0.89583
1.3638	0.89584
1.3642	0.89589
1.3645	0.89599
1.3649	0.89597
1.3652	0.89593
1.3656	0.89589
1.3659	0.89575
1.3663	0.89565
1.3667	0.89568
1.367	0.89576
1.3674	0.89584
1.3678	0.89588
1.3681	0.89584
1.3685	0.89587
1.3688	0.89573
1.3692	0.89563
1.3696	0.89567
1.3699	0.89567
1.3703	0.89567
1.3707	0.89566
1.371	0.89561
1.3714	0.89546
1.3717	0.89543
1.3721	0.89543
1.3725	0.89537
1.3728	0.89530
1.3732	0.89525
1.3736	0.89518
1.3739	0.89511
1.3743	0.89507
1.3746	0.89505
1.375	0.89498
1.3754	0.89483
1.3757	0.89474
1.3761	0.89465
1.3765	0.89458
1.3768	0.89451
1.3772	0.89440
1.3776	0.89438
1.3779	0.89437
1.3783	0.89428
1.3787	0.89432
1.379	0.89440
1.3794	0.89442
1.3798	0.89441
1.3801	0.89439
1.3805	0.89448
1.3809	0.89447
1.3812	0.89438
1.3816	0.89437
1.382	0.89438
1.3823	0.89451
1.3827	0.89463
1.3831	0.89445
1.3834	0.89427
1.3838	0.89432
1.3842	0.89429
1.3846	0.89428
1.3849	0.89435
1.3853	0.89431
1.3857	0.89425
1.386	0.89424
1.3864	0.89411
1.3868	0.89402
1.3872	0.89393
1.3875	0.89391
1.3879	0.89393
1.3883	0.89384
1.3886	0.89372
1.389	0.89367
1.3894	0.89364
1.3898	0.89348
1.3901	0.89338
1.3905	0.89335
1.3909	0.89324
1.3912	0.89306
1.3916	0.89302
1.392	0.89298
1.3924	0.89298
1.3927	0.89292
1.3931	0.89281
1.3935	0.89272
1.3939	0.89261
1.3942	0.89258
1.3946	0.89257
1.395	0.89244
1.3954	0.89233
1.3957	0.89230
1.3961	0.89225
1.3965	0.89222
1.3969	0.89209
1.3972	0.89190
1.3976	0.89174
1.398	0.89168
1.3984	0.89166
1.3988	0.89157
1.3991	0.89151
1.3995	0.89142
1.3999	0.89132
1.4003	0.89116
1.4006	0.89098
1.401	0.89081
1.4014	0.89070
1.4018	0.89053
1.4022	0.89029
1.4025	0.89009
1.4029	0.88986
1.4033	0.88968
1.4037	0.88952
1.4041	0.88923
1.4044	0.88897
1.4048	0.88881
1.4052	0.88858
1.4056	0.88833
1.406	0.88808
1.4063	0.88784
1.4067	0.88763
1.4071	0.88742
1.4075	0.88717
1.4079	0.88686
1.4083	0.88662
1.4086	0.88649
1.409	0.88645
1.4094	0.88639
1.4098	0.88636
1.4102	0.88633
1.4106	0.88630
1.4109	0.88622
1.4113	0.88616
1.4117	0.88602
1.4121	0.88579
1.4125	0.88550
1.4128	0.88519
1.4132	0.88491
1.4136	0.88472
1.414	0.88464
1.4144	0.88466
1.4148	0.88473
1.4152	0.88481
1.4156	0.88495
1.4159	0.88511
1.4163	0.88534
1.4167	0.88553
1.4171	0.88568
1.4175	0.88584
1.4179	0.88599
1.4183	0.88613
1.4187	0.88629
1.419	0.88648
1.4194	0.88663
1.4198	0.88682
1.4202	0.88699
1.4206	0.88709
1.421	0.88719
1.4214	0.88731
1.4218	0.88743
1.4222	0.88757
1.4225	0.88772
1.4229	0.88785
1.4233	0.88806
1.4237	0.88826
1.4241	0.88837
1.4245	0.88845
1.4249	0.88855
1.4253	0.88864
1.4257	0.88872
1.4261	0.88882
1.4265	0.88894
1.4268	0.88905
1.4272	0.88913
1.4276	0.88921
1.428	0.88931
1.4284	0.88939
1.4288	0.88941
1.4292	0.88942
1.4296	0.88951
1.43	0.88962
1.4304	0.88969
1.4308	0.88975
1.4312	0.88982
1.4316	0.88989
1.432	0.88996
1.4324	0.88998
1.4328	0.89002
1.4332	0.89012
1.4336	0.89015
1.4339	0.89018
1.4343	0.89022
1.4348	0.89022
1.4351	0.89021
1.4355	0.89024
1.4359	0.89032
1.4363	0.89041
1.4367	0.89044
1.4371	0.89045
1.4375	0.89050
1.4379	0.89057
1.4383	0.89057
1.4387	0.89056
1.4391	0.89057
1.4395	0.89061
1.4399	0.89066
1.4403	0.89067
1.4407	0.89069
1.4411	0.89071
1.4415	0.89076
1.4419	0.89080
1.4423	0.89084
1.4427	0.89091
1.4431	0.89091
1.4435	0.89091
1.4439	0.89096
1.4443	0.89098
1.4447	0.89095
1.4451	0.89091
1.4456	0.89092
1.4459	0.89102
1.4463	0.89109
1.4468	0.89109
1.4472	0.89103
1.4476	0.89108
1.448	0.89116
1.4484	0.89120
1.4488	0.89125
1.4492	0.89122
1.4496	0.89119
1.45	0.89116
1.4504	0.89119
1.4508	0.89128
1.4512	0.89132
1.4516	0.89134
1.452	0.89139
1.4524	0.89138
1.4528	0.89137
1.4532	0.89137
1.4537	0.89134
1.4541	0.89132
1.4545	0.89139
1.4549	0.89143
1.4553	0.89145
1.4557	0.89149
1.4561	0.89149
1.4565	0.89150
1.4569	0.89154
1.4573	0.89162
1.4577	0.89163
1.4582	0.89162
1.4586	0.89165
1.459	0.89169
1.4594	0.89163
1.4598	0.89163
1.4602	0.89168
1.4606	0.89175
1.461	0.89180
1.4614	0.89181
1.4618	0.89176
1.4623	0.89181
1.4627	0.89195
1.4631	0.89194
1.4635	0.89192
1.4639	0.89192
1.4643	0.89191
1.4647	0.89187
1.4652	0.89185
1.4656	0.89191
1.466	0.89199
1.4664	0.89208
1.4668	0.89205
1.4672	0.89197
1.4676	0.89199
1.4681	0.89195
1.4685	0.89197
1.4689	0.89209
1.4693	0.89209
1.4697	0.89208
1.4701	0.89211
1.4706	0.89218
1.471	0.89220
1.4714	0.89221
1.4718	0.89221
1.4722	0.89221
1.4726	0.89218
1.4731	0.89217
1.4735	0.89217
1.4739	0.89222
1.4743	0.89226
1.4747	0.89225
1.4752	0.89222
1.4756	0.89224
1.476	0.89222
1.4764	0.89220
1.4768	0.89220
1.4773	0.89219
1.4777	0.89218
1.4781	0.89221
1.4785	0.89225
1.4789	0.89227
1.4794	0.89226
1.4798	0.89227
1.4802	0.89230
1.4806	0.89231
1.4811	0.89231
1.4815	0.89231
1.4819	0.89229
1.4823	0.89227
1.4828	0.89230
1.4832	0.89230
1.4836	0.89231
1.484	0.89235
1.4844	0.89239
1.4849	0.89238
1.4853	0.89239
1.4857	0.89238
1.4862	0.89236
1.4866	0.89237
1.487	0.89237
1.4874	0.89242
1.4879	0.89247
1.4883	0.89246
1.4887	0.89246
1.4891	0.89246
1.4896	0.89241
1.49	0.89238
1.4904	0.89238
1.4908	0.89237
1.4913	0.89240
1.4917	0.89241
1.4921	0.89247
1.4926	0.89250
1.493	0.89241
1.4934	0.89241
1.4939	0.89249
1.4943	0.89256
1.4947	0.89255
1.4952	0.89249
1.4956	0.89249
1.496	0.89256
1.4964	0.89253
1.4969	0.89247
1.4973	0.89244
1.4977	0.89247
1.4982	0.89249
1.4986	0.89247
1.499	0.89252
1.4995	0.89252
1.4999	0.89250
1.5003	0.89253
1.5008	0.89253
1.5012	0.89249
1.5017	0.89249
1.5021	0.89247
1.5025	0.89249
1.5029	0.89244
1.5034	0.89243
1.5038	0.89247
1.5043	0.89247
1.5047	0.89245
1.5051	0.89246
1.5056	0.89248
1.506	0.89246
1.5064	0.89248
1.5069	0.89247
1.5073	0.89246
1.5078	0.89248
1.5082	0.89251
1.5086	0.89249
1.5091	0.89243
1.5095	0.89240
1.51	0.89241
1.5104	0.89242
1.5108	0.89243
1.5113	0.89243
1.5117	0.89245
1.5122	0.89240
1.5126	0.89233
1.513	0.89235
1.5135	0.89233
1.5139	0.89229
1.5144	0.89233
1.5148	0.89237
1.5153	0.89239
1.5157	0.89238
1.5161	0.89234
1.5166	0.89229
1.517	0.89228
1.5175	0.89231
1.5179	0.89232
1.5184	0.89230
1.5188	0.89223
1.5193	0.89224
1.5197	0.89231
1.5201	0.89229
1.5206	0.89223
1.521	0.89227
1.5215	0.89227
1.5219	0.89223
1.5224	0.89221
1.5228	0.89216
1.5233	0.89215
1.5237	0.89219
1.5242	0.89223
1.5246	0.89224
1.5251	0.89225
1.5255	0.89228
1.5259	0.89218
1.5264	0.89208
1.5268	0.89214
1.5273	0.89220
1.5278	0.89218
1.5282	0.89215
1.5287	0.89213
1.5291	0.89211
1.5296	0.89207
1.53	0.89204
1.5305	0.89206
1.5309	0.89203
1.5314	0.89200
1.5318	0.89201
1.5323	0.89199
1.5327	0.89193
1.5332	0.89191
1.5336	0.89196
1.5341	0.89196
1.5345	0.89193
1.535	0.89197
1.5354	0.89199
1.5359	0.89201
1.5363	0.89199
1.5368	0.89191
1.5373	0.89188
1.5377	0.89190
1.5382	0.89190
1.5386	0.89183
1.5391	0.89183
1.5396	0.89180
1.54	0.89182
1.5405	0.89188
1.5409	0.89189
1.5414	0.89186
1.5418	0.89180
1.5423	0.89170
1.5428	0.89170
1.5432	0.89173
1.5437	0.89174
1.5441	0.89169
1.5446	0.89162
1.5451	0.89163
1.5455	0.89166
1.546	0.89172
1.5464	0.89168
1.5469	0.89165
1.5474	0.89167
1.5478	0.89165
1.5483	0.89163
1.5488	0.89160
1.5492	0.89158
1.5497	0.89163
1.5501	0.89166
1.5506	0.89164
1.5511	0.89158
1.5515	0.89153
1.552	0.89152
1.5524	0.89157
1.5529	0.89156
1.5534	0.89157
1.5538	0.89159
1.5543	0.89154
1.5548	0.89152
1.5553	0.89151
1.5557	0.89148
1.5562	0.89149
1.5567	0.89147
1.5571	0.89144
1.5576	0.89143
1.5581	0.89143
1.5585	0.89144
1.559	0.89144
1.5595	0.89139
1.5599	0.89140
1.5604	0.89140
1.5609	0.89137
1.5613	0.89132
1.5618	0.89129
1.5623	0.89125
1.5628	0.89129
1.5632	0.89130
1.5637	0.89126
1.5642	0.89129
1.5646	0.89134
1.5651	0.89129
1.5656	0.89129
1.5661	0.89130
1.5665	0.89126
1.567	0.89120
1.5675	0.89120
1.5679	0.89128
1.5684	0.89124
1.5689	0.89117
1.5694	0.89112
1.5698	0.89113
1.5703	0.89114
1.5708	0.89109
1.5713	0.89107
1.5718	0.89106
1.5722	0.89103
1.5727	0.89107
1.5732	0.89101
1.5737	0.89096
1.5741	0.89095
1.5746	0.89092
1.5751	0.89092
1.5756	0.89091
1.5761	0.89093
1.5765	0.89095
1.577	0.89094
1.5775	0.89091
1.578	0.89090
1.5784	0.89091
1.5789	0.89087
1.5794	0.89083
1.5799	0.89080
1.5804	0.89073
1.5809	0.89071
1.5813	0.89071
1.5818	0.89072
1.5823	0.89073
1.5828	0.89071
1.5833	0.89071
1.5838	0.89072
1.5842	0.89067
1.5847	0.89064
1.5852	0.89066
1.5857	0.89063
1.5862	0.89057
1.5867	0.89052
1.5872	0.89050
1.5876	0.89049
1.5881	0.89045
1.5886	0.89044
1.5891	0.89048
1.5896	0.89046
1.5901	0.89043
1.5906	0.89042
1.591	0.89036
1.5915	0.89029
1.592	0.89025
1.5925	0.89027
1.593	0.89031
1.5935	0.89028
1.594	0.89020
1.5945	0.89013
1.595	0.89016
1.5954	0.89019
1.5959	0.89017
1.5964	0.89017
1.5969	0.89018
1.5974	0.89010
1.5979	0.89005
1.5984	0.89002
1.5989	0.89001
1.5994	0.89003
1.5999	0.89003
1.6004	0.89001
1.6009	0.88997
1.6014	0.88992
1.6019	0.88988
1.6023	0.88985
1.6028	0.88982
1.6033	0.88982
1.6038	0.88981
1.6043	0.88980
1.6048	0.88976
1.6053	0.88971
1.6058	0.88971
1.6063	0.88968
1.6068	0.88968
1.6073	0.88970
1.6078	0.88966
1.6083	0.88965
1.6088	0.88961
1.6093	0.88960
1.6098	0.88965
1.6103	0.88959
1.6108	0.88951
1.6113	0.88947
1.6118	0.88945
1.6123	0.88948
1.6128	0.88944
1.6133	0.88937
1.6138	0.88942
1.6143	0.88943
1.6148	0.88937
1.6153	0.88929
1.6158	0.88926
1.6163	0.88924
1.6168	0.88923
1.6173	0.88918
1.6178	0.88915
1.6184	0.88913
1.6189	0.88908
1.6194	0.88906
1.6199	0.88904
1.6204	0.88906
1.6209	0.88904
1.6214	0.88901
1.6219	0.88896
1.6224	0.88892
1.6229	0.88890
1.6234	0.88887
1.6239	0.88885
1.6244	0.88883
1.6249	0.88881
1.6255	0.88878
1.626	0.88874
1.6265	0.88872
1.627	0.88869
1.6275	0.88861
1.628	0.88852
1.6285	0.88852
1.629	0.88854
1.6296	0.88856
1.6301	0.88859
1.6306	0.88857
1.6311	0.88847
1.6316	0.88840
1.6321	0.88835
1.6326	0.88836
1.6331	0.88836
1.6337	0.88834
1.6342	0.88834
1.6347	0.88827
1.6352	0.88821
1.6357	0.88818
1.6362	0.88820
1.6368	0.88820
1.6373	0.88815
1.6378	0.88812
1.6383	0.88813
1.6388	0.88811
1.6393	0.88807
1.6398	0.88803
1.6404	0.88802
1.6409	0.88801
1.6414	0.88795
1.6419	0.88788
1.6424	0.88781
1.643	0.88784
1.6435	0.88782
1.644	0.88781
1.6445	0.88780
1.6451	0.88771
1.6456	0.88767
1.6461	0.88764
1.6466	0.88766
1.6472	0.88765
1.6477	0.88760
1.6482	0.88753
1.6487	0.88751
1.6492	0.88742
1.6498	0.88739
1.6503	0.88738
1.6508	0.88734
1.6513	0.88738
1.6519	0.88741
1.6524	0.88735
1.6529	0.88727
1.6534	0.88726
1.654	0.88722
1.6545	0.88718
1.655	0.88716
1.6556	0.88716
1.6561	0.88713
1.6566	0.88712
1.6572	0.88708
1.6577	0.88698
1.6582	0.88688
1.6587	0.88684
1.6593	0.88683
1.6598	0.88679
1.6603	0.88678
1.6609	0.88673
1.6614	0.88666
1.6619	0.88661
1.6625	0.88651
1.663	0.88642
1.6635	0.88641
1.6641	0.88636
1.6646	0.88634
1.6651	0.88628
1.6657	0.88622
1.6662	0.88621
1.6667	0.88615
1.6673	0.88614
1.6678	0.88606
1.6683	0.88600
1.6689	0.88605
1.6694	0.88603
1.67	0.88596
1.6705	0.88594
1.671	0.88591
1.6716	0.88586
1.6721	0.88580
1.6727	0.88579
1.6732	0.88577
1.6737	0.88577
1.6743	0.88576
1.6748	0.88571
1.6754	0.88564
1.6759	0.88560
1.6764	0.88558
1.677	0.88551
1.6775	0.88543
1.6781	0.88541
1.6786	0.88537
1.6792	0.88529
1.6797	0.88518
1.6802	0.88509
1.6808	0.88502
1.6813	0.88500
1.6819	0.88497
1.6824	0.88491
1.683	0.88488
1.6835	0.88488
1.6841	0.88486
1.6846	0.88486
1.6852	0.88483
1.6857	0.88481
1.6863	0.88481
1.6868	0.88482
1.6873	0.88483
1.6879	0.88476
1.6884	0.88470
1.689	0.88473
1.6896	0.88475
1.6901	0.88472
1.6907	0.88469
1.6912	0.88467
1.6918	0.88467
1.6923	0.88460
1.6929	0.88452
1.6934	0.88458
1.694	0.88458
1.6945	0.88455
1.6951	0.88453
1.6956	0.88451
1.6962	0.88446
1.6967	0.88437
1.6973	0.88436
1.6978	0.88439
1.6984	0.88432
1.699	0.88425
1.6995	0.88422
1.7001	0.88423
1.7006	0.88422
1.7012	0.88416
1.7018	0.88411
1.7023	0.88407
1.7029	0.88402
1.7034	0.88399
1.704	0.88399
1.7046	0.88406
1.7051	0.88404
1.7057	0.88388
1.7062	0.88377
1.7068	0.88374
1.7074	0.88375
1.7079	0.88368
1.7085	0.88358
1.709	0.88355
1.7096	0.88350
1.7102	0.88344
1.7107	0.88339
1.7113	0.88337
1.7119	0.88337
1.7124	0.88329
1.713	0.88323
1.7136	0.88321
1.7141	0.88314
1.7147	0.88303
1.7153	0.88305
1.7158	0.88305
1.7164	0.88296
1.717	0.88291
1.7175	0.88283
1.7181	0.88281
1.7187	0.88280
1.7192	0.88269
1.7198	0.88264
1.7204	0.88265
1.721	0.88262
1.7215	0.88255
1.7221	0.88249
1.7227	0.88247
1.7232	0.88247
1.7238	0.88245
1.7244	0.88244
1.725	0.88241
1.7255	0.88234
1.7261	0.88235
1.7267	0.88234
1.7273	0.88229
1.7278	0.88230
1.7284	0.88231
1.729	0.88220
1.7296	0.88212
1.7301	0.88210
1.7307	0.88207
1.7313	0.88206
1.7319	0.88209
1.7325	0.88210
1.733	0.88211
1.7336	0.88206
1.7342	0.88202
1.7348	0.88200
1.7354	0.88203
1.7359	0.88200
1.7365	0.88199
1.7371	0.88196
1.7377	0.88185
1.7383	0.88182
1.7388	0.88182
1.7394	0.88179
1.74	0.88176
1.7406	0.88173
1.7412	0.88172
1.7418	0.88168
1.7423	0.88166
1.7429	0.88167
1.7435	0.88162
1.7441	0.88157
1.7447	0.88154
1.7453	0.88150
1.7459	0.88143
1.7465	0.88138
1.7471	0.88142
1.7476	0.88140
1.7482	0.88138
1.7488	0.88134
1.7494	0.88131
1.75	0.88128
1.7506	0.88123
1.7512	0.88121
1.7518	0.88118
1.7524	0.88116
1.753	0.88115
1.7536	0.88107
1.7541	0.88102
1.7547	0.88101
1.7553	0.88099
1.7559	0.88095
1.7565	0.88095
1.7571	0.88092
1.7577	0.88087
1.7583	0.88081
1.7589	0.88078
1.7595	0.88074
1.7601	0.88071
1.7607	0.88067
1.7613	0.88066
1.7619	0.88062
1.7625	0.88061
1.7631	0.88061
1.7637	0.88063
1.7643	0.88062
1.7649	0.88061
1.7655	0.88059
1.7661	0.88052
1.7667	0.88046
1.7673	0.88045
1.7679	0.88042
1.7685	0.88038
1.7691	0.88037
1.7697	0.88035
1.7703	0.88034
1.7709	0.88030
1.7715	0.88027
1.7721	0.88024
1.7727	0.88019
1.7733	0.88015
1.7739	0.88012
1.7746	0.88012
1.7752	0.88011
1.7758	0.88006
1.7764	0.88001
1.777	0.87998
1.7776	0.87993
1.7782	0.87991
1.7788	0.87986
1.7794	0.87980
1.78	0.87980
1.7807	0.87975
1.7813	0.87971
1.7819	0.87973
1.7825	0.87970
1.7831	0.87968
1.7837	0.87968
1.7843	0.87967
1.7849	0.87969
1.7856	0.87967
1.7862	0.87958
1.7868	0.87956
1.7874	0.87960
1.788	0.87961
1.7886	0.87955
1.7893	0.87950
1.7899	0.87947
1.7905	0.87941
1.7911	0.87938
1.7917	0.87938
1.7923	0.87936
1.793	0.87933
1.7936	0.87928
1.7942	0.87924
1.7948	0.87922
1.7954	0.87920
1.7961	0.87913
1.7967	0.87908
1.7973	0.87908
1.7979	0.87905
1.7986	0.87903
1.7992	0.87900
1.7998	0.87894
1.8004	0.87892
1.8011	0.87886
1.8017	0.87881
1.8023	0.87878
1.8029	0.87877
1.8036	0.87876
1.8042	0.87871
1.8048	0.87864
1.8054	0.87861
1.8061	0.87857
1.8067	0.87850
1.8073	0.87847
1.808	0.87839
1.8086	0.87827
1.8092	0.87822
1.8099	0.87818
1.8105	0.87816
1.8111	0.87810
1.8118	0.87801
1.8124	0.87801
1.813	0.87800
1.8137	0.87795
1.8143	0.87790
1.8149	0.87788
1.8156	0.87788
1.8162	0.87788
1.8168	0.87787
1.8175	0.87777
1.8181	0.87770
1.8188	0.87768
1.8194	0.87769
1.82	0.87771
1.8207	0.87768
1.8213	0.87763
1.8219	0.87763
1.8226	0.87757
1.8232	0.87751
1.8239	0.87745
1.8245	0.87748
1.8252	0.87744
1.8258	0.87748
1.8264	0.87752
1.8271	0.87740
1.8277	0.87736
1.8284	0.87734
1.829	0.87730
1.8297	0.87728
1.8303	0.87729
1.831	0.87733
1.8316	0.87726
1.8323	0.87723
1.8329	0.87720
1.8336	0.87705
1.8342	0.87702
1.8348	0.87708
1.8355	0.87702
1.8361	0.87701
1.8368	0.87700
1.8374	0.87695
1.8381	0.87690
1.8388	0.87680
1.8394	0.87678
1.8401	0.87679
1.8407	0.87673
1.8414	0.87676
1.842	0.87680
1.8427	0.87664
1.8433	0.87649
1.844	0.87644
1.8446	0.87642
1.8453	0.87638
1.8459	0.87634
1.8466	0.87639
1.8473	0.87645
1.8479	0.87636
1.8486	0.87626
1.8492	0.87615
1.8499	0.87606
1.8506	0.87602
1.8512	0.87598
1.8519	0.87592
1.8526	0.87593
1.8532	0.87593
1.8539	0.87599
1.8545	0.87588
1.8552	0.87568
1.8559	0.87565
1.8565	0.87575
1.8572	0.87568
1.8579	0.87555
1.8585	0.87548
1.8592	0.87549
1.8599	0.87555
1.8605	0.87546
1.8612	0.87530
1.8619	0.87519
1.8625	0.87517
1.8632	0.87515
1.8639	0.87514
1.8645	0.87503
1.8652	0.87496
1.8659	0.87491
1.8666	0.87483
1.8672	0.87478
1.8679	0.87477
1.8686	0.87465
1.8692	0.87453
1.8699	0.87443
1.8706	0.87442
1.8713	0.87434
1.8719	0.87407
1.8726	0.87403
1.8733	0.87390
1.874	0.87358
1.8747	0.87339
1.8753	0.87325
1.876	0.87305
1.8767	0.87296
1.8774	0.87285
1.878	0.87268
1.8787	0.87249
1.8794	0.87227
1.8801	0.87218
1.8808	0.87210
1.8814	0.87200
1.8821	0.87192
1.8828	0.87184
1.8835	0.87171
1.8842	0.87164
1.8849	0.87159
1.8856	0.87150
1.8862	0.87137
1.8869	0.87127
1.8876	0.87119
1.8883	0.87113
1.889	0.87106
1.8897	0.87100
1.8904	0.87092
1.8911	0.87077
1.8918	0.87065
1.8924	0.87055
1.8931	0.87046
1.8938	0.87036
1.8945	0.87020
1.8952	0.87007
1.8959	0.86991
1.8966	0.86980
1.8973	0.86979
1.898	0.86970
1.8987	0.86958
1.8994	0.86955
1.9001	0.86949
1.9008	0.86930
1.9015	0.86914
1.9022	0.86907
1.9029	0.86905
1.9036	0.86891
1.9043	0.86877
1.905	0.86877
1.9057	0.86877
1.9064	0.86868
1.9071	0.86859
1.9078	0.86842
1.9085	0.86830
1.9092	0.86824
1.9099	0.86814
1.9106	0.86804
1.9113	0.86794
1.912	0.86782
1.9127	0.86779
1.9134	0.86778
1.9141	0.86759
1.9148	0.86741
1.9155	0.86731
1.9162	0.86727
1.9169	0.86721
1.9176	0.86708
1.9183	0.86701
1.9191	0.86692
1.9198	0.86688
1.9205	0.86687
1.9212	0.86671
1.9219	0.86655
1.9226	0.86646
1.9233	0.86639
1.924	0.86634
1.9248	0.86624
1.9255	0.86615
1.9262	0.86611
1.9269	0.86602
1.9276	0.86595
1.9283	0.86590
1.9291	0.86584
1.9298	0.86581
1.9305	0.86581
1.9312	0.86573
1.9319	0.86565
1.9327	0.86560
1.9334	0.86557
1.9341	0.86558
1.9348	0.86557
1.9355	0.86551
1.9363	0.86543
1.937	0.86539
1.9377	0.86541
1.9384	0.86538
1.9392	0.86534
1.9399	0.86530
1.9406	0.86525
1.9413	0.86521
1.9421	0.86521
1.9428	0.86522
1.9435	0.86520
1.9442	0.86518
1.945	0.86515
1.9457	0.86512
1.9464	0.86508
1.9472	0.86504
1.9479	0.86504
1.9486	0.86501
1.9494	0.86498
1.9501	0.86492
1.9508	0.86490
1.9516	0.86495
1.9523	0.86492
1.953	0.86487
1.9538	0.86485
1.9545	0.86484
1.9552	0.86482
1.956	0.86480
1.9567	0.86478
1.9575	0.86472
1.9582	0.86469
1.9589	0.86470
1.9597	0.86468
1.9604	0.86465
1.9612	0.86464
1.9619	0.86460
1.9626	0.86459
1.9634	0.86457
1.9641	0.86457
1.9649	0.86456
1.9656	0.86452
1.9664	0.86449
1.9671	0.86449
1.9679	0.86450
1.9686	0.86447
1.9693	0.86440
1.9701	0.86437
1.9708	0.86437
1.9716	0.86436
1.9723	0.86434
1.9731	0.86431
1.9738	0.86425
1.9746	0.86423
1.9753	0.86424
1.9761	0.86422
1.9769	0.86420
1.9776	0.86418
1.9784	0.86418
1.9791	0.86415
1.9799	0.86409
1.9806	0.86405
1.9814	0.86402
1.9822	0.86402
1.9829	0.86404
1.9837	0.86398
1.9844	0.86389
1.9852	0.86387
1.9859	0.86388
1.9867	0.86388
1.9875	0.86382
1.9882	0.86377
1.989	0.86375
1.9898	0.86370
1.9905	0.86372
1.9913	0.86369
1.9921	0.86360
1.9928	0.86360
1.9936	0.86358
1.9943	0.86356
1.9951	0.86357
1.9959	0.86356
1.9967	0.86355
1.9974	0.86356
1.9982	0.86352
1.999	0.86350
1.9997	0.86346
2.0005	0.86343
2.0013	0.86341
2.0021	0.86340
2.0028	0.86341
2.0036	0.86338
2.0044	0.86336
2.0052	0.86329
2.0059	0.86327
2.0067	0.86328
2.0075	0.86327
2.0083	0.86324
2.009	0.86323
2.0098	0.86322
2.0106	0.86322
2.0114	0.86317
2.0122	0.86315
2.0129	0.86313
2.0137	0.86308
2.0145	0.86305
2.0153	0.86303
2.0161	0.86304
2.0168	0.86301
2.0176	0.86298
2.0184	0.86295
2.0192	0.86291
2.02	0.86289
2.0208	0.86289
2.0216	0.86287
2.0223	0.86285
2.0231	0.86280
2.0239	0.86278
2.0247	0.86273
2.0255	0.86268
2.0263	0.86270
2.0271	0.86270
2.0279	0.86266
2.0287	0.86263
2.0295	0.86255
2.0303	0.86252
2.0311	0.86256
2.0319	0.86257
2.0327	0.86255
2.0335	0.86249
2.0343	0.86243
2.0351	0.86241
2.0358	0.86238
2.0367	0.86232
2.0374	0.86232
2.0383	0.86235
2.0391	0.86230
2.0399	0.86223
2.0407	0.86220
2.0415	0.86215
2.0423	0.86208
2.0431	0.86208
2.0439	0.86208
2.0447	0.86206
2.0455	0.86204
2.0463	0.86201
2.0471	0.86197
2.0479	0.86191
2.0487	0.86186
2.0495	0.86184
2.0504	0.86176
2.0512	0.86172
2.052	0.86174
2.0528	0.86174
2.0536	0.86171
2.0544	0.86167
2.0552	0.86163
2.056	0.86159
2.0569	0.86154
2.0577	0.86148
2.0585	0.86145
2.0593	0.86142
2.0601	0.86141
2.0609	0.86141
2.0618	0.86135
2.0626	0.86135
2.0634	0.86132
2.0642	0.86122
2.0651	0.86116
2.0659	0.86114
2.0667	0.86112
2.0675	0.86111
2.0683	0.86110
2.0692	0.86108
2.07	0.86101
2.0708	0.86095
2.0716	0.86093
2.0725	0.86087
2.0733	0.86077
2.0741	0.86073
2.075	0.86074
2.0758	0.86072
2.0766	0.86061
2.0775	0.86053
2.0783	0.86051
2.0791	0.86052
2.08	0.86051
2.0808	0.86046
2.0816	0.86040
2.0825	0.86035
2.0833	0.86028
2.0841	0.86029
2.085	0.86026
2.0858	0.86019
2.0866	0.86019
2.0875	0.86019
2.0883	0.86013
2.0892	0.86005
2.09	0.85998
2.0909	0.85995
2.0917	0.85994
2.0926	0.85994
2.0934	0.85989
2.0942	0.85981
2.0951	0.85977
2.0959	0.85975
2.0968	0.85971
2.0976	0.85968
2.0985	0.85965
2.0993	0.85959
2.1002	0.85949
2.101	0.85944
2.1019	0.85942
2.1027	0.85944
2.1036	0.85943
2.1044	0.85942
2.1053	0.85938
2.1061	0.85928
2.107	0.85918
2.1079	0.85911
2.1087	0.85909
2.1096	0.85910
2.1104	0.85904
2.1113	0.85899
2.1121	0.85897
2.113	0.85894
2.1139	0.85891
2.1147	0.85889
2.1156	0.85882
2.1165	0.85877
2.1173	0.85875
2.1182	0.85871
2.1191	0.85863
2.1199	0.85857
2.1208	0.85851
2.1217	0.85846
2.1225	0.85841
2.1234	0.85838
2.1243	0.85833
2.1251	0.85829
2.126	0.85827
2.1269	0.85822
2.1278	0.85816
2.1286	0.85810
2.1295	0.85807
2.1304	0.85799
2.1313	0.85789
2.1321	0.85782
2.133	0.85776
2.1339	0.85771
2.1348	0.85765
2.1356	0.85757
2.1365	0.85756
2.1374	0.85751
2.1383	0.85740
2.1392	0.85735
2.1401	0.85730
2.1409	0.85724
2.1418	0.85723
2.1427	0.85722
2.1436	0.85719
2.1445	0.85710
2.1454	0.85704
2.1463	0.85700
2.1471	0.85694
2.148	0.85686
2.1489	0.85682
2.1498	0.85681
2.1507	0.85679
2.1516	0.85669
2.1525	0.85662
2.1534	0.85656
2.1543	0.85651
2.1552	0.85642
2.1561	0.85636
2.157	0.85633
2.1579	0.85627
2.1588	0.85620
2.1597	0.85615
2.1606	0.85607
2.1615	0.85598
2.1624	0.85591
2.1633	0.85584
2.1642	0.85575
2.1651	0.85570
2.166	0.85560
2.1669	0.85551
2.1678	0.85544
2.1687	0.85539
2.1696	0.85535
2.1705	0.85526
2.1714	0.85514
2.1723	0.85508
2.1732	0.85508
2.1741	0.85504
2.1751	0.85493
2.176	0.85481
2.1769	0.85475
2.1778	0.85469
2.1787	0.85461
2.1796	0.85451
2.1806	0.85443
2.1815	0.85435
2.1824	0.85428
2.1833	0.85418
2.1842	0.85408
2.1851	0.85395
2.1861	0.85382
2.187	0.85372
2.1879	0.85364
2.1888	0.85354
2.1898	0.85341
2.1907	0.85328
2.1916	0.85312
2.1925	0.85301
2.1935	0.85293
2.1944	0.85285
2.1953	0.85276
2.1963	0.85262
2.1972	0.85250
2.1981	0.85239
2.1991	0.85224
2.2	0.85215
2.2009	0.85212
2.2019	0.85207
2.2028	0.85200
2.2037	0.85198
2.2047	0.85193
2.2056	0.85184
2.2065	0.85177
2.2075	0.85171
2.2084	0.85163
2.2094	0.85152
2.2103	0.85140
2.2112	0.85132
2.2122	0.85125
2.2131	0.85106
2.2141	0.85092
2.215	0.85081
2.216	0.85066
2.2169	0.85048
2.2179	0.85029
2.2188	0.85008
2.2198	0.84985
2.2207	0.84968
2.2217	0.84952
2.2226	0.84932
2.2236	0.84909
2.2245	0.84882
2.2255	0.84858
2.2264	0.84840
2.2274	0.84815
2.2284	0.84788
2.2293	0.84767
2.2303	0.84739
2.2312	0.84715
2.2322	0.84697
2.2331	0.84674
2.2341	0.84650
2.2351	0.84627
2.236	0.84602
2.237	0.84582
2.238	0.84562
2.2389	0.84541
2.2399	0.84520
2.2409	0.84505
2.2418	0.84482
2.2428	0.84459
2.2438	0.84439
2.2448	0.84417
2.2457	0.84392
2.2467	0.84373
2.2477	0.84359
2.2486	0.84339
2.2496	0.84315
2.2506	0.84295
2.2516	0.84274
2.2526	0.84251
2.2535	0.84227
2.2545	0.84203
2.2555	0.84179
2.2565	0.84158
2.2575	0.84140
2.2584	0.84121
2.2594	0.84106
2.2604	0.84088
2.2614	0.84065
2.2624	0.84046
2.2634	0.84032
2.2644	0.84013
2.2654	0.83995
2.2663	0.83974
2.2673	0.83955
2.2683	0.83943
2.2693	0.83927
2.2703	0.83904
2.2713	0.83887
2.2723	0.83874
2.2733	0.83858
2.2743	0.83840
2.2753	0.83827
2.2763	0.83811
2.2773	0.83790
2.2783	0.83777
2.2793	0.83768
2.2803	0.83750
2.2813	0.83724
2.2823	0.83704
2.2833	0.83690
2.2843	0.83675
2.2853	0.83658
2.2863	0.83643
2.2873	0.83623
2.2883	0.83602
2.2894	0.83577
2.2904	0.83553
2.2914	0.83535
2.2924	0.83513
2.2934	0.83487
2.2944	0.83460
2.2954	0.83435
2.2964	0.83411
2.2975	0.83391
2.2985	0.83368
2.2995	0.83344
2.3005	0.83325
2.3016	0.83306
2.3026	0.83279
2.3036	0.83253
2.3046	0.83233
2.3056	0.83216
2.3067	0.83199
2.3077	0.83187
2.3087	0.83182
2.3098	0.83176
2.3108	0.83164
2.3118	0.83152
2.3128	0.83148
2.3139	0.83147
2.3149	0.83143
2.3159	0.83141
2.317	0.83142
2.318	0.83142
2.3191	0.83139
2.3201	0.83127
2.3211	0.83117
2.3222	0.83111
2.3232	0.83108
2.3243	0.83101
2.3253	0.83090
2.3263	0.83073
2.3274	0.83056
2.3284	0.83043
2.3295	0.83029
2.3305	0.83010
2.3316	0.82988
2.3326	0.82968
2.3337	0.82950
2.3347	0.82931
2.3358	0.82911
2.3368	0.82890
2.3379	0.82867
2.3389	0.82847
2.34	0.82824
2.341	0.82800
2.3421	0.82778
2.3431	0.82755
2.3442	0.82738
2.3453	0.82724
2.3463	0.82707
2.3474	0.82687
2.3485	0.82667
2.3495	0.82645
2.3506	0.82628
2.3517	0.82610
2.3527	0.82586
2.3538	0.82563
2.3549	0.82544
2.3559	0.82521
2.357	0.82501
2.3581	0.82482
2.3591	0.82462
2.3602	0.82441
2.3613	0.82417
2.3624	0.82397
2.3634	0.82378
2.3645	0.82352
2.3656	0.82325
2.3667	0.82294
2.3678	0.82270
2.3689	0.82247
2.3699	0.82225
2.371	0.82200
2.3721	0.82171
2.3732	0.82145
2.3743	0.82124
2.3754	0.82101
2.3764	0.82080
2.3775	0.82065
2.3786	0.82049
2.3797	0.82030
2.3808	0.82011
2.3819	0.81991
2.383	0.81976
2.3841	0.81958
2.3852	0.81938
2.3863	0.81923
2.3874	0.81915
2.3885	0.81909
2.3896	0.81902
2.3907	0.81893
2.3918	0.81888
2.3929	0.81884
2.394	0.81877
2.3951	0.81873
2.3962	0.81869
2.3973	0.81865
2.3984	0.81865
2.3995	0.81856
2.4006	0.81842
2.4018	0.81833
2.4029	0.81832
2.404	0.81827
2.4051	0.81816
2.4062	0.81812
2.4073	0.81803
2.4085	0.81789
2.4096	0.81782
2.4107	0.81779
2.4118	0.81770
2.4129	0.81765
2.4141	0.81759
2.4152	0.81757
2.4163	0.81752
2.4174	0.81737
2.4186	0.81728
2.4197	0.81717
2.4208	0.81705
2.422	0.81694
2.4231	0.81686
2.4242	0.81682
2.4254	0.81670
2.4265	0.81649
2.4276	0.81635
2.4288	0.81620
2.4299	0.81608
2.4311	0.81599
2.4322	0.81589
2.4333	0.81577
2.4345	0.81566
2.4356	0.81555
2.4368	0.81540
2.4379	0.81525
2.4391	0.81516
2.4402	0.81510
2.4414	0.81494
2.4425	0.81480
2.4436	0.81475
2.4448	0.81468
2.4459	0.81454
2.4471	0.81438
2.4483	0.81426
2.4494	0.81417
2.4506	0.81405
2.4517	0.81391
2.4529	0.81381
2.4541	0.81372
2.4552	0.81361
2.4564	0.81351
2.4576	0.81342
2.4587	0.81330
2.4599	0.81317
2.4611	0.81313
2.4622	0.81300
2.4634	0.81288
2.4646	0.81284
2.4657	0.81276
2.4669	0.81266
2.4681	0.81262
2.4693	0.81256
2.4704	0.81245
2.4716	0.81231
2.4728	0.81215
2.474	0.81203
2.4751	0.81191
2.4763	0.81181
2.4775	0.81178
2.4787	0.81169
2.4799	0.81161
2.4811	0.81153
2.4823	0.81138
2.4834	0.81131
2.4846	0.81118
2.4858	0.81106
2.487	0.81097
2.4882	0.81094
2.4894	0.81088
2.4906	0.81075
2.4918	0.81059
2.493	0.81050
2.4942	0.81044
2.4954	0.81038
2.4966	0.81031
2.4978	0.81025
2.499	0.81014
2.5002	0.81003
2.5014	0.80997
2.5026	0.80985
2.5038	0.80975
2.505	0.80966
2.5063	0.80955
2.5075	0.80953
2.5087	0.80949
2.5099	0.80942
2.5111	0.80937
2.5123	0.80935
2.5135	0.80921
2.5148	0.80908
2.516	0.80907
2.5172	0.80907
2.5184	0.80902
2.5196	0.80896
2.5209	0.80892
2.5221	0.80893
2.5233	0.80892
2.5246	0.80885
2.5258	0.80881
2.527	0.80882
2.5282	0.80872
2.5295	0.80853
2.5307	0.80850
2.5319	0.80853
2.5332	0.80851
2.5344	0.80839
2.5357	0.80832
2.5369	0.80832
2.5381	0.80821
2.5394	0.80818
2.5406	0.80809
2.5419	0.80806
2.5431	0.80802
2.5444	0.80786
2.5456	0.80776
2.5469	0.80783
2.5481	0.80780
2.5494	0.80766
2.5506	0.80757
2.5519	0.80761
2.5531	0.80759
2.5544	0.80732
2.5556	0.80711
2.5569	0.80707
2.5582	0.80696
2.5594	0.80690
2.5607	0.80716
2.562	0.80727
2.5632	0.80708
2.5645	0.80677
2.5658	0.80636
2.567	0.80616
2.5683	0.80614
2.5696	0.80623
2.5709	0.80598
2.5721	0.80586
2.5734	0.80611
2.5747	0.80565
2.576	0.80526
2.5773	0.80514
2.5785	0.80479
2.5798	0.80462
2.5811	0.80468
2.5824	0.80466
2.5837	0.80481
2.585	0.80438
2.5862	0.80392
2.5875	0.80379
2.5888	0.80341
2.5901	0.80305
2.5914	0.80283
2.5927	0.80295
2.594	0.80367
2.5953	0.80372
2.5966	0.80242
2.5979	0.80167
2.5992	0.80126
2.6005	0.80096
2.6018	0.80084
2.6031	0.80078
2.6044	0.80090
2.6057	0.80091
2.6071	0.80029
2.6084	0.79988
2.6097	0.79945
2.611	0.79890
2.6123	0.79854
2.6136	0.79826
2.6149	0.79809
2.6163	0.79845
2.6176	0.79814
2.6189	0.79764
2.6202	0.79773
2.6216	0.79703
2.6229	0.79617
2.6242	0.79574
2.6255	0.79564
2.6269	0.79569
2.6282	0.79504
2.6295	0.79496
2.6309	0.79492
2.6322	0.79408
2.6335	0.79356
2.6349	0.79302
2.6362	0.79241
2.6376	0.79206
2.6389	0.79160
2.6402	0.79121
2.6416	0.79094
2.6429	0.79059
2.6443	0.79011
2.6456	0.78969
2.647	0.78904
2.6483	0.78852
2.6497	0.78806
2.651	0.78778
2.6524	0.78755
2.6538	0.78700
2.6551	0.78645
2.6565	0.78598
2.6578	0.78536
2.6592	0.78501
2.6606	0.78447
2.6619	0.78378
2.6633	0.78333
2.6647	0.78337
2.666	0.78295
2.6674	0.78193
2.6688	0.78080
2.6701	0.78050
2.6715	0.77902
2.6729	0.77737
2.6743	0.77636
2.6756	0.77539
2.677	0.77394
2.6784	0.77199
2.6798	0.76941
2.6812	0.76615
2.6826	0.76305
2.684	0.75977
2.6854	0.75605
2.6868	0.75187
2.6881	0.74720
2.6895	0.74227
2.6909	0.73698
2.6923	0.73225
2.6937	0.72829
2.6951	0.72504
2.6965	0.72315
2.6979	0.72235
2.6993	0.72197
2.7007	0.72176
2.7021	0.72121
2.7036	0.72045
2.705	0.71946
2.7064	0.71791
2.7078	0.71583
2.7092	0.71355
2.7106	0.71100
2.712	0.70771
2.7135	0.70402
2.7149	0.70055
2.7163	0.69679
2.7177	0.69271
2.7191	0.68877
2.7206	0.68504
2.722	0.68046
2.7234	0.67667
2.7249	0.67291
2.7263	0.66904
2.7277	0.66575
2.7292	0.66296
2.7306	0.66005
2.732	0.65661
2.7335	0.65266
2.7349	0.64834
2.7364	0.64290
2.7378	0.63708
2.7393	0.63079
2.7407	0.62326
2.7422	0.61460
2.7436	0.60584
2.7451	0.59699
2.7465	0.58776
2.748	0.57801
2.7494	0.56786
2.7509	0.55830
2.7523	0.55053
2.7538	0.54551
2.7553	0.54241
2.7567	0.53818
2.7582	0.53213
2.7597	0.52365
2.7611	0.51479
2.7626	0.50910
2.7641	0.50629
2.7656	0.50454
2.767	0.50311
2.7685	0.50118
2.77	0.49874
2.7715	0.49627
2.7729	0.49429
2.7744	0.49279
2.7759	0.49155
2.7774	0.49023
2.7789	0.48898
2.7804	0.48781
2.7819	0.48657
2.7834	0.48503
2.7849	0.48338
2.7864	0.48168
2.7879	0.47991
2.7894	0.47770
2.7909	0.47536
2.7924	0.47296
2.7939	0.47040
2.7954	0.46775
2.7969	0.46521
2.7984	0.46266
2.7999	0.46016
2.8014	0.45767
2.8029	0.45532
2.8044	0.45270
2.806	0.45006
2.8075	0.44763
2.809	0.44520
2.8105	0.44265
2.8121	0.44012
2.8136	0.43764
2.8151	0.43526
2.8166	0.43282
2.8182	0.43052
2.8197	0.42828
2.8212	0.42593
2.8228	0.42355
2.8243	0.42140
2.8258	0.41944
2.8274	0.41760
2.8289	0.41585
2.8305	0.41419
2.832	0.41255
2.8336	0.41097
2.8351	0.40939
2.8367	0.40791
2.8382	0.40638
2.8398	0.40490
2.8413	0.40351
2.8429	0.40213
2.8444	0.40075
2.846	0.39944
2.8476	0.39819
2.8491	0.39700
2.8507	0.39570
2.8523	0.39441
2.8538	0.39316
2.8554	0.39188
2.857	0.39059
2.8586	0.38942
2.8601	0.38823
2.8617	0.38709
2.8633	0.38598
2.8649	0.38497
2.8664	0.38402
2.868	0.38315
2.8696	0.38235
2.8712	0.38159
2.8728	0.38079
2.8744	0.38002
2.876	0.37928
2.8776	0.37851
2.8792	0.37779
2.8808	0.37717
2.8824	0.37650
2.884	0.37584
2.8856	0.37520
2.8872	0.37454
2.8888	0.37385
2.8904	0.37322
2.892	0.37256
2.8936	0.37191
2.8953	0.37127
2.8969	0.37063
2.8985	0.37005
2.9001	0.36948
2.9017	0.36872
2.9034	0.36799
2.905	0.36728
2.9066	0.36653
2.9083	0.36584
2.9099	0.36532
2.9115	0.36484
2.9131	0.36444
2.9148	0.36414
2.9164	0.36400
2.9181	0.36396
2.9197	0.36395
2.9214	0.36400
2.923	0.36416
2.9247	0.36433
2.9263	0.36444
2.928	0.36456
2.9296	0.36475
2.9313	0.36495
2.9329	0.36522
2.9346	0.36547
2.9363	0.36577
2.9379	0.36610
2.9396	0.36648
2.9412	0.36681
2.9429	0.36719
2.9446	0.36763
2.9463	0.36815
2.9479	0.36867
2.9496	0.36928
2.9513	0.36994
2.953	0.37056
2.9546	0.37118
2.9563	0.37178
2.958	0.37245
2.9597	0.37317
2.9614	0.37384
2.9631	0.37459
2.9648	0.37533
2.9665	0.37604
2.9682	0.37674
2.9699	0.37745
2.9716	0.37816
2.9733	0.37893
2.975	0.37968
2.9767	0.38039
2.9784	0.38111
2.9801	0.38187
2.9818	0.38267
2.9836	0.38344
2.9853	0.38413
2.987	0.38488
2.9887	0.38562
2.9904	0.38640
2.9922	0.38715
2.9939	0.38793
2.9956	0.38868
2.9974	0.38945
2.9991	0.39018
3.0008	0.39092
3.0026	0.39158
3.0043	0.39226
3.006	0.39299
3.0078	0.39369
3.0095	0.39436
3.0113	0.39510
3.013	0.39582
3.0148	0.39655
3.0165	0.39721
3.0183	0.39786
3.02	0.39857
3.0218	0.39924
3.0236	0.39985
3.0253	0.40052
3.0271	0.40122
3.0289	0.40190
3.0306	0.40248
3.0324	0.40309
3.0342	0.40375
3.036	0.40438
3.0377	0.40502
3.0395	0.40566
3.0413	0.40628
3.0431	0.40685
3.0449	0.40737
3.0467	0.40791
3.0484	0.40854
3.0502	0.40916
3.052	0.40974
3.0538	0.41033
3.0556	0.41088
3.0574	0.41143
3.0592	0.41199
3.0611	0.41258
3.0629	0.41313
3.0647	0.41362
3.0665	0.41412
3.0683	0.41471
3.0701	0.41526
3.0719	0.41578
3.0738	0.41632
3.0756	0.41686
3.0774	0.41743
3.0792	0.41808
3.0811	0.41871
3.0829	0.41917
3.0847	0.41965
3.0866	0.42017
3.0884	0.42074
3.0902	0.42138
3.0921	0.42198
3.0939	0.42256
3.0958	0.42312
3.0976	0.42373
3.0995	0.42437
3.1013	0.42500
3.1032	0.42556
3.105	0.42614
3.1069	0.42677
3.1088	0.42742
3.1106	0.42808
3.1125	0.42877
3.1144	0.42948
3.1162	0.43018
3.1181	0.43086
3.12	0.43151
3.1219	0.43212
3.1237	0.43274
3.1256	0.43343
3.1275	0.43413
3.1294	0.43487
3.1313	0.43564
3.1332	0.43643
3.1351	0.43719
3.137	0.43789
3.1389	0.43862
3.1408	0.43939
3.1427	0.44012
3.1446	0.44086
3.1465	0.44166
3.1484	0.44251
3.1503	0.44332
3.1522	0.44409
3.1541	0.44488
3.1561	0.44569
3.158	0.44648
3.1599	0.44732
3.1618	0.44815
3.1638	0.44898
3.1657	0.44982
3.1676	0.45067
3.1696	0.45149
3.1715	0.45238
3.1734	0.45329
3.1754	0.45416
3.1773	0.45500
3.1793	0.45584
3.1812	0.45672
3.1832	0.45760
3.1851	0.45846
3.1871	0.45927
3.1891	0.46014
3.191	0.46099
3.193	0.46179
3.1949	0.46262
3.1969	0.46351
3.1989	0.46442
3.2009	0.46529
3.2029	0.46614
3.2048	0.46698
3.2068	0.46774
3.2088	0.46858
3.2108	0.46943
3.2128	0.47024
3.2148	0.47104
3.2168	0.47184
3.2188	0.47261
3.2208	0.47343
3.2228	0.47428
3.2248	0.47507
3.2268	0.47585
3.2288	0.47665
3.2308	0.47743
3.2328	0.47819
3.2348	0.47901
3.2368	0.47977
3.2389	0.48052
3.2409	0.48118
3.2429	0.48171
3.2449	0.48215
3.247	0.48249
3.249	0.48274
3.251	0.48320
3.2531	0.48401
3.2551	0.48500
3.2572	0.48605
3.2592	0.48717
3.2613	0.48832
3.2633	0.48941
3.2654	0.49042
3.2674	0.49140
3.2695	0.49242
3.2716	0.49336
3.2736	0.49418
3.2757	0.49502
3.2778	0.49588
3.2798	0.49670
3.2819	0.49745
3.284	0.49825
3.2861	0.49907
3.2881	0.49985
3.2902	0.50067
3.2923	0.50146
3.2944	0.50222
3.2965	0.50304
3.2986	0.50378
3.3007	0.50450
3.3028	0.50531
3.3049	0.50608
3.307	0.50680
3.3091	0.50747
3.3112	0.50821
3.3134	0.50900
3.3155	0.50976
3.3176	0.51051
3.3197	0.51121
3.3219	0.51186
3.324	0.51256
3.3261	0.51320
3.3283	0.51373
3.3304	0.51415
3.3325	0.51454
3.3347	0.51487
3.3368	0.51504
3.339	0.51510
3.3411	0.51496
3.3433	0.51466
3.3454	0.51422
3.3476	0.51356
3.3498	0.51267
3.3519	0.51163
3.3541	0.51049
3.3563	0.50911
3.3584	0.50736
3.3606	0.50526
3.3628	0.50281
3.365	0.50034
3.3671	0.49798
3.3693	0.49584
3.3715	0.49401
3.3737	0.49255
3.3759	0.49152
3.3781	0.49120
3.3803	0.49175
3.3825	0.49302
3.3847	0.49465
3.3869	0.49615
3.3891	0.49725
3.3914	0.49770
3.3936	0.49742
3.3958	0.49652
3.398	0.49535
3.4003	0.49397
3.4025	0.49245
3.4047	0.49101
3.407	0.48979
3.4092	0.48887
3.4114	0.48831
3.4137	0.48831
3.4159	0.48904
3.4182	0.49068
3.4204	0.49349
3.4227	0.49740
3.425	0.50184
3.4272	0.50626
3.4295	0.51028
3.4318	0.51378
3.434	0.51688
3.4363	0.51975
3.4386	0.52232
3.4409	0.52475
3.4432	0.52712
3.4454	0.52944
3.4477	0.53157
3.45	0.53353
3.4523	0.53530
3.4546	0.53692
3.4569	0.53836
3.4592	0.53942
3.4616	0.53998
3.4639	0.54007
3.4662	0.53976
3.4685	0.53910
3.4708	0.53832
3.4731	0.53756
3.4755	0.53692
3.4778	0.53652
3.4801	0.53621
3.4825	0.53572
3.4848	0.53497
3.4872	0.53385
3.4895	0.53245
3.4919	0.53093
3.4942	0.52941
3.4966	0.52826
3.4989	0.52800
3.5013	0.52911
3.5036	0.53157
3.506	0.53488
3.5084	0.53844
3.5108	0.54198
3.5131	0.54536
3.5155	0.54859
3.5179	0.55167
3.5203	0.55453
3.5227	0.55705
3.5251	0.55941
3.5275	0.56181
3.5299	0.56449
3.5323	0.56740
3.5347	0.57058
3.5371	0.57409
3.5395	0.57781
3.5419	0.58139
3.5444	0.58465
3.5468	0.58751
3.5492	0.58999
3.5516	0.59223
3.5541	0.59417
3.5565	0.59590
3.559	0.59745
3.5614	0.59875
3.5639	0.59991
3.5663	0.60109
3.5688	0.60222
3.5712	0.60328
3.5737	0.60432
3.5761	0.60532
3.5786	0.60628
3.5811	0.60720
3.5836	0.60805
3.586	0.60892
3.5885	0.60979
3.591	0.61072
3.5935	0.61159
3.596	0.61242
3.5985	0.61321
3.601	0.61398
3.6035	0.61469
3.606	0.61538
3.6085	0.61612
3.611	0.61689
3.6135	0.61759
3.616	0.61823
3.6186	0.61882
3.6211	0.61934
3.6236	0.61991
3.6261	0.62049
3.6287	0.62089
3.6312	0.62125
3.6338	0.62153
3.6363	0.62173
3.6389	0.62193
3.6414	0.62199
3.644	0.62211
3.6466	0.62234
3.6491	0.62262
3.6517	0.62304
3.6543	0.62369
3.6568	0.62449
3.6594	0.62527
3.662	0.62619
3.6646	0.62727
3.6672	0.62847
3.6698	0.62971
3.6724	0.63082
3.675	0.63181
3.6776	0.63279
3.6802	0.63380
3.6828	0.63467
3.6854	0.63554
3.6881	0.63646
3.6907	0.63731
3.6933	0.63816
3.6959	0.63901
3.6986	0.63975
3.7012	0.64047
3.7039	0.64117
3.7065	0.64183
3.7092	0.64248
3.7118	0.64316
3.7145	0.64375
3.7171	0.64434
3.7198	0.64499
3.7225	0.64560
3.7251	0.64615
3.7278	0.64675
3.7305	0.64733
3.7332	0.64784
3.7359	0.64850
3.7386	0.64922
3.7413	0.64972
3.744	0.65027
3.7467	0.65103
3.7494	0.65170
3.7521	0.65233
3.7548	0.65290
3.7575	0.65341
3.7603	0.65404
3.763	0.65464
3.7657	0.65507
3.7685	0.65558
3.7712	0.65620
3.7739	0.65675
3.7767	0.65729
3.7794	0.65776
3.7822	0.65833
3.785	0.65899
3.7877	0.65953
3.7905	0.65991
3.7933	0.66036
3.7961	0.66086
3.7988	0.66138
3.8016	0.66188
3.8044	0.66232
3.8072	0.66274
3.81	0.66326
3.8128	0.66381
3.8156	0.66420
3.8184	0.66464
3.8212	0.66506
3.824	0.66539
3.8269	0.66581
3.8297	0.66635
3.8325	0.66693
3.8354	0.66742
3.8382	0.66770
3.841	0.66800
3.8439	0.66851
3.8467	0.66893
3.8496	0.66930
3.8524	0.66967
3.8553	0.67017
3.8582	0.67067
3.8611	0.67099
3.8639	0.67134
3.8668	0.67169
3.8697	0.67207
3.8726	0.67253
3.8755	0.67297
3.8784	0.67330
3.8813	0.67366
3.8842	0.67395
3.8871	0.67426
3.89	0.67463
3.8929	0.67497
3.8959	0.67535
3.8988	0.67572
3.9017	0.67610
3.9047	0.67644
3.9076	0.67667
3.9106	0.67689
3.9135	0.67721
3.9165	0.67762
3.9194	0.67799
3.9224	0.67837
3.9254	0.67869
3.9283	0.67901
3.9313	0.67936
3.9343	0.67962
3.9373	0.67990
3.9403	0.68018
3.9433	0.68053
3.9463	0.68078
3.9493	0.68097
3.9523	0.68125
3.9553	0.68149
3.9583	0.68179
3.9613	0.68212
3.9644	0.68236
3.9674	0.68263
3.9704	0.68282
3.9735	0.68289
3.9765	0.68317
3.9796	0.68360
3.9826	0.68377
3.9857	0.68390
3.9888	0.68406
3.9918	0.68433
3.9949	0.68468
3.998	0.68485
4.0011	0.68487
4.0042	0.68504
4.0073	0.68530
4.0104	0.68550
4.0135	0.68555
4.0166	0.68570
4.0197	0.68591
4.0228	0.68605
4.0259	0.68620
4.0291	0.68634
4.0322	0.68652
4.0353	0.68662
4.0385	0.68676
4.0416	0.68690
4.0448	0.68702
4.0479	0.68703
4.0511	0.68708
4.0543	0.68713
4.0574	0.68721
4.0606	0.68742
4.0638	0.68751
4.067	0.68745
4.0702	0.68747
4.0734	0.68748
4.0766	0.68754
4.0798	0.68777
4.083	0.68790
4.0862	0.68793
4.0894	0.68789
4.0926	0.68784
4.0959	0.68773
4.0991	0.68771
4.1024	0.68770
4.1056	0.68774
4.1089	0.68777
4.1121	0.68779
4.1154	0.68782
4.1187	0.68782
4.122	0.68783
4.1252	0.68784
4.1285	0.68785
4.1318	0.68780
4.1351	0.68777
4.1384	0.68769
4.1417	0.68760
4.145	0.68754
4.1483	0.68746
4.1516	0.68735
4.155	0.68729
4.1583	0.68720
4.1616	0.68707
4.165	0.68691
4.1683	0.68683
4.1717	0.68673
4.175	0.68661
4.1784	0.68647
4.1818	0.68635
4.1852	0.68620
4.1885	0.68609
4.1919	0.68594
4.1953	0.68582
4.1987	0.68568
4.2021	0.68550
4.2055	0.68534
4.2089	0.68517
4.2124	0.68495
4.2158	0.68478
4.2192	0.68459
4.2226	0.68441
4.2261	0.68418
4.2295	0.68392
4.233	0.68363
4.2365	0.68338
4.2399	0.68307
4.2434	0.68277
4.2469	0.68242
4.2503	0.68207
4.2538	0.68171
4.2573	0.68142
4.2608	0.68119
4.2643	0.68096
4.2678	0.68073
4.2713	0.68054
4.2749	0.68032
4.2784	0.68011
4.2819	0.67990
4.2855	0.67970
4.289	0.67947
4.2926	0.67924
4.2961	0.67897
4.2997	0.67872
4.3033	0.67848
4.3068	0.67825
4.3104	0.67796
4.314	0.67769
4.3176	0.67744
4.3212	0.67717
4.3248	0.67684
4.3284	0.67654
4.332	0.67621
4.3356	0.67587
4.3393	0.67552
4.3429	0.67524
4.3465	0.67490
4.3502	0.67455
4.3538	0.67418
4.3575	0.67379
4.3611	0.67341
4.3648	0.67305
4.3685	0.67266
4.3722	0.67224
4.3759	0.67177
4.3796	0.67126
4.3833	0.67072
4.387	0.67019
4.3907	0.66964
4.3944	0.66912
4.3981	0.66852
4.4019	0.66787
4.4056	0.66719
4.4094	0.66651
4.4131	0.66579
4.4169	0.66505
4.4206	0.66429
4.4244	0.66355
4.4282	0.66270
4.432	0.66187
4.4358	0.66104
4.4396	0.66017
4.4434	0.65923
4.4472	0.65826
4.451	0.65727
4.4548	0.65633
4.4586	0.65531
4.4625	0.65429
4.4663	0.65324
4.4702	0.65217
4.474	0.65107
4.4779	0.64996
4.4818	0.64885
4.4856	0.64773
4.4895	0.64657
4.4934	0.64546
4.4973	0.64433
4.5012	0.64318
4.5051	0.64206
4.509	0.64101
4.513	0.63994
4.5169	0.63891
4.5208	0.63785
4.5248	0.63680
4.5287	0.63576
4.5327	0.63477
4.5367	0.63379
4.5406	0.63285
4.5446	0.63192
4.5486	0.63105
4.5526	0.63019
4.5566	0.62936
4.5606	0.62854
4.5646	0.62777
4.5686	0.62699
4.5727	0.62626
4.5767	0.62556
4.5808	0.62487
4.5848	0.62418
4.5889	0.62357
4.5929	0.62300
4.597	0.62245
4.6011	0.62189
4.6052	0.62139
4.6093	0.62087
4.6134	0.62045
4.6175	0.62004
4.6216	0.61964
4.6257	0.61924
4.6298	0.61887
4.634	0.61852
4.6381	0.61819
4.6423	0.61785
4.6464	0.61761
4.6506	0.61736
4.6548	0.61714
4.659	0.61694
4.6631	0.61675
4.6673	0.61657
4.6715	0.61641
4.6758	0.61624
4.68	0.61612
4.6842	0.61599
4.6884	0.61591
4.6927	0.61582
4.6969	0.61576
4.7012	0.61572
4.7055	0.61565
4.7097	0.61554
4.714	0.61551
4.7183	0.61549
4.7226	0.61549
4.7269	0.61552
4.7312	0.61554
4.7355	0.61552
4.7399	0.61557
4.7442	0.61564
4.7485	0.61573
4.7529	0.61577
4.7573	0.61586
4.7616	0.61595
4.766	0.61606
4.7704	0.61618
4.7748	0.61636
4.7792	0.61652
4.7836	0.61668
4.788	0.61685
4.7924	0.61705
4.7969	0.61724
4.8013	0.61745
4.8058	0.61764
4.8102	0.61787
4.8147	0.61809
4.8191	0.61835
4.8236	0.61859
4.8281	0.61882
4.8326	0.61903
4.8371	0.61929
4.8416	0.61954
4.8462	0.61973
4.8507	0.61991
4.8553	0.62019
4.8598	0.62044
4.8644	0.62070
4.8689	0.62093
4.8735	0.62116
4.8781	0.62138
4.8827	0.62162
4.8873	0.62189
4.8919	0.62214
4.8965	0.62233
4.9011	0.62257
4.9058	0.62282
4.9104	0.62306
4.9151	0.62326
4.9197	0.62351
4.9244	0.62369
4.9291	0.62389
4.9338	0.62410
4.9385	0.62434
4.9432	0.62456
4.9479	0.62477
4.9526	0.62492
4.9574	0.62510
4.9621	0.62521
4.9669	0.62532
4.9716	0.62538
4.9764	0.62546
4.9812	0.62555
4.986	0.62563
4.9908	0.62571
4.9956	0.62581
5.0004	0.62587
5.0052	0.62590
5.01	0.62591
5.0149	0.62600
5.0198	0.62608
5.0246	0.62607
5.0295	0.62606
5.0344	0.62607
5.0393	0.62602
5.0442	0.62604
5.0491	0.62600
5.054	0.62603
5.0589	0.62606
5.0639	0.62608
5.0688	0.62605
5.0738	0.62601
5.0788	0.62598
5.0837	0.62603
5.0887	0.62611
5.0937	0.62629
5.0987	0.62648
5.1037	0.62670
5.1088	0.62687
5.1138	0.62706
5.1189	0.62724
5.1239	0.62746
5.129	0.62763
5.1341	0.62784
5.1391	0.62806
5.1443	0.62834
5.1494	0.62855
5.1545	0.62870
5.1596	0.62887
5.1647	0.62912
5.1699	0.62941
5.175	0.62973
5.1802	0.62997
5.1854	0.63024
5.1906	0.63055
5.1958	0.63091
5.201	0.63122
5.2062	0.63151
5.2115	0.63188
5.2167	0.63214
5.222	0.63227
5.2272	0.63247
5.2325	0.63274
5.2378	0.63305
5.2431	0.63326
5.2484	0.63355
5.2537	0.63377
5.259	0.63403
5.2644	0.63429
5.2697	0.63460
5.2751	0.63485
5.2805	0.63507
5.2858	0.63527
5.2912	0.63560
5.2966	0.63576
5.302	0.63595
5.3075	0.63615
5.3129	0.63637
5.3184	0.63652
5.3238	0.63671
5.3293	0.63685
5.3348	0.63702
5.3403	0.63717
5.3458	0.63748
5.3513	0.63768
5.3568	0.63770
5.3624	0.63778
5.3679	0.63803
5.3735	0.63825
5.379	0.63850
5.3846	0.63873
5.3902	0.63896
5.3958	0.63914
5.4015	0.63935
5.4071	0.63958
5.4127	0.63986
5.4184	0.64026
5.4241	0.64050
5.4297	0.64026
5.4354	0.64029
5.4411	0.64039
5.4468	0.64049
5.4526	0.64053
5.4583	0.64073
5.4641	0.64091
5.4698	0.64085
5.4756	0.64081
5.4814	0.64084
5.4872	0.64067
5.493	0.64066
5.4988	0.64062
5.5047	0.64063
5.5105	0.64056
5.5164	0.64065
5.5223	0.64065
5.5281	0.64063
5.534	0.64048
5.54	0.64041
5.5459	0.64035
5.5518	0.64036
5.5578	0.64019
5.5637	0.64007
5.5697	0.63998
5.5757	0.64022
5.5817	0.64009
5.5877	0.63966
5.5937	0.63940
5.5998	0.63939
5.6058	0.63916
5.6119	0.63894
5.618	0.63867
5.6241	0.63838
5.6302	0.63812
5.6363	0.63818
5.6424	0.63815
5.6486	0.63758
5.6547	0.63707
5.6609	0.63662
5.6671	0.63621
5.6733	0.63618
5.6795	0.63576
5.6857	0.63530
5.692	0.63502
5.6982	0.63464
5.7045	0.63440
5.7108	0.63433
5.7171	0.63372
5.7234	0.63314
5.7297	0.63246
5.7361	0.63185
5.7424	0.63115
5.7488	0.63038
5.7551	0.62904
5.7615	0.62848
5.768	0.62744
5.7744	0.62521
5.7808	0.62320
5.7873	0.62137
5.7937	0.61942
5.8002	0.61752
5.8067	0.61528
5.8132	0.61331
5.8197	0.61150
5.8263	0.60902
5.8328	0.60617
5.8394	0.60376
5.846	0.60154
5.8526	0.59967
5.8592	0.59784
5.8658	0.59591
5.8725	0.59373
5.8791	0.59207
5.8858	0.58878
5.8925	0.58566
5.8992	0.58215
5.9059	0.57778
5.9126	0.57392
5.9194	0.57020
5.9262	0.56659
5.9329	0.56370
5.9397	0.55981
5.9465	0.55541
5.9534	0.55164
5.9602	0.54835
5.9671	0.54553
5.974	0.54240
5.9808	0.53944
5.9878	0.53709
5.9947	0.53436
6.0016	0.53176
6.0086	0.52972
6.0155	0.52784
6.0225	0.52564
6.0295	0.52376
6.0365	0.52211
6.0436	0.52142
6.0506	0.52007
6.0577	0.51703
6.0648	0.51494
6.0719	0.51350
6.079	0.51130
6.0861	0.50908
6.0933	0.50725
6.1005	0.50567
6.1076	0.50450
6.1148	0.50337
6.1221	0.50146
6.1293	0.50006
6.1365	0.49917
6.1438	0.49847
6.1511	0.49772
6.1584	0.49716
6.1657	0.49610
6.1731	0.49500
6.1804	0.49427
6.1878	0.49302
6.1952	0.49071
6.2026	0.48856
6.21	0.48621
6.2175	0.48370
6.225	0.48076
6.2324	0.47763
6.2399	0.47434
6.2475	0.47112
6.255	0.46773
6.2625	0.46427
6.2701	0.46039
6.2777	0.45624
6.2853	0.45175
6.2929	0.44714
6.3006	0.44246
6.3083	0.43807
6.3159	0.43383
6.3236	0.42993
6.3314	0.42630
6.3391	0.42338
6.3469	0.41998
6.3546	0.41616
6.3624	0.41292
6.3703	0.40978
6.3781	0.40602
6.3859	0.40239
6.3938	0.39877
6.4017	0.39567
6.4096	0.39324
6.4176	0.39014
6.4255	0.38650
6.4335	0.38359
6.4415	0.38068
6.4495	0.37819
6.4575	0.37581
6.4656	0.37368
6.4736	0.37170
6.4817	0.37001
6.4898	0.36867
6.498	0.36701
6.5061	0.36509
6.5143	0.36413
6.5225	0.36358
6.5307	0.36313
6.5389	0.36321
6.5472	0.36397
6.5555	0.36512
6.5638	0.36673
6.5721	0.36897
6.5804	0.37120
6.5888	0.37372
6.5972	0.37674
6.6056	0.37995
6.614	0.38360
6.6225	0.38753
6.6309	0.39201
6.6394	0.39649
6.6479	0.40007
6.6565	0.40360
6.665	0.40754
6.6736	0.41135
6.6822	0.41469
6.6908	0.41714
6.6995	0.41944
6.7081	0.42228
6.7168	0.42526
6.7255	0.42814
6.7343	0.43089
6.743	0.43354
6.7518	0.43636
6.7606	0.43905
6.7694	0.44103
6.7783	0.44158
6.7871	0.44085
6.796	0.43900
6.805	0.43735
6.8139	0.43671
6.8229	0.43646
6.8319	0.43568
6.8409	0.43466
6.8499	0.43406
6.859	0.43389
6.868	0.43298
6.8772	0.43119
6.8863	0.42952
6.8955	0.42821
6.9046	0.42749
6.9138	0.42703
6.9231	0.42649
6.9323	0.42549
6.9416	0.42361
6.9509	0.42110
6.9602	0.41793
6.9696	0.41394
6.979	0.41021
6.9884	0.40710
6.9978	0.40446
7.0073	0.40233
7.0168	0.40084
7.0263	0.39997
7.0358	0.39989
7.0454	0.40072
7.0549	0.40175
7.0645	0.40338
7.0742	0.40574
7.0839	0.40872
7.0935	0.41220
7.1033	0.41623
7.113	0.42071
7.1228	0.42521
7.1326	0.42938
7.1424	0.43333
7.1522	0.43684
7.1621	0.43991
7.172	0.44264
7.182	0.44458
7.1919	0.44555
7.2019	0.44562
7.2119	0.44524
7.222	0.44564
7.232	0.44684
7.2421	0.44756
7.2523	0.44821
7.2624	0.45035
7.2726	0.45380
7.2828	0.45628
7.2931	0.45692
7.3034	0.45721
7.3136	0.45802
7.324	0.45855
7.3343	0.45840
7.3447	0.45730
7.3551	0.45548
7.3656	0.45339
7.3761	0.45100
7.3866	0.44826
7.3971	0.44538
7.4077	0.44285
7.4183	0.44139
7.4289	0.44197
7.4396	0.44487
7.4503	0.44908
7.461	0.45323
7.4717	0.45639
7.4825	0.45805
7.4933	0.45812
7.5042	0.45687
7.515	0.45445
7.5259	0.45091
7.5369	0.44657
7.5479	0.44203
7.5589	0.43790
7.5699	0.43447
7.581	0.43181
7.592	0.43001
7.6032	0.42912
7.6144	0.42892
7.6255	0.42886
7.6368	0.42850
7.648	0.42775
7.6593	0.42667
7.6707	0.42539
7.682	0.42400
7.6934	0.42267
7.7049	0.42145
7.7163	0.42043
7.7278	0.41950
7.7394	0.41866
7.7509	0.41778
7.7625	0.41673
7.7742	0.41553
7.7858	0.41416
7.7975	0.41265
7.8093	0.41104
7.8211	0.40931
7.8329	0.40745
7.8447	0.40534
7.8566	0.40296
7.8685	0.40028
7.8805	0.39737
7.8925	0.39423
7.9045	0.39098
7.9166	0.38780
7.9287	0.38482
7.9408	0.38207
7.953	0.37965
7.9652	0.37728
7.9775	0.37482
7.9898	0.37215
8.0021	0.36932
8.0145	0.36631
8.0269	0.36326
8.0393	0.36014
8.0518	0.35698
8.0643	0.35361
8.0769	0.35006
8.0895	0.34640
8.1021	0.34263
8.1148	0.33881
8.1275	0.33505
8.1403	0.33121
8.1531	0.32740
8.1659	0.32348
8.1788	0.31947
8.1917	0.31530
8.2047	0.31109
8.2177	0.30666
8.2307	0.30200
8.2438	0.29715
8.257	0.29241
8.2701	0.28765
8.2833	0.28286
8.2966	0.27803
8.3099	0.27338
8.3232	0.26879
8.3366	0.26448
8.35	0.26026
8.3635	0.25622
8.377	0.25228
8.3905	0.24860
8.4042	0.24517
8.4178	0.24216
8.4315	0.23953
8.4452	0.23741
8.459	0.23565
8.4728	0.23430
8.4867	0.23316
8.5006	0.23218
8.5145	0.23119
8.5285	0.23021
8.5426	0.22900
8.5567	0.22777
8.5708	0.22639
8.585	0.22505
8.5993	0.22362
8.6135	0.22209
8.6279	0.22026
8.6423	0.21825
8.6567	0.21599
8.6712	0.21363
8.6857	0.21103
8.7003	0.20850
8.7149	0.20614
8.7296	0.20411
8.7443	0.20238
8.759	0.20116
8.7739	0.20030
8.7887	0.20004
8.8037	0.20027
8.8186	0.20107
8.8337	0.20225
8.8487	0.20401
8.8638	0.20619
8.879	0.20872
8.8943	0.21132
8.9095	0.21409
8.9249	0.21683
8.9403	0.21967
8.9557	0.22240
8.9712	0.22509
8.9867	0.22767
9.0023	0.23026
9.018	0.23261
9.0337	0.23486
9.0495	0.23679
9.0653	0.23845
9.0812	0.23965
9.0971	0.24050
9.1131	0.24086
9.1291	0.24093
9.1452	0.24070
9.1614	0.24029
9.1776	0.23971
9.1939	0.23907
9.2102	0.23820
9.2266	0.23732
9.243	0.23640
9.2596	0.23551
9.2761	0.23446
9.2927	0.23331
9.3094	0.23196
9.3262	0.23073
9.343	0.22953
9.3598	0.22838
9.3768	0.22719
9.3937	0.22612
9.4108	0.22496
9.4279	0.22378
9.4451	0.22236
9.4623	0.22088
9.4796	0.21939
9.497	0.21798
9.5144	0.21645
9.5319	0.21486
9.5494	0.21300
9.5671	0.21110
9.5847	0.20914
9.6025	0.20737
9.6203	0.20572
9.6382	0.20431
9.6561	0.20311
9.6742	0.20227
9.6922	0.20150
9.7104	0.20093
9.7286	0.20042
9.7469	0.20003
9.7652	0.19964
9.7837	0.19926
9.8022	0.19877
9.8207	0.19838
9.8394	0.19782
9.8581	0.19730
9.8768	0.19664
9.8957	0.19598
9.9146	0.19521
9.9336	0.19451
9.9527	0.19365
9.9718	0.19281
9.991	0.19179
10.0103	0.19068
10.0297	0.18935
10.0491	0.18783
10.0686	0.18609
10.0882	0.18424
10.1079	0.18207
10.1276	0.17973
10.1475	0.17715
10.1673	0.17453
10.1873	0.17166
10.2074	0.16879
10.2275	0.16593
10.2477	0.16329
10.268	0.16063
10.2884	0.15813
10.3088	0.15569
10.3294	0.15344
10.35	0.15115
10.3707	0.14892
10.3915	0.14663
10.4123	0.14443
10.4333	0.14214
10.4543	0.13996
10.4755	0.13779
10.4967	0.13578
10.5179	0.13363
10.5393	0.13153
10.5608	0.12942
10.5823	0.12739
10.604	0.12529
10.6257	0.12331
10.6475	0.12116
10.6694	0.11896
10.6914	0.11667
10.7135	0.11442
10.7357	0.11213
10.758	0.11000
10.7803	0.10787
10.8028	0.10600
10.8254	0.10424
10.848	0.10272
10.8708	0.10132
10.8936	0.10016
10.9165	0.09916
10.9395	0.09865
10.9627	0.09829
10.9859	0.09827
11.0092	0.09858
11.0327	0.09934
11.0562	0.10030
11.0798	0.10156
11.1035	0.10286
11.1274	0.10426
11.1513	0.10545
11.1753	0.10651
11.1995	0.10728
11.2237	0.10785
11.248	0.10803
11.2725	0.10811
11.297	0.10792
11.3217	0.10773
11.3465	0.10752
11.3714	0.10738
11.3964	0.10714
11.4215	0.10686
11.4467	0.10648
11.472	0.10605
11.4975	0.10543
11.523	0.10467
11.5487	0.10353
11.5744	0.10222
11.6003	0.10068
11.6263	0.09915
11.6525	0.09770
11.6787	0.09638
11.7051	0.09496
11.7316	0.09379
11.7582	0.09274
11.7849	0.09185
11.8117	0.09090
11.8387	0.09009
11.8658	0.08924
11.893	0.08839
11.9203	0.08735
11.9478	0.08635
11.9754	0.08520
12.0031	0.08403
12.031	0.08265
12.059	0.08128
12.0871	0.07969
12.1153	0.07806
12.1437	0.07641
12.1722	0.07486
12.2008	0.07324
12.2296	0.07180
12.2585	0.07035
12.2876	0.06908
12.3168	0.06769
12.3461	0.06643
12.3755	0.06505
12.4051	0.06358
12.4349	0.06178
12.4648	0.05994
12.4948	0.05799
12.525	0.05603
12.5553	0.05392
12.5858	0.05200
12.6164	0.05015
12.6472	0.04853
12.6781	0.04699
12.7092	0.04574
12.7404	0.04462
12.7718	0.04371
12.8033	0.04286
12.835	0.04217
12.8669	0.04131
12.8989	0.04047
12.9311	0.03942
12.9634	0.03824
12.9959	0.03684
13.0285	0.03547
13.0613	0.03383
13.0943	0.03213
13.1275	0.03031
13.1608	0.02862
13.1943	0.02686
13.2279	0.02515
13.2618	0.02340
13.2958	0.02185
13.33	0.02029
13.3643	0.01887
13.3989	0.01750
13.4336	0.01630
13.4685	0.01499
13.5035	0.01387
13.5388	0.01260
13.5742	0.01149
13.6099	0.01031
13.6457	0.00938
13.6817	0.00843
13.7179	0.00772
13.7543	0.00689
13.7908	0.00620
13.8276	0.00557
13.8646	0.00506
13.9018	0.00439
13.9391	0.00406
13.9767	0.00367
14.0145	0.00323
14.0525	0.00286
14.0907	0.00268
14.129	0.00236
14.1677	0.00205
14.2065	0.00166
14.2455	0.00152
14.2847	0.00139
14.3242	0.00144
14.3639	0.00131
14.4038	0.00137
14.4439	0.00149
14.4843	0.00160
14.5248	0.00154
14.5656	0.00173
14.6067	0.00206
14.6479	0.00255
14.6894	0.00300
14.7312	0.00363
14.7731	0.00428
14.8153	0.00532
14.8578	0.00650
14.9005	0.00812
14.9434	0.00977
14.9866	0.01175
15.03	0.01391
15.0737	0.01631
15.1177	0.01880
15.1619	0.02137
15.2063	0.02369
15.2511	0.02614
15.2961	0.02859
15.3413	0.03084
15.3868	0.03224
15.4327	0.03335
15.4787	0.03417
15.5251	0.03482
15.5717	0.03521
15.6186	0.03566
15.6658	0.03595
15.7132	0.03623
15.761	0.03632
15.809	0.03652
15.8574	0.03672
15.906	0.03695
15.955	0.03695
16.0042	0.03721
16.0538	0.03736
16.1036	0.03772
16.1538	0.03775
16.2043	0.03771
16.2551	0.03744
16.3062	0.03728
16.3576	0.03709
16.4094	0.03698
16.4615	0.03658
16.5139	0.03628
16.5667	0.03594
16.6198	0.03600
16.6732	0.03576
16.727	0.03553
16.7811	0.03510
16.8356	0.03493
16.8904	0.03485
16.9457	0.03490
17.0012	0.03484
17.0571	0.03483
17.1134	0.03500
17.1701	0.03543
17.2272	0.03551
17.2846	0.03567
17.3424	0.03581
17.4006	0.03607
17.4592	0.03628
17.5182	0.03670
17.5776	0.03698
17.6373	0.03731
17.6975	0.03742
17.7581	0.03781
17.8191	0.03797
17.8806	0.03819
17.9425	0.03852
18.0048	0.03904
18.0675	0.03934
18.1307	0.03993
18.1943	0.04028
18.2584	0.04059
18.3229	0.04077
18.3879	0.04133
18.4533	0.04181
18.5192	0.04202
18.5856	0.04176
18.6524	0.04166
18.7198	0.04146
18.7876	0.04137
18.8559	0.04117
18.9248	0.04069
18.9941	0.03982
19.0639	0.03877
19.1343	0.03774
19.2051	0.03655
19.2765	0.03556
19.3484	0.03481
19.4209	0.03341
19.4939	0.03179
19.5675	0.03081
19.6416	0.02970
19.7163	0.02822
19.7915	0.02643
19.8674	0.02479
19.9438	0.02302
20.0208	0.02146
20.0984	0.02051
20.1766	0.02011
20.2554	0.02063
20.3348	0.02200
20.4149	0.02361
20.4956	0.02546
20.5769	0.02675
20.6589	0.02785
20.7415	0.02876
20.8248	0.02945
20.9088	0.03004
20.9934	0.03049
21.0788	0.03080
21.1648	0.03109
21.2516	0.03140
21.339	0.03139
21.4272	0.03132
21.5161	0.03162
21.6058	0.03171
21.6962	0.03185
21.7873	0.03202
21.8793	0.03207
21.972	0.03211
22.0655	0.03219
22.1598	0.03251
22.2549	0.03256
22.3508	0.03234
22.4475	0.03253
22.5451	0.03277
22.6436	0.03295
22.7429	0.03306
22.8431	0.03354
22.9442	0.03445
23.0462	0.03561
23.149	0.03714
23.2528	0.03894
23.3576	0.04081
23.4633	0.04258
23.5699	0.04371
23.6776	0.04456
23.7862	0.04502
23.8958	0.04431
24.0064	0.04227
24.1181	0.03955
24.2308	0.03639
24.3445	0.03332
24.4594	0.02985
24.5753	0.02589
24.6923	0.02177
24.8104	0.01782
24.9297	0.01541
25.0501	0.01427
25.1717	0.01392
25.2945	0.01455
25.4185	0.01609
25.5437	0.01801
25.6702	0.01970
25.7979	0.02088
25.9269	0.02211
26.0572	0.02348
26.1888	0.02467
26.3217	0.02544
26.456	0.02586
26.5917	0.02605
26.7288	0.02593
26.8672	0.02619
27.0072	0.02691
27.1486	0.02856
27.2915	0.03124
27.4359	0.03415
27.5818	0.03706
27.7293	0.03976
27.8784	0.04182
28.0291	0.04319
28.1814	0.04444
28.3354	0.04611
28.4911	0.04778
28.6485	0.04874
28.8077	0.04942
28.9686	0.05067
29.1313	0.05144
29.2959	0.05227
29.4624	0.05366
29.6307	0.05494
29.801	0.05565
29.9733	0.05625
30.1475	0.05660
30.3238	0.05680
30.5022	0.05735
30.6827	0.05834
30.8653	0.05896
31.0502	0.05999
31.2372	0.06099
31.4265	0.06177
31.6182	0.06231
31.8121	0.06355
32.0085	0.06481
32.2073	0.06543
32.4086	0.06647
32.6124	0.06745
32.8188	0.06811
33.0279	0.06930
33.2396	0.06901
33.4541	0.06746
33.6713	0.06625
33.8914	0.06546
34.1143	0.06448
34.3403	0.06374
34.5692	0.06339
34.8012	0.06384
35.0363	0.06483
35.2747	0.06599
35.5163	0.06728
35.7612	0.06861
36.0096	0.07050
36.2614	0.07281
36.5167	0.07569
36.7757	0.07855
37.0384	0.08123
37.3049	0.08404
37.5752	0.08711
37.8495	0.08933
38.1278	0.09110
38.4102	0.09287
38.6968	0.09500
38.9878	0.09698
39.2832	0.09892
39.583	0.10228
39.8875	0.10415
40.1967	0.10419
40.5108	0.10416
40.8297	0.10446
41.1538	0.10407
41.483	0.10103
41.8176	0.09288
42.1575	0.07910
42.5031	0.06857
42.8544	0.06836
43.2115	0.07815
43.5746	0.09007
43.9439	0.10145
44.3195	0.11026
44.7015	0.11556
45.0902	0.12018
45.4858	0.12381
45.8883	0.12680
46.298	0.12852
46.7151	0.13042
47.1398	0.13410
47.5723	0.13761
48.0128	0.13907
48.4615	0.14008
48.9186	0.14381
49.3846	0.14787
49.8594	0.14907
50.3435	0.14992
50.837	0.15117
51.3404	0.15023
51.8538	0.14958
52.3776	0.15275
52.912	0.15353
53.4575	0.15104
54.0144	0.15040
54.5829	0.15134
55.1636	0.15188
55.7568	0.14839
56.3628	0.14701
56.9822	0.14728
57.6153	0.14674
58.2627	0.14554
58.9247	0.14540
59.602	0.14568
60.2951	0.14592
61.0044	0.14663
61.7307	0.14805
62.4744	0.14516
63.2363	0.14316
64.017	0.14453
64.8172	0.14772
65.6377	0.15018
66.4792	0.14511
67.3426	0.14184
68.2286	0.14288
69.1384	0.14189
70.0727	0.13742
71.0326	0.13400
72.0191	0.13997
73.0335	0.13902
74.0768	0.13232
75.1504	0.13127
76.2555	0.13175
77.3937	0.12666
78.5663	0.13216
79.775	0.13217
81.0215	0.13128
82.3076	0.13747
83.6351	0.13821
85.0062	0.13125
86.423	0.12512
87.8878	0.12308
89.403	0.12577
90.9715	0.11608
92.596	0.11028
94.2796	0.10691
96.0255	0.10070
97.8373	0.09439
99.7188	0.09434
