Brown University Keck/NASA Relab Spectrum DH-MBW-002/BKR1DH002
Wavelength(micron)	Reflectance
0.32	0.05107
0.33	0.05093
0.34	0.05010
0.35	0.04944
0.36	0.04974
0.37	0.04974
0.38	0.04952
0.39	0.04932
0.4	0.04907
0.41	0.04881
0.42	0.04861
0.43	0.04844
0.44	0.04827
0.45	0.04795
0.46	0.04762
0.47	0.04755
0.48	0.04742
0.49	0.04758
0.5	0.04774
0.51	0.04795
0.52	0.04811
0.53	0.04831
0.54	0.04857
0.55	0.04885
0.56	0.04901
0.57	0.04923
0.58	0.04941
0.59	0.04967
0.6	0.04980
0.61	0.05004
0.62	0.05020
0.63	0.05050
0.64	0.05067
0.65	0.05093
0.66	0.05100
0.67	0.05171
0.68	0.05243
0.69	0.05315
0.7	0.05346
0.71	0.05391
0.72	0.05420
0.73	0.05455
0.74	0.05479
0.75	0.05522
0.76	0.05562
0.77	0.05601
0.78	0.05629
0.79	0.05662
0.8	0.05681
0.81	0.05717
0.82	0.05727
0.83	0.05739
0.84	0.05769
0.85	0.05810
0.86	0.05852
0.87	0.05852
0.88	0.05865
0.89	0.05883
0.9	0.05887
0.91	0.05906
0.92	0.05926
0.93	0.05930
0.94	0.05916
0.95	0.05914
0.96	0.05876
0.97	0.05816
0.98	0.05758
0.99	0.05762
1	0.05697
1.01	0.05654
1.02	0.05635
1.03	0.05603
1.04	0.05562
1.05	0.05517
1.06	0.05484
1.07	0.05438
1.08	0.05403
1.09	0.05385
1.1	0.05362
1.11	0.05321
1.12	0.05301
1.13	0.05271
1.14	0.05235
1.15	0.05203
1.16	0.05181
1.17	0.05171
1.18	0.05171
1.19	0.05162
1.2	0.05136
1.21	0.05117
1.22	0.05096
1.23	0.05081
1.24	0.05069
1.25	0.05069
1.26	0.05064
1.27	0.05060
1.28	0.05048
1.29	0.05050
1.3	0.05041
1.31	0.05059
1.32	0.05051
1.33	0.05028
1.34	0.04995
1.35	0.05006
1.36	0.04998
1.37	0.05003
1.38	0.04999
1.39	0.04999
1.4	0.04995
1.41	0.04997
1.42	0.04992
1.43	0.04993
1.44	0.04976
1.45	0.05003
1.46	0.04980
1.47	0.04982
1.48	0.04990
1.49	0.05001
1.5	0.05002
1.51	0.05007
1.52	0.04993
1.53	0.04990
1.54	0.05008
1.55	0.05001
1.56	0.05026
1.57	0.05021
1.58	0.05049
1.59	0.05033
1.6	0.05020
1.61	0.05028
1.62	0.05053
1.63	0.05050
1.64	0.05071
1.65	0.05095
1.66	0.05097
1.67	0.05108
1.68	0.05123
1.69	0.05122
1.7	0.05136
1.71	0.05166
1.72	0.05166
1.73	0.05172
1.74	0.05199
1.75	0.05205
1.76	0.05230
1.77	0.05261
1.78	0.05245
1.79	0.05283
1.8	0.05303
1.81	0.05277
1.82	0.05306
1.83	0.05314
1.84	0.05331
1.85	0.05330
1.86	0.05366
1.87	0.05352
1.88	0.05377
1.89	0.05411
1.9	0.05452
1.91	0.05452
1.92	0.05446
1.93	0.05475
1.94	0.05476
1.95	0.05484
1.96	0.05514
1.97	0.05551
1.98	0.05531
1.99	0.05560
2	0.05602
2.01	0.05619
2.02	0.05644
2.03	0.05650
2.04	0.05642
2.05	0.05686
2.06	0.05692
2.07	0.05721
2.08	0.05724
2.09	0.05774
2.1	0.05782
2.11	0.05800
2.12	0.05810
2.13	0.05868
2.14	0.05869
2.15	0.05887
2.16	0.05907
2.17	0.05915
2.18	0.05951
2.19	0.05993
2.2	0.06042
2.21	0.06004
2.22	0.06030
2.23	0.06061
2.24	0.06088
2.25	0.06129
2.26	0.06150
2.27	0.06185
2.28	0.06192
2.29	0.06220
2.3	0.06267
2.31	0.06272
2.32	0.06297
2.33	0.06312
2.34	0.06328
2.35	0.06368
2.36	0.06405
2.37	0.06441
2.38	0.06475
2.39	0.06505
2.4	0.06547
2.41	0.06557
2.42	0.06574
2.43	0.06565
2.44	0.06615
2.45	0.06685
2.4517	0.06689
2.4529	0.06692
2.4541	0.06700
2.4552	0.06704
2.4564	0.06705
2.4576	0.06707
2.4587	0.06710
2.4599	0.06712
2.4611	0.06718
2.4622	0.06722
2.4634	0.06726
2.4646	0.06730
2.4657	0.06738
2.4669	0.06742
2.4681	0.06744
2.4693	0.06744
2.4704	0.06742
2.4716	0.06745
2.4728	0.06759
2.474	0.06769
2.4751	0.06768
2.4763	0.06765
2.4775	0.06766
2.4787	0.06774
2.4799	0.06780
2.4811	0.06782
2.4823	0.06787
2.4834	0.06791
2.4846	0.06793
2.4858	0.06798
2.487	0.06804
2.4882	0.06804
2.4894	0.06804
2.4906	0.06808
2.4918	0.06817
2.493	0.06822
2.4942	0.06821
2.4954	0.06822
2.4966	0.06828
2.4978	0.06835
2.499	0.06842
2.5002	0.06847
2.5014	0.06849
2.5026	0.06851
2.5038	0.06853
2.505	0.06855
2.5063	0.06857
2.5075	0.06859
2.5087	0.06866
2.5099	0.06870
2.5111	0.06872
2.5123	0.06879
2.5135	0.06882
2.5148	0.06884
2.516	0.06886
2.5172	0.06886
2.5184	0.06894
2.5196	0.06902
2.5209	0.06904
2.5221	0.06904
2.5233	0.06908
2.5246	0.06914
2.5258	0.06921
2.527	0.06924
2.5283	0.06925
2.5295	0.06930
2.5307	0.06934
2.5319	0.06935
2.5332	0.06938
2.5344	0.06940
2.5357	0.06943
2.5369	0.06950
2.5381	0.06959
2.5394	0.06967
2.5406	0.06970
2.5419	0.06967
2.5431	0.06971
2.5444	0.06979
2.5456	0.06981
2.5469	0.06979
2.5481	0.06986
2.5494	0.06991
2.5506	0.06994
2.5519	0.07001
2.5531	0.07007
2.5544	0.07016
2.5557	0.07019
2.5569	0.07019
2.5582	0.07022
2.5594	0.07022
2.5607	0.07024
2.562	0.07033
2.5632	0.07041
2.5645	0.07041
2.5658	0.07044
2.5671	0.07046
2.5683	0.07048
2.5696	0.07056
2.5709	0.07067
2.5721	0.07065
2.5734	0.07065
2.5747	0.07075
2.576	0.07073
2.5773	0.07075
2.5785	0.07083
2.5798	0.07085
2.5811	0.07088
2.5824	0.07093
2.5837	0.07098
2.585	0.07113
2.5863	0.07110
2.5875	0.07106
2.5888	0.07117
2.5901	0.07123
2.5914	0.07126
2.5927	0.07126
2.594	0.07129
2.5953	0.07153
2.5966	0.07169
2.5979	0.07159
2.5992	0.07154
2.6005	0.07154
2.6018	0.07162
2.6031	0.07165
2.6044	0.07166
2.6058	0.07173
2.6071	0.07188
2.6084	0.07187
2.6097	0.07185
2.611	0.07192
2.6123	0.07195
2.6136	0.07197
2.6149	0.07195
2.6163	0.07194
2.6176	0.07214
2.6189	0.07223
2.6202	0.07221
2.6216	0.07232
2.6229	0.07230
2.6242	0.07226
2.6255	0.07229
2.6269	0.07239
2.6282	0.07253
2.6295	0.07245
2.6309	0.07250
2.6322	0.07261
2.6335	0.07258
2.6349	0.07259
2.6362	0.07261
2.6376	0.07264
2.6389	0.07272
2.6402	0.07279
2.6416	0.07286
2.6429	0.07288
2.6443	0.07287
2.6456	0.07293
2.647	0.07303
2.6483	0.07305
2.6497	0.07309
2.651	0.07314
2.6524	0.07321
2.6538	0.07331
2.6551	0.07332
2.6565	0.07334
2.6578	0.07338
2.6592	0.07342
2.6606	0.07354
2.6619	0.07363
2.6633	0.07366
2.6647	0.07369
2.666	0.07386
2.6674	0.07402
2.6688	0.07407
2.6701	0.07413
2.6715	0.07446
2.6729	0.07445
2.6743	0.07438
2.6757	0.07442
2.677	0.07450
2.6784	0.07457
2.6798	0.07459
2.6812	0.07453
2.6826	0.07447
2.684	0.07446
2.6854	0.07443
2.6868	0.07444
2.6881	0.07447
2.6895	0.07441
2.6909	0.07434
2.6923	0.07434
2.6937	0.07439
2.6951	0.07444
2.6965	0.07439
2.6979	0.07437
2.6993	0.07431
2.7008	0.07430
2.7021	0.07439
2.7036	0.07440
2.705	0.07437
2.7064	0.07440
2.7078	0.07437
2.7092	0.07432
2.7106	0.07431
2.7121	0.07438
2.7135	0.07436
2.7149	0.07425
2.7163	0.07423
2.7177	0.07424
2.7192	0.07429
2.7206	0.07428
2.722	0.07425
2.7234	0.07408
2.7249	0.07403
2.7263	0.07400
2.7277	0.07383
2.7292	0.07370
2.7306	0.07364
2.7321	0.07356
2.7335	0.07346
2.7349	0.07337
2.7364	0.07331
2.7378	0.07312
2.7393	0.07301
2.7407	0.07298
2.7422	0.07283
2.7436	0.07266
2.7451	0.07250
2.7465	0.07239
2.748	0.07229
2.7494	0.07222
2.7509	0.07213
2.7524	0.07206
2.7538	0.07197
2.7553	0.07191
2.7567	0.07197
2.7582	0.07187
2.7597	0.07173
2.7611	0.07168
2.7626	0.07168
2.7641	0.07171
2.7656	0.07169
2.767	0.07165
2.7685	0.07166
2.77	0.07162
2.7715	0.07161
2.773	0.07161
2.7744	0.07155
2.7759	0.07149
2.7774	0.07147
2.7789	0.07146
2.7804	0.07144
2.7819	0.07146
2.7834	0.07143
2.7849	0.07140
2.7864	0.07140
2.7879	0.07144
2.7894	0.07147
2.7909	0.07142
2.7924	0.07138
2.7939	0.07141
2.7954	0.07145
2.7969	0.07146
2.7984	0.07144
2.7999	0.07146
2.8014	0.07146
2.8029	0.07150
2.8044	0.07160
2.806	0.07163
2.8075	0.07164
2.809	0.07168
2.8105	0.07170
2.8121	0.07175
2.8136	0.07183
2.8151	0.07190
2.8166	0.07196
2.8182	0.07197
2.8197	0.07203
2.8212	0.07211
2.8228	0.07216
2.8243	0.07220
2.8259	0.07225
2.8274	0.07233
2.8289	0.07241
2.8305	0.07250
2.832	0.07256
2.8336	0.07258
2.8351	0.07266
2.8367	0.07273
2.8382	0.07281
2.8398	0.07288
2.8413	0.07290
2.8429	0.07295
2.8444	0.07302
2.846	0.07309
2.8476	0.07314
2.8491	0.07318
2.8507	0.07325
2.8523	0.07331
2.8538	0.07339
2.8554	0.07345
2.857	0.07349
2.8586	0.07355
2.8601	0.07360
2.8617	0.07364
2.8633	0.07368
2.8649	0.07369
2.8665	0.07375
2.8681	0.07384
2.8696	0.07388
2.8712	0.07394
2.8728	0.07402
2.8744	0.07403
2.876	0.07406
2.8776	0.07412
2.8792	0.07420
2.8808	0.07424
2.8824	0.07429
2.884	0.07436
2.8856	0.07442
2.8872	0.07447
2.8888	0.07453
2.8904	0.07458
2.892	0.07464
2.8936	0.07470
2.8953	0.07476
2.8969	0.07482
2.8985	0.07490
2.9001	0.07495
2.9018	0.07499
2.9034	0.07504
2.905	0.07510
2.9066	0.07518
2.9083	0.07524
2.9099	0.07531
2.9115	0.07537
2.9132	0.07544
2.9148	0.07552
2.9164	0.07560
2.9181	0.07566
2.9197	0.07571
2.9214	0.07578
2.923	0.07588
2.9247	0.07596
2.9263	0.07602
2.928	0.07607
2.9296	0.07611
2.9313	0.07622
2.9329	0.07632
2.9346	0.07639
2.9363	0.07645
2.9379	0.07652
2.9396	0.07659
2.9413	0.07669
2.9429	0.07677
2.9446	0.07684
2.9463	0.07693
2.9479	0.07703
2.9496	0.07712
2.9513	0.07719
2.953	0.07727
2.9547	0.07737
2.9563	0.07747
2.958	0.07757
2.9597	0.07764
2.9614	0.07773
2.9631	0.07784
2.9648	0.07796
2.9665	0.07802
2.9682	0.07811
2.9699	0.07822
2.9716	0.07832
2.9733	0.07841
2.975	0.07848
2.9767	0.07854
2.9784	0.07865
2.9801	0.07878
2.9819	0.07891
2.9836	0.07901
2.9853	0.07909
2.987	0.07918
2.9887	0.07929
2.9904	0.07940
2.9922	0.07950
2.9939	0.07960
2.9956	0.07969
2.9974	0.07980
2.9991	0.07992
3.0008	0.08000
3.0026	0.08008
3.0043	0.08018
3.0061	0.08030
3.0078	0.08039
3.0095	0.08047
3.0113	0.08057
3.013	0.08067
3.0148	0.08077
3.0165	0.08085
3.0183	0.08095
3.0201	0.08107
3.0218	0.08116
3.0236	0.08125
3.0253	0.08133
3.0271	0.08143
3.0289	0.08155
3.0306	0.08167
3.0324	0.08175
3.0342	0.08184
3.036	0.08194
3.0377	0.08203
3.0395	0.08211
3.0413	0.08222
3.0431	0.08233
3.0449	0.08241
3.0467	0.08250
3.0485	0.08259
3.0503	0.08267
3.0521	0.08274
3.0538	0.08283
3.0556	0.08293
3.0574	0.08301
3.0593	0.08310
3.0611	0.08320
3.0629	0.08331
3.0647	0.08339
3.0665	0.08344
3.0683	0.08351
3.0701	0.08361
3.0719	0.08370
3.0738	0.08377
3.0756	0.08384
3.0774	0.08395
3.0792	0.08404
3.0811	0.08410
3.0829	0.08417
3.0847	0.08426
3.0866	0.08436
3.0884	0.08446
3.0902	0.08454
3.0921	0.08463
3.0939	0.08474
3.0958	0.08483
3.0976	0.08494
3.0995	0.08502
3.1013	0.08510
3.1032	0.08519
3.1051	0.08527
3.1069	0.08538
3.1088	0.08549
3.1106	0.08556
3.1125	0.08564
3.1144	0.08574
3.1162	0.08584
3.1181	0.08593
3.12	0.08600
3.1219	0.08612
3.1238	0.08624
3.1256	0.08632
3.1275	0.08642
3.1294	0.08652
3.1313	0.08658
3.1332	0.08667
3.1351	0.08678
3.137	0.08688
3.1389	0.08698
3.1408	0.08709
3.1427	0.08718
3.1446	0.08728
3.1465	0.08737
3.1484	0.08745
3.1503	0.08753
3.1522	0.08762
3.1541	0.08772
3.1561	0.08784
3.158	0.08793
3.1599	0.08802
3.1618	0.08811
3.1638	0.08818
3.1657	0.08829
3.1676	0.08840
3.1696	0.08850
3.1715	0.08860
3.1735	0.08869
3.1754	0.08879
3.1773	0.08890
3.1793	0.08900
3.1812	0.08909
3.1832	0.08920
3.1851	0.08929
3.1871	0.08938
3.1891	0.08949
3.191	0.08959
3.193	0.08969
3.195	0.08979
3.1969	0.08989
3.1989	0.08999
3.2009	0.09006
3.2029	0.09014
3.2048	0.09024
3.2068	0.09035
3.2088	0.09045
3.2108	0.09058
3.2128	0.09069
3.2148	0.09078
3.2168	0.09088
3.2188	0.09098
3.2208	0.09107
3.2228	0.09117
3.2248	0.09127
3.2268	0.09138
3.2288	0.09148
3.2308	0.09158
3.2328	0.09168
3.2348	0.09179
3.2368	0.09187
3.2389	0.09195
3.2409	0.09206
3.2429	0.09218
3.2449	0.09227
3.247	0.09237
3.249	0.09247
3.2511	0.09259
3.2531	0.09269
3.2551	0.09279
3.2572	0.09290
3.2592	0.09298
3.2613	0.09307
3.2633	0.09317
3.2654	0.09326
3.2674	0.09337
3.2695	0.09346
3.2716	0.09355
3.2736	0.09366
3.2757	0.09375
3.2778	0.09383
3.2798	0.09394
3.2819	0.09402
3.284	0.09410
3.2861	0.09420
3.2882	0.09429
3.2902	0.09438
3.2923	0.09449
3.2944	0.09459
3.2965	0.09469
3.2986	0.09477
3.3007	0.09484
3.3028	0.09492
3.3049	0.09504
3.307	0.09515
3.3091	0.09523
3.3113	0.09531
3.3134	0.09540
3.3155	0.09549
3.3176	0.09559
3.3197	0.09569
3.3219	0.09579
3.324	0.09589
3.3261	0.09598
3.3283	0.09607
3.3304	0.09618
3.3325	0.09628
3.3347	0.09638
3.3368	0.09645
3.339	0.09656
3.3411	0.09664
3.3433	0.09672
3.3454	0.09682
3.3476	0.09693
3.3498	0.09703
3.3519	0.09711
3.3541	0.09722
3.3563	0.09732
3.3584	0.09744
3.3606	0.09754
3.3628	0.09763
3.365	0.09773
3.3672	0.09784
3.3694	0.09795
3.3715	0.09808
3.3737	0.09821
3.3759	0.09833
3.3781	0.09846
3.3803	0.09856
3.3825	0.09868
3.3847	0.09879
3.3869	0.09887
3.3892	0.09896
3.3914	0.09906
3.3936	0.09916
3.3958	0.09927
3.3981	0.09934
3.4003	0.09943
3.4025	0.09955
3.4047	0.09968
3.407	0.09982
3.4092	0.09995
3.4115	0.10010
3.4137	0.10024
3.416	0.10035
3.4182	0.10050
3.4205	0.10061
3.4227	0.10074
3.425	0.10084
3.4273	0.10093
3.4295	0.10097
3.4318	0.10099
3.4341	0.10100
3.4363	0.10102
3.4386	0.10108
3.4409	0.10116
3.4432	0.10123
3.4455	0.10131
3.4478	0.10137
3.4501	0.10144
3.4524	0.10152
3.4546	0.10158
3.4569	0.10163
3.4593	0.10170
3.4616	0.10179
3.4639	0.10190
3.4662	0.10198
3.4685	0.10206
3.4708	0.10213
3.4732	0.10221
3.4755	0.10229
3.4778	0.10240
3.4801	0.10249
3.4825	0.10260
3.4848	0.10268
3.4872	0.10276
3.4895	0.10285
3.4919	0.10293
3.4942	0.10303
3.4966	0.10316
3.4989	0.10329
3.5013	0.10343
3.5037	0.10356
3.506	0.10371
3.5084	0.10382
3.5108	0.10385
3.5132	0.10385
3.5155	0.10386
3.5179	0.10388
3.5203	0.10392
3.5227	0.10396
3.5251	0.10401
3.5275	0.10409
3.5299	0.10419
3.5323	0.10426
3.5347	0.10433
3.5371	0.10440
3.5395	0.10449
3.5419	0.10458
3.5444	0.10466
3.5468	0.10474
3.5492	0.10482
3.5517	0.10491
3.5541	0.10501
3.5565	0.10510
3.559	0.10517
3.5614	0.10524
3.5639	0.10533
3.5663	0.10543
3.5688	0.10551
3.5712	0.10559
3.5737	0.10567
3.5761	0.10575
3.5786	0.10585
3.5811	0.10592
3.5836	0.10601
3.586	0.10610
3.5885	0.10619
3.591	0.10626
3.5935	0.10638
3.596	0.10649
3.5985	0.10658
3.601	0.10663
3.6035	0.10671
3.606	0.10680
3.6085	0.10689
3.611	0.10696
3.6135	0.10704
3.6161	0.10716
3.6186	0.10726
3.6211	0.10732
3.6236	0.10738
3.6262	0.10746
3.6287	0.10756
3.6313	0.10765
3.6338	0.10773
3.6363	0.10781
3.6389	0.10790
3.6414	0.10798
3.644	0.10807
3.6466	0.10817
3.6491	0.10825
3.6517	0.10833
3.6543	0.10842
3.6569	0.10851
3.6594	0.10858
3.662	0.10868
3.6646	0.10876
3.6672	0.10881
3.6698	0.10890
3.6724	0.10901
3.675	0.10912
3.6776	0.10920
3.6802	0.10927
3.6828	0.10936
3.6854	0.10946
3.6881	0.10953
3.6907	0.10960
3.6933	0.10969
3.6959	0.10977
3.6986	0.10985
3.7012	0.10994
3.7039	0.11002
3.7065	0.11011
3.7092	0.11020
3.7118	0.11030
3.7145	0.11039
3.7171	0.11047
3.7198	0.11054
3.7225	0.11061
3.7252	0.11068
3.7278	0.11076
3.7305	0.11083
3.7332	0.11091
3.7359	0.11100
3.7386	0.11109
3.7413	0.11118
3.744	0.11128
3.7467	0.11134
3.7494	0.11142
3.7521	0.11151
3.7548	0.11160
3.7576	0.11168
3.7603	0.11173
3.763	0.11181
3.7657	0.11190
3.7685	0.11198
3.7712	0.11209
3.774	0.11216
3.7767	0.11222
3.7795	0.11230
3.7822	0.11237
3.785	0.11243
3.7877	0.11253
3.7905	0.11261
3.7933	0.11270
3.7961	0.11279
3.7988	0.11288
3.8016	0.11294
3.8044	0.11301
3.8072	0.11309
3.81	0.11317
3.8128	0.11324
3.8156	0.11332
3.8184	0.11339
3.8212	0.11347
3.8241	0.11356
3.8269	0.11362
3.8297	0.11368
3.8325	0.11378
3.8354	0.11387
3.8382	0.11394
3.8411	0.11401
3.8439	0.11409
3.8468	0.11418
3.8496	0.11425
3.8525	0.11431
3.8553	0.11440
3.8582	0.11449
3.8611	0.11456
3.8639	0.11465
3.8668	0.11472
3.8697	0.11478
3.8726	0.11487
3.8755	0.11495
3.8784	0.11502
3.8813	0.11510
3.8842	0.11516
3.8871	0.11524
3.89	0.11532
3.893	0.11540
3.8959	0.11547
3.8988	0.11556
3.9017	0.11565
3.9047	0.11572
3.9076	0.11581
3.9106	0.11589
3.9135	0.11597
3.9165	0.11604
3.9194	0.11611
3.9224	0.11617
3.9254	0.11625
3.9284	0.11634
3.9313	0.11642
3.9343	0.11648
3.9373	0.11656
3.9403	0.11666
3.9433	0.11674
3.9463	0.11680
3.9493	0.11689
3.9523	0.11697
3.9553	0.11704
3.9583	0.11708
3.9614	0.11714
3.9644	0.11722
3.9674	0.11730
3.9705	0.11738
3.9735	0.11747
3.9766	0.11754
3.9796	0.11761
3.9826	0.11770
3.9857	0.11779
3.9888	0.11784
3.9919	0.11791
3.9949	0.11800
3.998	0.11807
4.0011	0.11814
4.0042	0.11821
4.0073	0.11829
4.0104	0.11836
4.0135	0.11843
4.0166	0.11851
4.0197	0.11858
4.0228	0.11864
4.0259	0.11871
4.0291	0.11878
4.0322	0.11886
4.0353	0.11894
4.0385	0.11900
4.0416	0.11907
4.0448	0.11915
4.0479	0.11922
4.0511	0.11928
4.0543	0.11935
4.0574	0.11942
4.0606	0.11952
4.0638	0.11960
4.067	0.11966
4.0702	0.11972
4.0734	0.11980
4.0766	0.11988
4.0798	0.11995
4.083	0.12001
4.0862	0.12008
4.0894	0.12014
4.0927	0.12022
4.0959	0.12029
4.0991	0.12037
4.1024	0.12044
4.1056	0.12051
4.1089	0.12059
4.1121	0.12065
4.1154	0.12069
4.1187	0.12075
4.122	0.12085
4.1252	0.12093
4.1285	0.12101
4.1318	0.12109
4.1351	0.12116
4.1384	0.12123
4.1417	0.12129
4.145	0.12137
4.1483	0.12144
4.1516	0.12150
4.155	0.12155
4.1583	0.12162
4.1616	0.12170
4.165	0.12177
4.1683	0.12183
4.1717	0.12190
4.175	0.12195
4.1784	0.12202
4.1818	0.12211
4.1852	0.12220
4.1885	0.12226
4.1919	0.12231
4.1953	0.12237
4.1987	0.12244
4.2021	0.12250
4.2055	0.12258
4.2089	0.12264
4.2124	0.12272
4.2158	0.12278
4.2192	0.12284
4.2226	0.12289
4.2261	0.12294
4.2295	0.12299
4.233	0.12307
4.2365	0.12316
4.2399	0.12324
4.2434	0.12330
4.2469	0.12337
4.2503	0.12344
4.2538	0.12352
4.2573	0.12358
4.2608	0.12364
4.2643	0.12370
4.2678	0.12376
4.2713	0.12381
4.2749	0.12388
4.2784	0.12395
4.2819	0.12403
4.2855	0.12409
4.289	0.12416
4.2926	0.12422
4.2961	0.12429
4.2997	0.12435
4.3033	0.12442
4.3068	0.12448
4.3104	0.12455
4.314	0.12461
4.3176	0.12467
4.3212	0.12474
4.3248	0.12481
4.3284	0.12488
4.332	0.12496
4.3356	0.12502
4.3393	0.12507
4.3429	0.12513
4.3465	0.12520
4.3502	0.12528
4.3538	0.12536
4.3575	0.12542
4.3611	0.12549
4.3648	0.12557
4.3685	0.12566
4.3722	0.12572
4.3759	0.12578
4.3796	0.12584
4.3833	0.12593
4.387	0.12600
4.3907	0.12607
4.3944	0.12611
4.3981	0.12617
4.4019	0.12625
4.4056	0.12633
4.4094	0.12638
4.4131	0.12644
4.4169	0.12649
4.4206	0.12655
4.4244	0.12660
4.4282	0.12667
4.432	0.12675
4.4358	0.12681
4.4396	0.12687
4.4434	0.12694
4.4472	0.12699
4.451	0.12704
4.4548	0.12708
4.4586	0.12712
4.4625	0.12718
4.4663	0.12724
4.4702	0.12728
4.474	0.12734
4.4779	0.12741
4.4818	0.12747
4.4856	0.12752
4.4895	0.12758
4.4934	0.12765
4.4973	0.12770
4.5012	0.12773
4.5051	0.12779
4.509	0.12786
4.513	0.12791
4.5169	0.12796
4.5209	0.12801
4.5248	0.12804
4.5287	0.12809
4.5327	0.12816
4.5367	0.12821
4.5406	0.12825
4.5446	0.12831
4.5486	0.12836
4.5526	0.12841
4.5566	0.12847
4.5606	0.12854
4.5646	0.12857
4.5686	0.12861
4.5727	0.12867
4.5767	0.12873
4.5808	0.12878
4.5848	0.12883
4.5889	0.12888
4.5929	0.12893
4.597	0.12898
4.6011	0.12904
4.6052	0.12909
4.6093	0.12915
4.6134	0.12922
4.6175	0.12928
4.6216	0.12934
4.6257	0.12937
4.6298	0.12942
4.634	0.12949
4.6381	0.12952
4.6423	0.12957
4.6464	0.12965
4.6506	0.12971
4.6548	0.12975
4.659	0.12981
4.6631	0.12989
4.6673	0.12994
4.6715	0.12997
4.6758	0.13003
4.68	0.13009
4.6842	0.13014
4.6884	0.13020
4.6927	0.13024
4.6969	0.13029
4.7012	0.13034
4.7055	0.13037
4.7097	0.13042
4.714	0.13047
4.7183	0.13052
4.7226	0.13057
4.7269	0.13061
4.7312	0.13066
4.7355	0.13071
4.7399	0.13074
4.7442	0.13079
4.7485	0.13084
4.7529	0.13087
4.7573	0.13092
4.7616	0.13098
4.766	0.13102
4.7704	0.13107
4.7748	0.13113
4.7792	0.13117
4.7836	0.13120
4.788	0.13125
4.7924	0.13130
4.7969	0.13135
4.8013	0.13138
4.8058	0.13145
4.8102	0.13154
4.8147	0.13159
4.8191	0.13161
4.8236	0.13165
4.8281	0.13173
4.8326	0.13179
4.8371	0.13183
4.8416	0.13189
4.8462	0.13195
4.8507	0.13201
4.8553	0.13206
4.8598	0.13212
4.8644	0.13216
4.8689	0.13220
4.8735	0.13225
4.8781	0.13231
4.8827	0.13236
4.8873	0.13240
4.8919	0.13244
4.8965	0.13251
4.9011	0.13254
4.9058	0.13256
4.9104	0.13262
4.9151	0.13269
4.9197	0.13274
4.9244	0.13281
4.9291	0.13285
4.9338	0.13287
4.9385	0.13290
4.9432	0.13295
4.9479	0.13300
4.9526	0.13304
4.9574	0.13308
4.9621	0.13315
4.9669	0.13319
4.9716	0.13322
4.9764	0.13324
4.9812	0.13328
4.986	0.13333
4.9908	0.13339
4.9956	0.13343
5.0004	0.13347
5.0052	0.13350
5.01	0.13354
5.0149	0.13358
5.0198	0.13361
5.0246	0.13366
5.0295	0.13371
5.0344	0.13375
5.0393	0.13380
5.0442	0.13384
5.0491	0.13388
5.054	0.13390
5.0589	0.13394
5.0639	0.13397
5.0688	0.13400
5.0738	0.13406
5.0788	0.13411
5.0837	0.13414
5.0887	0.13418
5.0937	0.13423
5.0987	0.13427
5.1037	0.13430
5.1088	0.13433
5.1138	0.13435
5.1189	0.13441
5.1239	0.13446
5.129	0.13446
5.1341	0.13449
5.1391	0.13452
5.1443	0.13456
5.1494	0.13460
5.1545	0.13460
5.1596	0.13464
5.1647	0.13467
5.1699	0.13470
5.175	0.13473
5.1802	0.13477
5.1854	0.13479
5.1906	0.13482
5.1958	0.13483
5.201	0.13485
5.2062	0.13489
5.2115	0.13495
5.2167	0.13498
5.222	0.13498
5.2272	0.13502
5.2325	0.13506
5.2378	0.13509
5.2431	0.13514
5.2484	0.13517
5.2537	0.13521
5.259	0.13523
5.2644	0.13524
5.2697	0.13529
5.2751	0.13535
5.2805	0.13540
5.2858	0.13542
5.2912	0.13547
5.2966	0.13554
5.302	0.13557
5.3075	0.13557
5.3129	0.13559
5.3184	0.13564
5.3238	0.13566
5.3293	0.13570
5.3348	0.13575
5.3403	0.13579
5.3458	0.13581
5.3513	0.13587
5.3568	0.13592
5.3624	0.13595
5.3679	0.13598
5.3735	0.13601
5.379	0.13604
5.3846	0.13607
5.3902	0.13612
5.3958	0.13615
5.4015	0.13620
5.4071	0.13624
5.4127	0.13627
5.4184	0.13630
5.4241	0.13634
5.4297	0.13637
5.4354	0.13637
5.4411	0.13641
5.4469	0.13644
5.4526	0.13646
5.4583	0.13647
5.4641	0.13653
5.4698	0.13659
5.4756	0.13658
5.4814	0.13658
5.4872	0.13661
5.493	0.13663
5.4988	0.13665
5.5047	0.13668
5.5105	0.13670
5.5164	0.13672
5.5223	0.13678
5.5281	0.13678
5.534	0.13677
5.54	0.13679
5.5459	0.13684
5.5518	0.13687
5.5578	0.13691
5.5637	0.13693
5.5697	0.13698
5.5757	0.13702
5.5817	0.13705
5.5877	0.13704
5.5937	0.13704
5.5998	0.13707
5.6058	0.13714
5.6119	0.13718
5.618	0.13720
5.6241	0.13720
5.6302	0.13721
5.6363	0.13721
5.6424	0.13728
5.6486	0.13736
5.6547	0.13738
5.6609	0.13740
5.6671	0.13740
5.6733	0.13743
5.6795	0.13750
5.6857	0.13755
5.692	0.13764
5.6982	0.13776
5.7045	0.13783
5.7108	0.13795
5.7171	0.13807
5.7234	0.13813
5.7297	0.13817
5.736	0.13821
5.7424	0.13824
5.7488	0.13829
5.7551	0.13830
5.7615	0.13824
5.768	0.13831
5.7744	0.13826
5.7808	0.13813
5.7873	0.13803
5.7937	0.13797
5.8002	0.13796
5.8067	0.13795
5.8132	0.13790
5.8198	0.13795
5.8263	0.13802
5.8328	0.13799
5.8394	0.13797
5.846	0.13792
5.8526	0.13789
5.8592	0.13794
5.8658	0.13804
5.8725	0.13808
5.8791	0.13814
5.8858	0.13829
5.8925	0.13823
5.8992	0.13828
5.9059	0.13833
5.9126	0.13833
5.9194	0.13837
5.9262	0.13840
5.9329	0.13842
5.9397	0.13857
5.9465	0.13856
5.9534	0.13850
5.9602	0.13848
5.9671	0.13849
5.974	0.13858
5.9808	0.13857
5.9878	0.13859
5.9947	0.13864
6.0016	0.13863
6.0086	0.13861
6.0155	0.13863
6.0225	0.13862
6.0295	0.13862
6.0365	0.13862
6.0436	0.13859
6.0506	0.13870
6.0577	0.13870
6.0648	0.13854
6.0719	0.13854
6.079	0.13853
6.0861	0.13845
6.0933	0.13839
6.1005	0.13832
6.1076	0.13831
6.1149	0.13840
6.1221	0.13836
6.1293	0.13824
6.1365	0.13820
6.1438	0.13820
6.1511	0.13817
6.1584	0.13819
6.1657	0.13823
6.1731	0.13820
6.1804	0.13818
6.1878	0.13823
6.1952	0.13821
6.2026	0.13815
6.21	0.13815
6.2175	0.13817
6.225	0.13823
6.2324	0.13825
6.2399	0.13826
6.2475	0.13824
6.255	0.13825
6.2625	0.13825
6.2701	0.13827
6.2777	0.13830
6.2853	0.13832
6.2929	0.13831
6.3006	0.13832
6.3083	0.13834
6.3159	0.13838
6.3236	0.13843
6.3314	0.13845
6.3391	0.13848
6.3469	0.13863
6.3546	0.13866
6.3624	0.13863
6.3703	0.13872
6.3781	0.13878
6.3859	0.13880
6.3938	0.13887
6.4017	0.13888
6.4096	0.13899
6.4176	0.13929
6.4255	0.13930
6.4335	0.13928
6.4415	0.13938
6.4495	0.13941
6.4575	0.13943
6.4656	0.13943
6.4736	0.13950
6.4817	0.13957
6.4898	0.13962
6.498	0.13969
6.5061	0.13961
6.5143	0.13950
6.5225	0.13954
6.5307	0.13952
6.5389	0.13951
6.5472	0.13955
6.5555	0.13959
6.5638	0.13958
6.5721	0.13958
6.5804	0.13958
6.5888	0.13953
6.5972	0.13953
6.6056	0.13947
6.614	0.13943
6.6225	0.13940
6.6309	0.13939
6.6394	0.13941
6.6479	0.13930
6.6565	0.13912
6.665	0.13902
6.6736	0.13892
6.6822	0.13883
6.6908	0.13871
6.6995	0.13859
6.7081	0.13850
6.7168	0.13842
6.7255	0.13828
6.7343	0.13814
6.743	0.13804
6.7518	0.13792
6.7606	0.13777
6.7694	0.13765
6.7783	0.13756
6.7871	0.13748
6.796	0.13736
6.805	0.13719
6.8139	0.13705
6.8229	0.13692
6.8319	0.13673
6.8409	0.13653
6.8499	0.13634
6.859	0.13622
6.868	0.13610
6.8772	0.13588
6.8863	0.13565
6.8955	0.13547
6.9046	0.13530
6.9138	0.13512
6.9231	0.13494
6.9323	0.13478
6.9416	0.13464
6.9509	0.13449
6.9602	0.13433
6.9696	0.13416
6.979	0.13392
6.9884	0.13377
6.9978	0.13361
7.0073	0.13348
7.0168	0.13339
7.0263	0.13331
7.0358	0.13320
7.0454	0.13318
7.0549	0.13314
7.0645	0.13306
7.0742	0.13299
7.0839	0.13297
7.0935	0.13295
7.1033	0.13293
7.113	0.13290
7.1228	0.13291
7.1326	0.13290
7.1424	0.13291
7.1522	0.13291
7.1621	0.13290
7.172	0.13288
7.182	0.13285
7.1919	0.13280
7.2019	0.13275
7.2119	0.13272
7.222	0.13269
7.232	0.13260
7.2421	0.13254
7.2523	0.13248
7.2624	0.13240
7.2726	0.13230
7.2828	0.13224
7.2931	0.13218
7.3033	0.13209
7.3136	0.13197
7.324	0.13189
7.3343	0.13182
7.3447	0.13174
7.3551	0.13163
7.3656	0.13153
7.3761	0.13143
7.3866	0.13131
7.3971	0.13119
7.4077	0.13110
7.4183	0.13102
7.4289	0.13095
7.4396	0.13087
7.4503	0.13081
7.461	0.13072
7.4717	0.13061
7.4825	0.13048
7.4933	0.13039
7.5042	0.13032
7.515	0.13021
7.5259	0.13009
7.5369	0.13000
7.5479	0.12985
7.5589	0.12975
7.5699	0.12964
7.581	0.12952
7.592	0.12940
7.6032	0.12929
7.6144	0.12914
7.6255	0.12902
7.6368	0.12890
7.648	0.12879
7.6593	0.12866
7.6707	0.12853
7.682	0.12840
7.6934	0.12828
7.7049	0.12817
7.7163	0.12806
7.7278	0.12792
7.7394	0.12779
7.7509	0.12768
7.7625	0.12757
7.7742	0.12743
7.7858	0.12729
7.7975	0.12714
7.8093	0.12703
7.8211	0.12692
7.8329	0.12679
7.8447	0.12663
7.8566	0.12651
7.8685	0.12636
7.8805	0.12622
7.8925	0.12605
7.9045	0.12590
7.9166	0.12577
7.9287	0.12564
7.9408	0.12550
7.953	0.12540
7.9652	0.12526
7.9775	0.12509
7.9898	0.12494
8.0021	0.12480
8.0145	0.12465
8.0269	0.12450
8.0393	0.12430
8.0518	0.12412
8.0643	0.12393
8.0769	0.12373
8.0895	0.12354
8.1021	0.12334
8.1148	0.12311
8.1275	0.12288
8.1403	0.12263
8.1531	0.12241
8.1659	0.12215
8.1788	0.12190
8.1917	0.12164
8.2047	0.12136
8.2177	0.12108
8.2307	0.12081
8.2438	0.12051
8.257	0.12021
8.2701	0.11988
8.2833	0.11955
8.2966	0.11924
8.3099	0.11893
8.3232	0.11861
8.3366	0.11833
8.35	0.11804
8.3635	0.11774
8.377	0.11739
8.3905	0.11704
8.4042	0.11670
8.4178	0.11640
8.4315	0.11608
8.4452	0.11578
8.459	0.11548
8.4728	0.11517
8.4867	0.11481
8.5006	0.11448
8.5145	0.11416
8.5285	0.11384
8.5426	0.11352
8.5567	0.11321
8.5708	0.11284
8.585	0.11249
8.5993	0.11213
8.6135	0.11180
8.6279	0.11146
8.6423	0.11113
8.6567	0.11077
8.6712	0.11042
8.6857	0.11007
8.7003	0.10973
8.7149	0.10941
8.7296	0.10908
8.7443	0.10868
8.759	0.10835
8.7739	0.10801
8.7887	0.10763
8.8037	0.10725
8.8186	0.10689
8.8337	0.10646
8.8487	0.10603
8.8638	0.10562
8.879	0.10522
8.8943	0.10477
8.9095	0.10435
8.9249	0.10387
8.9403	0.10339
8.9557	0.10290
8.9712	0.10241
8.9868	0.10186
9.0023	0.10136
9.018	0.10083
9.0337	0.10030
9.0495	0.09976
9.0653	0.09924
9.0812	0.09866
9.0971	0.09808
9.1131	0.09748
9.1291	0.09687
9.1452	0.09627
9.1614	0.09572
9.1776	0.09507
9.1939	0.09450
9.2102	0.09392
9.2266	0.09331
9.243	0.09269
9.2595	0.09210
9.2761	0.09146
9.2927	0.09086
9.3094	0.09018
9.3262	0.08953
9.343	0.08888
9.3598	0.08825
9.3768	0.08757
9.3937	0.08691
9.4108	0.08621
9.4279	0.08555
9.4451	0.08491
9.4623	0.08434
9.4796	0.08375
9.497	0.08318
9.5144	0.08259
9.5319	0.08205
9.5494	0.08135
9.5671	0.08062
9.5847	0.07989
9.6025	0.07917
9.6203	0.07845
9.6382	0.07779
9.6561	0.07708
9.6742	0.07643
9.6922	0.07581
9.7104	0.07527
9.7286	0.07468
9.7469	0.07414
9.7652	0.07358
9.7837	0.07306
9.8022	0.07246
9.8207	0.07191
9.8394	0.07139
9.8581	0.07088
9.8768	0.07040
9.8957	0.06994
9.9146	0.06943
9.9336	0.06904
9.9527	0.06862
9.9718	0.06830
9.991	0.06795
10.0103	0.06767
10.0297	0.06742
10.0491	0.06720
10.0686	0.06695
10.0882	0.06678
10.1079	0.06660
10.1276	0.06649
10.1474	0.06632
10.1673	0.06619
10.1873	0.06603
10.2074	0.06591
10.2275	0.06577
10.2477	0.06566
10.268	0.06553
10.2884	0.06542
10.3088	0.06528
10.3294	0.06520
10.35	0.06507
10.3707	0.06494
10.3915	0.06481
10.4123	0.06473
10.4333	0.06459
10.4543	0.06449
10.4755	0.06438
10.4967	0.06430
10.5179	0.06418
10.5393	0.06411
10.5608	0.06393
10.5823	0.06377
10.604	0.06359
10.6257	0.06346
10.6475	0.06321
10.6694	0.06298
10.6914	0.06276
10.7135	0.06256
10.7357	0.06229
10.758	0.06201
10.7803	0.06168
10.8028	0.06140
10.8254	0.06104
10.848	0.06071
10.8708	0.06033
10.8936	0.05994
10.9165	0.05951
10.9395	0.05912
10.9627	0.05869
10.9859	0.05830
11.0092	0.05787
11.0327	0.05749
11.0562	0.05705
11.0798	0.05662
11.1035	0.05608
11.1273	0.05562
11.1513	0.05515
11.1753	0.05468
11.1995	0.05412
11.2237	0.05366
11.248	0.05312
11.2725	0.05263
11.2971	0.05206
11.3217	0.05152
11.3465	0.05094
11.3714	0.05043
11.3964	0.04987
11.4215	0.04934
11.4467	0.04872
11.472	0.04816
11.4975	0.04752
11.523	0.04691
11.5487	0.04622
11.5744	0.04565
11.6003	0.04500
11.6263	0.04434
11.6525	0.04366
11.6787	0.04308
11.7051	0.04237
11.7316	0.04165
11.7582	0.04091
11.7849	0.04027
11.8117	0.03957
11.8387	0.03890
11.8658	0.03816
11.893	0.03749
11.9203	0.03671
11.9478	0.03594
11.9754	0.03515
12.0031	0.03444
12.031	0.03366
12.059	0.03298
12.0871	0.03220
12.1153	0.03152
12.1437	0.03079
12.1722	0.03009
12.2008	0.02938
12.2296	0.02875
12.2585	0.02803
12.2876	0.02739
12.3168	0.02674
12.3461	0.02617
12.3755	0.02555
12.4052	0.02498
12.4349	0.02436
12.4648	0.02388
12.4948	0.02340
12.525	0.02299
12.5553	0.02258
12.5858	0.02225
12.6164	0.02190
12.6472	0.02158
12.6781	0.02125
12.7092	0.02106
12.7404	0.02087
12.7718	0.02080
12.8033	0.02076
12.835	0.02084
12.8669	0.02090
12.8989	0.02111
12.9311	0.02136
12.9634	0.02177
12.9959	0.02224
13.0285	0.02282
13.0613	0.02345
13.0943	0.02434
13.1275	0.02527
13.1608	0.02632
13.1943	0.02743
13.228	0.02874
13.2618	0.03004
13.2958	0.03147
13.33	0.03299
13.3643	0.03455
13.3989	0.03606
13.4336	0.03765
13.4685	0.03922
13.5035	0.04083
13.5388	0.04234
13.5742	0.04388
13.6099	0.04528
13.6457	0.04667
13.6817	0.04792
13.7179	0.04915
13.7543	0.05029
13.7908	0.05145
13.8276	0.05257
13.8646	0.05371
13.9018	0.05465
13.9391	0.05562
13.9767	0.05658
14.0145	0.05755
14.0525	0.05843
14.0907	0.05936
14.129	0.06017
14.1677	0.06100
14.2065	0.06170
14.2455	0.06242
14.2847	0.06320
14.3242	0.06402
14.3639	0.06478
14.4038	0.06554
14.4439	0.06617
14.4842	0.06693
14.5248	0.06759
14.5656	0.06819
14.6067	0.06877
14.6479	0.06938
14.6894	0.06987
14.7312	0.07039
14.7731	0.07089
14.8153	0.07136
14.8578	0.07167
14.9005	0.07196
14.9434	0.07221
14.9866	0.07256
15.03	0.07285
15.0737	0.07296
15.1177	0.07304
15.1619	0.07329
15.2063	0.07341
15.2511	0.07356
15.2961	0.07369
15.3413	0.07381
15.3868	0.07393
15.4326	0.07402
15.4787	0.07406
15.525	0.07421
15.5717	0.07430
15.6186	0.07444
15.6658	0.07458
15.7132	0.07470
15.761	0.07478
15.809	0.07493
15.8574	0.07499
15.906	0.07497
15.955	0.07503
16.0042	0.07521
16.0538	0.07530
16.1036	0.07546
16.1538	0.07556
16.2043	0.07566
16.2551	0.07571
16.3062	0.07590
16.3576	0.07610
16.4094	0.07635
16.4615	0.07668
16.5139	0.07713
16.5667	0.07749
16.6198	0.07801
16.6732	0.07866
16.727	0.07930
16.7811	0.07988
16.8356	0.08067
16.8905	0.08143
16.9457	0.08226
17.0012	0.08303
17.0572	0.08393
17.1134	0.08489
17.1701	0.08578
17.2272	0.08674
17.2846	0.08768
17.3424	0.08840
17.4006	0.08925
17.4592	0.08992
17.5182	0.09058
17.5775	0.09129
17.6373	0.09194
17.6975	0.09248
17.7581	0.09304
17.8192	0.09351
17.8806	0.09399
17.9425	0.09435
18.0048	0.09468
18.0675	0.09491
18.1307	0.09527
18.1943	0.09562
18.2584	0.09604
18.3229	0.09631
18.3879	0.09644
18.4533	0.09659
18.5192	0.09665
18.5856	0.09662
18.6524	0.09671
18.7198	0.09679
18.7876	0.09688
18.8559	0.09676
18.9248	0.09667
18.9941	0.09643
19.0639	0.09619
19.1343	0.09587
19.2051	0.09548
19.2765	0.09502
19.3484	0.09452
19.4209	0.09385
19.4939	0.09303
19.5675	0.09233
19.6416	0.09167
19.7163	0.09075
19.7915	0.08986
19.8674	0.08926
19.9438	0.08882
20.0208	0.08824
20.0984	0.08750
20.1766	0.08676
20.2554	0.08631
20.3348	0.08586
20.4149	0.08545
20.4956	0.08495
20.5769	0.08447
20.6589	0.08413
20.7415	0.08411
20.8248	0.08397
20.9088	0.08364
20.9934	0.08355
21.0788	0.08382
21.1648	0.08387
21.2516	0.08410
21.339	0.08442
21.4272	0.08465
21.5161	0.08500
21.6058	0.08578
21.6962	0.08645
21.7873	0.08690
21.8793	0.08761
21.972	0.08878
22.0655	0.08982
22.1598	0.09077
22.2549	0.09128
22.3508	0.09189
22.4475	0.09278
22.5451	0.09360
22.6436	0.09395
22.7429	0.09461
22.8431	0.09467
22.9442	0.09447
23.0462	0.09422
23.149	0.09346
23.2528	0.09260
23.3576	0.09180
23.4633	0.09149
23.5699	0.09087
23.6776	0.08966
23.7862	0.08831
23.8958	0.08658
24.0064	0.08606
24.1181	0.08511
24.2308	0.08405
24.3445	0.08301
24.4594	0.08120
24.5753	0.07848
24.6923	0.07703
24.8104	0.07539
24.9297	0.07331
25.0502	0.07048
