Brown University Keck/NASA Relab Spectrum JB-JLB-B80-A/BKR1JBB80A
Wavelength(micron)	Reflectance
0.3	0.04704
0.305	0.04406
0.31	0.04186
0.315	0.03979
0.32	0.03928
0.325	0.03829
0.33	0.03747
0.335	0.03737
0.34	0.03780
0.345	0.03849
0.35	0.03782
0.355	0.03776
0.36	0.03925
0.365	0.04135
0.37	0.04306
0.375	0.04499
0.38	0.04751
0.385	0.05124
0.39	0.06028
0.395	0.06916
0.4	0.08444
0.405	0.10030
0.41	0.11462
0.415	0.12392
0.42	0.12389
0.425	0.11772
0.43	0.10687
0.435	0.10086
0.44	0.10769
0.445	0.12263
0.45	0.13998
0.455	0.16031
0.46	0.17726
0.465	0.19167
0.47	0.20351
0.475	0.21498
0.48	0.22579
0.485	0.23684
0.49	0.24893
0.495	0.25967
0.5	0.27077
0.505	0.28388
0.51	0.29620
0.515	0.30873
0.52	0.32231
0.525	0.33654
0.53	0.35076
0.535	0.36391
0.54	0.37862
0.545	0.39218
0.55	0.40613
0.555	0.41961
0.56	0.43270
0.565	0.44533
0.57	0.45562
0.575	0.46640
0.58	0.47485
0.585	0.48312
0.59	0.49062
0.595	0.49760
0.6	0.50507
0.605	0.51059
0.61	0.51727
0.615	0.52282
0.62	0.52894
0.625	0.53551
0.63	0.53973
0.635	0.54525
0.64	0.55030
0.645	0.55591
0.65	0.56096
0.655	0.56599
0.66	0.57313
0.665	0.57898
0.67	0.58834
0.675	0.59720
0.68	0.60393
0.685	0.61201
0.69	0.61870
0.695	0.62308
0.7	0.62730
0.705	0.62917
0.71	0.63205
0.715	0.63201
0.72	0.63283
0.725	0.63058
0.73	0.62822
0.735	0.62424
0.74	0.61829
0.745	0.61378
0.75	0.60633
0.755	0.60057
0.76	0.59314
0.765	0.58043
0.77	0.57660
0.775	0.56617
0.78	0.55684
0.785	0.54843
0.79	0.53956
0.795	0.53021
0.8	0.52384
0.805	0.51342
0.81	0.50727
0.815	0.49771
0.82	0.49169
0.825	0.48271
0.83	0.47679
0.835	0.47067
0.84	0.46518
0.845	0.45966
0.85	0.45509
0.855	0.44897
0.86	0.44361
0.865	0.43898
0.87	0.43588
0.875	0.43307
0.88	0.43044
0.885	0.42699
0.89	0.42584
0.895	0.42448
0.9	0.42365
0.905	0.42303
0.91	0.42317
0.915	0.42328
0.92	0.42352
0.925	0.42514
0.93	0.42680
0.935	0.42803
0.94	0.42946
0.945	0.43153
0.95	0.43290
0.955	0.43518
0.96	0.43777
0.965	0.43995
0.97	0.44420
0.975	0.44790
0.98	0.45137
0.985	0.45663
0.99	0.46046
0.995	0.46538
1	0.47074
1.005	0.47602
1.01	0.48166
1.015	0.48615
1.02	0.49248
1.025	0.49894
1.03	0.50435
1.035	0.51014
1.04	0.51611
1.045	0.52208
1.05	0.52864
1.055	0.53460
1.06	0.53905
1.065	0.54406
1.07	0.55000
1.075	0.55510
1.08	0.55945
1.085	0.56398
1.09	0.56902
1.095	0.57215
1.1	0.57688
1.105	0.57986
1.11	0.58428
1.115	0.58821
1.12	0.59335
1.125	0.59490
1.13	0.59717
1.135	0.60079
1.14	0.60485
1.145	0.60804
1.15	0.61118
1.155	0.61433
1.16	0.61780
1.165	0.62082
1.17	0.62382
1.175	0.62828
1.18	0.63088
1.185	0.63477
1.19	0.63771
1.195	0.64161
1.2	0.64513
1.205	0.64863
1.21	0.65160
1.215	0.65488
1.22	0.65830
1.225	0.66271
1.23	0.66541
1.235	0.66972
1.24	0.67316
1.245	0.67670
1.25	0.68035
1.255	0.68418
1.26	0.68741
1.265	0.69066
1.27	0.69497
1.275	0.69830
1.28	0.70115
1.285	0.70501
1.29	0.70817
1.295	0.71400
1.3	0.71607
1.305	0.71911
1.31	0.72273
1.315	0.72786
1.32	0.73177
1.325	0.73397
1.33	0.73722
1.335	0.74205
1.34	0.74518
1.345	0.74951
1.35	0.75094
1.355	0.75343
1.36	0.75714
1.365	0.75980
1.37	0.76305
1.375	0.76322
1.38	0.76650
1.385	0.77076
1.39	0.77421
1.395	0.77570
1.4	0.77711
1.405	0.77842
1.41	0.77855
1.415	0.77831
1.42	0.77912
1.4206	0.77910
1.421	0.77904
1.4214	0.77909
1.4218	0.77912
1.4222	0.77918
1.4225	0.77917
1.4229	0.77912
1.4233	0.77898
1.4237	0.77891
1.4241	0.77892
1.4245	0.77882
1.4249	0.77870
1.4253	0.77872
1.4257	0.77869
1.4261	0.77858
1.4265	0.77853
1.4268	0.77845
1.4272	0.77836
1.4276	0.77832
1.428	0.77826
1.4284	0.77817
1.4288	0.77808
1.4292	0.77800
1.4296	0.77801
1.43	0.77805
1.4304	0.77801
1.4308	0.77793
1.4312	0.77789
1.4316	0.77793
1.432	0.77795
1.4324	0.77795
1.4328	0.77781
1.4332	0.77780
1.4336	0.77783
1.4339	0.77774
1.4343	0.77769
1.4348	0.77764
1.4351	0.77750
1.4355	0.77730
1.4359	0.77722
1.4363	0.77716
1.4367	0.77707
1.4371	0.77708
1.4375	0.77704
1.4379	0.77687
1.4383	0.77665
1.4387	0.77655
1.4391	0.77637
1.4395	0.77616
1.4399	0.77601
1.4403	0.77578
1.4407	0.77551
1.4411	0.77528
1.4415	0.77520
1.4419	0.77506
1.4423	0.77473
1.4427	0.77449
1.4431	0.77437
1.4435	0.77418
1.4439	0.77395
1.4443	0.77370
1.4447	0.77340
1.4451	0.77309
1.4456	0.77272
1.4459	0.77241
1.4463	0.77203
1.4468	0.77159
1.4472	0.77122
1.4476	0.77082
1.448	0.77026
1.4484	0.76971
1.4488	0.76924
1.4492	0.76877
1.4496	0.76831
1.45	0.76779
1.4504	0.76715
1.4508	0.76650
1.4512	0.76581
1.4516	0.76515
1.452	0.76458
1.4524	0.76381
1.4528	0.76307
1.4532	0.76245
1.4537	0.76170
1.4541	0.76089
1.4545	0.76006
1.4549	0.75935
1.4553	0.75855
1.4557	0.75774
1.4561	0.75694
1.4565	0.75613
1.4569	0.75525
1.4573	0.75427
1.4577	0.75329
1.4582	0.75233
1.4586	0.75129
1.459	0.75028
1.4594	0.74932
1.4598	0.74822
1.4602	0.74690
1.4606	0.74564
1.461	0.74439
1.4614	0.74308
1.4618	0.74179
1.4623	0.74035
1.4627	0.73892
1.4631	0.73750
1.4635	0.73608
1.4639	0.73467
1.4643	0.73324
1.4647	0.73185
1.4652	0.73058
1.4656	0.72938
1.466	0.72824
1.4664	0.72736
1.4668	0.72672
1.4672	0.72609
1.4676	0.72559
1.4681	0.72530
1.4685	0.72510
1.4689	0.72496
1.4693	0.72499
1.4697	0.72497
1.4701	0.72498
1.4706	0.72522
1.471	0.72547
1.4714	0.72574
1.4718	0.72614
1.4722	0.72666
1.4726	0.72717
1.4731	0.72781
1.4735	0.72857
1.4739	0.72944
1.4743	0.73033
1.4747	0.73119
1.4752	0.73198
1.4756	0.73284
1.476	0.73387
1.4764	0.73484
1.4768	0.73570
1.4773	0.73658
1.4777	0.73741
1.4781	0.73823
1.4785	0.73909
1.4789	0.73991
1.4794	0.74064
1.4798	0.74134
1.4802	0.74218
1.4806	0.74293
1.4811	0.74351
1.4815	0.74434
1.4819	0.74525
1.4823	0.74606
1.4828	0.74690
1.4832	0.74774
1.4836	0.74848
1.484	0.74926
1.4844	0.75015
1.4849	0.75099
1.4853	0.75165
1.4857	0.75219
1.4862	0.75282
1.4866	0.75361
1.487	0.75418
1.4874	0.75461
1.4879	0.75505
1.4883	0.75543
1.4887	0.75575
1.4891	0.75610
1.4896	0.75651
1.49	0.75684
1.4904	0.75707
1.4908	0.75742
1.4913	0.75767
1.4917	0.75779
1.4921	0.75786
1.4926	0.75807
1.493	0.75831
1.4934	0.75853
1.4939	0.75870
1.4943	0.75886
1.4947	0.75898
1.4952	0.75909
1.4956	0.75922
1.496	0.75927
1.4964	0.75934
1.4969	0.75940
1.4973	0.75945
1.4977	0.75951
1.4982	0.75961
1.4986	0.75978
1.499	0.75989
1.4995	0.75987
1.4999	0.75989
1.5003	0.76000
1.5008	0.76007
1.5012	0.76013
1.5017	0.76012
1.5021	0.76004
1.5025	0.76006
1.5029	0.76008
1.5034	0.76011
1.5038	0.76015
1.5043	0.76009
1.5047	0.76009
1.5051	0.76016
1.5056	0.76020
1.506	0.76023
1.5064	0.76018
1.5069	0.76018
1.5073	0.76032
1.5078	0.76030
1.5082	0.76013
1.5086	0.76015
1.5091	0.76028
1.5095	0.76029
1.51	0.76023
1.5104	0.76020
1.5108	0.76019
1.5113	0.76016
1.5117	0.76022
1.5122	0.76027
1.5126	0.76032
1.513	0.76029
1.5135	0.76031
1.5139	0.76035
1.5144	0.76034
1.5148	0.76020
1.5153	0.76019
1.5157	0.76023
1.5161	0.76028
1.5166	0.76036
1.517	0.76039
1.5175	0.76041
1.5179	0.76045
1.5184	0.76061
1.5188	0.76068
1.5193	0.76062
1.5197	0.76077
1.5201	0.76098
1.5206	0.76106
1.521	0.76104
1.5215	0.76116
1.5219	0.76141
1.5224	0.76159
1.5228	0.76168
1.5233	0.76176
1.5237	0.76191
1.5242	0.76211
1.5246	0.76225
1.5251	0.76230
1.5255	0.76245
1.5259	0.76258
1.5264	0.76272
1.5268	0.76283
1.5273	0.76301
1.5278	0.76315
1.5282	0.76324
1.5287	0.76336
1.5291	0.76353
1.5296	0.76373
1.53	0.76382
1.5305	0.76395
1.5309	0.76416
1.5314	0.76439
1.5318	0.76450
1.5323	0.76470
1.5327	0.76495
1.5332	0.76519
1.5336	0.76530
1.5341	0.76549
1.5345	0.76576
1.535	0.76596
1.5354	0.76618
1.5359	0.76640
1.5363	0.76663
1.5368	0.76695
1.5373	0.76727
1.5377	0.76748
1.5382	0.76766
1.5386	0.76791
1.5391	0.76820
1.5396	0.76847
1.54	0.76877
1.5405	0.76904
1.5409	0.76920
1.5414	0.76941
1.5418	0.76971
1.5423	0.77002
1.5428	0.77034
1.5432	0.77061
1.5437	0.77083
1.5441	0.77102
1.5446	0.77126
1.5451	0.77149
1.5455	0.77175
1.546	0.77194
1.5464	0.77212
1.5469	0.77234
1.5474	0.77250
1.5478	0.77272
1.5483	0.77296
1.5487	0.77319
1.5492	0.77349
1.5497	0.77374
1.5501	0.77392
1.5506	0.77408
1.5511	0.77423
1.5515	0.77447
1.552	0.77475
1.5524	0.77498
1.5529	0.77516
1.5534	0.77529
1.5538	0.77545
1.5543	0.77567
1.5548	0.77584
1.5553	0.77607
1.5557	0.77638
1.5562	0.77673
1.5567	0.77692
1.5571	0.77705
1.5576	0.77730
1.5581	0.77756
1.5585	0.77772
1.559	0.77784
1.5595	0.77809
1.5599	0.77827
1.5604	0.77838
1.5609	0.77865
1.5613	0.77888
1.5618	0.77903
1.5623	0.77927
1.5628	0.77961
1.5632	0.77989
1.5637	0.77998
1.5642	0.78010
1.5646	0.78028
1.5651	0.78044
1.5656	0.78054
1.5661	0.78066
1.5665	0.78084
1.567	0.78107
1.5675	0.78130
1.5679	0.78144
1.5684	0.78160
1.5689	0.78182
1.5694	0.78205
1.5698	0.78226
1.5703	0.78238
1.5708	0.78248
1.5713	0.78265
1.5718	0.78280
1.5722	0.78287
1.5727	0.78315
1.5732	0.78343
1.5737	0.78360
1.5741	0.78375
1.5746	0.78394
1.5751	0.78407
1.5756	0.78430
1.5761	0.78458
1.5765	0.78479
1.577	0.78494
1.5775	0.78518
1.578	0.78539
1.5784	0.78549
1.5789	0.78565
1.5794	0.78588
1.5799	0.78617
1.5804	0.78643
1.5809	0.78667
1.5813	0.78681
1.5818	0.78695
1.5823	0.78719
1.5828	0.78736
1.5833	0.78748
1.5838	0.78774
1.5842	0.78799
1.5847	0.78820
1.5852	0.78840
1.5857	0.78848
1.5862	0.78859
1.5867	0.78883
1.5872	0.78905
1.5876	0.78926
1.5881	0.78945
1.5886	0.78958
1.5891	0.78975
1.5896	0.78994
1.5901	0.79010
1.5906	0.79028
1.591	0.79051
1.5915	0.79064
1.592	0.79067
1.5925	0.79085
1.593	0.79099
1.5935	0.79119
1.594	0.79138
1.5945	0.79148
1.595	0.79165
1.5954	0.79188
1.5959	0.79199
1.5964	0.79203
1.5969	0.79221
1.5974	0.79241
1.5979	0.79264
1.5984	0.79273
1.5989	0.79276
1.5994	0.79290
1.5999	0.79309
1.6004	0.79325
1.6009	0.79333
1.6014	0.79352
1.6019	0.79371
1.6023	0.79381
1.6028	0.79397
1.6033	0.79415
1.6038	0.79429
1.6043	0.79434
1.6048	0.79442
1.6053	0.79455
1.6058	0.79470
1.6063	0.79485
1.6068	0.79500
1.6073	0.79519
1.6078	0.79528
1.6083	0.79546
1.6088	0.79561
1.6093	0.79571
1.6098	0.79579
1.6103	0.79587
1.6108	0.79599
1.6113	0.79608
1.6118	0.79621
1.6123	0.79636
1.6128	0.79642
1.6133	0.79654
1.6138	0.79671
1.6143	0.79679
1.6148	0.79686
1.6153	0.79697
1.6158	0.79707
1.6163	0.79725
1.6168	0.79742
1.6173	0.79750
1.6178	0.79762
1.6184	0.79772
1.6189	0.79783
1.6194	0.79800
1.6199	0.79807
1.6204	0.79813
1.6209	0.79819
1.6214	0.79837
1.6219	0.79856
1.6224	0.79862
1.6229	0.79867
1.6234	0.79876
1.6239	0.79887
1.6244	0.79902
1.6249	0.79918
1.6255	0.79919
1.626	0.79925
1.6265	0.79934
1.627	0.79933
1.6275	0.79944
1.628	0.79966
1.6285	0.79979
1.629	0.79984
1.6296	0.79990
1.6301	0.80010
1.6306	0.80024
1.6311	0.80018
1.6316	0.80016
1.6321	0.80031
1.6326	0.80039
1.6331	0.80049
1.6337	0.80071
1.6342	0.80076
1.6347	0.80081
1.6352	0.80094
1.6357	0.80102
1.6362	0.80110
1.6368	0.80115
1.6373	0.80123
1.6378	0.80132
1.6383	0.80142
1.6388	0.80148
1.6393	0.80152
1.6399	0.80165
1.6404	0.80180
1.6409	0.80185
1.6414	0.80180
1.6419	0.80181
1.6424	0.80194
1.643	0.80205
1.6435	0.80212
1.644	0.80215
1.6445	0.80222
1.6451	0.80228
1.6456	0.80241
1.6461	0.80252
1.6466	0.80255
1.6472	0.80257
1.6477	0.80269
1.6482	0.80275
1.6487	0.80278
1.6492	0.80283
1.6498	0.80289
1.6503	0.80299
1.6508	0.80312
1.6513	0.80326
1.6519	0.80334
1.6524	0.80338
1.6529	0.80341
1.6534	0.80351
1.654	0.80355
1.6545	0.80356
1.655	0.80360
1.6556	0.80360
1.6561	0.80368
1.6566	0.80382
1.6572	0.80386
1.6577	0.80379
1.6582	0.80388
1.6587	0.80406
1.6593	0.80410
1.6598	0.80413
1.6603	0.80422
1.6609	0.80419
1.6614	0.80420
1.6619	0.80431
1.6625	0.80440
1.663	0.80443
1.6635	0.80443
1.6641	0.80454
1.6646	0.80466
1.6651	0.80465
1.6657	0.80468
1.6662	0.80473
1.6667	0.80482
1.6673	0.80493
1.6678	0.80489
1.6683	0.80487
1.6689	0.80493
1.6694	0.80498
1.67	0.80495
1.6705	0.80496
1.671	0.80504
1.6716	0.80515
1.6721	0.80518
1.6727	0.80528
1.6732	0.80530
1.6737	0.80531
1.6743	0.80532
1.6748	0.80539
1.6754	0.80550
1.6759	0.80551
1.6764	0.80560
1.677	0.80572
1.6775	0.80577
1.6781	0.80582
1.6786	0.80585
1.6792	0.80587
1.6797	0.80599
1.6802	0.80609
1.6808	0.80606
1.6813	0.80600
1.6819	0.80604
1.6824	0.80619
1.683	0.80622
1.6835	0.80626
1.6841	0.80632
1.6846	0.80638
1.6852	0.80649
1.6857	0.80657
1.6863	0.80656
1.6868	0.80650
1.6873	0.80652
1.6879	0.80655
1.6884	0.80660
1.689	0.80667
1.6896	0.80671
1.6901	0.80671
1.6907	0.80682
1.6912	0.80692
1.6918	0.80692
1.6923	0.80691
1.6929	0.80696
1.6934	0.80703
1.694	0.80702
1.6945	0.80710
1.6951	0.80716
1.6956	0.80715
1.6962	0.80716
1.6967	0.80721
1.6973	0.80729
1.6978	0.80728
1.6984	0.80719
1.699	0.80720
1.6995	0.80728
1.7001	0.80735
1.7006	0.80739
1.7012	0.80732
1.7018	0.80733
1.7023	0.80745
1.7029	0.80752
1.7034	0.80753
1.704	0.80747
1.7046	0.80756
1.7051	0.80765
1.7057	0.80760
1.7062	0.80765
1.7068	0.80766
1.7074	0.80756
1.7079	0.80757
1.7085	0.80764
1.709	0.80764
1.7096	0.80765
1.7102	0.80766
1.7107	0.80768
1.7113	0.80768
1.7119	0.80765
1.7124	0.80769
1.713	0.80762
1.7136	0.80757
1.7141	0.80766
1.7147	0.80770
1.7153	0.80767
1.7158	0.80763
1.7164	0.80759
1.717	0.80762
1.7175	0.80764
1.7181	0.80763
1.7187	0.80757
1.7192	0.80757
1.7198	0.80760
1.7204	0.80756
1.721	0.80755
1.7215	0.80752
1.7221	0.80748
1.7227	0.80750
1.7232	0.80753
1.7238	0.80760
1.7244	0.80756
1.725	0.80753
1.7255	0.80742
1.7261	0.80738
1.7267	0.80742
1.7273	0.80740
1.7278	0.80737
1.7284	0.80731
1.729	0.80732
1.7296	0.80735
1.7301	0.80725
1.7307	0.80721
1.7313	0.80724
1.7319	0.80723
1.7325	0.80712
1.733	0.80713
1.7336	0.80717
1.7342	0.80712
1.7348	0.80705
1.7354	0.80701
1.7359	0.80694
1.7365	0.80690
1.7371	0.80687
1.7377	0.80686
1.7383	0.80687
1.7388	0.80682
1.7394	0.80678
1.74	0.80674
1.7406	0.80675
1.7412	0.80671
1.7418	0.80659
1.7423	0.80648
1.7429	0.80638
1.7435	0.80638
1.7441	0.80632
1.7447	0.80619
1.7453	0.80616
1.7459	0.80617
1.7465	0.80606
1.7471	0.80596
1.7476	0.80590
1.7482	0.80585
1.7488	0.80575
1.7494	0.80572
1.75	0.80570
1.7506	0.80563
1.7512	0.80557
1.7518	0.80544
1.7524	0.80534
1.753	0.80527
1.7536	0.80521
1.7541	0.80514
1.7547	0.80501
1.7553	0.80492
1.7559	0.80484
1.7565	0.80478
1.7571	0.80477
1.7577	0.80470
1.7583	0.80460
1.7589	0.80450
1.7595	0.80443
1.7601	0.80441
1.7607	0.80425
1.7613	0.80411
1.7619	0.80407
1.7625	0.80407
1.7631	0.80403
1.7637	0.80392
1.7643	0.80377
1.7649	0.80374
1.7655	0.80371
1.7661	0.80364
1.7667	0.80356
1.7673	0.80352
1.7679	0.80347
1.7685	0.80340
1.7691	0.80335
1.7697	0.80336
1.7703	0.80327
1.7709	0.80316
1.7715	0.80313
1.7721	0.80309
1.7727	0.80302
1.7733	0.80300
1.7739	0.80296
1.7746	0.80290
1.7752	0.80286
1.7758	0.80280
1.7764	0.80278
1.777	0.80277
1.7776	0.80271
1.7782	0.80260
1.7788	0.80255
1.7794	0.80254
1.78	0.80246
1.7807	0.80227
1.7813	0.80217
1.7819	0.80216
1.7825	0.80209
1.7831	0.80207
1.7837	0.80198
1.7843	0.80194
1.7849	0.80183
1.7856	0.80173
1.7862	0.80157
1.7868	0.80149
1.7874	0.80147
1.788	0.80131
1.7886	0.80114
1.7893	0.80108
1.7899	0.80101
1.7905	0.80081
1.7911	0.80064
1.7917	0.80062
1.7923	0.80051
1.793	0.80031
1.7936	0.80019
1.7942	0.80004
1.7948	0.79989
1.7954	0.79978
1.7961	0.79968
1.7967	0.79953
1.7973	0.79938
1.7979	0.79926
1.7986	0.79910
1.7992	0.79886
1.7998	0.79866
1.8004	0.79845
1.8011	0.79823
1.8017	0.79793
1.8023	0.79766
1.8029	0.79740
1.8036	0.79714
1.8042	0.79683
1.8048	0.79645
1.8054	0.79612
1.8061	0.79581
1.8067	0.79556
1.8073	0.79521
1.808	0.79485
1.8086	0.79445
1.8092	0.79405
1.8099	0.79369
1.8105	0.79336
1.8111	0.79300
1.8118	0.79258
1.8124	0.79213
1.813	0.79178
1.8137	0.79143
1.8143	0.79106
1.8149	0.79065
1.8156	0.79027
1.8162	0.78999
1.8168	0.78965
1.8175	0.78922
1.8181	0.78884
1.8188	0.78846
1.8194	0.78807
1.82	0.78772
1.8207	0.78741
1.8213	0.78708
1.8219	0.78659
1.8226	0.78608
1.8232	0.78558
1.8239	0.78506
1.8245	0.78450
1.8252	0.78391
1.8258	0.78330
1.8264	0.78270
1.8271	0.78198
1.8277	0.78107
1.8284	0.78013
1.829	0.77912
1.8297	0.77804
1.8303	0.77684
1.831	0.77551
1.8316	0.77408
1.8323	0.77253
1.8329	0.77084
1.8336	0.76901
1.8342	0.76717
1.8348	0.76527
1.8355	0.76321
1.8361	0.76114
1.8368	0.75900
1.8374	0.75671
1.8381	0.75433
1.8388	0.75191
1.8394	0.74945
1.8401	0.74722
1.8407	0.74494
1.8414	0.74250
1.842	0.74018
1.8427	0.73799
1.8433	0.73563
1.844	0.73350
1.8446	0.73166
1.8453	0.72995
1.8459	0.72836
1.8466	0.72706
1.8473	0.72617
1.8479	0.72562
1.8486	0.72533
1.8492	0.72525
1.8499	0.72535
1.8506	0.72595
1.8512	0.72683
1.8519	0.72784
1.8526	0.72886
1.8532	0.73006
1.8539	0.73134
1.8545	0.73250
1.8552	0.73328
1.8559	0.73381
1.8565	0.73435
1.8572	0.73486
1.8579	0.73505
1.8585	0.73512
1.8592	0.73524
1.8599	0.73546
1.8605	0.73580
1.8612	0.73621
1.8619	0.73664
1.8625	0.73728
1.8632	0.73820
1.8639	0.73937
1.8645	0.74082
1.8652	0.74237
1.8659	0.74407
1.8666	0.74610
1.8672	0.74832
1.8679	0.75075
1.8686	0.75336
1.8692	0.75593
1.8699	0.75852
1.8706	0.76113
1.8713	0.76394
1.8719	0.76662
1.8726	0.76898
1.8733	0.77143
1.874	0.77369
1.8747	0.77563
1.8753	0.77743
1.876	0.77909
1.8767	0.78057
1.8774	0.78198
1.878	0.78323
1.8787	0.78425
1.8794	0.78515
1.8801	0.78602
1.8808	0.78680
1.8814	0.78749
1.8821	0.78810
1.8828	0.78864
1.8835	0.78909
1.8842	0.78954
1.8849	0.78985
1.8856	0.79009
1.8862	0.79046
1.8869	0.79065
1.8876	0.79072
1.8883	0.79080
1.889	0.79091
1.8897	0.79099
1.8904	0.79102
1.8911	0.79099
1.8918	0.79083
1.8924	0.79067
1.8931	0.79051
1.8938	0.79029
1.8945	0.79013
1.8952	0.78992
1.8959	0.78957
1.8966	0.78924
1.8973	0.78892
1.898	0.78864
1.8987	0.78837
1.8994	0.78803
1.9001	0.78772
1.9008	0.78726
1.9015	0.78677
1.9022	0.78630
1.9029	0.78589
1.9036	0.78548
1.9043	0.78507
1.905	0.78463
1.9057	0.78425
1.9064	0.78386
1.9071	0.78334
1.9078	0.78284
1.9085	0.78223
1.9092	0.78170
1.9099	0.78127
1.9106	0.78087
1.9113	0.78043
1.912	0.77999
1.9127	0.77952
1.9134	0.77892
1.9141	0.77843
1.9148	0.77791
1.9155	0.77734
1.9162	0.77681
1.9169	0.77626
1.9176	0.77570
1.9183	0.77510
1.9191	0.77447
1.9198	0.77390
1.9205	0.77348
1.9212	0.77297
1.9219	0.77231
1.9226	0.77162
1.9233	0.77103
1.924	0.77045
1.9248	0.76992
1.9255	0.76935
1.9262	0.76876
1.9269	0.76815
1.9276	0.76747
1.9283	0.76682
1.9291	0.76626
1.9298	0.76565
1.9305	0.76513
1.9312	0.76461
1.9319	0.76402
1.9327	0.76350
1.9334	0.76316
1.9341	0.76289
1.9348	0.76263
1.9355	0.76245
1.9363	0.76238
1.937	0.76233
1.9377	0.76229
1.9384	0.76232
1.9392	0.76246
1.9399	0.76257
1.9406	0.76271
1.9413	0.76284
1.9421	0.76289
1.9428	0.76300
1.9435	0.76304
1.9442	0.76310
1.945	0.76325
1.9457	0.76339
1.9464	0.76343
1.9472	0.76347
1.9479	0.76361
1.9486	0.76368
1.9494	0.76364
1.9501	0.76356
1.9508	0.76355
1.9516	0.76354
1.9523	0.76349
1.953	0.76331
1.9538	0.76328
1.9545	0.76329
1.9552	0.76320
1.956	0.76314
1.9567	0.76301
1.9575	0.76286
1.9582	0.76273
1.9589	0.76265
1.9597	0.76257
1.9604	0.76238
1.9612	0.76222
1.9619	0.76211
1.9626	0.76196
1.9634	0.76180
1.9641	0.76170
1.9649	0.76155
1.9656	0.76146
1.9664	0.76141
1.9671	0.76128
1.9679	0.76118
1.9686	0.76113
1.9693	0.76107
1.9701	0.76101
1.9708	0.76098
1.9716	0.76096
1.9723	0.76097
1.9731	0.76090
1.9738	0.76081
1.9746	0.76079
1.9753	0.76083
1.9761	0.76085
1.9769	0.76077
1.9776	0.76078
1.9784	0.76079
1.9791	0.76071
1.9799	0.76066
1.9806	0.76067
1.9814	0.76063
1.9822	0.76060
1.9829	0.76058
1.9837	0.76046
1.9844	0.76034
1.9852	0.76028
1.9859	0.76021
1.9867	0.76014
1.9875	0.75998
1.9882	0.75985
1.989	0.75977
1.9898	0.75955
1.9905	0.75926
1.9913	0.75914
1.9921	0.75904
1.9928	0.75889
1.9936	0.75876
1.9943	0.75868
1.9951	0.75854
1.9959	0.75836
1.9967	0.75824
1.9974	0.75806
1.9982	0.75787
1.999	0.75781
1.9997	0.75780
2.0005	0.75770
2.0013	0.75751
2.0021	0.75740
2.0028	0.75743
2.0036	0.75742
2.0044	0.75740
2.0052	0.75734
2.0059	0.75718
2.0067	0.75716
2.0075	0.75711
2.0083	0.75697
2.009	0.75694
2.0098	0.75698
2.0106	0.75694
2.0114	0.75685
2.0122	0.75674
2.0129	0.75675
2.0137	0.75682
2.0145	0.75674
2.0153	0.75662
2.0161	0.75659
2.0168	0.75656
2.0176	0.75649
2.0184	0.75640
2.0192	0.75633
2.02	0.75620
2.0208	0.75605
2.0216	0.75591
2.0223	0.75576
2.0231	0.75553
2.0239	0.75529
2.0247	0.75517
2.0255	0.75502
2.0263	0.75474
2.0271	0.75448
2.0279	0.75428
2.0287	0.75398
2.0295	0.75367
2.0303	0.75344
2.0311	0.75314
2.0319	0.75280
2.0327	0.75246
2.0335	0.75216
2.0343	0.75195
2.0351	0.75169
2.0358	0.75133
2.0367	0.75109
2.0374	0.75076
2.0383	0.75041
2.0391	0.75014
2.0399	0.74992
2.0407	0.74963
2.0415	0.74941
2.0423	0.74911
2.0431	0.74885
2.0439	0.74860
2.0447	0.74836
2.0455	0.74818
2.0463	0.74793
2.0471	0.74768
2.0479	0.74752
2.0487	0.74730
2.0495	0.74698
2.0504	0.74674
2.0512	0.74656
2.052	0.74638
2.0528	0.74616
2.0536	0.74593
2.0544	0.74573
2.0552	0.74552
2.056	0.74528
2.0569	0.74502
2.0577	0.74477
2.0585	0.74456
2.0593	0.74440
2.0601	0.74410
2.0609	0.74386
2.0618	0.74365
2.0626	0.74340
2.0634	0.74317
2.0642	0.74293
2.0651	0.74264
2.0659	0.74243
2.0667	0.74226
2.0675	0.74199
2.0683	0.74168
2.0692	0.74141
2.07	0.74123
2.0708	0.74106
2.0716	0.74077
2.0725	0.74050
2.0733	0.74030
2.0741	0.74005
2.075	0.73986
2.0758	0.73968
2.0766	0.73947
2.0775	0.73926
2.0783	0.73912
2.0791	0.73901
2.08	0.73889
2.0808	0.73878
2.0816	0.73862
2.0825	0.73856
2.0833	0.73853
2.0841	0.73836
2.085	0.73825
2.0858	0.73822
2.0866	0.73819
2.0875	0.73818
2.0883	0.73812
2.0892	0.73795
2.09	0.73784
2.0909	0.73778
2.0917	0.73764
2.0926	0.73745
2.0934	0.73724
2.0942	0.73703
2.0951	0.73685
2.0959	0.73664
2.0968	0.73643
2.0976	0.73616
2.0985	0.73587
2.0993	0.73558
2.1002	0.73534
2.101	0.73504
2.1019	0.73469
2.1027	0.73438
2.1036	0.73410
2.1044	0.73382
2.1053	0.73352
2.1061	0.73317
2.107	0.73276
2.1079	0.73238
2.1087	0.73205
2.1096	0.73169
2.1104	0.73132
2.1113	0.73104
2.1121	0.73068
2.113	0.73031
2.1139	0.72997
2.1147	0.72963
2.1156	0.72927
2.1165	0.72892
2.1173	0.72856
2.1182	0.72821
2.1191	0.72781
2.1199	0.72740
2.1208	0.72697
2.1217	0.72647
2.1225	0.72601
2.1234	0.72560
2.1243	0.72519
2.1251	0.72469
2.126	0.72426
2.1269	0.72381
2.1278	0.72317
2.1286	0.72250
2.1295	0.72207
2.1304	0.72171
2.1313	0.72128
2.1321	0.72070
2.133	0.72009
2.1339	0.71964
2.1348	0.71920
2.1356	0.71861
2.1365	0.71810
2.1374	0.71759
2.1383	0.71699
2.1392	0.71644
2.1401	0.71587
2.1409	0.71522
2.1418	0.71463
2.1427	0.71418
2.1436	0.71364
2.1445	0.71291
2.1454	0.71224
2.1463	0.71170
2.1471	0.71119
2.148	0.71060
2.1489	0.70994
2.1498	0.70935
2.1507	0.70876
2.1516	0.70812
2.1525	0.70747
2.1534	0.70681
2.1543	0.70612
2.1552	0.70550
2.1561	0.70490
2.157	0.70428
2.1579	0.70361
2.1588	0.70297
2.1597	0.70238
2.1606	0.70183
2.1615	0.70121
2.1624	0.70051
2.1633	0.69981
2.1642	0.69915
2.1651	0.69840
2.166	0.69768
2.1669	0.69708
2.1678	0.69639
2.1687	0.69564
2.1696	0.69497
2.1705	0.69428
2.1714	0.69352
2.1723	0.69271
2.1732	0.69194
2.1741	0.69125
2.1751	0.69046
2.176	0.68958
2.1769	0.68867
2.1778	0.68780
2.1787	0.68693
2.1796	0.68598
2.1806	0.68504
2.1815	0.68396
2.1824	0.68296
2.1833	0.68198
2.1842	0.68092
2.1851	0.67977
2.1861	0.67864
2.187	0.67747
2.1879	0.67634
2.1888	0.67511
2.1898	0.67393
2.1907	0.67276
2.1916	0.67152
2.1925	0.67040
2.1935	0.66928
2.1944	0.66811
2.1953	0.66703
2.1963	0.66593
2.1972	0.66482
2.1981	0.66380
2.1991	0.66272
2.2	0.66160
2.2009	0.66051
2.2019	0.65941
2.2028	0.65832
2.2037	0.65722
2.2047	0.65617
2.2056	0.65512
2.2065	0.65407
2.2075	0.65310
2.2084	0.65217
2.2094	0.65130
2.2103	0.65059
2.2112	0.64996
2.2122	0.64945
2.2131	0.64908
2.2141	0.64871
2.215	0.64835
2.216	0.64809
2.2169	0.64791
2.2179	0.64773
2.2188	0.64751
2.2198	0.64723
2.2207	0.64701
2.2217	0.64687
2.2226	0.64673
2.2236	0.64666
2.2245	0.64666
2.2255	0.64663
2.2264	0.64658
2.2274	0.64661
2.2284	0.64663
2.2293	0.64675
2.2303	0.64690
2.2312	0.64703
2.2322	0.64716
2.2331	0.64717
2.2341	0.64714
2.2351	0.64709
2.236	0.64679
2.237	0.64623
2.238	0.64548
2.2389	0.64470
2.2399	0.64378
2.2409	0.64264
2.2418	0.64120
2.2428	0.63951
2.2438	0.63757
2.2448	0.63531
2.2457	0.63264
2.2467	0.62952
2.2477	0.62583
2.2486	0.62167
2.2496	0.61693
2.2506	0.61181
2.2516	0.60652
2.2526	0.60104
2.2535	0.59559
2.2545	0.59029
2.2555	0.58524
2.2565	0.58059
2.2575	0.57646
2.2584	0.57289
2.2594	0.56982
2.2604	0.56737
2.2614	0.56550
2.2624	0.56420
2.2634	0.56345
2.2644	0.56313
2.2654	0.56318
2.2663	0.56357
2.2673	0.56432
2.2683	0.56535
2.2693	0.56647
2.2703	0.56784
2.2713	0.56946
2.2723	0.57124
2.2733	0.57313
2.2743	0.57531
2.2753	0.57787
2.2763	0.58090
2.2773	0.58431
2.2783	0.58815
2.2793	0.59253
2.2803	0.59737
2.2813	0.60256
2.2823	0.60782
2.2833	0.61297
2.2843	0.61786
2.2853	0.62252
2.2863	0.62687
2.2873	0.63066
2.2883	0.63392
2.2894	0.63681
2.2904	0.63930
2.2914	0.64133
2.2924	0.64305
2.2934	0.64441
2.2944	0.64544
2.2954	0.64637
2.2964	0.64733
2.2975	0.64835
2.2985	0.64972
2.2995	0.65157
2.3005	0.65379
2.3016	0.65642
2.3026	0.65943
2.3036	0.66270
2.3046	0.66602
2.3056	0.66936
2.3067	0.67271
2.3077	0.67606
2.3087	0.67938
2.3098	0.68248
2.3108	0.68546
2.3118	0.68839
2.3128	0.69114
2.3139	0.69361
2.3149	0.69585
2.3159	0.69800
2.317	0.69999
2.318	0.70181
2.3191	0.70348
2.3201	0.70498
2.3211	0.70631
2.3222	0.70755
2.3232	0.70867
2.3243	0.70974
2.3253	0.71073
2.3263	0.71157
2.3274	0.71231
2.3284	0.71302
2.3295	0.71369
2.3305	0.71428
2.3316	0.71483
2.3326	0.71527
2.3337	0.71569
2.3347	0.71604
2.3358	0.71628
2.3368	0.71642
2.3379	0.71653
2.3389	0.71665
2.34	0.71668
2.341	0.71661
2.3421	0.71654
2.3431	0.71648
2.3442	0.71629
2.3453	0.71600
2.3463	0.71568
2.3474	0.71533
2.3485	0.71499
2.3495	0.71458
2.3506	0.71417
2.3517	0.71368
2.3527	0.71312
2.3538	0.71261
2.3549	0.71203
2.3559	0.71134
2.357	0.71064
2.3581	0.70983
2.3591	0.70894
2.3602	0.70801
2.3613	0.70704
2.3624	0.70600
2.3634	0.70490
2.3645	0.70374
2.3656	0.70243
2.3667	0.70103
2.3678	0.69966
2.3689	0.69826
2.3699	0.69676
2.371	0.69524
2.3721	0.69362
2.3732	0.69184
2.3743	0.68999
2.3754	0.68807
2.3764	0.68612
2.3775	0.68411
2.3786	0.68198
2.3797	0.67972
2.3808	0.67741
2.3819	0.67504
2.383	0.67254
2.3841	0.66998
2.3852	0.66742
2.3863	0.66488
2.3874	0.66237
2.3885	0.65985
2.3896	0.65734
2.3907	0.65480
2.3918	0.65233
2.3929	0.64992
2.394	0.64756
2.3951	0.64534
2.3962	0.64325
2.3973	0.64115
2.3984	0.63912
2.3995	0.63729
2.4006	0.63558
2.4018	0.63401
2.4029	0.63263
2.404	0.63146
2.4051	0.63058
2.4062	0.62984
2.4073	0.62919
2.4085	0.62871
2.4096	0.62841
2.4107	0.62835
2.4118	0.62839
2.4129	0.62847
2.4141	0.62863
2.4152	0.62882
2.4163	0.62914
2.4174	0.62946
2.4186	0.62971
2.4197	0.62992
2.4208	0.63002
2.422	0.63016
2.4231	0.63026
2.4242	0.63029
2.4254	0.63032
2.4265	0.63015
2.4276	0.62978
2.4288	0.62937
2.4299	0.62884
2.4311	0.62821
2.4322	0.62741
2.4333	0.62645
2.4345	0.62533
2.4356	0.62408
2.4368	0.62260
2.4379	0.62104
2.4391	0.61927
2.4402	0.61725
2.4414	0.61514
2.4425	0.61285
2.4436	0.61040
2.4448	0.60786
2.4459	0.60517
2.4471	0.60242
2.4483	0.59951
2.4494	0.59655
2.4506	0.59351
2.4517	0.59063
2.4529	0.58795
2.4541	0.58538
2.4552	0.58303
2.4564	0.58098
2.4576	0.57921
2.4587	0.57775
2.4599	0.57668
2.4611	0.57600
2.4622	0.57557
2.4634	0.57532
2.4646	0.57528
2.4657	0.57545
2.4669	0.57567
2.4681	0.57600
2.4693	0.57638
2.4704	0.57668
2.4716	0.57704
2.4728	0.57736
2.474	0.57754
2.4751	0.57769
2.4763	0.57769
2.4775	0.57764
2.4787	0.57738
2.4799	0.57688
2.4811	0.57625
2.4823	0.57555
2.4834	0.57452
2.4846	0.57315
2.4858	0.57156
2.487	0.56977
2.4882	0.56783
2.4894	0.56568
2.4906	0.56323
2.4918	0.56060
2.493	0.55782
2.4942	0.55487
2.4954	0.55191
2.4966	0.54889
2.4978	0.54587
2.499	0.54301
2.5002	0.54066
2.5014	0.53893
2.5026	0.53769
2.5038	0.53695
2.505	0.53647
2.5063	0.53621
2.5075	0.53624
2.5087	0.53638
2.5099	0.53657
2.5111	0.53669
2.5123	0.53676
2.5135	0.53689
2.5148	0.53706
2.516	0.53741
2.5172	0.53783
2.5184	0.53837
2.5196	0.53907
2.5209	0.53988
2.5221	0.54077
2.5233	0.54170
2.5246	0.54257
2.5258	0.54348
2.527	0.54436
2.5282	0.54516
2.5295	0.54590
2.5307	0.54673
2.5319	0.54748
2.5332	0.54812
2.5344	0.54862
2.5357	0.54911
2.5369	0.54955
2.5381	0.54984
2.5394	0.54998
2.5406	0.55004
2.5419	0.55003
2.5431	0.55001
2.5444	0.54989
2.5456	0.54969
2.5469	0.54933
2.5481	0.54898
2.5494	0.54838
2.5506	0.54764
2.5519	0.54690
2.5531	0.54604
2.5544	0.54497
2.5556	0.54378
2.5569	0.54252
2.5582	0.54120
2.5594	0.53973
2.5607	0.53838
2.562	0.53702
2.5632	0.53545
2.5645	0.53364
2.5658	0.53172
2.567	0.52958
2.5683	0.52752
2.5696	0.52559
2.5709	0.52356
2.5721	0.52124
2.5734	0.51916
2.5747	0.51688
2.576	0.51425
2.5773	0.51155
2.5785	0.50878
2.5798	0.50583
2.5811	0.50283
2.5824	0.49972
2.5837	0.49675
2.585	0.49356
2.5862	0.48998
2.5875	0.48651
2.5888	0.48310
2.5901	0.47953
2.5914	0.47615
2.5927	0.47307
2.594	0.47070
2.5953	0.46848
2.5966	0.46543
2.5979	0.46221
2.5992	0.45964
2.6005	0.45750
2.6018	0.45564
2.6031	0.45401
2.6044	0.45292
2.6057	0.45216
2.6071	0.45143
2.6084	0.45061
2.6097	0.45030
2.611	0.45025
2.6123	0.45020
2.6136	0.45022
2.6149	0.45037
2.6163	0.45065
2.6176	0.45112
2.6189	0.45085
2.6202	0.45078
2.6216	0.45108
2.6229	0.45100
2.6242	0.45129
2.6255	0.45230
2.6269	0.45386
2.6282	0.45569
2.6295	0.45735
2.6309	0.45984
2.6322	0.46197
2.6335	0.46400
2.6349	0.46659
2.6362	0.46901
2.6376	0.47146
2.6389	0.47409
2.6402	0.47662
2.6416	0.47899
2.6429	0.48123
2.6443	0.48323
2.6456	0.48513
2.647	0.48693
2.6483	0.48849
2.6497	0.49002
2.651	0.49151
2.6524	0.49329
2.6538	0.49520
2.6551	0.49670
2.6565	0.49841
2.6578	0.50018
2.6592	0.50204
2.6606	0.50393
2.6619	0.50564
2.6633	0.50721
2.6647	0.50903
2.666	0.51125
2.6674	0.51299
2.6688	0.51403
2.6701	0.51547
2.6715	0.51768
2.6729	0.51863
2.6743	0.51978
2.6756	0.52171
2.677	0.52412
2.6784	0.52615
2.6798	0.52787
2.6812	0.52949
2.6826	0.53081
2.684	0.53241
2.6854	0.53381
2.6868	0.53495
2.6881	0.53584
2.6895	0.53631
2.6909	0.53641
2.6923	0.53641
2.6937	0.53614
2.6951	0.53551
2.6965	0.53400
2.6979	0.53205
2.6993	0.52998
2.7007	0.52798
2.7021	0.52595
2.7036	0.52380
2.705	0.52145
2.7064	0.51947
2.7078	0.51764
2.7092	0.51588
2.7106	0.51376
2.712	0.51154
2.7135	0.50865
2.7149	0.50536
2.7163	0.50204
2.7177	0.49876
2.7191	0.49551
2.7206	0.49223
2.722	0.48821
2.7234	0.48414
2.7249	0.48007
2.7263	0.47582
2.7277	0.47134
2.7292	0.46690
2.7306	0.46233
2.732	0.45768
2.7335	0.45284
2.7349	0.44792
2.7364	0.44256
2.7378	0.43718
2.7393	0.43191
2.7407	0.42653
2.7422	0.42040
2.7436	0.41420
2.7451	0.40800
2.7465	0.40189
2.748	0.39567
2.7494	0.38940
2.7509	0.38305
2.7523	0.37675
2.7538	0.37053
2.7553	0.36436
2.7567	0.35760
2.7582	0.35099
2.7597	0.34457
2.7611	0.33863
2.7626	0.33286
2.7641	0.32706
2.7656	0.32129
2.767	0.31575
2.7685	0.30997
2.77	0.30425
2.7715	0.29824
2.7729	0.29212
2.7744	0.28576
2.7759	0.27937
2.7774	0.27294
2.7789	0.26647
2.7804	0.25955
2.7819	0.25235
2.7834	0.24479
2.7849	0.23757
2.7864	0.23123
2.7879	0.22667
2.7894	0.22411
2.7909	0.22343
2.7924	0.22330
2.7939	0.22300
2.7954	0.22188
2.7969	0.22012
2.7984	0.21777
2.7999	0.21499
2.8014	0.21184
2.8029	0.20848
2.8044	0.20490
2.806	0.20128
2.8075	0.19752
2.809	0.19370
2.8105	0.18968
2.8121	0.18573
2.8136	0.18155
2.8151	0.17736
2.8166	0.17290
2.8182	0.16838
2.8197	0.16382
2.8212	0.15946
2.8228	0.15509
2.8243	0.15105
2.8258	0.14712
2.8274	0.14337
2.8289	0.13956
2.8305	0.13592
2.832	0.13236
2.8336	0.12897
2.8351	0.12558
2.8367	0.12227
2.8382	0.11895
2.8398	0.11567
2.8413	0.11228
2.8429	0.10917
2.8444	0.10605
2.846	0.10300
2.8476	0.09988
2.8491	0.09686
2.8507	0.09385
2.8523	0.09105
2.8538	0.08819
2.8554	0.08528
2.857	0.08236
2.8586	0.07962
2.8601	0.07682
2.8617	0.07406
2.8633	0.07114
2.8649	0.06829
2.8664	0.06554
2.868	0.06296
2.8696	0.06033
2.8712	0.05797
2.8728	0.05578
2.8744	0.05372
2.876	0.05171
2.8776	0.05007
2.8792	0.04859
2.8808	0.04710
2.8824	0.04544
2.884	0.04408
2.8856	0.04281
2.8872	0.04162
2.8888	0.04042
2.8904	0.03928
2.892	0.03814
2.8936	0.03719
2.8953	0.03624
2.8969	0.03535
2.8985	0.03440
2.9001	0.03363
2.9017	0.03270
2.9034	0.03182
2.905	0.03102
2.9066	0.03018
2.9083	0.02931
2.9099	0.02853
2.9115	0.02765
2.9131	0.02681
2.9148	0.02604
2.9164	0.02537
2.9181	0.02471
2.9197	0.02403
2.9214	0.02333
2.923	0.02288
2.9247	0.02240
2.9263	0.02199
2.928	0.02166
2.9296	0.02127
2.9313	0.02089
2.9329	0.02081
2.9346	0.02069
2.9363	0.02056
2.9379	0.02056
2.9396	0.02080
2.9412	0.02117
2.9429	0.02167
2.9446	0.02230
2.9463	0.02325
2.9479	0.02431
2.9496	0.02546
2.9513	0.02652
2.953	0.02753
2.9546	0.02855
2.9563	0.02934
2.958	0.02990
2.9597	0.03040
2.9614	0.03090
2.9631	0.03146
2.9648	0.03189
2.9665	0.03236
2.9682	0.03287
2.9699	0.03337
2.9716	0.03389
2.9733	0.03450
2.975	0.03496
2.9767	0.03536
2.9784	0.03581
2.9801	0.03631
2.9818	0.03673
2.9836	0.03720
2.9853	0.03763
2.987	0.03810
2.9887	0.03857
2.9904	0.03910
2.9922	0.03963
2.9939	0.04013
2.9956	0.04060
2.9974	0.04108
2.9991	0.04152
3.0008	0.04193
3.0026	0.04238
3.0043	0.04287
3.006	0.04322
3.0078	0.04361
3.0095	0.04401
3.0113	0.04441
3.013	0.04481
3.0148	0.04533
3.0165	0.04585
3.0183	0.04621
3.02	0.04665
3.0218	0.04720
3.0236	0.04778
3.0253	0.04839
3.0271	0.04891
3.0289	0.04958
3.0306	0.05027
3.0324	0.05089
3.0342	0.05153
3.036	0.05229
3.0377	0.05291
3.0395	0.05361
3.0413	0.05447
3.0431	0.05534
3.0449	0.05609
3.0467	0.05697
3.0484	0.05786
3.0502	0.05875
3.052	0.05968
3.0538	0.06059
3.0556	0.06151
3.0574	0.06254
3.0592	0.06341
3.0611	0.06430
3.0629	0.06522
3.0647	0.06608
3.0665	0.06696
3.0683	0.06782
3.0701	0.06862
3.0719	0.06954
3.0738	0.07046
3.0756	0.07131
3.0774	0.07218
3.0792	0.07309
3.0811	0.07392
3.0829	0.07485
3.0847	0.07567
3.0866	0.07643
3.0884	0.07730
3.0902	0.07809
3.0921	0.07880
3.0939	0.07963
3.0958	0.08044
3.0976	0.08117
3.0995	0.08187
3.1013	0.08258
3.1032	0.08330
3.105	0.08425
3.1069	0.08521
3.1088	0.08621
3.1106	0.08727
3.1125	0.08831
3.1144	0.08934
3.1162	0.09045
3.1181	0.09140
3.12	0.09218
3.1219	0.09304
3.1237	0.09402
3.1256	0.09486
3.1275	0.09564
3.1294	0.09645
3.1313	0.09731
3.1332	0.09811
3.1351	0.09898
3.137	0.09978
3.1389	0.10057
3.1408	0.10135
3.1427	0.10207
3.1446	0.10272
3.1465	0.10349
3.1484	0.10413
3.1503	0.10463
3.1522	0.10523
3.1541	0.10601
3.1561	0.10664
3.158	0.10725
3.1599	0.10815
3.1618	0.10917
3.1638	0.11008
3.1657	0.11095
3.1676	0.11189
3.1696	0.11290
3.1715	0.11397
3.1734	0.11499
3.1754	0.11595
3.1773	0.11711
3.1793	0.11830
3.1812	0.11942
3.1832	0.12060
3.1851	0.12196
3.1871	0.12321
3.1891	0.12457
3.191	0.12613
3.193	0.12761
3.1949	0.12891
3.1969	0.13020
3.1989	0.13167
3.2009	0.13315
3.2029	0.13462
3.2048	0.13612
3.2068	0.13753
3.2088	0.13889
3.2108	0.14027
3.2128	0.14175
3.2148	0.14322
3.2168	0.14453
3.2188	0.14585
3.2208	0.14734
3.2228	0.14875
3.2248	0.15009
3.2268	0.15145
3.2288	0.15288
3.2308	0.15414
3.2328	0.15543
3.2348	0.15673
3.2368	0.15811
3.2389	0.15945
3.2409	0.16074
3.2429	0.16201
3.2449	0.16333
3.247	0.16462
3.249	0.16589
3.251	0.16719
3.2531	0.16856
3.2551	0.16995
3.2572	0.17130
3.2592	0.17263
3.2613	0.17410
3.2633	0.17562
3.2654	0.17708
3.2674	0.17847
3.2695	0.17993
3.2716	0.18151
3.2736	0.18296
3.2757	0.18432
3.2778	0.18592
3.2798	0.18740
3.2819	0.18883
3.284	0.19025
3.2861	0.19164
3.2881	0.19315
3.2902	0.19456
3.2923	0.19583
3.2944	0.19716
3.2965	0.19863
3.2986	0.20011
3.3007	0.20135
3.3028	0.20272
3.3049	0.20419
3.307	0.20560
3.3091	0.20693
3.3112	0.20831
3.3134	0.20971
3.3155	0.21114
3.3176	0.21254
3.3197	0.21375
3.3219	0.21491
3.324	0.21614
3.3261	0.21733
3.3283	0.21852
3.3304	0.21977
3.3325	0.22099
3.3347	0.22214
3.3368	0.22336
3.339	0.22448
3.3411	0.22547
3.3433	0.22646
3.3454	0.22756
3.3476	0.22872
3.3498	0.22970
3.3519	0.23065
3.3541	0.23167
3.3563	0.23255
3.3584	0.23343
3.3606	0.23437
3.3628	0.23517
3.365	0.23587
3.3671	0.23650
3.3693	0.23721
3.3715	0.23799
3.3737	0.23868
3.3759	0.23939
3.3781	0.24036
3.3803	0.24152
3.3825	0.24267
3.3847	0.24370
3.3869	0.24463
3.3891	0.24568
3.3914	0.24673
3.3936	0.24768
3.3958	0.24844
3.398	0.24905
3.4003	0.24957
3.4025	0.25009
3.4047	0.25061
3.407	0.25104
3.4092	0.25132
3.4114	0.25175
3.4137	0.25209
3.4159	0.25258
3.4182	0.25360
3.4204	0.25477
3.4227	0.25626
3.425	0.25794
3.4272	0.25957
3.4295	0.26135
3.4318	0.26304
3.434	0.26452
3.4363	0.26598
3.4386	0.26741
3.4409	0.26876
3.4432	0.27021
3.4454	0.27158
3.4477	0.27280
3.45	0.27395
3.4523	0.27523
3.4546	0.27657
3.4569	0.27778
3.4592	0.27903
3.4616	0.28030
3.4639	0.28138
3.4662	0.28247
3.4685	0.28361
3.4708	0.28451
3.4731	0.28533
3.4755	0.28639
3.4778	0.28742
3.4801	0.28833
3.4825	0.28919
3.4848	0.29014
3.4872	0.29118
3.4895	0.29204
3.4919	0.29279
3.4942	0.29346
3.4966	0.29394
3.4989	0.29438
3.5013	0.29510
3.5036	0.29623
3.506	0.29768
3.5084	0.29940
3.5108	0.30129
3.5131	0.30325
3.5155	0.30511
3.5179	0.30688
3.5203	0.30839
3.5227	0.30974
3.5251	0.31108
3.5275	0.31243
3.5299	0.31376
3.5323	0.31499
3.5347	0.31614
3.5371	0.31734
3.5395	0.31854
3.5419	0.31969
3.5444	0.32094
3.5468	0.32219
3.5492	0.32342
3.5516	0.32466
3.5541	0.32585
3.5565	0.32717
3.559	0.32842
3.5614	0.32971
3.5639	0.33096
3.5663	0.33214
3.5688	0.33331
3.5712	0.33457
3.5737	0.33584
3.5761	0.33713
3.5786	0.33836
3.5811	0.33953
3.5836	0.34073
3.586	0.34193
3.5885	0.34298
3.591	0.34421
3.5935	0.34547
3.596	0.34672
3.5985	0.34798
3.601	0.34927
3.6035	0.35058
3.606	0.35179
3.6085	0.35291
3.611	0.35403
3.6135	0.35533
3.616	0.35680
3.6186	0.35800
3.6211	0.35916
3.6236	0.36036
3.6261	0.36157
3.6287	0.36288
3.6312	0.36413
3.6338	0.36539
3.6363	0.36660
3.6389	0.36781
3.6414	0.36912
3.644	0.37042
3.6466	0.37177
3.6491	0.37286
3.6517	0.37388
3.6543	0.37527
3.6568	0.37664
3.6594	0.37777
3.662	0.37895
3.6646	0.38005
3.6672	0.38130
3.6698	0.38263
3.6724	0.38391
3.675	0.38516
3.6776	0.38629
3.6802	0.38743
3.6828	0.38852
3.6854	0.38968
3.6881	0.39085
3.6907	0.39191
3.6933	0.39296
3.6959	0.39408
3.6986	0.39538
3.7012	0.39661
3.7039	0.39780
3.7065	0.39891
3.7092	0.40009
3.7118	0.40113
3.7145	0.40220
3.7171	0.40342
3.7198	0.40451
3.7225	0.40571
3.7251	0.40683
3.7278	0.40783
3.7305	0.40878
3.7332	0.40981
3.7359	0.41083
3.7386	0.41177
3.7413	0.41275
3.744	0.41362
3.7467	0.41465
3.7494	0.41581
3.7521	0.41673
3.7548	0.41754
3.7575	0.41856
3.7603	0.41969
3.763	0.42063
3.7657	0.42159
3.7685	0.42260
3.7712	0.42359
3.7739	0.42436
3.7767	0.42530
3.7794	0.42637
3.7822	0.42709
3.785	0.42776
3.7877	0.42879
3.7905	0.42981
3.7933	0.43051
3.7961	0.43135
3.7988	0.43225
3.8016	0.43315
3.8044	0.43416
3.8072	0.43509
3.81	0.43608
3.8128	0.43701
3.8156	0.43773
3.8184	0.43852
3.8212	0.43932
3.824	0.44009
3.8269	0.44106
3.8297	0.44200
3.8325	0.44283
3.8354	0.44362
3.8382	0.44432
3.841	0.44519
3.8439	0.44596
3.8467	0.44663
3.8496	0.44734
3.8524	0.44788
3.8553	0.44865
3.8582	0.44945
3.8611	0.45014
3.8639	0.45073
3.8668	0.45142
3.8697	0.45208
3.8726	0.45262
3.8755	0.45324
3.8784	0.45409
3.8813	0.45479
3.8842	0.45540
3.8871	0.45623
3.89	0.45700
3.8929	0.45756
3.8959	0.45797
3.8988	0.45850
3.9017	0.45906
3.9047	0.45962
3.9076	0.46014
3.9106	0.46064
3.9135	0.46115
3.9165	0.46165
3.9194	0.46213
3.9224	0.46265
3.9254	0.46307
3.9284	0.46346
3.9313	0.46380
3.9343	0.46411
3.9373	0.46433
3.9403	0.46460
3.9433	0.46481
3.9463	0.46493
3.9493	0.46498
3.9523	0.46497
3.9553	0.46481
3.9583	0.46458
3.9614	0.46418
3.9644	0.46368
3.9674	0.46309
3.9705	0.46248
3.9735	0.46198
3.9766	0.46189
3.9796	0.46214
3.9826	0.46266
3.9857	0.46326
3.9888	0.46382
3.9919	0.46428
3.9949	0.46460
3.998	0.46485
4.0011	0.46525
4.0042	0.46579
4.0073	0.46642
4.0104	0.46703
4.0135	0.46766
4.0166	0.46820
4.0197	0.46865
4.0228	0.46898
4.0259	0.46925
4.0291	0.46947
4.0322	0.46968
4.0353	0.46982
4.0385	0.46992
4.0416	0.46996
4.0448	0.47003
4.0479	0.47003
4.0511	0.47003
4.0543	0.46998
4.0574	0.46992
4.0606	0.46984
4.0638	0.46974
4.067	0.46963
4.0702	0.46952
4.0734	0.46933
4.0766	0.46918
4.0798	0.46900
4.083	0.46882
4.0862	0.46858
4.0894	0.46834
4.0927	0.46803
4.0959	0.46776
4.0991	0.46754
4.1024	0.46727
4.1056	0.46692
4.1089	0.46661
4.1121	0.46629
4.1154	0.46603
4.1187	0.46569
4.122	0.46537
4.1252	0.46509
4.1285	0.46473
4.1318	0.46433
4.1351	0.46400
4.1384	0.46362
4.1417	0.46324
4.145	0.46276
4.1483	0.46228
4.1516	0.46177
4.155	0.46125
4.1583	0.46063
4.1616	0.45995
4.165	0.45923
4.1683	0.45851
4.1717	0.45765
4.175	0.45682
4.1784	0.45591
4.1818	0.45498
4.1852	0.45405
4.1885	0.45312
4.1919	0.45211
4.1953	0.45105
4.1987	0.44995
4.2021	0.44888
4.2055	0.44778
4.2089	0.44664
4.2124	0.44540
4.2158	0.44417
4.2192	0.44293
4.2226	0.44163
4.2261	0.44024
4.2295	0.43881
4.233	0.43725
4.2365	0.43560
4.2399	0.43387
4.2434	0.43200
4.2469	0.42993
4.2503	0.42781
4.2538	0.42552
4.2573	0.42313
4.2608	0.42074
4.2643	0.41859
4.2678	0.41702
4.2713	0.41613
4.2749	0.41562
4.2784	0.41524
4.2819	0.41479
4.2855	0.41423
4.289	0.41357
4.2926	0.41292
4.2961	0.41232
4.2997	0.41178
4.3033	0.41130
4.3068	0.41097
4.3104	0.41075
4.314	0.41060
4.3176	0.41049
4.3212	0.41046
4.3248	0.41047
4.3284	0.41053
4.332	0.41055
4.3356	0.41052
4.3393	0.41045
4.3429	0.41035
4.3465	0.41016
4.3502	0.40992
4.3538	0.40955
4.3575	0.40909
4.3611	0.40851
4.3648	0.40785
4.3685	0.40705
4.3722	0.40617
4.3759	0.40519
4.3796	0.40411
4.3833	0.40292
4.387	0.40173
4.3907	0.40047
4.3944	0.39916
4.3981	0.39784
4.4019	0.39655
4.4056	0.39518
4.4094	0.39377
4.4131	0.39229
4.4169	0.39085
4.4206	0.38934
4.4244	0.38778
4.4282	0.38611
4.432	0.38442
4.4358	0.38264
4.4396	0.38077
4.4434	0.37876
4.4472	0.37655
4.451	0.37410
4.4548	0.37151
4.4586	0.36882
4.4625	0.36615
4.4663	0.36349
4.4702	0.36084
4.474	0.35816
4.4779	0.35556
4.4818	0.35293
4.4856	0.35021
4.4895	0.34741
4.4934	0.34456
4.4973	0.34170
4.5012	0.33891
4.5051	0.33624
4.509	0.33374
4.513	0.33128
4.5169	0.32877
4.5209	0.32615
4.5248	0.32336
4.5287	0.32028
4.5327	0.31701
4.5367	0.31368
4.5406	0.31021
4.5446	0.30662
4.5486	0.30312
4.5526	0.29975
4.5566	0.29653
4.5606	0.29346
4.5646	0.29059
4.5686	0.28783
4.5727	0.28515
4.5767	0.28256
4.5808	0.28016
4.5848	0.27818
4.5889	0.27662
4.5929	0.27556
4.597	0.27508
4.6011	0.27518
4.6052	0.27573
4.6093	0.27649
4.6134	0.27735
4.6175	0.27817
4.6216	0.27897
4.6257	0.27974
4.6298	0.28059
4.634	0.28164
4.6381	0.28279
4.6423	0.28398
4.6464	0.28519
4.6506	0.28629
4.6548	0.28711
4.659	0.28762
4.6631	0.28780
4.6673	0.28751
4.6715	0.28665
4.6758	0.28509
4.68	0.28286
4.6842	0.28010
4.6884	0.27695
4.6927	0.27350
4.6969	0.26990
4.7012	0.26630
4.7055	0.26263
4.7097	0.25901
4.714	0.25562
4.7183	0.25261
4.7226	0.25002
4.7269	0.24775
4.7312	0.24571
4.7355	0.24371
4.7399	0.24164
4.7442	0.23955
4.7485	0.23764
4.7529	0.23613
4.7573	0.23513
4.7616	0.23456
4.766	0.23417
4.7704	0.23362
4.7748	0.23253
4.7792	0.23081
4.7836	0.22855
4.788	0.22604
4.7924	0.22342
4.7969	0.22084
4.8013	0.21825
4.8058	0.21561
4.8102	0.21314
4.8147	0.21149
4.8191	0.21113
4.8236	0.21201
4.8281	0.21348
4.8326	0.21468
4.8371	0.21504
4.8416	0.21446
4.8462	0.21275
4.8507	0.21006
4.8553	0.20657
4.8598	0.20247
4.8644	0.19796
4.8689	0.19327
4.8735	0.18850
4.8781	0.18373
4.8827	0.17918
4.8873	0.17525
4.8919	0.17205
4.8965	0.16963
4.9011	0.16803
4.9058	0.16715
4.9104	0.16671
4.9151	0.16646
4.9197	0.16615
4.9244	0.16571
4.9291	0.16504
4.9338	0.16413
4.9385	0.16306
4.9432	0.16202
4.9479	0.16125
4.9526	0.16118
4.9574	0.16227
4.9621	0.16481
4.9669	0.16897
4.9716	0.17438
4.9764	0.18024
4.9812	0.18584
4.986	0.19065
4.9908	0.19453
4.9956	0.19727
5.0004	0.19865
5.0052	0.19859
5.01	0.19730
5.0149	0.19526
5.0198	0.19308
5.0246	0.19115
5.0295	0.18983
5.0344	0.18923
5.0393	0.18913
5.0442	0.18936
5.0491	0.18971
5.054	0.18992
5.0589	0.18968
5.0639	0.18885
5.0688	0.18739
5.0738	0.18536
5.0788	0.18321
5.0837	0.18148
5.0887	0.18090
5.0937	0.18238
5.0987	0.18677
5.1037	0.19422
5.1088	0.20435
5.1138	0.21651
5.1189	0.22997
5.1239	0.24408
5.129	0.25829
5.1341	0.27227
5.1391	0.28573
5.1443	0.29849
5.1494	0.31071
5.1545	0.32204
5.1596	0.33249
5.1647	0.34248
5.1699	0.35180
5.175	0.36044
5.1802	0.36846
5.1854	0.37604
5.1906	0.38310
5.1958	0.38976
5.201	0.39610
5.2062	0.40203
5.2115	0.40760
5.2167	0.41311
5.222	0.41797
5.2272	0.42267
5.2325	0.42715
5.2378	0.43140
5.2431	0.43519
5.2484	0.43878
5.2537	0.44205
5.259	0.44512
5.2644	0.44791
5.2697	0.45056
5.2751	0.45294
5.2805	0.45520
5.2858	0.45718
5.2912	0.45933
5.2966	0.46120
5.302	0.46288
5.3075	0.46440
5.3129	0.46588
5.3184	0.46717
5.3238	0.46844
5.3293	0.46952
5.3348	0.47057
5.3403	0.47138
5.3458	0.47233
5.3513	0.47327
5.3568	0.47374
5.3624	0.47392
5.3679	0.47428
5.3735	0.47456
5.379	0.47487
5.3846	0.47497
5.3902	0.47512
5.3958	0.47521
5.4015	0.47530
5.4071	0.47522
5.4127	0.47532
5.4184	0.47543
5.4241	0.47578
5.4297	0.47532
5.4354	0.47485
5.4411	0.47455
5.4469	0.47427
5.4526	0.47374
5.4583	0.47332
5.4641	0.47303
5.4698	0.47249
5.4756	0.47163
5.4814	0.47104
5.4872	0.46995
5.493	0.46903
5.4988	0.46809
5.5047	0.46714
5.5105	0.46599
5.5164	0.46494
5.5223	0.46375
5.5281	0.46256
5.534	0.46109
5.54	0.45972
5.5459	0.45830
5.5518	0.45697
5.5578	0.45533
5.5637	0.45366
5.5697	0.45197
5.5757	0.45075
5.5817	0.44938
5.5877	0.44742
5.5937	0.44557
5.5998	0.44419
5.6058	0.44257
5.6119	0.44092
5.618	0.43940
5.6241	0.43784
5.6302	0.43631
5.6363	0.43517
5.6424	0.43422
5.6486	0.43263
5.6547	0.43066
5.6609	0.42893
5.6671	0.42699
5.6733	0.42568
5.6795	0.42407
5.6857	0.42216
5.692	0.42038
5.6982	0.41852
5.7045	0.41663
5.7108	0.41541
5.7171	0.41353
5.7234	0.41153
5.7297	0.40964
5.736	0.40824
5.7424	0.40689
5.7488	0.40585
5.7551	0.40424
5.7615	0.40323
5.768	0.40277
5.7744	0.40072
5.7808	0.39832
5.7873	0.39645
5.7937	0.39440
5.8002	0.39244
5.8067	0.39015
5.8132	0.38797
5.8198	0.38602
5.8263	0.38356
5.8328	0.38003
5.8394	0.37678
5.846	0.37380
5.8526	0.37136
5.8592	0.36915
5.8658	0.36719
5.8725	0.36498
5.8791	0.36406
5.8858	0.36233
5.8925	0.35965
5.8992	0.35727
5.9059	0.35372
5.9126	0.35016
5.9194	0.34681
5.9262	0.34309
5.9329	0.34006
5.9397	0.33653
5.9465	0.33168
5.9534	0.32700
5.9602	0.32276
5.9671	0.31864
5.974	0.31405
5.9808	0.30910
5.9878	0.30476
5.9947	0.29974
6.0016	0.29465
6.0086	0.29002
6.0155	0.28581
6.0225	0.28122
6.0295	0.27714
6.0365	0.27344
6.0436	0.27094
6.0506	0.26854
6.0577	0.26459
6.0648	0.26101
6.0719	0.25832
6.079	0.25476
6.0861	0.25088
6.0933	0.24704
6.1005	0.24358
6.1076	0.24082
6.1148	0.23939
6.1221	0.23839
6.1293	0.23894
6.1365	0.24133
6.1438	0.24517
6.1511	0.24923
6.1584	0.25318
6.1657	0.25622
6.1731	0.25825
6.1804	0.26020
6.1878	0.26232
6.1952	0.26316
6.2026	0.26377
6.21	0.26460
6.2175	0.26531
6.225	0.26570
6.2324	0.26597
6.2399	0.26614
6.2475	0.26626
6.255	0.26615
6.2625	0.26601
6.2701	0.26585
6.2777	0.26569
6.2853	0.26547
6.293	0.26538
6.3006	0.26537
6.3083	0.26540
6.3159	0.26549
6.3236	0.26577
6.3314	0.26617
6.3391	0.26706
6.3469	0.26834
6.3546	0.26884
6.3624	0.26949
6.3703	0.27099
6.3781	0.27217
6.3859	0.27314
6.3938	0.27438
6.4017	0.27558
6.4096	0.27750
6.4175	0.27940
6.4255	0.27930
6.4335	0.27942
6.4415	0.27981
6.4495	0.28007
6.4575	0.28038
6.4656	0.28069
6.4736	0.28126
6.4817	0.28183
6.4898	0.28273
6.498	0.28351
6.5061	0.28329
6.5143	0.28359
6.5225	0.28492
6.5307	0.28586
6.539	0.28694
6.5472	0.28851
6.5555	0.29009
6.5638	0.29142
6.5721	0.29301
6.5804	0.29371
6.5888	0.29356
6.5972	0.29334
6.6056	0.29257
6.614	0.29190
6.6225	0.29137
6.6309	0.29149
6.6394	0.29170
6.6479	0.29049
6.6565	0.28898
6.665	0.28795
6.6736	0.28684
6.6822	0.28554
6.6908	0.28344
6.6995	0.28123
6.7081	0.27932
6.7168	0.27705
6.7255	0.27423
6.7343	0.27124
6.743	0.26805
6.7518	0.26490
6.7606	0.26147
6.7694	0.25810
6.7783	0.25465
6.7871	0.25134
6.796	0.24754
6.805	0.24361
6.8139	0.24037
6.8229	0.23791
6.8319	0.23552
6.8409	0.23320
6.8499	0.23150
6.859	0.23058
6.868	0.22954
6.8772	0.22789
6.8863	0.22659
6.8955	0.22554
6.9046	0.22448
6.9138	0.22333
6.9231	0.22201
6.9323	0.22086
6.9416	0.21965
6.9509	0.21857
6.9602	0.21764
6.9696	0.21626
6.979	0.21476
6.9884	0.21380
6.9978	0.21292
7.0073	0.21209
7.0168	0.21136
7.0263	0.21076
7.0358	0.21020
7.0454	0.21004
7.0549	0.20942
7.0645	0.20853
7.0742	0.20773
7.0839	0.20710
7.0935	0.20650
7.1033	0.20602
7.113	0.20557
7.1228	0.20502
7.1326	0.20428
7.1424	0.20375
7.1522	0.20305
7.1621	0.20217
7.172	0.20119
7.182	0.19996
7.1919	0.19864
7.2019	0.19752
7.2119	0.19630
7.222	0.19505
7.232	0.19394
7.2421	0.19302
7.2523	0.19219
7.2624	0.19152
7.2726	0.19093
7.2828	0.19032
7.2931	0.18946
7.3033	0.18870
7.3136	0.18775
7.324	0.18673
7.3343	0.18570
7.3447	0.18468
7.3551	0.18353
7.3656	0.18248
7.3761	0.18148
7.3866	0.18064
7.3971	0.17979
7.4077	0.17909
7.4183	0.17839
7.4289	0.17780
7.4396	0.17724
7.4502	0.17674
7.461	0.17621
7.4717	0.17568
7.4825	0.17494
7.4933	0.17422
7.5041	0.17335
7.515	0.17246
7.5259	0.17138
7.5369	0.17021
7.5479	0.16873
7.5589	0.16718
7.5699	0.16541
7.581	0.16353
7.592	0.16155
7.6032	0.15969
7.6144	0.15795
7.6255	0.15647
7.6368	0.15502
7.648	0.15384
7.6593	0.15264
7.6707	0.15149
7.682	0.15035
7.6934	0.14923
7.7049	0.14796
7.7163	0.14659
7.7278	0.14490
7.7394	0.14302
7.7509	0.14077
7.7625	0.13827
7.7742	0.13546
7.7858	0.13243
7.7975	0.12911
7.8093	0.12578
7.8211	0.12229
7.8329	0.11879
7.8447	0.11519
7.8566	0.11165
7.8685	0.10806
7.8805	0.10451
7.8925	0.10089
7.9045	0.09741
7.9166	0.09388
7.9287	0.09045
7.9408	0.08700
7.953	0.08375
7.9652	0.08053
7.9775	0.07760
7.9898	0.07493
8.0021	0.07288
8.0145	0.07135
8.0269	0.07043
8.0393	0.06949
8.0518	0.06808
8.0643	0.06598
8.0769	0.06360
8.0895	0.06105
8.1021	0.05860
8.1148	0.05627
8.1275	0.05431
8.1403	0.05248
8.1531	0.05095
8.1659	0.04945
8.1788	0.04824
8.1917	0.04707
8.2047	0.04614
8.2177	0.04521
8.2307	0.04443
8.2438	0.04360
8.257	0.04293
8.2701	0.04217
8.2833	0.04160
8.2966	0.04093
8.3099	0.04034
8.3232	0.03970
8.3366	0.03919
8.35	0.03865
8.3635	0.03814
8.377	0.03749
8.3905	0.03693
8.4042	0.03631
8.4178	0.03581
8.4315	0.03517
8.4452	0.03468
8.459	0.03407
8.4728	0.03361
8.4867	0.03313
8.5006	0.03271
8.5145	0.03224
8.5285	0.03194
8.5426	0.03161
8.5567	0.03147
8.5708	0.03138
8.585	0.03156
8.5993	0.03190
8.6135	0.03261
8.6279	0.03353
8.6423	0.03484
8.6567	0.03648
8.6712	0.03880
8.6857	0.04157
8.7003	0.04506
8.7149	0.04921
8.7295	0.05433
8.7443	0.06033
8.759	0.06729
8.7739	0.07503
8.7887	0.08348
8.8037	0.09208
8.8186	0.10049
8.8337	0.10794
8.8487	0.11425
8.8638	0.11906
8.879	0.12243
8.8943	0.12431
8.9095	0.12506
8.9249	0.12488
8.9403	0.12411
8.9557	0.12279
8.9712	0.12128
8.9868	0.11955
9.0023	0.11777
9.018	0.11591
9.0337	0.11418
9.0495	0.11254
9.0653	0.11100
9.0812	0.10934
9.0971	0.10758
9.1131	0.10553
9.1291	0.10323
9.1452	0.10017
9.1614	0.09659
9.1776	0.09281
9.1939	0.08948
9.2102	0.08642
9.2266	0.08318
9.243	0.07876
9.2595	0.07312
9.2761	0.06714
9.2927	0.06187
9.3094	0.05766
9.3262	0.05441
9.343	0.05171
9.3598	0.04960
9.3768	0.04752
9.3938	0.04543
9.4108	0.04315
9.4279	0.04081
9.4451	0.03833
9.4623	0.03587
9.4796	0.03341
9.497	0.03156
9.5144	0.03044
9.5319	0.03074
9.5494	0.03264
9.567	0.03630
9.5847	0.04139
9.6025	0.04753
9.6203	0.05405
9.6382	0.06063
9.6561	0.06651
9.6742	0.07166
9.6922	0.07595
9.7104	0.07963
9.7286	0.08259
9.7469	0.08501
9.7652	0.08690
9.7837	0.08824
9.8022	0.08889
9.8207	0.08908
9.8394	0.08854
9.8581	0.08731
9.8768	0.08544
9.8957	0.08358
9.9146	0.08202
9.9336	0.08145
9.9527	0.08163
9.9718	0.08150
9.991	0.08024
10.0103	0.07851
10.0297	0.07684
10.0491	0.07543
10.0686	0.07433
10.0882	0.07392
10.1079	0.07404
10.1276	0.07481
10.1475	0.07587
10.1673	0.07726
10.1873	0.07878
10.2074	0.08044
10.2275	0.08223
10.2477	0.08419
10.268	0.08621
10.2884	0.08835
10.3088	0.09037
10.3294	0.09231
10.35	0.09403
10.3707	0.09571
10.3915	0.09741
10.4123	0.09934
10.4333	0.10144
10.4543	0.10366
10.4754	0.10579
10.4967	0.10799
10.5179	0.11022
10.5393	0.11255
10.5608	0.11495
10.5823	0.11770
10.604	0.12068
10.6257	0.12374
10.6475	0.12654
10.6694	0.12925
10.6914	0.13176
10.7135	0.13415
10.7357	0.13636
10.758	0.13857
10.7803	0.14064
10.8028	0.14245
10.8254	0.14382
10.848	0.14494
10.8708	0.14571
10.8936	0.14617
10.9165	0.14635
10.9395	0.14640
10.9627	0.14648
10.9859	0.14664
11.0092	0.14677
11.0327	0.14689
11.0562	0.14659
11.0798	0.14588
11.1035	0.14476
11.1274	0.14344
11.1513	0.14197
11.1753	0.14059
11.1995	0.13920
11.2237	0.13783
11.248	0.13617
11.2725	0.13445
11.2971	0.13281
11.3217	0.13142
11.3465	0.13010
11.3714	0.12895
11.3964	0.12777
11.4215	0.12685
11.4467	0.12621
11.472	0.12605
11.4975	0.12649
11.523	0.12791
11.5487	0.13020
11.5744	0.13288
11.6003	0.13519
11.6263	0.13706
11.6525	0.13835
11.6787	0.13944
11.7051	0.14016
11.7316	0.14043
11.7582	0.14037
11.7849	0.14009
11.8117	0.13976
11.8387	0.13984
11.8658	0.14050
11.893	0.14223
11.9203	0.14501
11.9478	0.14837
11.9754	0.15142
12.0031	0.15391
12.031	0.15569
12.059	0.15667
12.0871	0.15707
12.1153	0.15748
12.1437	0.15769
12.1722	0.15758
12.2008	0.15711
12.2296	0.15648
12.2585	0.15564
12.2876	0.15452
12.3168	0.15309
12.3461	0.15146
12.3755	0.14962
12.4052	0.14778
12.4349	0.14570
12.4648	0.14345
12.4948	0.14130
12.525	0.13922
12.5553	0.13713
12.5858	0.13503
12.6164	0.13288
12.6472	0.13110
12.6781	0.12940
12.7092	0.12780
12.7404	0.12654
12.7718	0.12572
12.8033	0.12512
12.835	0.12478
12.8669	0.12433
12.8989	0.12378
12.9311	0.12297
12.9634	0.12197
12.9959	0.12079
13.0285	0.11939
13.0613	0.11780
13.0943	0.11631
13.1275	0.11475
13.1608	0.11312
13.1943	0.11131
13.228	0.10946
13.2618	0.10744
13.2958	0.10544
13.33	0.10344
13.3643	0.10150
13.3988	0.09935
13.4336	0.09716
13.4685	0.09486
13.5035	0.09253
13.5388	0.09011
13.5742	0.08774
13.6099	0.08533
13.6457	0.08288
13.6817	0.08016
13.7179	0.07729
13.7543	0.07445
13.7908	0.07146
13.8276	0.06814
13.8646	0.06485
13.9018	0.06146
13.9392	0.05800
13.9767	0.05446
14.0145	0.05112
14.0525	0.04787
14.0907	0.04471
14.129	0.04157
14.1676	0.03855
14.2065	0.03576
14.2455	0.03333
14.2847	0.03092
14.3242	0.02875
14.3639	0.02664
14.4038	0.02496
14.4439	0.02350
14.4843	0.02235
14.5248	0.02136
14.5656	0.02071
14.6067	0.02036
14.6479	0.02039
14.6894	0.02057
14.7312	0.02120
14.7731	0.02198
14.8153	0.02292
14.8578	0.02400
14.9005	0.02532
14.9434	0.02663
14.9866	0.02815
15.03	0.02986
15.0737	0.03153
15.1177	0.03281
15.1619	0.03423
15.2063	0.03551
15.2511	0.03688
15.2961	0.03804
15.3413	0.03927
15.3868	0.04052
15.4326	0.04178
15.4787	0.04297
15.525	0.04441
15.5717	0.04574
15.6186	0.04697
15.6658	0.04786
15.7132	0.04839
15.761	0.04827
15.809	0.04758
15.8574	0.04618
15.906	0.04419
15.955	0.04204
16.0042	0.04011
16.0538	0.03813
16.1036	0.03649
16.1538	0.03511
16.2043	0.03384
16.2551	0.03238
16.3062	0.03109
16.3576	0.02967
16.4094	0.02839
16.4615	0.02696
16.5139	0.02582
16.5667	0.02491
16.6198	0.02465
16.6732	0.02458
16.727	0.02465
16.7811	0.02491
16.8356	0.02542
16.8905	0.02586
16.9457	0.02655
17.0012	0.02730
17.0572	0.02870
17.1134	0.02953
17.1701	0.03042
17.2272	0.03178
17.2846	0.03343
17.3424	0.03501
17.4006	0.03671
17.4592	0.03888
17.5182	0.04181
17.5775	0.04471
17.6373	0.04815
17.6975	0.05231
17.7581	0.05749
17.8192	0.06237
17.8806	0.06739
17.9425	0.07279
18.0048	0.07844
18.0675	0.08369
18.1307	0.08828
18.1943	0.09213
18.2584	0.09574
18.3229	0.09903
18.3879	0.10213
18.4533	0.10432
18.5192	0.10602
18.5856	0.10723
18.6524	0.10849
18.7198	0.10939
18.7876	0.11002
18.8559	0.11032
18.9247	0.11062
18.9941	0.11031
19.0639	0.11018
19.1342	0.11024
19.2051	0.10983
19.2765	0.10896
19.3484	0.10814
19.4209	0.10729
19.4939	0.10614
19.5675	0.10427
19.6416	0.10223
19.7163	0.09972
19.7915	0.09654
19.8673	0.09263
19.9438	0.08850
20.0208	0.08373
20.0984	0.07907
20.1766	0.07448
20.2554	0.06973
20.3348	0.06493
20.4149	0.06175
20.4956	0.06139
20.5769	0.06526
20.6589	0.07190
20.7415	0.07965
20.8248	0.08714
20.9088	0.09348
20.9934	0.09753
21.0788	0.09900
21.1648	0.09921
21.2516	0.09812
21.3391	0.09559
21.4272	0.09358
21.5161	0.09229
21.6058	0.09044
21.6962	0.08862
21.7873	0.08746
21.8793	0.08551
21.972	0.08220
22.0655	0.07786
22.1598	0.07414
22.2549	0.07330
22.3508	0.07514
22.4476	0.07803
22.5452	0.08113
22.6436	0.08379
22.7429	0.08626
22.8431	0.08808
22.9442	0.08929
23.0462	0.09063
23.1491	0.09149
23.2529	0.09224
23.3576	0.09284
23.4633	0.09352
23.5699	0.09400
23.6776	0.09453
23.7862	0.09585
23.8958	0.09724
24.0064	0.09815
24.1181	0.09859
24.2308	0.09906
24.3445	0.09927
24.4593	0.09949
24.5753	0.10028
24.6923	0.10125
24.8104	0.10200
24.9297	0.10256
25.0501	0.10284
25.1717	0.10254
25.2945	0.10181
25.4185	0.10100
25.5437	0.09997
25.6702	0.09873
25.7979	0.09710
25.9269	0.09585
26.0572	0.09525
26.1888	0.09385
26.3217	0.09253
26.456	0.09118
26.5917	0.08954
26.7288	0.08873
26.8672	0.08801
27.0072	0.08736
27.1486	0.08641
27.2915	0.08527
27.4359	0.08354
27.5818	0.08206
27.7293	0.08081
27.8784	0.07990
28.0291	0.07811
28.1814	0.07653
28.3354	0.07552
28.4911	0.07467
28.6485	0.07369
28.8077	0.07363
28.9686	0.07332
29.1313	0.07229
29.2959	0.07220
29.4624	0.07202
29.6307	0.07232
29.801	0.07150
29.9733	0.07004
30.1475	0.06892
30.3238	0.06825
30.5022	0.06945
30.6827	0.06966
30.8653	0.06887
31.0502	0.06828
31.2372	0.06776
31.4265	0.06754
31.6182	0.06669
31.8121	0.06596
32.0085	0.06512
32.2073	0.06434
32.4086	0.06308
32.6124	0.06204
32.8188	0.06120
33.0279	0.05849
33.2396	0.05691
33.4541	0.05567
33.6713	0.05346
33.8914	0.05235
34.1143	0.05008
34.3403	0.04805
34.5692	0.04625
34.8012	0.04490
35.0363	0.04301
35.2747	0.04283
35.5163	0.04567
35.7612	0.04809
36.0096	0.05063
36.2614	0.05680
36.5167	0.06561
36.7757	0.07776
37.0384	0.09247
37.3049	0.10459
37.5752	0.11555
37.8495	0.12285
38.1278	0.12777
38.4102	0.13075
38.6968	0.13177
38.9878	0.12896
39.2832	0.12674
39.583	0.12570
39.8875	0.12507
40.1967	0.12119
40.5108	0.12065
40.8297	0.12450
41.1538	0.12891
41.483	0.13069
41.8176	0.12965
42.1575	0.12472
42.5031	0.12041
42.8544	0.11856
43.2115	0.11382
43.5746	0.10983
43.9439	0.10920
44.3195	0.10790
44.7015	0.10419
45.0902	0.10059
45.4858	0.09751
45.8883	0.09317
46.298	0.08568
46.7151	0.08196
47.1398	0.08384
47.5723	0.09054
48.0128	0.10564
48.4615	0.11540
48.9186	0.11998
49.3846	0.12153
49.8594	0.12707
50.3435	0.13175
50.837	0.13034
51.3404	0.12829
51.8538	0.12696
52.3776	0.12757
52.912	0.12697
53.4575	0.12452
54.0144	0.11716
54.5829	0.10539
55.1636	0.10386
55.7568	0.10809
56.3628	0.11117
56.9822	0.10403
57.6153	0.09566
58.2627	0.08538
58.9247	0.07605
59.602	0.08569
60.2951	0.11499
61.0044	0.12904
61.7307	0.13092
62.4744	0.13193
63.2363	0.13773
64.017	0.13844
64.8172	0.13931
65.6377	0.13546
66.4792	0.12929
67.3426	0.12017
68.2286	0.12122
69.1384	0.12757
70.0727	0.14004
71.0326	0.14979
72.0191	0.14333
73.0335	0.13392
74.0768	0.13934
75.1504	0.15350
76.2555	0.14661
77.3937	0.14600
78.5663	0.15766
79.775	0.14795
81.0215	0.13843
82.3076	0.10362
83.6351	0.10777
85.0062	0.13076
86.423	0.12040
87.8878	0.11667
89.403	0.12889
90.9715	0.12711
92.596	0.11090
94.2796	0.11710
96.0255	0.11625
97.8373	0.08709
99.7188	0.07086
