Brown University Keck/NASA Relab Spectrum DD-MDD-055/BKR1DD055
Wavelength(micron)	Reflectance
0.3	0.02543
0.305	0.02819
0.31	0.02946
0.315	0.02921
0.32	0.02940
0.325	0.03074
0.33	0.03218
0.335	0.03275
0.34	0.03302
0.345	0.03494
0.35	0.03622
0.355	0.03874
0.36	0.04086
0.365	0.04359
0.37	0.04556
0.375	0.04631
0.38	0.04867
0.385	0.05107
0.39	0.05427
0.395	0.05719
0.4	0.05886
0.405	0.06134
0.41	0.06352
0.415	0.06605
0.42	0.06888
0.425	0.07178
0.43	0.07425
0.435	0.07629
0.44	0.07824
0.445	0.08024
0.45	0.08214
0.455	0.08426
0.46	0.08660
0.465	0.08895
0.47	0.09106
0.475	0.09326
0.48	0.09578
0.485	0.09811
0.49	0.10064
0.495	0.10364
0.5	0.10655
0.505	0.10785
0.51	0.10835
0.515	0.11382
0.52	0.11799
0.525	0.12092
0.53	0.12351
0.535	0.12559
0.54	0.12731
0.545	0.12838
0.55	0.12938
0.555	0.13125
0.56	0.13339
0.565	0.13461
0.57	0.13557
0.575	0.13622
0.58	0.13664
0.585	0.13689
0.59	0.13703
0.595	0.13675
0.6	0.13660
0.605	0.13579
0.61	0.13589
0.615	0.13553
0.62	0.13546
0.625	0.13507
0.63	0.13489
0.635	0.13438
0.64	0.13406
0.645	0.13381
0.65	0.13326
0.655	0.13266
0.66	0.13229
0.665	0.13148
0.67	0.13142
0.675	0.13101
0.68	0.13081
0.685	0.13029
0.69	0.12976
0.695	0.12959
0.7	0.12937
0.705	0.12909
0.71	0.12878
0.715	0.12849
0.72	0.12848
0.725	0.12847
0.73	0.12811
0.735	0.12785
0.74	0.12764
0.745	0.12745
0.75	0.12720
0.755	0.12707
0.76	0.12706
0.765	0.12691
0.77	0.12711
0.775	0.12706
0.78	0.12755
0.785	0.12770
0.79	0.12847
0.795	0.12871
0.8	0.12982
0.805	0.13057
0.81	0.13129
0.815	0.13207
0.82	0.13326
0.825	0.13403
0.83	0.13464
0.835	0.13511
0.84	0.13544
0.845	0.13586
0.85	0.13609
0.855	0.13538
0.86	0.13512
0.865	0.13415
0.87	0.13312
0.875	0.13110
0.88	0.12965
0.885	0.12725
0.89	0.12501
0.895	0.12262
0.9	0.11951
0.905	0.11744
0.91	0.11353
0.915	0.11054
0.92	0.10696
0.925	0.10397
0.93	0.10040
0.935	0.09741
0.94	0.09395
0.945	0.09084
0.95	0.08778
0.955	0.08449
0.96	0.08211
0.965	0.07974
0.97	0.07747
0.975	0.07566
0.98	0.07358
0.985	0.07209
0.99	0.07069
0.995	0.06961
1	0.06829
1.005	0.06760
1.01	0.06680
1.015	0.06660
1.02	0.06631
1.025	0.06634
1.03	0.06638
1.035	0.06671
1.04	0.06742
1.045	0.06807
1.05	0.06940
1.055	0.07058
1.06	0.07158
1.065	0.07351
1.07	0.07541
1.075	0.07774
1.08	0.07982
1.085	0.08261
1.09	0.08554
1.095	0.08887
1.1	0.09245
1.105	0.09583
1.11	0.09951
1.115	0.10296
1.12	0.10678
1.125	0.11045
1.13	0.11402
1.135	0.11780
1.14	0.12135
1.145	0.12485
1.15	0.12758
1.155	0.13073
1.16	0.13332
1.165	0.13615
1.17	0.13869
1.175	0.14105
1.18	0.14326
1.185	0.14516
1.19	0.14677
1.195	0.14844
1.2	0.15008
1.205	0.15134
1.21	0.15296
1.215	0.15430
1.22	0.15575
1.225	0.15745
1.23	0.15831
1.235	0.15966
1.24	0.16077
1.245	0.16222
1.25	0.16323
1.255	0.16457
1.26	0.16574
1.265	0.16687
1.27	0.16822
1.275	0.16947
1.28	0.17075
1.285	0.17207
1.29	0.17301
1.295	0.17447
1.3	0.17587
1.305	0.17724
1.31	0.17876
1.315	0.17936
1.32	0.18102
1.325	0.18202
1.33	0.18365
1.335	0.18495
1.34	0.18599
1.345	0.18747
1.35	0.18873
1.355	0.18988
1.36	0.19126
1.365	0.19305
1.37	0.19413
1.375	0.19564
1.38	0.19627
1.385	0.19765
1.39	0.19871
1.395	0.19994
1.4	0.20140
1.405	0.20217
1.41	0.20341
1.415	0.20451
1.42	0.20581
1.425	0.20697
1.43	0.20813
1.435	0.20930
1.44	0.21037
1.445	0.21161
1.45	0.21241
1.455	0.21359
1.46	0.21493
1.465	0.21529
1.47	0.21658
1.475	0.21771
1.48	0.21874
1.485	0.21956
1.49	0.22027
1.495	0.22143
1.5	0.22107
1.505	0.22259
1.51	0.22389
1.515	0.22509
1.52	0.22613
1.525	0.22687
1.53	0.22792
1.535	0.22895
1.54	0.22942
1.545	0.23042
1.55	0.23116
1.555	0.23283
1.56	0.23291
1.565	0.23365
1.57	0.23427
1.575	0.23505
1.58	0.23549
1.585	0.23647
1.59	0.23722
1.595	0.23812
1.6	0.23833
1.605	0.23863
1.61	0.23944
1.615	0.24012
1.62	0.24054
1.625	0.24107
1.63	0.24164
1.635	0.24140
1.64	0.24237
1.645	0.24241
1.65	0.24285
1.655	0.24341
1.66	0.24390
1.665	0.24486
1.67	0.24495
1.675	0.24569
1.68	0.24585
1.685	0.24592
1.69	0.24591
1.695	0.24612
1.7	0.24667
1.705	0.24695
1.71	0.24732
1.715	0.24707
1.72	0.24712
1.725	0.24770
1.73	0.24747
1.735	0.24749
1.74	0.24749
1.745	0.24723
1.75	0.24747
1.755	0.24776
1.76	0.24751
1.765	0.24740
1.77	0.24740
1.775	0.24672
1.78	0.24653
1.785	0.24652
1.79	0.24703
1.795	0.24586
1.8	0.24564
1.805	0.24539
1.81	0.24447
1.815	0.24398
1.82	0.24350
1.825	0.24295
1.83	0.24233
1.835	0.24204
1.84	0.24147
1.845	0.24113
1.85	0.24052
1.855	0.24018
1.86	0.23905
1.865	0.23830
1.87	0.23752
1.875	0.23680
1.88	0.23563
1.885	0.23509
1.89	0.23379
1.895	0.23255
1.9	0.23161
1.905	0.23071
1.91	0.22954
1.915	0.22895
1.92	0.22757
1.925	0.22743
1.93	0.22648
1.935	0.22557
1.94	0.22437
1.945	0.22308
1.95	0.22236
1.955	0.22115
1.96	0.21977
1.965	0.21896
1.97	0.21778
1.975	0.21628
1.98	0.21559
1.985	0.21458
1.99	0.21334
1.995	0.21288
2	0.21165
2.005	0.20958
2.01	0.20928
2.015	0.20715
2.02	0.20647
2.025	0.20459
2.03	0.20376
2.035	0.20253
2.04	0.20134
2.045	0.20016
2.05	0.19885
2.055	0.19805
2.06	0.19681
2.065	0.19589
2.07	0.19450
2.075	0.19383
2.08	0.19262
2.085	0.19130
2.09	0.19016
2.095	0.18909
2.1	0.18805
2.105	0.18717
2.11	0.18607
2.115	0.18565
2.12	0.18467
2.125	0.18375
2.13	0.18257
2.135	0.18149
2.14	0.17994
2.145	0.17951
2.15	0.17870
2.155	0.17794
2.16	0.17680
2.165	0.17622
2.17	0.17528
2.175	0.17472
2.18	0.17384
2.185	0.17336
2.19	0.17285
2.195	0.17149
2.2	0.17083
2.205	0.17055
2.21	0.17016
2.215	0.16925
2.22	0.16872
2.225	0.16856
2.23	0.16790
2.235	0.16757
2.24	0.16701
2.245	0.16634
2.25	0.16597
2.255	0.16555
2.26	0.16520
2.265	0.16503
2.27	0.16460
2.275	0.16438
2.28	0.16422
2.285	0.16376
2.29	0.16375
2.295	0.16356
2.3	0.16372
2.305	0.16325
2.31	0.16324
2.315	0.16329
2.32	0.16324
2.325	0.16330
2.33	0.16352
2.335	0.16317
2.34	0.16375
2.345	0.16440
2.35	0.16423
2.355	0.16450
2.36	0.16461
2.365	0.16481
2.37	0.16527
2.375	0.16549
2.38	0.16609
2.385	0.16698
2.39	0.16721
2.395	0.16811
2.4	0.16859
2.405	0.16962
2.41	0.17025
2.415	0.17126
2.42	0.17202
2.425	0.17290
2.43	0.17431
2.435	0.17496
2.44	0.17581
2.445	0.17686
2.45	0.17773
2.455	0.17903
2.46	0.18077
2.465	0.18146
2.47	0.18271
2.475	0.18422
2.48	0.18562
2.485	0.18671
2.49	0.18807
2.495	0.18917
2.5	0.19099
2.505	0.19198
2.51	0.19406
2.515	0.19516
2.52	0.19712
2.525	0.19808
2.53	0.19937
2.535	0.20060
2.54	0.20265
2.545	0.20347
2.55	0.20453
2.555	0.20595
2.56	0.20760
2.565	0.20896
2.57	0.21038
2.5721	0.21072
2.5734	0.21114
2.5747	0.21131
2.576	0.21162
2.5773	0.21193
2.5785	0.21209
2.5798	0.21234
2.5811	0.21272
2.5824	0.21303
2.5837	0.21346
2.585	0.21366
2.5863	0.21390
2.5875	0.21426
2.5888	0.21450
2.5901	0.21469
2.5914	0.21492
2.5927	0.21527
2.594	0.21593
2.5953	0.21637
2.5966	0.21625
2.5979	0.21631
2.5992	0.21655
2.6005	0.21688
2.6018	0.21724
2.6031	0.21755
2.6044	0.21786
2.6058	0.21820
2.6071	0.21831
2.6084	0.21852
2.6097	0.21882
2.611	0.21906
2.6123	0.21929
2.6136	0.21951
2.6149	0.21978
2.6163	0.22028
2.6176	0.22056
2.6189	0.22066
2.6202	0.22105
2.6216	0.22120
2.6229	0.22127
2.6242	0.22149
2.6255	0.22189
2.6269	0.22228
2.6282	0.22238
2.6295	0.22278
2.6309	0.22314
2.6322	0.22315
2.6335	0.22335
2.6349	0.22354
2.6362	0.22363
2.6376	0.22386
2.6389	0.22415
2.6402	0.22435
2.6416	0.22458
2.6429	0.22481
2.6443	0.22497
2.6456	0.22521
2.647	0.22540
2.6483	0.22559
2.6497	0.22575
2.651	0.22603
2.6524	0.22636
2.6538	0.22648
2.6551	0.22662
2.6565	0.22682
2.6578	0.22695
2.6592	0.22716
2.6606	0.22734
2.6619	0.22754
2.6633	0.22774
2.6647	0.22810
2.666	0.22830
2.6674	0.22827
2.6688	0.22813
2.6701	0.22834
2.6715	0.22802
2.6729	0.22757
2.6743	0.22750
2.6757	0.22759
2.677	0.22761
2.6784	0.22759
2.6798	0.22760
2.6812	0.22746
2.6826	0.22744
2.684	0.22739
2.6854	0.22732
2.6868	0.22727
2.6881	0.22718
2.6895	0.22709
2.6909	0.22700
2.6923	0.22694
2.6937	0.22691
2.6951	0.22665
2.6965	0.22628
2.6979	0.22597
2.6993	0.22574
2.7008	0.22559
2.7021	0.22533
2.7036	0.22495
2.705	0.22461
2.7064	0.22422
2.7078	0.22386
2.7092	0.22361
2.7106	0.22325
2.7121	0.22255
2.7135	0.22185
2.7149	0.22137
2.7163	0.22087
2.7177	0.22043
2.7192	0.22013
2.7206	0.21965
2.722	0.21863
2.7234	0.21799
2.7249	0.21747
2.7263	0.21667
2.7277	0.21595
2.7292	0.21525
2.7306	0.21450
2.7321	0.21375
2.7335	0.21305
2.7349	0.21230
2.7364	0.21138
2.7378	0.21060
2.7393	0.20996
2.7407	0.20907
2.7422	0.20797
2.7436	0.20696
2.7451	0.20609
2.7465	0.20522
2.748	0.20437
2.7494	0.20352
2.7509	0.20264
2.7524	0.20171
2.7538	0.20090
2.7553	0.20019
2.7567	0.19918
2.7582	0.19822
2.7597	0.19743
2.7611	0.19673
2.7626	0.19612
2.7641	0.19538
2.7656	0.19465
2.767	0.19404
2.7685	0.19341
2.77	0.19278
2.7715	0.19210
2.773	0.19138
2.7744	0.19076
2.7759	0.19018
2.7774	0.18963
2.7789	0.18904
2.7804	0.18844
2.7819	0.18795
2.7834	0.18745
2.7849	0.18688
2.7864	0.18643
2.7879	0.18591
2.7894	0.18530
2.7909	0.18479
2.7924	0.18432
2.7939	0.18390
2.7954	0.18345
2.7969	0.18302
2.7984	0.18261
2.7999	0.18219
2.8014	0.18187
2.8029	0.18156
2.8044	0.18114
2.806	0.18072
2.8075	0.18039
2.809	0.18008
2.8105	0.17978
2.8121	0.17958
2.8136	0.17932
2.8151	0.17907
2.8166	0.17877
2.8182	0.17852
2.8197	0.17838
2.8212	0.17819
2.8228	0.17795
2.8243	0.17776
2.8259	0.17754
2.8274	0.17731
2.8289	0.17711
2.8305	0.17694
2.832	0.17677
2.8336	0.17656
2.8351	0.17630
2.8367	0.17602
2.8382	0.17571
2.8398	0.17538
2.8413	0.17509
2.8429	0.17484
2.8444	0.17456
2.846	0.17421
2.8476	0.17393
2.8491	0.17368
2.8507	0.17344
2.8523	0.17323
2.8538	0.17298
2.8554	0.17272
2.857	0.17255
2.8586	0.17227
2.8601	0.17189
2.8617	0.17159
2.8633	0.17132
2.8649	0.17102
2.8665	0.17074
2.8681	0.17054
2.8696	0.17038
2.8712	0.17024
2.8728	0.17008
2.8744	0.16997
2.876	0.16986
2.8776	0.16970
2.8792	0.16954
2.8808	0.16936
2.8824	0.16912
2.884	0.16894
2.8856	0.16881
2.8872	0.16867
2.8888	0.16855
2.8904	0.16844
2.892	0.16834
2.8937	0.16830
2.8953	0.16830
2.8969	0.16829
2.8985	0.16829
2.9001	0.16829
2.9018	0.16832
2.9034	0.16832
2.905	0.16827
2.9066	0.16826
2.9083	0.16826
2.9099	0.16826
2.9115	0.16823
2.9132	0.16823
2.9148	0.16819
2.9164	0.16815
2.9181	0.16811
2.9197	0.16810
2.9214	0.16810
2.923	0.16803
2.9247	0.16798
2.9263	0.16792
2.928	0.16784
2.9296	0.16780
2.9313	0.16779
2.9329	0.16778
2.9346	0.16777
2.9363	0.16782
2.9379	0.16781
2.9396	0.16774
2.9413	0.16770
2.9429	0.16779
2.9446	0.16784
2.9463	0.16787
2.9479	0.16788
2.9496	0.16793
2.9513	0.16802
2.953	0.16805
2.9547	0.16809
2.9564	0.16816
2.958	0.16828
2.9597	0.16839
2.9614	0.16844
2.9631	0.16846
2.9648	0.16855
2.9665	0.16864
2.9682	0.16863
2.9699	0.16870
2.9716	0.16882
2.9733	0.16892
2.975	0.16896
2.9767	0.16899
2.9784	0.16906
2.9801	0.16914
2.9818	0.16925
2.9836	0.16929
2.9853	0.16929
2.987	0.16938
2.9887	0.16947
2.9904	0.16954
2.9922	0.16961
2.9939	0.16970
2.9956	0.16979
2.9974	0.16989
2.9991	0.17001
3.0008	0.17015
3.0026	0.17021
3.0043	0.17030
3.0061	0.17041
3.0078	0.17051
3.0095	0.17061
3.0113	0.17072
3.013	0.17081
3.0148	0.17089
3.0165	0.17101
3.0183	0.17108
3.0201	0.17116
3.0218	0.17127
3.0236	0.17132
3.0253	0.17132
3.0271	0.17143
3.0289	0.17160
3.0306	0.17173
3.0324	0.17186
3.0342	0.17195
3.036	0.17199
3.0377	0.17203
3.0395	0.17214
3.0413	0.17229
3.0431	0.17240
3.0449	0.17245
3.0467	0.17250
3.0485	0.17260
3.0503	0.17269
3.0521	0.17274
3.0538	0.17281
3.0556	0.17288
3.0574	0.17295
3.0593	0.17305
3.0611	0.17316
3.0629	0.17327
3.0647	0.17336
3.0665	0.17346
3.0683	0.17355
3.0701	0.17360
3.0719	0.17371
3.0738	0.17384
3.0756	0.17388
3.0774	0.17393
3.0792	0.17400
3.0811	0.17413
3.0829	0.17430
3.0847	0.17442
3.0866	0.17449
3.0884	0.17461
3.0902	0.17472
3.0921	0.17478
3.0939	0.17489
3.0958	0.17505
3.0976	0.17521
3.0995	0.17533
3.1013	0.17542
3.1032	0.17558
3.1051	0.17574
3.1069	0.17585
3.1088	0.17597
3.1106	0.17611
3.1125	0.17624
3.1144	0.17640
3.1162	0.17656
3.1181	0.17669
3.12	0.17686
3.1219	0.17703
3.1238	0.17717
3.1256	0.17735
3.1275	0.17755
3.1294	0.17773
3.1313	0.17791
3.1332	0.17808
3.1351	0.17828
3.137	0.17851
3.1389	0.17870
3.1408	0.17890
3.1427	0.17912
3.1446	0.17929
3.1465	0.17948
3.1484	0.17970
3.1503	0.17991
3.1522	0.18015
3.1541	0.18037
3.1561	0.18058
3.158	0.18080
3.1599	0.18103
3.1619	0.18125
3.1638	0.18145
3.1657	0.18166
3.1676	0.18190
3.1696	0.18213
3.1715	0.18233
3.1735	0.18255
3.1754	0.18285
3.1773	0.18309
3.1793	0.18329
3.1812	0.18353
3.1832	0.18375
3.1851	0.18393
3.1871	0.18418
3.1891	0.18448
3.191	0.18473
3.193	0.18495
3.195	0.18518
3.1969	0.18546
3.1989	0.18573
3.2009	0.18598
3.2029	0.18618
3.2048	0.18637
3.2068	0.18663
3.2088	0.18685
3.2108	0.18712
3.2128	0.18740
3.2148	0.18762
3.2168	0.18781
3.2188	0.18806
3.2208	0.18830
3.2228	0.18853
3.2248	0.18879
3.2268	0.18903
3.2288	0.18927
3.2308	0.18951
3.2328	0.18974
3.2348	0.18996
3.2368	0.19018
3.2389	0.19042
3.2409	0.19063
3.2429	0.19085
3.2449	0.19106
3.247	0.19126
3.249	0.19147
3.2511	0.19173
3.2531	0.19201
3.2551	0.19225
3.2572	0.19246
3.2592	0.19266
3.2613	0.19290
3.2633	0.19316
3.2654	0.19338
3.2674	0.19364
3.2695	0.19386
3.2716	0.19408
3.2736	0.19432
3.2757	0.19452
3.2778	0.19475
3.2798	0.19501
3.2819	0.19523
3.284	0.19544
3.2861	0.19566
3.2882	0.19588
3.2902	0.19611
3.2923	0.19633
3.2944	0.19652
3.2965	0.19678
3.2986	0.19706
3.3007	0.19730
3.3028	0.19756
3.3049	0.19780
3.307	0.19800
3.3091	0.19822
3.3113	0.19843
3.3134	0.19862
3.3155	0.19878
3.3176	0.19893
3.3197	0.19916
3.3219	0.19941
3.324	0.19965
3.3261	0.19989
3.3283	0.20008
3.3304	0.20031
3.3325	0.20054
3.3347	0.20072
3.3368	0.20089
3.339	0.20106
3.3411	0.20124
3.3433	0.20141
3.3454	0.20156
3.3476	0.20167
3.3498	0.20179
3.3519	0.20193
3.3541	0.20205
3.3563	0.20213
3.3584	0.20223
3.3606	0.20228
3.3628	0.20225
3.365	0.20220
3.3672	0.20206
3.3694	0.20192
3.3715	0.20185
3.3737	0.20179
3.3759	0.20177
3.3781	0.20185
3.3803	0.20203
3.3825	0.20226
3.3847	0.20247
3.3869	0.20267
3.3892	0.20288
3.3914	0.20295
3.3936	0.20289
3.3958	0.20278
3.3981	0.20260
3.4003	0.20231
3.4025	0.20191
3.4047	0.20146
3.407	0.20097
3.4092	0.20048
3.4115	0.20001
3.4137	0.19961
3.416	0.19944
3.4182	0.19955
3.4205	0.19995
3.4227	0.20062
3.425	0.20154
3.4273	0.20252
3.4295	0.20344
3.4318	0.20427
3.4341	0.20507
3.4363	0.20576
3.4386	0.20630
3.4409	0.20683
3.4432	0.20729
3.4455	0.20769
3.4478	0.20810
3.4501	0.20849
3.4523	0.20885
3.4546	0.20923
3.4569	0.20962
3.4593	0.20996
3.4616	0.21028
3.4639	0.21055
3.4662	0.21074
3.4685	0.21096
3.4708	0.21113
3.4732	0.21123
3.4755	0.21133
3.4778	0.21140
3.4801	0.21151
3.4825	0.21169
3.4848	0.21177
3.4872	0.21175
3.4895	0.21169
3.4919	0.21154
3.4942	0.21122
3.4966	0.21083
3.4989	0.21054
3.5013	0.21043
3.5037	0.21066
3.506	0.21123
3.5084	0.21202
3.5108	0.21293
3.5132	0.21384
3.5155	0.21469
3.5179	0.21540
3.5203	0.21597
3.5227	0.21645
3.5251	0.21691
3.5275	0.21729
3.5299	0.21765
3.5323	0.21797
3.5347	0.21823
3.5371	0.21851
3.5395	0.21879
3.5419	0.21906
3.5444	0.21932
3.5468	0.21955
3.5492	0.21977
3.5517	0.21999
3.5541	0.22020
3.5565	0.22039
3.559	0.22059
3.5614	0.22083
3.5639	0.22105
3.5663	0.22123
3.5688	0.22140
3.5712	0.22159
3.5737	0.22178
3.5761	0.22200
3.5786	0.22222
3.5811	0.22240
3.5836	0.22256
3.586	0.22274
3.5885	0.22295
3.591	0.22315
3.5935	0.22332
3.596	0.22348
3.5985	0.22364
3.601	0.22382
3.6035	0.22402
3.606	0.22422
3.6085	0.22438
3.611	0.22453
3.6135	0.22468
3.6161	0.22489
3.6186	0.22510
3.6211	0.22526
3.6236	0.22542
3.6262	0.22561
3.6287	0.22576
3.6313	0.22589
3.6338	0.22605
3.6363	0.22619
3.6389	0.22636
3.6414	0.22654
3.644	0.22669
3.6466	0.22683
3.6491	0.22698
3.6517	0.22713
3.6543	0.22730
3.6569	0.22744
3.6594	0.22760
3.662	0.22777
3.6646	0.22790
3.6672	0.22800
3.6698	0.22811
3.6724	0.22829
3.675	0.22849
3.6776	0.22865
3.6802	0.22877
3.6828	0.22895
3.6854	0.22910
3.6881	0.22921
3.6907	0.22934
3.6933	0.22950
3.6959	0.22961
3.6986	0.22973
3.7012	0.22986
3.7039	0.22998
3.7065	0.23016
3.7092	0.23032
3.7118	0.23042
3.7145	0.23050
3.7171	0.23063
3.7198	0.23073
3.7225	0.23081
3.7252	0.23093
3.7278	0.23106
3.7305	0.23116
3.7332	0.23128
3.7359	0.23139
3.7386	0.23150
3.7413	0.23163
3.744	0.23174
3.7467	0.23184
3.7494	0.23191
3.7521	0.23199
3.7548	0.23214
3.7576	0.23229
3.7603	0.23240
3.763	0.23253
3.7657	0.23265
3.7685	0.23276
3.7712	0.23283
3.774	0.23290
3.7767	0.23299
3.7795	0.23309
3.7822	0.23320
3.785	0.23331
3.7877	0.23340
3.7905	0.23349
3.7933	0.23357
3.7961	0.23360
3.7988	0.23370
3.8016	0.23383
3.8044	0.23391
3.8072	0.23398
3.81	0.23406
3.8128	0.23413
3.8156	0.23421
3.8184	0.23430
3.8212	0.23441
3.8241	0.23449
3.8269	0.23458
3.8297	0.23469
3.8325	0.23476
3.8354	0.23480
3.8382	0.23487
3.8411	0.23496
3.8439	0.23502
3.8468	0.23506
3.8496	0.23511
3.8525	0.23515
3.8553	0.23522
3.8582	0.23532
3.8611	0.23539
3.8639	0.23545
3.8668	0.23549
3.8697	0.23553
3.8726	0.23558
3.8755	0.23565
3.8784	0.23573
3.8813	0.23581
3.8842	0.23585
3.8871	0.23590
3.89	0.23595
3.8929	0.23599
3.8959	0.23602
3.8988	0.23609
3.9017	0.23617
3.9047	0.23619
3.9076	0.23621
3.9106	0.23626
3.9135	0.23630
3.9165	0.23632
3.9194	0.23636
3.9224	0.23639
3.9254	0.23641
3.9284	0.23646
3.9313	0.23647
3.9343	0.23650
3.9373	0.23657
3.9403	0.23661
3.9433	0.23661
3.9463	0.23663
3.9493	0.23665
3.9523	0.23671
3.9553	0.23676
3.9583	0.23678
3.9614	0.23683
3.9644	0.23683
3.9674	0.23681
3.9705	0.23680
3.9735	0.23683
3.9766	0.23684
3.9796	0.23681
3.9826	0.23681
3.9857	0.23683
3.9888	0.23683
3.9919	0.23687
3.9949	0.23689
3.998	0.23688
4.0011	0.23689
4.0042	0.23691
4.0073	0.23691
4.0104	0.23692
4.0135	0.23692
4.0166	0.23693
4.0197	0.23694
4.0228	0.23695
4.0259	0.23697
4.0291	0.23697
4.0322	0.23700
4.0353	0.23702
4.0385	0.23702
4.0416	0.23705
4.0448	0.23703
4.0479	0.23702
4.0511	0.23703
4.0543	0.23701
4.0574	0.23701
4.0606	0.23697
4.0638	0.23692
4.067	0.23693
4.0702	0.23693
4.0734	0.23689
4.0766	0.23688
4.0798	0.23685
4.083	0.23683
4.0862	0.23683
4.0894	0.23682
4.0927	0.23678
4.0959	0.23679
4.0991	0.23680
4.1024	0.23677
4.1056	0.23674
4.1089	0.23674
4.1121	0.23672
4.1154	0.23669
4.1187	0.23665
4.122	0.23662
4.1252	0.23657
4.1285	0.23655
4.1318	0.23655
4.1351	0.23653
4.1384	0.23651
4.1417	0.23649
4.145	0.23647
4.1483	0.23646
4.1516	0.23642
4.155	0.23638
4.1583	0.23631
4.1616	0.23625
4.165	0.23620
4.1683	0.23616
4.1717	0.23614
4.175	0.23613
4.1784	0.23608
4.1818	0.23605
4.1852	0.23602
4.1885	0.23599
4.1919	0.23594
4.1953	0.23589
4.1987	0.23584
4.2021	0.23584
4.2055	0.23585
4.2089	0.23585
4.2124	0.23582
4.2158	0.23584
4.2192	0.23584
4.2226	0.23581
4.2261	0.23580
4.2295	0.23584
4.233	0.23579
4.2365	0.23570
4.2399	0.23564
4.2434	0.23560
4.2469	0.23547
4.2503	0.23531
4.2538	0.23512
4.2573	0.23488
4.2608	0.23468
4.2643	0.23453
4.2678	0.23443
4.2713	0.23442
4.2749	0.23452
4.2784	0.23469
4.2819	0.23480
4.2855	0.23487
4.289	0.23487
4.2926	0.23484
4.2961	0.23478
4.2997	0.23474
4.3033	0.23472
4.3068	0.23468
4.3104	0.23461
4.314	0.23455
4.3176	0.23450
4.3212	0.23444
4.3248	0.23434
4.3284	0.23429
4.332	0.23424
4.3356	0.23420
4.3393	0.23415
4.3429	0.23406
4.3465	0.23398
4.3502	0.23396
4.3538	0.23391
4.3575	0.23389
4.3611	0.23385
4.3648	0.23380
4.3685	0.23373
4.3722	0.23366
4.3759	0.23358
4.3796	0.23352
4.3833	0.23346
4.387	0.23341
4.3907	0.23334
4.3944	0.23328
4.3981	0.23319
4.4019	0.23314
4.4056	0.23310
4.4094	0.23305
4.4131	0.23296
4.4169	0.23292
4.4206	0.23285
4.4244	0.23275
4.4282	0.23264
4.432	0.23260
4.4358	0.23258
4.4396	0.23251
4.4434	0.23241
4.4472	0.23233
4.451	0.23225
4.4548	0.23220
4.4586	0.23212
4.4625	0.23204
4.4663	0.23195
4.4702	0.23183
4.474	0.23173
4.4779	0.23166
4.4818	0.23152
4.4856	0.23139
4.4895	0.23128
4.4934	0.23117
4.4973	0.23105
4.5012	0.23092
4.5051	0.23077
4.509	0.23063
4.513	0.23047
4.5169	0.23029
4.5208	0.23006
4.5248	0.22981
4.5287	0.22953
4.5327	0.22921
4.5367	0.22885
4.5406	0.22848
4.5446	0.22809
4.5486	0.22770
4.5526	0.22726
4.5566	0.22681
4.5606	0.22635
4.5646	0.22587
4.5686	0.22542
4.5727	0.22495
4.5767	0.22445
4.5808	0.22395
4.5848	0.22345
4.5889	0.22295
4.5929	0.22239
4.597	0.22184
4.6011	0.22130
4.6052	0.22070
4.6093	0.22007
4.6134	0.21946
4.6175	0.21887
4.6216	0.21830
4.6257	0.21771
4.6298	0.21709
4.634	0.21645
4.6381	0.21579
4.6423	0.21515
4.6464	0.21447
4.6506	0.21372
4.6548	0.21302
4.659	0.21232
4.6631	0.21163
4.6673	0.21093
4.6715	0.21023
4.6758	0.20956
4.68	0.20891
4.6842	0.20822
4.6884	0.20755
4.6927	0.20690
4.6969	0.20626
4.7012	0.20554
4.7055	0.20478
4.7097	0.20399
4.714	0.20320
4.7183	0.20233
4.7226	0.20146
4.7269	0.20059
4.7312	0.19973
4.7355	0.19886
4.7399	0.19799
4.7442	0.19713
4.7485	0.19632
4.7529	0.19553
4.7573	0.19476
4.7616	0.19402
4.766	0.19333
4.7704	0.19263
4.7748	0.19197
4.7792	0.19135
4.7836	0.19076
4.788	0.19014
4.7924	0.18955
4.7969	0.18895
4.8013	0.18832
4.8058	0.18766
4.8102	0.18703
4.8147	0.18638
4.8191	0.18567
4.8236	0.18494
4.8281	0.18423
4.8326	0.18354
4.8371	0.18287
4.8416	0.18220
4.8462	0.18150
4.8507	0.18081
4.8553	0.18012
4.8598	0.17941
4.8644	0.17872
4.8689	0.17803
4.8735	0.17739
4.8781	0.17678
4.8827	0.17617
4.8873	0.17557
4.8919	0.17502
4.8965	0.17449
4.9011	0.17394
4.9058	0.17341
4.9104	0.17290
4.9151	0.17241
4.9197	0.17189
4.9244	0.17135
4.9291	0.17082
4.9338	0.17030
4.9385	0.16980
4.9432	0.16926
4.9479	0.16874
4.9526	0.16823
4.9574	0.16770
4.9621	0.16716
4.9669	0.16663
4.9716	0.16607
4.9764	0.16551
4.9812	0.16489
4.986	0.16423
4.9908	0.16352
4.9956	0.16276
5.0004	0.16194
5.0052	0.16108
5.01	0.16016
5.0149	0.15923
5.0198	0.15823
5.0246	0.15715
5.0295	0.15603
5.0344	0.15490
5.0393	0.15373
5.0442	0.15262
5.0491	0.15158
5.054	0.15059
5.0589	0.14970
5.0639	0.14893
5.0688	0.14831
5.0738	0.14785
5.0788	0.14758
5.0837	0.14747
5.0887	0.14746
5.0937	0.14760
5.0987	0.14782
5.1037	0.14812
5.1088	0.14850
5.1138	0.14895
5.1189	0.14940
5.1239	0.14985
5.129	0.15032
5.1341	0.15081
5.1391	0.15127
5.1443	0.15174
5.1494	0.15221
5.1545	0.15265
5.1596	0.15310
5.1647	0.15353
5.1699	0.15394
5.175	0.15434
5.1802	0.15467
5.1854	0.15499
5.1906	0.15530
5.1958	0.15561
5.201	0.15586
5.2062	0.15600
5.2115	0.15612
5.2167	0.15618
5.222	0.15618
5.2272	0.15613
5.2325	0.15602
5.2378	0.15585
5.2431	0.15561
5.2484	0.15535
5.2537	0.15508
5.259	0.15483
5.2644	0.15456
5.2697	0.15434
5.2751	0.15422
5.2805	0.15413
5.2858	0.15410
5.2912	0.15424
5.2966	0.15445
5.302	0.15474
5.3075	0.15513
5.3129	0.15562
5.3184	0.15615
5.3238	0.15673
5.3293	0.15739
5.3348	0.15813
5.3403	0.15892
5.3458	0.15980
5.3513	0.16070
5.3568	0.16161
5.3624	0.16256
5.3679	0.16354
5.3735	0.16447
5.379	0.16543
5.3846	0.16639
5.3902	0.16733
5.3958	0.16823
5.4015	0.16913
5.4071	0.17003
5.4127	0.17097
5.4184	0.17198
5.4241	0.17299
5.4297	0.17382
5.4354	0.17473
5.4411	0.17566
5.4469	0.17657
5.4526	0.17748
5.4583	0.17845
5.4641	0.17940
5.4698	0.18029
5.4756	0.18112
5.4814	0.18194
5.4872	0.18269
5.493	0.18345
5.4988	0.18416
5.5047	0.18484
5.5105	0.18540
5.5164	0.18595
5.5223	0.18644
5.5281	0.18686
5.534	0.18716
5.54	0.18747
5.5459	0.18774
5.5518	0.18799
5.5578	0.18811
5.5637	0.18820
5.5697	0.18829
5.5757	0.18850
5.5817	0.18856
5.5877	0.18852
5.5937	0.18849
5.5998	0.18854
5.6058	0.18847
5.6119	0.18843
5.618	0.18834
5.6241	0.18825
5.6302	0.18811
5.6363	0.18802
5.6424	0.18787
5.6486	0.18756
5.6547	0.18720
5.6609	0.18687
5.6671	0.18651
5.6733	0.18622
5.6795	0.18576
5.6857	0.18535
5.692	0.18490
5.6982	0.18435
5.7045	0.18382
5.7108	0.18333
5.7171	0.18262
5.7234	0.18186
5.7297	0.18099
5.736	0.18011
5.7424	0.17915
5.7488	0.17810
5.7551	0.17683
5.7615	0.17580
5.768	0.17449
5.7744	0.17286
5.7808	0.17129
5.7873	0.16978
5.7937	0.16830
5.8002	0.16696
5.8067	0.16566
5.8132	0.16462
5.8197	0.16372
5.8263	0.16280
5.8328	0.16186
5.8394	0.16109
5.846	0.16041
5.8526	0.15984
5.8592	0.15926
5.8658	0.15863
5.8725	0.15798
5.8791	0.15745
5.8858	0.15639
5.8925	0.15536
5.8992	0.15416
5.9059	0.15277
5.9126	0.15142
5.9194	0.15002
5.9262	0.14862
5.9329	0.14727
5.9397	0.14550
5.9465	0.14369
5.9534	0.14195
5.9602	0.14028
5.9671	0.13866
5.974	0.13692
5.9808	0.13523
5.9878	0.13370
5.9947	0.13209
6.0016	0.13064
6.0086	0.12941
6.0155	0.12832
6.0225	0.12726
6.0295	0.12642
6.0365	0.12571
6.0436	0.12526
6.0506	0.12457
6.0577	0.12361
6.0648	0.12292
6.0719	0.12235
6.079	0.12164
6.0861	0.12102
6.0933	0.12059
6.1005	0.12035
6.1076	0.12028
6.1148	0.12035
6.1221	0.12035
6.1293	0.12050
6.1365	0.12073
6.1438	0.12106
6.1511	0.12137
6.1584	0.12173
6.1657	0.12195
6.1731	0.12216
6.1804	0.12242
6.1878	0.12259
6.1952	0.12252
6.2026	0.12252
6.21	0.12249
6.2175	0.12244
6.225	0.12232
6.2324	0.12218
6.2399	0.12199
6.2475	0.12180
6.255	0.12159
6.2625	0.12140
6.2701	0.12116
6.2777	0.12093
6.2853	0.12070
6.2929	0.12050
6.3006	0.12021
6.3083	0.11992
6.3159	0.11959
6.3236	0.11925
6.3314	0.11883
6.3391	0.11846
6.3469	0.11789
6.3546	0.11716
6.3624	0.11651
6.3703	0.11580
6.3781	0.11490
6.3859	0.11406
6.3938	0.11324
6.4017	0.11255
6.4096	0.11203
6.4176	0.11131
6.4255	0.11049
6.4335	0.10994
6.4415	0.10944
6.4495	0.10908
6.4575	0.10875
6.4656	0.10856
6.4736	0.10851
6.4817	0.10859
6.4898	0.10881
6.498	0.10900
6.5061	0.10915
6.5143	0.10954
6.5225	0.11008
6.5307	0.11064
6.539	0.11129
6.5472	0.11202
6.5555	0.11282
6.5638	0.11366
6.5721	0.11450
6.5804	0.11516
6.5888	0.11575
6.5972	0.11623
6.6056	0.11661
6.614	0.11700
6.6225	0.11741
6.6309	0.11790
6.6394	0.11834
6.6479	0.11864
6.6565	0.11910
6.665	0.11981
6.6736	0.12067
6.6822	0.12162
6.6908	0.12259
6.6995	0.12370
6.7081	0.12501
6.7168	0.12624
6.7255	0.12739
6.7343	0.12848
6.743	0.12952
6.7518	0.13044
6.7606	0.13119
6.7694	0.13182
6.7783	0.13232
6.7871	0.13268
6.796	0.13277
6.805	0.13278
6.8139	0.13288
6.8229	0.13305
6.8319	0.13309
6.8409	0.13312
6.8499	0.13321
6.859	0.13329
6.868	0.13317
6.8772	0.13286
6.8863	0.13262
6.8955	0.13232
6.9046	0.13201
6.9138	0.13166
6.9231	0.13128
6.9323	0.13088
6.9416	0.13046
6.9509	0.13007
6.9602	0.12968
6.9696	0.12914
6.979	0.12860
6.9884	0.12813
6.9978	0.12765
7.0073	0.12716
7.0168	0.12670
7.0263	0.12625
7.0358	0.12580
7.0454	0.12535
7.0549	0.12478
7.0645	0.12423
7.0742	0.12372
7.0839	0.12322
7.0935	0.12267
7.1033	0.12217
7.113	0.12168
7.1228	0.12118
7.1326	0.12061
7.1424	0.12007
7.1522	0.11952
7.1621	0.11898
7.172	0.11837
7.182	0.11775
7.1919	0.11719
7.2019	0.11665
7.2119	0.11607
7.222	0.11545
7.232	0.11493
7.2421	0.11450
7.2523	0.11413
7.2624	0.11380
7.2726	0.11348
7.2828	0.11318
7.2931	0.11286
7.3033	0.11259
7.3136	0.11231
7.324	0.11204
7.3343	0.11170
7.3447	0.11132
7.3551	0.11086
7.3656	0.11033
7.3761	0.10973
7.3866	0.10911
7.3971	0.10847
7.4077	0.10775
7.4183	0.10698
7.4289	0.10617
7.4396	0.10537
7.4502	0.10459
7.461	0.10373
7.4717	0.10285
7.4825	0.10194
7.4933	0.10102
7.5041	0.10011
7.515	0.09919
7.5259	0.09824
7.5369	0.09729
7.5479	0.09627
7.5589	0.09527
7.5699	0.09427
7.581	0.09328
7.592	0.09229
7.6032	0.09130
7.6144	0.09026
7.6255	0.08921
7.6368	0.08813
7.648	0.08706
7.6593	0.08595
7.6707	0.08489
7.682	0.08379
7.6934	0.08267
7.7049	0.08155
7.7163	0.08048
7.7278	0.07935
7.7394	0.07823
7.7509	0.07708
7.7625	0.07594
7.7742	0.07476
7.7858	0.07360
7.7975	0.07244
7.8093	0.07127
7.8211	0.07003
7.8329	0.06882
7.8447	0.06755
7.8566	0.06630
7.8685	0.06501
7.8805	0.06372
7.8925	0.06240
7.9045	0.06106
7.9166	0.05961
7.9287	0.05820
7.9408	0.05673
7.953	0.05527
7.9652	0.05374
7.9775	0.05225
7.9898	0.05076
8.0021	0.04938
8.0145	0.04799
8.0269	0.04665
8.0393	0.04530
8.0518	0.04408
8.0643	0.04289
8.0769	0.04179
8.0895	0.04071
8.1021	0.03968
8.1148	0.03867
8.1275	0.03773
8.1403	0.03675
8.1531	0.03589
8.1659	0.03504
8.1788	0.03422
8.1917	0.03339
8.2047	0.03262
8.2177	0.03186
8.2307	0.03110
8.2438	0.03031
8.257	0.02964
8.2701	0.02898
8.2833	0.02833
8.2966	0.02760
8.3099	0.02692
8.3232	0.02626
8.3366	0.02568
8.35	0.02509
8.3635	0.02460
8.377	0.02412
8.3905	0.02377
8.4042	0.02348
8.4178	0.02327
8.4315	0.02305
8.4452	0.02298
8.459	0.02292
8.4728	0.02289
8.4867	0.02290
8.5006	0.02309
8.5145	0.02338
8.5285	0.02389
8.5426	0.02449
8.5567	0.02531
8.5708	0.02631
8.585	0.02764
8.5993	0.02919
8.6135	0.03098
8.6279	0.03312
8.6423	0.03569
8.6567	0.03854
8.6712	0.04170
8.6857	0.04513
8.7003	0.04880
8.7149	0.05249
8.7295	0.05627
8.7443	0.06017
8.759	0.06420
8.7739	0.06810
8.7887	0.07191
8.8037	0.07551
8.8186	0.07874
8.8337	0.08154
8.8487	0.08393
8.8638	0.08578
8.879	0.08728
8.8943	0.08865
8.9095	0.09002
8.9249	0.09141
8.9403	0.09289
8.9557	0.09416
8.9712	0.09525
8.9868	0.09620
9.0023	0.09699
9.018	0.09749
9.0337	0.09772
9.0495	0.09771
9.0653	0.09762
9.0812	0.09735
9.0971	0.09689
9.1131	0.09635
9.1291	0.09581
9.1452	0.09516
9.1614	0.09447
9.1776	0.09374
9.1939	0.09301
9.2102	0.09222
9.2266	0.09141
9.243	0.09054
9.2595	0.08964
9.2761	0.08867
9.2927	0.08764
9.3094	0.08646
9.3262	0.08512
9.343	0.08340
9.3598	0.08127
9.3768	0.07881
9.3938	0.07603
9.4108	0.07300
9.4279	0.07007
9.4451	0.06736
9.4623	0.06483
9.4796	0.06250
9.497	0.06050
9.5144	0.05875
9.5319	0.05729
9.5494	0.05615
9.567	0.05532
9.5847	0.05455
9.6025	0.05414
9.6203	0.05401
9.6382	0.05395
9.6561	0.05395
9.6742	0.05416
9.6922	0.05446
9.7104	0.05478
9.7286	0.05497
9.7469	0.05509
9.7652	0.05522
9.7837	0.05542
9.8022	0.05554
9.8207	0.05577
9.8394	0.05608
9.8581	0.05655
9.8768	0.05702
9.8957	0.05753
9.9146	0.05802
9.9336	0.05856
9.9527	0.05914
9.9718	0.05965
9.991	0.05993
10.0103	0.05990
10.0297	0.05952
10.0491	0.05892
10.0686	0.05807
10.0882	0.05714
10.1079	0.05639
10.1276	0.05601
10.1475	0.05617
10.1673	0.05702
10.1873	0.05838
10.2074	0.06007
10.2275	0.06192
10.2477	0.06384
10.268	0.06564
10.2884	0.06741
10.3088	0.06912
10.3294	0.07065
10.35	0.07175
10.3707	0.07239
10.3915	0.07259
10.4123	0.07236
10.4333	0.07166
10.4543	0.07071
10.4754	0.06974
10.4967	0.06899
10.5179	0.06862
10.5393	0.06886
10.5608	0.06970
10.5823	0.07067
10.604	0.07149
10.6257	0.07209
10.6475	0.07235
10.6694	0.07239
10.6914	0.07241
10.7135	0.07264
10.7357	0.07305
10.758	0.07379
10.7803	0.07480
10.8028	0.07573
10.8254	0.07638
10.848	0.07679
10.8708	0.07685
10.8936	0.07670
10.9165	0.07638
10.9395	0.07602
10.9627	0.07558
10.9859	0.07521
11.0092	0.07503
11.0327	0.07502
11.0562	0.07504
11.0798	0.07504
11.1035	0.07505
11.1274	0.07517
11.1513	0.07530
11.1753	0.07543
11.1995	0.07562
11.2237	0.07589
11.248	0.07617
11.2725	0.07639
11.2971	0.07646
11.3217	0.07651
11.3465	0.07643
11.3714	0.07613
11.3964	0.07554
11.4215	0.07487
11.4467	0.07410
11.472	0.07323
11.4975	0.07213
11.523	0.07085
11.5487	0.06949
11.5744	0.06804
11.6003	0.06647
11.6263	0.06477
11.6525	0.06301
11.6787	0.06120
11.7051	0.05918
11.7316	0.05720
11.7582	0.05546
11.7849	0.05382
11.8117	0.05219
11.8387	0.05077
11.8658	0.04953
11.893	0.04842
11.9203	0.04748
11.9478	0.04666
11.9754	0.04591
12.0031	0.04529
12.031	0.04478
12.059	0.04427
12.0871	0.04378
12.1153	0.04342
12.1437	0.04305
12.1722	0.04271
12.2008	0.04239
12.2296	0.04210
12.2585	0.04175
12.2876	0.04144
12.3168	0.04125
12.3461	0.04108
12.3755	0.04096
12.4052	0.04091
12.4349	0.04071
12.4648	0.04048
12.4948	0.04039
12.525	0.04045
12.5553	0.04045
12.5858	0.04045
12.6164	0.04052
12.6472	0.04067
12.6781	0.04080
12.7092	0.04106
12.7404	0.04123
12.7718	0.04133
12.8033	0.04148
12.835	0.04166
12.8669	0.04177
12.8989	0.04183
12.9311	0.04187
12.9634	0.04201
12.9959	0.04201
13.0285	0.04197
13.0613	0.04189
13.0943	0.04184
13.1275	0.04197
13.1608	0.04204
13.1943	0.04201
13.228	0.04216
13.2618	0.04237
13.2958	0.04258
13.33	0.04266
13.3643	0.04279
13.3988	0.04311
13.4336	0.04343
13.4685	0.04351
13.5035	0.04344
13.5388	0.04319
13.5742	0.04293
13.6099	0.04237
13.6457	0.04153
13.6817	0.04070
13.7179	0.03986
13.7543	0.03876
13.7908	0.03754
13.8276	0.03647
13.8646	0.03561
13.9018	0.03507
13.9392	0.03482
13.9767	0.03455
14.0145	0.03438
14.0525	0.03424
14.0907	0.03382
14.129	0.03334
14.1676	0.03298
14.2065	0.03262
14.2455	0.03243
14.2847	0.03213
14.3242	0.03176
14.3639	0.03142
14.4038	0.03095
14.4439	0.03020
14.4843	0.02947
14.5248	0.02857
14.5656	0.02763
14.6067	0.02684
14.6479	0.02614
14.6894	0.02558
14.7312	0.02517
14.7731	0.02491
14.8153	0.02462
14.8578	0.02424
14.9005	0.02379
14.9434	0.02324
14.9866	0.02281
15.03	0.02235
15.0737	0.02195
15.1177	0.02160
15.1619	0.02124
15.2063	0.02084
15.2511	0.02050
15.2961	0.02031
15.3413	0.02027
15.3868	0.02048
15.4326	0.02125
15.4787	0.02245
15.525	0.02390
15.5717	0.02549
15.6186	0.02686
15.6658	0.02795
15.7132	0.02867
15.761	0.02883
15.809	0.02853
15.8574	0.02807
15.906	0.02758
15.955	0.02692
16.0042	0.02611
16.0538	0.02540
16.1036	0.02487
16.1538	0.02452
16.2043	0.02437
16.2551	0.02435
16.3062	0.02440
16.3576	0.02469
16.4094	0.02526
16.4615	0.02626
16.5139	0.02756
16.5667	0.02920
16.6198	0.03113
16.6732	0.03331
16.727	0.03584
16.7811	0.03897
16.8356	0.04235
16.8905	0.04549
16.9457	0.04888
17.0012	0.05232
17.0572	0.05561
17.1134	0.05898
17.1701	0.06233
17.2272	0.06559
17.2846	0.06881
17.3424	0.07221
17.4006	0.07566
17.4592	0.07902
17.5182	0.08238
17.5775	0.08546
17.6373	0.08827
17.6975	0.09110
17.7581	0.09383
17.8192	0.09638
17.8806	0.09858
17.9425	0.10035
18.0048	0.10203
18.0675	0.10353
18.1307	0.10483
18.1943	0.10589
18.2584	0.10646
18.3229	0.10679
18.3879	0.10653
18.4533	0.10645
18.5192	0.10664
18.5856	0.10590
18.6524	0.10480
18.7198	0.10420
18.7876	0.10387
18.8559	0.10352
18.9247	0.10276
18.9941	0.10288
19.0639	0.10336
19.1343	0.10336
19.2051	0.10379
19.2765	0.10449
19.3485	0.10487
19.4209	0.10508
19.4939	0.10554
19.5675	0.10633
19.6416	0.10681
19.7163	0.10699
19.7916	0.10669
19.8674	0.10555
19.9438	0.10407
20.0208	0.10196
20.0984	0.09923
20.1766	0.09651
20.2554	0.09460
20.3348	0.09398
20.4149	0.09426
20.4956	0.09539
20.5769	0.09739
20.6589	0.09878
20.7416	0.09985
20.8248	0.10018
20.9088	0.09974
20.9935	0.09959
21.0788	0.09943
21.1648	0.09835
21.2516	0.09626
21.3391	0.09351
21.4272	0.09175
21.5161	0.08971
21.6058	0.08724
21.6962	0.08469
21.7873	0.08274
21.8793	0.08135
21.972	0.07923
22.0654	0.07664
22.1597	0.07454
22.2548	0.07234
22.3508	0.07007
22.4475	0.06859
22.5451	0.06686
22.6436	0.06444
22.7429	0.06307
22.8431	0.06238
22.9442	0.06191
23.0461	0.06164
23.149	0.06085
23.2528	0.06004
23.3576	0.05950
23.4633	0.05904
23.5699	0.05882
23.6775	0.05831
23.7861	0.05872
23.8958	0.05994
24.0064	0.06124
24.118	0.06322
24.2307	0.06585
24.3445	0.06814
24.4593	0.07038
24.5753	0.07305
24.6923	0.07505
24.8104	0.07618
24.9297	0.07699
25.0501	0.07777
25.1717	0.07799
25.2945	0.07766
25.4185	0.07716
25.5437	0.07669
25.6702	0.07600
25.7979	0.07539
25.9269	0.07403
26.0572	0.07219
26.1888	0.07030
26.3217	0.06880
26.456	0.06794
26.5917	0.06669
26.7288	0.06476
26.8672	0.06331
27.0072	0.06206
27.1486	0.06078
27.2915	0.05949
27.4359	0.05822
27.5818	0.05719
27.7293	0.05591
27.8784	0.05499
28.0291	0.05404
28.1814	0.05289
28.3354	0.05203
28.4911	0.05206
28.6485	0.05335
28.8077	0.05529
28.9686	0.05748
29.1313	0.05976
29.2959	0.06270
29.4624	0.06601
29.6307	0.06819
29.801	0.07006
29.9733	0.07084
30.1475	0.07074
30.3238	0.07064
30.5022	0.06989
30.6827	0.06934
30.8653	0.06835
31.0502	0.06635
31.2372	0.06477
31.4265	0.06385
31.6182	0.06245
31.8121	0.06174
32.0085	0.06138
32.2073	0.06068
32.4086	0.06124
32.6124	0.06290
32.8188	0.06438
33.0279	0.06641
33.2396	0.06771
33.4541	0.06899
33.6713	0.07060
33.8914	0.07105
34.1143	0.07084
34.3403	0.06991
34.5692	0.06919
34.8012	0.06921
35.0363	0.06873
35.2747	0.06718
35.5163	0.06566
35.7612	0.06481
36.0096	0.06427
36.2614	0.06363
36.5167	0.06272
36.7757	0.06216
37.0384	0.06160
37.3049	0.05966
37.5752	0.05864
37.8495	0.05924
38.1278	0.05929
38.4102	0.05860
38.6968	0.05713
38.9878	0.05750
39.2832	0.05860
39.583	0.05995
39.8875	0.06207
40.1967	0.06587
40.5108	0.06799
40.8298	0.06988
41.1538	0.07257
41.483	0.07339
41.8176	0.07303
42.1575	0.07260
42.5031	0.07280
42.8544	0.07147
43.2115	0.07015
43.5746	0.07030
43.9439	0.07026
44.3195	0.06830
44.7015	0.06893
45.0902	0.06907
45.4858	0.06762
45.8883	0.06643
46.298	0.06604
46.7151	0.06718
47.1398	0.06612
47.5723	0.06583
48.0128	0.06701
48.4615	0.06865
48.9187	0.06775
49.3846	0.06501
49.8594	0.06477
