Brown University Keck/NASA Relab Spectrum PQ-JEH-003-M/LMPQ03
Wavelength(micron)	Reflectance
0.3	0.39297
0.305	0.40695
0.31	0.41641
0.315	0.42744
0.32	0.43587
0.325	0.44294
0.33	0.44978
0.335	0.45328
0.34	0.45779
0.345	0.46458
0.35	0.47026
0.355	0.47517
0.36	0.47979
0.365	0.48439
0.37	0.48784
0.375	0.49336
0.38	0.49764
0.385	0.50043
0.39	0.50450
0.395	0.50740
0.4	0.50876
0.405	0.51172
0.41	0.51466
0.415	0.51966
0.42	0.52300
0.425	0.52631
0.43	0.52895
0.435	0.53158
0.44	0.53335
0.445	0.53558
0.45	0.54189
0.455	0.54326
0.46	0.54539
0.465	0.54689
0.47	0.54869
0.475	0.54997
0.48	0.55196
0.485	0.55324
0.49	0.55469
0.495	0.55556
0.5	0.55655
0.505	0.55757
0.51	0.55887
0.515	0.56018
0.52	0.56039
0.525	0.56133
0.53	0.56209
0.535	0.56325
0.54	0.56349
0.545	0.56488
0.55	0.56539
0.555	0.56655
0.56	0.56637
0.565	0.56653
0.57	0.56782
0.575	0.56725
0.58	0.56844
0.585	0.56985
0.59	0.56971
0.595	0.56992
0.6	0.56984
0.605	0.57037
0.61	0.57126
0.615	0.57151
0.62	0.57144
0.625	0.57194
0.63	0.57310
0.635	0.57294
0.64	0.57398
0.645	0.57541
0.65	0.57469
0.655	0.57585
0.66	0.57615
0.665	0.57584
0.67	0.57526
0.675	0.57579
0.68	0.57671
0.685	0.57641
0.69	0.57721
0.695	0.57758
0.7	0.57802
0.705	0.57766
0.71	0.57842
0.715	0.57800
0.72	0.57864
0.725	0.57894
0.73	0.57901
0.735	0.57978
0.74	0.57907
0.745	0.57936
0.75	0.57921
0.755	0.57911
0.76	0.57902
0.765	0.57893
0.77	0.58005
0.775	0.57893
0.78	0.58015
0.785	0.57956
0.79	0.58081
0.795	0.58086
0.8	0.58020
0.805	0.57994
0.81	0.57959
0.815	0.57956
0.82	0.58059
0.825	0.58043
0.83	0.58025
0.835	0.58105
0.84	0.58009
0.845	0.57988
0.85	0.57973
0.855	0.58036
0.86	0.57997
0.865	0.57994
0.87	0.58059
0.875	0.58124
0.88	0.58206
0.885	0.58235
0.89	0.58195
0.895	0.58265
0.9	0.58248
0.905	0.58188
0.91	0.58272
0.915	0.58262
0.92	0.58301
0.925	0.58284
0.93	0.58243
0.935	0.58270
0.94	0.58324
0.945	0.58378
0.95	0.58386
0.955	0.58394
0.96	0.58397
0.965	0.58440
0.97	0.58452
0.975	0.58476
0.98	0.58499
0.985	0.58468
0.99	0.58467
0.995	0.58440
1	0.58418
1.005	0.58377
1.01	0.58421
1.015	0.58423
1.02	0.58424
1.025	0.58481
1.03	0.58498
1.035	0.58478
1.04	0.58509
1.045	0.58498
1.05	0.58477
1.055	0.58495
1.06	0.58542
1.065	0.58502
1.07	0.58535
1.075	0.58543
1.08	0.58508
1.085	0.58480
1.09	0.58516
1.095	0.58552
1.1	0.58586
1.105	0.58589
1.11	0.58551
1.115	0.58573
1.12	0.58569
1.125	0.58529
1.13	0.58553
1.135	0.58523
1.14	0.58545
1.145	0.58585
1.15	0.58586
1.155	0.58575
1.16	0.58530
1.165	0.58573
1.17	0.58644
1.175	0.58657
1.18	0.58644
1.185	0.58612
1.19	0.58672
1.195	0.58668
1.2	0.58556
1.205	0.58484
1.21	0.58678
1.215	0.58696
1.22	0.58676
1.225	0.58667
1.23	0.58617
1.235	0.58663
1.24	0.58613
1.245	0.58678
1.25	0.58651
1.255	0.58761
1.26	0.58786
1.265	0.58758
1.27	0.58766
1.275	0.58744
1.28	0.58706
1.285	0.58724
1.29	0.58669
1.295	0.58723
1.3	0.58713
1.305	0.58718
1.31	0.58665
1.315	0.58687
1.32	0.58713
1.325	0.58667
1.33	0.58695
1.335	0.58640
1.34	0.58634
1.345	0.58595
1.35	0.58603
1.355	0.58572
1.36	0.58440
1.365	0.58467
1.37	0.58446
1.375	0.58419
1.38	0.58406
1.385	0.58433
1.39	0.58435
1.395	0.58405
1.4	0.58356
1.405	0.58355
1.41	0.58471
1.415	0.58379
1.42	0.58363
1.425	0.58473
1.43	0.58473
1.435	0.58474
1.44	0.58467
1.445	0.58470
1.45	0.58539
1.455	0.58496
1.46	0.58514
1.465	0.58558
1.47	0.58595
1.475	0.58608
1.48	0.58581
1.485	0.58565
1.49	0.58545
1.495	0.58638
1.5	0.58564
1.505	0.58609
1.51	0.58625
1.515	0.58630
1.52	0.58644
1.525	0.58658
1.53	0.58694
1.535	0.58725
1.54	0.58710
1.545	0.58721
1.55	0.58700
1.555	0.58738
1.56	0.58708
1.565	0.58731
1.57	0.58775
1.575	0.58807
1.58	0.58776
1.585	0.58773
1.59	0.58787
1.595	0.58753
1.6	0.58814
1.605	0.58815
1.61	0.58866
1.615	0.58833
1.62	0.58813
1.625	0.58798
1.63	0.58799
1.635	0.58784
1.64	0.58810
1.645	0.58853
1.65	0.58844
1.655	0.58833
1.66	0.58820
1.665	0.58915
1.67	0.58859
1.675	0.58952
1.68	0.58891
1.685	0.58908
1.69	0.58863
1.695	0.58891
1.7	0.58904
1.705	0.58870
1.71	0.58865
1.715	0.58862
1.72	0.58902
1.725	0.58893
1.73	0.58922
1.735	0.58852
1.74	0.58897
1.745	0.58843
1.75	0.58816
1.755	0.58918
1.76	0.58865
1.765	0.58930
1.77	0.58929
1.775	0.58925
1.78	0.58904
1.785	0.58926
1.79	0.58922
1.795	0.58942
1.8	0.58947
1.805	0.59071
1.81	0.59059
1.815	0.59099
1.82	0.59208
1.825	0.59257
1.83	0.59175
1.835	0.59319
1.84	0.59453
1.845	0.59418
1.85	0.59387
1.855	0.59304
1.86	0.59338
1.865	0.59274
1.87	0.59337
1.875	0.59310
1.88	0.59276
1.885	0.59250
1.89	0.59238
1.895	0.59175
1.9	0.59244
1.905	0.59300
1.91	0.59158
1.915	0.59126
1.92	0.59047
1.925	0.59057
1.93	0.59087
1.935	0.59083
1.94	0.59047
1.945	0.58990
1.95	0.59043
1.955	0.59027
1.96	0.59022
1.965	0.59050
1.97	0.59056
1.975	0.58997
1.98	0.59032
1.985	0.59075
1.99	0.59114
1.995	0.59156
2	0.59107
2.005	0.59147
2.01	0.59167
2.015	0.59213
2.02	0.59224
2.025	0.59181
2.03	0.59163
2.035	0.59217
2.04	0.59217
2.045	0.59236
2.05	0.59232
2.055	0.59218
2.06	0.59187
2.065	0.59197
2.07	0.59220
2.075	0.59185
2.08	0.59185
2.085	0.59270
2.09	0.59249
2.095	0.59304
2.1	0.59234
2.105	0.59169
2.11	0.59199
2.115	0.59185
2.12	0.59252
2.125	0.59285
2.13	0.59260
2.135	0.59262
2.14	0.59232
2.145	0.59244
2.15	0.59232
2.155	0.59212
2.16	0.59179
2.165	0.59142
2.17	0.59135
2.175	0.59153
2.18	0.59115
2.185	0.59097
2.19	0.59115
2.195	0.59091
2.2	0.59062
2.205	0.59009
2.21	0.58973
2.215	0.58977
2.22	0.58993
2.225	0.58913
2.23	0.58920
2.235	0.58909
2.24	0.58907
2.245	0.58940
2.25	0.58936
2.255	0.58892
2.26	0.58855
2.265	0.58847
2.27	0.58795
2.275	0.58746
2.28	0.58691
2.285	0.58655
2.29	0.58699
2.295	0.58708
2.3	0.58675
2.305	0.58650
2.31	0.58578
2.315	0.58583
2.32	0.58644
2.325	0.58686
2.33	0.58742
2.335	0.58783
2.34	0.58741
2.345	0.58695
2.35	0.58672
2.355	0.58667
2.36	0.58682
2.365	0.58690
2.37	0.58677
2.375	0.58729
2.38	0.58632
2.385	0.58735
2.39	0.58746
2.395	0.58751
2.4	0.58701
2.405	0.58810
2.41	0.58799
2.415	0.58811
2.42	0.58798
2.425	0.58805
2.43	0.58836
2.435	0.58765
2.44	0.58771
2.445	0.58791
2.45	0.58742
2.455	0.58726
2.46	0.58727
2.465	0.58758
2.47	0.58777
2.475	0.58829
2.48	0.58831
2.485	0.58915
2.49	0.58879
2.495	0.58869
2.5	0.58902
2.502	0.58935
2.5032	0.58947
2.5044	0.58939
2.5056	0.58936
2.5068	0.58961
2.508	0.58960
2.5093	0.58924
2.5105	0.58949
2.5117	0.58949
2.5129	0.58952
2.5141	0.58945
2.5153	0.58938
2.5166	0.58935
2.5178	0.58941
2.519	0.58945
2.5202	0.58955
2.5215	0.58940
2.5227	0.58946
2.5239	0.58924
2.5252	0.58902
2.5264	0.58926
2.5276	0.58977
2.5288	0.58987
2.5301	0.58980
2.5313	0.58946
2.5326	0.58902
2.5338	0.58891
2.535	0.58936
2.5363	0.58927
2.5375	0.58911
2.5388	0.58977
2.54	0.59000
2.5412	0.58951
2.5425	0.58911
2.5437	0.58843
2.545	0.58849
2.5462	0.58887
2.5475	0.58899
2.5487	0.58853
2.55	0.58889
2.5512	0.58918
2.5525	0.58872
2.5538	0.58845
2.555	0.58892
2.5563	0.58977
2.5575	0.58969
2.5588	0.58955
2.5601	0.58888
2.5613	0.58755
2.5626	0.58664
2.5639	0.58714
2.5651	0.58754
2.5664	0.58852
2.5677	0.58989
2.5689	0.58874
2.5702	0.58732
2.5715	0.58807
2.5728	0.58913
2.574	0.58720
2.5753	0.58739
2.5766	0.58850
2.5779	0.58723
2.5792	0.58833
2.5805	0.58890
2.5817	0.58752
2.583	0.58732
2.5843	0.58679
2.5856	0.58654
2.5869	0.58898
2.5882	0.58754
2.5895	0.58766
2.5908	0.58891
2.5921	0.58891
2.5934	0.58787
2.5947	0.58525
2.596	0.58354
2.5973	0.58812
2.5986	0.59079
2.5999	0.58980
2.6012	0.58876
2.6025	0.58738
2.6038	0.58729
2.6051	0.58669
2.6064	0.58657
2.6077	0.58800
2.609	0.58891
2.6103	0.58850
2.6117	0.58864
2.613	0.58870
2.6143	0.58836
2.6156	0.58850
2.6169	0.58731
2.6183	0.58628
2.6196	0.58894
2.6209	0.58838
2.6222	0.58777
2.6236	0.59034
2.6249	0.58960
2.6262	0.58814
2.6275	0.58724
2.6289	0.58825
2.6302	0.58834
2.6315	0.58603
2.6329	0.58805
2.6342	0.58906
2.6356	0.58848
2.6369	0.58964
2.6382	0.58924
2.6396	0.58895
2.6409	0.58870
2.6423	0.58831
2.6436	0.58845
2.645	0.58850
2.6463	0.58799
2.6477	0.58811
2.649	0.58909
2.6504	0.58884
2.6517	0.58832
2.6531	0.58726
2.6544	0.58721
2.6558	0.58829
2.6572	0.58810
2.6585	0.58874
2.6599	0.58780
2.6613	0.58662
2.6626	0.58748
2.664	0.58717
2.6654	0.58566
2.6667	0.58374
2.6681	0.58567
2.6695	0.58666
2.6709	0.58517
2.6722	0.58417
2.6736	0.58848
2.675	0.58717
2.6764	0.58506
2.6778	0.58341
2.6791	0.58438
2.6805	0.58599
2.6819	0.58703
2.6833	0.58670
2.6847	0.58496
2.6861	0.58491
2.6875	0.58501
2.6889	0.58507
2.6903	0.58503
2.6917	0.58467
2.6931	0.58381
2.6945	0.58139
2.6959	0.58139
2.6973	0.58281
2.6987	0.58270
2.7001	0.58178
2.7015	0.58013
2.7029	0.57907
2.7043	0.57920
2.7057	0.57813
2.7071	0.57657
2.7085	0.57557
2.71	0.57329
2.7114	0.57163
2.7128	0.57174
2.7142	0.57296
2.7156	0.57171
2.7171	0.56973
2.7185	0.56820
2.7199	0.56574
2.7213	0.56308
2.7228	0.56320
2.7242	0.56450
2.7256	0.56098
2.7271	0.56123
2.7285	0.56183
2.7299	0.56007
2.7314	0.55854
2.7328	0.55744
2.7342	0.55596
2.7357	0.55418
2.7371	0.55368
2.7386	0.55333
2.74	0.54935
2.7415	0.54776
2.7429	0.54906
2.7444	0.54999
2.7458	0.54932
2.7473	0.54794
2.7487	0.54714
2.7502	0.54630
2.7517	0.54510
2.7531	0.54431
2.7546	0.54331
2.7561	0.54071
2.7575	0.54058
2.759	0.54286
2.7605	0.54138
2.7619	0.53972
2.7634	0.53766
2.7649	0.53728
2.7663	0.53784
2.7678	0.53681
2.7693	0.53571
2.7708	0.53547
2.7723	0.53427
2.7737	0.53450
2.7752	0.53470
2.7767	0.53381
2.7782	0.53255
2.7797	0.53208
2.7812	0.53128
2.7827	0.53037
2.7842	0.53009
2.7857	0.52983
2.7872	0.52817
2.7887	0.52718
2.7902	0.52814
2.7917	0.52820
2.7932	0.52723
2.7947	0.52664
2.7962	0.52615
2.7977	0.52568
2.7992	0.52520
2.8007	0.52479
2.8022	0.52363
2.8038	0.52186
2.8053	0.52171
2.8068	0.52281
2.8083	0.52240
2.8098	0.52183
2.8114	0.52178
2.8129	0.52154
2.8144	0.52079
2.8159	0.52008
2.8175	0.51976
2.819	0.51942
2.8205	0.51810
2.8221	0.51761
2.8236	0.51768
2.8251	0.51768
2.8267	0.51700
2.8282	0.51627
2.8298	0.51581
2.8313	0.51568
2.8329	0.51495
2.8344	0.51411
2.836	0.51333
2.8375	0.51272
2.8391	0.51214
2.8406	0.51183
2.8422	0.51134
2.8437	0.51049
2.8453	0.50974
2.8469	0.50898
2.8484	0.50823
2.85	0.50756
2.8516	0.50697
2.8531	0.50630
2.8547	0.50491
2.8563	0.50407
2.8578	0.50359
2.8594	0.50304
2.861	0.50221
2.8626	0.50162
2.8642	0.50093
2.8657	0.50028
2.8673	0.49940
2.8689	0.49864
2.8705	0.49808
2.8721	0.49757
2.8737	0.49670
2.8753	0.49646
2.8769	0.49611
2.8785	0.49569
2.8801	0.49524
2.8817	0.49498
2.8833	0.49446
2.8849	0.49417
2.8865	0.49373
2.8881	0.49349
2.8897	0.49326
2.8913	0.49314
2.8929	0.49277
2.8945	0.49253
2.8962	0.49204
2.8978	0.49186
2.8994	0.49158
2.901	0.49109
2.9027	0.49065
2.9043	0.49072
2.9059	0.49044
2.9075	0.49036
2.9092	0.49007
2.9108	0.48968
2.9124	0.48949
2.9141	0.48951
2.9157	0.48945
2.9174	0.48942
2.919	0.48939
2.9206	0.48947
2.9223	0.48927
2.9239	0.48907
2.9256	0.48896
2.9272	0.48911
2.9289	0.48910
2.9305	0.48887
2.9322	0.48848
2.9339	0.48826
2.9355	0.48793
2.9372	0.48778
2.9389	0.48751
2.9405	0.48712
2.9422	0.48658
2.9439	0.48641
2.9455	0.48627
2.9472	0.48598
2.9489	0.48541
2.9506	0.48526
2.9522	0.48526
2.9539	0.48512
2.9556	0.48497
2.9573	0.48490
2.959	0.48450
2.9607	0.48436
2.9624	0.48430
2.9641	0.48428
2.9658	0.48425
2.9674	0.48396
2.9691	0.48372
2.9709	0.48377
2.9726	0.48399
2.9743	0.48430
2.976	0.48420
2.9777	0.48432
2.9794	0.48455
2.9811	0.48458
2.9828	0.48467
2.9845	0.48454
2.9863	0.48438
2.988	0.48475
2.9897	0.48499
2.9914	0.48512
2.9931	0.48541
2.9949	0.48576
2.9966	0.48578
2.9983	0.48625
3.0001	0.48663
3.0018	0.48717
3.0036	0.48760
3.0053	0.48798
3.007	0.48819
3.0088	0.48859
3.0105	0.48915
3.0123	0.48977
3.014	0.49031
3.0158	0.49080
3.0175	0.49122
3.0193	0.49163
3.0211	0.49188
3.0228	0.49213
3.0246	0.49224
3.0263	0.49247
3.0281	0.49306
3.0299	0.49380
3.0317	0.49423
3.0334	0.49443
3.0352	0.49453
3.037	0.49476
3.0388	0.49498
3.0405	0.49550
3.0423	0.49567
3.0441	0.49595
3.0459	0.49619
3.0477	0.49645
3.0495	0.49657
3.0513	0.49684
3.0531	0.49697
3.0549	0.49704
3.0567	0.49705
3.0585	0.49706
3.0603	0.49732
3.0621	0.49772
3.0639	0.49785
3.0657	0.49790
3.0675	0.49790
3.0694	0.49796
3.0712	0.49778
3.073	0.49773
3.0748	0.49797
3.0766	0.49822
3.0785	0.49822
3.0803	0.49819
3.0821	0.49805
3.084	0.49854
3.0858	0.49899
3.0876	0.49918
3.0895	0.49932
3.0913	0.49952
3.0932	0.49953
3.095	0.49984
3.0969	0.50024
3.0987	0.50071
3.1006	0.50093
3.1024	0.50118
3.1043	0.50141
3.1061	0.50175
3.108	0.50204
3.1099	0.50229
3.1117	0.50239
3.1136	0.50273
3.1155	0.50301
3.1173	0.50332
3.1192	0.50352
3.1211	0.50371
3.123	0.50399
3.1249	0.50419
3.1267	0.50432
3.1286	0.50469
3.1305	0.50494
3.1324	0.50526
3.1343	0.50550
3.1362	0.50592
3.1381	0.50631
3.14	0.50666
3.1419	0.50717
3.1438	0.50746
3.1457	0.50789
3.1476	0.50840
3.1495	0.50885
3.1514	0.50919
3.1534	0.50955
3.1553	0.50998
3.1572	0.51022
3.1591	0.51061
3.1611	0.51091
3.163	0.51127
3.1649	0.51150
3.1669	0.51191
3.1688	0.51219
3.1707	0.51249
3.1727	0.51260
3.1746	0.51288
3.1766	0.51341
3.1785	0.51396
3.1805	0.51432
3.1824	0.51466
3.1844	0.51507
3.1863	0.51530
3.1883	0.51560
3.1902	0.51611
3.1922	0.51637
3.1942	0.51679
3.1961	0.51705
3.1981	0.51737
3.2001	0.51769
3.2021	0.51797
3.204	0.51809
3.206	0.51806
3.208	0.51826
3.21	0.51857
3.212	0.51903
3.214	0.51970
3.216	0.51998
3.218	0.52021
3.22	0.52029
3.222	0.52047
3.224	0.52045
3.226	0.52038
3.228	0.52040
3.23	0.52057
3.232	0.52075
3.234	0.52113
3.236	0.52123
3.2381	0.52139
3.2401	0.52160
3.2421	0.52155
3.2441	0.52146
3.2462	0.52126
3.2482	0.52080
3.2502	0.52057
3.2523	0.52052
3.2543	0.52052
3.2564	0.52036
3.2584	0.52009
3.2605	0.51969
3.2625	0.51931
3.2646	0.51907
3.2666	0.51904
3.2687	0.51898
3.2707	0.51883
3.2728	0.51872
3.2749	0.51889
3.277	0.51907
3.279	0.51923
3.2811	0.51939
3.2832	0.51953
3.2853	0.51937
3.2873	0.51905
3.2894	0.51858
3.2915	0.51829
3.2936	0.51803
3.2957	0.51795
3.2978	0.51804
3.2999	0.51866
3.302	0.51930
3.3041	0.51990
3.3062	0.52024
3.3083	0.52039
3.3104	0.52040
3.3125	0.52027
3.3147	0.51981
3.3168	0.51900
3.3189	0.51803
3.321	0.51702
3.3232	0.51585
3.3253	0.51499
3.3274	0.51398
3.3296	0.51278
3.3317	0.51160
3.3338	0.51042
3.336	0.50908
3.3381	0.50772
3.3403	0.50630
3.3424	0.50438
3.3446	0.50218
3.3468	0.49993
3.3489	0.49698
3.3511	0.49343
3.3533	0.48917
3.3554	0.48424
3.3576	0.47854
3.3598	0.47218
3.362	0.46490
3.3641	0.45692
3.3663	0.44829
3.3685	0.43935
3.3707	0.43076
3.3729	0.42339
3.3751	0.41761
3.3773	0.41362
3.3795	0.41146
3.3817	0.41102
3.3839	0.41182
3.3861	0.41363
3.3883	0.41550
3.3905	0.41721
3.3928	0.41789
3.395	0.41685
3.3972	0.41376
3.3994	0.40884
3.4017	0.40242
3.4039	0.39485
3.4061	0.38657
3.4084	0.37823
3.4106	0.37041
3.4129	0.36367
3.4151	0.35834
3.4174	0.35527
3.4196	0.35485
3.4219	0.35724
3.4241	0.36228
3.4264	0.36964
3.4287	0.37820
3.4309	0.38712
3.4332	0.39558
3.4355	0.40343
3.4378	0.41055
3.44	0.41678
3.4423	0.42226
3.4446	0.42707
3.4469	0.43140
3.4492	0.43551
3.4515	0.43932
3.4538	0.44292
3.4561	0.44633
3.4584	0.44972
3.4607	0.45262
3.463	0.45527
3.4653	0.45741
3.4676	0.45863
3.47	0.45872
3.4723	0.45775
3.4746	0.45588
3.477	0.45328
3.4793	0.45031
3.4816	0.44775
3.484	0.44633
3.4863	0.44592
3.4887	0.44533
3.491	0.44385
3.4934	0.44087
3.4957	0.43675
3.4981	0.43183
3.5004	0.42738
3.5028	0.42460
3.5052	0.42490
3.5075	0.42925
3.5099	0.43739
3.5123	0.44793
3.5147	0.45943
3.5171	0.47068
3.5194	0.48086
3.5218	0.48937
3.5242	0.49643
3.5266	0.50237
3.529	0.50737
3.5314	0.51132
3.5338	0.51462
3.5362	0.51728
3.5387	0.51955
3.5411	0.52148
3.5435	0.52314
3.5459	0.52459
3.5483	0.52589
3.5508	0.52715
3.5532	0.52831
3.5556	0.52922
3.5581	0.53002
3.5605	0.53071
3.563	0.53153
3.5654	0.53227
3.5679	0.53303
3.5703	0.53355
3.5728	0.53408
3.5753	0.53455
3.5777	0.53508
3.5802	0.53555
3.5827	0.53600
3.5852	0.53633
3.5876	0.53677
3.5901	0.53718
3.5926	0.53758
3.5951	0.53789
3.5976	0.53824
3.6001	0.53852
3.6026	0.53895
3.6051	0.53918
3.6076	0.53928
3.6101	0.53944
3.6126	0.53978
3.6152	0.53990
3.6177	0.53995
3.6202	0.53998
3.6227	0.54008
3.6253	0.54013
3.6278	0.54023
3.6303	0.54028
3.6329	0.54037
3.6354	0.54037
3.638	0.54051
3.6405	0.54054
3.6431	0.54066
3.6457	0.54068
3.6482	0.54072
3.6508	0.54069
3.6534	0.54069
3.6559	0.54061
3.6585	0.54060
3.6611	0.54063
3.6637	0.54067
3.6663	0.54070
3.6689	0.54077
3.6715	0.54072
3.6741	0.54081
3.6767	0.54093
3.6793	0.54115
3.6819	0.54124
3.6845	0.54130
3.6872	0.54132
3.6898	0.54136
3.6924	0.54127
3.695	0.54131
3.6977	0.54127
3.7003	0.54133
3.703	0.54126
3.7056	0.54116
3.7083	0.54106
3.7109	0.54109
3.7136	0.54093
3.7162	0.54082
3.7189	0.54070
3.7216	0.54055
3.7242	0.54043
3.7269	0.54052
3.7296	0.54040
3.7323	0.54034
3.735	0.54024
3.7377	0.54028
3.7404	0.54027
3.7431	0.54036
3.7458	0.54042
3.7485	0.54059
3.7512	0.54078
3.7539	0.54100
3.7566	0.54107
3.7593	0.54132
3.7621	0.54150
3.7648	0.54169
3.7675	0.54186
3.7703	0.54205
3.773	0.54223
3.7758	0.54239
3.7785	0.54251
3.7813	0.54282
3.784	0.54297
3.7868	0.54320
3.7896	0.54329
3.7923	0.54343
3.7951	0.54360
3.7979	0.54378
3.8007	0.54377
3.8035	0.54383
3.8063	0.54385
3.8091	0.54400
3.8119	0.54395
3.8147	0.54407
3.8175	0.54402
3.8203	0.54404
3.8231	0.54392
3.8259	0.54390
3.8288	0.54386
3.8316	0.54378
3.8344	0.54374
3.8373	0.54376
3.8401	0.54368
3.8429	0.54359
3.8458	0.54343
3.8487	0.54344
3.8515	0.54350
3.8544	0.54350
3.8572	0.54342
3.8601	0.54355
3.863	0.54360
3.8659	0.54368
3.8688	0.54369
3.8716	0.54389
3.8745	0.54410
3.8774	0.54427
3.8803	0.54434
3.8832	0.54451
3.8862	0.54458
3.8891	0.54485
3.892	0.54504
3.8949	0.54516
3.8978	0.54524
3.9008	0.54538
3.9037	0.54545
3.9067	0.54558
3.9096	0.54564
3.9126	0.54573
3.9155	0.54584
3.9185	0.54592
3.9214	0.54584
3.9244	0.54592
3.9274	0.54583
3.9304	0.54591
3.9333	0.54587
3.9363	0.54579
3.9393	0.54556
3.9423	0.54543
3.9453	0.54525
3.9483	0.54510
3.9513	0.54495
3.9543	0.54495
3.9574	0.54470
3.9604	0.54466
3.9634	0.54452
3.9664	0.54435
3.9695	0.54408
3.9725	0.54396
3.9756	0.54383
3.9786	0.54370
3.9817	0.54342
3.9847	0.54327
3.9878	0.54306
3.9909	0.54280
3.9939	0.54257
3.997	0.54241
4.0001	0.54216
4.0032	0.54197
4.0063	0.54175
4.0094	0.54152
4.0125	0.54131
4.0156	0.54115
4.0187	0.54090
4.0218	0.54078
4.0249	0.54072
4.0281	0.54070
4.0312	0.54052
4.0343	0.54051
4.0375	0.54039
4.0406	0.54032
4.0438	0.54030
4.0469	0.54035
4.0501	0.54031
4.0533	0.54028
4.0564	0.54018
4.0596	0.54025
4.0628	0.54027
4.066	0.54029
4.0692	0.54026
4.0724	0.54024
4.0756	0.54007
4.0788	0.53983
4.082	0.53951
4.0852	0.53938
4.0884	0.53910
4.0917	0.53874
4.0949	0.53828
4.0981	0.53799
4.1014	0.53769
4.1046	0.53740
4.1079	0.53699
4.1111	0.53660
4.1144	0.53611
4.1177	0.53568
4.1209	0.53524
4.1242	0.53490
4.1275	0.53446
4.1308	0.53410
4.1341	0.53375
4.1374	0.53345
4.1407	0.53308
4.144	0.53280
4.1473	0.53240
4.1506	0.53214
4.154	0.53178
4.1573	0.53152
4.1606	0.53116
4.164	0.53082
4.1673	0.53045
4.1707	0.53017
4.174	0.52980
4.1774	0.52949
4.3822	0.50772
4.3859	0.50615
4.3896	0.50468
4.3933	0.50301
4.3971	0.50134
4.4008	0.49959
4.4045	0.49795
4.4083	0.49629
4.412	0.49487
4.4158	0.49328
4.4196	0.49181
4.4233	0.49021
4.4271	0.48884
4.4309	0.48736
4.4347	0.48598
4.4385	0.48457
4.4423	0.48328
4.4461	0.48187
4.4499	0.48044
4.4537	0.47872
4.4576	0.47688
4.4614	0.47498
4.4652	0.47327
4.4691	0.47177
4.4729	0.47091
4.4768	0.47051
4.4807	0.47062
4.4845	0.47083
4.4884	0.47124
4.4923	0.47164
4.4962	0.47221
4.5001	0.47283
4.504	0.47375
4.5079	0.47484
4.5119	0.47609
4.5158	0.47705
4.5197	0.47773
4.5237	0.47795
4.5276	0.47798
4.5316	0.47770
4.5356	0.47747
4.5395	0.47735
4.5435	0.47744
4.5475	0.47755
4.5515	0.47784
4.5555	0.47820
4.5595	0.47901
4.5635	0.48001
4.5675	0.48138
4.5715	0.48290
4.5756	0.48471
4.5796	0.48655
4.5837	0.48840
4.5877	0.49002
4.5918	0.49125
4.5959	0.49194
4.5999	0.49232
4.604	0.49200
4.6081	0.49122
4.6122	0.49013
4.6163	0.48883
4.6204	0.48747
4.6246	0.48636
4.6287	0.48541
4.6328	0.48469
4.637	0.48395
4.6411	0.48337
4.6453	0.48260
4.6494	0.48202
4.6536	0.48150
4.6578	0.48114
4.662	0.48071
4.6662	0.48025
4.6704	0.47966
4.6746	0.47909
4.6788	0.47847
4.683	0.47812
4.6873	0.47808
4.6915	0.47879
4.6958	0.47998
4.7	0.48179
4.7043	0.48373
4.7086	0.48558
4.7129	0.48704
4.7171	0.48821
4.7214	0.48882
4.7257	0.48919
4.7301	0.48923
4.7344	0.48914
4.7387	0.48883
4.743	0.48848
4.7474	0.48781
4.7517	0.48713
4.7561	0.48629
4.7605	0.48552
4.7648	0.48443
4.7692	0.48330
4.7736	0.48203
4.778	0.48080
4.7824	0.47938
4.7868	0.47800
4.7913	0.47644
4.7957	0.47490
4.8001	0.47315
4.8046	0.47149
4.809	0.46963
4.8135	0.46767
4.818	0.46558
4.8225	0.46347
4.8269	0.46108
4.8314	0.45874
4.8359	0.45618
4.8405	0.45358
4.845	0.45059
4.8495	0.44752
4.8541	0.44408
4.8586	0.44037
4.8632	0.43627
4.8677	0.43176
4.8723	0.42659
4.8769	0.42093
4.8815	0.41458
4.8861	0.40750
4.8907	0.39933
4.8953	0.39033
4.8999	0.38023
4.9046	0.36930
4.9092	0.35791
4.9139	0.34666
4.9185	0.33592
4.9232	0.32639
4.9279	0.31822
4.9326	0.31152
4.9373	0.30612
4.942	0.30186
4.9467	0.29807
4.9514	0.29439
4.9562	0.29015
4.9609	0.28517
4.9656	0.27917
4.9704	0.27237
4.9752	0.26490
4.98	0.25744
4.9847	0.25044
4.9895	0.24435
4.9943	0.23929
4.9992	0.23534
5.004	0.23225
5.0088	0.22987
5.0137	0.22804
5.0185	0.22688
5.0234	0.22626
5.0283	0.22637
5.0331	0.22667
5.038	0.22711
5.0429	0.22744
5.0478	0.22769
5.0528	0.22777
5.0577	0.22795
5.0626	0.22812
5.0676	0.22856
5.0725	0.22933
5.0775	0.23063
5.0825	0.23245
5.0875	0.23501
5.0925	0.23804
5.0975	0.24127
5.1025	0.24424
5.1075	0.24682
5.1126	0.24882
5.1176	0.25008
5.1227	0.25071
5.1277	0.25107
5.1328	0.25121
5.1379	0.25151
5.143	0.25195
5.1481	0.25266
5.1532	0.25358
5.1583	0.25479
5.1635	0.25569
5.1686	0.25659
5.1738	0.25732
5.179	0.25810
5.1841	0.25869
5.1893	0.25921
5.1945	0.25929
5.1997	0.25893
5.205	0.25766
5.2102	0.25551
5.2154	0.25190
5.2207	0.24695
5.2259	0.24075
5.2312	0.23324
5.2365	0.22445
5.2418	0.21502
5.2471	0.20537
5.2524	0.19598
5.2577	0.18702
5.2631	0.17876
5.2684	0.17119
5.2738	0.16431
5.2792	0.15809
5.2845	0.15242
5.2899	0.14729
5.2953	0.14268
5.3008	0.13877
5.3062	0.13556
5.3116	0.13275
5.3171	0.13036
5.3225	0.12823
5.328	0.12653
5.3335	0.12503
5.339	0.12385
5.3445	0.12291
5.35	0.12234
5.3555	0.12239
5.361	0.12356
5.3666	0.12555
5.3722	0.12878
5.3777	0.13315
5.3833	0.13905
5.3889	0.14626
5.3945	0.15490
5.4001	0.16452
5.4058	0.17508
5.4114	0.18569
5.4171	0.19627
5.4227	0.20574
5.4284	0.21567
5.4341	0.22455
5.4398	0.23125
5.4455	0.23677
5.4512	0.24118
5.457	0.24389
5.4627	0.24510
5.4685	0.24498
5.4743	0.24416
5.4801	0.24217
5.4859	0.23942
5.4917	0.23640
5.4975	0.23293
5.5033	0.22890
5.5092	0.22475
5.515	0.22045
5.5209	0.21591
5.5268	0.21130
5.5327	0.20682
5.5386	0.20259
5.5445	0.19854
5.5505	0.19488
5.5564	0.19162
5.5624	0.18895
5.5684	0.18670
5.5743	0.18475
5.5803	0.18319
5.5864	0.18251
5.5924	0.18271
5.5984	0.18325
5.6045	0.18419
5.6105	0.18596
5.6166	0.18827
5.6227	0.19109
5.6288	0.19473
5.6349	0.19892
5.6411	0.20365
5.6472	0.20994
5.6534	0.21782
5.6595	0.22494
5.6657	0.23296
5.6719	0.24008
5.6781	0.24630
5.6844	0.25225
5.6906	0.25661
5.6969	0.25905
5.7031	0.26071
5.7094	0.26022
5.7157	0.25828
5.722	0.25524
5.7283	0.25139
5.7347	0.24661
5.741	0.24152
5.7474	0.23631
5.7538	0.23185
5.7601	0.22794
5.7666	0.22467
5.773	0.22176
5.7794	0.22039
5.7859	0.21883
5.7923	0.21785
5.7988	0.21699
5.8053	0.21628
5.8118	0.21546
5.8183	0.21446
5.8249	0.21264
5.8314	0.21120
5.838	0.20917
5.8446	0.20677
5.8512	0.20365
5.8578	0.20018
5.8644	0.19620
5.871	0.19187
5.8777	0.18741
5.8844	0.18273
5.8911	0.17693
5.8978	0.17258
5.9045	0.16723
5.9112	0.16261
5.918	0.15836
5.9247	0.15410
5.9315	0.15044
5.9383	0.14759
5.9451	0.14553
5.9519	0.14519
5.9588	0.14538
5.9656	0.14637
5.9725	0.14797
5.9794	0.15075
5.9863	0.15326
5.9932	0.15579
6.0002	0.15890
6.0071	0.16143
6.0141	0.16304
6.0211	0.16451
6.0281	0.16553
6.0351	0.16592
6.0421	0.16575
6.0492	0.16510
6.0562	0.16461
6.0633	0.16460
6.0704	0.16360
6.0775	0.16213
6.0847	0.16045
6.0918	0.15837
6.099	0.15547
6.1062	0.15214
6.1134	0.14856
6.1206	0.14428
6.1278	0.13977
6.1351	0.13541
6.1423	0.13029
6.1496	0.12455
6.1569	0.11867
6.1643	0.11276
6.1716	0.10642
6.1789	0.10104
6.1863	0.09628
6.1937	0.09164
6.2011	0.08813
6.2085	0.08575
6.216	0.08403
6.2235	0.08319
6.2309	0.08314
6.2384	0.08377
6.2459	0.08505
6.2535	0.08674
6.261	0.08890
6.2686	0.09141
6.2762	0.09449
6.2838	0.09772
6.2914	0.10108
6.2991	0.10440
6.3067	0.10783
6.3144	0.11111
6.3221	0.11449
6.3298	0.11798
6.3376	0.12164
6.3453	0.12499
6.3531	0.12914
6.3609	0.13270
6.3687	0.13531
6.3765	0.13817
6.3844	0.14150
6.3923	0.14404
6.4002	0.14642
6.4081	0.14805
6.416	0.14886
6.424	0.14964
6.4319	0.15018
6.4399	0.14979
6.4479	0.14896
6.456	0.14768
6.464	0.14571
6.4721	0.14340
6.4802	0.14027
6.4883	0.13653
6.4964	0.13219
6.5046	0.12618
6.5127	0.12045
6.5209	0.11538
6.5291	0.10873
6.5374	0.10267
6.5456	0.09788
6.5539	0.09414
6.5622	0.09142
6.5705	0.09003
6.5789	0.08891
6.5872	0.08829
6.5956	0.08724
6.604	0.08545
6.6124	0.08284
6.6209	0.08035
6.6293	0.07863
6.6378	0.07863
6.6463	0.08042
6.6549	0.08292
6.6634	0.08411
6.672	0.08472
6.6806	0.08436
6.6892	0.08342
6.6978	0.08205
6.7065	0.08108
6.7152	0.08026
6.7239	0.07995
6.7326	0.08001
6.7414	0.08032
6.7502	0.08057
6.759	0.08109
6.7678	0.08158
6.7766	0.08202
6.7855	0.08211
6.7944	0.08202
6.8033	0.08126
6.8123	0.08049
6.8212	0.07959
6.8302	0.07889
6.8392	0.07822
6.8483	0.07792
6.8573	0.07756
6.8664	0.07736
6.8755	0.07727
6.8846	0.07769
6.8938	0.07797
6.903	0.07806
6.9122	0.07771
6.9214	0.07723
6.9307	0.07657
6.9399	0.07564
6.9492	0.07435
6.9586	0.07298
6.9679	0.07100
6.9773	0.06888
6.9867	0.06726
6.9961	0.06557
7.0056	0.06366
7.0151	0.06199
7.0246	0.06032
7.0341	0.05851
7.0437	0.05669
7.0532	0.05485
7.0629	0.05279
7.0725	0.05133
7.0822	0.04987
7.0918	0.04858
7.1016	0.04721
7.1113	0.04598
7.1211	0.04438
7.1309	0.04256
7.1407	0.04059
7.1505	0.03871
7.1604	0.03662
7.1703	0.03497
7.1802	0.03322
7.1902	0.03172
7.2002	0.03029
7.2102	0.02890
7.2202	0.02729
7.2303	0.02587
7.2404	0.02442
7.2505	0.02308
7.2607	0.02159
7.2709	0.02035
7.2811	0.01913
7.2913	0.01808
7.3016	0.01707
7.3119	0.01624
7.3222	0.01535
7.3326	0.01467
7.343	0.01398
7.3534	0.01357
7.3638	0.01311
7.3743	0.01282
7.3848	0.01250
7.3953	0.01234
7.4059	0.01205
7.4165	0.01192
7.4271	0.01174
7.4378	0.01169
7.4485	0.01156
7.4592	0.01160
7.4699	0.01168
7.4807	0.01196
7.4915	0.01226
7.5024	0.01271
7.5132	0.01305
7.5241	0.01359
7.5351	0.01411
7.546	0.01470
7.557	0.01517
7.5681	0.01570
7.5791	0.01616
7.5902	0.01674
7.6014	0.01727
7.6125	0.01791
7.6237	0.01850
7.635	0.01937
7.6462	0.02035
7.6575	0.02149
7.6688	0.02257
7.6802	0.02363
7.6916	0.02446
7.703	0.02533
7.7145	0.02602
7.726	0.02673
7.7375	0.02735
7.7491	0.02804
7.7607	0.02861
7.7723	0.02911
7.784	0.02945
7.7957	0.02976
7.8074	0.02997
7.8192	0.03037
7.831	0.03085
7.8429	0.03155
7.8548	0.03243
7.8667	0.03356
7.8786	0.03478
7.8906	0.03624
7.9026	0.03778
7.9147	0.03950
7.9268	0.04123
7.939	0.04312
7.9511	0.04497
7.9633	0.04682
7.9756	0.04851
7.9879	0.05006
8.0002	0.05119
8.0126	0.05225
8.025	0.05325
8.0374	0.05429
8.0499	0.05538
8.0624	0.05664
8.075	0.05783
8.0876	0.05920
8.1002	0.06058
8.1129	0.06199
8.1256	0.06330
8.1384	0.06465
8.1512	0.06578
8.164	0.06645
8.1769	0.06648
8.1898	0.06580
8.2027	0.06446
8.2157	0.06277
8.2288	0.06073
8.2419	0.05856
8.255	0.05628
8.2682	0.05403
8.2814	0.05184
8.2946	0.04989
8.3079	0.04815
8.3212	0.04669
8.3346	0.04542
8.348	0.04440
8.3615	0.04345
8.375	0.04282
8.3886	0.04228
8.4022	0.04190
8.4158	0.04164
8.4295	0.04159
8.4432	0.04159
8.457	0.04179
8.4708	0.04204
8.4847	0.04250
8.4986	0.04296
8.5125	0.04343
8.5265	0.04375
8.5406	0.04396
8.5547	0.04390
8.5688	0.04346
8.583	0.04240
8.5972	0.04058
8.6115	0.03806
8.6258	0.03573
8.6402	0.03463
8.6546	0.03548
8.6691	0.03763
8.6836	0.04002
8.6982	0.04203
8.7128	0.04375
8.7275	0.04493
8.7422	0.04580
8.757	0.04655
8.7718	0.04722
8.7867	0.04783
8.8016	0.04851
8.8166	0.04905
8.8316	0.04967
8.8466	0.05022
8.8618	0.05079
8.8769	0.05125
8.8922	0.05171
8.9074	0.05215
8.9228	0.05254
8.9382	0.05281
8.9536	0.05322
8.9691	0.05350
8.9846	0.05374
9.0002	0.05395
9.0159	0.05417
9.0316	0.05437
9.0474	0.05466
9.0632	0.05486
9.079	0.05507
9.095	0.05514
9.111	0.05534
9.127	0.05554
9.1431	0.05571
9.1593	0.05581
9.1755	0.05606
9.1917	0.05626
9.2081	0.05658
9.2244	0.05692
9.2409	0.05724
9.2574	0.05745
9.2739	0.05774
9.2906	0.05799
9.3072	0.05808
9.324	0.05797
9.3408	0.05741
9.3576	0.05610
9.3746	0.05411
9.3915	0.05135
9.4086	0.04820
9.4257	0.04510
9.4429	0.04254
9.4601	0.04056
9.4774	0.03933
9.4948	0.03842
9.5122	0.03800
9.5297	0.03805
9.5472	0.03851
9.5648	0.03900
9.5825	0.03949
9.6003	0.04002
9.6181	0.04088
9.6359	0.04243
9.6539	0.04483
9.6719	0.04765
9.69	0.05072
9.7081	0.05385
9.7263	0.05703
9.7446	0.06011
9.763	0.06319
9.7814	0.06621
9.7999	0.06910
9.8184	0.07197
9.8371	0.07485
9.8558	0.07748
9.8745	0.07989
9.8934	0.08201
9.9123	0.08392
9.9313	0.08562
9.9504	0.08703
9.9695	0.08817
9.9887	0.08908
10.008	0.08999
10.0273	0.09132
10.0468	0.09301
10.0663	0.09500
10.0859	0.09737
10.1055	0.09999
10.1253	0.10278
10.1451	0.10577
10.165	0.10868
10.1849	0.11137
10.205	0.11393
10.2251	0.11631
10.2453	0.11849
10.2656	0.12056
10.286	0.12244
10.3064	0.12418
10.327	0.12587
10.3476	0.12764
10.3683	0.12938
10.389	0.13114
10.4099	0.13289
10.4309	0.13465
10.4519	0.13647
10.473	0.13826
10.4942	0.13976
10.5155	0.14100
10.5369	0.14195
10.5583	0.14281
10.5799	0.14370
10.6015	0.14478
10.6232	0.14607
10.645	0.14755
10.6669	0.14925
10.6889	0.15111
10.711	0.15292
10.7332	0.15445
10.7555	0.15568
10.7778	0.15660
10.8003	0.15744
10.8228	0.15828
10.8455	0.15908
10.8682	0.15974
10.891	0.16028
10.914	0.16075
10.937	0.16106
10.9601	0.16115
10.9833	0.16099
11.0067	0.16055
11.0301	0.16005
11.0536	0.15937
11.0772	0.15857
11.1009	0.15754
11.1248	0.15650
11.1487	0.15538
11.1727	0.15437
11.1968	0.15331
11.2211	0.15224
11.2454	0.15102
11.2699	0.14986
11.2944	0.14868
11.3191	0.14745
11.3438	0.14603
11.3687	0.14433
11.3937	0.14237
11.4188	0.14002
11.444	0.13748
11.4693	0.13498
11.4948	0.13241
11.5203	0.12971
11.546	0.12703
11.5717	0.12450
11.5976	0.12201
11.6236	0.11974
11.6497	0.11735
11.676	0.11475
11.7023	0.11182
11.7288	0.10861
11.7554	0.10509
11.7821	0.10137
11.809	0.09759
11.8359	0.09370
11.863	0.08958
11.8902	0.08540
11.9176	0.08118
11.945	0.07654
11.9726	0.07178
12.0003	0.06685
12.0282	0.06194
12.0561	0.05685
12.0842	0.05167
12.1125	0.04635
12.1408	0.04102
12.1693	0.03556
12.198	0.03015
12.2267	0.02489
12.2556	0.02024
12.2847	0.01620
12.3139	0.01291
12.3432	0.01053
12.3726	0.00967
12.4022	0.01022
12.432	0.01172
12.4619	0.01364
12.4919	0.01557
12.5221	0.01701
12.5524	0.01827
12.5829	0.01925
12.6135	0.02004
12.6442	0.02083
12.6751	0.02192
12.7062	0.02294
12.7374	0.02382
12.7688	0.02424
12.8003	0.02445
12.832	0.02478
12.8639	0.02563
12.8959	0.02683
12.928	0.02908
12.9603	0.03285
12.9928	0.03819
13.0255	0.04439
13.0583	0.05108
13.0913	0.05784
13.1244	0.06450
13.1577	0.07081
13.1912	0.07650
13.2248	0.08150
13.2587	0.08588
13.2927	0.08969
13.3268	0.09290
13.3612	0.09534
13.3957	0.09719
13.4304	0.09823
13.4653	0.09878
13.5004	0.09901
13.5356	0.09904
13.571	0.09889
13.6067	0.09863
13.6425	0.09819
13.6785	0.09778
13.7146	0.09721
13.751	0.09644
13.7876	0.09537
13.8244	0.09382
13.8613	0.09211
13.8985	0.09023
13.9358	0.08798
13.9734	0.08527
14.0112	0.08211
14.0491	0.07824
14.0873	0.07411
14.1257	0.06940
14.1643	0.06377
14.2031	0.05731
14.2421	0.04958
14.2814	0.04083
14.3208	0.03190
14.3605	0.02479
14.4004	0.02131
14.4405	0.02274
14.4808	0.02813
14.5214	0.03633
14.5622	0.04557
14.6032	0.05460
14.6444	0.06206
14.6859	0.06790
14.7277	0.07266
14.7696	0.07659
14.8118	0.07954
14.8543	0.08184
14.8969	0.08367
14.9399	0.08507
14.983	0.08645
15.0265	0.08768
15.0702	0.08772
15.1141	0.08782
15.1583	0.08828
15.2027	0.08879
15.2475	0.08909
15.2924	0.08924
15.3377	0.08932
15.3832	0.08937
15.429	0.08918
15.475	0.08908
15.5214	0.08877
15.568	0.08838
15.6149	0.08805
15.662	0.08739
15.7095	0.08617
15.7572	0.08491
15.8053	0.08299
15.8536	0.08049
15.9023	0.07799
15.9512	0.07575
16.0004	0.07419
16.05	0.07360
16.0998	0.07379
16.15	0.07460
16.2004	0.07558
16.2512	0.07681
16.3023	0.07812
16.3537	0.07942
16.4055	0.08038
16.4576	0.08128
16.51	0.08200
16.5627	0.08255
16.6158	0.08280
16.6692	0.08269
16.723	0.08254
16.7771	0.08205
16.8316	0.08119
16.8864	0.08006
16.9416	0.07871
16.9972	0.07707
17.0531	0.07518
17.1094	0.07284
17.166	0.07030
17.223	0.06793
17.2805	0.06489
17.3382	0.06139
17.3964	0.05818
17.455	0.05516
17.514	0.05209
17.5733	0.04901
17.6331	0.04612
17.6933	0.04360
17.7539	0.04151
17.8149	0.03972
17.8763	0.03805
17.9382	0.03653
18.0005	0.03518
18.0632	0.03406
18.1263	0.03327
18.1899	0.03266
18.254	0.03184
18.3185	0.03107
18.3835	0.03026
18.4489	0.02908
18.5148	0.02803
18.5811	0.02743
18.648	0.02642
18.7153	0.02548
18.7831	0.02493
18.8514	0.02460
18.9202	0.02395
18.9895	0.02329
19.0593	0.02234
19.1297	0.02162
19.2005	0.02156
19.2719	0.02163
19.3438	0.02153
19.4162	0.02146
19.4892	0.02150
19.5628	0.02202
19.6369	0.02256
19.7115	0.02315
19.7868	0.02349
19.8626	0.02373
19.939	0.02366
20.016	0.02421
20.0935	0.02539
20.1717	0.02677
20.2505	0.02765
20.3299	0.02841
20.41	0.02904
20.4907	0.02925
20.572	0.02938
20.6539	0.02955
20.7365	0.02964
20.8198	0.03002
20.9038	0.03000
20.9884	0.03006
21.0737	0.03044
21.1597	0.03059
21.2465	0.03108
21.3339	0.03190
21.422	0.03194
21.5109	0.03206
21.6006	0.03222
21.6909	0.03197
21.7821	0.03215
21.874	0.03265
21.9667	0.03261
22.0601	0.03239
22.1544	0.03217
22.2495	0.03296
22.3454	0.03365
22.4421	0.03451
22.5397	0.03598
22.6381	0.03918
22.7374	0.04280
22.8376	0.04581
22.9387	0.04869
23.0406	0.05123
23.1435	0.05290
23.2472	0.05445
23.352	0.05459
23.4576	0.05428
23.5643	0.05360
23.6718	0.05184
23.7804	0.04974
23.89	0.04656
24.0006	0.04154
24.1123	0.03950
24.2249	0.03644
24.3387	0.03215
24.4535	0.02754
24.5694	0.02168
24.6864	0.01405
24.8045	0.00839
24.9237	0.00636
25.0441	0.00981
25.1657	0.01586
25.2885	0.02057
25.4124	0.02299
25.5376	0.02723
25.664	0.03251
25.7917	0.03537
25.9207	0.03504
