Brown University Keck/NASA Relab Spectrum PL-ECS-154-I/BKR1PL154I
Wavelength(micron)	Reflectance
0.32	0.12892
0.33	0.17002
0.34	0.21947
0.35	0.25152
0.36	0.27200
0.37	0.28240
0.38	0.26849
0.39	0.28695
0.4	0.31644
0.41	0.32605
0.42	0.32338
0.43	0.33142
0.44	0.33734
0.45	0.34162
0.46	0.35261
0.47	0.36245
0.48	0.36780
0.49	0.37303
0.5	0.37878
0.51	0.38412
0.52	0.38941
0.53	0.39529
0.54	0.40060
0.55	0.40675
0.56	0.41425
0.57	0.42168
0.58	0.42976
0.59	0.43633
0.6	0.44221
0.61	0.44637
0.62	0.45034
0.63	0.45271
0.64	0.45463
0.65	0.45767
0.66	0.45912
0.67	0.46286
0.68	0.46449
0.69	0.46752
0.7	0.47004
0.71	0.47133
0.72	0.47329
0.73	0.47585
0.74	0.47760
0.75	0.47997
0.76	0.47976
0.77	0.47987
0.78	0.48077
0.79	0.48072
0.8	0.47966
0.81	0.47879
0.82	0.47724
0.83	0.47505
0.84	0.47433
0.85	0.47161
0.86	0.47301
0.87	0.47045
0.88	0.46932
0.89	0.46792
0.9	0.46477
0.91	0.46298
0.92	0.46091
0.93	0.45756
0.94	0.45530
0.95	0.45235
0.96	0.44793
0.97	0.44515
0.98	0.44092
0.99	0.43590
1	0.42967
1.01	0.42497
1.02	0.41943
1.03	0.41208
1.04	0.40684
1.05	0.40009
1.06	0.39328
1.07	0.38616
1.08	0.37950
1.09	0.37221
1.1	0.36556
1.11	0.36067
1.12	0.35416
1.13	0.34865
1.14	0.34317
1.15	0.33792
1.16	0.33322
1.17	0.32904
1.18	0.32487
1.19	0.32083
1.2	0.31825
1.21	0.31535
1.22	0.31291
1.23	0.30976
1.24	0.30825
1.25	0.30704
1.26	0.30596
1.27	0.30461
1.28	0.30442
1.29	0.30448
1.3	0.30444
1.31	0.30489
1.32	0.30528
1.33	0.30633
1.34	0.30683
1.35	0.30811
1.36	0.30901
1.37	0.31061
1.38	0.31172
1.39	0.31240
1.4	0.31511
1.41	0.31419
1.42	0.31399
1.43	0.31500
1.44	0.31697
1.45	0.31998
1.46	0.32265
1.47	0.32676
1.48	0.32884
1.49	0.33442
1.5	0.33762
1.51	0.34201
1.52	0.34665
1.53	0.34871
1.54	0.35249
1.55	0.35607
1.56	0.35758
1.57	0.35996
1.58	0.36278
1.59	0.36478
1.6	0.36704
1.61	0.36793
1.62	0.36967
1.63	0.37181
1.64	0.37350
1.65	0.37434
1.66	0.37710
1.67	0.37819
1.68	0.37981
1.69	0.38148
1.7	0.38258
1.71	0.38432
1.72	0.38505
1.73	0.38525
1.74	0.38466
1.75	0.38392
1.76	0.38407
1.77	0.38560
1.78	0.38709
1.79	0.38813
1.8	0.38891
1.81	0.38976
1.82	0.38972
1.83	0.39011
1.84	0.38978
1.85	0.38879
1.86	0.38819
1.87	0.38350
1.88	0.37358
1.89	0.35763
1.9	0.32994
1.91	0.30493
1.92	0.28598
1.93	0.26723
1.94	0.25799
1.95	0.26114
1.96	0.26904
1.97	0.27319
1.98	0.27935
1.99	0.28783
2	0.29940
2.01	0.30920
2.02	0.31692
2.03	0.32290
2.04	0.32851
2.05	0.33146
2.06	0.33594
2.07	0.33987
2.08	0.34459
2.09	0.34886
2.1	0.35253
2.11	0.35541
2.12	0.35842
2.13	0.36115
2.14	0.36173
2.15	0.36361
2.16	0.36427
2.17	0.36586
2.18	0.36741
2.19	0.36919
2.2	0.37141
2.21	0.37399
2.22	0.37673
2.23	0.37903
2.24	0.37838
2.25	0.37928
2.26	0.38105
2.27	0.38069
2.28	0.38038
2.29	0.37869
2.3	0.37564
2.31	0.37298
2.32	0.36954
2.33	0.36634
2.34	0.36375
2.35	0.35863
2.36	0.35296
2.37	0.34433
2.38	0.33453
2.39	0.32279
2.4	0.31280
2.41	0.30157
2.42	0.29328
2.43	0.28703
2.44	0.28353
2.45	0.28022
2.46	0.27751
2.47	0.27537
2.48	0.27435
2.49	0.27356
2.5	0.27384
2.5014	0.27398
2.5026	0.27395
2.5038	0.27406
2.505	0.27403
2.5063	0.27395
2.5075	0.27403
2.5087	0.27403
2.5099	0.27388
2.5111	0.27391
2.5123	0.27392
2.5135	0.27390
2.5148	0.27393
2.516	0.27391
2.5172	0.27413
2.5184	0.27415
2.5196	0.27384
2.5209	0.27383
2.5221	0.27398
2.5233	0.27404
2.5246	0.27399
2.5258	0.27377
2.527	0.27379
2.5283	0.27385
2.5295	0.27379
2.5307	0.27362
2.5319	0.27348
2.5332	0.27373
2.5344	0.27379
2.5357	0.27364
2.5369	0.27346
2.5381	0.27332
2.5394	0.27323
2.5406	0.27326
2.5419	0.27341
2.5431	0.27327
2.5444	0.27307
2.5456	0.27301
2.5469	0.27292
2.5481	0.27283
2.5494	0.27278
2.5506	0.27274
2.5519	0.27268
2.5531	0.27253
2.5544	0.27236
2.5557	0.27219
2.5569	0.27208
2.5582	0.27204
2.5594	0.27197
2.5607	0.27194
2.562	0.27206
2.5632	0.27197
2.5645	0.27179
2.5658	0.27167
2.5671	0.27152
2.5683	0.27139
2.5696	0.27130
2.5709	0.27118
2.5721	0.27102
2.5734	0.27090
2.5747	0.27078
2.576	0.27063
2.5773	0.27047
2.5785	0.27027
2.5798	0.27014
2.5811	0.27004
2.5824	0.26997
2.5837	0.26982
2.585	0.26958
2.5863	0.26930
2.5875	0.26922
2.5888	0.26924
2.5901	0.26905
2.5914	0.26873
2.5927	0.26839
2.594	0.26823
2.5953	0.26829
2.5966	0.26817
2.5979	0.26767
2.5992	0.26732
2.6005	0.26707
2.6018	0.26693
2.6031	0.26668
2.6044	0.26632
2.6058	0.26614
2.6071	0.26570
2.6084	0.26520
2.6097	0.26482
2.611	0.26448
2.6123	0.26428
2.6136	0.26408
2.6149	0.26382
2.6163	0.26360
2.6176	0.26325
2.6189	0.26279
2.6202	0.26244
2.6216	0.26181
2.6229	0.26112
2.6242	0.26085
2.6255	0.26073
2.6269	0.26043
2.6282	0.25985
2.6295	0.25923
2.6309	0.25896
2.6322	0.25856
2.6335	0.25802
2.6349	0.25760
2.6362	0.25697
2.6376	0.25624
2.6389	0.25580
2.6402	0.25544
2.6416	0.25502
2.6429	0.25450
2.6443	0.25372
2.6456	0.25302
2.647	0.25246
2.6483	0.25191
2.6497	0.25125
2.651	0.25059
2.6524	0.24980
2.6538	0.24901
2.6551	0.24830
2.6565	0.24756
2.6578	0.24663
2.6592	0.24578
2.6606	0.24494
2.6619	0.24408
2.6633	0.24308
2.6647	0.24227
2.666	0.24135
2.6674	0.24035
2.6688	0.23927
2.6701	0.23810
2.6715	0.23688
2.6729	0.23544
2.6743	0.23408
2.6757	0.23279
2.677	0.23152
2.6784	0.23011
2.6798	0.22863
2.6812	0.22711
2.6826	0.22547
2.684	0.22354
2.6854	0.22158
2.6868	0.21967
2.6881	0.21782
2.6895	0.21583
2.6909	0.21349
2.6923	0.21122
2.6937	0.20911
2.6951	0.20678
2.6965	0.20421
2.6979	0.20158
2.6993	0.19879
2.7008	0.19588
2.7021	0.19282
2.7036	0.18950
2.705	0.18599
2.7064	0.18265
2.7078	0.17920
2.7092	0.17548
2.7106	0.17174
2.7121	0.16805
2.7135	0.16425
2.7149	0.16072
2.7163	0.15730
2.7177	0.15398
2.7192	0.15092
2.7206	0.14799
2.722	0.14495
2.7234	0.14205
2.7249	0.13935
2.7263	0.13664
2.7277	0.13379
2.7292	0.13097
2.7306	0.12816
2.7321	0.12539
2.7335	0.12272
2.7349	0.12012
2.7364	0.11748
2.7378	0.11473
2.7393	0.11224
2.7407	0.10976
2.7422	0.10711
2.7436	0.10471
2.7451	0.10239
2.7465	0.10009
2.748	0.09797
2.7494	0.09599
2.7509	0.09394
2.7524	0.09204
2.7538	0.09025
2.7553	0.08848
2.7567	0.08693
2.7582	0.08548
2.7597	0.08402
2.7611	0.08283
2.7626	0.08177
2.7641	0.08063
2.7656	0.07933
2.767	0.07828
2.7685	0.07740
2.77	0.07646
2.7715	0.07581
2.773	0.07515
2.7744	0.07431
2.7759	0.07346
2.7774	0.07275
2.7789	0.07193
2.7804	0.07121
2.7819	0.07067
2.7834	0.07007
2.7849	0.06944
2.7864	0.06894
2.7879	0.06842
2.7894	0.06780
2.7909	0.06716
2.7924	0.06660
2.7939	0.06620
2.7954	0.06575
2.7969	0.06523
2.7984	0.06486
2.7999	0.06450
2.8014	0.06401
2.8029	0.06351
2.8044	0.06317
2.806	0.06278
2.8075	0.06237
2.809	0.06211
2.8105	0.06175
2.8121	0.06134
2.8136	0.06110
2.8151	0.06089
2.8166	0.06055
2.8182	0.06012
2.8197	0.05982
2.8212	0.05960
2.8228	0.05923
2.8243	0.05898
2.8259	0.05886
2.8274	0.05863
2.8289	0.05846
2.8305	0.05829
2.832	0.05819
2.8336	0.05808
2.8351	0.05803
2.8367	0.05799
2.8382	0.05796
2.8398	0.05791
2.8413	0.05790
2.8429	0.05788
2.8444	0.05779
2.846	0.05768
2.8476	0.05774
2.8491	0.05777
2.8507	0.05768
2.8523	0.05762
2.8538	0.05763
2.8554	0.05758
2.857	0.05741
2.8586	0.05728
2.8601	0.05718
2.8617	0.05710
2.8633	0.05702
2.8649	0.05699
2.8665	0.05682
2.8681	0.05674
2.8696	0.05673
2.8712	0.05665
2.8728	0.05647
2.8744	0.05634
2.876	0.05636
2.8776	0.05636
2.8792	0.05620
2.8808	0.05606
2.8824	0.05603
2.884	0.05601
2.8856	0.05579
2.8872	0.05568
2.8888	0.05569
2.8904	0.05559
2.892	0.05549
2.8937	0.05541
2.8953	0.05534
2.8969	0.05538
2.8985	0.05552
2.9001	0.05560
2.9018	0.05544
2.9034	0.05522
2.905	0.05522
2.9066	0.05520
2.9083	0.05502
2.9099	0.05489
2.9115	0.05496
2.9132	0.05483
2.9148	0.05466
2.9164	0.05459
2.9181	0.05450
2.9197	0.05438
2.9214	0.05433
2.923	0.05427
2.9247	0.05412
2.9263	0.05398
2.928	0.05386
2.9296	0.05372
2.9313	0.05358
2.9329	0.05352
2.9346	0.05345
2.9363	0.05338
2.9379	0.05323
2.9396	0.05313
2.9413	0.05311
2.9429	0.05304
2.9446	0.05303
2.9463	0.05300
2.9479	0.05287
2.9496	0.05296
2.9513	0.05305
2.953	0.05299
2.9547	0.05296
2.9563	0.05303
2.958	0.05301
2.9597	0.05308
2.9614	0.05321
2.9631	0.05318
2.9648	0.05324
2.9665	0.05328
2.9682	0.05321
2.9699	0.05327
2.9716	0.05339
2.9733	0.05345
2.975	0.05345
2.9767	0.05349
2.9784	0.05352
2.9801	0.05358
2.9819	0.05365
2.9836	0.05367
2.9853	0.05385
2.987	0.05400
2.9887	0.05399
2.9904	0.05399
2.9922	0.05418
2.9939	0.05440
2.9956	0.05449
2.9974	0.05461
2.9991	0.05461
3.0008	0.05461
3.0026	0.05470
3.0043	0.05471
3.0061	0.05474
3.0078	0.05488
3.0095	0.05493
3.0113	0.05488
3.013	0.05477
3.0148	0.05467
3.0165	0.05468
3.0183	0.05477
3.0201	0.05468
3.0218	0.05452
3.0236	0.05449
3.0253	0.05446
3.0271	0.05443
3.0289	0.05437
3.0306	0.05417
3.0324	0.05408
3.0342	0.05406
3.036	0.05394
3.0377	0.05383
3.0395	0.05384
3.0413	0.05377
3.0431	0.05370
3.0449	0.05367
3.0467	0.05365
3.0485	0.05347
3.0503	0.05339
3.0521	0.05345
3.0538	0.05349
3.0556	0.05349
3.0574	0.05346
3.0593	0.05349
3.0611	0.05364
3.0629	0.05374
3.0647	0.05365
3.0665	0.05365
3.0683	0.05375
3.0701	0.05374
3.0719	0.05378
3.0738	0.05394
3.0756	0.05395
3.0774	0.05402
3.0792	0.05424
3.0811	0.05428
3.0829	0.05433
3.0847	0.05452
3.0866	0.05459
3.0884	0.05465
3.0902	0.05480
3.0921	0.05490
3.0939	0.05496
3.0958	0.05506
3.0976	0.05514
3.0995	0.05525
3.1013	0.05543
3.1032	0.05553
3.1051	0.05558
3.1069	0.05564
3.1088	0.05566
3.1106	0.05582
3.1125	0.05600
3.1144	0.05615
3.1162	0.05626
3.1181	0.05640
3.12	0.05648
3.1219	0.05651
3.1238	0.05666
3.1256	0.05691
3.1275	0.05707
3.1294	0.05720
3.1313	0.05737
3.1332	0.05754
3.1351	0.05775
3.137	0.05788
3.1389	0.05803
3.1408	0.05824
3.1427	0.05851
3.1446	0.05872
3.1465	0.05890
3.1484	0.05917
3.1503	0.05939
3.1522	0.05964
3.1541	0.05994
3.1561	0.06023
3.158	0.06042
3.1599	0.06057
3.1618	0.06080
3.1638	0.06111
3.1657	0.06133
3.1676	0.06154
3.1696	0.06174
3.1715	0.06192
3.1735	0.06208
3.1754	0.06235
3.1773	0.06260
3.1793	0.06285
3.1812	0.06307
3.1832	0.06331
3.1851	0.06360
3.1871	0.06380
3.1891	0.06393
3.191	0.06422
3.193	0.06454
3.195	0.06476
3.1969	0.06499
3.1989	0.06523
3.2009	0.06543
3.2029	0.06563
3.2048	0.06589
3.2068	0.06618
3.2088	0.06651
3.2108	0.06679
3.2128	0.06699
3.2148	0.06727
3.2168	0.06758
3.2188	0.06779
3.2208	0.06807
3.2228	0.06833
3.2248	0.06856
3.2268	0.06878
3.2288	0.06903
3.2308	0.06939
3.2328	0.06973
3.2348	0.07007
3.2368	0.07038
3.2389	0.07064
3.2409	0.07096
3.2429	0.07121
3.2449	0.07146
3.247	0.07182
3.249	0.07224
3.2511	0.07256
3.2531	0.07279
3.2551	0.07307
3.2572	0.07337
3.2592	0.07370
3.2613	0.07402
3.2633	0.07437
3.2654	0.07477
3.2674	0.07516
3.2695	0.07547
3.2716	0.07580
3.2736	0.07618
3.2757	0.07653
3.2778	0.07693
3.2798	0.07738
3.2819	0.07775
3.284	0.07813
3.2861	0.07855
3.2882	0.07890
3.2902	0.07926
3.2923	0.07966
3.2944	0.08011
3.2965	0.08050
3.2986	0.08093
3.3007	0.08143
3.3028	0.08191
3.3049	0.08240
3.307	0.08279
3.3091	0.08322
3.3113	0.08374
3.3134	0.08420
3.3155	0.08474
3.3176	0.08518
3.3197	0.08573
3.3219	0.08629
3.324	0.08685
3.3261	0.08742
3.3283	0.08796
3.3304	0.08845
3.3325	0.08898
3.3347	0.08963
3.3368	0.09032
3.339	0.09085
3.3411	0.09134
3.3433	0.09190
3.3454	0.09251
3.3476	0.09311
3.3498	0.09372
3.3519	0.09432
3.3541	0.09480
3.3563	0.09538
3.3584	0.09602
3.3606	0.09670
3.3628	0.09736
3.365	0.09795
3.3672	0.09855
3.3694	0.09918
3.3715	0.09981
3.3737	0.10047
3.3759	0.10115
3.3781	0.10175
3.3803	0.10239
3.3825	0.10310
3.3847	0.10375
3.3869	0.10442
3.3892	0.10517
3.3914	0.10592
3.3936	0.10662
3.3958	0.10731
3.3981	0.10796
3.4003	0.10863
3.4025	0.10925
3.4047	0.10987
3.407	0.11064
3.4092	0.11132
3.4115	0.11199
3.4137	0.11267
3.416	0.11337
3.4182	0.11418
3.4205	0.11499
3.4227	0.11582
3.425	0.11659
3.4273	0.11736
3.4295	0.11820
3.4318	0.11902
3.4341	0.11978
3.4363	0.12046
3.4386	0.12126
3.4409	0.12217
3.4432	0.12299
3.4455	0.12372
3.4478	0.12455
3.4501	0.12537
3.4524	0.12607
3.4546	0.12681
3.4569	0.12751
3.4593	0.12829
3.4616	0.12914
3.4639	0.12994
3.4662	0.13069
3.4685	0.13147
3.4708	0.13214
3.4732	0.13279
3.4755	0.13355
3.4778	0.13433
3.4801	0.13502
3.4825	0.13570
3.4848	0.13643
3.4872	0.13725
3.4895	0.13800
3.4919	0.13862
3.4942	0.13937
3.4966	0.14013
3.4989	0.14081
3.5013	0.14150
3.5037	0.14228
3.506	0.14309
3.5084	0.14392
3.5108	0.14477
3.5132	0.14561
3.5155	0.14647
3.5179	0.14734
3.5203	0.14809
3.5227	0.14888
3.5251	0.14984
3.5275	0.15068
3.5299	0.15142
3.5323	0.15216
3.5347	0.15297
3.5371	0.15378
3.5395	0.15454
3.5419	0.15535
3.5444	0.15607
3.5468	0.15672
3.5492	0.15750
3.5517	0.15829
3.5541	0.15901
3.5565	0.15977
3.559	0.16051
3.5614	0.16121
3.5639	0.16190
3.5663	0.16265
3.5688	0.16341
3.5712	0.16411
3.5737	0.16481
3.5761	0.16552
3.5786	0.16624
3.5811	0.16689
3.5836	0.16744
3.586	0.16810
3.5885	0.16880
3.591	0.16941
3.5935	0.17006
3.596	0.17074
3.5985	0.17139
3.601	0.17189
3.6035	0.17243
3.606	0.17308
3.6085	0.17370
3.611	0.17432
3.6135	0.17492
3.6161	0.17554
3.6186	0.17612
3.6211	0.17664
3.6236	0.17723
3.6262	0.17783
3.6287	0.17840
3.6313	0.17899
3.6338	0.17951
3.6363	0.18003
3.6389	0.18055
3.6414	0.18111
3.644	0.18168
3.6466	0.18217
3.6491	0.18265
3.6517	0.18317
3.6543	0.18369
3.6569	0.18417
3.6594	0.18469
3.662	0.18525
3.6646	0.18580
3.6672	0.18627
3.6698	0.18668
3.6724	0.18716
3.675	0.18770
3.6776	0.18815
3.6802	0.18861
3.6828	0.18916
3.6854	0.18964
3.6881	0.19008
3.6907	0.19047
3.6933	0.19088
3.6959	0.19137
3.6986	0.19181
3.7012	0.19225
3.7039	0.19271
3.7065	0.19312
3.7092	0.19356
3.7118	0.19399
3.7145	0.19438
3.7171	0.19480
3.7198	0.19514
3.7225	0.19556
3.7252	0.19605
3.7278	0.19651
3.7305	0.19687
3.7332	0.19715
3.7359	0.19747
3.7386	0.19783
3.7413	0.19815
3.744	0.19847
3.7467	0.19885
3.7494	0.19914
3.7521	0.19946
3.7548	0.19982
3.7576	0.20019
3.7603	0.20056
3.763	0.20097
3.7657	0.20135
3.7685	0.20160
3.7712	0.20190
3.774	0.20222
3.7767	0.20251
3.7795	0.20280
3.7822	0.20309
3.785	0.20339
3.7877	0.20364
3.7905	0.20388
3.7933	0.20415
3.7961	0.20440
3.7988	0.20460
3.8016	0.20480
3.8044	0.20494
3.8072	0.20502
3.81	0.20515
3.8128	0.20530
3.8156	0.20551
3.8184	0.20575
3.8212	0.20584
3.8241	0.20594
3.8269	0.20606
3.8297	0.20615
3.8325	0.20621
3.8354	0.20627
3.8382	0.20635
3.8411	0.20650
3.8439	0.20660
3.8468	0.20664
3.8496	0.20674
3.8525	0.20683
3.8553	0.20684
3.8582	0.20684
3.8611	0.20686
3.8639	0.20683
3.8668	0.20681
3.8697	0.20683
3.8726	0.20691
3.8755	0.20692
3.8784	0.20688
3.8813	0.20698
3.8842	0.20699
3.8871	0.20686
3.89	0.20683
3.893	0.20674
3.8959	0.20668
3.8988	0.20669
3.9017	0.20659
3.9047	0.20648
3.9076	0.20641
3.9106	0.20632
3.9135	0.20624
3.9165	0.20613
3.9194	0.20599
3.9224	0.20589
3.9254	0.20575
3.9284	0.20560
3.9313	0.20542
3.9343	0.20524
3.9373	0.20514
3.9403	0.20495
3.9433	0.20475
3.9463	0.20453
3.9493	0.20428
3.9523	0.20397
3.9553	0.20369
3.9583	0.20350
3.9614	0.20328
3.9644	0.20298
3.9674	0.20271
3.9705	0.20244
3.9735	0.20211
3.9766	0.20177
3.9796	0.20151
3.9826	0.20127
3.9857	0.20094
3.9888	0.20063
3.9919	0.20032
3.9949	0.20001
3.998	0.19971
4.0011	0.19939
4.0042	0.19909
4.0073	0.19872
4.0104	0.19834
4.0135	0.19795
4.0166	0.19753
4.0197	0.19712
4.0228	0.19665
4.0259	0.19619
4.0291	0.19574
4.0322	0.19525
4.0353	0.19476
4.0385	0.19423
4.0416	0.19370
4.0448	0.19324
4.0479	0.19273
4.0511	0.19214
4.0543	0.19156
4.0574	0.19101
4.0606	0.19036
4.0638	0.18964
4.067	0.18901
4.0702	0.18838
4.0734	0.18771
4.0766	0.18703
4.0798	0.18631
4.083	0.18562
4.0862	0.18492
4.0894	0.18419
4.0927	0.18342
4.0959	0.18266
4.0991	0.18192
4.1024	0.18121
4.1056	0.18049
4.1089	0.17969
4.1121	0.17887
4.1154	0.17806
4.1187	0.17729
4.122	0.17651
4.1252	0.17572
4.1285	0.17494
4.1318	0.17411
4.1351	0.17326
4.1384	0.17238
4.1417	0.17154
4.145	0.17064
4.1483	0.16976
4.1516	0.16891
4.155	0.16802
4.1583	0.16711
4.1616	0.16620
4.165	0.16528
4.1683	0.16436
4.1717	0.16335
4.175	0.16229
4.1784	0.16125
4.1818	0.16029
4.1852	0.15932
4.1885	0.15831
4.1919	0.15727
4.1953	0.15617
4.1987	0.15513
4.2021	0.15407
4.2055	0.15291
4.2089	0.15182
4.2124	0.15073
4.2158	0.14956
4.2192	0.14836
4.2226	0.14714
4.2261	0.14590
4.2295	0.14463
4.233	0.14338
4.2365	0.14215
4.2399	0.14089
4.2434	0.13951
4.2469	0.13810
4.2503	0.13673
4.2538	0.13538
4.2573	0.13390
4.2608	0.13239
4.2643	0.13084
4.2678	0.12931
4.2714	0.12779
4.2749	0.12621
4.2784	0.12458
4.2819	0.12297
4.2855	0.12134
4.289	0.11962
4.2926	0.11795
4.2961	0.11635
4.2997	0.11476
4.3033	0.11315
4.3068	0.11159
4.3104	0.11001
4.314	0.10843
4.3176	0.10697
4.3212	0.10557
4.3248	0.10417
4.3284	0.10279
4.332	0.10149
4.3356	0.10024
4.3393	0.09909
4.3429	0.09801
4.3465	0.09694
4.3502	0.09590
4.3538	0.09499
4.3575	0.09420
4.3611	0.09335
4.3648	0.09256
4.3685	0.09188
4.3722	0.09125
4.3759	0.09063
4.3796	0.09004
4.3833	0.08956
4.387	0.08911
4.3907	0.08862
4.3944	0.08814
4.3981	0.08775
4.4019	0.08739
4.4056	0.08705
4.4094	0.08676
4.4131	0.08648
4.4169	0.08616
4.4206	0.08585
4.4244	0.08561
4.4282	0.08538
4.432	0.08511
4.4358	0.08487
4.4396	0.08468
4.4434	0.08442
4.4472	0.08418
4.451	0.08396
4.4548	0.08369
4.4586	0.08348
4.4625	0.08330
4.4663	0.08299
4.4702	0.08269
4.474	0.08239
4.4779	0.08208
4.4818	0.08172
4.4856	0.08137
4.4895	0.08103
4.4934	0.08063
4.4973	0.08017
4.5012	0.07968
4.5051	0.07923
4.509	0.07883
4.513	0.07837
4.5169	0.07786
4.5208	0.07735
4.5248	0.07684
4.5287	0.07629
4.5327	0.07578
4.5367	0.07521
4.5406	0.07462
4.5446	0.07402
4.5486	0.07343
4.5526	0.07278
4.5566	0.07220
4.5606	0.07157
4.5646	0.07088
4.5686	0.07023
4.5727	0.06962
4.5767	0.06903
4.5808	0.06843
4.5848	0.06786
4.5889	0.06726
4.5929	0.06657
4.597	0.06593
4.6011	0.06532
4.6052	0.06474
4.6093	0.06423
4.6134	0.06368
4.6175	0.06313
4.6216	0.06264
4.6257	0.06208
4.6298	0.06156
4.634	0.06106
4.6381	0.06055
4.6423	0.06010
4.6464	0.05965
4.6506	0.05919
4.6548	0.05873
4.659	0.05826
4.6631	0.05784
4.6673	0.05742
4.6715	0.05694
4.6758	0.05650
4.68	0.05612
4.6842	0.05576
4.6884	0.05542
4.6927	0.05498
4.6969	0.05452
4.7012	0.05415
4.7055	0.05382
4.7097	0.05346
4.714	0.05313
4.7183	0.05281
4.7226	0.05250
4.7269	0.05219
4.7312	0.05181
4.7355	0.05144
4.7399	0.05112
4.7442	0.05082
4.7485	0.05056
4.7529	0.05029
4.7573	0.04994
4.7616	0.04965
4.766	0.04941
4.7704	0.04913
4.7748	0.04887
4.7792	0.04868
4.7836	0.04846
4.788	0.04812
4.7924	0.04782
4.7969	0.04764
4.8013	0.04741
4.8058	0.04715
4.8102	0.04686
4.8147	0.04662
4.8191	0.04640
4.8236	0.04620
4.8281	0.04598
4.8326	0.04583
4.8371	0.04562
4.8416	0.04533
4.8462	0.04511
4.8507	0.04493
4.8553	0.04479
4.8598	0.04464
4.8644	0.04447
4.8689	0.04425
4.8735	0.04407
4.8781	0.04390
4.8827	0.04372
4.8873	0.04351
4.8919	0.04333
4.8965	0.04309
4.9011	0.04289
4.9058	0.04273
4.9104	0.04255
4.9151	0.04236
4.9197	0.04221
4.9244	0.04201
4.9291	0.04174
4.9338	0.04154
4.9385	0.04134
4.9432	0.04111
4.9479	0.04089
4.9526	0.04073
4.9574	0.04057
4.9621	0.04036
4.9669	0.04015
4.9716	0.03993
4.9764	0.03977
4.9812	0.03956
4.986	0.03935
4.9908	0.03912
4.9956	0.03891
5.0004	0.03873
5.0052	0.03854
5.01	0.03837
5.0149	0.03819
5.0198	0.03797
5.0246	0.03773
5.0295	0.03757
5.0344	0.03741
5.0393	0.03723
5.0442	0.03704
5.0491	0.03686
5.054	0.03674
5.0589	0.03654
5.0639	0.03636
5.0688	0.03619
5.0738	0.03598
5.0788	0.03579
5.0837	0.03560
5.0887	0.03545
5.0937	0.03532
5.0987	0.03519
5.1037	0.03500
5.1088	0.03481
5.1138	0.03466
5.1189	0.03449
5.1239	0.03427
5.129	0.03401
5.1341	0.03385
5.1391	0.03373
5.1443	0.03355
5.1494	0.03340
5.1545	0.03323
5.1596	0.03301
5.1647	0.03284
5.1699	0.03269
5.175	0.03252
5.1802	0.03238
5.1854	0.03228
5.1906	0.03214
5.1958	0.03197
5.201	0.03171
5.2062	0.03159
5.2115	0.03154
5.2167	0.03147
5.222	0.03132
5.2272	0.03114
5.2325	0.03100
5.2378	0.03094
5.2431	0.03083
5.2484	0.03071
5.2537	0.03056
5.259	0.03043
5.2644	0.03033
5.2697	0.03026
5.2751	0.03012
5.2805	0.03004
5.2858	0.02996
5.2912	0.02985
5.2966	0.02976
5.302	0.02968
5.3075	0.02960
5.3129	0.02950
5.3184	0.02938
5.3238	0.02927
5.3293	0.02917
5.3348	0.02911
5.3403	0.02901
5.3458	0.02895
5.3513	0.02886
5.3568	0.02876
5.3624	0.02866
5.3679	0.02856
5.3735	0.02846
5.379	0.02837
5.3846	0.02829
5.3902	0.02822
5.3958	0.02812
5.4015	0.02803
5.4071	0.02799
5.4127	0.02795
5.4184	0.02781
5.4241	0.02771
5.4297	0.02770
5.4354	0.02763
5.4411	0.02749
5.4469	0.02740
5.4526	0.02738
5.4583	0.02734
5.4641	0.02725
5.4698	0.02720
5.4756	0.02714
5.4814	0.02707
5.4872	0.02701
5.493	0.02699
5.4988	0.02693
5.5047	0.02685
5.5105	0.02678
5.5164	0.02680
5.5223	0.02679
5.5281	0.02669
5.534	0.02662
5.54	0.02660
5.5459	0.02657
5.5518	0.02646
5.5578	0.02636
5.5637	0.02633
5.5697	0.02628
5.5757	0.02621
5.5817	0.02610
5.5877	0.02603
5.5937	0.02602
5.5998	0.02602
5.6058	0.02599
5.6119	0.02595
5.618	0.02584
5.6241	0.02575
5.6302	0.02569
5.6363	0.02561
5.6424	0.02557
5.6486	0.02549
5.6547	0.02536
5.6609	0.02527
5.6671	0.02520
5.6733	0.02513
5.6795	0.02510
5.6857	0.02509
5.692	0.02497
5.6982	0.02490
5.7045	0.02486
5.7108	0.02481
5.7171	0.02476
5.7234	0.02466
5.7297	0.02456
5.736	0.02447
5.7424	0.02440
5.7488	0.02436
5.7551	0.02437
5.7615	0.02426
5.768	0.02411
5.7744	0.02403
5.7808	0.02395
5.7873	0.02389
5.7937	0.02384
5.8002	0.02371
5.8067	0.02356
5.8132	0.02351
5.8198	0.02349
5.8263	0.02334
5.8328	0.02320
5.8394	0.02310
5.846	0.02301
5.8526	0.02296
5.8592	0.02291
5.8658	0.02283
5.8725	0.02270
5.8791	0.02261
5.8858	0.02253
5.8925	0.02241
5.8992	0.02237
5.9059	0.02226
5.9126	0.02209
5.9194	0.02202
5.9262	0.02194
5.9329	0.02184
5.9397	0.02183
5.9465	0.02186
5.9534	0.02188
5.9602	0.02197
5.9671	0.02197
5.974	0.02187
5.9808	0.02183
5.9878	0.02178
5.9947	0.02165
6.0016	0.02162
6.0086	0.02167
6.0155	0.02165
6.0225	0.02158
6.0295	0.02153
6.0365	0.02153
6.0436	0.02148
6.0506	0.02140
6.0577	0.02130
6.0648	0.02124
6.0719	0.02116
6.079	0.02109
6.0861	0.02110
6.0933	0.02116
6.1005	0.02114
6.1076	0.02107
6.1149	0.02105
6.1221	0.02103
6.1293	0.02095
6.1365	0.02085
6.1438	0.02079
6.1511	0.02073
6.1584	0.02066
6.1657	0.02065
6.1731	0.02066
6.1804	0.02063
6.1878	0.02057
6.1952	0.02049
6.2026	0.02039
6.21	0.02036
6.2175	0.02032
6.225	0.02030
6.2324	0.02026
6.2399	0.02017
6.2475	0.02014
6.255	0.02014
6.2625	0.02013
6.2701	0.02009
6.2777	0.02005
6.2853	0.01994
6.293	0.01990
6.3006	0.01989
6.3083	0.01984
6.3159	0.01978
6.3236	0.01975
6.3314	0.01974
6.3391	0.01966
6.3469	0.01962
6.3546	0.01961
6.3624	0.01957
6.3703	0.01954
6.3781	0.01947
6.3859	0.01937
6.3938	0.01927
6.4017	0.01921
6.4096	0.01920
6.4175	0.01916
6.4255	0.01912
6.4335	0.01909
6.4415	0.01897
6.4495	0.01889
6.4575	0.01886
6.4656	0.01883
6.4736	0.01878
6.4817	0.01872
6.4898	0.01867
6.498	0.01864
6.5061	0.01859
6.5143	0.01847
6.5225	0.01845
6.5307	0.01840
6.539	0.01831
6.5472	0.01825
6.5555	0.01820
6.5638	0.01813
6.5721	0.01804
6.5804	0.01800
6.5888	0.01798
6.5972	0.01791
6.6056	0.01781
6.614	0.01772
6.6225	0.01762
6.6309	0.01755
6.6394	0.01746
6.6479	0.01745
6.6565	0.01745
6.665	0.01738
6.6736	0.01724
6.6822	0.01713
6.6908	0.01710
6.6995	0.01703
6.7081	0.01696
6.7168	0.01684
6.7255	0.01678
6.7343	0.01674
6.743	0.01668
6.7518	0.01662
6.7606	0.01655
6.7694	0.01646
6.7783	0.01640
6.7871	0.01632
6.796	0.01622
6.805	0.01610
6.8139	0.01606
6.8229	0.01603
6.8319	0.01593
6.8409	0.01587
6.8499	0.01582
6.859	0.01572
6.868	0.01566
6.8772	0.01554
6.8863	0.01539
6.8955	0.01535
6.9046	0.01529
6.9138	0.01524
6.9231	0.01515
6.9323	0.01508
6.9416	0.01501
6.9509	0.01485
6.9602	0.01474
6.9696	0.01470
6.979	0.01465
6.9884	0.01457
6.9978	0.01445
7.0073	0.01440
7.0168	0.01433
7.0263	0.01419
7.0358	0.01405
7.0454	0.01397
7.0549	0.01394
7.0645	0.01383
7.0742	0.01368
7.0839	0.01354
7.0935	0.01349
7.1033	0.01334
7.113	0.01320
7.1228	0.01311
7.1326	0.01304
7.1424	0.01297
7.1522	0.01286
7.1621	0.01278
7.172	0.01272
7.182	0.01258
7.1919	0.01232
7.2019	0.01224
7.2119	0.01213
7.222	0.01196
7.232	0.01191
7.2421	0.01179
7.2523	0.01161
7.2624	0.01160
7.2726	0.01152
7.2828	0.01133
7.2931	0.01121
7.3033	0.01117
7.3136	0.01108
7.324	0.01095
7.3343	0.01076
7.3447	0.01068
7.3551	0.01065
7.3656	0.01052
7.3761	0.01034
7.3866	0.01017
7.3971	0.01002
7.4077	0.00988
7.4183	0.00976
7.4289	0.00967
7.4396	0.00953
7.4503	0.00939
7.461	0.00924
7.4717	0.00910
7.4825	0.00893
7.4933	0.00870
7.5041	0.00858
7.515	0.00856
7.5259	0.00841
7.5369	0.00819
7.5479	0.00811
7.5589	0.00807
7.5699	0.00788
7.581	0.00771
7.592	0.00761
7.6032	0.00747
7.6144	0.00731
7.6255	0.00716
7.6368	0.00702
7.648	0.00692
7.6593	0.00678
7.6707	0.00667
7.682	0.00657
7.6934	0.00636
7.7049	0.00616
7.7163	0.00600
7.7278	0.00590
7.7394	0.00582
7.7509	0.00564
7.7625	0.00549
7.7742	0.00534
7.7858	0.00517
7.7975	0.00506
7.8093	0.00494
7.8211	0.00479
7.8329	0.00467
7.8447	0.00454
7.8566	0.00439
7.8685	0.00422
7.8805	0.00412
7.8925	0.00410
7.9045	0.00403
7.9166	0.00398
7.9287	0.00385
7.9408	0.00376
7.953	0.00375
7.9652	0.00372
7.9775	0.00368
7.9898	0.00378
8.0021	0.00390
8.0145	0.00396
8.0269	0.00411
8.0393	0.00443
8.0518	0.00478
8.0643	0.00522
8.0769	0.00584
8.0895	0.00664
8.1021	0.00765
8.1148	0.00895
8.1275	0.01055
8.1403	0.01248
8.1531	0.01473
8.1659	0.01741
8.1788	0.02051
8.1917	0.02398
8.2047	0.02771
8.2177	0.03166
8.2307	0.03592
8.2438	0.04035
8.257	0.04483
8.2701	0.04922
8.2833	0.05345
8.2966	0.05744
8.3099	0.06110
8.3232	0.06450
8.3366	0.06743
8.35	0.06986
8.3635	0.07200
8.377	0.07384
8.3905	0.07556
8.4042	0.07711
8.4178	0.07846
8.4315	0.07969
8.4452	0.08076
8.459	0.08167
8.4728	0.08233
8.4867	0.08277
8.5006	0.08310
8.5145	0.08335
8.5285	0.08354
8.5426	0.08374
8.5567	0.08381
8.5708	0.08374
8.585	0.08356
8.5993	0.08334
8.6135	0.08305
8.6279	0.08269
8.6423	0.08232
8.6567	0.08194
8.6712	0.08146
8.6857	0.08082
8.7003	0.08019
8.7149	0.07963
8.7295	0.07899
8.7443	0.07839
8.759	0.07770
8.7739	0.07713
8.7887	0.07672
8.8037	0.07623
8.8186	0.07559
8.8337	0.07497
8.8487	0.07418
8.8638	0.07333
8.879	0.07251
8.8943	0.07136
8.9095	0.07001
8.9249	0.06857
8.9403	0.06714
8.9557	0.06575
8.9712	0.06435
8.9868	0.06298
9.0023	0.06157
9.018	0.06023
9.0337	0.05919
9.0495	0.05825
9.0653	0.05731
9.0812	0.05651
9.0971	0.05595
9.1131	0.05559
9.1291	0.05524
9.1452	0.05501
9.1614	0.05505
9.1776	0.05531
9.1939	0.05566
9.2102	0.05619
9.2266	0.05693
9.243	0.05773
9.2595	0.05865
9.2761	0.05972
9.2927	0.06077
9.3094	0.06183
9.3262	0.06305
9.343	0.06436
9.3598	0.06548
9.3768	0.06660
9.3938	0.06772
9.4108	0.06891
9.4279	0.07018
9.4451	0.07150
9.4623	0.07295
9.4796	0.07437
9.497	0.07585
9.5144	0.07754
9.5319	0.07937
9.5494	0.08116
9.5671	0.08282
9.5847	0.08455
9.6025	0.08641
9.6203	0.08817
9.6382	0.08974
9.6561	0.09128
9.6742	0.09275
9.6922	0.09400
9.7104	0.09504
9.7286	0.09602
9.7469	0.09696
9.7652	0.09773
9.7837	0.09834
9.8022	0.09891
9.8207	0.09943
9.8394	0.09975
9.8581	0.09993
9.8768	0.10002
9.8957	0.10009
9.9146	0.10016
9.9336	0.09997
9.9527	0.09979
9.9718	0.09959
9.991	0.09947
10.0103	0.09919
10.0297	0.09886
10.0491	0.09859
10.0686	0.09833
10.0882	0.09811
10.1079	0.09789
10.1276	0.09758
10.1474	0.09721
10.1673	0.09679
10.1873	0.09630
10.2074	0.09606
10.2275	0.09620
10.2477	0.09642
10.268	0.09673
10.2884	0.09743
10.3088	0.09830
10.3294	0.09906
10.35	0.09999
10.3707	0.10089
10.3915	0.10163
10.4123	0.10237
10.4333	0.10301
10.4543	0.10364
10.4754	0.10417
10.4967	0.10451
10.5179	0.10468
10.5393	0.10478
10.5608	0.10494
10.5823	0.10518
10.604	0.10526
10.6257	0.10527
10.6475	0.10534
10.6694	0.10545
10.6914	0.10564
10.7135	0.10588
10.7357	0.10621
10.758	0.10641
10.7803	0.10655
10.8028	0.10671
10.8254	0.10662
10.848	0.10633
10.8708	0.10617
10.8936	0.10573
10.9165	0.10482
10.9395	0.10384
10.9627	0.10313
10.9859	0.10229
11.0092	0.10141
11.0327	0.10068
11.0562	0.09985
11.0798	0.09894
11.1035	0.09815
11.1274	0.09734
11.1513	0.09634
11.1753	0.09510
11.1995	0.09375
11.2237	0.09216
11.248	0.09032
11.2725	0.08825
11.2971	0.08609
11.3217	0.08405
11.3465	0.08201
11.3714	0.08004
11.3964	0.07815
11.4215	0.07641
11.4467	0.07466
11.472	0.07290
11.4974	0.07149
11.523	0.07015
11.5487	0.06872
11.5744	0.06743
11.6003	0.06618
11.6263	0.06508
11.6525	0.06411
11.6787	0.06319
11.7051	0.06217
11.7316	0.06125
11.7582	0.06050
11.7849	0.05962
11.8117	0.05876
11.8387	0.05805
11.8658	0.05732
11.893	0.05643
11.9203	0.05553
11.9478	0.05480
11.9754	0.05423
12.0031	0.05351
12.031	0.05246
12.059	0.05142
12.0871	0.05055
12.1153	0.04972
12.1437	0.04891
12.1722	0.04800
12.2008	0.04705
12.2296	0.04589
12.2585	0.04493
12.2876	0.04416
12.3168	0.04332
12.3461	0.04256
12.3755	0.04173
12.4052	0.04064
12.4349	0.03971
12.4648	0.03885
12.4948	0.03818
12.525	0.03750
12.5553	0.03680
12.5858	0.03613
12.6164	0.03535
12.6472	0.03468
12.6781	0.03429
12.7092	0.03408
12.7404	0.03390
12.7718	0.03385
12.8033	0.03385
12.835	0.03390
12.8669	0.03408
12.8989	0.03423
12.9311	0.03453
12.9634	0.03477
12.9959	0.03490
13.0285	0.03513
13.0613	0.03547
13.0943	0.03556
13.1275	0.03569
13.1608	0.03606
13.1943	0.03645
13.228	0.03674
13.2618	0.03683
13.2958	0.03658
13.33	0.03637
13.3643	0.03628
13.3989	0.03605
13.4336	0.03574
13.4685	0.03548
13.5035	0.03532
13.5388	0.03546
13.5742	0.03554
13.6099	0.03550
13.6457	0.03551
13.6817	0.03562
13.7179	0.03576
13.7543	0.03570
13.7908	0.03557
13.8276	0.03509
13.8646	0.03437
13.9018	0.03378
13.9391	0.03335
13.9767	0.03281
14.0145	0.03213
14.0525	0.03167
14.0907	0.03135
14.129	0.03083
14.1677	0.03035
14.2065	0.02995
14.2455	0.02969
14.2847	0.02950
14.3242	0.02909
14.3639	0.02865
14.4038	0.02836
14.4439	0.02813
14.4843	0.02798
14.5248	0.02796
14.5656	0.02800
14.6067	0.02817
14.6479	0.02839
14.6894	0.02850
14.7311	0.02848
14.7731	0.02847
14.8153	0.02852
14.8578	0.02874
14.9005	0.02869
14.9434	0.02855
14.9866	0.02864
15.03	0.02846
15.0737	0.02846
15.1177	0.02888
15.1619	0.02923
15.2063	0.02982
15.2511	0.03148
15.2961	0.03420
15.3413	0.03821
15.3868	0.04307
15.4326	0.04836
15.4787	0.05367
15.525	0.05885
15.5717	0.06375
15.6186	0.06779
15.6658	0.07072
15.7132	0.07319
15.761	0.07534
15.809	0.07717
15.8574	0.07879
15.906	0.07998
15.955	0.08053
16.0042	0.08094
16.0538	0.08049
16.1036	0.07939
16.1538	0.07836
16.2043	0.07826
16.2551	0.07937
16.3062	0.08119
16.3576	0.08342
16.4094	0.08609
16.4615	0.08930
16.5139	0.09225
16.5667	0.09453
16.6198	0.09642
16.6732	0.09847
16.727	0.10080
16.7811	0.10248
16.8356	0.10344
16.8905	0.10386
16.9457	0.10373
17.0012	0.10307
17.0572	0.10156
17.1134	0.09956
17.1701	0.09715
17.2272	0.09512
17.2846	0.09370
17.3424	0.09314
17.4006	0.09320
17.4592	0.09336
17.5182	0.09314
17.5775	0.09174
17.6373	0.08958
17.6975	0.08665
17.7581	0.08362
17.8192	0.08058
17.8806	0.07721
17.9425	0.07445
18.0048	0.07312
18.0675	0.07250
18.1307	0.07300
18.1943	0.07461
18.2584	0.07596
18.3229	0.07750
18.3879	0.07829
18.4533	0.07776
18.5192	0.07596
18.5856	0.07329
18.6524	0.07065
18.7198	0.06803
18.7876	0.06509
18.8559	0.06236
18.9247	0.05984
18.9941	0.05744
19.0639	0.05595
19.1342	0.05455
19.2051	0.05309
19.2765	0.05182
19.3484	0.05059
19.4209	0.04966
19.4939	0.04847
19.5675	0.04677
19.6416	0.04540
19.7163	0.04467
19.7916	0.04340
19.8674	0.04088
19.9438	0.03871
20.0208	0.03770
20.0984	0.03670
20.1766	0.03538
20.2554	0.03417
20.3348	0.03372
20.4149	0.03436
20.4956	0.03673
20.5769	0.04043
20.6589	0.04361
20.7416	0.04570
20.8248	0.04648
20.9088	0.04666
20.9935	0.04660
21.0788	0.04709
21.1648	0.04832
21.2516	0.05011
21.3391	0.05205
21.4272	0.05340
21.5161	0.05493
21.6058	0.05491
21.6962	0.05301
21.7873	0.05083
21.8793	0.04909
21.972	0.04712
22.0654	0.04509
22.1597	0.04289
22.2548	0.04209
22.3508	0.04175
22.4475	0.04201
22.5451	0.04399
22.6436	0.04725
22.7429	0.05100
22.8431	0.05546
22.9442	0.05973
23.0461	0.06486
23.149	0.06946
23.2528	0.07360
23.3576	0.07739
23.4633	0.07995
23.5699	0.08240
23.6775	0.08456
23.7861	0.08480
23.8958	0.08350
24.0064	0.08218
24.118	0.08085
24.2307	0.08051
24.3445	0.08045
24.4593	0.08110
24.5753	0.08246
24.6923	0.08443
24.8104	0.08667
24.9297	0.08948
25.0501	0.09243
25.1717	0.09588
25.2945	0.09960
25.4185	0.10356
25.5437	0.10768
25.6702	0.11029
25.7979	0.11069
25.9269	0.11074
26.0572	0.11084
26.1888	0.11053
26.3217	0.10866
26.456	0.10633
26.5917	0.10418
26.7288	0.10249
26.8672	0.10122
27.0072	0.10003
27.1486	0.09922
27.2915	0.09863
27.4359	0.09756
27.5818	0.09573
27.7293	0.09379
27.8784	0.09062
28.0291	0.08871
28.1814	0.08661
28.3354	0.08534
28.4911	0.08522
28.6485	0.08441
28.8077	0.08398
28.9686	0.08434
29.1313	0.08323
29.2959	0.08201
29.4624	0.08036
29.6307	0.07870
29.801	0.07704
29.9733	0.07523
30.1475	0.07474
30.3238	0.07311
30.5022	0.07147
30.6827	0.07017
30.8653	0.06843
31.0502	0.06758
31.2372	0.06712
31.4265	0.06656
31.6182	0.06644
31.8121	0.06675
32.0085	0.06658
32.2073	0.06849
32.4086	0.07031
32.6124	0.07056
32.8188	0.06917
33.0279	0.06814
33.2396	0.06626
33.4541	0.06395
33.6713	0.06278
33.8914	0.06196
34.1143	0.06040
34.3403	0.05899
34.5692	0.05877
34.8012	0.05820
35.0363	0.05680
35.2747	0.05502
35.5163	0.05466
35.7612	0.05440
36.0096	0.05358
36.2614	0.05206
36.5167	0.05137
36.7757	0.05066
37.0384	0.04982
37.3049	0.04825
37.5752	0.04577
37.8495	0.04457
38.1278	0.04322
38.4102	0.04246
38.6968	0.04282
38.9878	0.04401
39.2832	0.04335
39.583	0.04417
39.8875	0.04869
40.1967	0.05342
40.5108	0.05860
40.8298	0.06380
41.1538	0.06771
41.483	0.07192
41.8176	0.07440
42.1575	0.07685
42.5031	0.07920
42.8544	0.08031
43.2115	0.08131
43.5746	0.08395
43.9439	0.08254
44.3195	0.07909
44.7015	0.07640
45.0902	0.07560
45.4858	0.07462
45.8883	0.07217
46.298	0.07116
46.7151	0.07163
47.1398	0.07567
47.5723	0.08028
48.0128	0.08072
48.4615	0.08044
48.9187	0.08134
49.3846	0.08176
49.8594	0.08033
