Brown University Keck/NASA Relab Spectrum PL-ECS-154-F/BKR1PL154F
Wavelength(micron)	Reflectance
0.32	0.29983
0.33	0.37382
0.34	0.42797
0.35	0.45932
0.36	0.47951
0.37	0.49355
0.38	0.49116
0.39	0.50598
0.4	0.52873
0.41	0.53843
0.42	0.54085
0.43	0.55016
0.44	0.55722
0.45	0.56454
0.46	0.57470
0.47	0.58334
0.48	0.58863
0.49	0.59424
0.5	0.60081
0.51	0.60538
0.52	0.61083
0.53	0.61642
0.54	0.62406
0.55	0.63047
0.56	0.64159
0.57	0.65200
0.58	0.66295
0.59	0.67132
0.6	0.67900
0.61	0.68442
0.62	0.68904
0.63	0.69203
0.64	0.69451
0.65	0.69785
0.66	0.69986
0.67	0.70568
0.68	0.70838
0.69	0.71155
0.7	0.71474
0.71	0.71611
0.72	0.71819
0.73	0.71955
0.74	0.72253
0.75	0.72403
0.76	0.72606
0.77	0.72682
0.78	0.72857
0.79	0.72833
0.8	0.72867
0.81	0.72792
0.82	0.72776
0.83	0.72710
0.84	0.72621
0.85	0.72419
0.86	0.72398
0.87	0.72156
0.88	0.72023
0.89	0.72054
0.9	0.71909
0.91	0.71970
0.92	0.71974
0.93	0.71862
0.94	0.71799
0.95	0.71635
0.96	0.71554
0.97	0.71462
0.98	0.71192
0.99	0.71116
1	0.70908
1.01	0.70581
1.02	0.70203
1.03	0.69877
1.04	0.69478
1.05	0.68985
1.06	0.68636
1.07	0.68245
1.08	0.67848
1.09	0.67337
1.1	0.67050
1.11	0.66550
1.12	0.66079
1.13	0.65600
1.14	0.65246
1.15	0.64834
1.16	0.64392
1.17	0.63987
1.18	0.63738
1.19	0.63493
1.2	0.63219
1.21	0.62946
1.22	0.62774
1.23	0.62495
1.24	0.62347
1.25	0.62296
1.26	0.62183
1.27	0.62172
1.28	0.62159
1.29	0.62128
1.3	0.62228
1.31	0.62310
1.32	0.62378
1.33	0.62427
1.34	0.62532
1.35	0.62807
1.36	0.63035
1.37	0.63149
1.38	0.63190
1.39	0.63178
1.4	0.63150
1.41	0.63072
1.42	0.63085
1.43	0.63232
1.44	0.63292
1.45	0.63517
1.46	0.63883
1.47	0.64274
1.48	0.64522
1.49	0.64827
1.5	0.65252
1.51	0.65678
1.52	0.66056
1.53	0.66344
1.54	0.66628
1.55	0.67003
1.56	0.67194
1.57	0.67413
1.58	0.67557
1.59	0.67845
1.6	0.68040
1.61	0.68119
1.62	0.68200
1.63	0.68465
1.64	0.68587
1.65	0.68751
1.66	0.68992
1.67	0.69206
1.68	0.69370
1.69	0.69636
1.7	0.69650
1.71	0.69651
1.72	0.69618
1.73	0.69736
1.74	0.69669
1.75	0.69614
1.76	0.69639
1.77	0.69815
1.78	0.69809
1.79	0.70038
1.8	0.70182
1.81	0.70188
1.82	0.70121
1.83	0.70333
1.84	0.70004
1.85	0.69954
1.86	0.69793
1.87	0.69404
1.88	0.68400
1.89	0.66608
1.9	0.63872
1.91	0.61214
1.92	0.58862
1.93	0.56904
1.94	0.55807
1.95	0.56112
1.96	0.56959
1.97	0.57411
1.98	0.58312
1.99	0.59384
2	0.60445
2.01	0.61564
2.02	0.62485
2.03	0.63151
2.04	0.63856
2.05	0.64023
2.06	0.64479
2.07	0.64994
2.08	0.65423
2.09	0.65875
2.1	0.66199
2.11	0.66494
2.12	0.66856
2.13	0.67139
2.14	0.67266
2.15	0.67479
2.16	0.67485
2.17	0.67635
2.18	0.67937
2.19	0.68174
2.2	0.68384
2.21	0.68487
2.22	0.68902
2.23	0.69150
2.24	0.69096
2.25	0.69190
2.26	0.69403
2.27	0.69484
2.28	0.69467
2.29	0.69071
2.3	0.68881
2.31	0.68519
2.32	0.68180
2.33	0.67911
2.34	0.67422
2.35	0.66683
2.36	0.65994
2.37	0.65373
2.38	0.64284
2.39	0.63303
2.4	0.62044
2.41	0.60906
2.42	0.59996
2.43	0.59400
2.44	0.59048
2.45	0.58745
2.46	0.58459
2.47	0.58381
2.48	0.58268
2.49	0.57931
2.5	0.58212
2.5014	0.58219
2.5026	0.58225
2.5038	0.58228
2.505	0.58231
2.5063	0.58247
2.5075	0.58261
2.5087	0.58257
2.5099	0.58255
2.5111	0.58268
2.5123	0.58271
2.5135	0.58270
2.5148	0.58285
2.516	0.58288
2.5172	0.58297
2.5184	0.58301
2.5196	0.58303
2.5209	0.58307
2.5221	0.58309
2.5233	0.58300
2.5246	0.58292
2.5258	0.58298
2.527	0.58303
2.5283	0.58300
2.5295	0.58300
2.5307	0.58295
2.5319	0.58297
2.5332	0.58294
2.5344	0.58282
2.5357	0.58267
2.5369	0.58272
2.5381	0.58273
2.5394	0.58265
2.5406	0.58252
2.5419	0.58247
2.5431	0.58239
2.5444	0.58227
2.5456	0.58218
2.5469	0.58213
2.5481	0.58200
2.5494	0.58206
2.5506	0.58208
2.5519	0.58200
2.5531	0.58199
2.5544	0.58189
2.5557	0.58169
2.5569	0.58165
2.5582	0.58171
2.5594	0.58169
2.5607	0.58149
2.562	0.58143
2.5632	0.58136
2.5645	0.58121
2.5658	0.58125
2.5671	0.58128
2.5683	0.58107
2.5696	0.58095
2.5709	0.58087
2.5721	0.58071
2.5734	0.58042
2.5747	0.58032
2.576	0.58035
2.5773	0.58025
2.5785	0.58012
2.5798	0.57995
2.5811	0.57979
2.5824	0.57955
2.5837	0.57939
2.585	0.57942
2.5863	0.57926
2.5875	0.57908
2.5888	0.57900
2.5901	0.57888
2.5914	0.57868
2.5927	0.57836
2.594	0.57818
2.5953	0.57800
2.5966	0.57779
2.5979	0.57758
2.5992	0.57738
2.6005	0.57701
2.6018	0.57661
2.6031	0.57636
2.6044	0.57615
2.6058	0.57575
2.6071	0.57538
2.6084	0.57512
2.6097	0.57470
2.611	0.57421
2.6123	0.57383
2.6136	0.57360
2.6149	0.57323
2.6163	0.57284
2.6176	0.57244
2.6189	0.57192
2.6202	0.57151
2.6216	0.57115
2.6229	0.57059
2.6242	0.57012
2.6255	0.56953
2.6269	0.56899
2.6282	0.56855
2.6295	0.56805
2.6309	0.56757
2.6322	0.56705
2.6335	0.56637
2.6349	0.56584
2.6362	0.56533
2.6376	0.56468
2.6389	0.56403
2.6402	0.56352
2.6416	0.56291
2.6429	0.56216
2.6443	0.56139
2.6456	0.56064
2.647	0.55984
2.6483	0.55908
2.6497	0.55832
2.651	0.55758
2.6524	0.55674
2.6538	0.55593
2.6551	0.55505
2.6565	0.55409
2.6578	0.55301
2.6592	0.55193
2.6606	0.55083
2.6619	0.54972
2.6633	0.54870
2.6647	0.54770
2.666	0.54660
2.6674	0.54552
2.6688	0.54419
2.6701	0.54258
2.6715	0.54107
2.6729	0.53947
2.6743	0.53796
2.6757	0.53648
2.677	0.53477
2.6784	0.53281
2.6798	0.53079
2.6812	0.52840
2.6826	0.52587
2.684	0.52332
2.6854	0.52079
2.6868	0.51816
2.6881	0.51523
2.6895	0.51214
2.6909	0.50883
2.6923	0.50555
2.6937	0.50222
2.6951	0.49874
2.6965	0.49506
2.6979	0.49111
2.6993	0.48699
2.7008	0.48264
2.7021	0.47803
2.7036	0.47298
2.705	0.46753
2.7064	0.46181
2.7078	0.45574
2.7092	0.44932
2.7106	0.44264
2.7121	0.43596
2.7135	0.42918
2.7149	0.42252
2.7163	0.41621
2.7177	0.41029
2.7192	0.40466
2.7206	0.39915
2.722	0.39382
2.7234	0.38866
2.7249	0.38366
2.7263	0.37858
2.7277	0.37344
2.7292	0.36855
2.7306	0.36361
2.7321	0.35860
2.7335	0.35363
2.7349	0.34872
2.7364	0.34364
2.7378	0.33860
2.7393	0.33359
2.7407	0.32862
2.7422	0.32373
2.7436	0.31886
2.7451	0.31415
2.7465	0.30940
2.748	0.30461
2.7494	0.29999
2.7509	0.29554
2.7524	0.29127
2.7538	0.28701
2.7553	0.28303
2.7567	0.27920
2.7582	0.27544
2.7597	0.27192
2.7611	0.26862
2.7626	0.26550
2.7641	0.26265
2.7656	0.25978
2.767	0.25699
2.7685	0.25439
2.77	0.25185
2.7715	0.24940
2.773	0.24710
2.7744	0.24489
2.7759	0.24276
2.7774	0.24060
2.7789	0.23845
2.7804	0.23642
2.7819	0.23442
2.7834	0.23246
2.7849	0.23061
2.7864	0.22879
2.7879	0.22688
2.7894	0.22499
2.7909	0.22312
2.7924	0.22132
2.7939	0.21960
2.7954	0.21783
2.7969	0.21616
2.7984	0.21453
2.7999	0.21298
2.8014	0.21156
2.8029	0.21007
2.8044	0.20856
2.806	0.20718
2.8075	0.20590
2.809	0.20458
2.8105	0.20325
2.8121	0.20205
2.8136	0.20088
2.8151	0.19966
2.8166	0.19854
2.8182	0.19742
2.8197	0.19609
2.8212	0.19489
2.8228	0.19362
2.8243	0.19237
2.8259	0.19128
2.8274	0.19033
2.8289	0.18961
2.8305	0.18924
2.832	0.18915
2.8336	0.18912
2.8351	0.18927
2.8367	0.18957
2.8382	0.18975
2.8398	0.18998
2.8413	0.19008
2.8429	0.19027
2.8444	0.19053
2.846	0.19064
2.8476	0.19063
2.8491	0.19069
2.8507	0.19065
2.8523	0.19050
2.8538	0.19035
2.8554	0.19018
2.857	0.18991
2.8586	0.18968
2.8601	0.18937
2.8617	0.18898
2.8633	0.18859
2.8649	0.18827
2.8665	0.18793
2.8681	0.18747
2.8696	0.18703
2.8712	0.18661
2.8728	0.18621
2.8744	0.18582
2.876	0.18544
2.8776	0.18509
2.8792	0.18478
2.8808	0.18450
2.8824	0.18422
2.884	0.18400
2.8856	0.18391
2.8872	0.18374
2.8888	0.18348
2.8904	0.18329
2.892	0.18310
2.8937	0.18293
2.8953	0.18282
2.8969	0.18271
2.8985	0.18258
2.9001	0.18243
2.9018	0.18219
2.9034	0.18198
2.905	0.18172
2.9066	0.18149
2.9083	0.18117
2.9099	0.18083
2.9115	0.18053
2.9132	0.18018
2.9148	0.17984
2.9164	0.17950
2.9181	0.17910
2.9197	0.17864
2.9214	0.17815
2.923	0.17774
2.9247	0.17731
2.9263	0.17683
2.928	0.17628
2.9296	0.17576
2.9313	0.17529
2.9329	0.17477
2.9346	0.17425
2.9363	0.17382
2.9379	0.17340
2.9396	0.17298
2.9413	0.17265
2.9429	0.17240
2.9446	0.17218
2.9463	0.17191
2.9479	0.17167
2.9496	0.17165
2.9513	0.17177
2.953	0.17192
2.9547	0.17200
2.9563	0.17217
2.958	0.17231
2.9597	0.17246
2.9614	0.17271
2.9631	0.17299
2.9648	0.17316
2.9665	0.17339
2.9682	0.17373
2.9699	0.17402
2.9716	0.17440
2.9733	0.17477
2.975	0.17501
2.9767	0.17541
2.9784	0.17580
2.9801	0.17622
2.9818	0.17676
2.9836	0.17725
2.9853	0.17772
2.987	0.17818
2.9887	0.17870
2.9904	0.17934
2.9922	0.17984
2.9939	0.18031
2.9956	0.18080
2.9974	0.18119
2.9991	0.18151
3.0008	0.18190
3.0026	0.18225
3.0043	0.18255
3.0061	0.18286
3.0078	0.18317
3.0095	0.18334
3.0113	0.18340
3.013	0.18344
3.0148	0.18342
3.0165	0.18337
3.0183	0.18331
3.0201	0.18327
3.0218	0.18309
3.0236	0.18285
3.0253	0.18261
3.0271	0.18238
3.0289	0.18203
3.0306	0.18168
3.0324	0.18135
3.0342	0.18099
3.036	0.18064
3.0377	0.18036
3.0395	0.18002
3.0413	0.17971
3.0431	0.17944
3.0449	0.17910
3.0467	0.17881
3.0485	0.17860
3.0503	0.17846
3.0521	0.17844
3.0538	0.17842
3.0556	0.17844
3.0574	0.17852
3.0593	0.17874
3.0611	0.17899
3.0629	0.17924
3.0647	0.17955
3.0665	0.17998
3.0683	0.18042
3.0701	0.18088
3.0719	0.18136
3.0738	0.18181
3.0756	0.18237
3.0774	0.18292
3.0792	0.18351
3.0811	0.18416
3.0829	0.18478
3.0847	0.18536
3.0866	0.18603
3.0884	0.18661
3.0902	0.18723
3.0921	0.18799
3.0939	0.18865
3.0958	0.18924
3.0976	0.18989
3.0995	0.19051
3.1013	0.19116
3.1032	0.19178
3.1051	0.19238
3.1069	0.19301
3.1088	0.19366
3.1106	0.19421
3.1125	0.19479
3.1144	0.19550
3.1162	0.19614
3.1181	0.19670
3.12	0.19737
3.1219	0.19807
3.1238	0.19881
3.1256	0.19958
3.1275	0.20046
3.1294	0.20139
3.1313	0.20236
3.1332	0.20328
3.1351	0.20433
3.137	0.20544
3.1389	0.20649
3.1408	0.20758
3.1427	0.20867
3.1446	0.20984
3.1465	0.21105
3.1484	0.21223
3.1503	0.21341
3.1522	0.21459
3.1541	0.21574
3.1561	0.21693
3.158	0.21810
3.1599	0.21926
3.1619	0.22044
3.1638	0.22163
3.1657	0.22274
3.1676	0.22385
3.1696	0.22496
3.1715	0.22608
3.1735	0.22721
3.1754	0.22842
3.1773	0.22959
3.1793	0.23063
3.1812	0.23171
3.1832	0.23288
3.1851	0.23401
3.1871	0.23514
3.1891	0.23618
3.191	0.23721
3.193	0.23836
3.195	0.23945
3.1969	0.24053
3.1989	0.24162
3.2009	0.24272
3.2029	0.24382
3.2048	0.24491
3.2068	0.24601
3.2088	0.24712
3.2108	0.24817
3.2128	0.24925
3.2148	0.25037
3.2168	0.25149
3.2188	0.25257
3.2208	0.25367
3.2228	0.25480
3.2248	0.25588
3.2268	0.25693
3.2288	0.25800
3.2308	0.25917
3.2328	0.26038
3.2348	0.26144
3.2368	0.26250
3.2389	0.26366
3.2409	0.26479
3.2429	0.26590
3.2449	0.26704
3.247	0.26818
3.249	0.26928
3.2511	0.27042
3.2531	0.27164
3.2551	0.27274
3.2572	0.27382
3.2592	0.27486
3.2613	0.27593
3.2633	0.27708
3.2654	0.27823
3.2674	0.27937
3.2695	0.28058
3.2716	0.28169
3.2736	0.28276
3.2757	0.28385
3.2778	0.28501
3.2798	0.28617
3.2819	0.28730
3.284	0.28848
3.2861	0.28959
3.2882	0.29077
3.2902	0.29200
3.2923	0.29325
3.2944	0.29443
3.2965	0.29563
3.2986	0.29685
3.3007	0.29810
3.3028	0.29935
3.3049	0.30062
3.307	0.30195
3.3091	0.30325
3.3113	0.30449
3.3134	0.30581
3.3155	0.30720
3.3176	0.30857
3.3197	0.30991
3.3219	0.31120
3.324	0.31259
3.3261	0.31398
3.3283	0.31532
3.3304	0.31671
3.3325	0.31810
3.3347	0.31944
3.3368	0.32081
3.339	0.32216
3.3411	0.32349
3.3433	0.32482
3.3454	0.32607
3.3476	0.32731
3.3498	0.32858
3.3519	0.32988
3.3541	0.33119
3.3563	0.33253
3.3584	0.33383
3.3606	0.33505
3.3628	0.33623
3.365	0.33734
3.3672	0.33843
3.3694	0.33950
3.3715	0.34066
3.3737	0.34186
3.3759	0.34321
3.3781	0.34477
3.3803	0.34645
3.3825	0.34822
3.3847	0.34989
3.3869	0.35147
3.3892	0.35304
3.3914	0.35458
3.3936	0.35610
3.3958	0.35757
3.3981	0.35891
3.4003	0.36024
3.4025	0.36162
3.4047	0.36295
3.407	0.36430
3.4092	0.36563
3.4115	0.36694
3.4137	0.36831
3.416	0.36977
3.4182	0.37126
3.4205	0.37278
3.4227	0.37431
3.425	0.37583
3.4273	0.37730
3.4295	0.37878
3.4318	0.38017
3.4341	0.38153
3.4363	0.38293
3.4386	0.38435
3.4409	0.38584
3.4432	0.38722
3.4455	0.38863
3.4478	0.39012
3.4501	0.39156
3.4523	0.39292
3.4546	0.39429
3.4569	0.39567
3.4593	0.39706
3.4616	0.39840
3.4639	0.39966
3.4662	0.40090
3.4685	0.40209
3.4708	0.40318
3.4732	0.40435
3.4755	0.40561
3.4778	0.40680
3.4801	0.40798
3.4825	0.40925
3.4848	0.41054
3.4872	0.41181
3.4895	0.41309
3.4919	0.41437
3.4942	0.41568
3.4966	0.41694
3.4989	0.41818
3.5013	0.41948
3.5037	0.42091
3.506	0.42246
3.5084	0.42397
3.5108	0.42541
3.5132	0.42690
3.5155	0.42837
3.5179	0.42982
3.5203	0.43126
3.5227	0.43270
3.5251	0.43414
3.5275	0.43556
3.5299	0.43697
3.5323	0.43838
3.5347	0.43970
3.5371	0.44102
3.5395	0.44234
3.5419	0.44363
3.5444	0.44495
3.5468	0.44621
3.5492	0.44745
3.5517	0.44869
3.5541	0.44992
3.5565	0.45115
3.559	0.45233
3.5614	0.45356
3.5639	0.45479
3.5663	0.45595
3.5688	0.45709
3.5712	0.45828
3.5737	0.45943
3.5761	0.46054
3.5786	0.46167
3.5811	0.46283
3.5836	0.46395
3.586	0.46508
3.5885	0.46617
3.591	0.46720
3.5935	0.46827
3.596	0.46937
3.5985	0.47042
3.601	0.47143
3.6035	0.47242
3.606	0.47341
3.6085	0.47444
3.611	0.47542
3.6135	0.47637
3.6161	0.47733
3.6186	0.47830
3.6211	0.47930
3.6236	0.48019
3.6262	0.48111
3.6287	0.48206
3.6313	0.48292
3.6338	0.48380
3.6363	0.48474
3.6389	0.48569
3.6414	0.48654
3.644	0.48737
3.6466	0.48827
3.6491	0.48913
3.6517	0.48997
3.6543	0.49083
3.6569	0.49168
3.6594	0.49252
3.662	0.49338
3.6646	0.49422
3.6672	0.49501
3.6698	0.49583
3.6724	0.49661
3.675	0.49741
3.6776	0.49822
3.6802	0.49904
3.6828	0.49981
3.6854	0.50056
3.6881	0.50128
3.6907	0.50205
3.6933	0.50286
3.6959	0.50362
3.6986	0.50435
3.7012	0.50504
3.7039	0.50576
3.7065	0.50646
3.7092	0.50715
3.7118	0.50787
3.7145	0.50858
3.7171	0.50929
3.7198	0.50997
3.7225	0.51060
3.7252	0.51128
3.7278	0.51192
3.7305	0.51250
3.7332	0.51312
3.7359	0.51375
3.7386	0.51434
3.7413	0.51492
3.744	0.51552
3.7467	0.51616
3.7494	0.51677
3.7521	0.51732
3.7548	0.51793
3.7576	0.51858
3.7603	0.51916
3.763	0.51978
3.7657	0.52038
3.7685	0.52095
3.7712	0.52149
3.774	0.52199
3.7767	0.52252
3.7795	0.52305
3.7822	0.52352
3.785	0.52393
3.7877	0.52432
3.7905	0.52474
3.7933	0.52519
3.7961	0.52558
3.7988	0.52595
3.8016	0.52626
3.8044	0.52652
3.8072	0.52683
3.81	0.52717
3.8128	0.52745
3.8156	0.52770
3.8184	0.52797
3.8212	0.52821
3.8241	0.52843
3.8269	0.52866
3.8297	0.52887
3.8325	0.52901
3.8354	0.52915
3.8382	0.52929
3.8411	0.52943
3.8439	0.52960
3.8468	0.52983
3.8496	0.53003
3.8525	0.53020
3.8553	0.53036
3.8582	0.53053
3.8611	0.53075
3.8639	0.53092
3.8668	0.53105
3.8697	0.53118
3.8726	0.53125
3.8755	0.53135
3.8784	0.53152
3.8813	0.53163
3.8842	0.53165
3.8871	0.53175
3.89	0.53179
3.8929	0.53184
3.8959	0.53192
3.8988	0.53192
3.9017	0.53188
3.9047	0.53188
3.9076	0.53187
3.9106	0.53185
3.9135	0.53178
3.9165	0.53170
3.9194	0.53160
3.9224	0.53147
3.9254	0.53135
3.9284	0.53128
3.9313	0.53119
3.9343	0.53107
3.9373	0.53091
3.9403	0.53062
3.9433	0.53017
3.9463	0.52961
3.9493	0.52904
3.9523	0.52849
3.9553	0.52790
3.9583	0.52735
3.9614	0.52684
3.9644	0.52633
3.9674	0.52589
3.9705	0.52553
3.9735	0.52516
3.9766	0.52485
3.9796	0.52453
3.9826	0.52423
3.9857	0.52403
3.9888	0.52395
3.9919	0.52392
3.9949	0.52392
3.998	0.52396
4.0011	0.52405
4.0042	0.52410
4.0073	0.52411
4.0104	0.52413
4.0135	0.52415
4.0166	0.52403
4.0197	0.52376
4.0228	0.52346
4.0259	0.52318
4.0291	0.52281
4.0322	0.52242
4.0353	0.52202
4.0385	0.52157
4.0416	0.52111
4.0448	0.52066
4.0479	0.52015
4.0511	0.51961
4.0543	0.51899
4.0574	0.51833
4.0606	0.51768
4.0638	0.51699
4.067	0.51626
4.0702	0.51550
4.0734	0.51469
4.0766	0.51391
4.0798	0.51313
4.083	0.51236
4.0862	0.51151
4.0894	0.51061
4.0927	0.50972
4.0959	0.50884
4.0991	0.50790
4.1024	0.50695
4.1056	0.50597
4.1089	0.50503
4.1121	0.50407
4.1154	0.50308
4.1187	0.50212
4.122	0.50120
4.1252	0.50024
4.1285	0.49922
4.1318	0.49817
4.1351	0.49714
4.1384	0.49610
4.1417	0.49500
4.145	0.49393
4.1483	0.49288
4.1516	0.49174
4.155	0.49055
4.1583	0.48941
4.1616	0.48829
4.165	0.48703
4.1683	0.48573
4.1717	0.48445
4.175	0.48319
4.1784	0.48194
4.1818	0.48068
4.1852	0.47933
4.1885	0.47801
4.1919	0.47672
4.1953	0.47539
4.1987	0.47403
4.2021	0.47263
4.2055	0.47117
4.2089	0.46973
4.2124	0.46823
4.2158	0.46671
4.2192	0.46520
4.2226	0.46359
4.2261	0.46186
4.2295	0.46014
4.233	0.45847
4.2365	0.45671
4.2399	0.45484
4.2434	0.45293
4.2469	0.45094
4.2503	0.44891
4.2538	0.44679
4.2573	0.44468
4.2608	0.44254
4.2643	0.44029
4.2678	0.43797
4.2713	0.43561
4.2749	0.43318
4.2784	0.43069
4.2819	0.42816
4.2855	0.42558
4.289	0.42291
4.2926	0.42023
4.2961	0.41759
4.2997	0.41491
4.3033	0.41216
4.3068	0.40944
4.3104	0.40675
4.314	0.40408
4.3176	0.40147
4.3212	0.39885
4.3248	0.39626
4.3284	0.39382
4.332	0.39143
4.3356	0.38905
4.3393	0.38675
4.3429	0.38463
4.3465	0.38259
4.3502	0.38060
4.3538	0.37874
4.3575	0.37702
4.3611	0.37539
4.3648	0.37385
4.3685	0.37239
4.3722	0.37106
4.3759	0.36979
4.3796	0.36860
4.3833	0.36746
4.387	0.36644
4.3907	0.36551
4.3944	0.36468
4.3981	0.36390
4.4019	0.36314
4.4056	0.36241
4.4094	0.36174
4.4131	0.36114
4.4169	0.36053
4.4206	0.35994
4.4244	0.35944
4.4282	0.35893
4.432	0.35843
4.4358	0.35797
4.4396	0.35751
4.4434	0.35706
4.4472	0.35659
4.451	0.35609
4.4548	0.35560
4.4586	0.35507
4.4625	0.35455
4.4663	0.35403
4.4702	0.35347
4.474	0.35286
4.4779	0.35218
4.4818	0.35146
4.4856	0.35074
4.4895	0.34992
4.4934	0.34906
4.4973	0.34815
4.5012	0.34717
4.5051	0.34613
4.509	0.34508
4.513	0.34396
4.5169	0.34283
4.5208	0.34163
4.5248	0.34034
4.5287	0.33902
4.5327	0.33770
4.5367	0.33631
4.5406	0.33487
4.5446	0.33340
4.5486	0.33188
4.5526	0.33030
4.5566	0.32872
4.5606	0.32712
4.5646	0.32545
4.5686	0.32378
4.5727	0.32216
4.5767	0.32049
4.5808	0.31878
4.5848	0.31711
4.5889	0.31544
4.5929	0.31374
4.597	0.31210
4.6011	0.31049
4.6052	0.30891
4.6093	0.30738
4.6134	0.30585
4.6175	0.30432
4.6216	0.30283
4.6257	0.30136
4.6298	0.29985
4.634	0.29842
4.6381	0.29701
4.6423	0.29554
4.6464	0.29414
4.6506	0.29278
4.6548	0.29142
4.659	0.29004
4.6631	0.28861
4.6673	0.28725
4.6715	0.28593
4.6758	0.28458
4.68	0.28327
4.6842	0.28193
4.6884	0.28060
4.6927	0.27929
4.6969	0.27794
4.7012	0.27660
4.7055	0.27530
4.7097	0.27396
4.714	0.27266
4.7183	0.27139
4.7226	0.27016
4.7269	0.26894
4.7312	0.26765
4.7355	0.26640
4.7399	0.26518
4.7442	0.26397
4.7485	0.26275
4.7529	0.26155
4.7573	0.26040
4.7616	0.25929
4.766	0.25815
4.7704	0.25697
4.7748	0.25585
4.7792	0.25480
4.7836	0.25372
4.788	0.25261
4.7924	0.25156
4.7969	0.25050
4.8013	0.24939
4.8058	0.24836
4.8102	0.24735
4.8147	0.24632
4.8191	0.24531
4.8236	0.24433
4.8281	0.24340
4.8326	0.24246
4.8371	0.24150
4.8416	0.24056
4.8462	0.23969
4.8507	0.23885
4.8553	0.23802
4.8598	0.23716
4.8644	0.23631
4.8689	0.23544
4.8735	0.23456
4.8781	0.23367
4.8827	0.23279
4.8873	0.23188
4.8919	0.23096
4.8965	0.23000
4.9011	0.22909
4.9058	0.22818
4.9104	0.22725
4.9151	0.22627
4.9197	0.22524
4.9244	0.22421
4.9291	0.22316
4.9338	0.22207
4.9385	0.22098
4.9432	0.21986
4.9479	0.21871
4.9526	0.21755
4.9574	0.21640
4.9621	0.21522
4.9669	0.21400
4.9716	0.21276
4.9764	0.21152
4.9812	0.21025
4.986	0.20901
4.9908	0.20775
4.9956	0.20645
5.0004	0.20517
5.0052	0.20389
5.01	0.20259
5.0149	0.20128
5.0198	0.19996
5.0246	0.19864
5.0295	0.19735
5.0344	0.19604
5.0393	0.19474
5.0442	0.19347
5.0491	0.19217
5.054	0.19091
5.0589	0.18960
5.0639	0.18828
5.0688	0.18698
5.0738	0.18562
5.0788	0.18423
5.0837	0.18283
5.0887	0.18142
5.0937	0.18000
5.0987	0.17854
5.1037	0.17711
5.1088	0.17570
5.1138	0.17424
5.1189	0.17273
5.1239	0.17121
5.129	0.16968
5.1341	0.16813
5.1391	0.16665
5.1443	0.16523
5.1494	0.16375
5.1545	0.16227
5.1596	0.16082
5.1647	0.15944
5.1699	0.15807
5.175	0.15668
5.1802	0.15536
5.1854	0.15406
5.1906	0.15269
5.1958	0.15139
5.201	0.15015
5.2062	0.14893
5.2115	0.14767
5.2167	0.14641
5.222	0.14527
5.2272	0.14417
5.2325	0.14303
5.2378	0.14190
5.2431	0.14082
5.2484	0.13970
5.2537	0.13858
5.259	0.13752
5.2644	0.13654
5.2697	0.13556
5.2751	0.13456
5.2805	0.13357
5.2858	0.13262
5.2912	0.13170
5.2966	0.13080
5.302	0.12989
5.3075	0.12899
5.3129	0.12808
5.3184	0.12717
5.3238	0.12627
5.3293	0.12543
5.3348	0.12457
5.3403	0.12364
5.3458	0.12274
5.3513	0.12186
5.3568	0.12094
5.3624	0.11999
5.3679	0.11904
5.3735	0.11810
5.379	0.11719
5.3846	0.11625
5.3902	0.11532
5.3958	0.11439
5.4015	0.11353
5.4071	0.11274
5.4127	0.11194
5.4184	0.11114
5.4241	0.11036
5.4297	0.10960
5.4354	0.10891
5.4411	0.10823
5.4468	0.10758
5.4526	0.10697
5.4583	0.10639
5.4641	0.10586
5.4698	0.10541
5.4756	0.10501
5.4814	0.10462
5.4872	0.10426
5.493	0.10396
5.4988	0.10363
5.5047	0.10340
5.5105	0.10319
5.5164	0.10293
5.5223	0.10266
5.5281	0.10240
5.534	0.10208
5.54	0.10171
5.5459	0.10135
5.5518	0.10093
5.5578	0.10046
5.5637	0.10004
5.5697	0.09966
5.5757	0.09926
5.5817	0.09888
5.5877	0.09854
5.5937	0.09817
5.5998	0.09776
5.6058	0.09730
5.6119	0.09682
5.618	0.09635
5.6241	0.09584
5.6302	0.09533
5.6363	0.09488
5.6424	0.09437
5.6486	0.09386
5.6547	0.09334
5.6609	0.09280
5.6671	0.09225
5.6733	0.09175
5.6795	0.09128
5.6857	0.09077
5.692	0.09023
5.6982	0.08970
5.7045	0.08911
5.7108	0.08853
5.7171	0.08796
5.7234	0.08740
5.7297	0.08681
5.736	0.08622
5.7424	0.08558
5.7488	0.08492
5.7551	0.08430
5.7615	0.08365
5.768	0.08296
5.7744	0.08230
5.7808	0.08162
5.7873	0.08092
5.7937	0.08023
5.8002	0.07952
5.8067	0.07878
5.8132	0.07801
5.8198	0.07716
5.8263	0.07633
5.8328	0.07557
5.8394	0.07478
5.846	0.07391
5.8526	0.07296
5.8592	0.07200
5.8658	0.07104
5.8725	0.07002
5.8791	0.06894
5.8858	0.06782
5.8925	0.06668
5.8992	0.06542
5.9059	0.06406
5.9126	0.06268
5.9194	0.06131
5.9262	0.05996
5.9329	0.05872
5.9397	0.05768
5.9465	0.05691
5.9534	0.05638
5.9602	0.05607
5.9671	0.05591
5.974	0.05579
5.9808	0.05574
5.9878	0.05570
5.9947	0.05556
6.0016	0.05532
6.0086	0.05504
6.0155	0.05485
6.0225	0.05481
6.0295	0.05487
6.0365	0.05492
6.0436	0.05492
6.0506	0.05488
6.0577	0.05476
6.0648	0.05461
6.0719	0.05453
6.079	0.05449
6.0861	0.05459
6.0933	0.05479
6.1005	0.05499
6.1076	0.05515
6.1148	0.05531
6.1221	0.05540
6.1293	0.05546
6.1365	0.05547
6.1438	0.05542
6.1511	0.05540
6.1584	0.05542
6.1657	0.05532
6.1731	0.05519
6.1804	0.05504
6.1878	0.05482
6.1952	0.05467
6.2026	0.05460
6.21	0.05445
6.2175	0.05433
6.225	0.05425
6.2324	0.05418
6.2399	0.05418
6.2475	0.05425
6.255	0.05432
6.2625	0.05441
6.2701	0.05449
6.2777	0.05459
6.2853	0.05473
6.2929	0.05488
6.3006	0.05508
6.3083	0.05528
6.3159	0.05546
6.3236	0.05564
6.3314	0.05578
6.3391	0.05594
6.3469	0.05609
6.3546	0.05623
6.3624	0.05632
6.3703	0.05640
6.3781	0.05645
6.3859	0.05649
6.3938	0.05648
6.4017	0.05651
6.4096	0.05655
6.4176	0.05653
6.4255	0.05648
6.4335	0.05643
6.4415	0.05639
6.4495	0.05629
6.4575	0.05615
6.4656	0.05604
6.4736	0.05593
6.4817	0.05581
6.4898	0.05569
6.498	0.05555
6.5061	0.05539
6.5143	0.05524
6.5225	0.05506
6.5307	0.05490
6.539	0.05476
6.5472	0.05454
6.5555	0.05429
6.5638	0.05409
6.5721	0.05385
6.5804	0.05360
6.5888	0.05338
6.5972	0.05317
6.6056	0.05289
6.614	0.05265
6.6225	0.05242
6.6309	0.05218
6.6394	0.05193
6.6479	0.05172
6.6565	0.05152
6.665	0.05134
6.6736	0.05117
6.6822	0.05100
6.6908	0.05082
6.6995	0.05061
6.7081	0.05041
6.7168	0.05021
6.7255	0.05001
6.7343	0.04981
6.743	0.04959
6.7518	0.04940
6.7606	0.04923
6.7694	0.04903
6.7783	0.04883
6.7871	0.04861
6.796	0.04839
6.805	0.04817
6.8139	0.04803
6.8229	0.04786
6.8319	0.04767
6.8409	0.04749
6.8499	0.04726
6.859	0.04708
6.868	0.04690
6.8772	0.04669
6.8863	0.04652
6.8955	0.04632
6.9046	0.04612
6.9138	0.04592
6.9231	0.04571
6.9323	0.04547
6.9416	0.04520
6.9509	0.04492
6.9602	0.04462
6.9696	0.04431
6.979	0.04402
6.9884	0.04375
6.9978	0.04341
7.0073	0.04308
7.0168	0.04275
7.0263	0.04242
7.0358	0.04211
7.0454	0.04177
7.0549	0.04142
7.0645	0.04112
7.0742	0.04076
7.0839	0.04036
7.0935	0.03996
7.1033	0.03954
7.113	0.03906
7.1228	0.03863
7.1326	0.03824
7.1424	0.03787
7.1522	0.03746
7.1621	0.03708
7.172	0.03670
7.182	0.03623
7.1919	0.03579
7.2019	0.03538
7.2119	0.03496
7.222	0.03454
7.232	0.03412
7.2421	0.03370
7.2523	0.03325
7.2624	0.03280
7.2726	0.03233
7.2828	0.03188
7.2931	0.03144
7.3033	0.03102
7.3136	0.03060
7.324	0.03012
7.3343	0.02966
7.3447	0.02923
7.3551	0.02871
7.3656	0.02819
7.3761	0.02773
7.3866	0.02728
7.3971	0.02682
7.4077	0.02633
7.4183	0.02587
7.4289	0.02536
7.4396	0.02488
7.4502	0.02441
7.461	0.02392
7.4717	0.02345
7.4825	0.02298
7.4933	0.02249
7.5041	0.02203
7.515	0.02155
7.5259	0.02110
7.5369	0.02063
7.5479	0.02006
7.5589	0.01961
7.5699	0.01920
7.581	0.01864
7.592	0.01812
7.6032	0.01769
7.6144	0.01724
7.6255	0.01679
7.6368	0.01634
7.648	0.01589
7.6593	0.01542
7.6707	0.01493
7.682	0.01447
7.6934	0.01402
7.7049	0.01353
7.7163	0.01304
7.7278	0.01259
7.7394	0.01211
7.7509	0.01163
7.7625	0.01120
7.7742	0.01080
7.7858	0.01042
7.7975	0.00999
7.8093	0.00955
7.8211	0.00915
7.8329	0.00881
7.8447	0.00850
7.8566	0.00816
7.8685	0.00780
7.8805	0.00747
7.8925	0.00717
7.9045	0.00695
7.9166	0.00671
7.9287	0.00642
7.9408	0.00622
7.953	0.00615
7.9652	0.00606
7.9775	0.00600
7.9898	0.00605
8.0021	0.00617
8.0145	0.00634
8.0269	0.00663
8.0393	0.00713
8.0518	0.00782
8.0643	0.00866
8.0769	0.00973
8.0895	0.01098
8.1021	0.01249
8.1148	0.01431
8.1275	0.01636
8.1403	0.01880
8.1531	0.02161
8.1659	0.02471
8.1788	0.02808
8.1917	0.03179
8.2047	0.03580
8.2177	0.03993
8.2307	0.04417
8.2438	0.04845
8.257	0.05253
8.2701	0.05623
8.2833	0.05942
8.2966	0.06207
8.3099	0.06419
8.3232	0.06570
8.3366	0.06671
8.35	0.06734
8.3635	0.06767
8.377	0.06785
8.3905	0.06791
8.4042	0.06795
8.4178	0.06800
8.4315	0.06806
8.4452	0.06807
8.459	0.06801
8.4728	0.06787
8.4867	0.06775
8.5006	0.06772
8.5145	0.06769
8.5285	0.06767
8.5426	0.06773
8.5567	0.06787
8.5708	0.06798
8.585	0.06815
8.5993	0.06831
8.6135	0.06844
8.6279	0.06863
8.6423	0.06880
8.6567	0.06894
8.6712	0.06907
8.6857	0.06922
8.7003	0.06940
8.7149	0.06957
8.7295	0.06976
8.7443	0.06998
8.759	0.07020
8.7739	0.07054
8.7887	0.07083
8.8037	0.07101
8.8186	0.07120
8.8337	0.07140
8.8487	0.07149
8.8638	0.07146
8.879	0.07132
8.8943	0.07106
8.9095	0.07075
8.9249	0.07030
8.9403	0.06955
8.9557	0.06871
8.9712	0.06782
8.9868	0.06690
9.0023	0.06589
9.018	0.06476
9.0337	0.06358
9.0495	0.06243
9.0653	0.06124
9.0812	0.06002
9.0971	0.05888
9.1131	0.05779
9.1291	0.05677
9.1452	0.05582
9.1614	0.05497
9.1776	0.05427
9.1939	0.05376
9.2102	0.05346
9.2266	0.05322
9.243	0.05305
9.2595	0.05313
9.2761	0.05331
9.2927	0.05355
9.3094	0.05387
9.3262	0.05426
9.343	0.05469
9.3598	0.05505
9.3768	0.05544
9.3938	0.05589
9.4108	0.05636
9.4279	0.05685
9.4451	0.05737
9.4623	0.05796
9.4796	0.05863
9.497	0.05938
9.5144	0.06017
9.5319	0.06095
9.5494	0.06176
9.567	0.06265
9.5847	0.06365
9.6025	0.06481
9.6203	0.06591
9.6382	0.06695
9.6561	0.06798
9.6742	0.06893
9.6922	0.06979
9.7104	0.07060
9.7286	0.07136
9.7469	0.07195
9.7652	0.07243
9.7837	0.07287
9.8022	0.07323
9.8207	0.07357
9.8394	0.07387
9.8581	0.07407
9.8768	0.07425
9.8957	0.07434
9.9146	0.07448
9.9336	0.07460
9.9527	0.07474
9.9718	0.07483
9.991	0.07482
10.0103	0.07478
10.0297	0.07463
10.0491	0.07452
10.0686	0.07442
10.0882	0.07425
10.1079	0.07402
10.1276	0.07375
10.1475	0.07357
10.1673	0.07343
10.1873	0.07327
10.2074	0.07320
10.2275	0.07333
10.2477	0.07359
10.268	0.07408
10.2884	0.07474
10.3088	0.07557
10.3294	0.07650
10.35	0.07742
10.3707	0.07838
10.3915	0.07935
10.4123	0.08020
10.4333	0.08099
10.4543	0.08165
10.4754	0.08221
10.4967	0.08261
10.5179	0.08299
10.5393	0.08338
10.5608	0.08376
10.5823	0.08403
10.604	0.08437
10.6257	0.08467
10.6475	0.08486
10.6694	0.08507
10.6914	0.08533
10.7135	0.08542
10.7357	0.08552
10.758	0.08571
10.7803	0.08581
10.8028	0.08570
10.8254	0.08553
10.848	0.08528
10.8708	0.08490
10.8936	0.08443
10.9165	0.08377
10.9395	0.08299
10.9627	0.08222
10.9859	0.08151
11.0092	0.08089
11.0327	0.08028
11.0562	0.07964
11.0798	0.07905
11.1035	0.07862
11.1274	0.07820
11.1513	0.07776
11.1753	0.07728
11.1995	0.07693
11.2237	0.07663
11.248	0.07624
11.2725	0.07588
11.2971	0.07559
11.3217	0.07519
11.3465	0.07475
11.3714	0.07437
11.3964	0.07409
11.4215	0.07364
11.4467	0.07317
11.472	0.07276
11.4975	0.07232
11.523	0.07189
11.5487	0.07138
11.5744	0.07075
11.6003	0.07015
11.6263	0.06965
11.6525	0.06925
11.6787	0.06897
11.7051	0.06864
11.7316	0.06825
11.7582	0.06800
11.7849	0.06784
11.8117	0.06756
11.8387	0.06749
11.8658	0.06750
11.893	0.06725
11.9203	0.06703
11.9478	0.06690
11.9754	0.06678
12.0031	0.06656
12.031	0.06627
12.059	0.06594
12.0871	0.06546
12.1153	0.06491
12.1437	0.06435
12.1722	0.06370
12.2008	0.06276
12.2296	0.06164
12.2585	0.06045
12.2876	0.05901
12.3168	0.05750
12.3461	0.05589
12.3755	0.05419
12.4052	0.05247
12.4349	0.05078
12.4648	0.04911
12.4948	0.04738
12.525	0.04582
12.5553	0.04439
12.5858	0.04285
12.6164	0.04143
12.6472	0.04015
12.6781	0.03892
12.7092	0.03797
12.7404	0.03724
12.7718	0.03654
12.8033	0.03605
12.835	0.03569
12.8669	0.03544
12.8989	0.03528
12.9311	0.03515
12.9634	0.03507
12.9959	0.03489
13.0285	0.03468
13.0613	0.03460
13.0943	0.03463
13.1275	0.03469
13.1608	0.03469
13.1943	0.03479
13.228	0.03495
13.2618	0.03507
13.2958	0.03516
13.33	0.03514
13.3643	0.03514
13.3988	0.03511
13.4336	0.03505
13.4685	0.03503
13.5035	0.03500
13.5388	0.03492
13.5742	0.03478
13.6099	0.03477
13.6457	0.03478
13.6817	0.03473
13.7179	0.03490
13.7543	0.03505
13.7908	0.03507
13.8276	0.03493
13.8646	0.03453
13.9018	0.03425
13.9392	0.03384
13.9767	0.03330
14.0145	0.03270
14.0525	0.03208
14.0907	0.03167
14.129	0.03136
14.1676	0.03087
14.2065	0.03040
14.2455	0.03005
14.2847	0.02968
14.3242	0.02937
14.3639	0.02895
14.4038	0.02850
14.4439	0.02809
14.4843	0.02784
14.5248	0.02785
14.5656	0.02791
14.6067	0.02789
14.6479	0.02789
14.6894	0.02785
14.7312	0.02788
14.7731	0.02780
14.8153	0.02774
14.8578	0.02782
14.9005	0.02792
14.9434	0.02807
14.9866	0.02824
15.03	0.02853
15.0737	0.02868
15.1177	0.02891
15.1619	0.02959
15.2063	0.03064
15.2511	0.03237
15.2961	0.03475
15.3413	0.03750
15.3868	0.04059
15.4326	0.04374
15.4787	0.04704
15.525	0.04981
15.5717	0.05185
15.6186	0.05356
15.6658	0.05469
15.7132	0.05525
15.761	0.05572
15.809	0.05611
15.8574	0.05628
15.906	0.05633
15.955	0.05636
16.0042	0.05641
16.0538	0.05599
16.1036	0.05539
16.1538	0.05489
16.2043	0.05472
16.2551	0.05504
16.3062	0.05585
16.3576	0.05711
16.4094	0.05859
16.4615	0.06008
16.5139	0.06140
16.5667	0.06279
16.6198	0.06410
16.6732	0.06499
16.727	0.06567
16.7811	0.06617
16.8356	0.06646
16.8905	0.06634
16.9457	0.06589
17.0012	0.06526
17.0572	0.06433
17.1134	0.06326
17.1701	0.06196
17.2272	0.06085
17.2846	0.05995
17.3424	0.05934
17.4006	0.05915
17.4592	0.05894
17.5182	0.05855
17.5775	0.05788
17.6373	0.05711
17.6975	0.05593
17.7581	0.05480
17.8192	0.05360
17.8806	0.05245
17.9425	0.05172
18.0048	0.05155
18.0675	0.05220
18.1307	0.05321
18.1943	0.05519
18.2584	0.05778
18.3229	0.06044
18.3879	0.06266
18.4533	0.06395
18.5192	0.06428
18.5856	0.06356
18.6524	0.06168
18.7198	0.05956
18.7876	0.05746
18.8559	0.05529
18.9247	0.05342
18.9941	0.05217
19.0639	0.05109
19.1342	0.04980
19.2051	0.04891
19.2765	0.04815
19.3484	0.04740
19.4209	0.04692
19.4939	0.04644
19.5675	0.04547
19.6416	0.04453
19.7163	0.04372
19.7916	0.04331
19.8674	0.04216
19.9438	0.04096
20.0208	0.03956
20.0984	0.03769
20.1766	0.03649
20.2554	0.03557
20.3348	0.03423
20.4149	0.03369
20.4956	0.03429
20.5769	0.03490
20.6589	0.03542
20.7416	0.03625
20.8248	0.03690
20.9088	0.03699
20.9935	0.03696
21.0788	0.03660
21.1648	0.03692
21.2516	0.03765
21.3391	0.03864
21.4272	0.03942
21.5161	0.03985
21.6058	0.03914
21.6962	0.03803
21.7873	0.03733
21.8793	0.03619
21.972	0.03513
22.0654	0.03442
22.1597	0.03431
22.2548	0.03388
22.3508	0.03420
22.4475	0.03612
22.5451	0.03838
22.6436	0.04050
22.7429	0.04299
22.8431	0.04663
22.9442	0.04986
23.0461	0.05245
23.149	0.05450
23.2528	0.05637
23.3576	0.05799
23.4633	0.05976
23.5699	0.06102
23.6775	0.06158
23.7861	0.06199
23.8958	0.06223
24.0064	0.06207
24.118	0.06219
24.2307	0.06243
24.3445	0.06198
24.4593	0.06169
24.5753	0.06173
24.6923	0.06185
24.8104	0.06205
24.9297	0.06228
25.0501	0.06267
25.1717	0.06292
25.2945	0.06374
25.4185	0.06435
25.5437	0.06509
25.6702	0.06560
25.7979	0.06565
25.9269	0.06604
26.0572	0.06656
26.1888	0.06694
26.3217	0.06649
26.456	0.06612
26.5917	0.06664
26.7288	0.06688
26.8672	0.06662
27.0072	0.06685
27.1486	0.06683
27.2915	0.06646
27.4359	0.06592
27.5818	0.06496
27.7293	0.06461
27.8784	0.06423
28.0291	0.06386
28.1814	0.06363
28.3354	0.06295
28.4911	0.06238
28.6485	0.06200
28.8077	0.06237
28.9686	0.06284
29.1313	0.06199
29.2959	0.06099
29.4624	0.06036
29.6307	0.05969
29.801	0.05906
29.9733	0.05827
30.1475	0.05767
30.3238	0.05712
30.5022	0.05602
30.6827	0.05487
30.8653	0.05457
31.0502	0.05466
31.2372	0.05393
31.4265	0.05331
31.6182	0.05373
31.8121	0.05518
32.0085	0.05564
32.2073	0.05594
32.4086	0.05795
32.6124	0.05910
32.8188	0.05909
33.0279	0.05928
33.2396	0.05874
33.4541	0.05755
33.6713	0.05680
33.8914	0.05648
34.1143	0.05573
34.3403	0.05433
34.5692	0.05315
34.8012	0.05217
35.0363	0.05132
35.2747	0.05065
35.5163	0.05103
35.7612	0.05028
36.0096	0.04928
36.2614	0.04829
36.5167	0.04741
36.7757	0.04699
37.0384	0.04668
37.3049	0.04626
37.5752	0.04459
37.8495	0.04256
38.1278	0.04194
38.4102	0.04126
38.6968	0.04050
38.9878	0.03992
39.2832	0.03956
39.583	0.03935
39.8875	0.03932
40.1967	0.04047
40.5108	0.04344
40.8298	0.04554
41.1538	0.04603
41.483	0.04661
41.8176	0.04758
42.1575	0.05041
42.5031	0.05203
42.8544	0.05287
43.2115	0.05436
43.5746	0.05601
43.9439	0.05616
44.3195	0.05610
44.7015	0.05513
45.0902	0.05572
45.4858	0.05584
45.8883	0.05606
46.298	0.05690
46.7151	0.05615
47.1398	0.05496
47.5723	0.05428
48.0128	0.05550
48.4615	0.05663
48.9187	0.05890
49.3846	0.06055
49.8594	0.05699
