Brown University Keck/NASA Relab Spectrum PL-ECS-154-M/BKR1PL154M
Wavelength(micron)	Reflectance
0.32	0.35716
0.33	0.43747
0.34	0.49527
0.35	0.52682
0.36	0.54673
0.37	0.55824
0.38	0.55603
0.39	0.56528
0.4	0.58739
0.41	0.59571
0.42	0.59819
0.43	0.60530
0.44	0.61396
0.45	0.62055
0.46	0.63006
0.47	0.63801
0.48	0.64558
0.49	0.65033
0.5	0.65668
0.51	0.66461
0.52	0.67048
0.53	0.67636
0.54	0.68200
0.55	0.69081
0.56	0.70145
0.57	0.71334
0.58	0.72364
0.59	0.73271
0.6	0.73906
0.61	0.74459
0.62	0.74761
0.63	0.75015
0.64	0.75212
0.65	0.75591
0.66	0.75797
0.67	0.76027
0.68	0.76301
0.69	0.76528
0.7	0.76729
0.71	0.77041
0.72	0.77314
0.73	0.77586
0.74	0.77729
0.75	0.77891
0.76	0.78047
0.77	0.78139
0.78	0.78168
0.79	0.78177
0.8	0.78516
0.81	0.78293
0.82	0.78332
0.83	0.78094
0.84	0.78043
0.85	0.78030
0.86	0.78109
0.87	0.78139
0.88	0.78060
0.89	0.77865
0.9	0.77854
0.91	0.77640
0.92	0.77606
0.93	0.77638
0.94	0.77548
0.95	0.77499
0.96	0.77367
0.97	0.77290
0.98	0.77058
0.99	0.76837
1	0.76720
1.01	0.76436
1.02	0.76215
1.03	0.76027
1.04	0.75543
1.05	0.75336
1.06	0.74966
1.07	0.74470
1.08	0.74267
1.09	0.73915
1.1	0.73436
1.11	0.73179
1.12	0.72745
1.13	0.72522
1.14	0.72092
1.15	0.71840
1.16	0.71523
1.17	0.71263
1.18	0.70925
1.19	0.70691
1.2	0.70529
1.21	0.70317
1.22	0.70155
1.23	0.70101
1.24	0.70044
1.25	0.69899
1.26	0.69885
1.27	0.69729
1.28	0.69765
1.29	0.69921
1.3	0.69912
1.31	0.69942
1.32	0.70014
1.33	0.70141
1.34	0.70247
1.35	0.70442
1.36	0.70544
1.37	0.70626
1.38	0.70666
1.39	0.70695
1.4	0.70813
1.41	0.70648
1.42	0.70681
1.43	0.70602
1.44	0.70704
1.45	0.70850
1.46	0.71215
1.47	0.71460
1.48	0.71826
1.49	0.72195
1.5	0.72595
1.51	0.72907
1.52	0.73263
1.53	0.73629
1.54	0.73765
1.55	0.73970
1.56	0.74316
1.57	0.74456
1.58	0.74678
1.59	0.74815
1.6	0.75000
1.61	0.75030
1.62	0.75312
1.63	0.75488
1.64	0.75549
1.65	0.75771
1.66	0.76062
1.67	0.76199
1.68	0.76442
1.69	0.76453
1.7	0.76678
1.71	0.76769
1.72	0.76794
1.73	0.76768
1.74	0.76695
1.75	0.76646
1.76	0.76747
1.77	0.76798
1.78	0.76977
1.79	0.76990
1.8	0.77101
1.81	0.77177
1.82	0.77236
1.83	0.77201
1.84	0.77210
1.85	0.77175
1.86	0.76893
1.87	0.76291
1.88	0.75368
1.89	0.73588
1.9	0.70614
1.91	0.68018
1.92	0.65675
1.93	0.63307
1.94	0.62010
1.95	0.62373
1.96	0.63169
1.97	0.63775
1.98	0.64576
1.99	0.65563
2	0.66869
2.01	0.67983
2.02	0.68876
2.03	0.69601
2.04	0.70083
2.05	0.70429
2.06	0.70920
2.07	0.71313
2.08	0.71856
2.09	0.72315
2.1	0.72526
2.11	0.72975
2.12	0.73303
2.13	0.73483
2.14	0.73700
2.15	0.73784
2.16	0.73919
2.17	0.73913
2.18	0.73990
2.19	0.74294
2.2	0.74543
2.21	0.74792
2.22	0.75107
2.23	0.75330
2.24	0.75467
2.25	0.75609
2.26	0.75642
2.27	0.75871
2.28	0.75588
2.29	0.75300
2.3	0.75116
2.31	0.74872
2.32	0.74477
2.33	0.74156
2.34	0.73866
2.35	0.73370
2.36	0.72734
2.37	0.71718
2.38	0.70590
2.39	0.69443
2.4	0.68178
2.41	0.66906
2.42	0.65872
2.43	0.65326
2.44	0.64873
2.45	0.64507
2.46	0.64141
2.47	0.63824
2.48	0.63916
2.49	0.63921
2.5	0.63924
2.5014	0.63930
2.5026	0.63940
2.5038	0.63945
2.505	0.63951
2.5063	0.63943
2.5075	0.63952
2.5087	0.63976
2.5099	0.63983
2.5111	0.63981
2.5123	0.63992
2.5135	0.63998
2.5148	0.64004
2.516	0.64010
2.5172	0.64013
2.5184	0.64013
2.5196	0.64012
2.5209	0.64019
2.5221	0.64020
2.5233	0.64021
2.5246	0.64033
2.5258	0.64029
2.527	0.64025
2.5283	0.64017
2.5295	0.64006
2.5307	0.64008
2.5319	0.64001
2.5332	0.63997
2.5344	0.63995
2.5357	0.63990
2.5369	0.63991
2.5381	0.63997
2.5394	0.63992
2.5406	0.63973
2.5419	0.63958
2.5431	0.63952
2.5444	0.63945
2.5456	0.63936
2.5469	0.63925
2.5481	0.63920
2.5494	0.63922
2.5506	0.63916
2.5519	0.63901
2.5531	0.63902
2.5544	0.63899
2.5557	0.63879
2.5569	0.63864
2.5582	0.63856
2.5594	0.63854
2.5607	0.63847
2.562	0.63830
2.5632	0.63815
2.5645	0.63815
2.5658	0.63814
2.5671	0.63804
2.5683	0.63786
2.5696	0.63767
2.5709	0.63754
2.5721	0.63745
2.5734	0.63735
2.5747	0.63730
2.576	0.63727
2.5773	0.63726
2.5785	0.63712
2.5798	0.63684
2.5811	0.63670
2.5824	0.63662
2.5837	0.63642
2.585	0.63638
2.5863	0.63632
2.5875	0.63607
2.5888	0.63575
2.5901	0.63552
2.5914	0.63526
2.5927	0.63505
2.594	0.63473
2.5953	0.63448
2.5966	0.63437
2.5979	0.63416
2.5992	0.63384
2.6005	0.63356
2.6018	0.63320
2.6031	0.63290
2.6044	0.63253
2.6058	0.63205
2.6071	0.63169
2.6084	0.63140
2.6097	0.63101
2.611	0.63062
2.6123	0.63018
2.6136	0.62974
2.6149	0.62929
2.6163	0.62881
2.6176	0.62826
2.6189	0.62763
2.6202	0.62715
2.6216	0.62681
2.6229	0.62643
2.6242	0.62584
2.6255	0.62513
2.6269	0.62457
2.6282	0.62404
2.6295	0.62350
2.6309	0.62301
2.6322	0.62235
2.6335	0.62173
2.6349	0.62125
2.6362	0.62059
2.6376	0.61996
2.6389	0.61935
2.6402	0.61873
2.6416	0.61810
2.6429	0.61744
2.6443	0.61666
2.6456	0.61584
2.647	0.61509
2.6483	0.61432
2.6497	0.61347
2.651	0.61259
2.6524	0.61169
2.6538	0.61082
2.6551	0.60980
2.6565	0.60866
2.6578	0.60753
2.6592	0.60647
2.6606	0.60528
2.6619	0.60407
2.6633	0.60291
2.6647	0.60165
2.666	0.60037
2.6674	0.59907
2.6688	0.59754
2.6701	0.59592
2.6715	0.59413
2.6729	0.59224
2.6743	0.59052
2.6757	0.58866
2.677	0.58672
2.6784	0.58490
2.6798	0.58276
2.6812	0.58033
2.6826	0.57783
2.684	0.57528
2.6854	0.57258
2.6868	0.56972
2.6881	0.56684
2.6895	0.56388
2.6909	0.56068
2.6923	0.55751
2.6937	0.55423
2.6951	0.55060
2.6965	0.54684
2.6979	0.54297
2.6993	0.53878
2.7008	0.53432
2.7021	0.52981
2.7036	0.52500
2.705	0.51968
2.7064	0.51406
2.7078	0.50819
2.7092	0.50204
2.7106	0.49567
2.7121	0.48921
2.7135	0.48276
2.7149	0.47646
2.7163	0.47028
2.7177	0.46430
2.7192	0.45847
2.7206	0.45263
2.722	0.44704
2.7234	0.44167
2.7249	0.43627
2.7263	0.43105
2.7277	0.42591
2.7292	0.42071
2.7306	0.41558
2.7321	0.41055
2.7335	0.40547
2.7349	0.40039
2.7364	0.39535
2.7378	0.39039
2.7393	0.38550
2.7407	0.38051
2.7422	0.37554
2.7436	0.37066
2.7451	0.36583
2.7465	0.36104
2.748	0.35638
2.7494	0.35185
2.7509	0.34729
2.7524	0.34266
2.7538	0.33829
2.7553	0.33423
2.7567	0.33039
2.7582	0.32677
2.7597	0.32319
2.7611	0.31983
2.7626	0.31653
2.7641	0.31342
2.7656	0.31056
2.767	0.30781
2.7685	0.30507
2.77	0.30248
2.7715	0.30006
2.773	0.29766
2.7744	0.29541
2.7759	0.29329
2.7774	0.29120
2.7789	0.28893
2.7804	0.28673
2.7819	0.28471
2.7834	0.28270
2.7849	0.28067
2.7864	0.27871
2.7879	0.27673
2.7894	0.27480
2.7909	0.27282
2.7924	0.27083
2.7939	0.26899
2.7954	0.26715
2.7969	0.26526
2.7984	0.26348
2.7999	0.26178
2.8014	0.26012
2.8029	0.25854
2.8044	0.25693
2.806	0.25537
2.8075	0.25386
2.809	0.25237
2.8105	0.25096
2.8121	0.24962
2.8136	0.24828
2.8151	0.24690
2.8166	0.24551
2.8182	0.24409
2.8197	0.24274
2.8212	0.24145
2.8228	0.24010
2.8243	0.23881
2.8259	0.23763
2.8274	0.23662
2.8289	0.23583
2.8305	0.23544
2.832	0.23531
2.8336	0.23540
2.8351	0.23563
2.8367	0.23585
2.8382	0.23608
2.8398	0.23632
2.8413	0.23665
2.8429	0.23696
2.8444	0.23723
2.846	0.23748
2.8476	0.23762
2.8491	0.23771
2.8507	0.23770
2.8523	0.23762
2.8538	0.23753
2.8554	0.23742
2.857	0.23718
2.8586	0.23694
2.8601	0.23674
2.8617	0.23642
2.8633	0.23601
2.8649	0.23573
2.8665	0.23533
2.8681	0.23483
2.8696	0.23434
2.8712	0.23386
2.8728	0.23339
2.8744	0.23299
2.876	0.23261
2.8776	0.23223
2.8792	0.23191
2.8808	0.23160
2.8824	0.23126
2.884	0.23103
2.8856	0.23081
2.8872	0.23055
2.8888	0.23035
2.8904	0.23017
2.892	0.23000
2.8936	0.22989
2.8953	0.22976
2.8969	0.22954
2.8985	0.22930
2.9001	0.22900
2.9018	0.22868
2.9034	0.22845
2.905	0.22822
2.9066	0.22789
2.9083	0.22746
2.9099	0.22711
2.9115	0.22678
2.9132	0.22630
2.9148	0.22587
2.9164	0.22544
2.9181	0.22493
2.9197	0.22448
2.9214	0.22398
2.923	0.22352
2.9247	0.22304
2.9263	0.22243
2.928	0.22183
2.9296	0.22127
2.9313	0.22071
2.9329	0.22022
2.9346	0.21972
2.9363	0.21914
2.9379	0.21858
2.9396	0.21815
2.9413	0.21771
2.9429	0.21735
2.9446	0.21710
2.9463	0.21693
2.9479	0.21680
2.9496	0.21677
2.9513	0.21673
2.953	0.21669
2.9547	0.21680
2.9563	0.21706
2.958	0.21720
2.9597	0.21728
2.9614	0.21750
2.9631	0.21779
2.9648	0.21805
2.9665	0.21832
2.9682	0.21851
2.9699	0.21882
2.9716	0.21921
2.9733	0.21950
2.975	0.21983
2.9767	0.22026
2.9784	0.22077
2.9801	0.22121
2.9819	0.22163
2.9836	0.22218
2.9853	0.22275
2.987	0.22334
2.9887	0.22384
2.9904	0.22434
2.9922	0.22493
2.9939	0.22550
2.9956	0.22598
2.9974	0.22644
2.9991	0.22688
3.0008	0.22729
3.0026	0.22775
3.0043	0.22810
3.0061	0.22836
3.0078	0.22864
3.0095	0.22888
3.0113	0.22906
3.013	0.22909
3.0148	0.22907
3.0165	0.22912
3.0183	0.22907
3.0201	0.22896
3.0218	0.22888
3.0236	0.22875
3.0253	0.22855
3.0271	0.22823
3.0289	0.22787
3.0306	0.22763
3.0324	0.22729
3.0342	0.22680
3.036	0.22641
3.0377	0.22610
3.0395	0.22583
3.0413	0.22546
3.0431	0.22510
3.0449	0.22479
3.0467	0.22448
3.0485	0.22426
3.0503	0.22415
3.0521	0.22410
3.0538	0.22410
3.0556	0.22418
3.0574	0.22434
3.0593	0.22455
3.0611	0.22480
3.0629	0.22513
3.0647	0.22549
3.0665	0.22584
3.0683	0.22628
3.0701	0.22675
3.0719	0.22725
3.0738	0.22777
3.0756	0.22834
3.0774	0.22896
3.0792	0.22955
3.0811	0.23020
3.0829	0.23090
3.0847	0.23152
3.0866	0.23208
3.0884	0.23276
3.0902	0.23342
3.0921	0.23400
3.0939	0.23462
3.0958	0.23525
3.0976	0.23589
3.0995	0.23651
3.1013	0.23724
3.1032	0.23792
3.1051	0.23853
3.1069	0.23916
3.1088	0.23976
3.1106	0.24034
3.1125	0.24091
3.1144	0.24154
3.1162	0.24226
3.1181	0.24296
3.12	0.24360
3.1219	0.24426
3.1238	0.24501
3.1256	0.24578
3.1275	0.24664
3.1294	0.24763
3.1313	0.24855
3.1332	0.24951
3.1351	0.25055
3.137	0.25161
3.1389	0.25273
3.1408	0.25393
3.1427	0.25508
3.1446	0.25628
3.1465	0.25743
3.1484	0.25858
3.1503	0.25975
3.1522	0.26097
3.1541	0.26220
3.1561	0.26340
3.158	0.26463
3.1599	0.26580
3.1618	0.26691
3.1638	0.26809
3.1657	0.26927
3.1676	0.27039
3.1696	0.27152
3.1715	0.27267
3.1735	0.27379
3.1754	0.27491
3.1773	0.27600
3.1793	0.27702
3.1812	0.27817
3.1832	0.27932
3.1851	0.28042
3.1871	0.28146
3.1891	0.28253
3.191	0.28359
3.193	0.28470
3.195	0.28578
3.1969	0.28675
3.1989	0.28774
3.2009	0.28880
3.2029	0.28989
3.2048	0.29094
3.2068	0.29195
3.2088	0.29298
3.2108	0.29406
3.2128	0.29509
3.2148	0.29613
3.2168	0.29717
3.2188	0.29820
3.2208	0.29925
3.2228	0.30024
3.2248	0.30125
3.2268	0.30230
3.2288	0.30326
3.2308	0.30425
3.2328	0.30523
3.2348	0.30628
3.2368	0.30734
3.2389	0.30838
3.2409	0.30943
3.2429	0.31039
3.2449	0.31137
3.247	0.31243
3.249	0.31345
3.2511	0.31442
3.2531	0.31539
3.2551	0.31645
3.2572	0.31750
3.2592	0.31845
3.2613	0.31940
3.2633	0.32042
3.2654	0.32136
3.2674	0.32235
3.2695	0.32340
3.2716	0.32434
3.2736	0.32530
3.2757	0.32634
3.2778	0.32736
3.2798	0.32831
3.2819	0.32931
3.284	0.33031
3.2861	0.33131
3.2882	0.33237
3.2902	0.33344
3.2923	0.33443
3.2944	0.33536
3.2965	0.33643
3.2986	0.33751
3.3007	0.33858
3.3028	0.33966
3.3049	0.34075
3.307	0.34188
3.3091	0.34296
3.3113	0.34408
3.3134	0.34525
3.3155	0.34642
3.3176	0.34756
3.3197	0.34872
3.3219	0.34987
3.324	0.35107
3.3261	0.35229
3.3283	0.35344
3.3304	0.35464
3.3325	0.35587
3.3347	0.35709
3.3368	0.35822
3.339	0.35942
3.3411	0.36061
3.3433	0.36177
3.3454	0.36293
3.3476	0.36403
3.3498	0.36514
3.3519	0.36634
3.3541	0.36753
3.3563	0.36866
3.3584	0.36980
3.3606	0.37086
3.3628	0.37195
3.365	0.37303
3.3672	0.37402
3.3694	0.37499
3.3715	0.37602
3.3737	0.37715
3.3759	0.37836
3.3781	0.37965
3.3803	0.38092
3.3825	0.38231
3.3847	0.38369
3.3869	0.38497
3.3892	0.38630
3.3914	0.38756
3.3936	0.38878
3.3958	0.39002
3.3981	0.39115
3.4003	0.39223
3.4025	0.39330
3.4047	0.39441
3.407	0.39554
3.4092	0.39668
3.4115	0.39777
3.4137	0.39889
3.416	0.40018
3.4182	0.40156
3.4205	0.40302
3.4227	0.40451
3.425	0.40599
3.4273	0.40750
3.4295	0.40903
3.4318	0.41051
3.4341	0.41199
3.4363	0.41344
3.4386	0.41486
3.4409	0.41626
3.4432	0.41768
3.4455	0.41907
3.4478	0.42044
3.4501	0.42186
3.4524	0.42324
3.4546	0.42457
3.4569	0.42599
3.4593	0.42739
3.4616	0.42869
3.4639	0.42995
3.4662	0.43123
3.4685	0.43247
3.4708	0.43359
3.4732	0.43475
3.4755	0.43600
3.4778	0.43723
3.4801	0.43846
3.4825	0.43967
3.4848	0.44092
3.4872	0.44215
3.4895	0.44342
3.4919	0.44474
3.4942	0.44591
3.4966	0.44702
3.4989	0.44824
3.5013	0.44957
3.5037	0.45100
3.506	0.45246
3.5084	0.45400
3.5108	0.45555
3.5132	0.45707
3.5155	0.45867
3.5179	0.46031
3.5203	0.46189
3.5227	0.46347
3.5251	0.46503
3.5275	0.46652
3.5299	0.46796
3.5323	0.46942
3.5347	0.47087
3.5371	0.47226
3.5395	0.47367
3.5419	0.47503
3.5444	0.47639
3.5468	0.47777
3.5492	0.47911
3.5517	0.48043
3.5541	0.48176
3.5565	0.48303
3.559	0.48433
3.5614	0.48561
3.5639	0.48688
3.5663	0.48821
3.5688	0.48948
3.5712	0.49073
3.5737	0.49195
3.5761	0.49319
3.5786	0.49442
3.5811	0.49567
3.5836	0.49686
3.586	0.49797
3.5885	0.49912
3.591	0.50033
3.5935	0.50151
3.596	0.50271
3.5985	0.50380
3.601	0.50493
3.6035	0.50613
3.606	0.50726
3.6085	0.50833
3.611	0.50943
3.6135	0.51055
3.6161	0.51163
3.6186	0.51269
3.6211	0.51378
3.6236	0.51486
3.6262	0.51588
3.6287	0.51691
3.6313	0.51799
3.6338	0.51907
3.6363	0.52009
3.6389	0.52105
3.6414	0.52208
3.644	0.52316
3.6466	0.52417
3.6491	0.52513
3.6517	0.52610
3.6543	0.52707
3.6569	0.52807
3.6594	0.52903
3.662	0.52997
3.6646	0.53096
3.6672	0.53200
3.6698	0.53298
3.6724	0.53394
3.675	0.53488
3.6776	0.53582
3.6802	0.53678
3.6828	0.53772
3.6854	0.53856
3.6881	0.53944
3.6907	0.54039
3.6933	0.54131
3.6959	0.54221
3.6986	0.54311
3.7012	0.54397
3.7039	0.54478
3.7065	0.54562
3.7092	0.54653
3.7118	0.54741
3.7145	0.54823
3.7171	0.54909
3.7198	0.54996
3.7225	0.55078
3.7252	0.55157
3.7278	0.55236
3.7305	0.55317
3.7332	0.55398
3.7359	0.55476
3.7386	0.55552
3.7413	0.55630
3.744	0.55711
3.7467	0.55787
3.7494	0.55860
3.7521	0.55937
3.7548	0.56014
3.7576	0.56097
3.7603	0.56173
3.763	0.56248
3.7657	0.56323
3.7685	0.56398
3.7712	0.56474
3.774	0.56547
3.7767	0.56614
3.7795	0.56680
3.7822	0.56748
3.785	0.56814
3.7877	0.56880
3.7905	0.56941
3.7933	0.57003
3.7961	0.57066
3.7988	0.57122
3.8016	0.57173
3.8044	0.57224
3.8072	0.57276
3.81	0.57324
3.8128	0.57370
3.8156	0.57419
3.8184	0.57470
3.8212	0.57517
3.8241	0.57563
3.8269	0.57604
3.8297	0.57645
3.8325	0.57686
3.8354	0.57725
3.8382	0.57759
3.8411	0.57797
3.8439	0.57837
3.8468	0.57882
3.8496	0.57921
3.8525	0.57956
3.8553	0.57992
3.8582	0.58027
3.8611	0.58058
3.8639	0.58090
3.8668	0.58126
3.8697	0.58157
3.8726	0.58185
3.8755	0.58209
3.8784	0.58228
3.8813	0.58254
3.8842	0.58281
3.8871	0.58303
3.89	0.58323
3.893	0.58337
3.8959	0.58356
3.8988	0.58377
3.9017	0.58396
3.9047	0.58410
3.9076	0.58423
3.9106	0.58430
3.9135	0.58438
3.9165	0.58450
3.9194	0.58461
3.9224	0.58469
3.9254	0.58472
3.9284	0.58476
3.9313	0.58484
3.9343	0.58490
3.9373	0.58486
3.9403	0.58475
3.9433	0.58456
3.9463	0.58430
3.9493	0.58403
3.9523	0.58373
3.9553	0.58344
3.9583	0.58316
3.9614	0.58284
3.9644	0.58256
3.9674	0.58228
3.9705	0.58200
3.9735	0.58175
3.9766	0.58156
3.9796	0.58144
3.9826	0.58132
3.9857	0.58117
3.9888	0.58105
3.9919	0.58100
3.9949	0.58095
3.998	0.58095
4.0011	0.58097
4.0042	0.58096
4.0073	0.58088
4.0104	0.58076
4.0135	0.58062
4.0166	0.58039
4.0197	0.58013
4.0228	0.57981
4.0259	0.57948
4.0291	0.57909
4.0322	0.57867
4.0353	0.57824
4.0385	0.57780
4.0416	0.57733
4.0448	0.57683
4.0479	0.57632
4.0511	0.57575
4.0543	0.57513
4.0574	0.57449
4.0606	0.57379
4.0638	0.57316
4.067	0.57249
4.0702	0.57173
4.0734	0.57102
4.0766	0.57025
4.0798	0.56944
4.083	0.56861
4.0862	0.56775
4.0894	0.56687
4.0927	0.56597
4.0959	0.56506
4.0991	0.56412
4.1024	0.56318
4.1056	0.56222
4.1089	0.56131
4.1121	0.56038
4.1154	0.55942
4.1187	0.55843
4.122	0.55743
4.1252	0.55642
4.1285	0.55546
4.1318	0.55445
4.1351	0.55340
4.1384	0.55238
4.1417	0.55133
4.145	0.55018
4.1483	0.54905
4.1516	0.54797
4.155	0.54684
4.1583	0.54570
4.1616	0.54454
4.165	0.54338
4.1683	0.54218
4.1717	0.54092
4.175	0.53972
4.1784	0.53852
4.1818	0.53726
4.1852	0.53597
4.1885	0.53465
4.1919	0.53333
4.1953	0.53203
4.1987	0.53073
4.2021	0.52938
4.2055	0.52798
4.2089	0.52653
4.2124	0.52505
4.2158	0.52355
4.2192	0.52210
4.2226	0.52059
4.2261	0.51893
4.2295	0.51730
4.233	0.51570
4.2365	0.51399
4.2399	0.51221
4.2434	0.51037
4.2469	0.50847
4.2503	0.50653
4.2538	0.50452
4.2573	0.50248
4.2608	0.50041
4.2643	0.49829
4.2678	0.49610
4.2713	0.49380
4.2749	0.49140
4.2784	0.48896
4.2819	0.48650
4.2855	0.48401
4.289	0.48142
4.2926	0.47883
4.2961	0.47619
4.2997	0.47357
4.3033	0.47089
4.3068	0.46822
4.3104	0.46558
4.314	0.46293
4.3176	0.46031
4.3212	0.45778
4.3248	0.45529
4.3284	0.45286
4.332	0.45049
4.3356	0.44817
4.3393	0.44599
4.3429	0.44392
4.3465	0.44185
4.3502	0.43986
4.3538	0.43806
4.3575	0.43638
4.3611	0.43479
4.3648	0.43331
4.3685	0.43193
4.3722	0.43070
4.3759	0.42951
4.3796	0.42829
4.3833	0.42724
4.387	0.42639
4.3907	0.42554
4.3944	0.42469
4.3981	0.42393
4.4019	0.42329
4.4056	0.42275
4.4094	0.42221
4.4131	0.42171
4.4169	0.42125
4.4206	0.42085
4.4244	0.42046
4.4282	0.42007
4.432	0.41972
4.4358	0.41943
4.4396	0.41915
4.4434	0.41888
4.4472	0.41859
4.451	0.41826
4.4548	0.41793
4.4586	0.41764
4.4625	0.41736
4.4663	0.41701
4.4702	0.41659
4.474	0.41616
4.4779	0.41572
4.4818	0.41523
4.4856	0.41471
4.4895	0.41413
4.4934	0.41350
4.4973	0.41276
4.5012	0.41196
4.5051	0.41112
4.509	0.41026
4.513	0.40934
4.5169	0.40836
4.5209	0.40734
4.5248	0.40626
4.5287	0.40511
4.5327	0.40398
4.5367	0.40278
4.5406	0.40148
4.5446	0.40016
4.5486	0.39878
4.5526	0.39731
4.5566	0.39583
4.5606	0.39436
4.5646	0.39289
4.5686	0.39138
4.5727	0.38984
4.5767	0.38830
4.5808	0.38675
4.5848	0.38520
4.5889	0.38371
4.5929	0.38224
4.597	0.38078
4.6011	0.37935
4.6052	0.37802
4.6093	0.37673
4.6134	0.37539
4.6175	0.37406
4.6216	0.37281
4.6257	0.37159
4.6298	0.37042
4.634	0.36923
4.6381	0.36807
4.6423	0.36694
4.6464	0.36578
4.6506	0.36459
4.6548	0.36341
4.659	0.36232
4.6631	0.36117
4.6673	0.36005
4.6715	0.35899
4.6758	0.35793
4.68	0.35683
4.6842	0.35571
4.6884	0.35456
4.6927	0.35334
4.6969	0.35218
4.7012	0.35105
4.7055	0.34991
4.7097	0.34873
4.714	0.34758
4.7183	0.34642
4.7226	0.34524
4.7269	0.34410
4.7312	0.34296
4.7355	0.34178
4.7399	0.34063
4.7442	0.33952
4.7485	0.33839
4.7529	0.33727
4.7573	0.33615
4.7616	0.33502
4.766	0.33387
4.7704	0.33277
4.7748	0.33172
4.7792	0.33063
4.7836	0.32957
4.788	0.32853
4.7924	0.32749
4.7969	0.32644
4.8013	0.32541
4.8058	0.32434
4.8102	0.32329
4.8147	0.32230
4.8191	0.32133
4.8236	0.32033
4.8281	0.31938
4.8326	0.31844
4.8371	0.31751
4.8416	0.31659
4.8462	0.31572
4.8507	0.31484
4.8553	0.31397
4.8598	0.31313
4.8644	0.31229
4.8689	0.31140
4.8735	0.31055
4.8781	0.30970
4.8827	0.30885
4.8873	0.30793
4.8919	0.30702
4.8965	0.30613
4.9011	0.30518
4.9058	0.30423
4.9104	0.30332
4.9151	0.30233
4.9197	0.30125
4.9244	0.30015
4.9291	0.29908
4.9338	0.29797
4.9385	0.29682
4.9432	0.29564
4.9479	0.29446
4.9526	0.29324
4.9574	0.29197
4.9621	0.29069
4.9669	0.28935
4.9716	0.28801
4.9764	0.28667
4.9812	0.28534
4.986	0.28400
4.9908	0.28260
4.9956	0.28119
5.0004	0.27983
5.0052	0.27846
5.01	0.27709
5.0149	0.27570
5.0198	0.27427
5.0246	0.27286
5.0295	0.27148
5.0344	0.27008
5.0393	0.26865
5.0442	0.26722
5.0491	0.26579
5.054	0.26435
5.0589	0.26287
5.0639	0.26137
5.0688	0.25990
5.0738	0.25844
5.0788	0.25692
5.0837	0.25537
5.0887	0.25379
5.0937	0.25223
5.0987	0.25059
5.1037	0.24887
5.1088	0.24720
5.1138	0.24555
5.1189	0.24387
5.1239	0.24218
5.129	0.24044
5.1341	0.23864
5.1391	0.23686
5.1443	0.23511
5.1494	0.23336
5.1545	0.23163
5.1596	0.22991
5.1647	0.22824
5.1699	0.22662
5.175	0.22500
5.1802	0.22336
5.1854	0.22172
5.1906	0.22017
5.1958	0.21866
5.201	0.21709
5.2062	0.21556
5.2115	0.21407
5.2167	0.21257
5.222	0.21110
5.2272	0.20965
5.2325	0.20815
5.2378	0.20668
5.2431	0.20522
5.2484	0.20378
5.2537	0.20246
5.259	0.20112
5.2644	0.19975
5.2697	0.19845
5.2751	0.19714
5.2805	0.19586
5.2858	0.19463
5.2912	0.19341
5.2966	0.19216
5.302	0.19095
5.3075	0.18975
5.3129	0.18854
5.3184	0.18735
5.3238	0.18615
5.3293	0.18490
5.3348	0.18366
5.3403	0.18240
5.3458	0.18113
5.3513	0.17982
5.3568	0.17853
5.3624	0.17726
5.3679	0.17598
5.3735	0.17468
5.379	0.17333
5.3846	0.17199
5.3902	0.17071
5.3958	0.16947
5.4015	0.16826
5.4071	0.16703
5.4127	0.16584
5.4184	0.16470
5.4241	0.16355
5.4297	0.16249
5.4354	0.16146
5.4411	0.16045
5.4468	0.15953
5.4526	0.15866
5.4583	0.15790
5.4641	0.15723
5.4698	0.15653
5.4756	0.15590
5.4814	0.15535
5.4872	0.15489
5.493	0.15453
5.4988	0.15414
5.5047	0.15374
5.5105	0.15337
5.5164	0.15309
5.5223	0.15279
5.5281	0.15241
5.534	0.15203
5.54	0.15167
5.5459	0.15125
5.5518	0.15072
5.5578	0.15017
5.5637	0.14961
5.5697	0.14906
5.5757	0.14850
5.5817	0.14789
5.5877	0.14735
5.5937	0.14678
5.5998	0.14614
5.6058	0.14547
5.6119	0.14475
5.618	0.14400
5.6241	0.14328
5.6302	0.14256
5.6363	0.14187
5.6424	0.14115
5.6486	0.14037
5.6547	0.13960
5.6609	0.13886
5.6671	0.13810
5.6733	0.13734
5.6795	0.13656
5.6857	0.13578
5.692	0.13499
5.6982	0.13417
5.7045	0.13328
5.7108	0.13245
5.7171	0.13162
5.7234	0.13069
5.7297	0.12973
5.736	0.12880
5.7424	0.12785
5.7488	0.12689
5.7551	0.12593
5.7615	0.12491
5.768	0.12385
5.7744	0.12277
5.7808	0.12168
5.7873	0.12058
5.7937	0.11944
5.8002	0.11822
5.8067	0.11698
5.8132	0.11567
5.8198	0.11438
5.8263	0.11308
5.8328	0.11173
5.8394	0.11029
5.846	0.10882
5.8526	0.10730
5.8592	0.10576
5.8658	0.10416
5.8725	0.10248
5.8791	0.10070
5.8858	0.09878
5.8925	0.09679
5.8992	0.09467
5.9059	0.09243
5.9126	0.09011
5.9194	0.08775
5.9262	0.08553
5.9329	0.08349
5.9397	0.08173
5.9465	0.08030
5.9534	0.07923
5.9602	0.07857
5.9671	0.07822
5.974	0.07804
5.9808	0.07787
5.9878	0.07765
5.9947	0.07735
6.0016	0.07700
6.0086	0.07661
6.0155	0.07631
6.0225	0.07621
6.0295	0.07631
6.0365	0.07646
6.0436	0.07656
6.0506	0.07655
6.0577	0.07647
6.0648	0.07631
6.0719	0.07619
6.079	0.07624
6.0861	0.07646
6.0933	0.07678
6.1005	0.07715
6.1076	0.07753
6.1148	0.07787
6.1221	0.07814
6.1293	0.07835
6.1365	0.07849
6.1438	0.07865
6.1511	0.07873
6.1584	0.07867
6.1657	0.07865
6.1731	0.07861
6.1804	0.07850
6.1878	0.07838
6.1952	0.07821
6.2026	0.07803
6.21	0.07789
6.2175	0.07772
6.225	0.07762
6.2324	0.07759
6.2399	0.07762
6.2475	0.07767
6.255	0.07782
6.2625	0.07797
6.2701	0.07818
6.2777	0.07848
6.2853	0.07878
6.2929	0.07909
6.3006	0.07944
6.3083	0.07987
6.3159	0.08028
6.3236	0.08065
6.3314	0.08106
6.3391	0.08147
6.3469	0.08180
6.3546	0.08214
6.3624	0.08251
6.3703	0.08281
6.3781	0.08307
6.3859	0.08333
6.3938	0.08352
6.4017	0.08367
6.4096	0.08380
6.4176	0.08388
6.4255	0.08396
6.4335	0.08402
6.4415	0.08400
6.4495	0.08396
6.4575	0.08392
6.4656	0.08387
6.4736	0.08377
6.4817	0.08368
6.4898	0.08360
6.498	0.08352
6.5061	0.08340
6.5143	0.08320
6.5225	0.08303
6.5307	0.08290
6.5389	0.08278
6.5472	0.08263
6.5555	0.08244
6.5638	0.08215
6.5721	0.08182
6.5804	0.08150
6.5888	0.08123
6.5972	0.08099
6.6056	0.08077
6.614	0.08051
6.6225	0.08019
6.6309	0.07990
6.6394	0.07966
6.6479	0.07946
6.6565	0.07928
6.665	0.07911
6.6736	0.07897
6.6822	0.07883
6.6908	0.07865
6.6995	0.07849
6.7081	0.07836
6.7168	0.07824
6.7255	0.07814
6.7343	0.07801
6.743	0.07785
6.7518	0.07772
6.7606	0.07756
6.7694	0.07738
6.7783	0.07722
6.7871	0.07703
6.796	0.07680
6.805	0.07660
6.8139	0.07644
6.8229	0.07628
6.8319	0.07610
6.8409	0.07594
6.8499	0.07572
6.859	0.07552
6.868	0.07535
6.8772	0.07512
6.8863	0.07487
6.8955	0.07467
6.9046	0.07446
6.9138	0.07426
6.9231	0.07405
6.9323	0.07374
6.9416	0.07338
6.9509	0.07303
6.9602	0.07265
6.9696	0.07216
6.979	0.07174
6.9884	0.07134
6.9978	0.07085
7.0073	0.07032
7.0168	0.06985
7.0263	0.06938
7.0358	0.06892
7.0454	0.06843
7.0549	0.06790
7.0645	0.06738
7.0742	0.06687
7.0839	0.06636
7.0935	0.06582
7.1033	0.06522
7.113	0.06468
7.1228	0.06413
7.1326	0.06351
7.1424	0.06291
7.1522	0.06231
7.1621	0.06166
7.172	0.06103
7.182	0.06045
7.1919	0.05983
7.2019	0.05917
7.2119	0.05853
7.222	0.05788
7.232	0.05719
7.2421	0.05648
7.2523	0.05578
7.2624	0.05505
7.2726	0.05432
7.2828	0.05362
7.2931	0.05296
7.3034	0.05225
7.3136	0.05146
7.324	0.05068
7.3343	0.04989
7.3447	0.04910
7.3551	0.04833
7.3656	0.04754
7.3761	0.04672
7.3866	0.04593
7.3971	0.04511
7.4077	0.04428
7.4183	0.04344
7.4289	0.04253
7.4396	0.04168
7.4503	0.04090
7.461	0.04003
7.4717	0.03919
7.4825	0.03834
7.4933	0.03751
7.5041	0.03668
7.515	0.03581
7.5259	0.03495
7.5369	0.03412
7.5479	0.03332
7.5589	0.03249
7.5699	0.03165
7.581	0.03078
7.592	0.02989
7.6032	0.02902
7.6144	0.02818
7.6255	0.02728
7.6368	0.02643
7.648	0.02561
7.6593	0.02471
7.6707	0.02383
7.682	0.02294
7.6934	0.02206
7.7049	0.02115
7.7163	0.02027
7.7278	0.01940
7.7394	0.01853
7.7509	0.01772
7.7625	0.01686
7.7742	0.01601
7.7858	0.01529
7.7975	0.01451
7.8093	0.01375
7.8211	0.01309
7.8329	0.01244
7.8447	0.01177
7.8566	0.01115
7.8685	0.01057
7.8805	0.00998
7.8925	0.00940
7.9045	0.00892
7.9166	0.00847
7.9287	0.00807
7.9408	0.00773
7.953	0.00740
7.9652	0.00710
7.9775	0.00693
7.9898	0.00681
8.0021	0.00685
8.0145	0.00703
8.0269	0.00729
8.0393	0.00764
8.0518	0.00829
8.0643	0.00922
8.0769	0.01029
8.0895	0.01168
8.1021	0.01340
8.1148	0.01545
8.1275	0.01786
8.1403	0.02070
8.1531	0.02400
8.1659	0.02761
8.1788	0.03155
8.1917	0.03577
8.2047	0.04029
8.2177	0.04503
8.2307	0.04987
8.2438	0.05457
8.257	0.05907
8.2701	0.06328
8.2833	0.06697
8.2966	0.07005
8.3099	0.07251
8.3232	0.07435
8.3366	0.07565
8.35	0.07655
8.3635	0.07718
8.377	0.07761
8.3905	0.07782
8.4042	0.07803
8.4178	0.07831
8.4315	0.07841
8.4452	0.07841
8.459	0.07844
8.4728	0.07844
8.4867	0.07841
8.5006	0.07839
8.5145	0.07844
8.5285	0.07843
8.5426	0.07840
8.5567	0.07852
8.5708	0.07862
8.585	0.07871
8.5993	0.07884
8.6135	0.07901
8.6279	0.07922
8.6423	0.07947
8.6567	0.07962
8.6712	0.07972
8.6857	0.07986
8.7003	0.08003
8.7149	0.08024
8.7295	0.08052
8.7443	0.08073
8.759	0.08093
8.7739	0.08116
8.7887	0.08145
8.8037	0.08173
8.8186	0.08197
8.8337	0.08213
8.8487	0.08225
8.8638	0.08226
8.879	0.08213
8.8943	0.08177
8.9095	0.08126
8.9249	0.08056
8.9403	0.07973
8.9557	0.07892
8.9712	0.07792
8.9868	0.07675
9.0023	0.07557
9.018	0.07434
9.0337	0.07309
9.0495	0.07180
9.0653	0.07045
9.0812	0.06921
9.0971	0.06805
9.1131	0.06686
9.1291	0.06565
9.1452	0.06456
9.1614	0.06362
9.1776	0.06283
9.1939	0.06221
9.2102	0.06181
9.2266	0.06159
9.243	0.06144
9.2595	0.06139
9.2761	0.06162
9.2927	0.06203
9.3094	0.06242
9.3262	0.06278
9.343	0.06328
9.3598	0.06382
9.3768	0.06434
9.3938	0.06489
9.4108	0.06536
9.4279	0.06587
9.4451	0.06661
9.4623	0.06743
9.4796	0.06829
9.497	0.06917
9.5144	0.07011
9.5319	0.07112
9.5494	0.07210
9.567	0.07324
9.5847	0.07447
9.6025	0.07572
9.6203	0.07704
9.6382	0.07827
9.6561	0.07939
9.6742	0.08042
9.6922	0.08140
9.7104	0.08229
9.7286	0.08303
9.7469	0.08360
9.7652	0.08411
9.7837	0.08453
9.8022	0.08491
9.8207	0.08525
9.8394	0.08553
9.8581	0.08583
9.8768	0.08607
9.8957	0.08614
9.9146	0.08614
9.9336	0.08615
9.9527	0.08621
9.9718	0.08640
9.991	0.08649
10.0103	0.08639
10.0297	0.08614
10.0491	0.08595
10.0686	0.08588
10.0882	0.08567
10.1079	0.08542
10.1276	0.08523
10.1475	0.08498
10.1673	0.08477
10.1873	0.08462
10.2074	0.08451
10.2275	0.08465
10.2477	0.08503
10.268	0.08555
10.2884	0.08629
10.3088	0.08716
10.3294	0.08812
10.35	0.08920
10.3707	0.09022
10.3915	0.09118
10.4123	0.09199
10.4333	0.09270
10.4543	0.09336
10.4754	0.09385
10.4967	0.09430
10.5179	0.09466
10.5393	0.09490
10.5608	0.09506
10.5823	0.09533
10.604	0.09563
10.6257	0.09568
10.6475	0.09573
10.6694	0.09591
10.6914	0.09610
10.7135	0.09621
10.7357	0.09628
10.758	0.09639
10.7803	0.09636
10.8028	0.09625
10.8254	0.09605
10.848	0.09577
10.8708	0.09523
10.8936	0.09449
10.9165	0.09378
10.9395	0.09297
10.9627	0.09203
10.9859	0.09102
11.0092	0.09012
11.0327	0.08932
11.0562	0.08848
11.0798	0.08771
11.1035	0.08689
11.1274	0.08601
11.1513	0.08518
11.1753	0.08426
11.1995	0.08350
11.2237	0.08265
11.248	0.08165
11.2725	0.08079
11.2971	0.07993
11.3217	0.07899
11.3465	0.07812
11.3714	0.07731
11.3964	0.07638
11.4215	0.07545
11.4467	0.07462
11.472	0.07382
11.4975	0.07295
11.523	0.07205
11.5487	0.07120
11.5744	0.07040
11.6003	0.06973
11.6263	0.06905
11.6525	0.06840
11.6787	0.06783
11.7051	0.06726
11.7316	0.06674
11.7582	0.06618
11.7849	0.06567
11.8117	0.06542
11.8387	0.06505
11.8658	0.06457
11.893	0.06418
11.9203	0.06381
11.9478	0.06352
11.9754	0.06315
12.0031	0.06271
12.031	0.06235
12.059	0.06192
12.0871	0.06139
12.1153	0.06080
12.1437	0.06021
12.1722	0.05943
12.2008	0.05855
12.2296	0.05749
12.2585	0.05619
12.2876	0.05475
12.3168	0.05323
12.3461	0.05162
12.3755	0.05001
12.4052	0.04837
12.4349	0.04666
12.4648	0.04508
12.4948	0.04361
12.525	0.04221
12.5553	0.04094
12.5858	0.03975
12.6164	0.03872
12.6472	0.03780
12.6781	0.03705
12.7092	0.03656
12.7404	0.03613
12.7718	0.03583
12.8033	0.03570
12.835	0.03564
12.8669	0.03565
12.8989	0.03572
12.9311	0.03578
12.9634	0.03594
12.9959	0.03612
13.0285	0.03621
13.0613	0.03620
13.0943	0.03628
13.1275	0.03651
13.1608	0.03685
13.1943	0.03717
13.228	0.03726
13.2618	0.03733
13.2958	0.03741
13.33	0.03743
13.3643	0.03743
13.3988	0.03728
13.4336	0.03710
13.4685	0.03707
13.5035	0.03702
13.5388	0.03701
13.5742	0.03710
13.6099	0.03711
13.6457	0.03719
13.6817	0.03727
13.7179	0.03725
13.7543	0.03720
13.7908	0.03692
13.8276	0.03657
13.8646	0.03628
13.9018	0.03578
13.9392	0.03525
13.9767	0.03473
14.0145	0.03401
14.0525	0.03334
14.0907	0.03281
14.129	0.03230
14.1676	0.03203
14.2065	0.03175
14.2455	0.03154
14.2847	0.03133
14.3242	0.03091
14.3639	0.03049
14.4038	0.03027
14.4439	0.03010
14.4843	0.03013
14.5248	0.03030
14.5656	0.03047
14.6067	0.03062
14.6479	0.03079
14.6894	0.03080
14.7312	0.03073
14.7731	0.03079
14.8153	0.03085
14.8578	0.03099
14.9005	0.03108
14.9434	0.03110
14.9866	0.03107
15.03	0.03136
15.0737	0.03170
15.1177	0.03206
15.1619	0.03277
15.2063	0.03403
15.2511	0.03603
15.2961	0.03896
15.3413	0.04267
15.3868	0.04676
15.4326	0.05104
15.4787	0.05543
15.525	0.05921
15.5717	0.06235
15.6186	0.06509
15.6658	0.06728
15.7132	0.06882
15.761	0.06983
15.809	0.07037
15.8574	0.07082
15.906	0.07110
15.955	0.07090
16.0042	0.07035
16.0538	0.06974
16.1036	0.06874
16.1538	0.06759
16.2043	0.06691
16.2551	0.06684
16.3062	0.06750
16.3576	0.06869
16.4094	0.07031
16.4615	0.07210
16.5139	0.07367
16.5667	0.07509
16.6198	0.07614
16.6732	0.07707
16.727	0.07802
16.7811	0.07871
16.8356	0.07880
16.8905	0.07829
16.9457	0.07740
17.0012	0.07626
17.0572	0.07485
17.1134	0.07335
17.1701	0.07176
17.2272	0.07035
17.2846	0.06940
17.3424	0.06898
17.4006	0.06898
17.4592	0.06914
17.5182	0.06882
17.5775	0.06781
17.6373	0.06641
17.6975	0.06473
17.7581	0.06289
17.8192	0.06089
17.8806	0.05948
17.9425	0.05865
18.0048	0.05839
18.0675	0.05923
18.1307	0.06096
18.1943	0.06352
18.2584	0.06662
18.3229	0.06987
18.3879	0.07281
18.4533	0.07463
18.5192	0.07509
18.5856	0.07438
18.6524	0.07211
18.7198	0.06909
18.7876	0.06631
18.8559	0.06386
18.9247	0.06143
18.9941	0.05934
19.0639	0.05778
19.1342	0.05649
19.2051	0.05539
19.2765	0.05418
19.3484	0.05293
19.4209	0.05194
19.4939	0.05099
19.5675	0.04965
19.6416	0.04833
19.7163	0.04720
19.7915	0.04619
19.8673	0.04509
19.9438	0.04355
20.0208	0.04216
20.0984	0.04115
20.1766	0.03971
20.2554	0.03872
20.3348	0.03808
20.4149	0.03805
20.4956	0.03836
20.5769	0.03958
20.6589	0.04134
20.7416	0.04210
20.8248	0.04208
20.9088	0.04250
20.9935	0.04262
21.0788	0.04266
21.1648	0.04354
21.2516	0.04442
21.3391	0.04472
21.4272	0.04497
21.5161	0.04474
21.6058	0.04453
21.6962	0.04367
21.7873	0.04241
21.8793	0.04109
21.972	0.03978
22.0654	0.03855
22.1597	0.03821
22.2548	0.03841
22.3508	0.03906
22.4475	0.04072
22.5451	0.04315
22.6436	0.04617
22.7429	0.04963
22.8431	0.05285
22.9442	0.05619
23.0461	0.05939
23.149	0.06229
23.2528	0.06447
23.3576	0.06668
23.4633	0.06817
23.5699	0.06888
23.6775	0.06881
23.7861	0.06934
23.8958	0.06916
24.0064	0.06817
24.118	0.06708
24.2307	0.06652
24.3445	0.06677
24.4593	0.06723
24.5753	0.06755
24.6923	0.06808
24.8104	0.06906
24.9297	0.07017
25.0501	0.07082
25.1717	0.07239
25.2945	0.07459
25.4185	0.07651
25.5437	0.07774
25.6702	0.07886
25.7979	0.07975
25.9269	0.08021
26.0572	0.08022
26.1888	0.08051
26.3217	0.08009
26.456	0.07976
26.5917	0.07981
26.7288	0.07973
26.8672	0.07924
27.0072	0.07897
27.1486	0.07835
27.2915	0.07736
27.4359	0.07671
27.5818	0.07599
27.7293	0.07444
27.8784	0.07335
28.0291	0.07298
28.1814	0.07265
28.3354	0.07229
28.4911	0.07173
28.6485	0.07120
28.8077	0.07115
28.9686	0.07042
29.1313	0.06950
29.2959	0.06857
29.4624	0.06715
29.6307	0.06556
29.801	0.06503
29.9733	0.06395
30.1475	0.06279
30.3238	0.06179
30.5022	0.06138
30.6827	0.06130
30.8653	0.06125
31.0502	0.06023
31.2372	0.05999
31.4265	0.06047
31.6182	0.06081
31.8121	0.06091
32.0085	0.06159
32.2073	0.06308
32.4086	0.06384
32.6124	0.06456
32.8188	0.06480
33.0279	0.06464
33.2396	0.06455
33.4541	0.06382
33.6713	0.06215
33.8914	0.06050
34.1143	0.05925
34.3403	0.05769
34.5692	0.05677
34.8012	0.05640
35.0363	0.05554
35.2747	0.05437
35.5163	0.05427
35.7612	0.05353
36.0096	0.05322
36.2614	0.05336
36.5167	0.05236
36.7757	0.05051
37.0384	0.04990
37.3049	0.04931
37.5752	0.04892
37.8495	0.04863
38.1278	0.04779
38.4102	0.04606
38.6968	0.04586
38.9878	0.04649
39.2832	0.04720
39.583	0.04680
39.8875	0.04782
40.1967	0.05103
40.5108	0.05385
40.8298	0.05565
41.1538	0.05922
41.483	0.06248
41.8176	0.06505
42.1575	0.06625
42.5031	0.06699
42.8544	0.06634
43.2115	0.06750
43.5746	0.06928
43.9439	0.06973
44.3195	0.07060
44.7015	0.07120
45.0902	0.07056
45.4858	0.07024
45.8883	0.07001
46.298	0.06917
46.7151	0.06987
47.1398	0.07203
47.5723	0.07319
48.0128	0.07493
48.4615	0.07455
48.9187	0.07539
49.3846	0.07503
49.8594	0.07311
