Brown University Keck/NASA Relab Spectrum PL-ECS-154-L/BKR1PL154L
Wavelength(micron)	Reflectance
0.32	0.45051
0.33	0.51166
0.34	0.55454
0.35	0.57461
0.36	0.59071
0.37	0.60159
0.38	0.60560
0.39	0.61928
0.4	0.63439
0.41	0.64113
0.42	0.64540
0.43	0.65276
0.44	0.66049
0.45	0.66750
0.46	0.67569
0.47	0.68290
0.48	0.68860
0.49	0.69331
0.5	0.69824
0.51	0.70600
0.52	0.71028
0.53	0.71518
0.54	0.72167
0.55	0.72902
0.56	0.74065
0.57	0.75229
0.58	0.76285
0.59	0.77172
0.6	0.77853
0.61	0.78366
0.62	0.78689
0.63	0.78969
0.64	0.79159
0.65	0.79503
0.66	0.79752
0.67	0.80022
0.68	0.80380
0.69	0.80573
0.7	0.80736
0.71	0.81069
0.72	0.81152
0.73	0.81425
0.74	0.81388
0.75	0.81551
0.76	0.81798
0.77	0.81876
0.78	0.81989
0.79	0.81932
0.8	0.82202
0.81	0.81952
0.82	0.82085
0.83	0.81817
0.84	0.81875
0.85	0.81893
0.86	0.82098
0.87	0.81870
0.88	0.81746
0.89	0.81785
0.9	0.81755
0.91	0.81706
0.92	0.81642
0.93	0.81723
0.94	0.81716
0.95	0.81831
0.96	0.81744
0.97	0.81731
0.98	0.81684
0.99	0.81607
1	0.81519
1.01	0.81481
1.02	0.81392
1.03	0.81276
1.04	0.80968
1.05	0.80877
1.06	0.80688
1.07	0.80507
1.08	0.80202
1.09	0.80051
1.1	0.79853
1.11	0.79675
1.12	0.79388
1.13	0.79328
1.14	0.79033
1.15	0.78847
1.16	0.78663
1.17	0.78461
1.18	0.78252
1.19	0.78094
1.2	0.77973
1.21	0.77823
1.22	0.77819
1.23	0.77688
1.24	0.77728
1.25	0.77570
1.26	0.77593
1.27	0.77466
1.28	0.77482
1.29	0.77589
1.3	0.77593
1.31	0.77669
1.32	0.77689
1.33	0.77889
1.34	0.77822
1.35	0.77939
1.36	0.78078
1.37	0.77991
1.38	0.78123
1.39	0.78069
1.4	0.77966
1.41	0.77859
1.42	0.77907
1.43	0.77854
1.44	0.77936
1.45	0.78078
1.46	0.78283
1.47	0.78492
1.48	0.78604
1.49	0.79039
1.5	0.79247
1.51	0.79410
1.52	0.79769
1.53	0.79913
1.54	0.80101
1.55	0.80249
1.56	0.80384
1.57	0.80555
1.58	0.80702
1.59	0.80781
1.6	0.80971
1.61	0.81080
1.62	0.81067
1.63	0.81238
1.64	0.81368
1.65	0.81459
1.66	0.81746
1.67	0.81883
1.68	0.82028
1.69	0.82093
1.7	0.82266
1.71	0.82049
1.72	0.82140
1.73	0.82109
1.74	0.82078
1.75	0.82018
1.76	0.82044
1.77	0.82144
1.78	0.82235
1.79	0.82268
1.8	0.82308
1.81	0.82282
1.82	0.82210
1.83	0.82245
1.84	0.82131
1.85	0.82009
1.86	0.81850
1.87	0.81465
1.88	0.80705
1.89	0.79271
1.9	0.77019
1.91	0.74795
1.92	0.72836
1.93	0.70946
1.94	0.69891
1.95	0.70179
1.96	0.70898
1.97	0.71386
1.98	0.72037
1.99	0.72903
2	0.73917
2.01	0.74933
2.02	0.75676
2.03	0.76193
2.04	0.76571
2.05	0.76942
2.06	0.77210
2.07	0.77523
2.08	0.78049
2.09	0.78310
2.1	0.78517
2.11	0.78707
2.12	0.79033
2.13	0.79153
2.14	0.79255
2.15	0.79395
2.16	0.79367
2.17	0.79391
2.18	0.79596
2.19	0.79902
2.2	0.80023
2.21	0.80174
2.22	0.80444
2.23	0.80499
2.24	0.80580
2.25	0.80819
2.26	0.80803
2.27	0.80871
2.28	0.80817
2.29	0.80558
2.3	0.80500
2.31	0.80172
2.32	0.80008
2.33	0.79796
2.34	0.79511
2.35	0.78809
2.36	0.78212
2.37	0.77583
2.38	0.76840
2.39	0.75841
2.4	0.74892
2.41	0.73903
2.42	0.72977
2.43	0.72606
2.44	0.72176
2.45	0.71920
2.46	0.71707
2.47	0.71576
2.48	0.71678
2.49	0.71471
2.5	0.71375
2.5014	0.71382
2.5026	0.71385
2.5038	0.71384
2.505	0.71390
2.5063	0.71398
2.5075	0.71413
2.5087	0.71424
2.5099	0.71433
2.5111	0.71450
2.5123	0.71459
2.5135	0.71463
2.5148	0.71469
2.516	0.71481
2.5172	0.71482
2.5184	0.71480
2.5196	0.71494
2.5209	0.71507
2.5221	0.71514
2.5233	0.71509
2.5246	0.71495
2.5258	0.71489
2.527	0.71507
2.5283	0.71519
2.5295	0.71511
2.5307	0.71507
2.5319	0.71508
2.5332	0.71514
2.5344	0.71514
2.5357	0.71503
2.5369	0.71500
2.5381	0.71506
2.5394	0.71507
2.5406	0.71493
2.5419	0.71484
2.5431	0.71496
2.5444	0.71494
2.5456	0.71482
2.5469	0.71472
2.5481	0.71459
2.5494	0.71461
2.5506	0.71463
2.5519	0.71458
2.5531	0.71451
2.5544	0.71439
2.5557	0.71426
2.5569	0.71420
2.5582	0.71425
2.5594	0.71433
2.5607	0.71415
2.562	0.71402
2.5632	0.71386
2.5645	0.71379
2.5658	0.71373
2.5671	0.71361
2.5683	0.71359
2.5696	0.71355
2.5709	0.71344
2.5721	0.71334
2.5734	0.71337
2.5747	0.71336
2.576	0.71320
2.5773	0.71308
2.5785	0.71301
2.5798	0.71292
2.5811	0.71274
2.5824	0.71263
2.5837	0.71246
2.585	0.71227
2.5863	0.71220
2.5875	0.71213
2.5888	0.71199
2.5901	0.71175
2.5914	0.71145
2.5927	0.71130
2.594	0.71109
2.5953	0.71092
2.5966	0.71082
2.5979	0.71071
2.5992	0.71040
2.6005	0.71008
2.6018	0.70972
2.6031	0.70935
2.6044	0.70907
2.6058	0.70885
2.6071	0.70867
2.6084	0.70822
2.6097	0.70781
2.611	0.70750
2.6123	0.70708
2.6136	0.70664
2.6149	0.70634
2.6163	0.70590
2.6176	0.70535
2.6189	0.70493
2.6202	0.70447
2.6216	0.70409
2.6229	0.70369
2.6242	0.70322
2.6255	0.70265
2.6269	0.70214
2.6282	0.70172
2.6295	0.70123
2.6309	0.70071
2.6322	0.70019
2.6335	0.69954
2.6349	0.69895
2.6362	0.69839
2.6376	0.69784
2.6389	0.69727
2.6402	0.69670
2.6416	0.69614
2.6429	0.69538
2.6443	0.69457
2.6456	0.69379
2.647	0.69318
2.6483	0.69249
2.6497	0.69173
2.651	0.69095
2.6524	0.69007
2.6538	0.68915
2.6551	0.68816
2.6565	0.68724
2.6578	0.68627
2.6592	0.68507
2.6606	0.68385
2.6619	0.68280
2.6633	0.68163
2.6647	0.68037
2.666	0.67910
2.6674	0.67793
2.6688	0.67658
2.6701	0.67488
2.6715	0.67315
2.6729	0.67131
2.6743	0.66948
2.6757	0.66771
2.677	0.66585
2.6784	0.66383
2.6798	0.66160
2.6812	0.65906
2.6826	0.65631
2.684	0.65358
2.6854	0.65074
2.6868	0.64771
2.6881	0.64458
2.6895	0.64142
2.6909	0.63811
2.6923	0.63480
2.6937	0.63130
2.6951	0.62749
2.6965	0.62359
2.6979	0.61956
2.6993	0.61524
2.7008	0.61069
2.7021	0.60575
2.7036	0.60033
2.705	0.59460
2.7064	0.58843
2.7078	0.58199
2.7092	0.57531
2.7106	0.56818
2.7121	0.56113
2.7135	0.55401
2.7149	0.54689
2.7163	0.54014
2.7177	0.53375
2.7192	0.52760
2.7206	0.52149
2.722	0.51549
2.7234	0.50975
2.7249	0.50422
2.7263	0.49869
2.7277	0.49319
2.7292	0.48761
2.7306	0.48197
2.7321	0.47649
2.7335	0.47109
2.7349	0.46554
2.7364	0.45990
2.7378	0.45443
2.7393	0.44894
2.7407	0.44344
2.7422	0.43797
2.7436	0.43261
2.7451	0.42726
2.7465	0.42189
2.748	0.41657
2.7494	0.41147
2.7509	0.40639
2.7524	0.40133
2.7538	0.39639
2.7553	0.39179
2.7567	0.38741
2.7582	0.38310
2.7597	0.37900
2.7611	0.37519
2.7626	0.37141
2.7641	0.36785
2.7656	0.36454
2.767	0.36127
2.7685	0.35814
2.77	0.35522
2.7715	0.35238
2.773	0.34949
2.7744	0.34673
2.7759	0.34411
2.7774	0.34146
2.7789	0.33894
2.7804	0.33646
2.7819	0.33398
2.7834	0.33158
2.7849	0.32915
2.7864	0.32664
2.7879	0.32420
2.7894	0.32179
2.7909	0.31951
2.7924	0.31711
2.7939	0.31468
2.7954	0.31241
2.7969	0.31013
2.7984	0.30789
2.7999	0.30579
2.8014	0.30369
2.8029	0.30160
2.8044	0.29952
2.806	0.29761
2.8075	0.29578
2.809	0.29400
2.8105	0.29234
2.8121	0.29061
2.8136	0.28885
2.8151	0.28725
2.8166	0.28561
2.8182	0.28373
2.8197	0.28190
2.8212	0.28022
2.8228	0.27855
2.8243	0.27686
2.8259	0.27534
2.8274	0.27407
2.8289	0.27314
2.8305	0.27262
2.832	0.27245
2.8336	0.27264
2.8351	0.27297
2.8367	0.27333
2.8382	0.27374
2.8398	0.27422
2.8413	0.27476
2.8429	0.27515
2.8444	0.27554
2.846	0.27585
2.8476	0.27612
2.8491	0.27629
2.8507	0.27630
2.8523	0.27632
2.8538	0.27626
2.8554	0.27610
2.857	0.27587
2.8586	0.27555
2.8601	0.27523
2.8617	0.27482
2.8633	0.27432
2.8649	0.27381
2.8665	0.27333
2.8681	0.27280
2.8696	0.27218
2.8712	0.27162
2.8728	0.27112
2.8744	0.27057
2.876	0.27002
2.8776	0.26955
2.8792	0.26910
2.8808	0.26864
2.8824	0.26828
2.884	0.26795
2.8856	0.26773
2.8872	0.26754
2.8888	0.26732
2.8904	0.26710
2.892	0.26682
2.8936	0.26655
2.8953	0.26636
2.8969	0.26617
2.8985	0.26591
2.9001	0.26556
2.9018	0.26514
2.9034	0.26482
2.905	0.26448
2.9066	0.26414
2.9083	0.26376
2.9099	0.26330
2.9115	0.26282
2.9132	0.26225
2.9148	0.26176
2.9164	0.26121
2.9181	0.26052
2.9197	0.25989
2.9214	0.25921
2.923	0.25857
2.9247	0.25791
2.9263	0.25716
2.928	0.25642
2.9296	0.25567
2.9313	0.25493
2.9329	0.25422
2.9346	0.25352
2.9363	0.25281
2.9379	0.25209
2.9396	0.25148
2.9413	0.25096
2.9429	0.25055
2.9446	0.25020
2.9463	0.24988
2.9479	0.24962
2.9496	0.24954
2.9513	0.24956
2.953	0.24960
2.9547	0.24972
2.9563	0.24996
2.958	0.25017
2.9597	0.25036
2.9614	0.25060
2.9631	0.25089
2.9648	0.25118
2.9665	0.25149
2.9682	0.25180
2.9699	0.25217
2.9716	0.25254
2.9733	0.25298
2.975	0.25348
2.9767	0.25397
2.9784	0.25444
2.9801	0.25507
2.9818	0.25573
2.9836	0.25633
2.9853	0.25696
2.987	0.25763
2.9887	0.25835
2.9904	0.25912
2.9922	0.25981
2.9939	0.26047
2.9956	0.26115
2.9974	0.26182
2.9991	0.26239
3.0008	0.26288
3.0026	0.26340
3.0043	0.26394
3.0061	0.26436
3.0078	0.26462
3.0095	0.26488
3.0113	0.26512
3.013	0.26525
3.0148	0.26536
3.0165	0.26535
3.0183	0.26527
3.0201	0.26507
3.0218	0.26489
3.0236	0.26467
3.0253	0.26436
3.0271	0.26399
3.0289	0.26356
3.0306	0.26315
3.0324	0.26272
3.0342	0.26225
3.036	0.26177
3.0377	0.26139
3.0395	0.26101
3.0413	0.26054
3.0431	0.26010
3.0449	0.25973
3.0467	0.25938
3.0485	0.25910
3.0503	0.25887
3.0521	0.25874
3.0538	0.25874
3.0556	0.25888
3.0574	0.25909
3.0593	0.25934
3.0611	0.25962
3.0629	0.26004
3.0647	0.26051
3.0665	0.26100
3.0683	0.26157
3.0701	0.26218
3.0719	0.26281
3.0738	0.26348
3.0756	0.26421
3.0774	0.26502
3.0792	0.26581
3.0811	0.26659
3.0829	0.26738
3.0847	0.26815
3.0866	0.26891
3.0884	0.26973
3.0902	0.27061
3.0921	0.27142
3.0939	0.27225
3.0958	0.27310
3.0976	0.27402
3.0995	0.27482
3.1013	0.27557
3.1032	0.27631
3.1051	0.27709
3.1069	0.27787
3.1088	0.27862
3.1106	0.27938
3.1125	0.28013
3.1144	0.28090
3.1162	0.28173
3.1181	0.28249
3.12	0.28335
3.1219	0.28424
3.1238	0.28514
3.1256	0.28618
3.1275	0.28725
3.1294	0.28835
3.1313	0.28948
3.1332	0.29067
3.1351	0.29200
3.137	0.29337
3.1389	0.29478
3.1408	0.29624
3.1427	0.29773
3.1446	0.29922
3.1465	0.30070
3.1484	0.30219
3.1503	0.30373
3.1522	0.30523
3.1541	0.30665
3.1561	0.30810
3.158	0.30962
3.1599	0.31111
3.1618	0.31255
3.1638	0.31395
3.1657	0.31538
3.1676	0.31684
3.1696	0.31825
3.1715	0.31960
3.1735	0.32100
3.1754	0.32244
3.1773	0.32380
3.1793	0.32513
3.1812	0.32646
3.1832	0.32779
3.1851	0.32910
3.1871	0.33045
3.1891	0.33169
3.191	0.33290
3.193	0.33424
3.195	0.33556
3.1969	0.33680
3.1989	0.33811
3.2009	0.33946
3.2029	0.34079
3.2048	0.34203
3.2068	0.34322
3.2088	0.34445
3.2108	0.34565
3.2128	0.34689
3.2148	0.34818
3.2168	0.34940
3.2188	0.35058
3.2208	0.35180
3.2228	0.35308
3.2248	0.35422
3.2268	0.35541
3.2288	0.35665
3.2308	0.35790
3.2328	0.35921
3.2348	0.36042
3.2368	0.36161
3.2389	0.36279
3.2409	0.36397
3.2429	0.36518
3.2449	0.36634
3.247	0.36752
3.249	0.36875
3.2511	0.36995
3.2531	0.37113
3.2551	0.37227
3.2572	0.37342
3.2592	0.37463
3.2613	0.37584
3.2633	0.37702
3.2654	0.37819
3.2674	0.37932
3.2695	0.38050
3.2716	0.38167
3.2736	0.38281
3.2757	0.38396
3.2778	0.38510
3.2798	0.38626
3.2819	0.38737
3.284	0.38843
3.2861	0.38962
3.2882	0.39084
3.2902	0.39205
3.2923	0.39327
3.2944	0.39440
3.2965	0.39556
3.2986	0.39680
3.3007	0.39809
3.3028	0.39933
3.3049	0.40061
3.307	0.40190
3.3091	0.40319
3.3113	0.40452
3.3134	0.40582
3.3155	0.40715
3.3176	0.40849
3.3197	0.40981
3.3219	0.41108
3.324	0.41242
3.3261	0.41375
3.3283	0.41507
3.3304	0.41642
3.3325	0.41775
3.3347	0.41910
3.3368	0.42038
3.339	0.42170
3.3411	0.42303
3.3433	0.42433
3.3454	0.42559
3.3476	0.42678
3.3498	0.42800
3.3519	0.42926
3.3541	0.43059
3.3563	0.43195
3.3584	0.43323
3.3606	0.43448
3.3628	0.43575
3.365	0.43692
3.3672	0.43805
3.3694	0.43917
3.3715	0.44029
3.3737	0.44155
3.3759	0.44290
3.3781	0.44430
3.3803	0.44583
3.3825	0.44737
3.3847	0.44883
3.3869	0.45033
3.3892	0.45182
3.3914	0.45326
3.3936	0.45469
3.3958	0.45603
3.3981	0.45724
3.4003	0.45851
3.4025	0.45987
3.4047	0.46113
3.407	0.46239
3.4092	0.46372
3.4115	0.46504
3.4137	0.46640
3.416	0.46782
3.4182	0.46934
3.4205	0.47093
3.4227	0.47254
3.425	0.47415
3.4273	0.47571
3.4295	0.47723
3.4318	0.47879
3.4341	0.48038
3.4363	0.48191
3.4386	0.48342
3.4409	0.48490
3.4432	0.48637
3.4455	0.48786
3.4478	0.48939
3.4501	0.49091
3.4524	0.49241
3.4546	0.49390
3.4569	0.49538
3.4593	0.49679
3.4616	0.49814
3.4639	0.49948
3.4662	0.50078
3.4685	0.50200
3.4708	0.50326
3.4732	0.50450
3.4755	0.50569
3.4778	0.50692
3.4801	0.50831
3.4825	0.50974
3.4848	0.51107
3.4872	0.51243
3.4895	0.51389
3.4919	0.51530
3.4942	0.51664
3.4966	0.51802
3.4989	0.51942
3.5013	0.52087
3.5037	0.52242
3.506	0.52407
3.5084	0.52571
3.5108	0.52737
3.5132	0.52909
3.5155	0.53079
3.5179	0.53245
3.5203	0.53405
3.5227	0.53568
3.5251	0.53732
3.5275	0.53889
3.5299	0.54048
3.5323	0.54199
3.5347	0.54346
3.5371	0.54500
3.5395	0.54647
3.5419	0.54791
3.5444	0.54935
3.5468	0.55074
3.5492	0.55214
3.5517	0.55357
3.5541	0.55500
3.5565	0.55639
3.559	0.55773
3.5614	0.55905
3.5639	0.56039
3.5663	0.56172
3.5688	0.56307
3.5712	0.56437
3.5737	0.56564
3.5761	0.56692
3.5786	0.56820
3.5811	0.56948
3.5836	0.57075
3.586	0.57199
3.5885	0.57319
3.591	0.57447
3.5935	0.57571
3.596	0.57696
3.5985	0.57813
3.601	0.57927
3.6035	0.58044
3.606	0.58159
3.6085	0.58278
3.611	0.58399
3.6135	0.58514
3.6161	0.58625
3.6186	0.58735
3.6211	0.58848
3.6236	0.58963
3.6262	0.59077
3.6287	0.59182
3.6313	0.59288
3.6338	0.59396
3.6363	0.59498
3.6389	0.59607
3.6414	0.59715
3.644	0.59817
3.6466	0.59920
3.6491	0.60023
3.6517	0.60128
3.6543	0.60233
3.6569	0.60333
3.6594	0.60433
3.662	0.60537
3.6646	0.60642
3.6672	0.60749
3.6698	0.60854
3.6724	0.60947
3.675	0.61040
3.6776	0.61140
3.6802	0.61233
3.6828	0.61328
3.6854	0.61426
3.6881	0.61526
3.6907	0.61620
3.6933	0.61713
3.6959	0.61802
3.6986	0.61892
3.7012	0.61988
3.7039	0.62076
3.7065	0.62166
3.7092	0.62259
3.7118	0.62345
3.7145	0.62433
3.7171	0.62527
3.7198	0.62615
3.7225	0.62701
3.7252	0.62784
3.7278	0.62867
3.7305	0.62953
3.7332	0.63031
3.7359	0.63108
3.7386	0.63190
3.7413	0.63271
3.744	0.63352
3.7467	0.63437
3.7494	0.63516
3.7521	0.63595
3.7548	0.63679
3.7576	0.63761
3.7603	0.63839
3.763	0.63915
3.7657	0.63991
3.7685	0.64068
3.7712	0.64148
3.774	0.64223
3.7767	0.64293
3.7795	0.64366
3.7822	0.64435
3.785	0.64499
3.7877	0.64560
3.7905	0.64625
3.7933	0.64689
3.7961	0.64751
3.7988	0.64807
3.8016	0.64857
3.8044	0.64905
3.8072	0.64952
3.81	0.65007
3.8128	0.65063
3.8156	0.65110
3.8184	0.65155
3.8212	0.65201
3.8241	0.65242
3.8269	0.65283
3.8297	0.65328
3.8325	0.65367
3.8354	0.65406
3.8382	0.65441
3.8411	0.65473
3.8439	0.65514
3.8468	0.65558
3.8496	0.65593
3.8525	0.65623
3.8553	0.65662
3.8582	0.65706
3.8611	0.65741
3.8639	0.65773
3.8668	0.65807
3.8697	0.65836
3.8726	0.65867
3.8755	0.65898
3.8784	0.65924
3.8813	0.65952
3.8842	0.65983
3.8871	0.66010
3.89	0.66030
3.893	0.66049
3.8959	0.66069
3.8988	0.66093
3.9017	0.66117
3.9047	0.66134
3.9076	0.66146
3.9106	0.66160
3.9135	0.66173
3.9165	0.66182
3.9194	0.66185
3.9224	0.66187
3.9254	0.66197
3.9284	0.66207
3.9313	0.66214
3.9343	0.66217
3.9373	0.66210
3.9403	0.66192
3.9433	0.66159
3.9463	0.66117
3.9493	0.66072
3.9523	0.66025
3.9553	0.65972
3.9583	0.65923
3.9614	0.65877
3.9644	0.65830
3.9674	0.65792
3.9705	0.65767
3.9735	0.65742
3.9766	0.65719
3.9796	0.65701
3.9826	0.65691
3.9857	0.65695
3.9888	0.65703
3.9919	0.65718
3.9949	0.65744
3.998	0.65770
4.0011	0.65801
4.0042	0.65832
4.0073	0.65868
4.0104	0.65890
4.0135	0.65906
4.0166	0.65915
4.0197	0.65910
4.0228	0.65896
4.0259	0.65877
4.0291	0.65858
4.0322	0.65839
4.0353	0.65816
4.0385	0.65788
4.0416	0.65754
4.0448	0.65719
4.0479	0.65681
4.0511	0.65634
4.0543	0.65583
4.0574	0.65536
4.0606	0.65478
4.0638	0.65417
4.067	0.65362
4.0702	0.65302
4.0734	0.65237
4.0766	0.65167
4.0798	0.65092
4.083	0.65021
4.0862	0.64949
4.0894	0.64869
4.0927	0.64791
4.0959	0.64709
4.0991	0.64622
4.1024	0.64540
4.1056	0.64456
4.1089	0.64375
4.1121	0.64290
4.1154	0.64200
4.1187	0.64110
4.122	0.64027
4.1252	0.63943
4.1285	0.63854
4.1318	0.63762
4.1351	0.63671
4.1384	0.63577
4.1417	0.63484
4.145	0.63389
4.1483	0.63290
4.1516	0.63189
4.155	0.63089
4.1583	0.62985
4.1616	0.62878
4.165	0.62777
4.1683	0.62668
4.1717	0.62555
4.175	0.62447
4.1784	0.62339
4.1818	0.62228
4.1852	0.62117
4.1885	0.62004
4.1919	0.61889
4.1953	0.61777
4.1987	0.61667
4.2021	0.61553
4.2055	0.61431
4.2089	0.61311
4.2124	0.61190
4.2158	0.61063
4.2192	0.60930
4.2226	0.60793
4.2261	0.60654
4.2295	0.60512
4.233	0.60365
4.2365	0.60213
4.2399	0.60050
4.2434	0.59882
4.2469	0.59714
4.2503	0.59549
4.2538	0.59375
4.2573	0.59190
4.2608	0.58998
4.2643	0.58799
4.2678	0.58590
4.2713	0.58382
4.2749	0.58169
4.2784	0.57948
4.2819	0.57720
4.2855	0.57489
4.289	0.57252
4.2926	0.57013
4.2961	0.56769
4.2997	0.56522
4.3033	0.56271
4.3068	0.56025
4.3104	0.55778
4.314	0.55528
4.3176	0.55277
4.3212	0.55034
4.3248	0.54800
4.3284	0.54572
4.332	0.54350
4.3356	0.54141
4.3393	0.53935
4.3429	0.53732
4.3465	0.53540
4.3502	0.53361
4.3538	0.53194
4.3575	0.53042
4.3611	0.52899
4.3648	0.52768
4.3685	0.52646
4.3722	0.52537
4.3759	0.52438
4.3796	0.52343
4.3833	0.52263
4.387	0.52193
4.3907	0.52125
4.3944	0.52063
4.3981	0.52014
4.4019	0.51972
4.4056	0.51934
4.4094	0.51904
4.4131	0.51875
4.4169	0.51851
4.4206	0.51831
4.4244	0.51815
4.4282	0.51804
4.432	0.51796
4.4358	0.51788
4.4396	0.51781
4.4434	0.51775
4.4472	0.51767
4.451	0.51759
4.4548	0.51757
4.4586	0.51754
4.4625	0.51746
4.4663	0.51736
4.4702	0.51730
4.474	0.51723
4.4779	0.51706
4.4818	0.51679
4.4856	0.51649
4.4895	0.51619
4.4934	0.51584
4.4973	0.51543
4.5012	0.51497
4.5051	0.51451
4.509	0.51398
4.513	0.51336
4.5169	0.51270
4.5208	0.51197
4.5248	0.51119
4.5287	0.51040
4.5327	0.50957
4.5367	0.50864
4.5406	0.50767
4.5446	0.50672
4.5486	0.50569
4.5526	0.50456
4.5566	0.50343
4.5606	0.50229
4.5646	0.50110
4.5686	0.49992
4.5727	0.49873
4.5767	0.49748
4.5808	0.49620
4.5848	0.49495
4.5889	0.49374
4.5929	0.49255
4.597	0.49141
4.6011	0.49035
4.6052	0.48933
4.6093	0.48824
4.6134	0.48719
4.6175	0.48620
4.6216	0.48526
4.6257	0.48430
4.6298	0.48335
4.634	0.48241
4.6381	0.48149
4.6423	0.48061
4.6464	0.47968
4.6506	0.47874
4.6548	0.47783
4.659	0.47694
4.6631	0.47610
4.6673	0.47526
4.6715	0.47438
4.6758	0.47347
4.68	0.47257
4.6842	0.47164
4.6884	0.47074
4.6927	0.46981
4.6969	0.46887
4.7012	0.46788
4.7055	0.46688
4.7097	0.46586
4.714	0.46486
4.7183	0.46391
4.7226	0.46291
4.7269	0.46189
4.7312	0.46089
4.7355	0.45985
4.7399	0.45880
4.7442	0.45778
4.7485	0.45678
4.7529	0.45578
4.7573	0.45479
4.7616	0.45375
4.766	0.45276
4.7704	0.45174
4.7748	0.45076
4.7792	0.44980
4.7836	0.44885
4.788	0.44786
4.7924	0.44684
4.7969	0.44580
4.8013	0.44482
4.8058	0.44387
4.8102	0.44296
4.8147	0.44200
4.8191	0.44103
4.8236	0.44015
4.8281	0.43925
4.8326	0.43835
4.8371	0.43751
4.8416	0.43667
4.8462	0.43583
4.8507	0.43502
4.8553	0.43420
4.8598	0.43334
4.8644	0.43254
4.8689	0.43178
4.8735	0.43096
4.8781	0.43012
4.8827	0.42930
4.8873	0.42844
4.8919	0.42753
4.8965	0.42663
4.9011	0.42576
4.9058	0.42483
4.9104	0.42392
4.9151	0.42296
4.9197	0.42194
4.9244	0.42085
4.9291	0.41979
4.9338	0.41874
4.9385	0.41762
4.9432	0.41645
4.9479	0.41527
4.9526	0.41403
4.9574	0.41280
4.9621	0.41157
4.9669	0.41026
4.9716	0.40893
4.9764	0.40758
4.9812	0.40621
4.986	0.40490
4.9908	0.40354
4.9956	0.40219
5.0004	0.40083
5.0052	0.39946
5.01	0.39806
5.0149	0.39661
5.0198	0.39518
5.0246	0.39379
5.0295	0.39240
5.0344	0.39098
5.0393	0.38952
5.0442	0.38811
5.0491	0.38671
5.054	0.38529
5.0589	0.38379
5.0639	0.38230
5.0688	0.38083
5.0738	0.37933
5.0788	0.37778
5.0837	0.37620
5.0887	0.37456
5.0937	0.37289
5.0987	0.37121
5.1037	0.36954
5.1088	0.36784
5.1138	0.36609
5.1189	0.36433
5.1239	0.36257
5.129	0.36072
5.1341	0.35884
5.1391	0.35699
5.1443	0.35519
5.1494	0.35334
5.1545	0.35149
5.1596	0.34969
5.1647	0.34790
5.1699	0.34616
5.175	0.34440
5.1802	0.34263
5.1854	0.34093
5.1906	0.33924
5.1958	0.33754
5.201	0.33587
5.2062	0.33423
5.2115	0.33255
5.2167	0.33086
5.222	0.32920
5.2272	0.32760
5.2325	0.32597
5.2378	0.32428
5.2431	0.32266
5.2484	0.32114
5.2537	0.31959
5.259	0.31803
5.2644	0.31656
5.2697	0.31510
5.2751	0.31357
5.2805	0.31210
5.2858	0.31068
5.2912	0.30926
5.2966	0.30783
5.302	0.30640
5.3075	0.30501
5.3129	0.30363
5.3184	0.30219
5.3238	0.30069
5.3293	0.29919
5.3348	0.29775
5.3403	0.29630
5.3458	0.29479
5.3513	0.29331
5.3568	0.29177
5.3624	0.29018
5.3679	0.28865
5.3735	0.28707
5.379	0.28546
5.3846	0.28388
5.3902	0.28233
5.3958	0.28077
5.4015	0.27921
5.4071	0.27765
5.4127	0.27617
5.4184	0.27478
5.4241	0.27341
5.4297	0.27208
5.4354	0.27082
5.4411	0.26959
5.4468	0.26842
5.4526	0.26732
5.4583	0.26635
5.4641	0.26546
5.4698	0.26462
5.4756	0.26384
5.4814	0.26314
5.4872	0.26255
5.493	0.26200
5.4988	0.26144
5.5047	0.26092
5.5105	0.26043
5.5164	0.25999
5.5223	0.25953
5.5281	0.25903
5.534	0.25848
5.54	0.25788
5.5459	0.25716
5.5518	0.25641
5.5578	0.25559
5.5637	0.25478
5.5697	0.25404
5.5757	0.25329
5.5817	0.25255
5.5877	0.25186
5.5937	0.25115
5.5998	0.25040
5.6058	0.24959
5.6119	0.24870
5.618	0.24777
5.6241	0.24688
5.6302	0.24597
5.6363	0.24502
5.6424	0.24404
5.6486	0.24307
5.6547	0.24202
5.6609	0.24095
5.6671	0.23994
5.6733	0.23891
5.6795	0.23783
5.6857	0.23675
5.692	0.23566
5.6982	0.23456
5.7045	0.23336
5.7108	0.23218
5.7171	0.23103
5.7234	0.22981
5.7297	0.22855
5.7361	0.22727
5.7424	0.22594
5.7488	0.22457
5.7551	0.22316
5.7615	0.22172
5.768	0.22021
5.7744	0.21872
5.7808	0.21718
5.7873	0.21553
5.7937	0.21383
5.8002	0.21209
5.8067	0.21025
5.8132	0.20837
5.8197	0.20642
5.8263	0.20442
5.8328	0.20231
5.8394	0.20010
5.846	0.19784
5.8526	0.19547
5.8592	0.19292
5.8658	0.19022
5.8725	0.18732
5.8791	0.18421
5.8858	0.18079
5.8925	0.17704
5.8992	0.17297
5.9059	0.16857
5.9126	0.16388
5.9194	0.15906
5.9262	0.15428
5.9329	0.14984
5.9397	0.14609
5.9465	0.14324
5.9534	0.14138
5.9602	0.14045
5.9671	0.14010
5.974	0.14023
5.9808	0.14052
5.9878	0.14067
5.9947	0.14058
6.0016	0.14026
6.0086	0.13980
6.0155	0.13946
6.0225	0.13972
6.0295	0.14039
6.0365	0.14110
6.0436	0.14160
6.0506	0.14180
6.0577	0.14173
6.0648	0.14156
6.0719	0.14151
6.079	0.14182
6.0861	0.14251
6.0933	0.14343
6.1005	0.14444
6.1076	0.14539
6.1148	0.14626
6.1221	0.14698
6.1293	0.14755
6.1365	0.14795
6.1438	0.14821
6.1511	0.14835
6.1584	0.14838
6.1657	0.14833
6.1731	0.14818
6.1804	0.14794
6.1878	0.14757
6.1952	0.14717
6.2026	0.14678
6.21	0.14639
6.2175	0.14603
6.225	0.14576
6.2324	0.14571
6.2399	0.14590
6.2475	0.14615
6.255	0.14654
6.2625	0.14707
6.2701	0.14763
6.2777	0.14828
6.2853	0.14901
6.2929	0.14982
6.3006	0.15065
6.3083	0.15147
6.3159	0.15223
6.3236	0.15304
6.3314	0.15380
6.3391	0.15449
6.3469	0.15520
6.3546	0.15582
6.3624	0.15631
6.3703	0.15675
6.3781	0.15718
6.3859	0.15755
6.3938	0.15783
6.4017	0.15801
6.4096	0.15811
6.4176	0.15816
6.4255	0.15814
6.4335	0.15807
6.4415	0.15796
6.4495	0.15783
6.4575	0.15768
6.4656	0.15742
6.4736	0.15716
6.4817	0.15689
6.4898	0.15662
6.498	0.15632
6.5061	0.15600
6.5143	0.15564
6.5225	0.15531
6.5307	0.15500
6.5389	0.15460
6.5472	0.15414
6.5555	0.15368
6.5638	0.15318
6.5721	0.15260
6.5804	0.15202
6.5888	0.15142
6.5972	0.15081
6.6056	0.15024
6.614	0.14962
6.6225	0.14905
6.6309	0.14851
6.6394	0.14796
6.6479	0.14746
6.6565	0.14695
6.665	0.14649
6.6736	0.14607
6.6822	0.14564
6.6908	0.14523
6.6995	0.14484
6.7081	0.14445
6.7168	0.14407
6.7255	0.14374
6.7343	0.14340
6.743	0.14305
6.7518	0.14268
6.7606	0.14229
6.7694	0.14192
6.7783	0.14159
6.7871	0.14124
6.796	0.14090
6.805	0.14057
6.8139	0.14026
6.8229	0.13996
6.8319	0.13959
6.8409	0.13922
6.8499	0.13882
6.859	0.13839
6.868	0.13800
6.8772	0.13761
6.8863	0.13722
6.8955	0.13685
6.9046	0.13654
6.9138	0.13622
6.9231	0.13584
6.9323	0.13535
6.9416	0.13475
6.9509	0.13411
6.9602	0.13344
6.9696	0.13278
6.979	0.13207
6.9884	0.13128
6.9978	0.13057
7.0073	0.12988
7.0168	0.12909
7.0263	0.12823
7.0358	0.12747
7.0454	0.12671
7.0549	0.12588
7.0645	0.12509
7.0742	0.12430
7.0839	0.12352
7.0935	0.12268
7.1033	0.12180
7.113	0.12089
7.1228	0.11994
7.1326	0.11897
7.1424	0.11797
7.1522	0.11692
7.1621	0.11590
7.172	0.11491
7.182	0.11390
7.1919	0.11285
7.2019	0.11177
7.2119	0.11062
7.222	0.10950
7.232	0.10835
7.2421	0.10717
7.2523	0.10596
7.2624	0.10472
7.2726	0.10346
7.2828	0.10220
7.2931	0.10094
7.3033	0.09963
7.3136	0.09832
7.324	0.09698
7.3343	0.09564
7.3447	0.09428
7.3551	0.09286
7.3656	0.09142
7.3761	0.08997
7.3866	0.08847
7.3971	0.08695
7.4077	0.08538
7.4183	0.08379
7.4289	0.08227
7.4396	0.08076
7.4503	0.07922
7.461	0.07765
7.4717	0.07609
7.4825	0.07451
7.4933	0.07290
7.5041	0.07128
7.515	0.06973
7.5259	0.06818
7.5369	0.06655
7.5479	0.06493
7.5589	0.06331
7.5699	0.06164
7.581	0.06000
7.592	0.05841
7.6032	0.05677
7.6144	0.05506
7.6255	0.05334
7.6368	0.05163
7.648	0.04993
7.6593	0.04824
7.6707	0.04653
7.682	0.04481
7.6934	0.04310
7.7049	0.04137
7.7163	0.03963
7.7278	0.03790
7.7394	0.03619
7.7509	0.03448
7.7625	0.03286
7.7742	0.03127
7.7858	0.02975
7.7975	0.02820
7.8093	0.02663
7.8211	0.02514
7.8329	0.02376
7.8447	0.02238
7.8566	0.02102
7.8685	0.01976
7.8805	0.01863
7.8925	0.01753
7.9045	0.01651
7.9166	0.01553
7.9287	0.01464
7.9408	0.01380
7.953	0.01309
7.9652	0.01247
7.9775	0.01193
7.9898	0.01154
8.0021	0.01128
8.0145	0.01113
8.0269	0.01114
8.0393	0.01128
8.0518	0.01164
8.0643	0.01221
8.0769	0.01303
8.0895	0.01413
8.1021	0.01551
8.1148	0.01721
8.1275	0.01922
8.1403	0.02153
8.1531	0.02422
8.1659	0.02720
8.1788	0.03049
8.1917	0.03408
8.2047	0.03781
8.2177	0.04162
8.2307	0.04550
8.2438	0.04933
8.257	0.05295
8.2701	0.05611
8.2833	0.05887
8.2966	0.06115
8.3099	0.06278
8.3232	0.06397
8.3366	0.06470
8.35	0.06510
8.3635	0.06532
8.377	0.06530
8.3905	0.06526
8.4042	0.06523
8.4178	0.06510
8.4315	0.06494
8.4452	0.06476
8.459	0.06457
8.4728	0.06437
8.4867	0.06406
8.5006	0.06371
8.5145	0.06349
8.5285	0.06337
8.5426	0.06322
8.5567	0.06305
8.5708	0.06290
8.585	0.06278
8.5993	0.06273
8.6135	0.06272
8.6279	0.06259
8.6423	0.06251
8.6567	0.06245
8.6712	0.06234
8.6857	0.06226
8.7003	0.06219
8.7149	0.06211
8.7295	0.06207
8.7443	0.06205
8.759	0.06205
8.7739	0.06213
8.7887	0.06222
8.8037	0.06228
8.8186	0.06224
8.8337	0.06220
8.8487	0.06216
8.8638	0.06207
8.879	0.06191
8.8943	0.06161
8.9095	0.06115
8.9249	0.06055
8.9403	0.05995
8.9557	0.05932
8.9712	0.05857
8.9868	0.05769
9.0023	0.05681
9.018	0.05590
9.0337	0.05502
9.0495	0.05415
9.0653	0.05324
9.0812	0.05228
9.0971	0.05127
9.1131	0.05039
9.1291	0.04952
9.1452	0.04867
9.1614	0.04800
9.1776	0.04744
9.1939	0.04697
9.2102	0.04655
9.2266	0.04636
9.243	0.04633
9.2595	0.04638
9.2761	0.04652
9.2927	0.04672
9.3094	0.04693
9.3262	0.04724
9.343	0.04766
9.3598	0.04799
9.3768	0.04834
9.3938	0.04884
9.4108	0.04933
9.4279	0.04977
9.4451	0.05029
9.4623	0.05088
9.4796	0.05162
9.497	0.05232
9.5144	0.05305
9.5319	0.05383
9.5494	0.05462
9.567	0.05548
9.5847	0.05630
9.6025	0.05712
9.6203	0.05806
9.6382	0.05897
9.6561	0.05975
9.6742	0.06042
9.6922	0.06105
9.7104	0.06159
9.7286	0.06202
9.7469	0.06239
9.7652	0.06272
9.7837	0.06299
9.8022	0.06314
9.8207	0.06330
9.8394	0.06347
9.8581	0.06355
9.8768	0.06364
9.8957	0.06377
9.9146	0.06375
9.9336	0.06364
9.9527	0.06355
9.9718	0.06360
9.991	0.06366
10.0103	0.06372
10.0297	0.06368
10.0491	0.06359
10.0686	0.06358
10.0882	0.06367
10.1079	0.06364
10.1276	0.06341
10.1475	0.06327
10.1673	0.06330
10.1873	0.06327
10.2074	0.06328
10.2275	0.06349
10.2477	0.06376
10.268	0.06411
10.2884	0.06470
10.3088	0.06545
10.3294	0.06626
10.35	0.06708
10.3707	0.06793
10.3915	0.06868
10.4123	0.06931
10.4333	0.06995
10.4543	0.07060
10.4754	0.07103
10.4967	0.07132
10.5179	0.07159
10.5393	0.07186
10.5608	0.07218
10.5823	0.07240
10.604	0.07264
10.6257	0.07296
10.6475	0.07321
10.6694	0.07351
10.6914	0.07380
10.7135	0.07404
10.7357	0.07428
10.758	0.07446
10.7803	0.07469
10.8028	0.07497
10.8254	0.07503
10.848	0.07493
10.8708	0.07476
10.8936	0.07452
10.9165	0.07422
10.9395	0.07386
10.9627	0.07354
10.9859	0.07322
11.0092	0.07288
11.0327	0.07254
11.0562	0.07224
11.0798	0.07200
11.1035	0.07191
11.1274	0.07189
11.1513	0.07194
11.1753	0.07205
11.1995	0.07220
11.2237	0.07245
11.248	0.07278
11.2725	0.07328
11.2971	0.07384
11.3217	0.07438
11.3465	0.07486
11.3714	0.07542
11.3964	0.07601
11.4215	0.07650
11.4467	0.07692
11.472	0.07723
11.4975	0.07738
11.523	0.07749
11.5487	0.07766
11.5744	0.07761
11.6003	0.07764
11.6263	0.07781
11.6525	0.07785
11.6787	0.07790
11.7051	0.07808
11.7316	0.07836
11.7582	0.07874
11.7849	0.07923
11.8117	0.07982
11.8387	0.08042
11.8658	0.08097
11.893	0.08172
11.9203	0.08268
11.9478	0.08353
11.9754	0.08431
12.0031	0.08513
12.031	0.08591
12.059	0.08673
12.0871	0.08738
12.1153	0.08763
12.1437	0.08754
12.1722	0.08718
12.2008	0.08657
12.2296	0.08556
12.2585	0.08396
12.2876	0.08192
12.3168	0.07945
12.3461	0.07670
12.3755	0.07372
12.4052	0.07056
12.4349	0.06716
12.4648	0.06373
12.4948	0.06045
12.525	0.05735
12.5553	0.05451
12.5858	0.05193
12.6164	0.04956
12.6472	0.04740
12.6781	0.04535
12.7092	0.04355
12.7404	0.04193
12.7718	0.04059
12.8033	0.03952
12.835	0.03874
12.8669	0.03809
12.8989	0.03755
12.9311	0.03720
12.9634	0.03690
12.9959	0.03658
13.0285	0.03628
13.0613	0.03602
13.0943	0.03591
13.1275	0.03580
13.1608	0.03565
13.1943	0.03566
13.228	0.03577
13.2618	0.03580
13.2958	0.03587
13.33	0.03583
13.3643	0.03575
13.3988	0.03562
13.4336	0.03542
13.4685	0.03528
13.5035	0.03516
13.5388	0.03498
13.5742	0.03500
13.6099	0.03504
13.6457	0.03495
13.6817	0.03497
13.7179	0.03511
13.7543	0.03522
13.7908	0.03540
13.8276	0.03538
13.8646	0.03519
13.9018	0.03487
13.9392	0.03453
13.9767	0.03416
14.0145	0.03368
14.0525	0.03312
14.0907	0.03253
14.129	0.03199
14.1676	0.03148
14.2065	0.03091
14.2455	0.03037
14.2847	0.02994
14.3242	0.02946
14.3639	0.02908
14.4038	0.02879
14.4439	0.02838
14.4843	0.02815
14.5248	0.02807
14.5656	0.02794
14.6067	0.02786
14.6479	0.02788
14.6894	0.02782
14.7312	0.02762
14.7731	0.02747
14.8153	0.02736
14.8578	0.02734
14.9005	0.02747
14.9434	0.02781
14.9866	0.02812
15.03	0.02846
15.0737	0.02889
15.1177	0.02935
15.1619	0.03013
15.2063	0.03142
15.2511	0.03305
15.2961	0.03531
15.3413	0.03813
15.3868	0.04109
15.4326	0.04412
15.4787	0.04690
15.525	0.04928
15.5717	0.05121
15.6186	0.05284
15.6658	0.05418
15.7132	0.05521
15.761	0.05587
15.809	0.05622
15.8574	0.05653
15.906	0.05661
15.955	0.05639
16.0042	0.05576
16.0538	0.05481
16.1036	0.05385
16.1538	0.05298
16.2043	0.05240
16.2551	0.05237
16.3062	0.05304
16.3576	0.05402
16.4094	0.05508
16.4615	0.05634
16.5139	0.05790
16.5667	0.05927
16.6198	0.06033
16.6732	0.06130
16.727	0.06218
16.7811	0.06314
16.8356	0.06355
16.8905	0.06350
16.9457	0.06326
17.0012	0.06283
17.0572	0.06216
17.1134	0.06109
17.1701	0.05998
17.2272	0.05899
17.2846	0.05821
17.3424	0.05783
17.4006	0.05785
17.4592	0.05812
17.5182	0.05818
17.5775	0.05756
17.6373	0.05664
17.6975	0.05568
17.7581	0.05468
17.8192	0.05352
17.8806	0.05227
17.9425	0.05156
18.0048	0.05145
18.0675	0.05155
18.1307	0.05267
18.1943	0.05452
18.2584	0.05650
18.3229	0.05844
18.3879	0.06033
18.4533	0.06159
18.5192	0.06172
18.5856	0.06105
18.6524	0.06009
18.7198	0.05864
18.7876	0.05708
18.8559	0.05566
18.9247	0.05433
18.9941	0.05321
19.0639	0.05211
19.1342	0.05114
19.2051	0.05027
19.2765	0.04953
19.3484	0.04946
19.4209	0.04935
19.4939	0.04889
19.5675	0.04842
19.6416	0.04790
19.7163	0.04680
19.7915	0.04584
19.8673	0.04525
19.9438	0.04389
20.0208	0.04228
20.0984	0.04094
20.1766	0.03982
20.2554	0.03847
20.3348	0.03691
20.4149	0.03616
20.4956	0.03574
20.5769	0.03623
20.6589	0.03698
20.7416	0.03782
20.8248	0.03829
20.9088	0.03859
20.9935	0.03792
21.0788	0.03705
21.1648	0.03682
21.2516	0.03784
21.3391	0.03866
21.4272	0.03950
21.5161	0.03929
21.6058	0.03870
21.6962	0.03858
21.7873	0.03812
21.8793	0.03714
21.972	0.03620
22.0654	0.03514
22.1597	0.03510
22.2548	0.03525
22.3508	0.03520
22.4475	0.03539
22.5451	0.03648
22.6436	0.03864
22.7429	0.04150
22.8431	0.04359
22.9442	0.04582
23.0461	0.04770
23.149	0.04915
23.2528	0.05071
23.3576	0.05259
23.4633	0.05354
23.5699	0.05425
23.6775	0.05419
23.7861	0.05425
23.8958	0.05379
24.0064	0.05299
24.118	0.05246
24.2307	0.05229
24.3445	0.05195
24.4593	0.05226
24.5753	0.05252
24.6923	0.05261
24.8104	0.05298
24.9297	0.05385
25.0501	0.05428
25.1717	0.05509
25.2945	0.05668
25.4185	0.05838
25.5437	0.05943
25.6702	0.06062
25.7979	0.06132
25.9269	0.06088
26.0572	0.06014
26.1888	0.06069
26.3217	0.06098
26.456	0.06029
26.5917	0.06026
26.7288	0.06077
26.8672	0.06075
27.0072	0.06096
27.1486	0.06115
27.2915	0.06162
27.4359	0.06146
27.5818	0.06120
27.7293	0.06072
27.8784	0.06026
28.0291	0.05976
28.1814	0.05934
28.3354	0.05875
28.4911	0.05919
28.6485	0.05969
28.8077	0.06022
28.9686	0.06052
29.1313	0.06034
29.2959	0.05935
29.4624	0.05851
29.6307	0.05768
29.801	0.05719
29.9733	0.05627
30.1475	0.05604
30.3238	0.05568
30.5022	0.05511
30.6827	0.05458
30.8653	0.05407
31.0502	0.05302
31.2372	0.05284
31.4265	0.05369
31.6182	0.05502
31.8121	0.05579
32.0085	0.05607
32.2073	0.05685
32.4086	0.05809
32.6124	0.05915
32.8188	0.06043
33.0279	0.06105
33.2396	0.06143
33.4541	0.06154
33.6713	0.06149
33.8914	0.06162
34.1143	0.06207
34.3403	0.06138
34.5692	0.06014
34.8012	0.05897
35.0363	0.05820
35.2747	0.05711
35.5163	0.05720
35.7612	0.05792
36.0096	0.05800
36.2614	0.05672
36.5167	0.05610
36.7757	0.05577
37.0384	0.05509
37.3049	0.05257
37.5752	0.05120
37.8495	0.05078
38.1278	0.04957
38.4102	0.04790
38.6968	0.04681
38.9878	0.04537
39.2832	0.04349
39.583	0.04285
39.8875	0.04513
40.1967	0.04784
40.5108	0.04898
40.8298	0.04958
41.1538	0.05248
41.483	0.05436
41.8176	0.05543
42.1575	0.05668
42.5031	0.05869
42.8544	0.05946
43.2115	0.06054
43.5746	0.06173
43.9439	0.06198
44.3195	0.06177
44.7015	0.06276
45.0902	0.06354
45.4858	0.06309
45.8883	0.06235
46.298	0.06247
46.7151	0.06305
47.1398	0.06472
47.5723	0.06563
48.0128	0.06692
48.4615	0.06653
48.9187	0.06763
49.3846	0.06907
49.8594	0.06853
