Brown University Keck/NASA Relab Spectrum EF-CMP-002-A/BKR2EF002A
Wavelength(micron)	Reflectance	Standard Deviation
0.3	.471406	.010138
0.305	.504873	.007278
0.31	.550892	.007435
0.315	.601026	.004827
0.32	.640162	.007025
0.325	.675577	.004763
0.33	.699300	.006227
0.335	.724355	.005533
0.34	.742199	.005102
0.345	.755709	.005454
0.35	.760488	.013208
0.355	.774134	.005274
0.36	.778618	.005221
0.365	.786594	.005221
0.37	.786809	.007654
0.375	.792169	.005557
0.38	.790584	.004907
0.385	.794079	.005027
0.39	.793119	.010739
0.395	.806414	.004992
0.4	.804856	.008308
0.405	.811339	.004400
0.41	.811767	.004843
0.415	.814653	.005108
0.42	.813272	.005786
0.425	.817155	.004626
0.43	.818061	.005224
0.435	.821992	.004855
0.44	.821537	.005808
0.445	.823879	.004665
0.45	.824164	.005884
0.455	.827286	.004917
0.46	.827686	.006052
0.465	.830085	.005192
0.47	.831172	.005264
0.475	.832633	.005057
0.48	.833307	.005192
0.485	.835045	.005017
0.49	.834960	.005717
0.495	.836649	.004733
0.5	.836467	.004873
0.505	.838311	.004892
0.51	.837873	.005077
0.515	.839716	.004862
0.52	.839391	.005060
0.525	.840284	.005038
0.53	.840688	.005105
0.535	.841261	.004991
0.54	.841806	.005096
0.545	.842418	.005103
0.55	.842658	.005055
0.555	.843108	.005029
0.56	.843414	.005037
0.565	.844107	.004970
0.57	.844625	.004996
0.575	.845784	.005024
0.58	.845647	.005221
0.585	.846323	.005047
0.59	.847238	.005055
0.595	.847301	.005034
0.6	.848490	.004945
0.605	.849069	.004985
0.61	.848768	.005105
0.615	.849821	.005220
0.62	.850157	.005189
0.625	.850087	.005076
0.63	.850833	.005189
0.635	.850680	.005216
0.64	.851363	.005091
0.645	.851319	.005248
0.65	.851979	.005137
0.655	.851983	.005155
0.66	.853264	.005646
0.665	.852636	.005300
0.67	.852974	.005498
0.675	.854007	.005309
0.68	.853569	.005323
0.685	.854740	.005244
0.69	.854831	.005147
0.695	.854275	.005313
0.7	.855617	.005527
0.705	.855070	.005259
0.71	.855722	.005459
0.715	.855477	.005357
0.72	.856167	.005242
0.725	.855569	.005456
0.73	.856259	.005681
0.735	.855702	.005647
0.74	.856241	.005510
0.745	.856171	.005668
0.75	.857043	.005245
0.755	.856836	.005584
0.76	.857412	.005777
0.765	.857233	.005252
0.77	.856908	.005753
0.775	.856905	.005103
0.78	.857581	.005317
0.785	.856563	.005159
0.79	.857608	.006009
0.795	.856519	.005152
0.8	.857654	.006190
0.805	.856703	.005356
0.81	.857483	.005631
0.815	.857301	.005467
0.82	.857483	.005514
0.825	.857305	.005472
0.83	.857455	.005477
0.835	.857411	.005512
0.84	.857532	.005542
0.845	.857624	.005519
0.85	.857096	.005458
0.855	.857032	.005468
0.86	.857677	.005000
0.865	.857836	.005008
0.87	.857600	.005625
0.875	.858801	.005285
0.88	.858210	.006908
0.885	.858329	.004249
0.89	.857767	.005631
0.895	.858346	.004264
0.9	.857325	.004664
0.905	.857599	.004329
0.91	.857007	.004895
0.915	.856763	.004093
0.92	.856357	.004203
0.925	.856597	.004228
0.93	.856410	.004729
0.935	.856392	.004512
0.94	.855360	.004652
0.945	.855684	.004548
0.95	.855152	.005638
0.955	.854761	.004514
0.96	.854375	.005625
0.965	.854652	.004589
0.97	.853429	.004920
0.975	.853846	.004457
0.98	.852553	.005555
0.985	.853362	.004494
0.99	.852497	.005019
0.995	.852442	.004324
1	.851224	.005590
1.005	.851337	.004201
1.01	.850440	.004495
1.015	.850570	.004314
1.02	.849506	.005172
1.025	.849494	.004500
1.03	.848633	.004836
1.035	.848873	.004346
1.04	.847947	.004592
1.045	.847416	.004398
1.05	.846642	.005087
1.055	.846791	.004581
1.06	.846476	.004782
1.065	.845832	.004770
1.07	.845673	.005398
1.075	.845216	.004593
1.08	.844728	.004424
1.085	.844125	.004557
1.09	.843760	.004794
1.095	.843750	.004576
1.1	.842739	.005083
1.105	.843217	.004540
1.11	.842492	.004257
1.115	.842445	.004429
1.12	.842239	.004644
1.125	.840913	.004585
1.13	.840502	.005036
1.135	.841281	.004375
1.14	.840101	.004397
1.145	.839899	.004627
1.15	.838975	.004959
1.155	.838691	.004368
1.16	.839941	.004624
1.165	.838185	.004785
1.17	.837864	.005170
1.175	.838045	.004783
1.18	.837549	.004617
1.185	.837452	.004834
1.19	.836586	.004675
1.195	.836568	.004671
1.2	.835996	.005354
1.205	.835998	.004475
1.21	.835592	.004515
1.215	.835246	.004922
1.22	.834777	.004976
1.225	.835070	.004746
1.23	.834716	.004548
1.235	.834448	.004757
1.24	.834357	.005045
1.245	.834496	.004825
1.25	.833751	.005144
1.255	.834220	.004775
1.26	.833523	.004854
1.265	.834215	.004842
1.27	.833582	.004972
1.275	.833774	.004849
1.28	.833841	.004988
1.285	.834058	.004940
1.29	.834125	.004763
1.295	.834705	.004904
1.3	.834189	.005072
1.305	.834170	.004890
1.31	.834914	.004902
1.315	.835024	.004966
1.32	.835604	.004859
1.325	.835751	.004956
1.33	.835741	.005220
1.335	.835369	.005033
1.34	.836077	.004824
1.345	.836353	.005086
1.35	.837281	.005160
1.355	.837953	.005128
1.36	.837983	.005107
1.365	.837700	.005002
1.37	.838614	.005828
1.375	.837884	.005691
1.38	.837531	.006020
1.385	.838366	.006020
1.39	.838581	.006045
1.395	.838187	.005221
1.4	.838959	.005213
1.405	.840318	.004989
1.41	.840493	.004840
1.415	.839753	.004831
1.42	.840084	.005280
1.425	.840786	.004913
1.43	.841874	.005045
1.435	.842772	.004851
1.44	.841615	.004926
1.445	.843300	.004882
1.45	.844067	.004914
1.455	.844202	.004960
1.46	.844666	.005107
1.465	.845537	.005102
1.47	.845286	.005109
1.475	.845623	.005099
1.48	.846110	.005010
1.485	.846664	.005095
1.49	.846984	.005031
1.495	.847398	.005132
1.5	.847490	.004935
1.505	.848072	.005075
1.51	.848053	.004968
1.515	.848868	.005014
1.52	.849086	.004933
1.525	.849808	.005094
1.53	.850328	.004994
1.535	.850282	.004993
1.54	.851200	.004949
1.545	.851016	.004826
1.55	.851358	.004636
1.555	.852482	.004740
1.56	.852543	.004689
1.565	.852621	.004623
1.57	.853381	.004586
1.575	.853057	.004561
1.58	.853400	.004677
1.585	.853870	.004608
1.59	.854661	.004560
1.595	.854487	.004713
1.6	.855256	.004655
1.605	.855111	.004788
1.61	.855613	.004726
1.615	.855268	.004924
1.62	.855372	.004943
1.625	.855687	.004979
1.63	.856060	.004859
1.635	.856064	.004962
1.64	.856577	.005126
1.645	.856983	.005282
1.65	.857931	.005127
1.655	.857872	.005332
1.66	.858736	.005157
1.665	.858877	.005375
1.67	.859694	.005354
1.675	.860187	.005323
1.68	.861334	.005453
1.685	.860841	.005292
1.69	.862043	.005496
1.695	.861271	.005348
1.7	.861681	.005453
1.705	.861675	.005445
1.71	.861579	.005463
1.715	.861654	.005459
1.72	.862062	.005525
1.725	.861788	.005408
1.73	.861814	.005442
1.735	.861095	.005396
1.74	.860968	.005503
1.745	.860516	.005435
1.75	.860576	.005191
1.755	.860264	.005221
1.76	.859905	.005444
1.765	.860605	.005357
1.77	.860662	.005652
1.775	.860481	.005523
1.78	.860330	.005650
1.785	.860212	.005566
1.79	.860174	.005625
1.795	.860063	.005809
1.8	.858970	.006043
1.805	.859606	.006040
1.81	.859955	.006321
1.815	.859692	.006078
1.82	.859720	.006039
1.825	.859540	.005976
1.83	.860051	.006591
1.835	.859698	.006095
1.84	.859445	.006102
1.845	.859276	.006048
1.85	.858913	.006123
1.855	.859146	.006151
1.86	.859165	.006933
1.865	.858430	.007012
1.87	.857121	.007757
1.875	.856521	.007675
1.88	.855658	.007679
1.885	.854630	.006881
1.89	.854709	.007250
1.895	.854543	.006466
1.9	.853866	.006643
1.905	.853236	.006588
1.91	.852379	.006582
1.915	.851526	.006139
1.92	.851124	.005944
1.925	.851119	.005877
1.93	.850848	.006437
1.935	.851222	.006085
1.94	.850891	.005746
1.945	.851313	.005985
1.95	.850981	.006099
1.955	.851264	.005941
1.96	.850523	.005881
1.965	.850931	.006077
1.97	.851192	.006094
1.975	.850991	.005932
1.98	.851400	.005926
1.985	.852172	.005994
1.99	.852001	.005956
1.995	.852476	.005897
2	.852213	.005776
2.005	.852705	.005954
2.01	.852568	.005841
2.015	.852204	.005912
2.02	.852815	.005928
2.025	.852913	.006006
2.03	.852234	.006104
2.035	.852288	.006110
2.04	.852304	.006153
2.045	.852224	.006115
2.05	.852221	.006119
2.055	.851944	.006047
2.06	.851468	.006008
2.065	.851027	.006239
2.07	.850475	.006138
2.075	.850922	.006103
2.08	.851205	.006121
2.085	.850610	.006094
2.09	.850609	.006244
2.095	.850713	.005977
2.1	.850084	.006017
2.105	.850601	.005942
2.11	.850517	.005852
2.115	.850057	.005669
2.12	.850395	.005813
2.125	.850309	.005607
2.13	.850505	.005694
2.135	.850526	.005824
2.14	.851654	.005863
2.145	.851407	.005742
2.15	.851459	.005809
2.155	.851050	.005868
2.16	.851859	.005896
2.165	.852339	.006032
2.17	.851995	.005935
2.175	.851482	.006117
2.18	.851580	.006039
2.185	.852306	.006360
2.19	.852277	.006680
2.195	.852153	.006243
2.2	.852995	.006028
2.205	.851932	.006156
2.21	.850640	.006593
2.215	.851200	.006184
2.22	.850601	.006301
2.225	.850322	.006069
2.23	.850236	.006308
2.235	.850414	.006446
2.24	.850102	.006441
2.245	.850752	.006557
2.25	.850022	.006391
2.255	.850730	.006406
2.26	.849955	.006198
2.265	.850494	.006447
2.27	.849297	.006650
2.275	.849529	.006369
2.28	.849636	.006281
2.285	.850822	.006290
2.29	.849464	.006180
2.295	.848661	.006195
2.3	.847915	.006246
2.305	.849535	.006296
2.31	.849447	.006285
2.315	.849457	.006230
2.32	.849933	.006225
2.325	.849825	.006153
2.33	.848661	.006288
2.335	.849798	.006136
2.34	.848882	.006232
2.345	.848517	.006310
2.35	.848815	.006203
2.355	.848935	.006163
2.36	.848629	.006247
2.365	.848627	.006465
2.37	.848859	.006489
2.375	.848912	.006339
2.38	.848566	.006404
2.385	.848258	.006383
2.39	.848175	.006438
2.395	.847921	.006473
2.4	.847978	.006470
2.405	.847697	.006689
2.41	.847699	.006723
2.415	.848499	.006794
2.42	.847820	.006719
2.425	.847361	.006494
2.43	.846720	.006591
2.435	.846950	.006745
2.44	.847345	.006763
2.445	.847096	.006597
2.45	.847184	.006509
2.455	.847115	.006562
2.46	.846476	.006759
2.465	.847036	.006609
2.47	.846235	.006459
2.475	.846166	.006523
2.48	.847034	.006695
2.485	.846493	.006553
2.49	.846291	.006657
2.495	.845625	.006557
2.5	.847022	.006423
2.50021	.847046	.000000
2.50142	.847097	.000000
2.50262	.847158	.000000
2.50383	.847105	.000000
2.50504	.847150	.000000
2.50625	.847213	.000000
2.50746	.847279	.000000
2.50868	.847313	.000000
2.50989	.847399	.000000
2.51111	.847375	.000000
2.51232	.847434	.000000
2.51354	.847511	.000000
2.51476	.847620	.000000
2.51598	.847681	.000000
2.5172	.847732	.000000
2.51842	.847742	.000000
2.51965	.847792	.000000
2.52087	.847794	.000000
2.5221	.847863	.000000
2.52333	.847888	.000000
2.52455	.847978	.000000
2.52578	.847988	.000000
2.52701	.848031	.000000
2.52825	.848129	.000000
2.52948	.848237	.000000
2.53071	.848262	.000000
2.53195	.848302	.000000
2.53319	.848249	.000000
2.53443	.848382	.000000
2.53566	.848421	.000000
2.53691	.848491	.000000
2.53815	.848595	.000000
2.53939	.848621	.000000
2.54063	.848548	.000000
2.54188	.848566	.000000
2.54313	.848519	.000000
2.54437	.848685	.000000
2.54562	.848815	.000000
2.54687	.848799	.000000
2.54812	.848785	.000000
2.54938	.848942	.000000
2.55063	.848873	.000000
2.55189	.848824	.000000
2.55314	.848848	.000000
2.5544	.849040	.000000
2.55566	.849143	.000000
2.55692	.849347	.000000
2.55818	.849435	.000000
2.55944	.849382	.000000
2.56071	.849106	.000000
2.56197	.849077	.000000
2.56324	.849196	.000000
2.56451	.849329	.000000
2.56578	.849535	.000000
2.56705	.849729	.000000
2.56832	.849658	.000000
2.56959	.849531	.000000
2.57086	.849823	.000000
2.57214	.849927	.000000
2.57342	.849606	.000000
2.57469	.849934	.000000
2.57597	.849872	.000000
2.57725	.849839	.000000
2.57854	.850136	.000000
2.57982	.850166	.000000
2.5811	.850066	.000000
2.58239	.850201	.000000
2.58367	.849811	.000000
2.58496	.850115	.000000
2.58625	.850305	.000000
2.58754	.850263	.000000
2.58883	.850500	.000000
2.59013	.850645	.000000
2.59142	.850696	.000000
2.59272	.850504	.000000
2.59401	.849553	.000000
2.59531	.849623	.000000
2.59661	.850751	.000000
2.59791	.851113	.000000
2.59921	.851070	.000000
2.60052	.850955	.000000
2.60182	.850841	.000000
2.60313	.850841	.000000
2.60444	.850588	.000000
2.60575	.850539	.000000
2.60706	.851054	.000000
2.60837	.851186	.000000
2.60968	.851184	.000000
2.61099	.851301	.000000
2.61231	.851246	.000000
2.61363	.851266	.000000
2.61494	.851319	.000000
2.61626	.850939	.000000
2.61758	.851133	.000000
2.61891	.851379	.000000
2.62023	.850966	.000000
2.62155	.851470	.000000
2.62288	.851791	.000000
2.62421	.851656	.000000
2.62554	.851348	.000000
2.62687	.851178	.000000
2.6282	.851552	.000000
2.62953	.851107	.000000
2.63086	.850972	.000000
2.6322	.851657	.000000
2.63354	.851659	.000000
2.63487	.851691	.000000
2.63621	.851791	.000000
2.63755	.851761	.000000
2.6389	.851793	.000000
2.64024	.851812	.000000
2.64159	.851744	.000000
2.64293	.851759	.000000
2.64428	.851720	.000000
2.64563	.851536	.000000
2.64698	.851544	.000000
2.64833	.851579	.000000
2.64968	.851550	.000000
2.65104	.851356	.000000
2.6524	.851045	.000000
2.65375	.851009	.000000
2.65511	.850808	.000000
2.65647	.850706	.000000
2.65783	.850481	.000000
2.6592	.849934	.000000
2.66056	.849619	.000000
2.66193	.849410	.000000
2.66329	.848905	.000000
2.66466	.847990	.000000
2.66603	.847612	.000000
2.6674	.847802	.000000
2.66878	.847773	.000000
2.67015	.846512	.000000
2.67153	.846351	.000000
2.6729	.846046	.000000
2.67428	.844809	.000000
2.67566	.843546	.000000
2.67704	.842565	.000000
2.67843	.841924	.000000
2.67981	.841178	.000000
2.6812	.840656	.000000
2.68258	.839681	.000000
2.68397	.838907	.000000
2.68536	.838343	.000000
2.68675	.837805	.000000
2.68815	.837441	.000000
2.68954	.837304	.000000
2.69094	.837143	.000000
2.69233	.836663	.000000
2.69373	.836121	.000000
2.69513	.836186	.000000
2.69653	.836160	.000000
2.69794	.835947	.000000
2.69934	.835536	.000000
2.70075	.835028	.000000
2.70215	.834643	.000000
2.70356	.834423	.000000
2.70497	.833907	.000000
2.70638	.833337	.000000
2.7078	.832503	.000000
2.70921	.831653	.000000
2.71063	.830743	.000000
2.71205	.830410	.000000
2.71346	.829991	.000000
2.71489	.829125	.000000
2.71631	.828211	.000000
2.71773	.827291	.000000
2.71916	.826222	.000000
2.72058	.824988	.000000
2.72201	.824559	.000000
2.72344	.823588	.000000
2.72487	.822458	.000000
2.7263	.821893	.000000
2.72774	.820917	.000000
2.72917	.819686	.000000
2.73061	.818405	.000000
2.73205	.817184	.000000
2.73349	.815707	.000000
2.73493	.814133	.000000
2.73638	.812806	.000000
2.73782	.811073	.000000
2.73927	.808937	.000000
2.74071	.807298	.000000
2.74216	.805855	.000000
2.74361	.804294	.000000
2.74507	.802499	.000000
2.74652	.800682	.000000
2.74798	.798816	.000000
2.74943	.796985	.000000
2.75089	.795035	.000000
2.75235	.793103	.000000
2.75381	.790918	.000000
2.75528	.788699	.000000
2.75674	.787258	.000000
2.75821	.785680	.000000
2.75968	.783773	.000000
2.76115	.781880	.000000
2.76262	.779943	.000000
2.76409	.778371	.000000
2.76556	.776756	.000000
2.76704	.775044	.000000
2.76852	.773398	.000000
2.77	.771820	.000000
2.77148	.770251	.000000
2.77296	.768888	.000000
2.77444	.767420	.000000
2.77593	.765963	.000000
2.77741	.764483	.000000
2.7789	.763060	.000000
2.78039	.761679	.000000
2.78188	.760485	.000000
2.78338	.759283	.000000
2.78487	.757996	.000000
2.78637	.756600	.000000
2.78787	.755504	.000000
2.78937	.754576	.000000
2.79087	.753571	.000000
2.79237	.752391	.000000
2.79387	.751347	.000000
2.79538	.750364	.000000
2.79689	.749450	.000000
2.7984	.748504	.000000
2.79991	.747555	.000000
2.80142	.746458	.000000
2.80294	.745530	.000000
2.80445	.744874	.000000
2.80597	.744091	.000000
2.80749	.743184	.000000
2.80901	.742466	.000000
2.81053	.741698	.000000
2.81206	.740956	.000000
2.81358	.740206	.000000
2.81511	.739450	.000000
2.81664	.738763	.000000
2.81817	.738146	.000000
2.8197	.737453	.000000
2.82124	.736786	.000000
2.82277	.736143	.000000
2.82431	.735537	.000000
2.82585	.734865	.000000
2.82739	.734264	.000000
2.82893	.733690	.000000
2.83048	.733120	.000000
2.83202	.732496	.000000
2.83357	.731944	.000000
2.83512	.731352	.000000
2.83667	.730771	.000000
2.83822	.730185	.000000
2.83978	.729745	.000000
2.84133	.729281	.000000
2.84289	.728750	.000000
2.84445	.728214	.000000
2.84601	.727724	.000000
2.84757	.727217	.000000
2.84914	.726714	.000000
2.8507	.726215	.000000
2.85227	.725798	.000000
2.85384	.725306	.000000
2.85541	.724809	.000000
2.85699	.724398	.000000
2.85856	.723986	.000000
2.86014	.723462	.000000
2.86172	.722998	.000000
2.8633	.722600	.000000
2.86488	.722275	.000000
2.86646	.721852	.000000
2.86805	.721461	.000000
2.86963	.721110	.000000
2.87122	.720830	.000000
2.87281	.720458	.000000
2.87441	.720108	.000000
2.876	.719746	.000000
2.8776	.719421	.000000
2.87919	.719129	.000000
2.88079	.718817	.000000
2.8824	.718483	.000000
2.884	.718212	.000000
2.8856	.717946	.000000
2.88721	.717701	.000000
2.88882	.717384	.000000
2.89043	.717118	.000000
2.89204	.716840	.000000
2.89365	.716583	.000000
2.89527	.716360	.000000
2.89689	.716135	.000000
2.89851	.715869	.000000
2.90013	.715657	.000000
2.90175	.715416	.000000
2.90338	.715213	.000000
2.905	.715011	.000000
2.90663	.714839	.000000
2.90826	.714631	.000000
2.90989	.714471	.000000
2.91153	.714287	.000000
2.91316	.714130	.000000
2.9148	.713997	.000000
2.91644	.713923	.000000
2.91808	.713805	.000000
2.91972	.713744	.000000
2.92137	.713656	.000000
2.92302	.713554	.000000
2.92466	.713419	.000000
2.92631	.713400	.000000
2.92797	.713333	.000000
2.92962	.713255	.000000
2.93128	.713173	.000000
2.93293	.713116	.000000
2.93459	.713067	.000000
2.93626	.713090	.000000
2.93792	.713053	.000000
2.93959	.713038	.000000
2.94125	.713008	.000000
2.94292	.713067	.000000
2.94459	.713098	.000000
2.94627	.713106	.000000
2.94794	.713114	.000000
2.94962	.713196	.000000
2.9513	.713257	.000000
2.95298	.713276	.000000
2.95466	.713323	.000000
2.95634	.713425	.000000
2.95803	.713482	.000000
2.95972	.713531	.000000
2.96141	.713660	.000000
2.9631	.713838	.000000
2.9648	.713948	.000000
2.96649	.714032	.000000
2.96819	.714148	.000000
2.96989	.714385	.000000
2.97159	.714547	.000000
2.9733	.714772	.000000
2.975	.714966	.000000
2.97671	.715127	.000000
2.97842	.715295	.000000
2.98013	.715548	.000000
2.98184	.715751	.000000
2.98356	.715984	.000000
2.98528	.716161	.000000
2.987	.716413	.000000
2.98872	.716685	.000000
2.99044	.716959	.000000
2.99217	.717241	.000000
2.9939	.717492	.000000
2.99563	.717735	.000000
2.99736	.718056	.000000
2.99909	.718342	.000000
3.00083	.718606	.000000
3.00256	.718855	.000000
3.0043	.719144	.000000
3.00605	.719424	.000000
3.00779	.719718	.000000
3.00953	.720006	.000000
3.01128	.720317	.000000
3.01303	.720654	.000000
3.01478	.720977	.000000
3.01654	.721218	.000000
3.01829	.721506	.000000
3.02005	.721758	.000000
3.02181	.721991	.000000
3.02357	.722250	.000000
3.02534	.722504	.000000
3.0271	.722765	.000000
3.02887	.723056	.000000
3.03064	.723331	.000000
3.03241	.723628	.000000
3.03419	.723861	.000000
3.03596	.724092	.000000
3.03774	.724284	.000000
3.03952	.724572	.000000
3.04131	.724832	.000000
3.04309	.725050	.000000
3.04488	.725244	.000000
3.04667	.725453	.000000
3.04846	.725637	.000000
3.05025	.725886	.000000
3.05205	.726078	.000000
3.05384	.726307	.000000
3.05564	.726538	.000000
3.05745	.726728	.000000
3.05925	.726916	.000000
3.06106	.727125	.000000
3.06286	.727342	.000000
3.06467	.727554	.000000
3.06649	.727709	.000000
3.0683	.727930	.000000
3.07012	.728137	.000000
3.07194	.728318	.000000
3.07376	.728554	.000000
3.07558	.728832	.000000
3.07741	.729028	.000000
3.07923	.729234	.000000
3.08106	.729463	.000000
3.08289	.729731	.000000
3.08473	.730003	.000000
3.08656	.730277	.000000
3.0884	.730550	.000000
3.09024	.730855	.000000
3.09208	.731129	.000000
3.09393	.731415	.000000
3.09578	.731709	.000000
3.09763	.732059	.000000
3.09948	.732384	.000000
3.10133	.732764	.000000
3.10319	.733140	.000000
3.10505	.733496	.000000
3.10691	.733768	.000000
3.10877	.734103	.000000
3.11063	.734522	.000000
3.1125	.734959	.000000
3.11437	.735305	.000000
3.11624	.735658	.000000
3.11812	.736055	.000000
3.11999	.736484	.000000
3.12187	.736915	.000000
3.12375	.737318	.000000
3.12563	.737682	.000000
3.12752	.738094	.000000
3.12941	.738542	.000000
3.1313	.738981	.000000
3.13319	.739388	.000000
3.13508	.739826	.000000
3.13698	.740279	.000000
3.13888	.740770	.000000
3.14078	.741211	.000000
3.14268	.741639	.000000
3.14459	.742021	.000000
3.1465	.742476	.000000
3.14841	.742932	.000000
3.15032	.743374	.000000
3.15223	.743830	.000000
3.15415	.744289	.000000
3.15607	.744737	.000000
3.15799	.745242	.000000
3.15992	.745738	.000000
3.16184	.746239	.000000
3.16377	.746695	.000000
3.16571	.747159	.000000
3.16764	.747617	.000000
3.16958	.748091	.000000
3.17151	.748510	.000000
3.17346	.748966	.000000
3.1754	.749493	.000000
3.17734	.750061	.000000
3.17929	.750527	.000000
3.18124	.750993	.000000
3.1832	.751510	.000000
3.18515	.751993	.000000
3.18711	.752463	.000000
3.18907	.752966	.000000
3.19103	.753448	.000000
3.193	.753941	.000000
3.19496	.754400	.000000
3.19693	.754893	.000000
3.19891	.755400	.000000
3.20088	.755913	.000000
3.20286	.756356	.000000
3.20484	.756802	.000000
3.20682	.757303	.000000
3.2088	.757775	.000000
3.21079	.758270	.000000
3.21278	.758856	.000000
3.21477	.759345	.000000
3.21676	.759821	.000000
3.21876	.760354	.000000
3.22076	.760857	.000000
3.22276	.761331	.000000
3.22477	.761822	.000000
3.22677	.762343	.000000
3.22878	.762848	.000000
3.23079	.763285	.000000
3.23281	.763739	.000000
3.23483	.764193	.000000
3.23684	.764696	.000000
3.23887	.765233	.000000
3.24089	.765736	.000000
3.24292	.766163	.000000
3.24495	.766621	.000000
3.24698	.767042	.000000
3.24901	.767494	.000000
3.25105	.768013	.000000
3.25309	.768595	.000000
3.25513	.769096	.000000
3.25718	.769603	.000000
3.25922	.770030	.000000
3.26127	.770514	.000000
3.26333	.771048	.000000
3.26538	.771557	.000000
3.26744	.772035	.000000
3.2695	.772515	.000000
3.27156	.772988	.000000
3.27363	.773529	.000000
3.27569	.773997	.000000
3.27776	.774465	.000000
3.27984	.774952	.000000
3.28191	.775405	.000000
3.28399	.775857	.000000
3.28607	.776325	.000000
3.28816	.776773	.000000
3.29024	.777284	.000000
3.29233	.777723	.000000
3.29442	.778169	.000000
3.29652	.778614	.000000
3.29862	.779099	.000000
3.30072	.779571	.000000
3.30282	.780063	.000000
3.30492	.780501	.000000
3.30703	.780955	.000000
3.30914	.781406	.000000
3.31125	.781882	.000000
3.31337	.782334	.000000
3.31549	.782792	.000000
3.31761	.783203	.000000
3.31973	.783650	.000000
3.32186	.784104	.000000
3.32399	.784582	.000000
3.32612	.785003	.000000
3.32826	.785445	.000000
3.33039	.785844	.000000
3.33253	.786261	.000000
3.33468	.786641	.000000
3.33682	.787037	.000000
3.33897	.787426	.000000
3.34112	.787797	.000000
3.34328	.788116	.000000
3.34543	.788480	.000000
3.34759	.788803	.000000
3.34976	.789118	.000000
3.35192	.789435	.000000
3.35409	.789733	.000000
3.35626	.789954	.000000
3.35844	.790224	.000000
3.36061	.790405	.000000
3.36279	.790524	.000000
3.36497	.790618	.000000
3.36716	.790716	.000000
3.36935	.790794	.000000
3.37154	.790955	.000000
3.37373	.791174	.000000
3.37593	.791479	.000000
3.37813	.791875	.000000
3.38033	.792382	.000000
3.38253	.792893	.000000
3.38474	.793375	.000000
3.38695	.793749	.000000
3.38916	.794064	.000000
3.39138	.794246	.000000
3.3936	.794301	.000000
3.39582	.794262	.000000
3.39805	.794215	.000000
3.40028	.794142	.000000
3.40251	.794076	.000000
3.40474	.794013	.000000
3.40698	.793941	.000000
3.40922	.793862	.000000
3.41146	.793874	.000000
3.41371	.793915	.000000
3.41596	.794131	.000000
3.41821	.794514	.000000
3.42046	.795088	.000000
3.42272	.795767	.000000
3.42498	.796515	.000000
3.42725	.797253	.000000
3.42951	.798045	.000000
3.43178	.798877	.000000
3.43405	.799769	.000000
3.43633	.800600	.000000
3.43861	.801328	.000000
3.44089	.801962	.000000
3.44318	.802552	.000000
3.44546	.803147	.000000
3.44775	.803719	.000000
3.45005	.804218	.000000
3.45235	.804717	.000000
3.45465	.805175	.000000
3.45695	.805655	.000000
3.45925	.806143	.000000
3.46156	.806603	.000000
3.46388	.806996	.000000
3.46619	.807370	.000000
3.46851	.807682	.000000
3.47083	.807989	.000000
3.47316	.808312	.000000
3.47548	.808704	.000000
3.47781	.809074	.000000
3.48015	.809412	.000000
3.48249	.809741	.000000
3.48483	.810016	.000000
3.48717	.810172	.000000
3.48952	.810341	.000000
3.49187	.810362	.000000
3.49422	.810295	.000000
3.49658	.810209	.000000
3.49894	.810250	.000000
3.5013	.810536	.000000
3.50366	.811063	.000000
3.50603	.811676	.000000
3.5084	.812391	.000000
3.51078	.813227	.000000
3.51316	.814229	.000000
3.51554	.815212	.000000
3.51793	.816099	.000000
3.52031	.816841	.000000
3.52271	.817469	.000000
3.5251	.818020	.000000
3.5275	.818586	.000000
3.5299	.819126	.000000
3.5323	.819619	.000000
3.53471	.820068	.000000
3.53712	.820518	.000000
3.53954	.820941	.000000
3.54195	.821362	.000000
3.54438	.821730	.000000
3.5468	.822137	.000000
3.54923	.822546	.000000
3.55166	.822983	.000000
3.55409	.823396	.000000
3.55653	.823792	.000000
3.55897	.824152	.000000
3.56142	.824555	.000000
3.56386	.824920	.000000
3.56631	.825272	.000000
3.56877	.825628	.000000
3.57123	.825987	.000000
3.57369	.826321	.000000
3.57615	.826682	.000000
3.57862	.827034	.000000
3.58109	.827359	.000000
3.58357	.827635	.000000
3.58604	.827933	.000000
3.58853	.828260	.000000
3.59101	.828618	.000000
3.5935	.828929	.000000
3.59599	.829237	.000000
3.59849	.829495	.000000
3.60099	.829803	.000000
3.60349	.830053	.000000
3.60599	.830331	.000000
3.6085	.830627	.000000
3.61102	.830903	.000000
3.61353	.831146	.000000
3.61605	.831385	.000000
3.61858	.831620	.000000
3.6211	.831937	.000000
3.62363	.832225	.000000
3.62617	.832516	.000000
3.62871	.832765	.000000
3.63125	.833041	.000000
3.63379	.833280	.000000
3.63634	.833509	.000000
3.63889	.833762	.000000
3.64145	.834046	.000000
3.64401	.834283	.000000
3.64657	.834537	.000000
3.64913	.834737	.000000
3.6517	.834982	.000000
3.65428	.835211	.000000
3.65685	.835412	.000000
3.65944	.835622	.000000
3.66202	.835906	.000000
3.66461	.836127	.000000
3.6672	.836368	.000000
3.66979	.836560	.000000
3.67239	.836781	.000000
3.675	.837028	.000000
3.6776	.837257	.000000
3.68021	.837454	.000000
3.68283	.837687	.000000
3.68544	.837895	.000000
3.68806	.838138	.000000
3.69069	.838345	.000000
3.69332	.838568	.000000
3.69595	.838776	.000000
3.69859	.839017	.000000
3.70123	.839226	.000000
3.70387	.839418	.000000
3.70652	.839579	.000000
3.70917	.839745	.000000
3.71182	.839900	.000000
3.71448	.840139	.000000
3.71715	.840295	.000000
3.71981	.840438	.000000
3.72248	.840591	.000000
3.72516	.840779	.000000
3.72784	.840940	.000000
3.73052	.841100	.000000
3.7332	.841235	.000000
3.73589	.841408	.000000
3.73859	.841507	.000000
3.74128	.841658	.000000
3.74398	.841791	.000000
3.74669	.841913	.000000
3.7494	.842026	.000000
3.75211	.842171	.000000
3.75483	.842283	.000000
3.75755	.842412	.000000
3.76027	.842473	.000000
3.763	.842574	.000000
3.76574	.842670	.000000
3.76847	.842798	.000000
3.77121	.842849	.000000
3.77396	.842939	.000000
3.77671	.843029	.000000
3.77946	.843144	.000000
3.78222	.843219	.000000
3.78498	.843266	.000000
3.78774	.843281	.000000
3.79051	.843346	.000000
3.79328	.843383	.000000
3.79606	.843465	.000000
3.79884	.843559	.000000
3.80163	.843624	.000000
3.80442	.843657	.000000
3.80721	.843747	.000000
3.81001	.843759	.000000
3.81281	.843812	.000000
3.81561	.843843	.000000
3.81842	.843849	.000000
3.82124	.843855	.000000
3.82405	.843902	.000000
3.82688	.843878	.000000
3.8297	.843918	.000000
3.83253	.843935	.000000
3.83537	.843947	.000000
3.83821	.843925	.000000
3.84105	.843931	.000000
3.8439	.843941	.000000
3.84675	.843945	.000000
3.8496	.843916	.000000
3.85246	.843931	.000000
3.85533	.843908	.000000
3.8582	.843906	.000000
3.86107	.843859	.000000
3.86395	.843841	.000000
3.86683	.843814	.000000
3.86971	.843828	.000000
3.8726	.843810	.000000
3.8755	.843796	.000000
3.8784	.843732	.000000
3.8813	.843692	.000000
3.88421	.843624	.000000
3.88712	.843599	.000000
3.89004	.843546	.000000
3.89296	.843512	.000000
3.89588	.843424	.000000
3.89881	.843362	.000000
3.90174	.843283	.000000
3.90468	.843246	.000000
3.90762	.843195	.000000
3.91057	.843146	.000000
3.91352	.843062	.000000
3.91648	.843007	.000000
3.91944	.842923	.000000
3.9224	.842853	.000000
3.92537	.842715	.000000
3.92835	.842647	.000000
3.93132	.842574	.000000
3.93431	.842506	.000000
3.93729	.842398	.000000
3.94029	.842330	.000000
3.94328	.842230	.000000
3.94628	.842175	.000000
3.94929	.842038	.000000
3.9523	.841934	.000000
3.95531	.841830	.000000
3.95833	.841725	.000000
3.96136	.841617	.000000
3.96439	.841521	.000000
3.96742	.841368	.000000
3.97046	.841278	.000000
3.9735	.841178	.000000
3.97655	.841071	.000000
3.9796	.840940	.000000
3.98265	.840861	.000000
3.98572	.840740	.000000
3.98878	.840632	.000000
3.99185	.840513	.000000
3.99493	.840446	.000000
3.99801	.840321	.000000
4.00109	.840194	.000000
4.00418	.840037	.000000
4.00728	.839933	.000000
4.01038	.839827	.000000
4.01348	.839755	.000000
4.01659	.839622	.000000
4.0197	.839500	.000000
4.02282	.839350	.000000
4.02594	.839220	.000000
4.02907	.839033	.000000
4.03221	.838884	.000000
4.03534	.838749	.000000
4.03848	.838637	.000000
4.04163	.838471	.000000
4.04478	.838355	.000000
4.04794	.838216	.000000
4.0511	.838097	.000000
4.05427	.837918	.000000
4.05744	.837748	.000000
4.06062	.837546	.000000
4.0638	.837378	.000000
4.06699	.837192	.000000
4.07018	.837057	.000000
4.07338	.836881	.000000
4.07658	.836755	.000000
4.07979	.836569	.000000
4.083	.836423	.000000
4.08622	.836237	.000000
4.08944	.836049	.000000
4.09267	.835845	.000000
4.0959	.835673	.000000
4.09914	.835475	.000000
4.10238	.835322	.000000
4.10563	.835130	.000000
4.10889	.834980	.000000
4.11214	.834813	.000000
4.11541	.834623	.000000
4.11868	.834392	.000000
4.12195	.834220	.000000
4.12523	.833981	.000000
4.12852	.833756	.000000
4.1318	.833486	.000000
4.1351	.833258	.000000
4.1384	.832988	.000000
4.1417	.832732	.000000
4.14501	.832438	.000000
4.14833	.832142	.000000
4.15165	.831827	.000000
4.15498	.831528	.000000
4.15831	.831154	.000000
4.16165	.830840	.000000
4.16499	.830468	.000000
4.16834	.830077	.000000
4.17169	.829654	.000000
4.17505	.829286	.000000
4.17842	.828890	.000000
4.18178	.828520	.000000
4.18516	.828052	.000000
4.18854	.827614	.000000
4.19193	.827173	.000000
4.19532	.826742	.000000
4.19872	.826253	.000000
4.20212	.825775	.000000
4.20553	.825250	.000000
4.20894	.824751	.000000
4.21236	.824174	.000000
4.21578	.823612	.000000
4.21921	.822989	.000000
4.22265	.822378	.000000
4.22609	.821724	.000000
4.22954	.821101	.000000
4.23299	.820369	.000000
4.23645	.819664	.000000
4.23991	.818930	.000000
4.24338	.818235	.000000
4.24686	.817436	.000000
4.25034	.816606	.000000
4.25382	.815746	.000000
4.25732	.814907	.000000
4.26081	.813978	.000000
4.26432	.813084	.000000
4.26783	.812154	.000000
4.27134	.811280	.000000
4.27487	.810329	.000000
4.27839	.809371	.000000
4.28193	.808392	.000000
4.28546	.807404	.000000
4.28901	.806360	.000000
4.29256	.805377	.000000
4.29612	.804361	.000000
4.29968	.803378	.000000
4.30325	.802330	.000000
4.30682	.801316	.000000
4.3104	.800259	.000000
4.31399	.799192	.000000
4.31758	.798113	.000000
4.32118	.797124	.000000
4.32478	.796032	.000000
4.32839	.794933	.000000
4.33201	.793837	.000000
4.33563	.792848	.000000
4.33926	.791795	.000000
4.34289	.790706	.000000
4.34653	.789592	.000000
4.35018	.788531	.000000
4.35383	.787419	.000000
4.35749	.786352	.000000
4.36115	.785241	.000000
4.36482	.784165	.000000
4.3685	.783072	.000000
4.37218	.782028	.000000
4.37587	.780953	.000000
4.37957	.779859	.000000
4.38327	.778686	.000000
4.38698	.777615	.000000
4.39069	.776538	.000000
4.39442	.775457	.000000
4.39814	.774289	.000000
4.40188	.773184	.000000
4.40562	.772074	.000000
4.40936	.770991	.000000
4.41312	.769850	.000000
4.41687	.768736	.000000
4.42064	.767596	.000000
4.42441	.766482	.000000
4.42819	.765315	.000000
4.43198	.764156	.000000
4.43577	.762966	.000000
4.43956	.761810	.000000
4.44337	.760610	.000000
4.44718	.759445	.000000
4.451	.758200	.000000
4.45482	.756978	.000000
4.45865	.755709	.000000
4.46249	.754441	.000000
4.46633	.753144	.000000
4.47018	.751903	.000000
4.47404	.750572	.000000
4.4779	.749231	.000000
4.48177	.747815	.000000
4.48565	.746470	.000000
4.48953	.745111	.000000
4.49342	.743762	.000000
4.49732	.742360	.000000
4.50122	.740958	.000000
4.50513	.739492	.000000
4.50905	.738041	.000000
4.51298	.736553	.000000
4.51691	.735119	.000000
4.52084	.733588	.000000
4.52479	.732045	.000000
4.52874	.730473	.000000
4.5327	.728942	.000000
4.53667	.727337	.000000
4.54064	.725733	.000000
4.54462	.724079	.000000
4.5486	.722475	.000000
4.5526	.720848	.000000
4.5566	.719209	.000000
4.56061	.717472	.000000
4.56462	.715781	.000000
4.56864	.714040	.000000
4.57267	.712339	.000000
4.57671	.710602	.000000
4.58075	.708883	.000000
4.5848	.707117	.000000
4.58886	.705355	.000000
4.59292	.703522	.000000
4.59699	.701762	.000000
4.60107	.699968	.000000
4.60516	.698190	.000000
4.60925	.696399	.000000
4.61335	.694646	.000000
4.61746	.692872	.000000
4.62158	.691118	.000000
4.6257	.689356	.000000
4.62983	.687672	.000000
4.63397	.685932	.000000
4.63811	.684224	.000000
4.64226	.682493	.000000
4.64642	.680825	.000000
4.65059	.679141	.000000
4.65476	.677546	.000000
4.65895	.675883	.000000
4.66314	.674227	.000000
4.66733	.672588	.000000
4.67154	.671029	.000000
4.67575	.669414	.000000
4.67997	.667858	.000000
4.6842	.666293	.000000
4.68843	.664809	.000000
4.69268	.663342	.000000
4.69693	.661894	.000000
4.70118	.660425	.000000
4.70545	.659000	.000000
4.70972	.657578	.000000
4.71401	.656235	.000000
4.71829	.654868	.000000
4.72259	.653572	.000000
4.7269	.652255	.000000
4.73121	.650962	.000000
4.73553	.649676	.000000
4.73986	.648501	.000000
4.7442	.647309	.000000
4.74854	.646155	.000000
4.75289	.644971	.000000
4.75725	.643839	.000000
4.76162	.642694	.000000
4.766	.641607	.000000
4.77038	.640501	.000000
4.77478	.639471	.000000
4.77918	.638404	.000000
4.78358	.637388	.000000
4.788	.636344	.000000
4.79243	.635379	.000000
4.79686	.634396	.000000
4.8013	.633437	.000000
4.80575	.632446	.000000
4.81021	.631508	.000000
4.81468	.630562	.000000
4.81915	.629681	.000000
4.82363	.628732	.000000
4.82812	.627849	.000000
4.83262	.626944	.000000
4.83713	.626067	.000000
4.84165	.625145	.000000
4.84617	.624285	.000000
4.85071	.623382	.000000
4.85525	.622515	.000000
4.8598	.621593	.000000
4.86436	.620761	.000000
4.86892	.619891	.000000
4.8735	.619034	.000000
4.87808	.618143	.000000
4.88268	.617293	.000000
4.88728	.616404	.000000
4.89189	.615564	.000000
4.89651	.614669	.000000
4.90114	.613788	.000000
4.90577	.612845	.000000
4.91042	.611934	.000000
4.91508	.610941	.000000
4.91974	.610002	.000000
4.92441	.609023	.000000
4.92909	.608057	.000000
4.93378	.607020	.000000
4.93848	.605984	.000000
4.94319	.604897	.000000
4.94791	.603809	.000000
4.95263	.602642	.000000
4.95737	.601486	.000000
4.96211	.600251	.000000
4.96686	.599039	.000000
4.97162	.597723	.000000
4.97639	.596372	.000000
4.98117	.594921	.000000
4.98596	.593521	.000000
4.99076	.592057	.000000
4.99557	.590543	.000000
5.00039	.588928	.000000
5.00521	.587348	.000000
5.01005	.585694	.000000
5.0149	.584000	.000000
5.01975	.582185	.000000
5.02461	.580403	.000000
5.02949	.578565	.000000
5.03437	.576691	.000000
5.03926	.574719	.000000
5.04417	.572794	.000000
5.04908	.570799	.000000
5.054	.568790	.000000
5.05893	.566729	.000000
5.06387	.564675	.000000
5.06882	.562525	.000000
5.07378	.560410	.000000
5.07875	.558223	.000000
5.08373	.556054	.000000
5.08872	.553820	.000000
5.09372	.551598	.000000
5.09872	.549293	.000000
5.10374	.546994	.000000
5.10877	.544688	.000000
5.11381	.542385	.000000
5.11885	.540028	.000000
5.12391	.537733	.000000
5.12898	.535358	.000000
5.13406	.532997	.000000
5.13915	.530614	.000000
5.14425	.528268	.000000
5.14935	.525915	.000000
5.15447	.523608	.000000
5.1596	.521218	.000000
5.16474	.518913	.000000
5.16989	.516577	.000000
5.17505	.514296	.000000
5.18022	.512013	.000000
5.1854	.509775	.000000
5.19059	.507496	.000000
5.19579	.505278	.000000
5.201	.503040	.000000
5.20623	.500902	.000000
5.21146	.498701	.000000
5.2167	.496608	.000000
5.22195	.494537	.000000
5.22722	.492506	.000000
5.23249	.490437	.000000
5.23778	.488428	.000000
5.24307	.486454	.000000
5.24838	.484571	.000000
5.2537	.482597	.000000
5.25903	.480704	.000000
5.26437	.478832	.000000
5.26971	.476985	.000000
5.27507	.475135	.000000
5.28045	.473359	.000000
5.28583	.471554	.000000
5.29122	.469747	.000000
5.29663	.467947	.000000
5.30204	.466223	.000000
5.30747	.464454	.000000
5.31291	.462702	.000000
5.31836	.460891	.000000
5.32382	.459119	.000000
5.32929	.457318	.000000
5.33477	.455557	.000000
5.34027	.453746	.000000
5.34577	.451935	.000000
5.35129	.450134	.000000
5.35682	.448391	.000000
5.36236	.446602	.000000
5.36791	.444830	.000000
5.37347	.443005	.000000
5.37904	.441243	.000000
5.38463	.439471	.000000
5.39023	.437717	.000000
5.39584	.435931	.000000
5.40146	.434196	.000000
5.40709	.432440	.000000
5.41273	.430770	.000000
5.41839	.429041	.000000
5.42406	.427400	.000000
5.42974	.425851	.000000
5.43543	.424304	.000000
5.44113	.422719	.000000
5.44684	.421168	.000000
5.45257	.419613	.000000
5.45831	.418117	.000000
5.46406	.416618	.000000
5.46983	.415225	.000000
5.4756	.413775	.000000
5.48139	.412384	.000000
5.48719	.411016	.000000
5.493	.409631	.000000
5.49883	.408196	.000000
5.50467	.406812	.000000
5.51052	.405434	.000000
5.51638	.404077	.000000
5.52225	.402663	.000000
5.52814	.401302	.000000
5.53404	.399922	.000000
5.53995	.398547	.000000
5.54588	.397101	.000000
5.55182	.395677	.000000
5.55777	.394242	.000000
5.56373	.392856	.000000
5.56971	.391409	.000000
5.5757	.389962	.000000
5.5817	.388591	.000000
5.58771	.387272	.000000
5.59374	.385879	.000000
5.59978	.384513	.000000
5.60583	.383185	.000000
5.6119	.381889	.000000
5.61798	.380589	.000000
5.62407	.379381	.000000
5.63018	.378161	.000000
5.6363	.376916	.000000
5.64243	.375671	.000000
5.64858	.374574	.000000
5.65474	.373431	.000000
5.66091	.372346	.000000
5.6671	.371193	.000000
5.6733	.370055	.000000
5.67951	.368951	.000000
5.68574	.367880	.000000
5.69198	.366752	.000000
5.69823	.365687	.000000
5.7045	.364506	.000000
5.71079	.363369	.000000
5.71708	.362249	.000000
5.72339	.361160	.000000
5.72972	.360044	.000000
5.73606	.358932	.000000
5.74241	.357742	.000000
5.74877	.356577	.000000
5.75515	.355380	.000000
5.76155	.354029	.000000
5.76796	.352712	.000000
5.77438	.351535	.000000
5.78082	.350201	.000000
5.78727	.348921	.000000
5.79374	.347570	.000000
5.80021	.346162	.000000
5.80671	.344698	.000000
5.81322	.343225	.000000
5.81974	.341633	.000000
5.82628	.340155	.000000
5.83284	.338659	.000000
5.8394	.337175	.000000
5.84599	.335634	.000000
5.85259	.334117	.000000
5.8592	.332572	.000000
5.86583	.331058	.000000
5.87247	.329517	.000000
5.87913	.327979	.000000
5.8858	.326608	.000000
5.89249	.325206	.000000
5.89919	.323884	.000000
5.90591	.322674	.000000
5.91265	.321374	.000000
5.9194	.320115	.000000
5.92616	.318827	.000000
5.93294	.317545	.000000
5.93974	.316430	.000000
5.94655	.315430	.000000
5.95338	.314337	.000000
5.96022	.313247	.000000
5.96708	.312148	.000000
5.97395	.311201	.000000
5.98084	.310187	.000000
5.98775	.309258	.000000
5.99467	.308417	.000000
6.00161	.307569	.000000
6.00856	.306660	.000000
6.01553	.305875	.000000
6.02252	.305092	.000000
6.02952	.304322	.000000
6.03654	.303526	.000000
6.04358	.302644	.000000
6.05063	.301934	.000000
6.0577	.301448	.000000
6.06478	.300724	.000000
6.07188	.300027	.000000
6.079	.299443	.000000
6.08614	.298899	.000000
6.09329	.298261	.000000
6.10046	.297661	.000000
6.10764	.297005	.000000
6.11484	.296498	.000000
6.12206	.296066	.000000
6.1293	.295570	.000000
6.13655	.295049	.000000
6.14383	.294611	.000000
6.15111	.294117	.000000
6.15842	.293622	.000000
6.16574	.293137	.000000
6.17308	.292653	.000000
6.18044	.292105	.000000
6.18781	.291699	.000000
6.19521	.291310	.000000
6.20262	.290810	.000000
6.21005	.290286	.000000
6.21749	.289802	.000000
6.22495	.289311	.000000
6.23243	.288853	.000000
6.23993	.288400	.000000
6.24745	.288005	.000000
6.25499	.287625	.000000
6.26254	.287270	.000000
6.27012	.286942	.000000
6.27771	.286665	.000000
6.28532	.286374	.000000
6.29294	.286139	.000000
6.30059	.285914	.000000
6.30826	.285718	.000000
6.31594	.285549	.000000
6.32364	.285403	.000000
6.33136	.285246	.000000
6.3391	.285052	.000000
6.34686	.284966	.000000
6.35464	.284915	.000000
6.36244	.284717	.000000
6.37025	.284576	.000000
6.37809	.284463	.000000
6.38594	.284261	.000000
6.39382	.284020	.000000
6.40171	.283736	.000000
6.40962	.283319	.000000
6.41756	.283120	.000000
6.42551	.282938	.000000
6.43348	.282642	.000000
6.44147	.282331	.000000
6.44948	.281976	.000000
6.45751	.281598	.000000
6.46556	.281140	.000000
6.47364	.280653	.000000
6.48173	.280142	.000000
6.48984	.279566	.000000
6.49797	.279106	.000000
6.50613	.278657	.000000
6.5143	.278064	.000000
6.52249	.277504	.000000
6.53071	.276981	.000000
6.53894	.276329	.000000
6.5472	.275670	.000000
6.55548	.274996	.000000
6.56378	.274281	.000000
6.57209	.273553	.000000
6.58043	.272909	.000000
6.5888	.272167	.000000
6.59718	.271450	.000000
6.60558	.270710	.000000
6.61401	.269999	.000000
6.62246	.269236	.000000
6.63092	.268427	.000000
6.63941	.267708	.000000
6.64793	.267115	.000000
6.65646	.266422	.000000
6.66502	.265723	.000000
6.67359	.264958	.000000
6.68219	.264212	.000000
6.69082	.263538	.000000
6.69946	.262829	.000000
6.70812	.262042	.000000
6.71681	.261300	.000000
6.72552	.260542	.000000
6.73426	.259824	.000000
6.74302	.259017	.000000
6.7518	.258177	.000000
6.7606	.257294	.000000
6.76942	.256395	.000000
6.77827	.255452	.000000
6.78715	.254492	.000000
6.79604	.253560	.000000
6.80496	.252648	.000000
6.8139	.251653	.000000
6.82287	.250633	.000000
6.83186	.249560	.000000
6.84087	.248466	.000000
6.84991	.247310	.000000
6.85897	.246136	.000000
6.86805	.244982	.000000
6.87716	.243860	.000000
6.88629	.242588	.000000
6.89545	.241301	.000000
6.90463	.239943	.000000
6.91384	.238574	.000000
6.92307	.237151	.000000
6.93233	.235717	.000000
6.9416	.234218	.000000
6.95091	.232710	.000000
6.96024	.231155	.000000
6.9696	.229659	.000000
6.97898	.228060	.000000
6.98838	.226437	.000000
6.99781	.224761	.000000
7.00727	.223124	.000000
7.01675	.221426	.000000
7.02625	.219729	.000000
7.03579	.217968	.000000
7.04535	.216232	.000000
7.05493	.214460	.000000
7.06454	.212715	.000000
7.07418	.210904	.000000
7.08385	.209101	.000000
7.09354	.207231	.000000
7.10325	.205361	.000000
7.113	.203421	.000000
7.12277	.201520	.000000
7.13257	.199562	.000000
7.14239	.197561	.000000
7.15224	.195495	.000000
7.16212	.193466	.000000
7.17202	.191348	.000000
7.18196	.189231	.000000
7.19192	.187025	.000000
7.20191	.184836	.000000
7.21193	.182572	.000000
7.22197	.180303	.000000
7.23204	.177928	.000000
7.24215	.175569	.000000
7.25227	.173121	.000000
7.26243	.170687	.000000
7.27262	.168175	.000000
7.28283	.165685	.000000
7.29307	.163126	.000000
7.30334	.160602	.000000
7.31364	.157980	.000000
7.32397	.155362	.000000
7.33433	.152670	.000000
7.34472	.150013	.000000
7.35514	.147276	.000000
7.36559	.144547	.000000
7.37606	.141745	.000000
7.38657	.139004	.000000
7.39711	.136176	.000000
7.40767	.133361	.000000
7.41827	.130471	.000000
7.4289	.127618	.000000
7.43956	.124703	.000000
7.45024	.121815	.000000
7.46096	.118872	.000000
7.47171	.115986	.000000
7.4825	.112975	.000000
7.49331	.110012	.000000
7.50416	.107003	.000000
7.51503	.104005	.000000
7.52594	.100923	.000000
7.53688	.097902	.000000
7.54785	.094816	.000000
7.55885	.091774	.000000
7.56988	.088655	.000000
7.58095	.085567	.000000
7.59205	.082424	.000000
7.60318	.079368	.000000
7.61435	.076269	.000000
7.62554	.073218	.000000
7.63677	.070074	.000000
7.64804	.067041	.000000
7.65933	.063963	.000000
7.67066	.060932	.000000
7.68203	.057856	.000000
7.69342	.054911	.000000
7.70485	.051939	.000000
7.71632	.049078	.000000
7.72782	.046228	.000000
7.73936	.043490	.000000
7.75093	.040722	.000000
7.76253	.038120	.000000
7.77417	.035557	.000000
7.78584	.033142	.000000
7.79755	.030762	.000000
7.80929	.028543	.000000
7.82107	.026352	.000000
7.83288	.024361	.000000
7.84473	.022464	.000000
7.85662	.020762	.000000
7.86854	.019123	.000000
7.8805	.017671	.000000
7.89249	.016304	.000000
7.90452	.015162	.000000
7.91659	.014097	.000000
7.9287	.013255	.000000
7.94084	.012513	.000000
7.95302	.012010	.000000
7.96523	.011603	.000000
7.97749	.011466	.000000
7.98978	.011472	.000000
8.0021	.011713	.000000
8.01447	.012106	.000000
8.02688	.012838	.000000
8.03932	.013725	.000000
8.05181	.014877	.000000
8.06433	.016263	.000000
8.07689	.017996	.000000
8.08949	.019897	.000000
8.10213	.022129	.000000
8.11481	.024553	.000000
8.12753	.027298	.000000
8.14029	.030206	.000000
8.15309	.033368	.000000
8.16593	.036635	.000000
8.17881	.040125	.000000
8.19173	.043639	.000000
8.20469	.047111	.000000
8.21769	.050416	.000000
8.23073	.053621	.000000
8.24382	.056495	.000000
8.25695	.058974	.000000
8.27012	.060857	.000000
8.28332	.062275	.000000
8.29658	.063039	.000000
8.30987	.063299	.000000
8.32321	.063054	.000000
8.33659	.062506	.000000
8.35002	.061672	.000000
8.36348	.060732	.000000
8.37699	.059712	.000000
8.39055	.058710	.000000
8.40415	.057672	.000000
8.41779	.056781	.000000
8.43148	.055921	.000000
8.44521	.055158	.000000
8.45898	.054394	.000000
8.47281	.053742	.000000
8.48668	.053112	.000000
8.50059	.052618	.000000
8.51455	.052078	.000000
8.52855	.051630	.000000
8.5426	.051177	.000000
8.5567	.050788	.000000
8.57084	.050359	.000000
8.58503	.050012	.000000
8.59927	.049650	.000000
8.61355	.049366	.000000
8.62788	.048988	.000000
8.64226	.048702	.000000
8.65669	.048383	.000000
8.67116	.048092	.000000
8.68569	.047741	.000000
8.70026	.047441	.000000
8.71488	.047087	.000000
8.72955	.046797	.000000
8.74427	.046474	.000000
8.75904	.046218	.000000
8.77386	.045910	.000000
8.78873	.045693	.000000
8.80366	.045446	.000000
8.81863	.045229	.000000
8.83365	.044927	.000000
8.84872	.044689	.000000
8.86385	.044399	.000000
8.87903	.044146	.000000
8.89426	.043825	.000000
8.90954	.043498	.000000
8.92488	.043095	.000000
8.94027	.042686	.000000
8.95571	.042241	.000000
8.9712	.041853	.000000
8.98675	.041356	.000000
9.00235	.040884	.000000
9.018	.040389	.000000
9.03371	.039935	.000000
9.04948	.039439	.000000
9.0653	.039003	.000000
9.08118	.038501	.000000
9.0971	.038069	.000000
9.11309	.037620	.000000
9.12914	.037237	.000000
9.14524	.036835	.000000
9.16139	.036491	.000000
9.17761	.036181	.000000
9.19388	.035980	.000000
9.21021	.035709	.000000
9.2266	.035564	.000000
9.24304	.035459	.000000
9.25955	.035441	.000000
9.27611	.035363	.000000
9.29273	.035416	.000000
9.30942	.035484	.000000
9.32617	.035649	.000000
9.34297	.035766	.000000
9.35983	.035982	.000000
9.37676	.036175	.000000
9.39375	.036438	.000000
9.41079	.036702	.000000
9.42791	.037051	.000000
9.44508	.037325	.000000
9.46231	.037632	.000000
9.47961	.037979	.000000
9.49697	.038400	.000000
9.5144	.038801	.000000
9.53188	.039253	.000000
9.54944	.039627	.000000
9.56705	.040058	.000000
9.58474	.040479	.000000
9.60249	.040919	.000000
9.6203	.041299	.000000
9.63818	.041806	.000000
9.65613	.042306	.000000
9.67415	.042801	.000000
9.69223	.043195	.000000
9.71038	.043684	.000000
9.7286	.044170	.000000
9.74689	.044704	.000000
9.76524	.045180	.000000
9.78367	.045628	.000000
9.80216	.046047	.000000
9.82072	.046568	.000000
9.83936	.046995	.000000
9.85806	.047414	.000000
9.87684	.047763	.000000
9.89569	.048107	.000000
9.91461	.048389	.000000
9.9336	.048663	.000000
9.95267	.048851	.000000
9.97181	.049035	.000000
9.99103	.049141	.000000
10.01031	.049300	.000000
10.02968	.049349	.000000
10.04911	.049405	.000000
10.06863	.049394	.000000
10.08822	.049409	.000000
10.10788	.049321	.000000
10.12763	.049264	.000000
10.14745	.049166	.000000
10.16734	.049092	.000000
10.18732	.048996	.000000
10.20737	.048980	.000000
10.2275	.048931	.000000
10.24771	.048941	.000000
10.268	.048982	.000000
10.28838	.049123	.000000
10.30883	.049217	.000000
10.32937	.049429	.000000
10.34998	.049668	.000000
10.37069	.049924	.000000
10.39147	.050202	.000000
10.41234	.050598	.000000
10.43329	.050874	.000000
10.45432	.051164	.000000
10.47544	.051406	.000000
10.49665	.051657	.000000
10.51794	.051888	.000000
10.53932	.052135	.000000
10.56079	.052297	.000000
10.58234	.052475	.000000
10.60398	.052538	.000000
10.62571	.052675	.000000
10.64753	.052851	.000000
10.66944	.053014	.000000
10.69144	.053149	.000000
10.71353	.053364	.000000
10.73571	.053515	.000000
10.75799	.053725	.000000
10.78035	.053844	.000000
10.80281	.054028	.000000
10.82536	.054214	.000000
10.848	.054437	.000000
10.87075	.054590	.000000
10.89358	.054809	.000000
10.91652	.055052	.000000
10.93955	.055334	.000000
10.96268	.055602	.000000
10.98591	.055896	.000000
11.00923	.056209	.000000
11.03266	.056763	.000000
11.05618	.057351	.000000
11.0798	.058042	.000000
11.10353	.058758	.000000
11.12736	.059647	.000000
11.15129	.060624	.000000
11.17532	.061870	.000000
11.19946	.063274	.000000
11.2237	.064789	.000000
11.24805	.066336	.000000
11.2725	.067951	.000000
11.29706	.069606	.000000
11.32172	.071350	.000000
11.34649	.072907	.000000
11.37138	.074297	.000000
11.39637	.075440	.000000
11.42147	.076445	.000000
11.44668	.077195	.000000
11.47201	.077782	.000000
11.49745	.078189	.000000
11.523	.078501	.000000
11.54866	.078671	.000000
11.57444	.078845	.000000
11.60033	.078971	.000000
11.62634	.079284	.000000
11.65247	.079648	.000000
11.67872	.080198	.000000
11.70508	.080942	.000000
11.73157	.082011	.000000
11.75817	.083272	.000000
11.78489	.084952	.000000
11.81174	.087016	.000000
11.8387	.089410	.000000
11.86579	.092114	.000000
11.893	.095300	.000000
11.92034	.098899	.000000
11.94781	.103001	.000000
11.9754	.107347	.000000
12.00312	.111929	.000000
12.03097	.116744	.000000
12.05896	.121732	.000000
12.08707	.126473	.000000
12.11531	.130663	.000000
12.14368	.133987	.000000
12.17219	.136323	.000000
12.20083	.137228	.000000
12.2296	.136462	.000000
12.25852	.133897	.000000
12.28757	.129701	.000000
12.31676	.124012	.000000
12.34608	.117210	.000000
12.37555	.109787	.000000
12.40515	.102294	.000000
12.4349	.094963	.000000
12.46478	.088161	.000000
12.49482	.081933	.000000
12.525	.076353	.000000
12.55533	.071291	.000000
12.5858	.066802	.000000
12.61642	.062882	.000000
12.6472	.059532	.000000
12.67813	.056448	.000000
12.7092	.053697	.000000
12.74043	.051232	.000000
12.77181	.049157	.000000
12.80334	.047234	.000000
12.83503	.045671	.000000
12.86688	.044387	.000000
12.8989	.043289	.000000
12.93106	.042274	.000000
12.96339	.041544	.000000
12.99588	.040941	.000000
13.02853	.040410	.000000
13.06135	.039976	.000000
13.09433	.039686	.000000
13.12749	.039386	.000000
13.16081	.039169	.000000
13.1943	.038948	.000000
13.22796	.038969	.000000
13.26179	.038995	.000000
13.29579	.038971	.000000
13.32997	.038946	.000000
13.36432	.038981	.000000
13.39885	.039012	.000000
13.43356	.039075	.000000
13.46846	.039030	.000000
13.50353	.039122	.000000
13.53879	.039195	.000000
13.57423	.039302	.000000
13.60986	.039292	.000000
13.64568	.039247	.000000
13.68169	.039320	.000000
13.71788	.039584	.000000
13.75427	.039645	.000000
13.79085	.039762	.000000
13.82763	.039827	.000000
13.8646	.039864	.000000
13.90177	.039815	.000000
13.93915	.039813	.000000
13.97672	.039678	.000000
14.01449	.039416	.000000
14.05247	.039079	.000000
14.09066	.038873	.000000
14.12904	.038613	.000000
14.16764	.038368	.000000
14.20646	.038147	.000000
14.24549	.037891	.000000
14.28473	.037413	.000000
14.3242	.036912	.000000
14.36388	.036395	.000000
14.40378	.036048	.000000
14.4439	.035670	.000000
14.48425	.035302	.000000
14.52482	.034918	.000000
14.56562	.034535	.000000
14.60665	.034149	.000000
14.64792	.033996	.000000
14.68942	.033767	.000000
14.73115	.033679	.000000
14.77312	.033775	.000000
14.81533	.033998	.000000
14.85778	.034155	.000000
14.90048	.034227	.000000
14.94342	.034315	.000000
14.98659	.034554	.000000
15.03003	.034799	.000000
15.07372	.035177	.000000
15.11767	.035461	.000000
15.16187	.036177	.000000
15.20634	.036890	.000000
15.25106	.037612	.000000
15.29606	.038666	.000000
15.34131	.039986	.000000
15.38684	.041121	.000000
15.43263	.042359	.000000
15.4787	.043283	.000000
15.52504	.044174	.000000
15.57167	.045096	.000000
15.61858	.046071	.000000
15.66576	.046750	.000000
15.71324	.046932	.000000
15.761	.046815	.000000
15.80905	.046782	.000000
15.8574	.046735	.000000
15.90604	.046997	.000000
15.95496	.047222	.000000
16.00421	.047477	.000000
16.05376	.047880	.000000
16.10362	.048685	.000000
16.15378	.049544	.000000
16.20426	.050492	.000000
16.25506	.051680	.000000
16.30619	.052724	.000000
16.35763	.053879	.000000
16.40939	.055152	.000000
16.46149	.055912	.000000
16.51391	.056542	.000000
16.56667	.056793	.000000
16.61977	.056932	.000000
16.67322	.057155	.000000
16.72701	.057169	.000000
16.78114	.056781	.000000
16.83563	.056485	.000000
16.89046	.056374	.000000
16.94566	.055966	.000000
17.00122	.055481	.000000
17.05716	.055309	.000000
17.11345	.055093	.000000
17.17012	.055046	.000000
17.22716	.054864	.000000
17.28459	.055013	.000000
17.3424	.055238	.000000
17.4006	.055608	.000000
17.45916	.055843	.000000
17.51815	.055892	.000000
17.57753	.056017	.000000
17.63732	.055963	.000000
17.69752	.055865	.000000
17.75813	.056096	.000000
17.81915	.056139	.000000
17.88061	.055910	.000000
17.94248	.055777	.000000
18.00478	.056060	.000000
18.06752	.056429	.000000
18.13069	.056983	.000000
18.19431	.057979	.000000
18.25837	.059125	.000000
18.3229	.059863	.000000
18.38788	.060906	.000000
18.45331	.061868	.000000
18.51922	.062526	.000000
18.5856	.063321	.000000
18.65245	.064282	.000000
18.71979	.064609	.000000
18.78759	.065245	.000000
18.85591	.066214	.000000
18.92473	.067011	.000000
18.99405	.067438	.000000
19.06388	.068008	.000000
19.13423	.068670	.000000
19.2051	.069543	.000000
19.27651	.070119	.000000
19.34844	.070404	.000000
19.4209	.070816	.000000
19.49392	.070849	.000000
19.56748	.070696	.000000
19.6416	.070814	.000000
19.71628	.070598	.000000
19.79152	.070536	.000000
19.86735	.069954	.000000
19.94376	.069208	.000000
20.02076	.068049	.000000
20.09836	.066242	.000000
20.17656	.063685	.000000
20.25538	.061169	.000000
20.33483	.057872	.000000
20.41489	.054664	.000000
20.49558	.052190	.000000
20.57691	.050251	.000000
20.65889	.048407	.000000
20.74153	.047089	.000000
20.82483	.046218	.000000
20.90878	.045883	.000000
20.99343	.045446	.000000
21.07877	.045227	.000000
21.16481	.044990	.000000
21.25155	.044871	.000000
21.339	.045090	.000000
21.42718	.045570	.000000
21.51611	.045591	.000000
21.60576	.045411	.000000
21.69616	.045785	.000000
21.78732	.046431	.000000
21.87925	.046455	.000000
21.97196	.047533	.000000
22.06546	.047911	.000000
22.15973	.047283	.000000
22.25484	.046889	.000000
22.35076	.047575	.000000
22.44752	.047434	.000000
22.54512	.046605	.000000
22.64357	.045857	.000000
22.74288	.046660	.000000
22.8431	.047387	.000000
22.94417	.047122	.000000
23.04615	.046846	.000000
23.14903	.047960	.000000
23.25284	.047306	.000000
23.35758	.046384	.000000
23.46327	.047242	.000000
23.5699	.048092	.000000
23.67752	.048475	.000000
23.78613	.049448	.000000
23.89575	.049350	.000000
24.00638	.049899	.000000
24.11803	.050733	.000000
24.23073	.050073	.000000
24.34452	.049298	.000000
24.45936	.049717	.000000
24.57528	.049955	.000000
24.6923	.052693	.000000
24.81045	.052530	.000000
24.92973	.050412	.000000
25.05016	.052477	.000000
