Brown University Keck/NASA Relab Spectrum PL-H1T-115-B/BKR1PL115B
Wavelength(micron)	Reflectance
0.28	0.21065
0.285	0.13371
0.29	0.09532
0.295	0.08613
0.3	0.08595
0.305	0.09043
0.31	0.10968
0.315	0.13910
0.32	0.16905
0.325	0.19830
0.33	0.22606
0.335	0.25598
0.34	0.27642
0.345	0.29449
0.35	0.30715
0.355	0.32387
0.36	0.33357
0.365	0.34177
0.37	0.34897
0.375	0.35244
0.38	0.35168
0.385	0.35205
0.39	0.37572
0.395	0.39332
0.4	0.40531
0.405	0.41246
0.41	0.41822
0.415	0.41843
0.42	0.41993
0.425	0.43056
0.43	0.44102
0.435	0.44777
0.44	0.45383
0.445	0.45849
0.45	0.46390
0.455	0.47021
0.46	0.47702
0.465	0.48398
0.47	0.48864
0.475	0.49258
0.48	0.49554
0.485	0.49881
0.49	0.50269
0.495	0.50796
0.5	0.51138
0.505	0.51261
0.51	0.51631
0.515	0.52198
0.52	0.52434
0.525	0.52540
0.53	0.52802
0.535	0.53100
0.54	0.53237
0.545	0.53173
0.55	0.53219
0.555	0.53440
0.56	0.53546
0.565	0.53554
0.57	0.53507
0.575	0.53561
0.58	0.53559
0.585	0.53572
0.59	0.53467
0.595	0.53400
0.6	0.53406
0.605	0.53322
0.61	0.53433
0.615	0.53478
0.62	0.53557
0.625	0.53359
0.63	0.53442
0.635	0.53579
0.64	0.53683
0.645	0.53823
0.65	0.53961
0.655	0.53888
0.66	0.53967
0.665	0.53980
0.67	0.54020
0.675	0.54067
0.68	0.54135
0.685	0.54133
0.69	0.54135
0.695	0.54217
0.7	0.54297
0.705	0.54350
0.71	0.54535
0.715	0.54636
0.72	0.54755
0.725	0.54935
0.73	0.55050
0.735	0.55234
0.74	0.55333
0.745	0.55219
0.75	0.55398
0.755	0.55542
0.76	0.55716
0.765	0.55794
0.77	0.55878
0.775	0.55956
0.78	0.56095
0.785	0.56131
0.79	0.56158
0.795	0.56126
0.8	0.56271
0.805	0.56364
0.81	0.56328
0.815	0.56285
0.82	0.56144
0.825	0.56183
0.83	0.56104
0.835	0.56021
0.84	0.55839
0.845	0.55757
0.85	0.55661
0.855	0.55467
0.86	0.55287
0.865	0.55311
0.87	0.55245
0.875	0.55090
0.88	0.55156
0.885	0.54952
0.89	0.54984
0.895	0.54819
0.9	0.54804
0.905	0.54762
0.91	0.54754
0.915	0.54757
0.92	0.54646
0.9203	0.54638
0.9205	0.54640
0.9206	0.54689
0.9208	0.54697
0.921	0.54633
0.9211	0.54554
0.9213	0.54581
0.9215	0.54622
0.9216	0.54623
0.9218	0.54627
0.922	0.54737
0.9221	0.54714
0.9223	0.54632
0.9224	0.54622
0.9226	0.54579
0.9228	0.54601
0.9229	0.54711
0.9231	0.54663
0.9233	0.54533
0.9234	0.54559
0.9236	0.54691
0.9238	0.54677
0.9239	0.54576
0.9241	0.54514
0.9243	0.54515
0.9244	0.54634
0.9246	0.54726
0.9247	0.54755
0.9249	0.54610
0.9251	0.54581
0.9252	0.54710
0.9254	0.54662
0.9256	0.54597
0.9257	0.54541
0.9259	0.54595
0.9261	0.54728
0.9262	0.54707
0.9264	0.54700
0.9266	0.54826
0.9267	0.54761
0.9269	0.54662
0.9271	0.54667
0.9272	0.54695
0.9274	0.54702
0.9276	0.54693
0.9277	0.54735
0.9279	0.54676
0.928	0.54577
0.9282	0.54540
0.9284	0.54519
0.9285	0.54529
0.9287	0.54556
0.9289	0.54541
0.929	0.54512
0.9292	0.54536
0.9294	0.54538
0.9295	0.54557
0.9297	0.54611
0.9299	0.54615
0.93	0.54530
0.9302	0.54420
0.9304	0.54387
0.9305	0.54334
0.9307	0.54424
0.9309	0.54593
0.931	0.54605
0.9312	0.54545
0.9314	0.54399
0.9316	0.54424
0.9317	0.54489
0.9319	0.54491
0.9321	0.54505
0.9322	0.54601
0.9324	0.54612
0.9326	0.54499
0.9327	0.54473
0.9329	0.54468
0.9331	0.54418
0.9332	0.54394
0.9334	0.54470
0.9336	0.54555
0.9337	0.54593
0.9339	0.54624
0.9341	0.54639
0.9342	0.54524
0.9344	0.54456
0.9346	0.54416
0.9348	0.54362
0.9349	0.54389
0.9351	0.54443
0.9353	0.54520
0.9354	0.54487
0.9356	0.54505
0.9358	0.54579
0.9359	0.54576
0.9361	0.54540
0.9363	0.54543
0.9364	0.54561
0.9366	0.54531
0.9368	0.54476
0.9369	0.54414
0.9371	0.54360
0.9373	0.54499
0.9375	0.54511
0.9376	0.54444
0.9378	0.54515
0.938	0.54442
0.9381	0.54427
0.9383	0.54428
0.9385	0.54423
0.9386	0.54427
0.9388	0.54403
0.939	0.54399
0.9392	0.54426
0.9393	0.54457
0.9395	0.54441
0.9397	0.54457
0.9398	0.54400
0.94	0.54405
0.9402	0.54488
0.9403	0.54496
0.9405	0.54427
0.9407	0.54386
0.9408	0.54395
0.941	0.54441
0.9412	0.54443
0.9414	0.54442
0.9415	0.54449
0.9417	0.54443
0.9419	0.54420
0.942	0.54386
0.9422	0.54428
0.9424	0.54482
0.9426	0.54460
0.9427	0.54414
0.9429	0.54346
0.9431	0.54335
0.9433	0.54301
0.9434	0.54328
0.9436	0.54359
0.9438	0.54350
0.9439	0.54404
0.9441	0.54440
0.9443	0.54468
0.9445	0.54530
0.9446	0.54471
0.9448	0.54348
0.945	0.54287
0.9451	0.54289
0.9453	0.54284
0.9455	0.54385
0.9457	0.54452
0.9458	0.54449
0.946	0.54440
0.9462	0.54340
0.9463	0.54305
0.9465	0.54405
0.9467	0.54484
0.9469	0.54420
0.947	0.54361
0.9472	0.54388
0.9474	0.54390
0.9476	0.54425
0.9477	0.54420
0.9479	0.54377
0.9481	0.54325
0.9483	0.54292
0.9484	0.54323
0.9486	0.54342
0.9488	0.54316
0.949	0.54289
0.9491	0.54206
0.9493	0.54253
0.9495	0.54327
0.9496	0.54332
0.9498	0.54368
0.95	0.54338
0.9502	0.54301
0.9503	0.54274
0.9505	0.54282
0.9507	0.54326
0.9509	0.54338
0.951	0.54338
0.9512	0.54332
0.9514	0.54300
0.9516	0.54272
0.9517	0.54308
0.9519	0.54314
0.9521	0.54290
0.9523	0.54277
0.9524	0.54280
0.9526	0.54254
0.9528	0.54237
0.953	0.54235
0.9531	0.54257
0.9533	0.54236
0.9535	0.54217
0.9537	0.54309
0.9538	0.54288
0.954	0.54279
0.9542	0.54257
0.9544	0.54180
0.9545	0.54233
0.9547	0.54263
0.9549	0.54266
0.9551	0.54251
0.9552	0.54259
0.9554	0.54282
0.9556	0.54346
0.9558	0.54320
0.956	0.54218
0.9561	0.54164
0.9563	0.54166
0.9565	0.54163
0.9567	0.54192
0.9568	0.54242
0.957	0.54284
0.9572	0.54212
0.9574	0.54163
0.9575	0.54166
0.9577	0.54154
0.9579	0.54149
0.9581	0.54180
0.9582	0.54191
0.9584	0.54208
0.9586	0.54187
0.9588	0.54146
0.959	0.54186
0.9591	0.54166
0.9593	0.54221
0.9595	0.54239
0.9597	0.54222
0.9598	0.54190
0.96	0.54126
0.9602	0.54104
0.9604	0.54206
0.9605	0.54261
0.9607	0.54261
0.9609	0.54147
0.9611	0.54076
0.9613	0.54133
0.9614	0.54092
0.9616	0.54067
0.9618	0.54132
0.962	0.54136
0.9622	0.54048
0.9623	0.54052
0.9625	0.54120
0.9627	0.54037
0.9629	0.54045
0.963	0.54123
0.9632	0.54149
0.9634	0.54133
0.9636	0.54055
0.9638	0.54085
0.9639	0.54208
0.9641	0.54232
0.9643	0.54145
0.9645	0.54069
0.9647	0.54027
0.9648	0.54074
0.965	0.54096
0.9652	0.54051
0.9654	0.54083
0.9656	0.54114
0.9657	0.54096
0.9659	0.54055
0.9661	0.54068
0.9663	0.54069
0.9665	0.54047
0.9666	0.54068
0.9668	0.54055
0.967	0.54045
0.9672	0.53999
0.9674	0.53997
0.9675	0.54086
0.9677	0.54131
0.9679	0.54055
0.9681	0.53975
0.9683	0.54003
0.9684	0.54015
0.9686	0.53914
0.9688	0.53922
0.969	0.53969
0.9692	0.54028
0.9693	0.54045
0.9695	0.54017
0.9697	0.53979
0.9699	0.53992
0.9701	0.53972
0.9703	0.53906
0.9704	0.53919
0.9706	0.54002
0.9708	0.54037
0.971	0.53976
0.9712	0.53935
0.9713	0.53911
0.9715	0.53968
0.9717	0.53976
0.9719	0.53927
0.9721	0.53922
0.9723	0.53904
0.9724	0.53880
0.9726	0.53888
0.9728	0.53921
0.973	0.53922
0.9732	0.53923
0.9733	0.53927
0.9735	0.53928
0.9737	0.53909
0.9739	0.53814
0.9741	0.53816
0.9743	0.53878
0.9745	0.53881
0.9746	0.53883
0.9748	0.53828
0.975	0.53819
0.9752	0.53877
0.9754	0.53877
0.9755	0.53878
0.9757	0.53890
0.9759	0.53849
0.9761	0.53837
0.9763	0.53831
0.9765	0.53857
0.9767	0.53940
0.9768	0.53931
0.977	0.53804
0.9772	0.53752
0.9774	0.53753
0.9776	0.53768
0.9778	0.53809
0.9779	0.53850
0.9781	0.53848
0.9783	0.53844
0.9785	0.53802
0.9787	0.53778
0.9789	0.53759
0.979	0.53788
0.9792	0.53804
0.9794	0.53815
0.9796	0.53796
0.9798	0.53736
0.98	0.53742
0.9802	0.53786
0.9803	0.53723
0.9805	0.53694
0.9807	0.53719
0.9809	0.53757
0.9811	0.53772
0.9813	0.53718
0.9815	0.53648
0.9817	0.53684
0.9818	0.53676
0.982	0.53662
0.9822	0.53718
0.9824	0.53682
0.9826	0.53621
0.9828	0.53644
0.983	0.53667
0.9831	0.53628
0.9833	0.53659
0.9835	0.53719
0.9837	0.53755
0.9839	0.53720
0.9841	0.53650
0.9843	0.53642
0.9844	0.53651
0.9846	0.53646
0.9848	0.53653
0.985	0.53634
0.9852	0.53621
0.9854	0.53577
0.9856	0.53505
0.9858	0.53524
0.9859	0.53551
0.9861	0.53511
0.9863	0.53564
0.9865	0.53587
0.9867	0.53476
0.9869	0.53487
0.9871	0.53565
0.9873	0.53539
0.9874	0.53498
0.9876	0.53510
0.9878	0.53553
0.988	0.53560
0.9882	0.53559
0.9884	0.53505
0.9886	0.53478
0.9888	0.53497
0.989	0.53469
0.9891	0.53465
0.9893	0.53459
0.9895	0.53459
0.9897	0.53446
0.9899	0.53461
0.9901	0.53454
0.9903	0.53511
0.9905	0.53544
0.9907	0.53459
0.9908	0.53370
0.991	0.53395
0.9912	0.53438
0.9914	0.53431
0.9916	0.53402
0.9918	0.53366
0.992	0.53378
0.9922	0.53399
0.9924	0.53338
0.9925	0.53319
0.9927	0.53413
0.9929	0.53445
0.9931	0.53413
0.9933	0.53397
0.9935	0.53382
0.9937	0.53352
0.9939	0.53326
0.9941	0.53347
0.9943	0.53378
0.9945	0.53413
0.9946	0.53373
0.9948	0.53328
0.995	0.53334
0.9952	0.53352
0.9954	0.53323
0.9956	0.53285
0.9958	0.53306
0.996	0.53334
0.9962	0.53298
0.9964	0.53308
0.9965	0.53318
0.9967	0.53277
0.9969	0.53221
0.9971	0.53221
0.9973	0.53254
0.9975	0.53233
0.9977	0.53176
0.9979	0.53140
0.9981	0.53153
0.9983	0.53159
0.9985	0.53149
0.9987	0.53190
0.9989	0.53206
0.999	0.53207
0.9992	0.53269
0.9994	0.53248
0.9996	0.53157
0.9998	0.53120
1	0.53157
1.0002	0.53157
1.0004	0.53103
1.0006	0.53173
1.0008	0.53238
1.001	0.53137
1.0012	0.53049
1.0014	0.53045
1.0016	0.53094
1.0018	0.53155
1.0019	0.53097
1.0021	0.53033
1.0023	0.53029
1.0025	0.53025
1.0027	0.53059
1.0029	0.53109
1.0031	0.53073
1.0033	0.53058
1.0035	0.53089
1.0037	0.53111
1.0039	0.53090
1.0041	0.53061
1.0043	0.53057
1.0045	0.53051
1.0047	0.53027
1.0049	0.53011
1.005	0.53000
1.0053	0.52972
1.0054	0.52994
1.0056	0.53006
1.0058	0.53005
1.006	0.53012
1.0062	0.52985
1.0064	0.52973
1.0066	0.52995
1.0068	0.53024
1.007	0.52985
1.0072	0.52903
1.0074	0.52874
1.0076	0.52900
1.0078	0.52923
1.008	0.52894
1.0082	0.52895
1.0084	0.52912
1.0086	0.52896
1.0088	0.52865
1.009	0.52868
1.0092	0.52863
1.0094	0.52805
1.0095	0.52767
1.0098	0.52772
1.01	0.52820
1.0101	0.52795
1.0103	0.52783
1.0105	0.52831
1.0107	0.52830
1.0109	0.52811
1.0111	0.52840
1.0113	0.52812
1.0115	0.52737
1.0117	0.52701
1.0119	0.52737
1.0121	0.52757
1.0123	0.52776
1.0125	0.52752
1.0127	0.52760
1.0129	0.52816
1.0131	0.52822
1.0133	0.52747
1.0135	0.52696
1.0137	0.52691
1.0139	0.52711
1.0141	0.52741
1.0143	0.52720
1.0145	0.52688
1.0147	0.52679
1.0149	0.52669
1.0151	0.52679
1.0153	0.52674
1.0155	0.52659
1.0157	0.52646
1.0159	0.52616
1.0161	0.52643
1.0163	0.52665
1.0165	0.52621
1.0167	0.52566
1.0169	0.52530
1.0171	0.52535
1.0173	0.52555
1.0175	0.52615
1.0177	0.52606
1.0179	0.52561
1.0181	0.52558
1.0183	0.52548
1.0185	0.52535
1.0187	0.52549
1.0189	0.52519
1.0191	0.52532
1.0193	0.52530
1.0195	0.52469
1.0197	0.52456
1.0199	0.52477
1.0201	0.52486
1.0203	0.52486
1.0205	0.52456
1.0207	0.52435
1.0209	0.52391
1.0211	0.52378
1.0213	0.52416
1.0215	0.52437
1.0217	0.52410
1.0219	0.52371
1.0221	0.52351
1.0223	0.52382
1.0225	0.52380
1.0227	0.52383
1.0229	0.52388
1.0231	0.52374
1.0233	0.52340
1.0235	0.52338
1.0237	0.52334
1.0239	0.52304
1.0241	0.52313
1.0243	0.52340
1.0245	0.52319
1.0247	0.52282
1.0249	0.52290
1.0251	0.52293
1.0253	0.52211
1.0255	0.52156
1.0257	0.52193
1.0259	0.52254
1.0261	0.52257
1.0263	0.52234
1.0265	0.52210
1.0268	0.52202
1.0269	0.52186
1.0272	0.52170
1.0274	0.52178
1.0276	0.52163
1.0278	0.52154
1.028	0.52169
1.0282	0.52155
1.0284	0.52161
1.0286	0.52155
1.0288	0.52152
1.029	0.52121
1.0292	0.52108
1.0294	0.52134
1.0296	0.52130
1.0298	0.52094
1.03	0.52086
1.0302	0.52096
1.0304	0.52073
1.0306	0.52065
1.0308	0.52058
1.031	0.52063
1.0312	0.52042
1.0314	0.52019
1.0317	0.52004
1.0318	0.51969
1.0321	0.51966
1.0323	0.51963
1.0325	0.51995
1.0327	0.52013
1.0329	0.51967
1.0331	0.51937
1.0333	0.51936
1.0335	0.51910
1.0337	0.51867
1.0339	0.51868
1.0341	0.51871
1.0343	0.51857
1.0345	0.51836
1.0347	0.51838
1.0349	0.51851
1.0352	0.51855
1.0354	0.51873
1.0356	0.51838
1.0358	0.51818
1.036	0.51829
1.0362	0.51828
1.0364	0.51803
1.0366	0.51763
1.0368	0.51778
1.037	0.51813
1.0372	0.51817
1.0374	0.51806
1.0376	0.51796
1.0378	0.51805
1.0381	0.51803
1.0383	0.51755
1.0385	0.51707
1.0387	0.51698
1.0389	0.51698
1.0391	0.51727
1.0393	0.51724
1.0395	0.51689
1.0397	0.51663
1.0399	0.51652
1.0401	0.51611
1.0403	0.51602
1.0406	0.51639
1.0408	0.51645
1.041	0.51634
1.0412	0.51635
1.0414	0.51605
1.0416	0.51572
1.0418	0.51566
1.042	0.51573
1.0422	0.51575
1.0424	0.51566
1.0426	0.51563
1.0428	0.51559
1.0431	0.51541
1.0433	0.51500
1.0435	0.51515
1.0437	0.51543
1.0439	0.51498
1.0441	0.51451
1.0443	0.51451
1.0445	0.51464
1.0448	0.51455
1.045	0.51429
1.0452	0.51444
1.0454	0.51470
1.0456	0.51446
1.0458	0.51415
1.046	0.51413
1.0462	0.51395
1.0464	0.51394
1.0466	0.51392
1.0469	0.51360
1.0471	0.51364
1.0473	0.51383
1.0475	0.51375
1.0477	0.51388
1.0479	0.51399
1.0481	0.51356
1.0483	0.51292
1.0486	0.51291
1.0488	0.51333
1.049	0.51273
1.0492	0.51248
1.0494	0.51268
1.0496	0.51289
1.0498	0.51322
1.05	0.51287
1.0503	0.51253
1.0505	0.51250
1.0507	0.51221
1.0509	0.51235
1.0511	0.51268
1.0513	0.51265
1.0515	0.51230
1.0517	0.51215
1.0519	0.51223
1.0522	0.51243
1.0524	0.51213
1.0526	0.51182
1.0528	0.51170
1.053	0.51161
1.0532	0.51142
1.0534	0.51131
1.0537	0.51111
1.0539	0.51121
1.0541	0.51115
1.0543	0.51080
1.0545	0.51058
1.0547	0.51048
1.0549	0.51097
1.0552	0.51069
1.0554	0.51011
1.0556	0.51041
1.0558	0.51058
1.056	0.51024
1.0562	0.51017
1.0564	0.50997
1.0567	0.50938
1.0569	0.50933
1.0571	0.50958
1.0573	0.50959
1.0575	0.50962
1.0578	0.50930
1.058	0.50872
1.0582	0.50871
1.0584	0.50920
1.0586	0.50907
1.0588	0.50868
1.059	0.50871
1.0593	0.50906
1.0595	0.50868
1.0597	0.50837
1.0599	0.50843
1.0601	0.50856
1.0603	0.50846
1.0606	0.50845
1.0608	0.50850
1.061	0.50818
1.0612	0.50780
1.0614	0.50751
1.0617	0.50760
1.0619	0.50805
1.0621	0.50809
1.0623	0.50778
1.0625	0.50729
1.0627	0.50706
1.0629	0.50722
1.0632	0.50717
1.0634	0.50701
1.0636	0.50709
1.0638	0.50687
1.064	0.50654
1.0643	0.50658
1.0645	0.50664
1.0647	0.50633
1.0649	0.50648
1.0651	0.50654
1.0653	0.50612
1.0656	0.50587
1.0658	0.50613
1.066	0.50601
1.0662	0.50585
1.0664	0.50569
1.0667	0.50527
1.0669	0.50530
1.0671	0.50561
1.0673	0.50557
1.0676	0.50526
1.0678	0.50525
1.068	0.50525
1.0682	0.50505
1.0684	0.50482
1.0687	0.50479
1.0689	0.50479
1.0691	0.50464
1.0693	0.50416
1.0695	0.50424
1.0698	0.50457
1.07	0.50468
1.0702	0.50454
1.0704	0.50433
1.0706	0.50423
1.0708	0.50431
1.0711	0.50451
1.0713	0.50393
1.0715	0.50356
1.0717	0.50385
1.072	0.50375
1.0722	0.50406
1.0724	0.50415
1.0726	0.50400
1.0728	0.50387
1.0731	0.50363
1.0733	0.50316
1.0735	0.50285
1.0737	0.50279
1.074	0.50292
1.0742	0.50308
1.0744	0.50290
1.0746	0.50234
1.0748	0.50220
1.0751	0.50228
1.0753	0.50191
1.0755	0.50135
1.0757	0.50143
1.076	0.50168
1.0762	0.50169
1.0764	0.50160
1.0766	0.50135
1.0769	0.50119
1.0771	0.50135
1.0773	0.50130
1.0775	0.50093
1.0778	0.50086
1.078	0.50074
1.0782	0.50101
1.0784	0.50121
1.0787	0.50100
1.0789	0.50086
1.0791	0.50086
1.0793	0.50066
1.0796	0.50026
1.0798	0.50028
1.08	0.50048
1.0802	0.50016
1.0804	0.49996
1.0807	0.49993
1.0809	0.49990
1.0811	0.49998
1.0813	0.49978
1.0816	0.49920
1.0818	0.49920
1.082	0.49938
1.0823	0.49951
1.0825	0.49961
1.0827	0.49937
1.0829	0.49902
1.0832	0.49873
1.0834	0.49894
1.0836	0.49904
1.0838	0.49904
1.0841	0.49904
1.0843	0.49860
1.0845	0.49836
1.0848	0.49815
1.085	0.49804
1.0852	0.49849
1.0854	0.49883
1.0857	0.49838
1.0859	0.49773
1.0861	0.49752
1.0863	0.49756
1.0866	0.49735
1.0868	0.49724
1.087	0.49719
1.0873	0.49716
1.0875	0.49728
1.0877	0.49752
1.0879	0.49723
1.0882	0.49713
1.0884	0.49736
1.0886	0.49714
1.0888	0.49659
1.0891	0.49610
1.0893	0.49606
1.0895	0.49630
1.0898	0.49634
1.09	0.49634
1.0902	0.49644
1.0904	0.49648
1.0907	0.49623
1.0909	0.49584
1.0911	0.49575
1.0914	0.49554
1.0916	0.49549
1.0918	0.49528
1.0921	0.49503
1.0923	0.49520
1.0925	0.49521
1.0928	0.49515
1.093	0.49506
1.0932	0.49483
1.0934	0.49456
1.0937	0.49476
1.0939	0.49483
1.0941	0.49468
1.0944	0.49457
1.0946	0.49459
1.0948	0.49448
1.0951	0.49414
1.0953	0.49389
1.0955	0.49411
1.0958	0.49421
1.096	0.49385
1.0962	0.49360
1.0964	0.49382
1.0967	0.49407
1.0969	0.49387
1.0971	0.49351
1.0974	0.49337
1.0976	0.49348
1.0978	0.49326
1.0981	0.49304
1.0983	0.49285
1.0985	0.49297
1.0988	0.49316
1.099	0.49273
1.0992	0.49252
1.0995	0.49260
1.0997	0.49227
1.0999	0.49208
1.1002	0.49225
1.1004	0.49249
1.1006	0.49231
1.1009	0.49192
1.1011	0.49190
1.1013	0.49179
1.1016	0.49156
1.1018	0.49149
1.102	0.49157
1.1023	0.49154
1.1025	0.49120
1.1027	0.49107
1.103	0.49104
1.1032	0.49121
1.1034	0.49102
1.1037	0.49105
1.1039	0.49119
1.1042	0.49096
1.1044	0.49074
1.1046	0.49083
1.1049	0.49061
1.1051	0.49035
1.1053	0.49046
1.1056	0.49039
1.1058	0.49010
1.106	0.49007
1.1063	0.48993
1.1065	0.48986
1.1067	0.48985
1.107	0.49001
1.1072	0.49004
1.1074	0.48968
1.1077	0.48952
1.1079	0.48976
1.1082	0.48989
1.1084	0.48963
1.1086	0.48926
1.1089	0.48924
1.1091	0.48909
1.1093	0.48895
1.1096	0.48893
1.1098	0.48899
1.1101	0.48865
1.1103	0.48844
1.1105	0.48838
1.1108	0.48837
1.111	0.48824
1.1113	0.48828
1.1115	0.48823
1.1117	0.48804
1.112	0.48783
1.1122	0.48780
1.1124	0.48785
1.1127	0.48776
1.1129	0.48784
1.1132	0.48754
1.1134	0.48734
1.1136	0.48745
1.1139	0.48741
1.1141	0.48711
1.1143	0.48714
1.1146	0.48734
1.1148	0.48730
1.1151	0.48710
1.1153	0.48678
1.1156	0.48677
1.1158	0.48691
1.116	0.48658
1.1163	0.48620
1.1165	0.48639
1.1168	0.48639
1.117	0.48603
1.1172	0.48576
1.1175	0.48570
1.1177	0.48585
1.118	0.48612
1.1182	0.48624
1.1184	0.48594
1.1187	0.48561
1.1189	0.48535
1.1192	0.48526
1.1194	0.48540
1.1197	0.48518
1.1199	0.48498
1.1201	0.48497
1.1204	0.48470
1.1206	0.48455
1.1209	0.48448
1.1211	0.48462
1.1213	0.48470
1.1216	0.48446
1.1218	0.48443
1.1221	0.48471
1.1223	0.48477
1.1226	0.48454
1.1228	0.48431
1.123	0.48390
1.1233	0.48383
1.1235	0.48395
1.1238	0.48401
1.124	0.48400
1.1243	0.48371
1.1245	0.48343
1.1248	0.48343
1.125	0.48372
1.1252	0.48385
1.1255	0.48359
1.1257	0.48309
1.126	0.48302
1.1262	0.48347
1.1265	0.48356
1.1267	0.48351
1.1269	0.48315
1.1272	0.48265
1.1274	0.48261
1.1277	0.48268
1.1279	0.48266
1.1282	0.48264
1.1284	0.48276
1.1287	0.48260
1.1289	0.48245
1.1292	0.48238
1.1294	0.48196
1.1297	0.48195
1.1299	0.48194
1.1301	0.48185
1.1304	0.48184
1.1306	0.48194
1.1309	0.48183
1.1311	0.48154
1.1314	0.48147
1.1316	0.48154
1.1319	0.48135
1.1321	0.48105
1.1324	0.48110
1.1326	0.48132
1.1329	0.48130
1.1331	0.48111
1.1333	0.48101
1.1336	0.48086
1.1338	0.48093
1.1341	0.48097
1.1343	0.48066
1.1346	0.48056
1.1348	0.48064
1.1351	0.48057
1.1353	0.48056
1.1356	0.48037
1.1358	0.48013
1.1361	0.48017
1.1363	0.48007
1.1366	0.47991
1.1368	0.47996
1.1371	0.47976
1.1373	0.47960
1.1376	0.47968
1.1378	0.47953
1.1381	0.47925
1.1383	0.47934
1.1386	0.47924
1.1388	0.47907
1.1391	0.47902
1.1393	0.47891
1.1396	0.47872
1.1398	0.47868
1.1401	0.47867
1.1403	0.47853
1.1406	0.47872
1.1408	0.47887
1.1411	0.47867
1.1413	0.47842
1.1416	0.47828
1.1418	0.47822
1.1421	0.47815
1.1423	0.47814
1.1426	0.47819
1.1428	0.47789
1.1431	0.47780
1.1433	0.47771
1.1436	0.47758
1.1439	0.47774
1.1441	0.47788
1.1444	0.47759
1.1446	0.47752
1.1449	0.47748
1.1451	0.47729
1.1454	0.47719
1.1456	0.47719
1.1459	0.47707
1.1461	0.47691
1.1464	0.47684
1.1466	0.47699
1.1469	0.47704
1.1472	0.47666
1.1474	0.47650
1.1477	0.47656
1.1479	0.47656
1.1482	0.47660
1.1484	0.47643
1.1487	0.47621
1.1489	0.47632
1.1492	0.47629
1.1494	0.47602
1.1497	0.47594
1.1499	0.47612
1.1502	0.47605
1.1504	0.47585
1.1507	0.47578
1.151	0.47563
1.1512	0.47545
1.1515	0.47516
1.1517	0.47512
1.152	0.47513
1.1522	0.47519
1.1525	0.47527
1.1528	0.47525
1.153	0.47511
1.1533	0.47498
1.1535	0.47506
1.1538	0.47514
1.154	0.47507
1.1543	0.47480
1.1546	0.47436
1.1548	0.47431
1.1551	0.47433
1.1553	0.47440
1.1556	0.47437
1.1558	0.47434
1.1561	0.47405
1.1564	0.47385
1.1566	0.47407
1.1569	0.47397
1.1571	0.47386
1.1574	0.47391
1.1577	0.47374
1.1579	0.47371
1.1582	0.47378
1.1584	0.47372
1.1587	0.47369
1.1589	0.47382
1.1592	0.47380
1.1595	0.47346
1.1597	0.47324
1.16	0.47335
1.1602	0.47348
1.1605	0.47321
1.1608	0.47287
1.161	0.47271
1.1613	0.47264
1.1615	0.47262
1.1618	0.47278
1.1621	0.47285
1.1623	0.47270
1.1626	0.47259
1.1628	0.47257
1.1631	0.47241
1.1634	0.47219
1.1636	0.47225
1.1639	0.47238
1.1642	0.47246
1.1644	0.47226
1.1647	0.47192
1.1649	0.47221
1.1652	0.47228
1.1654	0.47188
1.1657	0.47178
1.166	0.47186
1.1662	0.47165
1.1665	0.47154
1.1668	0.47158
1.167	0.47185
1.1673	0.47179
1.1676	0.47149
1.1678	0.47142
1.1681	0.47133
1.1683	0.47127
1.1686	0.47107
1.1689	0.47100
1.1691	0.47104
1.1694	0.47095
1.1697	0.47092
1.1699	0.47090
1.1702	0.47088
1.1704	0.47084
1.1707	0.47078
1.171	0.47087
1.1713	0.47075
1.1715	0.47033
1.1718	0.47031
1.172	0.47017
1.1723	0.47002
1.1726	0.47041
1.1728	0.47057
1.1731	0.47015
1.1734	0.47008
1.1736	0.47007
1.1739	0.47005
1.1742	0.47009
1.1744	0.47029
1.1747	0.47012
1.175	0.46977
1.1752	0.46962
1.1755	0.46972
1.1758	0.46985
1.176	0.46977
1.1763	0.46962
1.1766	0.46961
1.1768	0.46948
1.1771	0.46937
1.1774	0.46914
1.1776	0.46897
1.1779	0.46883
1.1782	0.46904
1.1784	0.46920
1.1787	0.46920
1.179	0.46926
1.1792	0.46907
1.1795	0.46899
1.1798	0.46909
1.18	0.46897
1.1803	0.46894
1.1806	0.46891
1.1808	0.46880
1.1811	0.46880
1.1814	0.46877
1.1817	0.46862
1.1819	0.46851
1.1822	0.46845
1.1825	0.46856
1.1827	0.46844
1.183	0.46819
1.1833	0.46816
1.1835	0.46817
1.1838	0.46811
1.1841	0.46812
1.1844	0.46802
1.1846	0.46793
1.1849	0.46795
1.1852	0.46780
1.1854	0.46764
1.1857	0.46754
1.186	0.46753
1.1863	0.46765
1.1865	0.46764
1.1868	0.46748
1.1871	0.46749
1.1873	0.46756
1.1876	0.46731
1.1879	0.46719
1.1882	0.46735
1.1884	0.46712
1.1887	0.46684
1.189	0.46709
1.1893	0.46735
1.1895	0.46722
1.1898	0.46715
1.1901	0.46688
1.1903	0.46681
1.1906	0.46692
1.1909	0.46709
1.1912	0.46701
1.1914	0.46673
1.1917	0.46653
1.192	0.46655
1.1923	0.46636
1.1925	0.46623
1.1928	0.46631
1.1931	0.46640
1.1933	0.46610
1.1936	0.46597
1.1939	0.46617
1.1942	0.46636
1.1944	0.46642
1.1947	0.46621
1.195	0.46618
1.1953	0.46638
1.1956	0.46624
1.1958	0.46622
1.1961	0.46620
1.1964	0.46593
1.1967	0.46585
1.1969	0.46592
1.1972	0.46576
1.1975	0.46565
1.1978	0.46567
1.198	0.46563
1.1983	0.46560
1.1986	0.46558
1.1989	0.46565
1.1992	0.46555
1.1994	0.46538
1.1997	0.46536
1.2	0.46536
1.2003	0.46531
1.2005	0.46514
1.2008	0.46530
1.2011	0.46548
1.2014	0.46522
1.2017	0.46506
1.2019	0.46507
1.2022	0.46502
1.2025	0.46507
1.2028	0.46505
1.203	0.46501
1.2033	0.46509
1.2036	0.46485
1.2039	0.46477
1.2042	0.46492
1.2044	0.46484
1.2047	0.46482
1.205	0.46473
1.2053	0.46462
1.2056	0.46445
1.2058	0.46452
1.2061	0.46471
1.2064	0.46458
1.2067	0.46442
1.207	0.46440
1.2072	0.46436
1.2075	0.46419
1.2078	0.46406
1.2081	0.46418
1.2084	0.46420
1.2087	0.46426
1.2089	0.46431
1.2092	0.46428
1.2095	0.46421
1.2098	0.46399
1.2101	0.46403
1.2103	0.46422
1.2106	0.46414
1.2109	0.46389
1.2112	0.46390
1.2115	0.46405
1.2118	0.46390
1.212	0.46371
1.2123	0.46377
1.2126	0.46378
1.2129	0.46393
1.2132	0.46380
1.2135	0.46364
1.2137	0.46395
1.214	0.46392
1.2143	0.46371
1.2146	0.46342
1.2149	0.46338
1.2152	0.46346
1.2154	0.46354
1.2157	0.46349
1.216	0.46335
1.2163	0.46331
1.2166	0.46332
1.2169	0.46336
1.2172	0.46335
1.2174	0.46319
1.2177	0.46313
1.218	0.46310
1.2183	0.46318
1.2186	0.46315
1.2189	0.46301
1.2192	0.46293
1.2194	0.46286
1.2197	0.46279
1.22	0.46282
1.2203	0.46269
1.2206	0.46277
1.2209	0.46304
1.2212	0.46313
1.2215	0.46305
1.2218	0.46303
1.222	0.46291
1.2223	0.46274
1.2226	0.46267
1.2229	0.46255
1.2232	0.46244
1.2235	0.46245
1.2238	0.46246
1.2241	0.46241
1.2243	0.46224
1.2246	0.46242
1.2249	0.46258
1.2252	0.46254
1.2255	0.46263
1.2258	0.46266
1.2261	0.46247
1.2264	0.46241
1.2267	0.46235
1.227	0.46239
1.2273	0.46249
1.2275	0.46237
1.2278	0.46226
1.2281	0.46227
1.2284	0.46235
1.2287	0.46236
1.229	0.46229
1.2293	0.46218
1.2296	0.46202
1.2299	0.46204
1.2302	0.46209
1.2304	0.46225
1.2307	0.46225
1.231	0.46213
1.2313	0.46196
1.2316	0.46180
1.2319	0.46179
1.2322	0.46183
1.2325	0.46184
1.2328	0.46206
1.2331	0.46202
1.2334	0.46188
1.2337	0.46179
1.234	0.46182
1.2343	0.46171
1.2346	0.46154
1.2348	0.46160
1.2351	0.46176
1.2354	0.46162
1.2357	0.46151
1.236	0.46159
1.2363	0.46175
1.2366	0.46159
1.2369	0.46152
1.2372	0.46157
1.2375	0.46152
1.2378	0.46171
1.2381	0.46166
1.2384	0.46149
1.2387	0.46149
1.239	0.46155
1.2393	0.46140
1.2396	0.46129
1.2399	0.46124
1.2402	0.46130
1.2405	0.46128
1.2408	0.46124
1.2411	0.46124
1.2413	0.46128
1.2417	0.46125
1.2419	0.46119
1.2422	0.46111
1.2425	0.46112
1.2428	0.46128
1.2431	0.46123
1.2434	0.46123
1.2437	0.46123
1.244	0.46110
1.2443	0.46111
1.2446	0.46126
1.2449	0.46116
1.2452	0.46095
1.2455	0.46108
1.2458	0.46127
1.2461	0.46126
1.2464	0.46121
1.2467	0.46114
1.247	0.46109
1.2473	0.46086
1.2476	0.46064
1.2479	0.46076
1.2482	0.46083
1.2485	0.46090
1.2488	0.46090
1.2491	0.46086
1.2494	0.46089
1.2497	0.46094
1.25	0.46092
1.2503	0.46100
1.2506	0.46106
1.2509	0.46091
1.2512	0.46075
1.2515	0.46076
1.2518	0.46081
1.2521	0.46088
1.2524	0.46088
1.2528	0.46078
1.2531	0.46058
1.2533	0.46057
1.2537	0.46076
1.254	0.46091
1.2543	0.46088
1.2546	0.46084
1.2549	0.46069
1.2552	0.46052
1.2555	0.46052
1.2558	0.46069
1.2561	0.46076
1.2564	0.46071
1.2567	0.46067
1.257	0.46062
1.2573	0.46069
1.2576	0.46083
1.2579	0.46080
1.2582	0.46063
1.2585	0.46048
1.2588	0.46039
1.2591	0.46053
1.2594	0.46065
1.2598	0.46052
1.2601	0.46050
1.2604	0.46064
1.2607	0.46056
1.261	0.46052
1.2613	0.46056
1.2616	0.46053
1.2619	0.46061
1.2622	0.46064
1.2625	0.46047
1.2628	0.46043
1.2631	0.46058
1.2634	0.46071
1.2637	0.46064
1.2641	0.46066
1.2644	0.46076
1.2647	0.46080
1.265	0.46075
1.2653	0.46070
1.2656	0.46070
1.2659	0.46075
1.2662	0.46076
1.2665	0.46075
1.2668	0.46082
1.2671	0.46079
1.2674	0.46073
1.2678	0.46060
1.2681	0.46051
1.2684	0.46054
1.2687	0.46058
1.269	0.46063
1.2693	0.46057
1.2696	0.46057
1.2699	0.46063
1.2702	0.46073
1.2706	0.46076
1.2709	0.46071
1.2712	0.46073
1.2715	0.46069
1.2718	0.46051
1.2721	0.46052
1.2724	0.46068
1.2727	0.46076
1.2731	0.46069
1.2734	0.46070
1.2737	0.46070
1.274	0.46067
1.2743	0.46059
1.2746	0.46065
1.2749	0.46068
1.2752	0.46077
1.2756	0.46073
1.2759	0.46082
1.2762	0.46093
1.2765	0.46099
1.2768	0.46098
1.2771	0.46096
1.2774	0.46092
1.2778	0.46106
1.2781	0.46109
1.2784	0.46086
1.2787	0.46061
1.279	0.46054
1.2793	0.46070
1.2797	0.46074
1.28	0.46076
1.2803	0.46082
1.2806	0.46093
1.2809	0.46094
1.2812	0.46084
1.2816	0.46082
1.2819	0.46074
1.2822	0.46072
1.2825	0.46085
1.2828	0.46074
1.2831	0.46046
1.2834	0.46055
1.2838	0.46086
1.2841	0.46103
1.2844	0.46111
1.2847	0.46095
1.285	0.46084
1.2854	0.46092
1.2857	0.46089
1.286	0.46094
1.2863	0.46101
1.2866	0.46100
1.2869	0.46102
1.2873	0.46114
1.2876	0.46122
1.2879	0.46098
1.2882	0.46092
1.2886	0.46113
1.2889	0.46109
1.2892	0.46118
1.2895	0.46137
1.2898	0.46124
1.2902	0.46118
1.2905	0.46131
1.2908	0.46145
1.2911	0.46148
1.2914	0.46124
1.2918	0.46121
1.2921	0.46133
1.2924	0.46137
1.2927	0.46135
1.2931	0.46135
1.2934	0.46145
1.2937	0.46151
1.294	0.46137
1.2943	0.46118
1.2947	0.46130
1.295	0.46134
1.2953	0.46142
1.2956	0.46140
1.296	0.46137
1.2963	0.46145
1.2966	0.46159
1.2969	0.46169
1.2973	0.46183
1.2976	0.46179
1.2979	0.46174
1.2982	0.46170
1.2986	0.46169
1.2989	0.46164
1.2992	0.46156
1.2995	0.46172
1.2999	0.46196
1.3002	0.46198
1.3005	0.46177
1.3008	0.46165
1.3012	0.46176
1.3015	0.46193
1.3018	0.46207
1.3021	0.46206
1.3025	0.46209
1.3028	0.46208
1.3031	0.46206
1.3034	0.46200
1.3038	0.46193
1.3041	0.46204
1.3044	0.46208
1.3048	0.46206
1.3051	0.46207
1.3054	0.46214
1.3058	0.46208
1.3061	0.46203
1.3064	0.46208
1.3067	0.46215
1.3071	0.46229
1.3074	0.46235
1.3077	0.46241
1.3081	0.46232
1.3084	0.46226
1.3087	0.46226
1.3091	0.46239
1.3094	0.46265
1.3097	0.46272
1.31	0.46268
1.3104	0.46267
1.3107	0.46278
1.311	0.46277
1.3114	0.46266
1.3117	0.46273
1.312	0.46263
1.3124	0.46261
1.3127	0.46285
1.313	0.46285
1.3134	0.46272
1.3137	0.46271
1.314	0.46288
1.3144	0.46303
1.3147	0.46306
1.315	0.46314
1.3154	0.46312
1.3157	0.46304
1.316	0.46308
1.3164	0.46319
1.3167	0.46321
1.317	0.46319
1.3174	0.46324
1.3177	0.46318
1.318	0.46314
1.3184	0.46316
1.3187	0.46339
1.319	0.46368
1.3194	0.46371
1.3197	0.46359
1.3201	0.46371
1.3204	0.46373
1.3207	0.46360
1.3211	0.46362
1.3214	0.46376
1.3217	0.46385
1.3221	0.46375
1.3224	0.46369
1.3227	0.46371
1.3231	0.46381
1.3234	0.46396
1.3238	0.46403
1.3241	0.46410
1.3244	0.46409
1.3248	0.46402
1.3251	0.46415
1.3254	0.46438
1.3258	0.46439
1.3261	0.46435
1.3265	0.46433
1.3268	0.46430
1.3271	0.46431
1.3275	0.46438
1.3278	0.46444
1.3282	0.46446
1.3285	0.46450
1.3288	0.46461
1.3292	0.46467
1.3295	0.46461
1.3299	0.46456
1.3302	0.46466
1.3306	0.46486
1.3309	0.46486
1.3312	0.46482
1.3316	0.46496
1.3319	0.46505
1.3323	0.46489
1.3326	0.46484
1.3329	0.46490
1.3333	0.46502
1.3336	0.46527
1.334	0.46537
1.3343	0.46535
1.3347	0.46529
1.335	0.46530
1.3353	0.46541
1.3357	0.46540
1.336	0.46530
1.3364	0.46541
1.3367	0.46538
1.3371	0.46542
1.3374	0.46560
1.3378	0.46579
1.3381	0.46585
1.3384	0.46577
1.3388	0.46573
1.3391	0.46583
1.3395	0.46596
1.3398	0.46589
1.3402	0.46581
1.3405	0.46592
1.3409	0.46614
1.3412	0.46617
1.3416	0.46614
1.3419	0.46608
1.3423	0.46621
1.3426	0.46636
1.3429	0.46631
1.3433	0.46630
1.3437	0.46647
1.344	0.46668
1.3443	0.46664
1.3447	0.46668
1.345	0.46674
1.3454	0.46675
1.3457	0.46666
1.3461	0.46665
1.3464	0.46676
1.3468	0.46707
1.3471	0.46716
1.3475	0.46686
1.3478	0.46685
1.3482	0.46705
1.3485	0.46712
1.3489	0.46728
1.3492	0.46739
1.3496	0.46739
1.3499	0.46738
1.3503	0.46743
1.3507	0.46747
1.351	0.46750
1.3514	0.46757
1.3517	0.46770
1.3521	0.46762
1.3524	0.46763
1.3528	0.46773
1.3531	0.46780
1.3535	0.46783
1.3538	0.46785
1.3542	0.46799
1.3545	0.46812
1.3549	0.46806
1.3552	0.46808
1.3556	0.46820
1.3559	0.46810
1.3563	0.46792
1.3567	0.46813
1.357	0.46839
1.3574	0.46845
1.3577	0.46834
1.3581	0.46847
1.3584	0.46859
1.3588	0.46863
1.3592	0.46865
1.3595	0.46869
1.3599	0.46861
1.3602	0.46873
1.3606	0.46901
1.3609	0.46920
1.3613	0.46913
1.3617	0.46899
1.362	0.46913
1.3624	0.46936
1.3627	0.46908
1.3631	0.46904
1.3634	0.46916
1.3638	0.46929
1.3642	0.46931
1.3645	0.46958
1.3649	0.46950
1.3652	0.46940
1.3656	0.46959
1.3659	0.46941
1.3663	0.46933
1.3667	0.46956
1.367	0.46958
1.3674	0.46961
1.3678	0.46978
1.3681	0.46976
1.3685	0.46988
1.3688	0.46961
1.3692	0.46949
1.3696	0.46994
1.3699	0.47021
1.3703	0.47010
1.3707	0.47031
1.371	0.47039
1.3714	0.47016
1.3717	0.47027
1.3721	0.47035
1.3725	0.47043
1.3728	0.47045
1.3732	0.47039
1.3736	0.47035
1.3739	0.47050
1.3743	0.47056
1.3746	0.47050
1.375	0.47038
1.3754	0.47033
1.3757	0.47047
1.3761	0.47051
1.3765	0.47064
1.3768	0.47084
1.3772	0.47072
1.3776	0.47061
1.3779	0.47069
1.3783	0.47093
1.3787	0.47108
1.379	0.47086
1.3794	0.47056
1.3798	0.47056
1.3801	0.47068
1.3805	0.47087
1.3809	0.47062
1.3812	0.47034
1.3816	0.47035
1.382	0.47037
1.3823	0.47073
1.3827	0.47078
1.3831	0.47008
1.3834	0.46985
1.3838	0.47007
1.3842	0.46990
1.3846	0.46953
1.3849	0.46938
1.3853	0.46921
1.3857	0.46892
1.386	0.46871
1.3864	0.46843
1.3868	0.46800
1.3872	0.46782
1.3875	0.46780
1.3879	0.46751
1.3883	0.46706
1.3886	0.46669
1.389	0.46646
1.3894	0.46629
1.3898	0.46616
1.3901	0.46592
1.3905	0.46568
1.3909	0.46557
1.3912	0.46537
1.3916	0.46528
1.392	0.46524
1.3924	0.46525
1.3927	0.46484
1.3931	0.46443
1.3935	0.46446
1.3939	0.46455
1.3942	0.46441
1.3946	0.46445
1.395	0.46455
1.3954	0.46453
1.3957	0.46459
1.3961	0.46466
1.3965	0.46469
1.3969	0.46458
1.3972	0.46466
1.3976	0.46470
1.398	0.46475
1.3984	0.46487
1.3988	0.46486
1.3991	0.46476
1.3995	0.46485
1.3999	0.46489
1.4003	0.46499
1.4006	0.46513
1.401	0.46506
1.4014	0.46515
1.4018	0.46518
1.4022	0.46508
1.4025	0.46508
1.4029	0.46518
1.4033	0.46539
1.4037	0.46560
1.4041	0.46566
1.4044	0.46569
1.4048	0.46591
1.4052	0.46590
1.4056	0.46598
1.406	0.46621
1.4063	0.46627
1.4067	0.46640
1.4071	0.46661
1.4075	0.46666
1.4079	0.46674
1.4083	0.46695
1.4086	0.46706
1.409	0.46714
1.4094	0.46722
1.4098	0.46736
1.4102	0.46750
1.4106	0.46759
1.4109	0.46770
1.4113	0.46778
1.4117	0.46763
1.4121	0.46758
1.4125	0.46764
1.4128	0.46767
1.4132	0.46772
1.4136	0.46768
1.414	0.46753
1.4144	0.46721
1.4148	0.46675
1.4152	0.46635
1.4156	0.46626
1.4159	0.46678
1.4163	0.46768
1.4167	0.46864
1.4171	0.46932
1.4175	0.46987
1.4179	0.47013
1.4183	0.47053
1.4187	0.47093
1.419	0.47122
1.4194	0.47140
1.4198	0.47156
1.4202	0.47173
1.4206	0.47201
1.421	0.47228
1.4214	0.47247
1.4218	0.47267
1.4222	0.47303
1.4225	0.47318
1.4229	0.47321
1.4233	0.47340
1.4237	0.47368
1.4241	0.47386
1.4245	0.47403
1.4249	0.47425
1.4253	0.47449
1.4257	0.47470
1.4261	0.47493
1.4265	0.47513
1.4268	0.47525
1.4272	0.47539
1.4276	0.47556
1.428	0.47575
1.4284	0.47592
1.4288	0.47618
1.4292	0.47650
1.4296	0.47659
1.43	0.47660
1.4304	0.47679
1.4308	0.47710
1.4312	0.47728
1.4316	0.47728
1.432	0.47738
1.4324	0.47763
1.4328	0.47776
1.4332	0.47795
1.4336	0.47813
1.4339	0.47821
1.4343	0.47837
1.4348	0.47855
1.4351	0.47863
1.4355	0.47877
1.4359	0.47904
1.4363	0.47933
1.4367	0.47952
1.4371	0.47965
1.4375	0.47977
1.4379	0.47984
1.4383	0.47992
1.4387	0.48011
1.4391	0.48026
1.4395	0.48042
1.4399	0.48051
1.4403	0.48056
1.4407	0.48068
1.4411	0.48085
1.4415	0.48103
1.4419	0.48118
1.4423	0.48125
1.4427	0.48129
1.4431	0.48143
1.4435	0.48160
1.4439	0.48170
1.4443	0.48170
1.4447	0.48182
1.4451	0.48200
1.4456	0.48206
1.4459	0.48213
1.4463	0.48217
1.4468	0.48230
1.4472	0.48254
1.4476	0.48264
1.448	0.48279
1.4484	0.48298
1.4488	0.48310
1.4492	0.48317
1.4496	0.48318
1.45	0.48335
1.4504	0.48354
1.4508	0.48353
1.4512	0.48356
1.4516	0.48369
1.452	0.48392
1.4524	0.48410
1.4528	0.48416
1.4532	0.48414
1.4537	0.48407
1.4541	0.48419
1.4545	0.48443
1.4549	0.48453
1.4553	0.48470
1.4557	0.48471
1.4561	0.48471
1.4565	0.48481
1.4569	0.48490
1.4573	0.48505
1.4577	0.48533
1.4582	0.48554
1.4586	0.48559
1.459	0.48570
1.4594	0.48579
1.4598	0.48589
1.4602	0.48597
1.4606	0.48622
1.461	0.48636
1.4614	0.48650
1.4618	0.48662
1.4623	0.48683
1.4627	0.48697
1.4631	0.48699
1.4635	0.48720
1.4639	0.48747
1.4643	0.48763
1.4647	0.48773
1.4652	0.48774
1.4656	0.48796
1.466	0.48819
1.4664	0.48840
1.4668	0.48854
1.4672	0.48856
1.4676	0.48862
1.4681	0.48887
1.4685	0.48906
1.4689	0.48915
1.4693	0.48929
1.4697	0.48937
1.4701	0.48951
1.4706	0.48968
1.471	0.48973
1.4714	0.48983
1.4718	0.48994
1.4722	0.49022
1.4726	0.49039
1.4731	0.49036
1.4735	0.49047
1.4739	0.49069
1.4743	0.49080
1.4747	0.49092
1.4752	0.49120
1.4756	0.49136
1.476	0.49140
1.4764	0.49151
1.4768	0.49158
1.4773	0.49161
1.4777	0.49173
1.4781	0.49184
1.4785	0.49193
1.4789	0.49208
1.4794	0.49219
1.4798	0.49233
1.4802	0.49251
1.4806	0.49265
1.4811	0.49269
1.4815	0.49282
1.4819	0.49286
1.4823	0.49287
1.4828	0.49296
1.4832	0.49312
1.4836	0.49327
1.484	0.49340
1.4844	0.49348
1.4849	0.49363
1.4853	0.49383
1.4857	0.49398
1.4862	0.49404
1.4866	0.49409
1.487	0.49424
1.4874	0.49432
1.4879	0.49436
1.4883	0.49443
1.4887	0.49462
1.4891	0.49474
1.4896	0.49478
1.49	0.49490
1.4904	0.49503
1.4908	0.49515
1.4913	0.49534
1.4917	0.49547
1.4921	0.49560
1.4926	0.49572
1.493	0.49594
1.4934	0.49605
1.4939	0.49608
1.4943	0.49621
1.4947	0.49641
1.4952	0.49665
1.4956	0.49680
1.496	0.49683
1.4964	0.49681
1.4969	0.49690
1.4973	0.49710
1.4977	0.49723
1.4982	0.49749
1.4986	0.49766
1.499	0.49759
1.4995	0.49772
1.4999	0.49792
1.5003	0.49804
1.5008	0.49812
1.5012	0.49820
1.5017	0.49830
1.5021	0.49840
1.5025	0.49856
1.5029	0.49863
1.5034	0.49880
1.5038	0.49899
1.5043	0.49903
1.5047	0.49911
1.5051	0.49912
1.5056	0.49924
1.506	0.49938
1.5064	0.49946
1.5069	0.49964
1.5073	0.49980
1.5078	0.49983
1.5082	0.49995
1.5086	0.50001
1.5091	0.50010
1.5095	0.50017
1.51	0.50031
1.5104	0.50057
1.5108	0.50072
1.5113	0.50088
1.5117	0.50103
1.5122	0.50114
1.5126	0.50120
1.513	0.50131
1.5135	0.50137
1.5139	0.50135
1.5144	0.50151
1.5148	0.50169
1.5153	0.50178
1.5157	0.50189
1.5161	0.50203
1.5166	0.50213
1.517	0.50221
1.5175	0.50233
1.5179	0.50243
1.5184	0.50252
1.5188	0.50269
1.5193	0.50279
1.5197	0.50276
1.5201	0.50282
1.5206	0.50297
1.521	0.50312
1.5215	0.50329
1.5219	0.50344
1.5224	0.50356
1.5228	0.50362
1.5233	0.50366
1.5237	0.50363
1.5242	0.50363
1.5246	0.50370
1.5251	0.50385
1.5255	0.50407
1.5259	0.50428
1.5264	0.50429
1.5268	0.50430
1.5273	0.50448
1.5278	0.50458
1.5282	0.50462
1.5287	0.50466
1.5291	0.50470
1.5296	0.50488
1.53	0.50500
1.5305	0.50503
1.5309	0.50509
1.5314	0.50525
1.5318	0.50547
1.5323	0.50550
1.5327	0.50547
1.5332	0.50559
1.5336	0.50571
1.5341	0.50584
1.5345	0.50601
1.535	0.50609
1.5354	0.50605
1.5359	0.50605
1.5363	0.50607
1.5368	0.50619
1.5373	0.50639
1.5377	0.50653
1.5382	0.50663
1.5386	0.50667
1.5391	0.50668
1.5396	0.50686
1.54	0.50691
1.5405	0.50692
1.5409	0.50709
1.5414	0.50723
1.5418	0.50737
1.5423	0.50732
1.5428	0.50737
1.5432	0.50753
1.5437	0.50754
1.5441	0.50762
1.5446	0.50775
1.5451	0.50777
1.5455	0.50785
1.546	0.50794
1.5464	0.50803
1.5469	0.50810
1.5474	0.50821
1.5478	0.50833
1.5483	0.50833
1.5488	0.50842
1.5492	0.50845
1.5497	0.50851
1.5501	0.50866
1.5506	0.50874
1.5511	0.50880
1.5515	0.50894
1.552	0.50907
1.5524	0.50905
1.5529	0.50902
1.5534	0.50906
1.5538	0.50921
1.5543	0.50932
1.5548	0.50941
1.5553	0.50951
1.5557	0.50952
1.5562	0.50956
1.5567	0.50961
1.5571	0.50976
1.5576	0.50998
1.5581	0.50995
1.5585	0.50995
1.559	0.51012
1.5595	0.51024
1.5599	0.51025
1.5604	0.51030
1.5609	0.51040
1.5613	0.51044
1.5618	0.51054
1.5623	0.51063
1.5628	0.51068
1.5632	0.51076
1.5637	0.51080
1.5642	0.51087
1.5646	0.51095
1.5651	0.51098
1.5656	0.51108
1.5661	0.51114
1.5665	0.51131
1.567	0.51144
1.5675	0.51142
1.5679	0.51151
1.5684	0.51165
1.5689	0.51172
1.5694	0.51178
1.5698	0.51179
1.5703	0.51189
1.5708	0.51206
1.5713	0.51212
1.5718	0.51212
1.5722	0.51224
1.5727	0.51234
1.5732	0.51234
1.5737	0.51232
1.5741	0.51241
1.5746	0.51247
1.5751	0.51247
1.5756	0.51263
1.5761	0.51263
1.5765	0.51271
1.577	0.51287
1.5775	0.51284
1.578	0.51287
1.5784	0.51295
1.5789	0.51303
1.5794	0.51309
1.5799	0.51318
1.5804	0.51332
1.5809	0.51346
1.5813	0.51340
1.5818	0.51344
1.5823	0.51366
1.5828	0.51368
1.5833	0.51358
1.5838	0.51364
1.5842	0.51370
1.5847	0.51382
1.5852	0.51396
1.5857	0.51396
1.5862	0.51395
1.5867	0.51403
1.5872	0.51405
1.5876	0.51412
1.5881	0.51420
1.5886	0.51428
1.5891	0.51434
1.5896	0.51431
1.5901	0.51435
1.5906	0.51445
1.591	0.51457
1.5915	0.51463
1.592	0.51459
1.5925	0.51467
1.593	0.51480
1.5935	0.51487
1.594	0.51490
1.5945	0.51495
1.595	0.51493
1.5954	0.51495
1.5959	0.51498
1.5964	0.51510
1.5969	0.51522
1.5974	0.51525
1.5979	0.51527
1.5984	0.51536
1.5989	0.51538
1.5994	0.51549
1.5999	0.51558
1.6004	0.51553
1.6009	0.51550
1.6014	0.51556
1.6019	0.51571
1.6023	0.51580
1.6028	0.51576
1.6033	0.51580
1.6038	0.51592
1.6043	0.51598
1.6048	0.51606
1.6053	0.51613
1.6058	0.51616
1.6063	0.51611
1.6068	0.51620
1.6073	0.51632
1.6078	0.51628
1.6083	0.51633
1.6088	0.51642
1.6093	0.51641
1.6098	0.51640
1.6103	0.51652
1.6108	0.51668
1.6113	0.51666
1.6118	0.51659
1.6123	0.51660
1.6128	0.51675
1.6133	0.51687
1.6138	0.51694
1.6143	0.51700
1.6148	0.51698
1.6153	0.51708
1.6158	0.51708
1.6163	0.51705
1.6168	0.51710
1.6173	0.51723
1.6178	0.51722
1.6184	0.51726
1.6189	0.51734
1.6194	0.51738
1.6199	0.51750
1.6204	0.51758
1.6209	0.51759
1.6214	0.51769
1.6219	0.51780
1.6224	0.51771
1.6229	0.51767
1.6234	0.51782
1.6239	0.51790
1.6244	0.51794
1.6249	0.51798
1.6255	0.51796
1.626	0.51790
1.6265	0.51802
1.627	0.51807
1.6275	0.51812
1.628	0.51813
1.6285	0.51814
1.629	0.51811
1.6296	0.51820
1.6301	0.51827
1.6306	0.51830
1.6311	0.51831
1.6316	0.51830
1.6321	0.51835
1.6326	0.51844
1.6331	0.51850
1.6337	0.51862
1.6342	0.51858
1.6347	0.51858
1.6352	0.51864
1.6357	0.51855
1.6362	0.51851
1.6368	0.51872
1.6373	0.51877
1.6378	0.51876
1.6383	0.51878
1.6388	0.51882
1.6393	0.51897
1.6399	0.51909
1.6404	0.51901
1.6409	0.51899
1.6414	0.51910
1.6419	0.51917
1.6424	0.51917
1.643	0.51915
1.6435	0.51917
1.644	0.51919
1.6445	0.51923
1.6451	0.51930
1.6456	0.51934
1.6461	0.51938
1.6466	0.51936
1.6472	0.51933
1.6477	0.51938
1.6482	0.51952
1.6487	0.51956
1.6492	0.51963
1.6498	0.51967
1.6503	0.51962
1.6508	0.51955
1.6513	0.51955
1.6519	0.51963
1.6524	0.51973
1.6529	0.51979
1.6534	0.51981
1.654	0.51978
1.6545	0.51977
1.655	0.51981
1.6556	0.51981
1.6561	0.51982
1.6566	0.51994
1.6572	0.52006
1.6577	0.52009
1.6582	0.52005
1.6587	0.52006
1.6593	0.52012
1.6598	0.52015
1.6603	0.52022
1.6609	0.52030
1.6614	0.52029
1.6619	0.52020
1.6625	0.52018
1.663	0.52026
1.6635	0.52024
1.6641	0.52028
1.6646	0.52037
1.6651	0.52044
1.6657	0.52052
1.6662	0.52050
1.6667	0.52049
1.6673	0.52047
1.6678	0.52051
1.6683	0.52066
1.6689	0.52074
1.6694	0.52074
1.67	0.52073
1.6705	0.52073
1.671	0.52079
1.6716	0.52073
1.6721	0.52074
1.6727	0.52092
1.6732	0.52092
1.6737	0.52078
1.6743	0.52080
1.6748	0.52095
1.6754	0.52093
1.6759	0.52101
1.6764	0.52106
1.677	0.52102
1.6775	0.52106
1.6781	0.52111
1.6786	0.52112
1.6792	0.52113
1.6797	0.52121
1.6802	0.52117
1.6808	0.52122
1.6813	0.52132
1.6819	0.52129
1.6824	0.52128
1.683	0.52136
1.6835	0.52142
1.6841	0.52139
1.6846	0.52149
1.6852	0.52149
1.6857	0.52152
1.6863	0.52161
1.6868	0.52163
1.6873	0.52158
1.6879	0.52147
1.6884	0.52146
1.689	0.52151
1.6896	0.52152
1.6901	0.52163
1.6907	0.52169
1.6912	0.52160
1.6918	0.52162
1.6923	0.52172
1.6929	0.52178
1.6934	0.52174
1.694	0.52168
1.6945	0.52171
1.6951	0.52172
1.6956	0.52167
1.6962	0.52169
1.6967	0.52175
1.6973	0.52175
1.6978	0.52185
1.6984	0.52196
1.699	0.52196
1.6995	0.52198
1.7001	0.52198
1.7006	0.52196
1.7012	0.52204
1.7018	0.52207
1.7023	0.52212
1.7029	0.52206
1.7034	0.52202
1.704	0.52209
1.7046	0.52206
1.7051	0.52204
1.7057	0.52208
1.7062	0.52209
1.7068	0.52216
1.7074	0.52215
1.7079	0.52214
1.7085	0.52211
1.709	0.52211
1.7096	0.52216
1.7102	0.52223
1.7107	0.52229
1.7113	0.52229
1.7119	0.52229
1.7124	0.52231
1.713	0.52229
1.7136	0.52230
1.7141	0.52231
1.7147	0.52233
1.7153	0.52232
1.7158	0.52235
1.7164	0.52229
1.717	0.52227
1.7175	0.52225
1.7181	0.52230
1.7187	0.52239
1.7192	0.52250
1.7198	0.52253
1.7204	0.52255
1.721	0.52244
1.7215	0.52232
1.7221	0.52230
1.7227	0.52239
1.7232	0.52248
1.7238	0.52250
1.7244	0.52250
1.725	0.52252
1.7255	0.52252
1.7261	0.52255
1.7267	0.52248
1.7273	0.52250
1.7278	0.52259
1.7284	0.52260
1.729	0.52259
1.7296	0.52261
1.7301	0.52255
1.7307	0.52249
1.7313	0.52257
1.7319	0.52267
1.7325	0.52269
1.733	0.52256
1.7336	0.52248
1.7342	0.52253
1.7348	0.52260
1.7354	0.52271
1.7359	0.52273
1.7365	0.52277
1.7371	0.52282
1.7377	0.52286
1.7383	0.52277
1.7388	0.52267
1.7394	0.52267
1.74	0.52265
1.7406	0.52260
1.7412	0.52264
1.7418	0.52268
1.7423	0.52268
1.7429	0.52265
1.7435	0.52278
1.7441	0.52289
1.7447	0.52284
1.7453	0.52282
1.7459	0.52286
1.7465	0.52281
1.7471	0.52275
1.7476	0.52280
1.7482	0.52281
1.7488	0.52279
1.7494	0.52277
1.75	0.52276
1.7506	0.52273
1.7512	0.52271
1.7518	0.52270
1.7524	0.52280
1.753	0.52283
1.7536	0.52277
1.7541	0.52280
1.7547	0.52287
1.7553	0.52287
1.7559	0.52279
1.7565	0.52276
1.7571	0.52271
1.7577	0.52273
1.7583	0.52278
1.7589	0.52282
1.7595	0.52279
1.7601	0.52276
1.7607	0.52280
1.7613	0.52284
1.7619	0.52283
1.7625	0.52278
1.7631	0.52283
1.7637	0.52289
1.7643	0.52283
1.7649	0.52278
1.7655	0.52281
1.7661	0.52281
1.7667	0.52279
1.7673	0.52283
1.7679	0.52285
1.7685	0.52287
1.7691	0.52294
1.7697	0.52294
1.7703	0.52286
1.7709	0.52290
1.7715	0.52300
1.7721	0.52308
1.7727	0.52307
1.7733	0.52311
1.7739	0.52304
1.7746	0.52301
1.7752	0.52308
1.7758	0.52309
1.7764	0.52299
1.777	0.52306
1.7776	0.52318
1.7782	0.52318
1.7788	0.52317
1.7794	0.52316
1.78	0.52313
1.7807	0.52315
1.7813	0.52317
1.7819	0.52328
1.7825	0.52326
1.7831	0.52323
1.7837	0.52331
1.7843	0.52327
1.7849	0.52320
1.7856	0.52322
1.7862	0.52323
1.7868	0.52332
1.7874	0.52340
1.788	0.52348
1.7886	0.52344
1.7893	0.52338
1.7899	0.52335
1.7905	0.52320
1.7911	0.52312
1.7917	0.52328
1.7923	0.52344
1.793	0.52345
1.7936	0.52340
1.7942	0.52340
1.7948	0.52338
1.7954	0.52342
1.7961	0.52335
1.7967	0.52329
1.7973	0.52337
1.7979	0.52347
1.7986	0.52345
1.7992	0.52346
1.7998	0.52349
1.8004	0.52345
1.8011	0.52342
1.8017	0.52346
1.8023	0.52343
1.8029	0.52332
1.8036	0.52338
1.8042	0.52348
1.8048	0.52349
1.8054	0.52350
1.8061	0.52342
1.8067	0.52338
1.8073	0.52343
1.808	0.52342
1.8086	0.52338
1.8092	0.52341
1.8099	0.52344
1.8105	0.52346
1.8111	0.52335
1.8118	0.52330
1.8124	0.52338
1.813	0.52347
1.8137	0.52344
1.8143	0.52334
1.8149	0.52337
1.8156	0.52344
1.8162	0.52332
1.8168	0.52340
1.8175	0.52335
1.8181	0.52333
1.8188	0.52336
1.8194	0.52339
1.82	0.52360
1.8207	0.52355
1.8213	0.52330
1.8219	0.52331
1.8226	0.52319
1.8232	0.52329
1.8239	0.52340
1.8245	0.52343
1.8252	0.52333
1.8258	0.52356
1.8264	0.52357
1.8271	0.52327
1.8277	0.52334
1.8284	0.52342
1.829	0.52328
1.8297	0.52325
1.8303	0.52338
1.831	0.52361
1.8316	0.52347
1.8323	0.52335
1.8329	0.52337
1.8336	0.52331
1.8342	0.52339
1.8348	0.52348
1.8355	0.52339
1.8361	0.52354
1.8368	0.52343
1.8374	0.52347
1.8381	0.52339
1.8388	0.52308
1.8394	0.52348
1.8401	0.52357
1.8407	0.52317
1.8414	0.52345
1.842	0.52356
1.8427	0.52308
1.8433	0.52306
1.844	0.52331
1.8446	0.52324
1.8453	0.52314
1.8459	0.52323
1.8466	0.52353
1.8473	0.52342
1.8479	0.52311
1.8486	0.52306
1.8492	0.52281
1.8499	0.52284
1.8506	0.52284
1.8512	0.52287
1.8519	0.52288
1.8526	0.52304
1.8532	0.52305
1.8539	0.52310
1.8545	0.52282
1.8552	0.52267
1.8559	0.52280
1.8565	0.52291
1.8572	0.52266
1.8579	0.52254
1.8585	0.52262
1.8592	0.52285
1.8599	0.52283
1.8605	0.52232
1.8612	0.52223
1.8619	0.52223
1.8625	0.52218
1.8632	0.52211
1.8639	0.52224
1.8645	0.52215
1.8652	0.52187
1.8659	0.52185
1.8666	0.52185
1.8672	0.52198
1.8679	0.52195
1.8686	0.52152
1.8692	0.52151
1.8699	0.52159
1.8706	0.52179
1.8713	0.52154
1.8719	0.52091
1.8726	0.52123
1.8733	0.52118
1.874	0.52047
1.8747	0.52032
1.8753	0.52026
1.876	0.51995
1.8767	0.52006
1.8774	0.51977
1.878	0.51923
1.8787	0.51899
1.8794	0.51871
1.8801	0.51853
1.8808	0.51828
1.8814	0.51794
1.8821	0.51766
1.8828	0.51739
1.8835	0.51708
1.8842	0.51671
1.8849	0.51606
1.8856	0.51561
1.8862	0.51521
1.8869	0.51472
1.8876	0.51406
1.8883	0.51349
1.889	0.51295
1.8897	0.51256
1.8904	0.51189
1.8911	0.51083
1.8918	0.51027
1.8924	0.50966
1.8931	0.50876
1.8938	0.50799
1.8945	0.50710
1.8952	0.50614
1.8959	0.50514
1.8966	0.50410
1.8973	0.50307
1.898	0.50212
1.8987	0.50108
1.8994	0.50030
1.9001	0.49913
1.9008	0.49790
1.9015	0.49683
1.9022	0.49601
1.9029	0.49531
1.9036	0.49423
1.9043	0.49335
1.905	0.49305
1.9057	0.49234
1.9064	0.49151
1.9071	0.49092
1.9078	0.49028
1.9085	0.48989
1.9092	0.48956
1.9099	0.48927
1.9106	0.48891
1.9113	0.48861
1.912	0.48839
1.9127	0.48819
1.9134	0.48814
1.9141	0.48764
1.9148	0.48722
1.9155	0.48724
1.9162	0.48723
1.9169	0.48700
1.9176	0.48683
1.9183	0.48657
1.9191	0.48644
1.9198	0.48646
1.9205	0.48630
1.9212	0.48578
1.9219	0.48530
1.9226	0.48511
1.9233	0.48491
1.924	0.48473
1.9248	0.48429
1.9255	0.48392
1.9262	0.48366
1.9269	0.48337
1.9276	0.48297
1.9283	0.48256
1.9291	0.48195
1.9298	0.48136
1.9305	0.48088
1.9312	0.48030
1.9319	0.47970
1.9327	0.47900
1.9334	0.47823
1.9341	0.47745
1.9348	0.47656
1.9355	0.47563
1.9363	0.47481
1.937	0.47375
1.9377	0.47278
1.9384	0.47190
1.9392	0.47096
1.9399	0.47010
1.9406	0.46938
1.9413	0.46882
1.9421	0.46850
1.9428	0.46853
1.9435	0.46888
1.9442	0.46932
1.945	0.46994
1.9457	0.47094
1.9464	0.47221
1.9472	0.47353
1.9479	0.47486
1.9486	0.47621
1.9494	0.47759
1.9501	0.47890
1.9508	0.48000
1.9516	0.48110
1.9523	0.48222
1.953	0.48315
1.9538	0.48393
1.9545	0.48464
1.9552	0.48532
1.956	0.48583
1.9567	0.48631
1.9575	0.48677
1.9582	0.48716
1.9589	0.48756
1.9597	0.48795
1.9604	0.48823
1.9612	0.48846
1.9619	0.48863
1.9626	0.48882
1.9634	0.48908
1.9641	0.48922
1.9649	0.48934
1.9656	0.48952
1.9664	0.48966
1.9671	0.48988
1.9679	0.49006
1.9686	0.49017
1.9693	0.49031
1.9701	0.49045
1.9708	0.49059
1.9716	0.49074
1.9723	0.49085
1.9731	0.49097
1.9738	0.49107
1.9746	0.49122
1.9753	0.49145
1.9761	0.49162
1.9769	0.49167
1.9776	0.49169
1.9784	0.49175
1.9791	0.49200
1.9799	0.49225
1.9806	0.49231
1.9814	0.49240
1.9822	0.49262
1.9829	0.49280
1.9837	0.49287
1.9844	0.49298
1.9852	0.49312
1.9859	0.49321
1.9867	0.49344
1.9875	0.49364
1.9882	0.49373
1.989	0.49382
1.9898	0.49392
1.9905	0.49406
1.9913	0.49421
1.9921	0.49433
1.9928	0.49441
1.9936	0.49449
1.9943	0.49465
1.9951	0.49479
1.9959	0.49498
1.9967	0.49516
1.9974	0.49527
1.9982	0.49539
1.999	0.49555
1.9997	0.49570
2.0005	0.49586
2.0013	0.49613
2.0021	0.49634
2.0028	0.49646
2.0036	0.49662
2.0044	0.49689
2.0052	0.49714
2.0059	0.49730
2.0067	0.49743
2.0075	0.49759
2.0083	0.49795
2.009	0.49818
2.0098	0.49836
2.0106	0.49862
2.0114	0.49881
2.0122	0.49898
2.0129	0.49921
2.0137	0.49943
2.0145	0.49972
2.0153	0.50002
2.0161	0.50023
2.0168	0.50044
2.0176	0.50062
2.0184	0.50088
2.0192	0.50121
2.02	0.50143
2.0208	0.50168
2.0216	0.50186
2.0223	0.50218
2.0231	0.50246
2.0239	0.50264
2.0247	0.50284
2.0255	0.50313
2.0263	0.50337
2.0271	0.50358
2.0279	0.50383
2.0287	0.50414
2.0295	0.50442
2.0303	0.50463
2.0311	0.50488
2.0319	0.50512
2.0327	0.50531
2.0335	0.50558
2.0343	0.50585
2.0351	0.50611
2.0358	0.50630
2.0367	0.50648
2.0374	0.50664
2.0383	0.50677
2.0391	0.50695
2.0399	0.50716
2.0407	0.50732
2.0415	0.50748
2.0423	0.50771
2.0431	0.50800
2.0439	0.50811
2.0447	0.50810
2.0455	0.50830
2.0463	0.50862
2.0471	0.50877
2.0479	0.50880
2.0487	0.50888
2.0495	0.50898
2.0504	0.50913
2.0512	0.50936
2.052	0.50949
2.0528	0.50958
2.0536	0.50965
2.0544	0.50985
2.0552	0.50994
2.056	0.50993
2.0569	0.51003
2.0577	0.51024
2.0585	0.51032
2.0593	0.51035
2.0601	0.51039
2.0609	0.51049
2.0618	0.51067
2.0626	0.51076
2.0634	0.51082
2.0642	0.51080
2.065	0.51075
2.0659	0.51088
2.0667	0.51096
2.0675	0.51095
2.0683	0.51102
2.0692	0.51108
2.07	0.51119
2.0708	0.51123
2.0716	0.51129
2.0725	0.51137
2.0733	0.51127
2.0741	0.51124
2.075	0.51132
2.0758	0.51143
2.0766	0.51154
2.0775	0.51150
2.0783	0.51144
2.0791	0.51149
2.08	0.51149
2.0808	0.51156
2.0816	0.51160
2.0825	0.51157
2.0833	0.51155
2.0841	0.51156
2.085	0.51162
2.0858	0.51170
2.0866	0.51171
2.0875	0.51176
2.0883	0.51187
2.0892	0.51198
2.09	0.51203
2.0909	0.51208
2.0917	0.51207
2.0926	0.51211
2.0934	0.51221
2.0942	0.51228
2.0951	0.51222
2.0959	0.51227
2.0968	0.51235
2.0976	0.51238
2.0985	0.51248
2.0993	0.51259
2.1002	0.51258
2.101	0.51274
2.1019	0.51276
2.1027	0.51270
2.1036	0.51281
2.1044	0.51292
2.1053	0.51303
2.1061	0.51313
2.107	0.51316
2.1079	0.51318
2.1087	0.51310
2.1096	0.51307
2.1104	0.51309
2.1113	0.51305
2.1121	0.51314
2.113	0.51319
2.1139	0.51323
2.1147	0.51328
2.1156	0.51330
2.1165	0.51342
2.1173	0.51354
2.1182	0.51355
2.1191	0.51355
2.1199	0.51357
2.1208	0.51357
2.1217	0.51371
2.1225	0.51381
2.1234	0.51387
2.1243	0.51386
2.1251	0.51383
2.126	0.51390
2.1269	0.51395
2.1278	0.51391
2.1286	0.51400
2.1295	0.51401
2.1304	0.51399
2.1313	0.51407
2.1321	0.51406
2.133	0.51404
2.1339	0.51408
2.1348	0.51412
2.1356	0.51406
2.1365	0.51396
2.1374	0.51400
2.1383	0.51398
2.1392	0.51395
2.1401	0.51393
2.1409	0.51393
2.1418	0.51386
2.1427	0.51374
2.1436	0.51368
2.1445	0.51361
2.1454	0.51344
2.1463	0.51324
2.1471	0.51312
2.148	0.51306
2.1489	0.51290
2.1498	0.51268
2.1507	0.51248
2.1516	0.51237
2.1525	0.51228
2.1534	0.51221
2.1543	0.51204
2.1552	0.51188
2.1561	0.51169
2.157	0.51155
2.1579	0.51142
2.1588	0.51123
2.1597	0.51099
2.1606	0.51078
2.1615	0.51057
2.1624	0.51052
2.1633	0.51053
2.1642	0.51040
2.1651	0.51025
2.166	0.51018
2.1669	0.51015
2.1678	0.51011
2.1687	0.51005
2.1696	0.50989
2.1705	0.50975
2.1714	0.50961
2.1723	0.50951
2.1732	0.50944
2.1741	0.50933
2.1751	0.50925
2.176	0.50907
2.1769	0.50888
2.1778	0.50868
2.1787	0.50847
2.1796	0.50828
2.1806	0.50817
2.1815	0.50797
2.1824	0.50760
2.1833	0.50733
2.1842	0.50721
2.1851	0.50699
2.1861	0.50662
2.187	0.50627
2.1879	0.50593
2.1888	0.50552
2.1898	0.50525
2.1907	0.50497
2.1916	0.50458
2.1925	0.50425
2.1935	0.50400
2.1944	0.50367
2.1953	0.50336
2.1963	0.50300
2.1972	0.50270
2.1981	0.50245
2.1991	0.50224
2.2	0.50191
2.2009	0.50155
2.2019	0.50111
2.2028	0.50063
2.2037	0.50007
2.2047	0.49949
2.2056	0.49880
2.2065	0.49795
2.2075	0.49697
2.2084	0.49619
2.2094	0.49593
2.2103	0.49622
2.2112	0.49698
2.2122	0.49796
2.2131	0.49878
2.2141	0.49949
2.215	0.50006
2.216	0.50046
2.2169	0.50074
2.2179	0.50108
2.2188	0.50136
2.2198	0.50148
2.2207	0.50166
2.2217	0.50187
2.2226	0.50196
2.2236	0.50209
2.2245	0.50209
2.2255	0.50201
2.2264	0.50196
2.2274	0.50195
2.2284	0.50192
2.2293	0.50185
2.2303	0.50163
2.2312	0.50148
2.2322	0.50141
2.2331	0.50121
2.2341	0.50094
2.2351	0.50073
2.236	0.50056
2.237	0.50042
2.238	0.50022
2.2389	0.50009
2.2399	0.49993
2.2409	0.49974
2.2418	0.49952
2.2428	0.49940
2.2438	0.49935
2.2448	0.49941
2.2457	0.49951
2.2467	0.49955
2.2477	0.49947
2.2486	0.49949
2.2496	0.49965
2.2506	0.49988
2.2516	0.50002
2.2526	0.50015
2.2535	0.50040
2.2545	0.50054
2.2555	0.50062
2.2565	0.50083
2.2575	0.50109
2.2584	0.50128
2.2594	0.50144
2.2604	0.50160
2.2614	0.50177
2.2624	0.50195
2.2634	0.50200
2.2644	0.50213
2.2654	0.50225
2.2663	0.50236
2.2673	0.50242
2.2683	0.50244
2.2693	0.50249
2.2703	0.50248
2.2713	0.50227
2.2723	0.50228
2.2733	0.50234
2.2743	0.50223
2.2753	0.50212
2.2763	0.50208
2.2773	0.50195
2.2783	0.50170
2.2793	0.50143
2.2803	0.50129
2.2813	0.50102
2.2823	0.50071
2.2833	0.50038
2.2843	0.49997
2.2853	0.49958
2.2863	0.49931
2.2873	0.49903
2.2883	0.49861
2.2894	0.49815
2.2904	0.49774
2.2914	0.49736
2.2924	0.49701
2.2934	0.49655
2.2944	0.49612
2.2954	0.49574
2.2964	0.49546
2.2975	0.49513
2.2985	0.49485
2.2995	0.49452
2.3005	0.49419
2.3016	0.49390
2.3026	0.49357
2.3036	0.49315
2.3046	0.49282
2.3056	0.49251
2.3067	0.49221
2.3077	0.49184
2.3087	0.49143
2.3098	0.49103
2.3108	0.49061
2.3118	0.49016
2.3128	0.48981
2.3139	0.48936
2.3149	0.48882
2.3159	0.48838
2.317	0.48798
2.318	0.48750
2.3191	0.48712
2.3201	0.48678
2.3211	0.48644
2.3222	0.48614
2.3232	0.48585
2.3243	0.48558
2.3253	0.48538
2.3263	0.48519
2.3274	0.48497
2.3284	0.48485
2.3295	0.48479
2.3305	0.48472
2.3316	0.48461
2.3326	0.48455
2.3337	0.48461
2.3347	0.48470
2.3358	0.48465
2.3368	0.48453
2.3379	0.48445
2.3389	0.48440
2.34	0.48448
2.341	0.48446
2.3421	0.48442
2.3431	0.48442
2.3442	0.48447
2.3453	0.48447
2.3463	0.48450
2.3474	0.48445
2.3485	0.48436
2.3495	0.48433
2.3506	0.48436
2.3517	0.48432
2.3527	0.48435
2.3538	0.48430
2.3549	0.48431
2.3559	0.48424
2.357	0.48421
2.3581	0.48426
2.3591	0.48428
2.3602	0.48427
2.3613	0.48424
2.3624	0.48426
2.3634	0.48429
2.3645	0.48423
2.3656	0.48425
2.3667	0.48422
2.3678	0.48419
2.3689	0.48418
2.3699	0.48408
2.371	0.48385
2.3721	0.48369
2.3732	0.48357
2.3743	0.48338
2.3754	0.48313
2.3764	0.48289
2.3775	0.48265
2.3786	0.48241
2.3797	0.48213
2.3808	0.48188
2.3819	0.48154
2.383	0.48119
2.3841	0.48093
2.3852	0.48062
2.3863	0.48027
2.3874	0.48017
2.3885	0.48001
2.3896	0.47967
2.3907	0.47935
2.3918	0.47915
2.3929	0.47896
2.394	0.47881
2.3951	0.47857
2.3962	0.47835
2.3973	0.47806
2.3984	0.47782
2.3995	0.47757
2.4006	0.47736
2.4018	0.47715
2.4029	0.47688
2.404	0.47658
2.4051	0.47635
2.4062	0.47603
2.4073	0.47575
2.4085	0.47537
2.4096	0.47496
2.4107	0.47459
2.4118	0.47422
2.4129	0.47370
2.4141	0.47324
2.4152	0.47282
2.4163	0.47226
2.4174	0.47164
2.4186	0.47126
2.4197	0.47071
2.4208	0.47009
2.422	0.46950
2.4231	0.46895
2.4242	0.46839
2.4254	0.46778
2.4265	0.46716
2.4276	0.46668
2.4288	0.46608
2.4299	0.46557
2.4311	0.46520
2.4322	0.46493
2.4333	0.46458
2.4345	0.46433
2.4356	0.46393
2.4368	0.46363
2.4379	0.46346
2.4391	0.46335
2.4402	0.46319
2.4414	0.46306
2.4425	0.46285
2.4436	0.46276
2.4448	0.46265
2.4459	0.46254
2.4471	0.46236
2.4483	0.46216
2.4494	0.46203
2.4506	0.46193
2.4517	0.46171
2.4529	0.46158
2.4541	0.46139
2.4552	0.46115
2.4564	0.46094
2.4576	0.46077
2.4587	0.46064
2.4599	0.46064
2.4611	0.46040
2.4622	0.46021
2.4634	0.46019
2.4646	0.46019
2.4657	0.46010
2.4669	0.46013
2.4681	0.46017
2.4693	0.46028
2.4704	0.46033
2.4716	0.46034
2.4728	0.46027
2.474	0.46025
2.4751	0.46038
2.4763	0.46048
2.4775	0.46049
2.4787	0.46067
2.4799	0.46068
2.4811	0.46063
2.4823	0.46056
2.4834	0.46057
2.4846	0.46052
2.4858	0.46041
2.487	0.46039
2.4882	0.46048
2.4894	0.46037
2.4906	0.46030
2.4918	0.46035
2.493	0.46047
2.4942	0.46033
2.4954	0.46023
2.4966	0.46017
2.4978	0.46009
2.499	0.46009
2.5002	0.46012
2.5014	0.45996
2.5026	0.45989
2.5038	0.45976
2.505	0.45963
2.5063	0.45952
2.5075	0.45945
2.5087	0.45943
2.5099	0.45932
2.5111	0.45914
2.5123	0.45908
2.5135	0.45890
2.5148	0.45882
2.516	0.45882
2.5172	0.45868
2.5184	0.45853
2.5196	0.45844
2.5209	0.45822
2.5221	0.45822
2.5233	0.45832
2.5246	0.45819
2.5258	0.45797
2.527	0.45786
2.5282	0.45767
2.5295	0.45756
2.5307	0.45747
2.5319	0.45753
2.5332	0.45729
2.5344	0.45694
2.5357	0.45697
2.5369	0.45680
2.5381	0.45657
2.5394	0.45664
2.5406	0.45649
2.5419	0.45654
2.5431	0.45612
2.5444	0.45555
2.5456	0.45535
2.5469	0.45559
2.5481	0.45559
2.5494	0.45534
2.5506	0.45537
2.5519	0.45534
2.5531	0.45507
2.5544	0.45443
2.5556	0.45430
2.5569	0.45423
2.5582	0.45402
2.5594	0.45427
2.5607	0.45469
2.562	0.45418
2.5632	0.45361
2.5645	0.45314
2.5658	0.45228
2.567	0.45213
2.5683	0.45240
2.5696	0.45245
2.5709	0.45130
2.5721	0.45158
2.5734	0.45202
2.5747	0.45047
2.576	0.45052
2.5773	0.45040
2.5785	0.44938
2.5798	0.44972
2.5811	0.44997
2.5824	0.44958
2.5837	0.45005
2.585	0.44869
2.5862	0.44869
2.5875	0.44901
2.5888	0.44817
2.5901	0.44792
2.5914	0.44805
2.5927	0.44887
2.594	0.45037
2.5953	0.44910
2.5966	0.44656
2.5979	0.44715
2.5992	0.44748
2.6005	0.44770
2.6018	0.44766
2.6031	0.44770
2.6044	0.44813
2.6057	0.44776
2.6071	0.44652
2.6084	0.44655
2.6097	0.44641
2.611	0.44585
2.6123	0.44586
2.6136	0.44573
2.6149	0.44546
2.6163	0.44661
2.6176	0.44527
2.6189	0.44469
2.6202	0.44524
2.6216	0.44318
2.6229	0.44259
2.6242	0.44285
2.6255	0.44303
2.6269	0.44262
2.6282	0.44104
2.6295	0.44199
2.6309	0.44111
2.6322	0.43919
2.6335	0.43928
2.6349	0.43843
2.6362	0.43744
2.6376	0.43713
2.6389	0.43644
2.6402	0.43584
2.6416	0.43520
2.6429	0.43437
2.6443	0.43351
2.6456	0.43285
2.647	0.43131
2.6483	0.43057
2.6497	0.42971
2.651	0.42915
2.6524	0.42852
2.6538	0.42691
2.6551	0.42584
2.6565	0.42458
2.6578	0.42309
2.6592	0.42231
2.6606	0.42045
2.6619	0.41846
2.6633	0.41708
2.6647	0.41653
2.666	0.41390
2.6674	0.41041
2.6688	0.40785
2.6701	0.40717
2.6715	0.40143
2.6729	0.39806
2.6743	0.39582
2.6756	0.39334
2.677	0.38913
2.6784	0.38465
2.6798	0.37973
2.6812	0.37435
2.6826	0.36955
2.684	0.36341
2.6854	0.35636
2.6868	0.34891
2.6881	0.34013
2.6895	0.33072
2.6909	0.31996
2.6923	0.30943
2.6937	0.29724
2.6951	0.28290
2.6965	0.26853
2.6979	0.25435
2.6993	0.23932
2.7007	0.22371
2.7021	0.20699
2.7036	0.19240
2.705	0.18013
2.7064	0.17038
2.7078	0.16326
2.7092	0.15831
2.7106	0.15469
2.712	0.15236
2.7135	0.15095
2.7149	0.15029
2.7163	0.14927
2.7177	0.14789
2.7191	0.14595
2.7206	0.14307
2.722	0.13859
2.7234	0.13512
2.7249	0.13121
2.7263	0.12838
2.7277	0.12675
2.7292	0.12547
2.7306	0.12398
2.732	0.12258
2.7335	0.12077
2.7349	0.11877
2.7364	0.11676
2.7378	0.11553
2.7393	0.11456
2.7407	0.11389
2.7422	0.11349
2.7436	0.11342
2.7451	0.11338
2.7465	0.11332
2.748	0.11301
2.7494	0.11262
2.7509	0.11203
2.7523	0.11138
2.7538	0.11077
2.7553	0.11015
2.7567	0.10911
2.7582	0.10791
2.7597	0.10598
2.7611	0.10343
2.7626	0.10199
2.7641	0.10375
2.7656	0.10649
2.767	0.10820
2.7685	0.10937
2.77	0.11019
2.7715	0.11067
2.7729	0.11118
2.7744	0.11159
2.7759	0.11201
2.7774	0.11237
2.7789	0.11263
2.7804	0.11290
2.7819	0.11326
2.7834	0.11344
2.7849	0.11350
2.7864	0.11357
2.7879	0.11372
2.7894	0.11385
2.7909	0.11374
2.7924	0.11353
2.7939	0.11355
2.7954	0.11353
2.7969	0.11334
2.7984	0.11298
2.7999	0.11281
2.8014	0.11273
2.8029	0.11238
2.8044	0.11178
2.806	0.11124
2.8075	0.11062
2.809	0.10994
2.8105	0.10924
2.8121	0.10853
2.8136	0.10771
2.8151	0.10679
2.8166	0.10588
2.8182	0.10502
2.8197	0.10419
2.8212	0.10353
2.8228	0.10308
2.8243	0.10275
2.8258	0.10251
2.8274	0.10234
2.8289	0.10255
2.8305	0.10310
2.832	0.10380
2.8336	0.10470
2.8351	0.10578
2.8367	0.10687
2.8382	0.10787
2.8398	0.10904
2.8413	0.11024
2.8429	0.11144
2.8444	0.11254
2.846	0.11345
2.8476	0.11447
2.8491	0.11531
2.8507	0.11598
2.8523	0.11659
2.8538	0.11706
2.8554	0.11749
2.857	0.11794
2.8586	0.11834
2.8601	0.11872
2.8617	0.11892
2.8633	0.11898
2.8649	0.11903
2.8664	0.11926
2.868	0.11934
2.8696	0.11931
2.8712	0.11929
2.8728	0.11932
2.8744	0.11939
2.876	0.11933
2.8776	0.11925
2.8792	0.11916
2.8808	0.11913
2.8824	0.11911
2.884	0.11897
2.8856	0.11898
2.8872	0.11899
2.8888	0.11910
2.8904	0.11927
2.892	0.11926
2.8936	0.11924
2.8953	0.11929
2.8969	0.11919
2.8985	0.11914
2.9001	0.11927
2.9017	0.11933
2.9034	0.11923
2.905	0.11927
2.9066	0.11944
2.9083	0.11940
2.9099	0.11926
2.9115	0.11920
2.9131	0.11910
2.9148	0.11901
2.9164	0.11902
2.9181	0.11907
2.9197	0.11902
2.9214	0.11891
2.923	0.11874
2.9247	0.11857
2.9263	0.11848
2.928	0.11855
2.9296	0.11860
2.9313	0.11852
2.9329	0.11842
2.9346	0.11838
2.9363	0.11826
2.9379	0.11823
2.9396	0.11833
2.9412	0.11821
2.9429	0.11802
2.9446	0.11795
2.9463	0.11798
2.9479	0.11811
2.9496	0.11826
2.9513	0.11833
2.953	0.11835
2.9546	0.11832
2.9563	0.11839
2.958	0.11864
2.9597	0.11879
2.9614	0.11881
2.9631	0.11902
2.9648	0.11932
2.9665	0.11942
2.9682	0.11941
2.9699	0.11949
2.9716	0.11967
2.9733	0.11971
2.975	0.11971
2.9767	0.11980
2.9784	0.11989
2.9801	0.11984
2.9818	0.11975
2.9836	0.11956
2.9853	0.11937
2.987	0.11925
2.9887	0.11900
2.9904	0.11876
2.9922	0.11861
2.9939	0.11834
2.9956	0.11793
2.9974	0.11755
2.9991	0.11722
3.0008	0.11694
3.0026	0.11682
3.0043	0.11681
3.006	0.11670
3.0078	0.11660
3.0095	0.11678
3.0113	0.11705
3.013	0.11752
3.0148	0.11804
3.0165	0.11861
3.0183	0.11926
3.02	0.12003
3.0218	0.12087
3.0236	0.12178
3.0253	0.12260
3.0271	0.12353
3.0289	0.12439
3.0306	0.12515
3.0324	0.12589
3.0342	0.12660
3.036	0.12726
3.0377	0.12796
3.0395	0.12854
3.0413	0.12910
3.0431	0.12964
3.0449	0.13028
3.0467	0.13092
3.0484	0.13148
3.0502	0.13200
3.052	0.13254
3.0538	0.13299
3.0556	0.13339
3.0574	0.13391
3.0592	0.13447
3.0611	0.13512
3.0629	0.13565
3.0647	0.13603
3.0665	0.13646
3.0683	0.13697
3.0701	0.13756
3.0719	0.13812
3.0738	0.13851
3.0756	0.13895
3.0774	0.13956
3.0792	0.14019
3.0811	0.14066
3.0829	0.14104
3.0847	0.14144
3.0866	0.14184
3.0884	0.14226
3.0902	0.14261
3.0921	0.14304
3.0939	0.14341
3.0958	0.14386
3.0976	0.14438
3.0995	0.14485
3.1013	0.14519
3.1032	0.14579
3.105	0.14646
3.1069	0.14699
3.1088	0.14756
3.1106	0.14829
3.1125	0.14890
3.1144	0.14962
3.1162	0.15051
3.1181	0.15130
3.12	0.15202
3.1219	0.15264
3.1237	0.15333
3.1256	0.15408
3.1275	0.15481
3.1294	0.15553
3.1313	0.15627
3.1332	0.15700
3.1351	0.15774
3.137	0.15846
3.1389	0.15927
3.1408	0.16009
3.1427	0.16086
3.1446	0.16175
3.1465	0.16275
3.1484	0.16381
3.1503	0.16479
3.1522	0.16584
3.1541	0.16699
3.1561	0.16827
3.158	0.16943
3.1599	0.17060
3.1618	0.17185
3.1638	0.17310
3.1657	0.17454
3.1676	0.17604
3.1696	0.17736
3.1715	0.17864
3.1734	0.18017
3.1754	0.18171
3.1773	0.18311
3.1793	0.18447
3.1812	0.18593
3.1832	0.18744
3.1851	0.18876
3.1871	0.19010
3.1891	0.19149
3.191	0.19308
3.193	0.19467
3.1949	0.19589
3.1969	0.19702
3.1989	0.19844
3.2009	0.19989
3.2029	0.20131
3.2048	0.20263
3.2068	0.20383
3.2088	0.20510
3.2108	0.20645
3.2128	0.20780
3.2148	0.20911
3.2168	0.21030
3.2188	0.21159
3.2208	0.21284
3.2228	0.21411
3.2248	0.21545
3.2268	0.21675
3.2288	0.21795
3.2308	0.21916
3.2328	0.22043
3.2348	0.22174
3.2368	0.22277
3.2389	0.22384
3.2409	0.22510
3.2429	0.22633
3.2449	0.22751
3.247	0.22875
3.249	0.22999
3.251	0.23118
3.2531	0.23231
3.2551	0.23351
3.2572	0.23488
3.2592	0.23620
3.2613	0.23743
3.2633	0.23870
3.2654	0.24000
3.2674	0.24122
3.2695	0.24244
3.2716	0.24375
3.2736	0.24496
3.2757	0.24620
3.2778	0.24762
3.2798	0.24893
3.2819	0.25026
3.284	0.25160
3.2861	0.25275
3.2881	0.25396
3.2902	0.25523
3.2923	0.25653
3.2944	0.25797
3.2965	0.25931
3.2986	0.26055
3.3007	0.26193
3.3028	0.26319
3.3049	0.26435
3.307	0.26581
3.3091	0.26738
3.3112	0.26872
3.3134	0.27008
3.3155	0.27138
3.3176	0.27265
3.3197	0.27395
3.3219	0.27514
3.324	0.27643
3.3261	0.27790
3.3283	0.27919
3.3304	0.28046
3.3325	0.28182
3.3347	0.28318
3.3368	0.28442
3.339	0.28578
3.3411	0.28719
3.3433	0.28842
3.3454	0.28958
3.3476	0.29105
3.3498	0.29254
3.3519	0.29376
3.3541	0.29492
3.3563	0.29623
3.3584	0.29757
3.3606	0.29886
3.3628	0.30004
3.365	0.30126
3.3671	0.30251
3.3693	0.30379
3.3715	0.30500
3.3737	0.30623
3.3759	0.30745
3.3781	0.30870
3.3803	0.31004
3.3825	0.31147
3.3847	0.31272
3.3869	0.31392
3.3891	0.31509
3.3914	0.31635
3.3936	0.31763
3.3958	0.31875
3.398	0.31987
3.4003	0.32108
3.4025	0.32220
3.4047	0.32333
3.407	0.32439
3.4092	0.32547
3.4114	0.32659
3.4137	0.32778
3.4159	0.32910
3.4182	0.33047
3.4204	0.33170
3.4227	0.33292
3.425	0.33406
3.4272	0.33535
3.4295	0.33647
3.4318	0.33742
3.434	0.33833
3.4363	0.33928
3.4386	0.34023
3.4409	0.34128
3.4432	0.34241
3.4454	0.34354
3.4477	0.34454
3.45	0.34555
3.4523	0.34661
3.4546	0.34745
3.4569	0.34829
3.4592	0.34931
3.4616	0.35022
3.4639	0.35126
3.4662	0.35226
3.4685	0.35296
3.4708	0.35370
3.4731	0.35474
3.4755	0.35562
3.4778	0.35649
3.4801	0.35716
3.4825	0.35793
3.4848	0.35903
3.4872	0.36009
3.4895	0.36094
3.4919	0.36177
3.4942	0.36271
3.4966	0.36361
3.4989	0.36455
3.5013	0.36562
3.5036	0.36674
3.506	0.36778
3.5084	0.36866
3.5108	0.36957
3.5131	0.37036
3.5155	0.37108
3.5179	0.37182
3.5203	0.37269
3.5227	0.37347
3.5251	0.37430
3.5275	0.37515
3.5299	0.37597
3.5323	0.37676
3.5347	0.37764
3.5371	0.37858
3.5395	0.37943
3.5419	0.38009
3.5444	0.38077
3.5468	0.38163
3.5492	0.38245
3.5516	0.38311
3.5541	0.38395
3.5565	0.38461
3.559	0.38519
3.5614	0.38593
3.5639	0.38670
3.5663	0.38741
3.5688	0.38803
3.5712	0.38866
3.5737	0.38932
3.5761	0.38990
3.5786	0.39049
3.5811	0.39135
3.5836	0.39218
3.586	0.39274
3.5885	0.39329
3.591	0.39382
3.5935	0.39426
3.596	0.39486
3.5985	0.39551
3.601	0.39607
3.6035	0.39657
3.606	0.39701
3.6085	0.39740
3.611	0.39782
3.6135	0.39846
3.616	0.39890
3.6186	0.39928
3.6211	0.39981
3.6236	0.40029
3.6261	0.40064
3.6287	0.40113
3.6312	0.40158
3.6338	0.40202
3.6363	0.40254
3.6389	0.40293
3.6414	0.40313
3.644	0.40342
3.6466	0.40381
3.6491	0.40413
3.6517	0.40443
3.6543	0.40484
3.6568	0.40512
3.6594	0.40557
3.662	0.40605
3.6646	0.40634
3.6672	0.40656
3.6698	0.40689
3.6724	0.40734
3.675	0.40790
3.6776	0.40819
3.6802	0.40844
3.6828	0.40867
3.6854	0.40900
3.6881	0.40932
3.6907	0.40963
3.6933	0.41018
3.6959	0.41068
3.6986	0.41103
3.7012	0.41138
3.7039	0.41168
3.7065	0.41202
3.7092	0.41243
3.7118	0.41280
3.7145	0.41318
3.7171	0.41352
3.7198	0.41392
3.7225	0.41430
3.7251	0.41466
3.7278	0.41504
3.7305	0.41519
3.7332	0.41522
3.7359	0.41547
3.7386	0.41609
3.7413	0.41638
3.744	0.41649
3.7467	0.41662
3.7494	0.41687
3.7521	0.41712
3.7548	0.41747
3.7575	0.41765
3.7603	0.41779
3.763	0.41806
3.7657	0.41835
3.7685	0.41863
3.7712	0.41874
3.7739	0.41857
3.7767	0.41863
3.7794	0.41862
3.7822	0.41870
3.785	0.41898
3.7877	0.41907
3.7905	0.41900
3.7933	0.41924
3.7961	0.41946
3.7988	0.41944
3.8016	0.41927
3.8044	0.41923
3.8072	0.41922
3.81	0.41917
3.8128	0.41917
3.8156	0.41913
3.8184	0.41908
3.8212	0.41896
3.8241	0.41884
3.8269	0.41870
3.8297	0.41865
3.8325	0.41850
3.8354	0.41839
3.8382	0.41824
3.8411	0.41815
3.8439	0.41808
3.8468	0.41799
3.8496	0.41786
3.8525	0.41776
3.8553	0.41760
3.8582	0.41746
3.8611	0.41731
3.8639	0.41724
3.8668	0.41709
3.8697	0.41695
3.8726	0.41676
3.8755	0.41660
3.8784	0.41639
3.8813	0.41618
3.8842	0.41596
3.8871	0.41581
3.89	0.41561
3.893	0.41541
3.8959	0.41517
3.8988	0.41498
3.9017	0.41476
3.9047	0.41456
3.9076	0.41432
3.9106	0.41409
3.9135	0.41382
3.9165	0.41359
3.9194	0.41329
3.9224	0.41309
3.9254	0.41282
3.9284	0.41255
3.9313	0.41225
3.9343	0.41200
3.9373	0.41169
3.9403	0.41134
3.9433	0.41096
3.9463	0.41062
3.9493	0.41021
3.9523	0.40985
3.9553	0.40947
3.9583	0.40913
3.9614	0.40872
3.9644	0.40835
3.9674	0.40798
3.9705	0.40761
3.9735	0.40722
3.9766	0.40687
3.9796	0.40648
3.9826	0.40616
3.9857	0.40581
3.9888	0.40549
3.9919	0.40511
3.9949	0.40476
3.998	0.40440
4.0011	0.40411
4.0042	0.40372
4.0073	0.40337
4.0104	0.40298
4.0135	0.40260
4.0166	0.40221
4.0197	0.40182
4.0228	0.40138
4.0259	0.40097
4.0291	0.40050
4.0322	0.40004
4.0353	0.39951
4.0385	0.39907
4.0416	0.39856
4.0448	0.39801
4.0479	0.39744
4.0511	0.39695
4.0543	0.39641
4.0574	0.39590
4.0606	0.39532
4.0638	0.39477
4.067	0.39420
4.0702	0.39363
4.0734	0.39298
4.0766	0.39238
4.0798	0.39171
4.083	0.39108
4.0862	0.39038
4.0894	0.38973
4.0927	0.38904
4.0959	0.38835
4.0991	0.38757
4.1024	0.38683
4.1056	0.38608
4.1089	0.38535
4.1121	0.38456
4.1154	0.38378
4.1187	0.38298
4.122	0.38223
4.1252	0.38140
4.1285	0.38060
4.1318	0.37971
4.1351	0.37883
4.1384	0.37790
4.1417	0.37701
4.145	0.37608
4.1483	0.37509
4.1516	0.37405
4.155	0.37309
4.1583	0.37199
4.1616	0.37091
4.165	0.36979
4.1683	0.36869
4.1717	0.36755
4.175	0.36639
4.1784	0.36516
4.1818	0.36397
4.1852	0.36270
4.1885	0.36148
4.1919	0.36018
4.1953	0.35891
4.1987	0.35762
4.2021	0.35638
4.2055	0.35510
4.2089	0.35385
4.2124	0.35252
4.2158	0.35124
4.2192	0.34990
4.2226	0.34857
4.2261	0.34706
4.2295	0.34552
4.233	0.34384
4.2365	0.34206
4.2399	0.34014
4.2434	0.33818
4.2469	0.33608
4.2503	0.33389
4.2538	0.33151
4.2573	0.32932
4.2608	0.32737
4.2643	0.32543
4.2678	0.32327
4.2714	0.32102
4.2749	0.31857
4.2784	0.31614
4.2819	0.31361
4.2855	0.31103
4.289	0.30844
4.2926	0.30586
4.2961	0.30317
4.2997	0.30051
4.3033	0.29781
4.3068	0.29519
4.3104	0.29255
4.314	0.28999
4.3176	0.28746
4.3212	0.28498
4.3248	0.28249
4.3284	0.28014
4.332	0.27785
4.3356	0.27565
4.3393	0.27348
4.3429	0.27144
4.3465	0.26945
4.3502	0.26757
4.3538	0.26572
4.3575	0.26396
4.3611	0.26222
4.3648	0.26065
4.3685	0.25908
4.3722	0.25759
4.3759	0.25615
4.3796	0.25483
4.3833	0.25354
4.387	0.25235
4.3907	0.25114
4.3944	0.25001
4.3981	0.24891
4.4019	0.24787
4.4056	0.24679
4.4094	0.24579
4.4131	0.24473
4.4169	0.24375
4.4206	0.24278
4.4244	0.24186
4.4282	0.24088
4.432	0.23993
4.4358	0.23892
4.4396	0.23797
4.4434	0.23697
4.4472	0.23597
4.451	0.23488
4.4548	0.23378
4.4586	0.23263
4.4625	0.23147
4.4663	0.23022
4.4702	0.22898
4.474	0.22771
4.4779	0.22644
4.4818	0.22506
4.4856	0.22371
4.4895	0.22226
4.4934	0.22083
4.4973	0.21938
4.5012	0.21793
4.5051	0.21636
4.509	0.21481
4.513	0.21316
4.5169	0.21154
4.5209	0.20991
4.5248	0.20828
4.5287	0.20655
4.5327	0.20479
4.5367	0.20303
4.5406	0.20130
4.5446	0.19946
4.5486	0.19767
4.5526	0.19582
4.5566	0.19393
4.5606	0.19201
4.5646	0.19015
4.5686	0.18819
4.5727	0.18625
4.5767	0.18427
4.5808	0.18229
4.5848	0.18026
4.5889	0.17823
4.5929	0.17612
4.597	0.17404
4.6011	0.17194
4.6052	0.16983
4.6093	0.16765
4.6134	0.16555
4.6175	0.16343
4.6216	0.16132
4.6257	0.15918
4.6298	0.15710
4.634	0.15503
4.6381	0.15309
4.6423	0.15115
4.6464	0.14929
4.6506	0.14748
4.6548	0.14575
4.659	0.14409
4.6631	0.14257
4.6673	0.14116
4.6715	0.13987
4.6758	0.13861
4.68	0.13747
4.6842	0.13640
4.6884	0.13540
4.6927	0.13443
4.6969	0.13357
4.7012	0.13272
4.7055	0.13192
4.7097	0.13114
4.714	0.13042
4.7183	0.12965
4.7226	0.12892
4.7269	0.12819
4.7312	0.12745
4.7355	0.12668
4.7399	0.12598
4.7442	0.12528
4.7485	0.12459
4.7529	0.12385
4.7573	0.12314
4.7616	0.12239
4.766	0.12170
4.7704	0.12097
4.7748	0.12024
4.7792	0.11951
4.7836	0.11879
4.788	0.11806
4.7924	0.11738
4.7969	0.11669
4.8013	0.11602
4.8058	0.11529
4.8102	0.11460
4.8147	0.11389
4.8191	0.11319
4.8236	0.11249
4.8281	0.11188
4.8326	0.11125
4.8371	0.11064
4.8416	0.11003
4.8462	0.10943
4.8507	0.10881
4.8553	0.10821
4.8598	0.10760
4.8644	0.10702
4.8689	0.10639
4.8735	0.10583
4.8781	0.10526
4.8827	0.10470
4.8873	0.10408
4.8919	0.10347
4.8965	0.10285
4.9011	0.10227
4.9058	0.10163
4.9104	0.10099
4.9151	0.10038
4.9197	0.09975
4.9244	0.09908
4.9291	0.09840
4.9338	0.09768
4.9385	0.09701
4.9432	0.09629
4.9479	0.09559
4.9526	0.09488
4.9574	0.09420
4.9621	0.09348
4.9669	0.09273
4.9716	0.09196
4.9764	0.09117
4.9812	0.09041
4.986	0.08970
4.9908	0.08894
4.9956	0.08818
5.0004	0.08741
5.0052	0.08665
5.01	0.08585
5.0149	0.08514
5.0198	0.08437
5.0246	0.08356
5.0295	0.08280
5.0344	0.08211
5.0393	0.08138
5.0442	0.08070
5.0491	0.07999
5.054	0.07926
5.0589	0.07856
5.0639	0.07792
5.0688	0.07719
5.0738	0.07652
5.0788	0.07586
5.0837	0.07518
5.0887	0.07445
5.0937	0.07374
5.0987	0.07299
5.1037	0.07227
5.1088	0.07150
5.1138	0.07077
5.1189	0.07004
5.1239	0.06932
5.129	0.06859
5.1341	0.06788
5.1391	0.06715
5.1443	0.06650
5.1494	0.06584
5.1545	0.06515
5.1596	0.06447
5.1647	0.06386
5.1699	0.06326
5.175	0.06266
5.1802	0.06207
5.1854	0.06155
5.1906	0.06099
5.1958	0.06045
5.201	0.05993
5.2062	0.05941
5.2115	0.05891
5.2167	0.05837
5.222	0.05784
5.2272	0.05741
5.2325	0.05694
5.2378	0.05649
5.2431	0.05603
5.2484	0.05558
5.2537	0.05516
5.259	0.05475
5.2644	0.05433
5.2697	0.05396
5.2751	0.05361
5.2805	0.05321
5.2858	0.05286
5.2912	0.05252
5.2966	0.05213
5.302	0.05180
5.3075	0.05144
5.3129	0.05106
5.3184	0.05072
5.3238	0.05039
5.3293	0.05004
5.3348	0.04973
5.3403	0.04943
5.3458	0.04917
5.3513	0.04882
5.3568	0.04840
5.3624	0.04799
5.3679	0.04765
5.3735	0.04738
5.379	0.04708
5.3846	0.04672
5.3902	0.04636
5.3958	0.04602
5.4015	0.04573
5.4071	0.04542
5.4127	0.04514
5.4184	0.04489
5.4241	0.04464
5.4297	0.04433
5.4354	0.04408
5.4411	0.04387
5.4469	0.04367
5.4526	0.04342
5.4583	0.04323
5.4641	0.04306
5.4698	0.04289
5.4756	0.04279
5.4814	0.04269
5.4872	0.04254
5.493	0.04245
5.4988	0.04239
5.5047	0.04234
5.5105	0.04229
5.5164	0.04227
5.5223	0.04223
5.5281	0.04217
5.534	0.04209
5.54	0.04203
5.5459	0.04197
5.5518	0.04193
5.5578	0.04183
5.5637	0.04174
5.5697	0.04164
5.5757	0.04156
5.5817	0.04144
5.5877	0.04124
5.5937	0.04106
5.5998	0.04096
5.6058	0.04081
5.6119	0.04065
5.618	0.04046
5.6241	0.04029
5.6302	0.04016
5.6363	0.04011
5.6424	0.03998
5.6486	0.03973
5.6547	0.03951
5.6609	0.03932
5.6671	0.03915
5.6733	0.03905
5.6795	0.03884
5.6857	0.03867
5.692	0.03856
5.6982	0.03839
5.7045	0.03826
5.7108	0.03819
5.7171	0.03797
5.7234	0.03774
5.7297	0.03752
5.736	0.03738
5.7424	0.03722
5.7488	0.03703
5.7551	0.03679
5.7615	0.03671
5.768	0.03661
5.7744	0.03631
5.7808	0.03601
5.7873	0.03575
5.7937	0.03551
5.8002	0.03533
5.8067	0.03512
5.8132	0.03494
5.8197	0.03479
5.8263	0.03455
5.8328	0.03426
5.8394	0.03399
5.846	0.03373
5.8526	0.03353
5.8592	0.03335
5.8658	0.03311
5.8725	0.03287
5.8791	0.03276
5.8858	0.03247
5.8925	0.03220
5.8992	0.03193
5.9059	0.03159
5.9126	0.03130
5.9194	0.03099
5.9262	0.03071
5.9329	0.03054
5.9397	0.03036
5.9465	0.03017
5.9534	0.02996
5.9602	0.02981
5.9671	0.02977
5.974	0.02969
5.9808	0.02954
5.9878	0.02945
5.9947	0.02934
6.0016	0.02926
6.0086	0.02920
6.0155	0.02909
6.0225	0.02891
6.0295	0.02883
6.0365	0.02879
6.0436	0.02879
6.0506	0.02873
6.0577	0.02849
6.0648	0.02840
6.0719	0.02839
6.079	0.02821
6.0861	0.02805
6.0933	0.02796
6.1005	0.02787
6.1076	0.02779
6.1148	0.02777
6.1221	0.02766
6.1293	0.02757
6.1365	0.02756
6.1438	0.02758
6.1511	0.02755
6.1584	0.02756
6.1657	0.02756
6.1731	0.02753
6.1804	0.02755
6.1878	0.02760
6.1952	0.02755
6.2026	0.02753
6.21	0.02753
6.2175	0.02752
6.225	0.02748
6.2324	0.02748
6.2399	0.02750
6.2475	0.02752
6.255	0.02752
6.2625	0.02752
6.2701	0.02756
6.2777	0.02757
6.2853	0.02756
6.2929	0.02754
6.3006	0.02753
6.3083	0.02758
6.3159	0.02759
6.3236	0.02750
6.3314	0.02750
6.3391	0.02760
6.3469	0.02761
6.3546	0.02753
6.3624	0.02752
6.3703	0.02754
6.3781	0.02752
6.3859	0.02752
6.3938	0.02750
6.4017	0.02745
6.4096	0.02748
6.4176	0.02754
6.4255	0.02742
6.4335	0.02734
6.4415	0.02726
6.4495	0.02724
6.4575	0.02720
6.4656	0.02711
6.4736	0.02706
6.4817	0.02706
6.4898	0.02708
6.498	0.02699
6.5061	0.02681
6.5143	0.02672
6.5225	0.02667
6.5307	0.02654
6.5389	0.02643
6.5472	0.02639
6.5555	0.02633
6.5638	0.02626
6.5721	0.02619
6.5804	0.02608
6.5888	0.02597
6.5972	0.02582
6.6056	0.02571
6.614	0.02562
6.6225	0.02548
6.6309	0.02546
6.6394	0.02542
6.6479	0.02520
6.6565	0.02510
6.665	0.02505
6.6736	0.02496
6.6822	0.02491
6.6908	0.02478
6.6995	0.02470
6.7081	0.02468
6.7168	0.02459
6.7255	0.02449
6.7343	0.02440
6.743	0.02432
6.7518	0.02424
6.7606	0.02412
6.7694	0.02404
6.7783	0.02400
6.7871	0.02394
6.796	0.02385
6.805	0.02371
6.8139	0.02362
6.8229	0.02360
6.8319	0.02347
6.8409	0.02336
6.8499	0.02328
6.859	0.02323
6.868	0.02318
6.8772	0.02302
6.8863	0.02287
6.8955	0.02280
6.9046	0.02272
6.9138	0.02261
6.9231	0.02250
6.9323	0.02241
6.9416	0.02228
6.9509	0.02218
6.9602	0.02207
6.9696	0.02190
6.979	0.02177
6.9884	0.02165
6.9978	0.02147
7.0073	0.02134
7.0168	0.02123
7.0263	0.02108
7.0358	0.02093
7.0454	0.02081
7.0549	0.02061
7.0645	0.02047
7.0742	0.02032
7.0839	0.02019
7.0935	0.02007
7.1033	0.01991
7.113	0.01975
7.1228	0.01960
7.1326	0.01942
7.1424	0.01930
7.1522	0.01912
7.1621	0.01892
7.172	0.01874
7.182	0.01855
7.1919	0.01839
7.2019	0.01827
7.2119	0.01809
7.222	0.01790
7.232	0.01771
7.2421	0.01755
7.2523	0.01734
7.2624	0.01711
7.2726	0.01691
7.2828	0.01671
7.2931	0.01653
7.3033	0.01638
7.3136	0.01616
7.324	0.01598
7.3343	0.01582
7.3447	0.01563
7.3551	0.01544
7.3656	0.01523
7.3761	0.01501
7.3866	0.01483
7.3971	0.01463
7.4077	0.01443
7.4183	0.01423
7.4289	0.01404
7.4396	0.01382
7.4502	0.01363
7.461	0.01343
7.4717	0.01327
7.4825	0.01304
7.4933	0.01281
7.5041	0.01258
7.515	0.01239
7.5259	0.01218
7.5369	0.01196
7.5479	0.01174
7.5589	0.01157
7.5699	0.01140
7.581	0.01120
7.592	0.01096
7.6032	0.01075
7.6144	0.01053
7.6255	0.01032
7.6368	0.01009
7.648	0.00986
7.6593	0.00960
7.6707	0.00941
7.682	0.00918
7.6934	0.00895
7.7049	0.00874
7.7163	0.00851
7.7278	0.00828
7.7394	0.00809
7.7509	0.00783
7.7625	0.00759
7.7742	0.00735
7.7858	0.00713
7.7975	0.00691
7.8093	0.00673
7.8211	0.00653
7.8329	0.00630
7.8447	0.00607
7.8566	0.00584
7.8685	0.00558
7.8805	0.00540
7.8925	0.00521
7.9045	0.00505
7.9166	0.00488
7.9287	0.00471
7.9408	0.00454
7.953	0.00443
7.9652	0.00435
7.9775	0.00435
7.9898	0.00433
8.0021	0.00440
8.0145	0.00458
8.0269	0.00485
8.0393	0.00522
8.0518	0.00581
8.0643	0.00653
8.0769	0.00750
8.0895	0.00870
8.1021	0.01013
8.1148	0.01181
8.1275	0.01374
8.1403	0.01593
8.1531	0.01843
8.1659	0.02131
8.1788	0.02451
8.1917	0.02800
8.2047	0.03180
8.2177	0.03587
8.2307	0.04017
8.2438	0.04466
8.257	0.04912
8.2701	0.05351
8.2833	0.05769
8.2966	0.06158
8.3099	0.06489
8.3232	0.06769
8.3366	0.06999
8.35	0.07183
8.3635	0.07336
8.377	0.07468
8.3905	0.07582
8.4042	0.07694
8.4178	0.07792
8.4315	0.07893
8.4452	0.07981
8.459	0.08072
8.4728	0.08156
8.4867	0.08222
8.5006	0.08271
8.5145	0.08330
8.5285	0.08393
8.5426	0.08470
8.5567	0.08538
8.5708	0.08615
8.585	0.08696
8.5993	0.08773
8.6135	0.08848
8.6279	0.08928
8.6423	0.08989
8.6567	0.09057
8.6712	0.09115
8.6857	0.09175
8.7003	0.09227
8.7149	0.09272
8.7295	0.09314
8.7443	0.09370
8.759	0.09417
8.7739	0.09474
8.7887	0.09529
8.8037	0.09594
8.8186	0.09659
8.8337	0.09723
8.8487	0.09777
8.8638	0.09830
8.879	0.09865
8.8943	0.09892
8.9095	0.09891
8.9249	0.09873
8.9403	0.09835
8.9557	0.09775
8.9712	0.09697
8.9868	0.09621
9.0023	0.09529
9.018	0.09446
9.0337	0.09357
9.0495	0.09275
9.0653	0.09201
9.0812	0.09136
9.0971	0.09068
9.1131	0.09004
9.1291	0.08934
9.1452	0.08873
9.1614	0.08802
9.1776	0.08739
9.1939	0.08677
9.2102	0.08614
9.2266	0.08558
9.243	0.08522
9.2595	0.08501
9.2761	0.08501
9.2927	0.08516
9.3094	0.08558
9.3262	0.08613
9.343	0.08676
9.3598	0.08737
9.3768	0.08798
9.3938	0.08857
9.4108	0.08909
9.4279	0.08942
9.4451	0.08991
9.4623	0.09046
9.4796	0.09115
9.497	0.09188
9.5144	0.09279
9.5319	0.09375
9.5494	0.09475
9.567	0.09564
9.5847	0.09657
9.6025	0.09738
9.6203	0.09817
9.6382	0.09906
9.6561	0.10017
9.6742	0.10141
9.6922	0.10283
9.7104	0.10425
9.7286	0.10566
9.7469	0.10678
9.7652	0.10776
9.7837	0.10864
9.8022	0.10942
9.8207	0.11003
9.8394	0.11058
9.8581	0.11100
9.8768	0.11143
9.8957	0.11170
9.9146	0.11201
9.9336	0.11231
9.9527	0.11273
9.9718	0.11308
9.991	0.11341
10.0103	0.11354
10.0297	0.11358
10.0491	0.11351
10.0686	0.11340
10.0882	0.11320
10.1079	0.11299
10.1276	0.11280
10.1475	0.11272
10.1673	0.11263
10.1873	0.11284
10.2074	0.11321
10.2275	0.11381
10.2477	0.11462
10.268	0.11578
10.2884	0.11720
10.3088	0.11905
10.3294	0.12112
10.35	0.12332
10.3707	0.12520
10.3915	0.12690
10.4123	0.12825
10.4333	0.12941
10.4543	0.13039
10.4754	0.13123
10.4967	0.13178
10.5179	0.13226
10.5393	0.13274
10.5608	0.13328
10.5823	0.13354
10.604	0.13389
10.6257	0.13413
10.6475	0.13419
10.6694	0.13405
10.6914	0.13391
10.7135	0.13369
10.7357	0.13354
10.758	0.13326
10.7803	0.13303
10.8028	0.13257
10.8254	0.13186
10.848	0.13078
10.8708	0.12953
10.8936	0.12791
10.9165	0.12612
10.9395	0.12411
10.9627	0.12209
10.9859	0.12004
11.0092	0.11811
11.0327	0.11626
11.0562	0.11460
11.0798	0.11290
11.1035	0.11118
11.1274	0.10932
11.1513	0.10743
11.1753	0.10532
11.1995	0.10317
11.2237	0.10077
11.248	0.09837
11.2725	0.09592
11.2971	0.09351
11.3217	0.09109
11.3465	0.08875
11.3714	0.08655
11.3964	0.08451
11.4215	0.08251
11.4467	0.08075
11.472	0.07902
11.4975	0.07741
11.523	0.07591
11.5487	0.07457
11.5744	0.07329
11.6003	0.07211
11.6263	0.07088
11.6525	0.06978
11.6787	0.06877
11.7051	0.06788
11.7316	0.06688
11.7582	0.06591
11.7849	0.06499
11.8117	0.06413
11.8387	0.06326
11.8658	0.06253
11.893	0.06177
11.9203	0.06092
11.9478	0.06013
11.9754	0.05939
12.0031	0.05861
12.031	0.05786
12.059	0.05705
12.0871	0.05608
12.1153	0.05520
12.1437	0.05442
12.1722	0.05364
12.2008	0.05269
12.2296	0.05170
12.2585	0.05091
12.2876	0.05000
12.3168	0.04908
12.3461	0.04819
12.3755	0.04726
12.4052	0.04624
12.4349	0.04529
12.4648	0.04442
12.4948	0.04363
12.525	0.04282
12.5553	0.04200
12.5858	0.04121
12.6164	0.04048
12.6472	0.03978
12.6781	0.03910
12.7092	0.03842
12.7404	0.03794
12.7718	0.03769
12.8033	0.03758
12.835	0.03754
12.8669	0.03767
12.8989	0.03774
12.9311	0.03785
12.9634	0.03791
12.9959	0.03798
13.0285	0.03797
13.0613	0.03803
13.0943	0.03818
13.1275	0.03851
13.1608	0.03878
13.1943	0.03906
13.228	0.03928
13.2618	0.03930
13.2958	0.03932
13.33	0.03937
13.3643	0.03926
13.3988	0.03918
13.4336	0.03928
13.4685	0.03933
13.5035	0.03947
13.5388	0.03979
13.5742	0.03993
13.6099	0.04013
13.6457	0.04056
13.6817	0.04108
13.7179	0.04154
13.7543	0.04181
13.7908	0.04173
13.8276	0.04142
13.8646	0.04087
13.9018	0.04018
13.9392	0.03944
13.9767	0.03876
14.0145	0.03815
14.0525	0.03752
14.0907	0.03699
14.129	0.03669
14.1676	0.03655
14.2065	0.03650
14.2455	0.03638
14.2847	0.03633
14.3242	0.03618
14.3639	0.03591
14.4038	0.03560
14.4439	0.03544
14.4843	0.03538
14.5248	0.03540
14.5656	0.03558
14.6067	0.03589
14.6479	0.03601
14.6894	0.03605
14.7312	0.03599
14.7731	0.03592
14.8153	0.03597
14.8578	0.03610
14.9005	0.03637
14.9434	0.03658
14.9866	0.03647
15.03	0.03612
15.0737	0.03604
15.1177	0.03614
15.1619	0.03637
15.2063	0.03741
15.2511	0.03938
15.2961	0.04221
15.3413	0.04608
15.3868	0.05054
15.4326	0.05517
15.4787	0.05978
15.525	0.06396
15.5717	0.06731
15.6186	0.06989
15.6658	0.07189
15.7132	0.07332
15.761	0.07438
15.809	0.07508
15.8574	0.07585
15.906	0.07680
15.955	0.07789
16.0042	0.07848
16.0538	0.07880
16.1036	0.07907
16.1538	0.07926
16.2043	0.08003
16.2551	0.08172
16.3062	0.08428
16.3576	0.08750
16.4094	0.09063
16.4615	0.09364
16.5139	0.09654
16.5667	0.09919
16.6198	0.10160
16.6732	0.10323
16.727	0.10426
16.7811	0.10503
16.8356	0.10507
16.8905	0.10460
16.9457	0.10314
17.0012	0.10098
17.0572	0.09795
17.1134	0.09456
17.1701	0.09129
17.2272	0.08856
17.2846	0.08678
17.3424	0.08584
17.4006	0.08508
17.4592	0.08495
17.5182	0.08443
17.5775	0.08304
17.6373	0.08101
17.6975	0.07846
17.7581	0.07557
17.8192	0.07289
17.8806	0.07092
17.9425	0.06968
18.0048	0.06932
18.0675	0.07033
18.1307	0.07313
18.1943	0.07767
18.2584	0.08353
18.3229	0.09039
18.3879	0.09652
18.4533	0.10106
18.5192	0.10306
18.5856	0.10225
18.6524	0.09941
18.7198	0.09525
18.7876	0.09026
18.8559	0.08603
18.9247	0.08265
18.9941	0.08009
19.0639	0.07797
19.1342	0.07630
19.2051	0.07460
19.2765	0.07263
19.3484	0.07088
19.4209	0.06983
19.4939	0.06846
19.5675	0.06655
19.6416	0.06488
19.7163	0.06375
19.7915	0.06222
19.8673	0.06084
19.9438	0.05985
20.0208	0.05867
20.0984	0.05734
20.1766	0.05610
20.2554	0.05501
20.3348	0.05497
20.4149	0.05566
20.4956	0.05691
20.5769	0.05874
20.6589	0.06062
20.7415	0.06145
20.8248	0.06136
20.9088	0.06080
20.9934	0.06067
21.0788	0.06056
21.1648	0.06082
21.2516	0.06201
21.339	0.06313
21.4272	0.06335
21.5161	0.06340
21.6058	0.06306
21.6962	0.06189
21.7873	0.05960
21.8793	0.05662
21.972	0.05391
22.0655	0.05225
22.1597	0.05076
22.2548	0.04969
22.3508	0.04984
22.4475	0.05100
22.5451	0.05345
22.6436	0.05696
22.7429	0.06106
22.8431	0.06619
22.9442	0.07219
23.0462	0.07858
23.149	0.08439
23.2528	0.08961
23.3576	0.09331
23.4633	0.09688
23.5699	0.09905
23.6775	0.09954
23.7861	0.09990
23.8958	0.09971
24.0064	0.09860
24.1181	0.09707
24.2308	0.09720
24.3445	0.09804
24.4593	0.09976
24.5753	0.10097
24.6923	0.10191
24.8104	0.10340
24.9297	0.10580
25.0501	0.10697
25.1717	0.10771
25.2945	0.10968
25.4185	0.11250
25.5437	0.11344
25.6702	0.11293
25.7979	0.11308
25.9269	0.11295
26.0572	0.11297
26.1888	0.11277
26.3217	0.11204
26.456	0.11080
26.5917	0.10976
26.7288	0.10891
26.8672	0.10841
27.0072	0.10865
27.1486	0.10895
27.2915	0.10769
27.4359	0.10518
27.5818	0.10256
27.7293	0.10063
27.8784	0.09937
28.0291	0.09788
28.1814	0.09629
28.3354	0.09364
28.4911	0.09254
28.6485	0.09200
28.8077	0.09106
28.9686	0.08931
29.1313	0.08730
29.2959	0.08554
29.4624	0.08408
29.6307	0.08218
29.801	0.07955
29.9733	0.07744
30.1475	0.07666
30.3238	0.07563
30.5022	0.07635
30.6827	0.07760
30.8653	0.07749
31.0502	0.07573
31.2372	0.07535
31.4265	0.07642
31.6182	0.07636
31.8121	0.07560
32.0085	0.07601
32.2073	0.07687
32.4086	0.07799
32.6124	0.07887
32.8188	0.07939
33.0279	0.08063
33.2396	0.07754
33.4541	0.07322
33.6713	0.07146
33.8914	0.07152
34.1143	0.07034
34.3403	0.06849
34.5692	0.06510
34.8012	0.06308
35.0363	0.06360
35.2747	0.06591
35.5163	0.06868
35.7612	0.06889
36.0096	0.06552
36.2614	0.06128
36.5167	0.05955
36.7757	0.05792
37.0384	0.05539
37.3049	0.05396
37.5752	0.05141
37.8495	0.05189
38.1278	0.05316
38.4102	0.05175
38.6968	0.05211
38.9878	0.05491
39.2832	0.05875
39.583	0.05496
39.8875	0.05478
40.1967	0.05922
40.5108	0.06467
40.8297	0.06877
41.1538	0.06817
41.483	0.07057
41.8176	0.07491
42.1575	0.07573
42.5031	0.07520
42.8544	0.07583
43.2115	0.07955
43.5746	0.08178
43.9439	0.07817
44.3195	0.07681
44.7015	0.07614
45.0902	0.07031
45.4858	0.07041
45.8883	0.07161
46.298	0.06891
46.7151	0.06844
47.1398	0.07143
47.5723	0.07219
48.0128	0.07117
48.4615	0.07036
48.9186	0.07178
49.3846	0.07438
49.8594	0.07109
50.3435	0.06977
50.837	0.06636
51.3404	0.06507
51.8538	0.06583
52.3776	0.06469
52.912	0.06247
53.4575	0.06713
54.0144	0.07380
54.5829	0.07445
55.1636	0.07011
55.7568	0.06512
56.3628	0.06466
56.9822	0.07130
57.6153	0.07998
58.2627	0.08106
58.9247	0.07248
59.602	0.06309
60.2951	0.05961
61.0044	0.06551
61.7307	0.07490
62.4744	0.07911
63.2363	0.07671
64.017	0.07368
64.8172	0.07058
65.6377	0.06296
66.4792	0.05390
67.3426	0.07439
68.2286	0.08203
69.1384	0.07771
70.0727	0.06678
71.0326	0.05710
72.0191	0.06923
73.0335	0.07497
74.0768	0.07086
75.1504	0.07693
76.2555	0.09656
77.3937	0.10043
78.5663	0.09845
79.775	0.10018
81.0215	0.12230
82.3076	0.13171
83.6351	0.09765
85.0062	0.05280
86.423	0.04930
87.8878	0.05589
89.403	0.06088
90.9715	0.08631
92.596	0.12353
94.2796	0.16139
96.0255	0.12872
97.8373	0.06548
99.7188	0.02557
