Brown University Keck/NASA Relab Spectrum PL-ECS-154-U/BKR1PL154U
Wavelength(micron)	Reflectance
0.32	0.13617
0.33	0.19717
0.34	0.25480
0.35	0.29129
0.36	0.31591
0.37	0.32785
0.38	0.31905
0.39	0.32809
0.4	0.35841
0.41	0.37000
0.42	0.37014
0.43	0.37975
0.44	0.38765
0.45	0.39269
0.46	0.40503
0.47	0.41538
0.48	0.42200
0.49	0.42736
0.5	0.43408
0.51	0.44079
0.52	0.44763
0.53	0.45422
0.54	0.46163
0.55	0.46953
0.56	0.48007
0.57	0.49040
0.58	0.50138
0.59	0.51128
0.6	0.51821
0.61	0.52482
0.62	0.52912
0.63	0.53339
0.64	0.53705
0.65	0.54044
0.66	0.54361
0.67	0.54703
0.68	0.54934
0.69	0.55348
0.7	0.55608
0.71	0.56006
0.72	0.56392
0.73	0.56645
0.74	0.56960
0.75	0.57219
0.76	0.57312
0.77	0.57460
0.78	0.57448
0.79	0.57590
0.8	0.57496
0.81	0.57391
0.82	0.57241
0.83	0.57119
0.84	0.56885
0.85	0.56569
0.86	0.56429
0.87	0.56359
0.88	0.56305
0.89	0.56111
0.9	0.55966
0.91	0.55813
0.92	0.55638
0.93	0.55392
0.94	0.55227
0.95	0.54956
0.96	0.54709
0.97	0.54378
0.98	0.54044
0.99	0.53660
1	0.53226
1.01	0.52761
1.02	0.52225
1.03	0.51693
1.04	0.51066
1.05	0.50486
1.06	0.49914
1.07	0.49215
1.08	0.48623
1.09	0.47904
1.1	0.47309
1.11	0.46745
1.12	0.46053
1.13	0.45498
1.14	0.44971
1.15	0.44406
1.16	0.43986
1.17	0.43458
1.18	0.43026
1.19	0.42691
1.2	0.42360
1.21	0.42083
1.22	0.41777
1.23	0.41519
1.24	0.41253
1.25	0.41061
1.26	0.41056
1.27	0.40922
1.28	0.40901
1.29	0.40882
1.3	0.40945
1.31	0.41048
1.32	0.41107
1.33	0.41220
1.34	0.41225
1.35	0.41379
1.36	0.41592
1.37	0.41587
1.38	0.41828
1.39	0.41758
1.4	0.41955
1.41	0.41737
1.42	0.41619
1.43	0.41606
1.44	0.41664
1.45	0.41958
1.46	0.42276
1.47	0.42728
1.48	0.43123
1.49	0.43579
1.5	0.44164
1.51	0.44585
1.52	0.45046
1.53	0.45435
1.54	0.45802
1.55	0.46083
1.56	0.46324
1.57	0.46576
1.58	0.46851
1.59	0.46996
1.6	0.47289
1.61	0.47430
1.62	0.47633
1.63	0.47824
1.64	0.48040
1.65	0.48331
1.66	0.48529
1.67	0.48717
1.68	0.48986
1.69	0.49133
1.7	0.49277
1.71	0.49449
1.72	0.49513
1.73	0.49478
1.74	0.49432
1.75	0.49366
1.76	0.49439
1.77	0.49634
1.78	0.49805
1.79	0.49879
1.8	0.50061
1.81	0.50132
1.82	0.50171
1.83	0.50111
1.84	0.50179
1.85	0.50091
1.86	0.49742
1.87	0.48927
1.88	0.47916
1.89	0.45634
1.9	0.42105
1.91	0.38958
1.92	0.36451
1.93	0.34269
1.94	0.32972
1.95	0.33195
1.96	0.33886
1.97	0.34585
1.98	0.35310
1.99	0.36333
2	0.37717
2.01	0.38941
2.02	0.40082
2.03	0.40813
2.04	0.41395
2.05	0.41966
2.06	0.42437
2.07	0.43087
2.08	0.43625
2.09	0.44105
2.1	0.44606
2.11	0.45076
2.12	0.45473
2.13	0.45801
2.14	0.46086
2.15	0.46304
2.16	0.46468
2.17	0.46569
2.18	0.46816
2.19	0.47120
2.2	0.47324
2.21	0.47773
2.22	0.48100
2.23	0.48356
2.24	0.48536
2.25	0.48768
2.26	0.48946
2.27	0.48935
2.28	0.49062
2.29	0.48913
2.3	0.48616
2.31	0.48406
2.32	0.47889
2.33	0.47547
2.34	0.47209
2.35	0.46472
2.36	0.45405
2.37	0.44147
2.38	0.42821
2.39	0.41476
2.4	0.40091
2.41	0.38704
2.42	0.37621
2.43	0.36991
2.44	0.36547
2.45	0.36207
2.46	0.35997
2.47	0.35766
2.48	0.35595
2.49	0.35747
2.5	0.35687
2.5014	0.35684
2.5026	0.35696
2.5038	0.35717
2.505	0.35721
2.5063	0.35712
2.5075	0.35722
2.5087	0.35734
2.5099	0.35735
2.5111	0.35739
2.5123	0.35746
2.5135	0.35752
2.5148	0.35761
2.516	0.35759
2.5172	0.35759
2.5184	0.35758
2.5196	0.35765
2.5209	0.35772
2.5221	0.35766
2.5233	0.35756
2.5246	0.35750
2.5258	0.35750
2.527	0.35747
2.5283	0.35744
2.5295	0.35744
2.5307	0.35747
2.5319	0.35737
2.5332	0.35722
2.5344	0.35715
2.5357	0.35704
2.5369	0.35705
2.5381	0.35698
2.5394	0.35686
2.5406	0.35670
2.5419	0.35655
2.5431	0.35650
2.5444	0.35643
2.5456	0.35621
2.5469	0.35606
2.5481	0.35598
2.5494	0.35577
2.5506	0.35558
2.5519	0.35552
2.5531	0.35545
2.5544	0.35517
2.5557	0.35486
2.5569	0.35484
2.5582	0.35481
2.5594	0.35468
2.5607	0.35448
2.562	0.35438
2.5632	0.35415
2.5645	0.35393
2.5658	0.35366
2.5671	0.35348
2.5683	0.35329
2.5696	0.35316
2.5709	0.35297
2.5721	0.35283
2.5734	0.35268
2.5747	0.35244
2.576	0.35211
2.5773	0.35181
2.5785	0.35157
2.5798	0.35131
2.5811	0.35109
2.5824	0.35090
2.5837	0.35060
2.585	0.35026
2.5863	0.35000
2.5875	0.34974
2.5888	0.34933
2.5901	0.34902
2.5914	0.34867
2.5927	0.34830
2.594	0.34811
2.5953	0.34781
2.5966	0.34724
2.5979	0.34670
2.5992	0.34624
2.6005	0.34586
2.6018	0.34541
2.6031	0.34491
2.6044	0.34459
2.6058	0.34418
2.6071	0.34353
2.6084	0.34294
2.6097	0.34232
2.611	0.34175
2.6123	0.34125
2.6136	0.34076
2.6149	0.34011
2.6163	0.33955
2.6176	0.33897
2.6189	0.33828
2.6202	0.33776
2.6216	0.33709
2.6229	0.33619
2.6242	0.33550
2.6255	0.33494
2.6269	0.33426
2.6282	0.33339
2.6295	0.33269
2.6309	0.33201
2.6322	0.33106
2.6335	0.33024
2.6349	0.32961
2.6362	0.32874
2.6376	0.32789
2.6389	0.32714
2.6402	0.32625
2.6416	0.32532
2.6429	0.32435
2.6443	0.32341
2.6456	0.32258
2.647	0.32156
2.6483	0.32038
2.6497	0.31933
2.651	0.31839
2.6524	0.31733
2.6538	0.31617
2.6551	0.31482
2.6565	0.31351
2.6578	0.31223
2.6592	0.31095
2.6606	0.30954
2.6619	0.30810
2.6633	0.30647
2.6647	0.30499
2.666	0.30348
2.6674	0.30178
2.6688	0.29994
2.6701	0.29815
2.6715	0.29604
2.6729	0.29379
2.6743	0.29180
2.6757	0.28990
2.677	0.28790
2.6784	0.28579
2.6798	0.28356
2.6812	0.28119
2.6826	0.27883
2.684	0.27637
2.6854	0.27369
2.6868	0.27104
2.6881	0.26820
2.6895	0.26527
2.6909	0.26227
2.6923	0.25924
2.6937	0.25617
2.6951	0.25288
2.6965	0.24928
2.6979	0.24568
2.6993	0.24204
2.7008	0.23827
2.7021	0.23430
2.7036	0.23018
2.705	0.22591
2.7064	0.22149
2.7078	0.21687
2.7092	0.21223
2.7106	0.20750
2.7121	0.20255
2.7135	0.19766
2.7149	0.19293
2.7163	0.18833
2.7177	0.18400
2.7192	0.17974
2.7206	0.17560
2.722	0.17135
2.7234	0.16727
2.7249	0.16326
2.7263	0.15921
2.7277	0.15526
2.7292	0.15141
2.7306	0.14766
2.7321	0.14395
2.7335	0.14026
2.7349	0.13651
2.7364	0.13276
2.7378	0.12923
2.7393	0.12591
2.7407	0.12260
2.7422	0.11926
2.7436	0.11608
2.7451	0.11307
2.7465	0.11023
2.748	0.10742
2.7494	0.10486
2.7509	0.10250
2.7524	0.10014
2.7538	0.09802
2.7553	0.09604
2.7567	0.09401
2.7582	0.09224
2.7597	0.09073
2.7611	0.08931
2.7626	0.08799
2.7641	0.08669
2.7656	0.08541
2.767	0.08428
2.7685	0.08317
2.77	0.08215
2.7715	0.08126
2.773	0.08043
2.7744	0.07957
2.7759	0.07874
2.7774	0.07791
2.7789	0.07713
2.7804	0.07650
2.7819	0.07597
2.7834	0.07522
2.7849	0.07445
2.7864	0.07392
2.7879	0.07340
2.7894	0.07273
2.7909	0.07209
2.7924	0.07164
2.7939	0.07115
2.7954	0.07060
2.7969	0.07010
2.7984	0.06970
2.7999	0.06932
2.8014	0.06892
2.8029	0.06852
2.8044	0.06810
2.806	0.06766
2.8075	0.06733
2.809	0.06709
2.8105	0.06681
2.8121	0.06649
2.8136	0.06621
2.8151	0.06586
2.8166	0.06551
2.8182	0.06520
2.8197	0.06491
2.8212	0.06471
2.8228	0.06447
2.8243	0.06427
2.8259	0.06411
2.8274	0.06388
2.8289	0.06360
2.8305	0.06351
2.832	0.06345
2.8336	0.06338
2.8351	0.06337
2.8367	0.06336
2.8382	0.06337
2.8398	0.06341
2.8413	0.06344
2.8429	0.06346
2.8444	0.06339
2.846	0.06330
2.8476	0.06330
2.8491	0.06331
2.8507	0.06321
2.8523	0.06306
2.8538	0.06293
2.8554	0.06290
2.857	0.06290
2.8586	0.06285
2.8601	0.06271
2.8617	0.06255
2.8633	0.06252
2.8649	0.06249
2.8665	0.06241
2.8681	0.06231
2.8696	0.06224
2.8712	0.06213
2.8728	0.06206
2.8744	0.06197
2.876	0.06193
2.8776	0.06203
2.8792	0.06199
2.8808	0.06186
2.8824	0.06178
2.884	0.06170
2.8856	0.06161
2.8872	0.06159
2.8888	0.06154
2.8904	0.06146
2.892	0.06145
2.8936	0.06146
2.8953	0.06143
2.8969	0.06145
2.8985	0.06141
2.9001	0.06134
2.9018	0.06124
2.9034	0.06117
2.905	0.06116
2.9066	0.06112
2.9083	0.06108
2.9099	0.06108
2.9115	0.06105
2.9132	0.06099
2.9148	0.06090
2.9164	0.06083
2.9181	0.06079
2.9197	0.06074
2.9214	0.06066
2.923	0.06062
2.9247	0.06053
2.9263	0.06034
2.928	0.06024
2.9296	0.06017
2.9313	0.06015
2.9329	0.06010
2.9346	0.05999
2.9363	0.05990
2.9379	0.05984
2.9396	0.05971
2.9413	0.05961
2.9429	0.05964
2.9446	0.05965
2.9463	0.05966
2.9479	0.05969
2.9496	0.05969
2.9513	0.05964
2.953	0.05960
2.9547	0.05963
2.9564	0.05967
2.958	0.05971
2.9597	0.05971
2.9614	0.05977
2.9631	0.05985
2.9648	0.05995
2.9665	0.06001
2.9682	0.05999
2.9699	0.06002
2.9716	0.06009
2.9733	0.06021
2.975	0.06035
2.9767	0.06041
2.9784	0.06051
2.9801	0.06066
2.9818	0.06070
2.9836	0.06080
2.9853	0.06086
2.987	0.06092
2.9887	0.06107
2.9904	0.06118
2.9922	0.06127
2.9939	0.06134
2.9956	0.06142
2.9974	0.06144
2.9991	0.06150
3.0008	0.06158
3.0026	0.06167
3.0043	0.06174
3.0061	0.06180
3.0078	0.06177
3.0095	0.06174
3.0113	0.06176
3.013	0.06183
3.0148	0.06183
3.0165	0.06179
3.0183	0.06175
3.0201	0.06172
3.0218	0.06164
3.0236	0.06155
3.0253	0.06149
3.0271	0.06148
3.0289	0.06139
3.0306	0.06128
3.0324	0.06122
3.0342	0.06117
3.036	0.06114
3.0377	0.06109
3.0395	0.06100
3.0413	0.06093
3.0431	0.06090
3.0449	0.06088
3.0467	0.06081
3.0485	0.06073
3.0503	0.06072
3.0521	0.06070
3.0538	0.06067
3.0556	0.06073
3.0574	0.06081
3.0593	0.06079
3.0611	0.06080
3.0629	0.06085
3.0647	0.06088
3.0665	0.06094
3.0683	0.06107
3.0701	0.06119
3.0719	0.06128
3.0738	0.06135
3.0756	0.06143
3.0774	0.06154
3.0792	0.06166
3.0811	0.06179
3.0829	0.06189
3.0847	0.06199
3.0866	0.06216
3.0884	0.06233
3.0902	0.06244
3.0921	0.06251
3.0939	0.06266
3.0958	0.06281
3.0976	0.06301
3.0995	0.06320
3.1013	0.06333
3.1032	0.06349
3.1051	0.06365
3.1069	0.06378
3.1088	0.06390
3.1106	0.06402
3.1125	0.06419
3.1144	0.06437
3.1162	0.06447
3.1181	0.06462
3.12	0.06481
3.1219	0.06499
3.1238	0.06517
3.1256	0.06536
3.1275	0.06562
3.1294	0.06580
3.1313	0.06595
3.1332	0.06618
3.1351	0.06649
3.137	0.06674
3.1389	0.06701
3.1408	0.06721
3.1427	0.06738
3.1446	0.06765
3.1465	0.06796
3.1484	0.06820
3.1503	0.06848
3.1522	0.06884
3.1541	0.06916
3.1561	0.06942
3.158	0.06967
3.1599	0.06995
3.1619	0.07027
3.1638	0.07057
3.1657	0.07088
3.1676	0.07119
3.1696	0.07152
3.1715	0.07183
3.1735	0.07211
3.1754	0.07241
3.1773	0.07271
3.1793	0.07302
3.1812	0.07340
3.1832	0.07375
3.1851	0.07412
3.1871	0.07443
3.1891	0.07472
3.191	0.07502
3.193	0.07537
3.195	0.07571
3.1969	0.07607
3.1989	0.07642
3.2009	0.07683
3.2029	0.07721
3.2048	0.07754
3.2068	0.07792
3.2088	0.07827
3.2108	0.07865
3.2128	0.07905
3.2148	0.07944
3.2168	0.07983
3.2188	0.08023
3.2208	0.08064
3.2228	0.08103
3.2248	0.08143
3.2268	0.08186
3.2288	0.08225
3.2308	0.08272
3.2328	0.08321
3.2348	0.08362
3.2368	0.08404
3.2389	0.08451
3.2409	0.08496
3.2429	0.08543
3.2449	0.08592
3.247	0.08637
3.249	0.08682
3.2511	0.08729
3.2531	0.08780
3.2551	0.08834
3.2572	0.08881
3.2592	0.08931
3.2613	0.08987
3.2633	0.09040
3.2654	0.09089
3.2674	0.09143
3.2695	0.09199
3.2716	0.09255
3.2736	0.09312
3.2757	0.09365
3.2778	0.09421
3.2798	0.09481
3.2819	0.09541
3.284	0.09597
3.2861	0.09658
3.2882	0.09720
3.2902	0.09782
3.2923	0.09844
3.2944	0.09910
3.2965	0.09979
3.2986	0.10046
3.3007	0.10111
3.3028	0.10182
3.3049	0.10250
3.307	0.10316
3.3091	0.10388
3.3113	0.10468
3.3134	0.10550
3.3155	0.10630
3.3176	0.10707
3.3197	0.10783
3.3219	0.10864
3.324	0.10946
3.3261	0.11026
3.3283	0.11110
3.3304	0.11197
3.3325	0.11286
3.3347	0.11372
3.3368	0.11460
3.339	0.11550
3.3411	0.11645
3.3433	0.11736
3.3454	0.11827
3.3476	0.11919
3.3498	0.12012
3.3519	0.12108
3.3541	0.12205
3.3563	0.12300
3.3584	0.12396
3.3606	0.12494
3.3628	0.12596
3.365	0.12700
3.3672	0.12802
3.3694	0.12906
3.3715	0.13003
3.3737	0.13101
3.3759	0.13208
3.3781	0.13315
3.3803	0.13418
3.3825	0.13525
3.3847	0.13637
3.3869	0.13752
3.3892	0.13864
3.3914	0.13967
3.3936	0.14074
3.3958	0.14184
3.3981	0.14292
3.4003	0.14406
3.4025	0.14517
3.4047	0.14626
3.407	0.14742
3.4092	0.14857
3.4115	0.14965
3.4137	0.15077
3.416	0.15196
3.4182	0.15314
3.4205	0.15432
3.4227	0.15549
3.425	0.15661
3.4273	0.15772
3.4295	0.15888
3.4318	0.16008
3.4341	0.16130
3.4363	0.16248
3.4386	0.16365
3.4409	0.16478
3.4432	0.16594
3.4455	0.16715
3.4478	0.16838
3.4501	0.16961
3.4523	0.17079
3.4546	0.17200
3.4569	0.17321
3.4593	0.17442
3.4616	0.17562
3.4639	0.17683
3.4662	0.17804
3.4685	0.17921
3.4708	0.18040
3.4732	0.18163
3.4755	0.18288
3.4778	0.18409
3.4801	0.18524
3.4825	0.18641
3.4848	0.18768
3.4872	0.18891
3.4895	0.19013
3.4919	0.19140
3.4942	0.19260
3.4966	0.19376
3.4989	0.19500
3.5013	0.19626
3.5037	0.19748
3.506	0.19864
3.5084	0.19988
3.5108	0.20112
3.5132	0.20235
3.5155	0.20362
3.5179	0.20488
3.5203	0.20612
3.5227	0.20735
3.5251	0.20856
3.5275	0.20980
3.5299	0.21105
3.5323	0.21233
3.5347	0.21360
3.5371	0.21480
3.5395	0.21603
3.5419	0.21725
3.5444	0.21844
3.5468	0.21965
3.5492	0.22086
3.5517	0.22204
3.5541	0.22324
3.5565	0.22444
3.559	0.22561
3.5614	0.22679
3.5639	0.22800
3.5663	0.22922
3.5688	0.23036
3.5712	0.23151
3.5737	0.23266
3.5761	0.23380
3.5786	0.23491
3.5811	0.23602
3.5836	0.23712
3.586	0.23824
3.5885	0.23933
3.591	0.24044
3.5935	0.24155
3.596	0.24261
3.5985	0.24366
3.601	0.24472
3.6035	0.24574
3.606	0.24681
3.6085	0.24788
3.611	0.24888
3.6135	0.24987
3.6161	0.25088
3.6186	0.25189
3.6211	0.25289
3.6236	0.25390
3.6262	0.25491
3.6287	0.25589
3.6313	0.25686
3.6338	0.25779
3.6363	0.25875
3.6389	0.25976
3.6414	0.26072
3.644	0.26162
3.6466	0.26255
3.6491	0.26345
3.6517	0.26434
3.6543	0.26529
3.6569	0.26624
3.6594	0.26713
3.662	0.26800
3.6646	0.26888
3.6672	0.26985
3.6698	0.27074
3.6724	0.27162
3.675	0.27248
3.6776	0.27332
3.6802	0.27416
3.6828	0.27495
3.6854	0.27579
3.6881	0.27667
3.6907	0.27745
3.6933	0.27824
3.6959	0.27908
3.6986	0.27986
3.7012	0.28067
3.7039	0.28145
3.7065	0.28220
3.7092	0.28298
3.7118	0.28375
3.7145	0.28451
3.7171	0.28524
3.7198	0.28598
3.7225	0.28673
3.7252	0.28743
3.7278	0.28813
3.7305	0.28886
3.7332	0.28956
3.7359	0.29023
3.7386	0.29090
3.7413	0.29160
3.744	0.29230
3.7467	0.29299
3.7494	0.29370
3.7521	0.29441
3.7548	0.29510
3.7576	0.29583
3.7603	0.29651
3.763	0.29721
3.7657	0.29791
3.7685	0.29860
3.7712	0.29929
3.774	0.29996
3.7767	0.30058
3.7795	0.30126
3.7822	0.30190
3.785	0.30246
3.7877	0.30301
3.7905	0.30363
3.7933	0.30418
3.7961	0.30472
3.7988	0.30526
3.8016	0.30576
3.8044	0.30624
3.8072	0.30674
3.81	0.30725
3.8128	0.30771
3.8156	0.30811
3.8184	0.30854
3.8212	0.30894
3.8241	0.30934
3.8269	0.30973
3.8297	0.31011
3.8325	0.31049
3.8354	0.31087
3.8382	0.31126
3.8411	0.31157
3.8439	0.31187
3.8468	0.31221
3.8496	0.31255
3.8525	0.31283
3.8553	0.31307
3.8582	0.31340
3.8611	0.31372
3.8639	0.31399
3.8668	0.31422
3.8697	0.31448
3.8726	0.31470
3.8755	0.31491
3.8784	0.31511
3.8813	0.31528
3.8842	0.31549
3.8871	0.31567
3.89	0.31577
3.893	0.31592
3.8959	0.31605
3.8988	0.31617
3.9017	0.31629
3.9047	0.31638
3.9076	0.31643
3.9106	0.31649
3.9135	0.31652
3.9165	0.31656
3.9194	0.31664
3.9224	0.31668
3.9254	0.31666
3.9284	0.31661
3.9313	0.31658
3.9343	0.31655
3.9373	0.31648
3.9403	0.31640
3.9433	0.31628
3.9463	0.31618
3.9493	0.31600
3.9523	0.31578
3.9553	0.31559
3.9583	0.31537
3.9614	0.31516
3.9644	0.31494
3.9674	0.31469
3.9705	0.31447
3.9735	0.31420
3.9766	0.31389
3.9796	0.31360
3.9826	0.31328
3.9857	0.31293
3.9888	0.31261
3.9919	0.31230
3.9949	0.31193
3.998	0.31153
4.0011	0.31114
4.0042	0.31072
4.0073	0.31026
4.0104	0.30979
4.0135	0.30928
4.0166	0.30873
4.0197	0.30817
4.0228	0.30760
4.0259	0.30698
4.0291	0.30638
4.0322	0.30577
4.0353	0.30506
4.0385	0.30438
4.0416	0.30367
4.0448	0.30293
4.0479	0.30215
4.0511	0.30135
4.0543	0.30055
4.0574	0.29972
4.0606	0.29882
4.0638	0.29794
4.067	0.29704
4.0702	0.29608
4.0734	0.29515
4.0766	0.29422
4.0798	0.29319
4.083	0.29215
4.0862	0.29110
4.0894	0.29008
4.0927	0.28898
4.0959	0.28787
4.0991	0.28677
4.1024	0.28565
4.1056	0.28454
4.1089	0.28344
4.1121	0.28231
4.1154	0.28118
4.1187	0.28004
4.122	0.27888
4.1252	0.27775
4.1285	0.27660
4.1318	0.27540
4.1351	0.27423
4.1384	0.27307
4.1417	0.27188
4.145	0.27067
4.1483	0.26944
4.1516	0.26821
4.155	0.26697
4.1583	0.26569
4.1616	0.26436
4.165	0.26301
4.1683	0.26169
4.1717	0.26037
4.175	0.25906
4.1784	0.25771
4.1818	0.25634
4.1852	0.25494
4.1885	0.25354
4.1919	0.25212
4.1953	0.25068
4.1987	0.24924
4.2021	0.24778
4.2055	0.24627
4.2089	0.24481
4.2124	0.24329
4.2158	0.24170
4.2192	0.24011
4.2226	0.23854
4.2261	0.23689
4.2295	0.23522
4.233	0.23353
4.2365	0.23177
4.2399	0.22999
4.2434	0.22812
4.2469	0.22622
4.2503	0.22434
4.2538	0.22238
4.2573	0.22035
4.2608	0.21825
4.2643	0.21610
4.2678	0.21393
4.2714	0.21172
4.2749	0.20948
4.2784	0.20719
4.2819	0.20484
4.2855	0.20242
4.289	0.19998
4.2926	0.19754
4.2961	0.19511
4.2997	0.19269
4.3033	0.19028
4.3068	0.18787
4.3104	0.18548
4.314	0.18320
4.3176	0.18093
4.3212	0.17867
4.3248	0.17652
4.3284	0.17440
4.332	0.17238
4.3356	0.17050
4.3393	0.16868
4.3429	0.16696
4.3465	0.16537
4.3502	0.16385
4.3538	0.16244
4.3575	0.16116
4.3611	0.15996
4.3648	0.15884
4.3685	0.15786
4.3722	0.15695
4.3759	0.15612
4.3796	0.15539
4.3833	0.15473
4.387	0.15414
4.3907	0.15361
4.3944	0.15315
4.3981	0.15273
4.4019	0.15236
4.4056	0.15206
4.4094	0.15181
4.4131	0.15161
4.4169	0.15141
4.4206	0.15124
4.4244	0.15117
4.4282	0.15107
4.432	0.15095
4.4358	0.15085
4.4396	0.15079
4.4434	0.15078
4.4472	0.15075
4.451	0.15069
4.4548	0.15068
4.4586	0.15065
4.4625	0.15057
4.4663	0.15046
4.4702	0.15036
4.474	0.15027
4.4779	0.15015
4.4818	0.14997
4.4856	0.14972
4.4895	0.14945
4.4934	0.14918
4.4973	0.14885
4.5012	0.14848
4.5051	0.14806
4.509	0.14761
4.513	0.14713
4.5169	0.14665
4.5208	0.14613
4.5248	0.14557
4.5287	0.14495
4.5327	0.14430
4.5367	0.14361
4.5406	0.14292
4.5446	0.14215
4.5486	0.14134
4.5526	0.14055
4.5566	0.13971
4.5606	0.13888
4.5646	0.13805
4.5686	0.13715
4.5727	0.13621
4.5767	0.13527
4.5808	0.13434
4.5848	0.13345
4.5889	0.13254
4.5929	0.13158
4.597	0.13062
4.6011	0.12972
4.6052	0.12883
4.6093	0.12795
4.6134	0.12708
4.6175	0.12619
4.6216	0.12537
4.6257	0.12456
4.6298	0.12371
4.634	0.12284
4.6381	0.12203
4.6423	0.12127
4.6464	0.12048
4.6506	0.11968
4.6548	0.11888
4.659	0.11811
4.6631	0.11735
4.6673	0.11657
4.6715	0.11579
4.6758	0.11505
4.68	0.11431
4.6842	0.11349
4.6884	0.11272
4.6927	0.11200
4.6969	0.11124
4.7012	0.11048
4.7055	0.10973
4.7097	0.10900
4.714	0.10829
4.7183	0.10753
4.7226	0.10676
4.7269	0.10600
4.7312	0.10524
4.7355	0.10451
4.7399	0.10379
4.7442	0.10303
4.7485	0.10234
4.7529	0.10170
4.7573	0.10103
4.7616	0.10034
4.766	0.09965
4.7704	0.09893
4.7748	0.09830
4.7792	0.09765
4.7836	0.09699
4.788	0.09633
4.7924	0.09568
4.7969	0.09505
4.8013	0.09444
4.8058	0.09379
4.8102	0.09319
4.8147	0.09259
4.8191	0.09199
4.8236	0.09142
4.8281	0.09087
4.8326	0.09031
4.8371	0.08975
4.8416	0.08920
4.8462	0.08869
4.8507	0.08818
4.8553	0.08768
4.8598	0.08719
4.8644	0.08669
4.8689	0.08621
4.8735	0.08570
4.8781	0.08522
4.8827	0.08478
4.8873	0.08427
4.8919	0.08377
4.8965	0.08327
4.9011	0.08276
4.9058	0.08226
4.9104	0.08174
4.9151	0.08120
4.9197	0.08061
4.9244	0.08001
4.9291	0.07944
4.9338	0.07889
4.9385	0.07830
4.9432	0.07768
4.9479	0.07703
4.9526	0.07641
4.9574	0.07579
4.9621	0.07515
4.9669	0.07450
4.9716	0.07390
4.9764	0.07331
4.9812	0.07264
4.986	0.07197
4.9908	0.07132
4.9956	0.07069
5.0004	0.07005
5.0052	0.06942
5.01	0.06883
5.0149	0.06823
5.0198	0.06760
5.0246	0.06703
5.0295	0.06645
5.0344	0.06584
5.0393	0.06522
5.0442	0.06461
5.0491	0.06400
5.054	0.06342
5.0589	0.06285
5.0639	0.06231
5.0688	0.06177
5.0738	0.06116
5.0788	0.06056
5.0837	0.05997
5.0887	0.05935
5.0937	0.05873
5.0987	0.05810
5.1037	0.05749
5.1088	0.05690
5.1138	0.05624
5.1189	0.05560
5.1239	0.05498
5.129	0.05431
5.1341	0.05364
5.1391	0.05302
5.1443	0.05240
5.1494	0.05179
5.1545	0.05116
5.1596	0.05058
5.1647	0.05001
5.1699	0.04942
5.175	0.04883
5.1802	0.04827
5.1854	0.04775
5.1906	0.04727
5.1958	0.04677
5.201	0.04623
5.2062	0.04577
5.2115	0.04532
5.2167	0.04484
5.222	0.04439
5.2272	0.04394
5.2325	0.04348
5.2378	0.04302
5.2431	0.04256
5.2484	0.04215
5.2537	0.04176
5.259	0.04139
5.2644	0.04103
5.2697	0.04065
5.2751	0.04028
5.2805	0.03992
5.2858	0.03957
5.2912	0.03926
5.2966	0.03894
5.302	0.03863
5.3075	0.03834
5.3129	0.03804
5.3184	0.03775
5.3238	0.03744
5.3293	0.03714
5.3348	0.03686
5.3403	0.03654
5.3458	0.03624
5.3513	0.03597
5.3568	0.03571
5.3624	0.03540
5.3679	0.03510
5.3735	0.03484
5.379	0.03454
5.3846	0.03423
5.3902	0.03396
5.3958	0.03372
5.4015	0.03344
5.4071	0.03318
5.4127	0.03293
5.4184	0.03272
5.4241	0.03252
5.4297	0.03233
5.4354	0.03212
5.4411	0.03193
5.4469	0.03179
5.4526	0.03166
5.4583	0.03152
5.4641	0.03135
5.4698	0.03119
5.4756	0.03109
5.4814	0.03101
5.4872	0.03094
5.493	0.03084
5.4988	0.03075
5.5047	0.03069
5.5105	0.03061
5.5164	0.03053
5.5223	0.03048
5.5281	0.03045
5.534	0.03037
5.54	0.03028
5.5459	0.03020
5.5518	0.03016
5.5578	0.03008
5.5637	0.02995
5.5697	0.02983
5.5757	0.02972
5.5817	0.02960
5.5877	0.02950
5.5937	0.02938
5.5998	0.02921
5.6058	0.02902
5.6119	0.02890
5.618	0.02880
5.6241	0.02864
5.6302	0.02850
5.6363	0.02837
5.6424	0.02823
5.6486	0.02808
5.6547	0.02793
5.6609	0.02781
5.6671	0.02764
5.6733	0.02752
5.6795	0.02739
5.6857	0.02726
5.692	0.02712
5.6982	0.02692
5.7045	0.02679
5.7108	0.02667
5.7171	0.02651
5.7234	0.02642
5.7297	0.02628
5.736	0.02611
5.7424	0.02599
5.7488	0.02585
5.7551	0.02566
5.7615	0.02551
5.768	0.02540
5.7744	0.02526
5.7808	0.02510
5.7873	0.02492
5.7937	0.02478
5.8002	0.02468
5.8067	0.02452
5.8132	0.02434
5.8197	0.02418
5.8263	0.02400
5.8328	0.02382
5.8394	0.02370
5.846	0.02359
5.8526	0.02345
5.8592	0.02326
5.8658	0.02310
5.8725	0.02293
5.8791	0.02277
5.8858	0.02263
5.8925	0.02248
5.8992	0.02233
5.9059	0.02211
5.9126	0.02193
5.9194	0.02183
5.9262	0.02175
5.9329	0.02169
5.9397	0.02168
5.9465	0.02168
5.9534	0.02168
5.9602	0.02169
5.9671	0.02170
5.974	0.02165
5.9808	0.02159
5.9878	0.02158
5.9947	0.02159
6.0016	0.02158
6.0086	0.02151
6.0155	0.02144
6.0225	0.02144
6.0295	0.02144
6.0365	0.02138
6.0436	0.02136
6.0506	0.02137
6.0577	0.02133
6.0648	0.02125
6.0719	0.02116
6.079	0.02113
6.0861	0.02113
6.0933	0.02113
6.1005	0.02110
6.1076	0.02104
6.1148	0.02100
6.1221	0.02098
6.1293	0.02092
6.1365	0.02086
6.1438	0.02083
6.1511	0.02081
6.1584	0.02074
6.1657	0.02066
6.1731	0.02060
6.1804	0.02055
6.1878	0.02054
6.1952	0.02051
6.2026	0.02044
6.21	0.02040
6.2175	0.02035
6.225	0.02031
6.2324	0.02028
6.2399	0.02027
6.2475	0.02027
6.255	0.02024
6.2625	0.02022
6.2701	0.02020
6.2777	0.02018
6.2853	0.02018
6.293	0.02018
6.3006	0.02012
6.3083	0.02009
6.3159	0.02006
6.3236	0.02002
6.3314	0.02000
6.3391	0.01997
6.3469	0.01996
6.3546	0.01996
6.3624	0.01991
6.3703	0.01984
6.3781	0.01978
6.3859	0.01975
6.3938	0.01974
6.4017	0.01972
6.4096	0.01968
6.4176	0.01960
6.4255	0.01954
6.4335	0.01949
6.4415	0.01946
6.4495	0.01939
6.4575	0.01935
6.4656	0.01932
6.4736	0.01927
6.4817	0.01922
6.4898	0.01918
6.498	0.01915
6.5061	0.01907
6.5143	0.01900
6.5225	0.01893
6.5307	0.01884
6.539	0.01879
6.5472	0.01876
6.5555	0.01870
6.5638	0.01864
6.5721	0.01861
6.5804	0.01855
6.5888	0.01851
6.5972	0.01844
6.6056	0.01836
6.614	0.01829
6.6225	0.01826
6.6309	0.01825
6.6394	0.01817
6.6479	0.01806
6.6565	0.01799
6.665	0.01792
6.6736	0.01788
6.6822	0.01783
6.6908	0.01775
6.6995	0.01769
6.7081	0.01762
6.7168	0.01757
6.7255	0.01753
6.7343	0.01744
6.743	0.01735
6.7518	0.01731
6.7606	0.01726
6.7694	0.01720
6.7783	0.01711
6.7871	0.01701
6.796	0.01696
6.805	0.01691
6.8139	0.01683
6.8229	0.01677
6.8319	0.01671
6.8409	0.01664
6.8499	0.01654
6.859	0.01648
6.868	0.01640
6.8772	0.01630
6.8863	0.01620
6.8955	0.01614
6.9046	0.01609
6.9138	0.01601
6.9231	0.01589
6.9323	0.01583
6.9416	0.01575
6.9509	0.01564
6.9602	0.01551
6.9696	0.01545
6.979	0.01538
6.9884	0.01529
6.9978	0.01517
7.0073	0.01509
7.0168	0.01502
7.0263	0.01493
7.0358	0.01482
7.0454	0.01472
7.0549	0.01460
7.0645	0.01448
7.0742	0.01438
7.0839	0.01427
7.0935	0.01414
7.1033	0.01400
7.113	0.01393
7.1228	0.01384
7.1326	0.01367
7.1424	0.01354
7.1522	0.01343
7.1621	0.01331
7.172	0.01324
7.182	0.01314
7.1919	0.01298
7.2019	0.01286
7.2119	0.01276
7.222	0.01264
7.232	0.01252
7.2421	0.01239
7.2523	0.01225
7.2624	0.01215
7.2726	0.01204
7.2828	0.01189
7.2931	0.01174
7.3033	0.01163
7.3136	0.01150
7.324	0.01134
7.3343	0.01119
7.3447	0.01109
7.3551	0.01099
7.3656	0.01082
7.3761	0.01065
7.3866	0.01054
7.3971	0.01043
7.4077	0.01028
7.4183	0.01013
7.4289	0.00999
7.4396	0.00984
7.4502	0.00969
7.461	0.00957
7.4717	0.00944
7.4825	0.00928
7.4933	0.00916
7.5041	0.00908
7.515	0.00892
7.5259	0.00874
7.5369	0.00862
7.5479	0.00847
7.5589	0.00833
7.5699	0.00818
7.581	0.00799
7.592	0.00778
7.6032	0.00763
7.6144	0.00749
7.6255	0.00732
7.6368	0.00720
7.648	0.00706
7.6593	0.00692
7.6707	0.00679
7.682	0.00659
7.6934	0.00643
7.7049	0.00632
7.7163	0.00618
7.7278	0.00598
7.7394	0.00580
7.7509	0.00559
7.7625	0.00543
7.7742	0.00531
7.7858	0.00516
7.7975	0.00499
7.8093	0.00484
7.8211	0.00468
7.8329	0.00456
7.8447	0.00441
7.8566	0.00426
7.8685	0.00417
7.8805	0.00407
7.8925	0.00395
7.9045	0.00384
7.9166	0.00375
7.9287	0.00375
7.9408	0.00376
7.953	0.00373
7.9652	0.00375
7.9775	0.00377
7.9898	0.00384
8.0021	0.00401
8.0145	0.00429
8.0269	0.00471
8.0393	0.00523
8.0518	0.00592
8.0643	0.00674
8.0769	0.00778
8.0895	0.00905
8.1021	0.01061
8.1148	0.01251
8.1275	0.01470
8.1403	0.01724
8.1531	0.02020
8.1659	0.02352
8.1788	0.02721
8.1917	0.03137
8.2047	0.03594
8.2177	0.04084
8.2307	0.04599
8.2438	0.05133
8.257	0.05674
8.2701	0.06189
8.2833	0.06657
8.2966	0.07082
8.3099	0.07449
8.3232	0.07752
8.3366	0.07990
8.35	0.08176
8.3635	0.08336
8.377	0.08472
8.3905	0.08592
8.4042	0.08707
8.4178	0.08814
8.4315	0.08917
8.4452	0.09001
8.459	0.09068
8.4728	0.09133
8.4867	0.09183
8.5006	0.09215
8.5145	0.09243
8.5285	0.09264
8.5426	0.09285
8.5567	0.09305
8.5708	0.09320
8.585	0.09327
8.5993	0.09326
8.6135	0.09325
8.6279	0.09325
8.6423	0.09319
8.6567	0.09310
8.6712	0.09290
8.6857	0.09279
8.7003	0.09273
8.7149	0.09262
8.7295	0.09265
8.7443	0.09275
8.759	0.09290
8.7739	0.09324
8.7887	0.09354
8.8037	0.09383
8.8186	0.09412
8.8337	0.09438
8.8487	0.09459
8.8638	0.09469
8.879	0.09458
8.8943	0.09426
8.9095	0.09379
8.9249	0.09319
8.9403	0.09242
8.9557	0.09149
8.9712	0.09049
8.9868	0.08936
9.0023	0.08813
9.018	0.08685
9.0337	0.08557
9.0495	0.08437
9.0653	0.08322
9.0812	0.08200
9.0971	0.08077
9.1131	0.07965
9.1291	0.07862
9.1452	0.07773
9.1614	0.07696
9.1776	0.07648
9.1939	0.07621
9.2102	0.07614
9.2266	0.07638
9.243	0.07676
9.2595	0.07733
9.2761	0.07811
9.2927	0.07894
9.3094	0.07994
9.3262	0.08108
9.343	0.08219
9.3598	0.08336
9.3768	0.08457
9.3938	0.08577
9.4108	0.08695
9.4279	0.08819
9.4451	0.08958
9.4623	0.09103
9.4796	0.09253
9.497	0.09407
9.5144	0.09568
9.5319	0.09746
9.5494	0.09926
9.567	0.10103
9.5847	0.10298
9.6025	0.10496
9.6203	0.10686
9.6382	0.10879
9.6561	0.11060
9.6742	0.11224
9.6922	0.11378
9.7104	0.11507
9.7286	0.11624
9.7469	0.11734
9.7652	0.11820
9.7837	0.11892
9.8022	0.11950
9.8207	0.11998
9.8394	0.12041
9.8581	0.12065
9.8768	0.12083
9.8957	0.12086
9.9146	0.12069
9.9336	0.12039
9.9527	0.12011
9.9718	0.11991
9.991	0.11972
10.0103	0.11942
10.0297	0.11902
10.0491	0.11857
10.0686	0.11814
10.0882	0.11766
10.1079	0.11718
10.1276	0.11668
10.1475	0.11620
10.1673	0.11564
10.1873	0.11519
10.2074	0.11498
10.2275	0.11492
10.2477	0.11521
10.268	0.11571
10.2884	0.11647
10.3088	0.11755
10.3294	0.11865
10.35	0.11981
10.3707	0.12086
10.3915	0.12174
10.4123	0.12256
10.4333	0.12322
10.4543	0.12376
10.4754	0.12420
10.4967	0.12444
10.5179	0.12469
10.5393	0.12500
10.5608	0.12529
10.5823	0.12561
10.604	0.12584
10.6257	0.12597
10.6475	0.12609
10.6694	0.12614
10.6914	0.12605
10.7135	0.12577
10.7357	0.12545
10.758	0.12521
10.7803	0.12490
10.8028	0.12444
10.8254	0.12378
10.848	0.12303
10.8708	0.12208
10.8936	0.12075
10.9165	0.11925
10.9395	0.11776
10.9627	0.11618
10.9859	0.11454
11.0092	0.11283
11.0327	0.11112
11.0562	0.10953
11.0798	0.10781
11.1035	0.10607
11.1274	0.10440
11.1513	0.10265
11.1753	0.10088
11.1995	0.09884
11.2237	0.09663
11.248	0.09446
11.2725	0.09209
11.2971	0.08979
11.3217	0.08757
11.3465	0.08531
11.3714	0.08320
11.3964	0.08123
11.4215	0.07926
11.4467	0.07756
11.472	0.07596
11.4975	0.07431
11.523	0.07282
11.5487	0.07141
11.5744	0.07008
11.6003	0.06878
11.6263	0.06758
11.6525	0.06650
11.6787	0.06544
11.7051	0.06444
11.7316	0.06350
11.7582	0.06255
11.7849	0.06167
11.8117	0.06074
11.8387	0.05982
11.8658	0.05900
11.893	0.05805
11.9203	0.05720
11.9478	0.05658
11.9754	0.05571
12.0031	0.05470
12.031	0.05378
12.059	0.05285
12.0871	0.05198
12.1153	0.05103
12.1437	0.05013
12.1722	0.04931
12.2008	0.04830
12.2296	0.04739
12.2585	0.04646
12.2876	0.04551
12.3168	0.04457
12.3461	0.04357
12.3755	0.04275
12.4052	0.04192
12.4349	0.04094
12.4648	0.03995
12.4948	0.03908
12.525	0.03835
12.5553	0.03769
12.5858	0.03693
12.6164	0.03612
12.6472	0.03550
12.6781	0.03515
12.7092	0.03495
12.7404	0.03481
12.7718	0.03483
12.8033	0.03514
12.835	0.03554
12.8669	0.03590
12.8989	0.03625
12.9311	0.03660
12.9634	0.03689
12.9959	0.03712
13.0285	0.03738
13.0613	0.03761
13.0943	0.03788
13.1275	0.03827
13.1608	0.03876
13.1943	0.03928
13.228	0.03965
13.2618	0.03982
13.2958	0.03981
13.33	0.03960
13.3643	0.03932
13.3988	0.03904
13.4336	0.03884
13.4685	0.03870
13.5035	0.03864
13.5388	0.03856
13.5742	0.03860
13.6099	0.03872
13.6457	0.03901
13.6817	0.03931
13.7179	0.03944
13.7543	0.03943
13.7908	0.03930
13.8276	0.03888
13.8646	0.03828
13.9018	0.03759
13.9392	0.03697
13.9767	0.03631
14.0145	0.03553
14.0525	0.03482
14.0907	0.03436
14.129	0.03405
14.1676	0.03376
14.2065	0.03352
14.2455	0.03322
14.2847	0.03297
14.3242	0.03280
14.3639	0.03258
14.4038	0.03223
14.4439	0.03188
14.4843	0.03174
14.5248	0.03173
14.5656	0.03172
14.6067	0.03176
14.6479	0.03171
14.6894	0.03170
14.7312	0.03173
14.7731	0.03154
14.8153	0.03134
14.8578	0.03135
14.9005	0.03142
14.9434	0.03146
14.9866	0.03158
15.03	0.03168
15.0737	0.03180
15.1177	0.03202
15.1619	0.03281
15.2063	0.03434
15.2511	0.03688
15.2961	0.04067
15.3413	0.04582
15.3868	0.05205
15.4326	0.05875
15.4787	0.06525
15.525	0.07130
15.5717	0.07695
15.6186	0.08185
15.6658	0.08569
15.7132	0.08888
15.761	0.09150
15.809	0.09336
15.8574	0.09453
15.906	0.09514
15.955	0.09514
16.0042	0.09436
16.0538	0.09285
16.1036	0.09103
16.1538	0.08924
16.2043	0.08786
16.2551	0.08729
16.3062	0.08758
16.3576	0.08891
16.4094	0.09102
16.4615	0.09358
16.5139	0.09640
16.5667	0.09899
16.6198	0.10131
16.6732	0.10361
16.727	0.10571
16.7811	0.10749
16.8356	0.10882
16.8905	0.10938
16.9457	0.10934
17.0012	0.10848
17.0572	0.10709
17.1134	0.10531
17.1701	0.10336
17.2272	0.10180
17.2846	0.10074
17.3424	0.10018
17.4006	0.10020
17.4592	0.10009
17.5182	0.09941
17.5775	0.09806
17.6373	0.09573
17.6975	0.09299
17.7581	0.08977
17.8192	0.08651
17.8806	0.08365
17.9425	0.08130
18.0048	0.08012
18.0675	0.08015
18.1307	0.08106
18.1943	0.08308
18.2584	0.08616
18.3229	0.08964
18.3879	0.09260
18.4533	0.09417
18.5192	0.09407
18.5856	0.09223
18.6524	0.08906
18.7198	0.08512
18.7876	0.08118
18.8559	0.07777
18.9247	0.07458
18.9941	0.07197
19.0639	0.06984
19.1342	0.06782
19.2051	0.06609
19.2765	0.06469
19.3484	0.06342
19.4209	0.06235
19.4939	0.06024
19.5675	0.05849
19.6416	0.05720
19.7163	0.05528
19.7916	0.05337
19.8674	0.05176
19.9438	0.04985
20.0208	0.04766
20.0984	0.04580
20.1766	0.04427
20.2554	0.04339
20.3348	0.04320
20.4149	0.04380
20.4956	0.04552
20.5769	0.04728
20.6589	0.04942
20.7416	0.05132
20.8248	0.05162
20.9088	0.05109
20.9935	0.05081
21.0788	0.05109
21.1648	0.05176
21.2516	0.05314
21.3391	0.05443
21.4272	0.05519
21.5161	0.05547
21.6058	0.05535
21.6962	0.05404
21.7873	0.05213
21.8793	0.04973
21.972	0.04705
22.0654	0.04504
22.1597	0.04382
22.2548	0.04334
22.3508	0.04363
22.4475	0.04539
22.5451	0.04863
22.6436	0.05234
22.7429	0.05746
22.8431	0.06305
22.9442	0.06836
23.0461	0.07367
23.149	0.07869
23.2528	0.08271
23.3576	0.08681
23.4633	0.08997
23.5699	0.09234
23.6775	0.09390
23.7861	0.09461
23.8958	0.09413
24.0064	0.09313
24.118	0.09235
24.2307	0.09195
24.3445	0.09173
24.4593	0.09192
24.5753	0.09245
24.6923	0.09287
24.8104	0.09367
24.9297	0.09459
25.0501	0.09560
25.1717	0.09794
25.2945	0.10067
25.4185	0.10333
25.5437	0.10527
25.6702	0.10589
25.7979	0.10642
25.9269	0.10732
26.0572	0.10822
26.1888	0.10814
26.3217	0.10748
26.456	0.10723
26.5917	0.10624
26.7288	0.10523
26.8672	0.10409
27.0072	0.10340
27.1486	0.10259
27.2915	0.10222
27.4359	0.10162
27.5818	0.10034
27.7293	0.09819
27.8784	0.09632
28.0291	0.09541
28.1814	0.09494
28.3354	0.09371
28.4911	0.09334
28.6485	0.09343
28.8077	0.09260
28.9686	0.09109
29.1313	0.08869
29.2959	0.08628
29.4624	0.08494
29.6307	0.08350
29.801	0.08126
29.9733	0.07936
30.1475	0.07784
30.3238	0.07641
30.5022	0.07530
30.6827	0.07428
30.8653	0.07477
31.0502	0.07391
31.2372	0.07364
31.4265	0.07498
31.6182	0.07622
31.8121	0.07726
32.0085	0.07805
32.2073	0.07843
32.4086	0.07960
32.6124	0.08070
32.8188	0.08093
33.0279	0.08021
33.2396	0.07739
33.4541	0.07419
33.6713	0.07265
33.8914	0.07134
34.1143	0.06959
34.3403	0.06839
34.5692	0.06713
34.8012	0.06584
35.0363	0.06469
35.2747	0.06444
35.5163	0.06535
35.7612	0.06459
36.0096	0.06334
36.2614	0.06190
36.5167	0.06061
36.7757	0.05902
37.0384	0.05741
37.3049	0.05574
37.5752	0.05507
37.8495	0.05496
38.1278	0.05417
38.4102	0.05229
38.6968	0.05172
38.9878	0.05266
39.2832	0.05313
39.583	0.05431
39.8875	0.05579
40.1967	0.05736
40.5108	0.05903
40.8298	0.06052
41.1538	0.06567
41.483	0.07102
41.8176	0.07417
42.1575	0.07579
42.5031	0.07781
42.8544	0.07948
43.2115	0.08047
43.5746	0.08053
43.9439	0.08307
44.3195	0.08283
44.7015	0.08063
45.0902	0.07914
45.4858	0.07695
45.8883	0.07689
46.298	0.07794
46.7151	0.07904
47.1398	0.08268
47.5723	0.08259
48.0128	0.08102
48.4615	0.07881
48.9187	0.07762
49.3846	0.07562
49.8594	0.07591
