Brown University Keck/NASA Relab Spectrum PL-ECS-154-Q/BKR2PL154Q
Wavelength(micron)	Reflectance	Standard Deviation
0.32	.187040	.003689
0.34	.349354	.005890
0.36	.417017	.006432
0.38	.428789	.006180
0.4	.471483	.007020
0.42	.486111	.007212
0.44	.505206	.007361
0.46	.522042	.007576
0.48	.541066	.008026
0.5	.552901	.007993
0.52	.566333	.008009
0.54	.580276	.008146
0.56	.596758	.008184
0.58	.615056	.007953
0.6	.631389	.008008
0.62	.642035	.007918
0.64	.648843	.008107
0.66	.656215	.008094
0.68	.663208	.008253
0.7	.669350	.008054
0.72	.675474	.008150
0.74	.680712	.008255
0.76	.685165	.008398
0.78	.686402	.008130
0.8	.686360	.008290
0.82	.684164	.008561
0.84	.681681	.008196
0.86	.679449	.007738
0.88	.680128	.007091
0.9	.674118	.006646
0.92	.671755	.005963
0.94	.669169	.005907
0.96	.665068	.005841
0.98	.657410	.005606
1	.649779	.005551
1.02	.640108	.004977
1.04	.629547	.005290
1.06	.617914	.005171
1.08	.605331	.004824
1.1	.594040	.004701
1.12	.583206	.004407
1.14	.572248	.004585
1.16	.562692	.004484
1.18	.554686	.004352
1.2	.548108	.004296
1.22	.542940	.004311
1.24	.539328	.004483
1.26	.536896	.004168
1.28	.536682	.004082
1.3	.536727	.004094
1.32	.538720	.004193
1.34	.540602	.004114
1.36	.544130	.003991
1.38	.545966	.004229
1.4	.548902	.003928
1.42	.546645	.003966
1.44	.548906	.004308
1.46	.555134	.004137
1.48	.563285	.004490
1.5	.573697	.004529
1.52	.582046	.004535
1.54	.588963	.004429
1.56	.594932	.004688
1.58	.599525	.004656
1.6	.604428	.004432
1.62	.608702	.004636
1.64	.612467	.004695
1.66	.617262	.004647
1.68	.621845	.005039
1.7	.625079	.004868
1.72	.628567	.004955
1.74	.627648	.004618
1.76	.627738	.004965
1.78	.630988	.004716
1.80044	.633672	.000000
1.80107	.633844	.000000
1.80169	.634138	.000000
1.80232	.634280	.000000
1.80295	.634292	.000000
1.80357	.634160	.000000
1.8042	.633803	.000000
1.80483	.633449	.000000
1.80546	.633961	.000000
1.80609	.634143	.000000
1.80672	.634435	.000000
1.80734	.634698	.000000
1.80798	.634950	.000000
1.80861	.634761	.000000
1.80924	.634730	.000000
1.80987	.634931	.000000
1.8105	.635067	.000000
1.81113	.635007	.000000
1.81177	.634871	.000000
1.8124	.634548	.000000
1.81303	.634852	.000000
1.81367	.635273	.000000
1.8143	.635340	.000000
1.81494	.635311	.000000
1.81557	.635376	.000000
1.81621	.635187	.000000
1.81684	.635749	.000000
1.81748	.636068	.000000
1.81812	.635905	.000000
1.81876	.635723	.000000
1.8194	.635673	.000000
1.82003	.635565	.000000
1.82067	.636015	.000000
1.82131	.636034	.000000
1.82195	.635972	.000000
1.82259	.635967	.000000
1.82323	.636364	.000000
1.82388	.636676	.000000
1.82452	.636728	.000000
1.82516	.636506	.000000
1.8258	.636293	.000000
1.82645	.636034	.000000
1.82709	.636678	.000000
1.82773	.637016	.000000
1.82838	.636910	.000000
1.82902	.636891	.000000
1.82967	.637274	.000000
1.83031	.637054	.000000
1.83096	.636893	.000000
1.83161	.637308	.000000
1.83225	.637181	.000000
1.8329	.636884	.000000
1.83355	.637557	.000000
1.8342	.637444	.000000
1.83485	.636850	.000000
1.8355	.636709	.000000
1.83615	.636657	.000000
1.8368	.636587	.000000
1.83745	.637018	.000000
1.8381	.637324	.000000
1.83875	.637578	.000000
1.8394	.637250	.000000
1.84006	.637272	.000000
1.84071	.637245	.000000
1.84136	.637068	.000000
1.84202	.637272	.000000
1.84267	.637844	.000000
1.84333	.637578	.000000
1.84398	.637437	.000000
1.84464	.637444	.000000
1.8453	.637475	.000000
1.84595	.637456	.000000
1.84661	.637628	.000000
1.84727	.637406	.000000
1.84793	.637480	.000000
1.84859	.637580	.000000
1.84925	.638042	.000000
1.84991	.637997	.000000
1.85057	.638045	.000000
1.85123	.637971	.000000
1.85189	.638141	.000000
1.85255	.638035	.000000
1.85321	.637736	.000000
1.85387	.637154	.000000
1.85454	.637420	.000000
1.8552	.637664	.000000
1.85586	.637353	.000000
1.85653	.637181	.000000
1.85719	.637150	.000000
1.85786	.637004	.000000
1.85853	.637612	.000000
1.85919	.637470	.000000
1.85986	.637178	.000000
1.86053	.636783	.000000
1.86119	.636369	.000000
1.86186	.636020	.000000
1.86253	.636037	.000000
1.8632	.635979	.000000
1.86387	.636183	.000000
1.86454	.635967	.000000
1.86521	.635730	.000000
1.86588	.635227	.000000
1.86655	.635048	.000000
1.86723	.635268	.000000
1.8679	.635436	.000000
1.86857	.635407	.000000
1.86925	.635283	.000000
1.86992	.634844	.000000
1.87059	.634282	.000000
1.87127	.633892	.000000
1.87195	.634038	.000000
1.87262	.633423	.000000
1.8733	.632649	.000000
1.87398	.632302	.000000
1.87465	.631907	.000000
1.87533	.631369	.000000
1.87601	.631309	.000000
1.87669	.630708	.000000
1.87737	.630196	.000000
1.87805	.629906	.000000
1.87873	.629535	.000000
1.87941	.628946	.000000
1.88009	.628429	.000000
1.88077	.627300	.000000
1.88146	.626502	.000000
1.88214	.625894	.000000
1.88282	.625258	.000000
1.88351	.624736	.000000
1.88419	.624341	.000000
1.88488	.623472	.000000
1.88556	.622553	.000000
1.88625	.621851	.000000
1.88693	.621102	.000000
1.88762	.619934	.000000
1.88831	.619194	.000000
1.889	.618407	.000000
1.88968	.617478	.000000
1.89037	.616071	.000000
1.89106	.614819	.000000
1.89175	.614082	.000000
1.89244	.613325	.000000
1.89313	.611606	.000000
1.89383	.609928	.000000
1.89452	.608303	.000000
1.89521	.606793	.000000
1.8959	.605153	.000000
1.8966	.603492	.000000
1.89729	.601740	.000000
1.89799	.600153	.000000
1.89868	.598489	.000000
1.89938	.596622	.000000
1.90007	.594436	.000000
1.90077	.592658	.000000
1.90147	.591351	.000000
1.90216	.589886	.000000
1.90286	.587904	.000000
1.90356	.586109	.000000
1.90426	.584194	.000000
1.90496	.582504	.000000
1.90566	.581211	.000000
1.90636	.579768	.000000
1.90706	.577767	.000000
1.90776	.576204	.000000
1.90846	.574633	.000000
1.90917	.573288	.000000
1.90987	.572213	.000000
1.91057	.570693	.000000
1.91128	.568623	.000000
1.91198	.567065	.000000
1.91269	.565779	.000000
1.9134	.564168	.000000
1.9141	.562449	.000000
1.91481	.561298	.000000
1.91552	.559709	.000000
1.91622	.558136	.000000
1.91693	.556597	.000000
1.91764	.555110	.000000
1.91835	.553547	.000000
1.91906	.552090	.000000
1.91977	.550258	.000000
1.92048	.548573	.000000
1.92119	.546759	.000000
1.92191	.545165	.000000
1.92262	.543637	.000000
1.92333	.542213	.000000
1.92405	.540535	.000000
1.92476	.538793	.000000
1.92547	.537024	.000000
1.92619	.535633	.000000
1.92691	.534163	.000000
1.92762	.532583	.000000
1.92834	.530831	.000000
1.92906	.529213	.000000
1.92977	.527494	.000000
1.93049	.525835	.000000
1.93121	.524074	.000000
1.93193	.522501	.000000
1.93265	.520699	.000000
1.93337	.518894	.000000
1.93409	.517168	.000000
1.93482	.515507	.000000
1.93554	.513671	.000000
1.93626	.512325	.000000
1.93698	.511086	.000000
1.93771	.509817	.000000
1.93843	.508814	.000000
1.93916	.508390	.000000
1.93988	.507847	.000000
1.94061	.507624	.000000
1.94134	.507411	.000000
1.94206	.507576	.000000
1.94279	.508062	.000000
1.94352	.508618	.000000
1.94425	.508843	.000000
1.94498	.509403	.000000
1.94571	.509798	.000000
1.94644	.509882	.000000
1.94717	.510150	.000000
1.9479	.510583	.000000
1.94863	.510817	.000000
1.94936	.511270	.000000
1.9501	.511459	.000000
1.95083	.511749	.000000
1.95157	.512227	.000000
1.9523	.512586	.000000
1.95304	.512989	.000000
1.95377	.513783	.000000
1.95451	.514501	.000000
1.95525	.515392	.000000
1.95598	.516091	.000000
1.95672	.516732	.000000
1.95746	.517472	.000000
1.9582	.518360	.000000
1.95894	.518879	.000000
1.95968	.519688	.000000
1.96042	.520129	.000000
1.96116	.520737	.000000
1.9619	.521809	.000000
1.96265	.522673	.000000
1.96339	.523040	.000000
1.96413	.523775	.000000
1.96488	.524421	.000000
1.96562	.524988	.000000
1.96637	.525359	.000000
1.96711	.526013	.000000
1.96786	.526264	.000000
1.96861	.526312	.000000
1.96936	.526743	.000000
1.9701	.527367	.000000
1.97085	.527545	.000000
1.9716	.527817	.000000
1.97235	.528143	.000000
1.9731	.528495	.000000
1.97385	.528679	.000000
1.97461	.529041	.000000
1.97536	.529510	.000000
1.97611	.530044	.000000
1.97686	.530257	.000000
1.97762	.530879	.000000
1.97837	.531185	.000000
1.97913	.531652	.000000
1.97988	.532306	.000000
1.98064	.533072	.000000
1.9814	.533637	.000000
1.98216	.534225	.000000
1.98291	.534735	.000000
1.98367	.535465	.000000
1.98443	.536322	.000000
1.98519	.537253	.000000
1.98595	.538055	.000000
1.98671	.539082	.000000
1.98747	.539721	.000000
1.98824	.540155	.000000
1.989	.540945	.000000
1.98976	.542055	.000000
1.99053	.542836	.000000
1.99129	.543537	.000000
1.99206	.543980	.000000
1.99282	.544741	.000000
1.99359	.545512	.000000
1.99435	.546213	.000000
1.99512	.547068	.000000
1.99589	.548224	.000000
1.99666	.548997	.000000
1.99743	.549878	.000000
1.9982	.550799	.000000
1.99897	.551613	.000000
1.99974	.552372	.000000
2.00051	.553215	.000000
2.00128	.554026	.000000
2.00206	.554912	.000000
2.00283	.555673	.000000
2.0036	.556484	.000000
2.00438	.557420	.000000
2.00515	.558550	.000000
2.00593	.559340	.000000
2.0067	.560116	.000000
2.00748	.560606	.000000
2.00826	.561597	.000000
2.00904	.562639	.000000
2.00982	.563292	.000000
2.0106	.563883	.000000
2.01138	.564817	.000000
2.01216	.565626	.000000
2.01294	.566246	.000000
2.01372	.566804	.000000
2.0145	.567713	.000000
2.01528	.568429	.000000
2.01607	.569104	.000000
2.01685	.569851	.000000
2.01764	.570629	.000000
2.01842	.571218	.000000
2.01921	.571732	.000000
2.01999	.572434	.000000
2.02078	.573358	.000000
2.02157	.574090	.000000
2.02236	.574890	.000000
2.02315	.575177	.000000
2.02394	.575656	.000000
2.02473	.576180	.000000
2.02552	.576709	.000000
2.02631	.577077	.000000
2.0271	.577633	.000000
2.0279	.578298	.000000
2.02869	.579076	.000000
2.02948	.579768	.000000
2.03028	.580433	.000000
2.03107	.580819	.000000
2.03187	.581075	.000000
2.03267	.581326	.000000
2.03346	.581712	.000000
2.03426	.582080	.000000
2.03506	.582676	.000000
2.03586	.583064	.000000
2.03666	.583538	.000000
2.03746	.583751	.000000
2.03826	.584366	.000000
2.03906	.584945	.000000
2.03986	.585101	.000000
2.04067	.585185	.000000
2.04147	.585721	.000000
2.04227	.586102	.000000
2.04308	.586492	.000000
2.04388	.586655	.000000
2.04469	.586937	.000000
2.0455	.587298	.000000
2.0463	.587902	.000000
2.04711	.588108	.000000
2.04792	.588471	.000000
2.04873	.588941	.000000
2.04954	.589245	.000000
2.05035	.589446	.000000
2.05116	.589888	.000000
2.05197	.590300	.000000
2.05279	.590528	.000000
2.0536	.590566	.000000
2.05441	.590882	.000000
2.05523	.590903	.000000
2.05604	.591306	.000000
2.05686	.592062	.000000
2.05767	.592682	.000000
2.05849	.592701	.000000
2.05931	.593010	.000000
2.06013	.593450	.000000
2.06094	.593860	.000000
2.06176	.594075	.000000
2.06258	.594590	.000000
2.06341	.594781	.000000
2.06423	.595023	.000000
2.06505	.595523	.000000
2.06587	.596184	.000000
2.0667	.596442	.000000
2.06752	.596804	.000000
2.06834	.597340	.000000
2.06917	.597857	.000000
2.07	.598089	.000000
2.07082	.598396	.000000
2.07165	.598776	.000000
2.07248	.599327	.000000
2.07331	.599722	.000000
2.07414	.600157	.000000
2.07497	.600500	.000000
2.0758	.601079	.000000
2.07663	.601282	.000000
2.07746	.601606	.000000
2.07829	.602266	.000000
2.07913	.602817	.000000
2.07996	.603099	.000000
2.0808	.603497	.000000
2.08163	.603765	.000000
2.08247	.604076	.000000
2.0833	.604210	.000000
2.08414	.604770	.000000
2.08498	.605206	.000000
2.08582	.605696	.000000
2.08666	.606067	.000000
2.0875	.606405	.000000
2.08834	.606589	.000000
2.08918	.606994	.000000
2.09002	.607358	.000000
2.09086	.607798	.000000
2.09171	.608121	.000000
2.09255	.608504	.000000
2.0934	.608791	.000000
2.09424	.608988	.000000
2.09509	.609328	.000000
2.09594	.609809	.000000
2.09678	.610007	.000000
2.09763	.610383	.000000
2.09848	.610702	.000000
2.09933	.611034	.000000
2.10018	.611343	.000000
2.10103	.611707	.000000
2.10188	.611697	.000000
2.10274	.611963	.000000
2.10359	.612370	.000000
2.10444	.612937	.000000
2.1053	.613296	.000000
2.10615	.613610	.000000
2.10701	.613931	.000000
2.10787	.614481	.000000
2.10872	.614761	.000000
2.10958	.614888	.000000
2.11044	.615053	.000000
2.1113	.615561	.000000
2.11216	.615920	.000000
2.11302	.616274	.000000
2.11388	.616447	.000000
2.11474	.616729	.000000
2.11561	.617090	.000000
2.11647	.617440	.000000
2.11733	.617545	.000000
2.1182	.617715	.000000
2.11906	.617797	.000000
2.11993	.618227	.000000
2.1208	.618491	.000000
2.12167	.618718	.000000
2.12254	.618768	.000000
2.1234	.618958	.000000
2.12427	.619257	.000000
2.12515	.619671	.000000
2.12602	.619542	.000000
2.12689	.619573	.000000
2.12776	.619709	.000000
2.12864	.619968	.000000
2.12951	.620171	.000000
2.13038	.620391	.000000
2.13126	.620743	.000000
2.13214	.621095	.000000
2.13301	.621236	.000000
2.13389	.621600	.000000
2.13477	.621737	.000000
2.13565	.621923	.000000
2.13653	.622206	.000000
2.13741	.622550	.000000
2.13829	.622740	.000000
2.13917	.622807	.000000
2.14006	.622728	.000000
2.14094	.622938	.000000
2.14182	.623154	.000000
2.14271	.623654	.000000
2.1436	.623881	.000000
2.14448	.623893	.000000
2.14537	.623977	.000000
2.14626	.624104	.000000
2.14715	.624102	.000000
2.14804	.624243	.000000
2.14893	.624430	.000000
2.14982	.624427	.000000
2.15071	.624291	.000000
2.1516	.624736	.000000
2.1525	.625107	.000000
2.15339	.625234	.000000
2.15428	.625150	.000000
2.15518	.625289	.000000
2.15608	.625253	.000000
2.15697	.625251	.000000
2.15787	.625219	.000000
2.15877	.625368	.000000
2.15967	.625492	.000000
2.16057	.625720	.000000
2.16147	.625672	.000000
2.16237	.625528	.000000
2.16327	.625473	.000000
2.16418	.625533	.000000
2.16508	.625464	.000000
2.16598	.625655	.000000
2.16689	.625734	.000000
2.16779	.625789	.000000
2.1687	.625741	.000000
2.16961	.625916	.000000
2.17052	.625887	.000000
2.17143	.625971	.000000
2.17234	.625756	.000000
2.17325	.625756	.000000
2.17416	.626002	.000000
2.17507	.626285	.000000
2.17598	.626301	.000000
2.1769	.626603	.000000
2.17781	.626727	.000000
2.17873	.626828	.000000
2.17964	.626984	.000000
2.18056	.627223	.000000
2.18148	.627185	.000000
2.18239	.627355	.000000
2.18331	.627417	.000000
2.18423	.627750	.000000
2.18515	.627838	.000000
2.18607	.627955	.000000
2.187	.627972	.000000
2.18792	.628276	.000000
2.18884	.628611	.000000
2.18977	.628700	.000000
2.19069	.628721	.000000
2.19162	.628824	.000000
2.19255	.628793	.000000
2.19347	.629143	.000000
2.1944	.629466	.000000
2.19533	.629696	.000000
2.19626	.629653	.000000
2.19719	.629844	.000000
2.19812	.630119	.000000
2.19906	.630474	.000000
2.19999	.630634	.000000
2.20092	.630782	.000000
2.20186	.630782	.000000
2.20279	.630912	.000000
2.20373	.631094	.000000
2.20467	.631350	.000000
2.2056	.631393	.000000
2.20654	.631670	.000000
2.20748	.632003	.000000
2.20842	.632192	.000000
2.20936	.632302	.000000
2.21031	.632664	.000000
2.21125	.632673	.000000
2.21219	.632769	.000000
2.21314	.632846	.000000
2.21408	.633176	.000000
2.21503	.633444	.000000
2.21597	.633657	.000000
2.21692	.633770	.000000
2.21787	.633978	.000000
2.21882	.634311	.000000
2.21977	.634562	.000000
2.22072	.634536	.000000
2.22167	.634866	.000000
2.22262	.635074	.000000
2.22358	.635199	.000000
2.22453	.635304	.000000
2.22549	.635610	.000000
2.22644	.635632	.000000
2.2274	.635759	.000000
2.22835	.635852	.000000
2.22931	.636089	.000000
2.23027	.636240	.000000
2.23123	.636400	.000000
2.23219	.636460	.000000
2.23315	.636692	.000000
2.23412	.636690	.000000
2.23508	.637035	.000000
2.23604	.637250	.000000
2.23701	.637487	.000000
2.23797	.637540	.000000
2.23894	.637588	.000000
2.23991	.637645	.000000
2.24087	.637805	.000000
2.24184	.637837	.000000
2.24281	.638198	.000000
2.24378	.638447	.000000
2.24476	.638605	.000000
2.24573	.638720	.000000
2.2467	.638854	.000000
2.24767	.638861	.000000
2.24865	.639014	.000000
2.24963	.638995	.000000
2.2506	.639280	.000000
2.25158	.639512	.000000
2.25256	.639618	.000000
2.25354	.639665	.000000
2.25452	.639773	.000000
2.2555	.639620	.000000
2.25648	.639725	.000000
2.25746	.639941	.000000
2.25844	.640068	.000000
2.25943	.640072	.000000
2.26041	.640305	.000000
2.2614	.640525	.000000
2.26239	.640695	.000000
2.26337	.640690	.000000
2.26436	.640845	.000000
2.26535	.640845	.000000
2.26634	.641099	.000000
2.26733	.641205	.000000
2.26833	.641324	.000000
2.26932	.641142	.000000
2.27031	.641396	.000000
2.27131	.641305	.000000
2.2723	.641346	.000000
2.2733	.641298	.000000
2.27429	.641391	.000000
2.27529	.641339	.000000
2.27629	.641269	.000000
2.27729	.641013	.000000
2.27829	.641027	.000000
2.27929	.640929	.000000
2.2803	.640941	.000000
2.2813	.640764	.000000
2.2823	.640709	.000000
2.28331	.640609	.000000
2.28431	.640539	.000000
2.28532	.640458	.000000
2.28633	.640546	.000000
2.28734	.640336	.000000
2.28835	.640039	.000000
2.28936	.639854	.000000
2.29037	.639821	.000000
2.29138	.639337	.000000
2.2924	.639115	.000000
2.29341	.639055	.000000
2.29442	.639160	.000000
2.29544	.638993	.000000
2.29646	.638873	.000000
2.29747	.638715	.000000
2.29849	.638521	.000000
2.29951	.638227	.000000
2.30053	.638102	.000000
2.30155	.637808	.000000
2.30258	.637827	.000000
2.3036	.637726	.000000
2.30462	.637703	.000000
2.30565	.637449	.000000
2.30667	.637250	.000000
2.3077	.636724	.000000
2.30873	.636336	.000000
2.30976	.636094	.000000
2.31078	.635979	.000000
2.31182	.635512	.000000
2.31285	.635235	.000000
2.31388	.635000	.000000
2.31491	.634928	.000000
2.31595	.634718	.000000
2.31698	.634399	.000000
2.31802	.634009	.000000
2.31905	.633719	.000000
2.32009	.633360	.000000
2.32113	.633305	.000000
2.32217	.632975	.000000
2.32321	.632810	.000000
2.32425	.632441	.000000
2.32529	.632324	.000000
2.32634	.632211	.000000
2.32738	.632106	.000000
2.32843	.631771	.000000
2.32947	.631527	.000000
2.33052	.631297	.000000
2.33157	.631132	.000000
2.33262	.630849	.000000
2.33367	.630706	.000000
2.33472	.630256	.000000
2.33577	.629834	.000000
2.33682	.629504	.000000
2.33788	.629368	.000000
2.33893	.628872	.000000
2.33999	.628523	.000000
2.34104	.628283	.000000
2.3421	.627963	.000000
2.34316	.627436	.000000
2.34422	.627127	.000000
2.34528	.626660	.000000
2.34634	.626112	.000000
2.3474	.625497	.000000
2.34847	.625028	.000000
2.34953	.624394	.000000
2.35059	.623924	.000000
2.35166	.623506	.000000
2.35273	.623240	.000000
2.3538	.622637	.000000
2.35486	.622045	.000000
2.35593	.621265	.000000
2.35701	.620499	.000000
2.35808	.619980	.000000
2.35915	.619628	.000000
2.36023	.618874	.000000
2.3613	.618148	.000000
2.36238	.617361	.000000
2.36345	.616504	.000000
2.36453	.615683	.000000
2.36561	.615063	.000000
2.36669	.614194	.000000
2.36777	.613486	.000000
2.36885	.612617	.000000
2.36993	.611827	.000000
2.37102	.610905	.000000
2.3721	.610046	.000000
2.37319	.609095	.000000
2.37428	.608181	.000000
2.37536	.607054	.000000
2.37645	.606154	.000000
2.37754	.605124	.000000
2.37863	.604097	.000000
2.37972	.602984	.000000
2.38082	.601914	.000000
2.38191	.600610	.000000
2.38301	.599588	.000000
2.3841	.598317	.000000
2.3852	.597084	.000000
2.3863	.595851	.000000
2.3874	.594803	.000000
2.38849	.593462	.000000
2.3896	.592134	.000000
2.3907	.590867	.000000
2.3918	.589647	.000000
2.3929	.588127	.000000
2.39401	.586832	.000000
2.39511	.585537	.000000
2.39622	.584366	.000000
2.39733	.582975	.000000
2.39844	.581549	.000000
2.39955	.580017	.000000
2.40066	.578669	.000000
2.40177	.577132	.000000
2.40288	.575809	.000000
2.404	.574368	.000000
2.40511	.573013	.000000
2.40623	.571589	.000000
2.40735	.570174	.000000
2.40847	.568774	.000000
2.40958	.567737	.000000
2.41071	.566509	.000000
2.41183	.565276	.000000
2.41295	.563965	.000000
2.41407	.562799	.000000
2.4152	.561679	.000000
2.41632	.560661	.000000
2.41745	.559484	.000000
2.41858	.558469	.000000
2.41971	.557530	.000000
2.42084	.556659	.000000
2.42197	.555802	.000000
2.4231	.555235	.000000
2.42423	.554440	.000000
2.42537	.553748	.000000
2.4265	.553066	.000000
2.42764	.552477	.000000
2.42877	.551731	.000000
2.42991	.551185	.000000
2.43105	.550735	.000000
2.43219	.550541	.000000
2.43333	.550002	.000000
2.43448	.549677	.000000
2.43562	.549313	.000000
2.43676	.548904	.000000
2.43791	.548497	.000000
2.43906	.548310	.000000
2.4402	.547884	.000000
2.44135	.547508	.000000
2.4425	.547044	.000000
2.44365	.546723	.000000
2.44481	.546290	.000000
2.44596	.545888	.000000
2.44711	.545411	.000000
2.44827	.545114	.000000
2.44943	.544786	.000000
2.45058	.544475	.000000
2.45174	.544090	.000000
2.4529	.543920	.000000
2.45406	.543537	.000000
2.45523	.543238	.000000
2.45639	.542850	.000000
2.45755	.542532	.000000
2.45872	.542201	.000000
2.45988	.541857	.000000
2.46105	.541531	.000000
2.46222	.541272	.000000
2.46339	.540894	.000000
2.46456	.540748	.000000
2.46573	.540483	.000000
2.46691	.540262	.000000
2.46808	.539882	.000000
2.46925	.539693	.000000
2.47043	.539508	.000000
2.47161	.539504	.000000
2.47279	.539269	.000000
2.47397	.539161	.000000
2.47515	.539111	.000000
2.47633	.539154	.000000
2.47751	.539077	.000000
2.4787	.539015	.000000
2.47988	.538927	.000000
2.48107	.539051	.000000
2.48226	.538927	.000000
2.48345	.539046	.000000
2.48464	.539223	.000000
2.48583	.539331	.000000
2.48702	.539262	.000000
2.48821	.539355	.000000
2.48941	.539276	.000000
2.4906	.539360	.000000
2.4918	.539520	.000000
2.493	.539719	.000000
2.4942	.539604	.000000
2.4954	.539726	.000000
2.4966	.539760	.000000
2.4978	.539772	.000000
2.499	.539757	.000000
2.50021	.539882	.000000
2.50142	.539882	.000000
2.50262	.539925	.000000
2.50383	.539879	.000000
2.50504	.540095	.000000
2.50625	.539958	.000000
2.50746	.539896	.000000
2.50868	.539954	.000000
2.50989	.540191	.000000
2.51111	.540179	.000000
2.51232	.540090	.000000
2.51354	.539985	.000000
2.51476	.540088	.000000
2.51598	.540128	.000000
2.5172	.540219	.000000
2.51842	.540183	.000000
2.51965	.540344	.000000
2.52087	.540238	.000000
2.5221	.540092	.000000
2.52333	.539956	.000000
2.52455	.539987	.000000
2.52578	.539958	.000000
2.52701	.539949	.000000
2.52825	.539793	.000000
2.52948	.539729	.000000
2.53071	.539460	.000000
2.53195	.539334	.000000
2.53319	.539144	.000000
2.53443	.539063	.000000
2.53566	.538771	.000000
2.53691	.538654	.000000
2.53815	.538632	.000000
2.53939	.538560	.000000
2.54063	.538343	.000000
2.54188	.538194	.000000
2.54313	.537905	.000000
2.54437	.537897	.000000
2.54562	.537557	.000000
2.54687	.537206	.000000
2.54812	.537014	.000000
2.54938	.537172	.000000
2.55063	.537069	.000000
2.55189	.536947	.000000
2.55314	.536710	.000000
2.5544	.536674	.000000
2.55566	.536490	.000000
2.55692	.536418	.000000
2.55818	.536231	.000000
2.55944	.536102	.000000
2.56071	.535856	.000000
2.56197	.535860	.000000
2.56324	.535599	.000000
2.56451	.535377	.000000
2.56578	.535183	.000000
2.56705	.535113	.000000
2.56832	.534826	.000000
2.56959	.534704	.000000
2.57086	.534637	.000000
2.57214	.534470	.000000
2.57342	.534130	.000000
2.57469	.534146	.000000
2.57597	.533696	.000000
2.57725	.533519	.000000
2.57853	.533459	.000000
2.57982	.533227	.000000
2.5811	.532880	.000000
2.58239	.532873	.000000
2.58367	.532409	.000000
2.58496	.532356	.000000
2.58625	.532160	.000000
2.58754	.531906	.000000
2.58883	.531506	.000000
2.59013	.531159	.000000
2.59142	.530941	.000000
2.59272	.530688	.000000
2.59401	.529945	.000000
2.59531	.529790	.000000
2.59661	.529620	.000000
2.59791	.529163	.000000
2.59921	.528655	.000000
2.60052	.528306	.000000
2.60182	.527662	.000000
2.60313	.527071	.000000
2.60444	.526518	.000000
2.60575	.526207	.000000
2.60706	.525900	.000000
2.60837	.525318	.000000
2.60968	.524454	.000000
2.61099	.523837	.000000
2.61231	.523193	.000000
2.61363	.522539	.000000
2.61494	.521888	.000000
2.61626	.521400	.000000
2.61758	.520926	.000000
2.61891	.520280	.000000
2.62023	.519193	.000000
2.62155	.518695	.000000
2.62288	.517912	.000000
2.62421	.517067	.000000
2.62554	.516249	.000000
2.62687	.515674	.000000
2.6282	.515107	.000000
2.62953	.514456	.000000
2.63086	.513635	.000000
2.6322	.512919	.000000
2.63354	.511890	.000000
2.63487	.511236	.000000
2.63621	.510351	.000000
2.63755	.509453	.000000
2.6389	.508455	.000000
2.64024	.507572	.000000
2.64159	.506717	.000000
2.64293	.506035	.000000
2.64428	.504984	.000000
2.64563	.503833	.000000
2.64698	.502581	.000000
2.64833	.501571	.000000
2.64968	.500467	.000000
2.65104	.499438	.000000
2.6524	.498195	.000000
2.65375	.496884	.000000
2.65511	.495361	.000000
2.65647	.494174	.000000
2.65783	.492898	.000000
2.6592	.491582	.000000
2.66056	.490090	.000000
2.66193	.488712	.000000
2.66329	.487177	.000000
2.66466	.485655	.000000
2.66603	.483979	.000000
2.6674	.482280	.000000
2.66878	.480554	.000000
2.67015	.478675	.000000
2.67153	.476485	.000000
2.6729	.474807	.000000
2.67428	.472959	.000000
2.67566	.471017	.000000
2.67704	.468576	.000000
2.67843	.466338	.000000
2.67981	.463846	.000000
2.6812	.461419	.000000
2.68258	.458640	.000000
2.68397	.455832	.000000
2.68536	.452842	.000000
2.68675	.449977	.000000
2.68815	.446827	.000000
2.68954	.443514	.000000
2.69094	.439806	.000000
2.69233	.436448	.000000
2.69373	.432788	.000000
2.69513	.428946	.000000
2.69653	.424716	.000000
2.69794	.420592	.000000
2.69934	.416269	.000000
2.70075	.411876	.000000
2.70215	.406840	.000000
2.70356	.401753	.000000
2.70497	.396336	.000000
2.70638	.390920	.000000
2.7078	.385060	.000000
2.70921	.379217	.000000
2.71063	.373017	.000000
2.71205	.366437	.000000
2.71346	.360192	.000000
2.71489	.354483	.000000
2.71631	.348702	.000000
2.71773	.343227	.000000
2.71916	.338052	.000000
2.72058	.332990	.000000
2.72201	.327666	.000000
2.72344	.323099	.000000
2.72487	.318206	.000000
2.7263	.313424	.000000
2.72774	.308701	.000000
2.72917	.304162	.000000
2.73061	.299447	.000000
2.73205	.294875	.000000
2.73349	.290236	.000000
2.73493	.285559	.000000
2.73638	.280697	.000000
2.73782	.276427	.000000
2.73927	.271929	.000000
2.74071	.267211	.000000
2.74216	.262356	.000000
2.74361	.257916	.000000
2.74507	.253485	.000000
2.74652	.249182	.000000
2.74798	.244801	.000000
2.74943	.240665	.000000
2.75089	.236526	.000000
2.75235	.232529	.000000
2.75381	.228871	.000000
2.75528	.225359	.000000
2.75674	.221462	.000000
2.75821	.218320	.000000
2.75968	.215256	.000000
2.76115	.212524	.000000
2.76262	.209817	.000000
2.76409	.207232	.000000
2.76556	.204599	.000000
2.76704	.202248	.000000
2.76852	.199833	.000000
2.77	.197743	.000000
2.77148	.195797	.000000
2.77296	.194014	.000000
2.77444	.192192	.000000
2.77593	.190423	.000000
2.77741	.188638	.000000
2.7789	.187120	.000000
2.78039	.185418	.000000
2.78188	.183858	.000000
2.78338	.182306	.000000
2.78487	.180846	.000000
2.78637	.179345	.000000
2.78787	.177986	.000000
2.78937	.176535	.000000
2.79087	.175231	.000000
2.79237	.173902	.000000
2.79387	.172641	.000000
2.79538	.171319	.000000
2.79689	.170154	.000000
2.7984	.169002	.000000
2.79991	.167908	.000000
2.80142	.166812	.000000
2.80294	.165869	.000000
2.80445	.164811	.000000
2.80597	.163810	.000000
2.80749	.162800	.000000
2.80901	.161907	.000000
2.81053	.161022	.000000
2.81206	.160229	.000000
2.81358	.159346	.000000
2.81511	.158436	.000000
2.81664	.157560	.000000
2.81817	.156809	.000000
2.8197	.155961	.000000
2.82123	.155124	.000000
2.82277	.154236	.000000
2.82431	.153575	.000000
2.82585	.152873	.000000
2.82739	.152342	.000000
2.82893	.151926	.000000
2.83048	.151464	.000000
2.83202	.151152	.000000
2.83357	.151045	.000000
2.83512	.150875	.000000
2.83667	.150836	.000000
2.83822	.150734	.000000
2.83978	.150686	.000000
2.84133	.150647	.000000
2.84289	.150583	.000000
2.84445	.150497	.000000
2.84601	.150439	.000000
2.84757	.150336	.000000
2.84914	.150197	.000000
2.8507	.149987	.000000
2.85227	.149879	.000000
2.85384	.149740	.000000
2.85541	.149561	.000000
2.85699	.149290	.000000
2.85856	.149058	.000000
2.86014	.148756	.000000
2.86172	.148519	.000000
2.8633	.148187	.000000
2.86488	.147885	.000000
2.86646	.147603	.000000
2.86805	.147378	.000000
2.86963	.147078	.000000
2.87122	.146896	.000000
2.87281	.146609	.000000
2.87441	.146351	.000000
2.876	.146016	.000000
2.8776	.145800	.000000
2.87919	.145580	.000000
2.88079	.145465	.000000
2.8824	.145312	.000000
2.884	.145185	.000000
2.8856	.145025	.000000
2.88721	.144917	.000000
2.88882	.144788	.000000
2.89043	.144675	.000000
2.89204	.144508	.000000
2.89365	.144469	.000000
2.89527	.144443	.000000
2.89689	.144306	.000000
2.89851	.144103	.000000
2.90013	.144055	.000000
2.90175	.143907	.000000
2.90338	.143765	.000000
2.905	.143569	.000000
2.90663	.143368	.000000
2.90826	.143174	.000000
2.90989	.143040	.000000
2.91153	.142875	.000000
2.91316	.142691	.000000
2.9148	.142382	.000000
2.91644	.142147	.000000
2.91808	.141944	.000000
2.91972	.141685	.000000
2.92137	.141389	.000000
2.92302	.141144	.000000
2.92466	.140848	.000000
2.92631	.140563	.000000
2.92797	.140187	.000000
2.92962	.139892	.000000
2.93128	.139658	.000000
2.93294	.139397	.000000
2.93459	.139100	.000000
2.93626	.138911	.000000
2.93792	.138751	.000000
2.93959	.138559	.000000
2.94125	.138344	.000000
2.94292	.138258	.000000
2.94459	.138107	.000000
2.94627	.138061	.000000
2.94794	.137958	.000000
2.94962	.137913	.000000
2.9513	.138004	.000000
2.95298	.138135	.000000
2.95466	.138181	.000000
2.95635	.138325	.000000
2.95803	.138399	.000000
2.95972	.138540	.000000
2.96141	.138715	.000000
2.9631	.138858	.000000
2.9648	.138945	.000000
2.96649	.139146	.000000
2.96819	.139402	.000000
2.96989	.139701	.000000
2.97159	.139912	.000000
2.9733	.140103	.000000
2.975	.140369	.000000
2.97671	.140670	.000000
2.97842	.140905	.000000
2.98013	.141178	.000000
2.98184	.141489	.000000
2.98356	.141798	.000000
2.98528	.142111	.000000
2.987	.142521	.000000
2.98872	.142810	.000000
2.99044	.143102	.000000
2.99217	.143349	.000000
2.9939	.143672	.000000
2.99563	.143988	.000000
2.99736	.144247	.000000
2.99909	.144515	.000000
3.00083	.144790	.000000
3.00256	.144931	.000000
3.0043	.145125	.000000
3.00605	.145290	.000000
3.00779	.145403	.000000
3.00953	.145515	.000000
3.01128	.145671	.000000
3.01303	.145795	.000000
3.01478	.145795	.000000
3.01654	.145764	.000000
3.01829	.145712	.000000
3.02005	.145580	.000000
3.02181	.145479	.000000
3.02357	.145314	.000000
3.02534	.145252	.000000
3.0271	.145216	.000000
3.02887	.145037	.000000
3.03064	.144740	.000000
3.03241	.144558	.000000
3.03419	.144426	.000000
3.03596	.144230	.000000
3.03774	.143945	.000000
3.03952	.143708	.000000
3.04131	.143519	.000000
3.04309	.143344	.000000
3.04488	.143143	.000000
3.04667	.143011	.000000
3.04846	.142846	.000000
3.05025	.142763	.000000
3.05205	.142729	.000000
3.05384	.142808	.000000
3.05564	.142842	.000000
3.05745	.142863	.000000
3.05925	.143007	.000000
3.06106	.143210	.000000
3.06286	.143371	.000000
3.06467	.143567	.000000
3.06649	.143746	.000000
3.0683	.143952	.000000
3.07012	.144239	.000000
3.07194	.144598	.000000
3.07376	.144943	.000000
3.07558	.145242	.000000
3.0774	.145585	.000000
3.07923	.146068	.000000
3.08106	.146451	.000000
3.08289	.146851	.000000
3.08473	.147279	.000000
3.08656	.147715	.000000
3.0884	.148105	.000000
3.09024	.148534	.000000
3.09209	.148967	.000000
3.09393	.149443	.000000
3.09578	.149920	.000000
3.09763	.150403	.000000
3.09948	.150872	.000000
3.10133	.151368	.000000
3.10319	.151866	.000000
3.10505	.152392	.000000
3.10691	.152838	.000000
3.10877	.153300	.000000
3.11063	.153845	.000000
3.1125	.154370	.000000
3.11437	.154836	.000000
3.11624	.155373	.000000
3.11812	.155902	.000000
3.11999	.156466	.000000
3.12187	.157027	.000000
3.12375	.157606	.000000
3.12563	.158187	.000000
3.12752	.158764	.000000
3.12941	.159375	.000000
3.1313	.160129	.000000
3.13319	.160892	.000000
3.13508	.161646	.000000
3.13698	.162353	.000000
3.13888	.163085	.000000
3.14078	.163858	.000000
3.14268	.164686	.000000
3.14459	.165531	.000000
3.1465	.166391	.000000
3.14841	.167209	.000000
3.15032	.168081	.000000
3.15224	.168971	.000000
3.15415	.169842	.000000
3.15607	.170668	.000000
3.15799	.171575	.000000
3.15992	.172456	.000000
3.16184	.173282	.000000
3.16377	.174108	.000000
3.16571	.174998	.000000
3.16764	.175839	.000000
3.16958	.176731	.000000
3.17151	.177608	.000000
3.17345	.178484	.000000
3.1754	.179362	.000000
3.17734	.180291	.000000
3.17929	.181227	.000000
3.18124	.182168	.000000
3.1832	.183065	.000000
3.18515	.183920	.000000
3.18711	.184741	.000000
3.18907	.185660	.000000
3.19103	.186594	.000000
3.193	.187479	.000000
3.19496	.188386	.000000
3.19693	.189313	.000000
3.19891	.190177	.000000
3.20088	.191139	.000000
3.20286	.192075	.000000
3.20484	.192951	.000000
3.20682	.193868	.000000
3.2088	.194816	.000000
3.21079	.195730	.000000
3.21278	.196647	.000000
3.21477	.197590	.000000
3.21676	.198526	.000000
3.21876	.199481	.000000
3.22076	.200422	.000000
3.22276	.201384	.000000
3.22477	.202354	.000000
3.22677	.203333	.000000
3.22878	.204355	.000000
3.23079	.205281	.000000
3.23281	.206251	.000000
3.23482	.207282	.000000
3.23684	.208247	.000000
3.23887	.209180	.000000
3.24089	.210174	.000000
3.24292	.211170	.000000
3.24495	.212220	.000000
3.24698	.213238	.000000
3.24901	.214260	.000000
3.25105	.215244	.000000
3.25309	.216285	.000000
3.25513	.217381	.000000
3.25718	.218451	.000000
3.25922	.219457	.000000
3.26127	.220517	.000000
3.26333	.221575	.000000
3.26538	.222635	.000000
3.26744	.223653	.000000
3.2695	.224656	.000000
3.27156	.225742	.000000
3.27363	.226822	.000000
3.27569	.227803	.000000
3.27776	.228883	.000000
3.27984	.230008	.000000
3.28191	.231092	.000000
3.28399	.232181	.000000
3.28607	.233256	.000000
3.28816	.234336	.000000
3.29024	.235516	.000000
3.29233	.236670	.000000
3.29443	.237790	.000000
3.29652	.238946	.000000
3.29862	.240148	.000000
3.30072	.241321	.000000
3.30282	.242541	.000000
3.30492	.243774	.000000
3.30703	.245062	.000000
3.30914	.246364	.000000
3.31125	.247606	.000000
3.31337	.248832	.000000
3.31549	.250173	.000000
3.31761	.251523	.000000
3.31973	.252825	.000000
3.32186	.254127	.000000
3.32399	.255558	.000000
3.32612	.256939	.000000
3.32826	.258304	.000000
3.33039	.259692	.000000
3.33253	.261162	.000000
3.33468	.262534	.000000
3.33682	.263845	.000000
3.33897	.265191	.000000
3.34112	.266584	.000000
3.34328	.267996	.000000
3.34544	.269442	.000000
3.34759	.270856	.000000
3.34976	.272297	.000000
3.35192	.273683	.000000
3.35409	.275065	.000000
3.35626	.276467	.000000
3.35844	.277932	.000000
3.36061	.279400	.000000
3.36279	.280872	.000000
3.36497	.282265	.000000
3.36716	.283646	.000000
3.36935	.285051	.000000
3.37154	.286521	.000000
3.37373	.288024	.000000
3.37593	.289566	.000000
3.37813	.291078	.000000
3.38033	.292577	.000000
3.38253	.294020	.000000
3.38474	.295521	.000000
3.38695	.297024	.000000
3.38917	.298499	.000000
3.39138	.299933	.000000
3.3936	.301376	.000000
3.39582	.302798	.000000
3.39805	.304246	.000000
3.40028	.305685	.000000
3.40251	.307150	.000000
3.40474	.308624	.000000
3.40698	.310082	.000000
3.40922	.311499	.000000
3.41146	.313031	.000000
3.41371	.314508	.000000
3.41596	.316016	.000000
3.41821	.317572	.000000
3.42046	.319147	.000000
3.42272	.320679	.000000
3.42498	.322189	.000000
3.42725	.323609	.000000
3.42951	.325114	.000000
3.43178	.326584	.000000
3.43405	.328085	.000000
3.43633	.329617	.000000
3.43861	.331202	.000000
3.44089	.332726	.000000
3.44318	.334201	.000000
3.44546	.335654	.000000
3.44775	.337121	.000000
3.45005	.338617	.000000
3.45234	.340152	.000000
3.45464	.341664	.000000
3.45695	.343151	.000000
3.45925	.344546	.000000
3.46156	.345987	.000000
3.46388	.347409	.000000
3.46619	.348817	.000000
3.46851	.350212	.000000
3.47083	.351687	.000000
3.47316	.353121	.000000
3.47548	.354540	.000000
3.47782	.355883	.000000
3.48015	.357307	.000000
3.48249	.358784	.000000
3.48483	.360268	.000000
3.48717	.361690	.000000
3.48952	.363112	.000000
3.49187	.364484	.000000
3.49422	.365891	.000000
3.49658	.367255	.000000
3.49894	.368656	.000000
3.5013	.370111	.000000
3.50366	.371641	.000000
3.50603	.373101	.000000
3.5084	.374602	.000000
3.51078	.376112	.000000
3.51316	.377623	.000000
3.51554	.379064	.000000
3.51792	.380619	.000000
3.52031	.382171	.000000
3.5227	.383638	.000000
3.5251	.385098	.000000
3.5275	.386668	.000000
3.5299	.388126	.000000
3.5323	.389625	.000000
3.53471	.391137	.000000
3.53712	.392588	.000000
3.53954	.393986	.000000
3.54195	.395403	.000000
3.54438	.396830	.000000
3.5468	.398290	.000000
3.54923	.399707	.000000
3.55166	.401136	.000000
3.55409	.402510	.000000
3.55653	.403917	.000000
3.55897	.405272	.000000
3.56142	.406646	.000000
3.56386	.407965	.000000
3.56631	.409289	.000000
3.56877	.410581	.000000
3.57123	.411951	.000000
3.57369	.413231	.000000
3.57615	.414514	.000000
3.57862	.415795	.000000
3.58109	.417119	.000000
3.58357	.418399	.000000
3.58604	.419642	.000000
3.58853	.420834	.000000
3.59101	.422047	.000000
3.5935	.423268	.000000
3.59599	.424565	.000000
3.59849	.425760	.000000
3.60099	.426952	.000000
3.60349	.428072	.000000
3.60599	.429185	.000000
3.6085	.430296	.000000
3.61102	.431462	.000000
3.61353	.432577	.000000
3.61605	.433738	.000000
3.61858	.434832	.000000
3.6211	.435940	.000000
3.62363	.436996	.000000
3.62617	.438092	.000000
3.62871	.439169	.000000
3.63125	.440282	.000000
3.63379	.441283	.000000
3.63634	.442322	.000000
3.63889	.443349	.000000
3.64145	.444368	.000000
3.64401	.445350	.000000
3.64657	.446403	.000000
3.64913	.447370	.000000
3.6517	.448323	.000000
3.65428	.449261	.000000
3.65685	.450338	.000000
3.65943	.451305	.000000
3.66202	.452258	.000000
3.66461	.453239	.000000
3.6672	.454199	.000000
3.66979	.455135	.000000
3.67239	.456078	.000000
3.675	.456954	.000000
3.6776	.457886	.000000
3.68021	.458747	.000000
3.68283	.459652	.000000
3.68544	.460528	.000000
3.68806	.461361	.000000
3.69069	.462154	.000000
3.69332	.463061	.000000
3.69595	.463913	.000000
3.69859	.464772	.000000
3.70123	.465593	.000000
3.70387	.466419	.000000
3.70652	.467204	.000000
3.70917	.468018	.000000
3.71183	.468815	.000000
3.71448	.469624	.000000
3.71715	.470383	.000000
3.71981	.471178	.000000
3.72248	.471917	.000000
3.72516	.472724	.000000
3.72783	.473464	.000000
3.73052	.474127	.000000
3.7332	.474780	.000000
3.73589	.475491	.000000
3.73859	.476173	.000000
3.74128	.476899	.000000
3.74398	.477516	.000000
3.74669	.478275	.000000
3.7494	.479072	.000000
3.75211	.479824	.000000
3.75483	.480516	.000000
3.75755	.481253	.000000
3.76027	.481906	.000000
3.763	.482641	.000000
3.76574	.483340	.000000
3.76847	.484020	.000000
3.77121	.484671	.000000
3.77396	.485360	.000000
3.77671	.485973	.000000
3.77946	.486612	.000000
3.78222	.487208	.000000
3.78498	.487867	.000000
3.78774	.488424	.000000
3.79051	.488982	.000000
3.79328	.489468	.000000
3.79606	.489973	.000000
3.79884	.490488	.000000
3.80163	.490986	.000000
3.80442	.491371	.000000
3.80721	.491831	.000000
3.81001	.492218	.000000
3.81281	.492671	.000000
3.81561	.493056	.000000
3.81842	.493461	.000000
3.82124	.493856	.000000
3.82405	.494258	.000000
3.82688	.494540	.000000
3.8297	.494828	.000000
3.83253	.495062	.000000
3.83537	.495376	.000000
3.83821	.495692	.000000
3.84105	.496010	.000000
3.8439	.496247	.000000
3.84675	.496556	.000000
3.8496	.496831	.000000
3.85246	.497137	.000000
3.85533	.497367	.000000
3.8582	.497633	.000000
3.86107	.497865	.000000
3.86395	.498093	.000000
3.86683	.498253	.000000
3.86971	.498444	.000000
3.8726	.498550	.000000
3.8755	.498748	.000000
3.8784	.498866	.000000
3.8813	.498997	.000000
3.88421	.499069	.000000
3.88712	.499151	.000000
3.89004	.499268	.000000
3.89296	.499378	.000000
3.89588	.499378	.000000
3.89881	.499467	.000000
3.90174	.499462	.000000
3.90468	.499526	.000000
3.90762	.499507	.000000
3.91057	.499498	.000000
3.91352	.499486	.000000
3.91648	.499471	.000000
3.91944	.499330	.000000
3.9224	.499275	.000000
3.92537	.499232	.000000
3.92835	.499191	.000000
3.93132	.499028	.000000
3.93431	.498873	.000000
3.93729	.498674	.000000
3.94029	.498566	.000000
3.94328	.498327	.000000
3.94628	.498081	.000000
3.94929	.497767	.000000
3.9523	.497485	.000000
3.95531	.497130	.000000
3.95833	.496829	.000000
3.96136	.496479	.000000
3.96439	.496168	.000000
3.96742	.495725	.000000
3.97046	.495333	.000000
3.9735	.494926	.000000
3.97655	.494536	.000000
3.9796	.494131	.000000
3.98265	.493793	.000000
3.98571	.493355	.000000
3.98878	.492937	.000000
3.99185	.492520	.000000
3.99493	.492127	.000000
3.99801	.491579	.000000
4.00109	.491041	.000000
4.00418	.490526	.000000
4.00728	.490035	.000000
4.01038	.489447	.000000
4.01348	.488858	.000000
4.01659	.488147	.000000
4.0197	.487496	.000000
4.02282	.486806	.000000
4.02594	.486167	.000000
4.02907	.485439	.000000
4.0322	.484671	.000000
4.03534	.483900	.000000
4.03849	.483132	.000000
4.04163	.482244	.000000
4.04479	.481394	.000000
4.04794	.480544	.000000
4.05111	.479692	.000000
4.05427	.478713	.000000
4.05745	.477772	.000000
4.06062	.476758	.000000
4.06381	.475764	.000000
4.06699	.474723	.000000
4.07018	.473684	.000000
4.07338	.472525	.000000
4.07658	.471460	.000000
4.07979	.470338	.000000
4.083	.469203	.000000
4.08622	.467939	.000000
4.08944	.466723	.000000
4.09267	.465438	.000000
4.0959	.464164	.000000
4.09914	.462838	.000000
4.10238	.461584	.000000
4.10563	.460284	.000000
4.10889	.459006	.000000
4.11214	.457639	.000000
4.11541	.456387	.000000
4.11868	.455118	.000000
4.12195	.453838	.000000
4.12523	.452485	.000000
4.12851	.451200	.000000
4.1318	.449788	.000000
4.1351	.448411	.000000
4.1384	.447021	.000000
4.1417	.445671	.000000
4.14502	.444218	.000000
4.14833	.442786	.000000
4.15165	.441285	.000000
4.15498	.439811	.000000
4.15831	.438238	.000000
4.16165	.436699	.000000
4.16499	.435098	.000000
4.16834	.433568	.000000
4.17169	.432026	.000000
4.17505	.430495	.000000
4.17841	.428862	.000000
4.18178	.427297	.000000
4.18516	.425633	.000000
4.18854	.423960	.000000
4.19193	.422260	.000000
4.19532	.420673	.000000
4.19871	.419160	.000000
4.20212	.417839	.000000
4.20552	.416606	.000000
4.20894	.415625	.000000
4.21236	.414746	.000000
4.21578	.414014	.000000
4.21921	.413186	.000000
4.22265	.412283	.000000
4.22609	.411101	.000000
4.22954	.409710	.000000
4.23299	.407898	.000000
4.23645	.405780	.000000
4.23991	.403216	.000000
4.24338	.400310	.000000
4.24686	.396894	.000000
4.25034	.393076	.000000
4.25383	.388880	.000000
4.25732	.385412	.000000
4.26082	.383482	.000000
4.26432	.382199	.000000
4.26783	.380404	.000000
4.27135	.378175	.000000
4.27487	.375516	.000000
4.27839	.372641	.000000
4.28192	.369573	.000000
4.28546	.366398	.000000
4.28901	.363117	.000000
4.29256	.359816	.000000
4.29611	.356328	.000000
4.29968	.352872	.000000
4.30325	.349389	.000000
4.30682	.345911	.000000
4.3104	.342385	.000000
4.31399	.338979	.000000
4.31758	.335628	.000000
4.32118	.332434	.000000
4.32478	.329325	.000000
4.32839	.326385	.000000
4.33201	.323518	.000000
4.33563	.320775	.000000
4.33926	.318144	.000000
4.34289	.315736	.000000
4.34653	.313383	.000000
4.35018	.311197	.000000
4.35383	.309069	.000000
4.35749	.307147	.000000
4.36115	.305287	.000000
4.36482	.303545	.000000
4.3685	.301876	.000000
4.37219	.300404	.000000
4.37588	.298997	.000000
4.37957	.297719	.000000
4.38327	.296505	.000000
4.38698	.295411	.000000
4.39069	.294322	.000000
4.39441	.293400	.000000
4.39814	.292519	.000000
4.40188	.291710	.000000
4.40562	.290892	.000000
4.40936	.290147	.000000
4.41311	.289432	.000000
4.41687	.288850	.000000
4.42064	.288175	.000000
4.42441	.287564	.000000
4.42819	.287007	.000000
4.43197	.286499	.000000
4.43577	.285937	.000000
4.43956	.285441	.000000
4.44337	.284936	.000000
4.44718	.284429	.000000
4.451	.283921	.000000
4.45482	.283440	.000000
4.45865	.282839	.000000
4.46249	.282260	.000000
4.46633	.281642	.000000
4.47018	.281058	.000000
4.47404	.280403	.000000
4.4779	.279787	.000000
4.48177	.279005	.000000
4.48565	.278198	.000000
4.48953	.277351	.000000
4.49342	.276498	.000000
4.49732	.275479	.000000
4.50122	.274481	.000000
4.50513	.273365	.000000
4.50905	.272230	.000000
4.51297	.270993	.000000
4.51691	.269746	.000000
4.52084	.268357	.000000
4.52479	.266991	.000000
4.52874	.265586	.000000
4.5327	.264156	.000000
4.53667	.262605	.000000
4.54064	.261064	.000000
4.54462	.259412	.000000
4.5486	.257763	.000000
4.5526	.256037	.000000
4.5566	.254330	.000000
4.56061	.252566	.000000
4.56462	.250802	.000000
4.56864	.249016	.000000
4.57267	.247274	.000000
4.57671	.245443	.000000
4.58075	.243702	.000000
4.5848	.241919	.000000
4.58886	.240179	.000000
4.59292	.238463	.000000
4.59699	.236825	.000000
4.60107	.235190	.000000
4.60516	.233646	.000000
4.60925	.232052	.000000
4.61335	.230542	.000000
4.61746	.229031	.000000
4.62158	.227598	.000000
4.6257	.226176	.000000
4.62983	.224797	.000000
4.63397	.223380	.000000
4.63811	.222056	.000000
4.64226	.220701	.000000
4.64642	.219392	.000000
4.65059	.218097	.000000
4.65476	.216855	.000000
4.65895	.215550	.000000
4.66314	.214308	.000000
4.66733	.213037	.000000
4.67154	.211854	.000000
4.67575	.210612	.000000
4.67997	.209329	.000000
4.6842	.208058	.000000
4.68843	.206837	.000000
4.69267	.205561	.000000
4.69693	.204364	.000000
4.70118	.203132	.000000
4.70545	.201875	.000000
4.70972	.200575	.000000
4.71401	.199352	.000000
4.71829	.198126	.000000
4.72259	.196918	.000000
4.7269	.195687	.000000
4.73121	.194565	.000000
4.73553	.193425	.000000
4.73986	.192286	.000000
4.7442	.191065	.000000
4.74854	.189945	.000000
4.75289	.188810	.000000
4.75725	.187702	.000000
4.76162	.186601	.000000
4.766	.185533	.000000
4.77038	.184442	.000000
4.77478	.183396	.000000
4.77918	.182290	.000000
4.78358	.181270	.000000
4.788	.180238	.000000
4.79243	.179242	.000000
4.79686	.178213	.000000
4.8013	.177215	.000000
4.80575	.176195	.000000
4.81021	.175247	.000000
4.81467	.174266	.000000
4.81915	.173366	.000000
4.82363	.172459	.000000
4.82812	.171595	.000000
4.83262	.170697	.000000
4.83713	.169869	.000000
4.84165	.169019	.000000
4.84617	.168219	.000000
4.85071	.167386	.000000
4.85525	.166611	.000000
4.8598	.165835	.000000
4.86436	.165081	.000000
4.86892	.164299	.000000
4.8735	.163559	.000000
4.87808	.162740	.000000
4.88268	.161977	.000000
4.88728	.161175	.000000
4.89189	.160378	.000000
4.89651	.159540	.000000
4.90114	.158731	.000000
4.90577	.157860	.000000
4.91042	.157000	.000000
4.91507	.156129	.000000
4.91974	.155286	.000000
4.92441	.154324	.000000
4.92909	.153414	.000000
4.93378	.152464	.000000
4.93848	.151500	.000000
4.94319	.150487	.000000
4.94791	.149431	.000000
4.95263	.148330	.000000
4.95737	.147227	.000000
4.96211	.146087	.000000
4.96686	.144989	.000000
4.97162	.143842	.000000
4.9764	.142731	.000000
4.98118	.141618	.000000
4.98596	.140524	.000000
4.99076	.139361	.000000
4.99557	.138262	.000000
5.00039	.137113	.000000
5.00522	.135991	.000000
5.01005	.134811	.000000
5.0149	.133710	.000000
5.01975	.132580	.000000
5.02461	.131467	.000000
5.02949	.130318	.000000
5.03437	.129214	.000000
5.03926	.128070	.000000
5.04416	.126978	.000000
5.04908	.125861	.000000
5.054	.124760	.000000
5.05893	.123589	.000000
5.06387	.122469	.000000
5.06882	.121337	.000000
5.07378	.120200	.000000
5.07875	.118979	.000000
5.08373	.117818	.000000
5.08872	.116621	.000000
5.09372	.115422	.000000
5.09872	.114165	.000000
5.10374	.112973	.000000
5.10877	.111771	.000000
5.11381	.110529	.000000
5.11886	.109263	.000000
5.12391	.108056	.000000
5.12898	.106792	.000000
5.13406	.105552	.000000
5.13915	.104281	.000000
5.14425	.103087	.000000
5.14935	.101835	.000000
5.15447	.100645	.000000
5.1596	.099468	.000000
5.16474	.098280	.000000
5.16989	.097110	.000000
5.17505	.096033	.000000
5.18022	.094948	.000000
5.1854	.093929	.000000
5.19059	.092878	.000000
5.19579	.091904	.000000
5.201	.090905	.000000
5.20622	.089883	.000000
5.21146	.088859	.000000
5.2167	.087901	.000000
5.22195	.086958	.000000
5.22722	.086032	.000000
5.23249	.085050	.000000
5.23778	.084148	.000000
5.24307	.083241	.000000
5.24838	.082381	.000000
5.2537	.081477	.000000
5.25903	.080605	.000000
5.26437	.079744	.000000
5.26971	.078884	.000000
5.27508	.078075	.000000
5.28045	.077324	.000000
5.28583	.076555	.000000
5.29122	.075818	.000000
5.29663	.075014	.000000
5.30204	.074288	.000000
5.30747	.073520	.000000
5.31291	.072800	.000000
5.31836	.072053	.000000
5.32382	.071289	.000000
5.32929	.070566	.000000
5.33477	.069877	.000000
5.34027	.069159	.000000
5.34577	.068488	.000000
5.35129	.067799	.000000
5.35682	.067122	.000000
5.36236	.066406	.000000
5.36791	.065709	.000000
5.37347	.065013	.000000
5.37904	.064328	.000000
5.38463	.063634	.000000
5.39023	.062995	.000000
5.39584	.062339	.000000
5.40146	.061676	.000000
5.40709	.061032	.000000
5.41273	.060438	.000000
5.41839	.059857	.000000
5.42406	.059323	.000000
5.42974	.058758	.000000
5.43543	.058203	.000000
5.44113	.057669	.000000
5.44685	.057188	.000000
5.45257	.056755	.000000
5.45831	.056419	.000000
5.46406	.056048	.000000
5.46983	.055658	.000000
5.4756	.055340	.000000
5.48139	.055086	.000000
5.48719	.054811	.000000
5.49301	.054598	.000000
5.49883	.054390	.000000
5.50467	.054227	.000000
5.51052	.054059	.000000
5.51638	.053947	.000000
5.52225	.053753	.000000
5.52814	.053569	.000000
5.53404	.053346	.000000
5.53995	.053164	.000000
5.54588	.052956	.000000
5.55182	.052724	.000000
5.55777	.052475	.000000
5.56373	.052269	.000000
5.56971	.052041	.000000
5.57569	.051780	.000000
5.5817	.051409	.000000
5.58771	.051065	.000000
5.59374	.050732	.000000
5.59978	.050392	.000000
5.60583	.050033	.000000
5.6119	.049700	.000000
5.61798	.049334	.000000
5.62407	.049011	.000000
5.63018	.048616	.000000
5.6363	.048235	.000000
5.64243	.047919	.000000
5.64858	.047553	.000000
5.65474	.047151	.000000
5.66091	.046790	.000000
5.6671	.046438	.000000
5.6733	.046086	.000000
5.67951	.045619	.000000
5.68574	.045229	.000000
5.69198	.044844	.000000
5.69824	.044468	.000000
5.7045	.044087	.000000
5.71079	.043692	.000000
5.71708	.043252	.000000
5.72339	.042862	.000000
5.72972	.042435	.000000
5.73605	.042045	.000000
5.74241	.041626	.000000
5.74877	.041243	.000000
5.75515	.040796	.000000
5.76155	.040372	.000000
5.76796	.039922	.000000
5.77438	.039544	.000000
5.78082	.039154	.000000
5.78727	.038694	.000000
5.79373	.038230	.000000
5.80021	.037792	.000000
5.80671	.037267	.000000
5.81322	.036808	.000000
5.81974	.036308	.000000
5.82628	.035807	.000000
5.83284	.035288	.000000
5.83941	.034761	.000000
5.84599	.034220	.000000
5.85259	.033734	.000000
5.8592	.033251	.000000
5.86583	.032741	.000000
5.87247	.032248	.000000
5.87913	.031795	.000000
5.8858	.031152	.000000
5.89249	.030594	.000000
5.89919	.029912	.000000
5.90591	.029318	.000000
5.91265	.028818	.000000
5.9194	.028320	.000000
5.92616	.027901	.000000
5.93294	.027599	.000000
5.93974	.027252	.000000
5.94655	.026999	.000000
5.95338	.026833	.000000
5.96022	.026714	.000000
5.96708	.026589	.000000
5.97395	.026472	.000000
5.98084	.026383	.000000
5.98775	.026328	.000000
5.99467	.026237	.000000
6.00161	.026158	.000000
6.00856	.026118	.000000
6.01554	.026084	.000000
6.02252	.026022	.000000
6.02952	.025960	.000000
6.03654	.025945	.000000
6.04358	.025976	.000000
6.05063	.025897	.000000
6.0577	.025766	.000000
6.06478	.025763	.000000
6.07188	.025799	.000000
6.079	.025744	.000000
6.08614	.025739	.000000
6.09329	.025792	.000000
6.10046	.025835	.000000
6.10764	.025840	.000000
6.11484	.025830	.000000
6.12206	.025809	.000000
6.1293	.025778	.000000
6.13655	.025739	.000000
6.14382	.025718	.000000
6.15111	.025715	.000000
6.15842	.025653	.000000
6.16574	.025574	.000000
6.17308	.025517	.000000
6.18044	.025479	.000000
6.18781	.025471	.000000
6.19521	.025440	.000000
6.20262	.025344	.000000
6.21005	.025254	.000000
6.21749	.025194	.000000
6.22496	.025160	.000000
6.23244	.025163	.000000
6.23994	.025165	.000000
6.24745	.025163	.000000
6.25499	.025175	.000000
6.26254	.025189	.000000
6.27012	.025246	.000000
6.27771	.025301	.000000
6.28532	.025330	.000000
6.29294	.025359	.000000
6.30059	.025380	.000000
6.30826	.025464	.000000
6.31594	.025548	.000000
6.32364	.025581	.000000
6.33136	.025617	.000000
6.3391	.025701	.000000
6.34686	.025821	.000000
6.35464	.025900	.000000
6.36243	.025957	.000000
6.37025	.026029	.000000
6.37809	.026072	.000000
6.38594	.026120	.000000
6.39382	.026146	.000000
6.40171	.026130	.000000
6.40962	.026168	.000000
6.41756	.026206	.000000
6.42551	.026180	.000000
6.43348	.026163	.000000
6.44147	.026154	.000000
6.44948	.026118	.000000
6.45751	.026075	.000000
6.46557	.026067	.000000
6.47364	.026043	.000000
6.48173	.026003	.000000
6.48984	.026003	.000000
6.49797	.025986	.000000
6.50613	.025919	.000000
6.5143	.025838	.000000
6.52249	.025775	.000000
6.53071	.025749	.000000
6.53894	.025713	.000000
6.5472	.025613	.000000
6.55548	.025524	.000000
6.56377	.025483	.000000
6.57209	.025419	.000000
6.58043	.025282	.000000
6.58879	.025206	.000000
6.59718	.025179	.000000
6.60558	.025093	.000000
6.61401	.024966	.000000
6.62246	.024894	.000000
6.63092	.024856	.000000
6.63941	.024772	.000000
6.64793	.024734	.000000
6.65646	.024693	.000000
6.66502	.024622	.000000
6.67359	.024531	.000000
6.68219	.024471	.000000
6.69081	.024454	.000000
6.69946	.024425	.000000
6.70813	.024382	.000000
6.71681	.024332	.000000
6.72553	.024291	.000000
6.73426	.024239	.000000
6.74302	.024172	.000000
6.7518	.024095	.000000
6.7606	.024009	.000000
6.76943	.023939	.000000
6.77828	.023894	.000000
6.78715	.023851	.000000
6.79604	.023772	.000000
6.80496	.023623	.000000
6.8139	.023489	.000000
6.82287	.023465	.000000
6.83185	.023398	.000000
6.84087	.023327	.000000
6.8499	.023293	.000000
6.85896	.023195	.000000
6.86805	.023078	.000000
6.87716	.023001	.000000
6.88629	.022915	.000000
6.89545	.022843	.000000
6.90463	.022766	.000000
6.91384	.022620	.000000
6.92307	.022477	.000000
6.93232	.022374	.000000
6.9416	.022273	.000000
6.95091	.022130	.000000
6.96024	.021943	.000000
6.96959	.021828	.000000
6.97897	.021673	.000000
6.98838	.021503	.000000
6.99781	.021321	.000000
7.00727	.021175	.000000
7.01675	.021048	.000000
7.02626	.020885	.000000
7.03579	.020713	.000000
7.04535	.020524	.000000
7.05494	.020313	.000000
7.06455	.020124	.000000
7.07418	.019973	.000000
7.08385	.019851	.000000
7.09354	.019669	.000000
7.10326	.019470	.000000
7.113	.019250	.000000
7.12277	.019073	.000000
7.13256	.018893	.000000
7.14239	.018678	.000000
7.15224	.018487	.000000
7.16212	.018324	.000000
7.17202	.018139	.000000
7.18196	.017924	.000000
7.19192	.017697	.000000
7.20191	.017527	.000000
7.21193	.017338	.000000
7.22197	.017105	.000000
7.23204	.016909	.000000
7.24214	.016708	.000000
7.25227	.016435	.000000
7.26243	.016256	.000000
7.27261	.016090	.000000
7.28283	.015877	.000000
7.29307	.015645	.000000
7.30334	.015444	.000000
7.31364	.015202	.000000
7.32397	.014970	.000000
7.33433	.014788	.000000
7.34472	.014585	.000000
7.35514	.014312	.000000
7.36559	.014108	.000000
7.37607	.013910	.000000
7.38657	.013666	.000000
7.39711	.013460	.000000
7.40768	.013278	.000000
7.41827	.013048	.000000
7.4289	.012833	.000000
7.43956	.012617	.000000
7.45024	.012399	.000000
7.46096	.012198	.000000
7.47171	.012024	.000000
7.4825	.011796	.000000
7.49331	.011602	.000000
7.50415	.011411	.000000
7.51503	.011171	.000000
7.52594	.010944	.000000
7.53688	.010743	.000000
7.54785	.010525	.000000
7.55885	.010381	.000000
7.56988	.010202	.000000
7.58095	.009967	.000000
7.59205	.009757	.000000
7.60318	.009560	.000000
7.61435	.009379	.000000
7.62554	.009175	.000000
7.63677	.008893	.000000
7.64804	.008629	.000000
7.65933	.008426	.000000
7.67067	.008280	.000000
7.68203	.008081	.000000
7.69343	.007885	.000000
7.70486	.007645	.000000
7.71632	.007408	.000000
7.72782	.007203	.000000
7.73936	.007071	.000000
7.75093	.006870	.000000
7.76253	.006626	.000000
7.77417	.006451	.000000
7.78584	.006293	.000000
7.79754	.006099	.000000
7.80929	.005893	.000000
7.82106	.005685	.000000
7.83288	.005551	.000000
7.84473	.005340	.000000
7.85661	.005139	.000000
7.86854	.004981	.000000
7.88049	.004852	.000000
7.89249	.004699	.000000
7.90452	.004601	.000000
7.91659	.004455	.000000
7.92869	.004340	.000000
7.94084	.004256	.000000
7.95301	.004165	.000000
7.96523	.004134	.000000
7.97748	.004165	.000000
7.98978	.004211	.000000
8.00211	.004270	.000000
8.01448	.004402	.000000
8.02688	.004608	.000000
8.03933	.004914	.000000
8.05181	.005393	.000000
8.06433	.005989	.000000
8.07689	.006779	.000000
8.08949	.007748	.000000
8.10213	.008897	.000000
8.11481	.010255	.000000
8.12753	.011945	.000000
8.14029	.013883	.000000
8.15309	.016090	.000000
8.16593	.018563	.000000
8.17881	.021309	.000000
8.19173	.024430	.000000
8.20469	.027980	.000000
8.21769	.031781	.000000
8.23073	.035700	.000000
8.24382	.039709	.000000
8.25695	.043793	.000000
8.27012	.047759	.000000
8.28332	.051464	.000000
8.29658	.054871	.000000
8.30987	.057726	.000000
8.32321	.060151	.000000
8.33659	.062164	.000000
8.35002	.063838	.000000
8.36348	.065324	.000000
8.37699	.066696	.000000
8.39055	.067979	.000000
8.40415	.069305	.000000
8.41779	.070552	.000000
8.43148	.071785	.000000
8.44521	.073032	.000000
8.45898	.074260	.000000
8.47281	.075315	.000000
8.48668	.076433	.000000
8.50059	.077558	.000000
8.51455	.078724	.000000
8.52855	.079911	.000000
8.5426	.081211	.000000
8.5567	.082559	.000000
8.57084	.084048	.000000
8.58503	.085512	.000000
8.59927	.086989	.000000
8.61355	.088500	.000000
8.62788	.090058	.000000
8.64226	.091535	.000000
8.65669	.093091	.000000
8.67116	.094616	.000000
8.68569	.096121	.000000
8.70026	.097519	.000000
8.71488	.098977	.000000
8.72955	.100380	.000000
8.74427	.101763	.000000
8.75904	.103030	.000000
8.77386	.104219	.000000
8.78873	.105272	.000000
8.80366	.106321	.000000
8.81863	.107197	.000000
8.83365	.108056	.000000
8.84872	.108829	.000000
8.86385	.109507	.000000
8.87903	.109950	.000000
8.89426	.110235	.000000
8.90954	.110206	.000000
8.92488	.110005	.000000
8.94027	.109603	.000000
8.95571	.109028	.000000
8.9712	.108121	.000000
8.98675	.107123	.000000
9.00235	.105988	.000000
9.018	.104806	.000000
9.03371	.103453	.000000
9.04948	.102046	.000000
9.0653	.100504	.000000
9.08118	.098876	.000000
9.0971	.097100	.000000
9.11309	.095195	.000000
9.12914	.093158	.000000
9.14524	.091097	.000000
9.16139	.089220	.000000
9.17761	.087612	.000000
9.19388	.086240	.000000
9.21021	.085395	.000000
9.2266	.084912	.000000
9.24304	.084746	.000000
9.25955	.084871	.000000
9.27611	.085299	.000000
9.29273	.085994	.000000
9.30942	.086906	.000000
9.32617	.087894	.000000
9.34297	.089034	.000000
9.35983	.090101	.000000
9.37676	.091071	.000000
9.39375	.091995	.000000
9.41079	.093031	.000000
9.42791	.094024	.000000
9.44508	.095001	.000000
9.46231	.096023	.000000
9.47961	.097119	.000000
9.49697	.098221	.000000
9.5144	.099513	.000000
9.53188	.100858	.000000
9.54944	.102443	.000000
9.56705	.104212	.000000
9.58474	.106247	.000000
9.60249	.108537	.000000
9.6203	.111092	.000000
9.63818	.113636	.000000
9.65613	.116159	.000000
9.67415	.118469	.000000
9.69223	.120640	.000000
9.71038	.122593	.000000
9.7286	.124307	.000000
9.74689	.125753	.000000
9.76524	.127098	.000000
9.78367	.128192	.000000
9.80216	.129044	.000000
9.82072	.129731	.000000
9.83936	.130492	.000000
9.85806	.131179	.000000
9.87684	.131766	.000000
9.89569	.132192	.000000
9.91461	.132551	.000000
9.9336	.132719	.000000
9.95267	.132917	.000000
9.97181	.133197	.000000
9.99103	.133602	.000000
10.01031	.133815	.000000
10.02968	.133865	.000000
10.04911	.133731	.000000
10.06863	.133475	.000000
10.08822	.133219	.000000
10.10788	.132999	.000000
10.12763	.132551	.000000
10.14745	.132223	.000000
10.16734	.131816	.000000
10.18732	.131378	.000000
10.20737	.130976	.000000
10.2275	.130806	.000000
10.24771	.130911	.000000
10.268	.131495	.000000
10.28838	.132558	.000000
10.30883	.134071	.000000
10.32937	.135744	.000000
10.34998	.137444	.000000
10.37069	.138820	.000000
10.39147	.140050	.000000
10.41234	.141118	.000000
10.43329	.142008	.000000
10.45432	.142705	.000000
10.47544	.143361	.000000
10.49665	.144010	.000000
10.51794	.144938	.000000
10.53932	.145819	.000000
10.56079	.146815	.000000
10.58234	.147751	.000000
10.60398	.148450	.000000
10.62571	.148811	.000000
10.64753	.148828	.000000
10.66944	.148455	.000000
10.69144	.147966	.000000
10.71353	.147220	.000000
10.73571	.146379	.000000
10.75799	.145408	.000000
10.78035	.144433	.000000
10.80281	.143038	.000000
10.82536	.141566	.000000
10.848	.140031	.000000
10.87075	.138317	.000000
10.89358	.136230	.000000
10.91652	.133980	.000000
10.93955	.131615	.000000
10.96268	.129118	.000000
10.98591	.126435	.000000
11.00923	.123783	.000000
11.03266	.121119	.000000
11.05618	.118548	.000000
11.0798	.116080	.000000
11.10353	.113751	.000000
11.12736	.111264	.000000
11.15129	.108796	.000000
11.17532	.106278	.000000
11.19946	.103755	.000000
11.2237	.101021	.000000
11.24805	.098187	.000000
11.2725	.095331	.000000
11.29706	.092605	.000000
11.32172	.090049	.000000
11.34649	.087652	.000000
11.37138	.085400	.000000
11.39637	.083389	.000000
11.42147	.081369	.000000
11.44668	.079423	.000000
11.47201	.077608	.000000
11.49745	.076007	.000000
11.523	.074437	.000000
11.54866	.072977	.000000
11.57444	.071689	.000000
11.60033	.070526	.000000
11.62634	.069310	.000000
11.65247	.068220	.000000
11.67872	.067098	.000000
11.70508	.066073	.000000
11.73157	.065149	.000000
11.75817	.064295	.000000
11.78489	.063414	.000000
11.81174	.062576	.000000
11.8387	.061599	.000000
11.86579	.060759	.000000
11.893	.060022	.000000
11.92034	.059201	.000000
11.94781	.058289	.000000
11.9754	.057401	.000000
12.00312	.056549	.000000
12.03097	.055776	.000000
12.05896	.054933	.000000
12.08707	.054126	.000000
12.11531	.053315	.000000
12.14368	.052422	.000000
12.17219	.051460	.000000
12.20083	.050605	.000000
12.2296	.049815	.000000
12.25852	.048882	.000000
12.28757	.047927	.000000
12.31676	.047007	.000000
12.34608	.046062	.000000
12.37555	.045227	.000000
12.40515	.044346	.000000
12.4349	.043355	.000000
12.46478	.042395	.000000
12.49482	.041550	.000000
12.525	.040738	.000000
12.55533	.040008	.000000
12.5858	.039307	.000000
12.61642	.038682	.000000
12.6472	.038206	.000000
12.67813	.037844	.000000
12.7092	.037497	.000000
12.74043	.037306	.000000
12.77181	.037315	.000000
12.80334	.037459	.000000
12.83503	.037662	.000000
12.86688	.037811	.000000
12.8989	.037907	.000000
12.93106	.038060	.000000
12.96339	.038129	.000000
12.99588	.038160	.000000
13.02853	.038273	.000000
13.06135	.038371	.000000
13.09433	.038531	.000000
13.12749	.038857	.000000
13.16081	.039192	.000000
13.1943	.039489	.000000
13.22796	.039714	.000000
13.26179	.039944	.000000
13.29579	.039946	.000000
13.32997	.039824	.000000
13.36432	.039790	.000000
13.39885	.039778	.000000
13.43356	.039817	.000000
13.46846	.039853	.000000
13.50353	.039920	.000000
13.53879	.040039	.000000
13.57423	.040121	.000000
13.60986	.040238	.000000
13.64568	.040489	.000000
13.68169	.040710	.000000
13.71788	.040832	.000000
13.75427	.040858	.000000
13.79085	.040568	.000000
13.82763	.040116	.000000
13.8646	.039647	.000000
13.90177	.039039	.000000
13.93915	.038191	.000000
13.97672	.037440	.000000
14.01449	.036782	.000000
14.05247	.036186	.000000
14.09066	.035695	.000000
14.12904	.035305	.000000
14.16764	.034874	.000000
14.20646	.034620	.000000
14.24549	.034546	.000000
14.28473	.034565	.000000
14.3242	.034548	.000000
14.36388	.034498	.000000
14.40378	.034402	.000000
14.4439	.034560	.000000
14.48425	.034886	.000000
14.52482	.035288	.000000
14.56562	.035917	.000000
14.60665	.036370	.000000
14.64792	.036549	.000000
14.68942	.036607	.000000
14.73115	.036753	.000000
14.77312	.036846	.000000
14.81533	.037021	.000000
14.85778	.037449	.000000
14.90048	.038036	.000000
14.94342	.038917	.000000
14.98659	.039661	.000000
15.03003	.039838	.000000
15.07372	.039932	.000000
15.11767	.040116	.000000
15.16187	.040561	.000000
15.20634	.041480	.000000
15.25106	.043003	.000000
15.29606	.045566	.000000
15.34131	.049107	.000000
15.38684	.053454	.000000
15.43263	.058270	.000000
15.4787	.062983	.000000
15.52504	.067474	.000000
15.57167	.071272	.000000
15.61858	.074643	.000000
15.66576	.077520	.000000
15.71324	.079667	.000000
15.761	.081515	.000000
15.80905	.082815	.000000
15.8574	.083858	.000000
15.90604	.084770	.000000
15.95496	.085340	.000000
16.00421	.085149	.000000
16.05376	.084316	.000000
16.10362	.082987	.000000
16.15378	.081642	.000000
16.20426	.080912	.000000
16.25506	.081206	.000000
16.30619	.082176	.000000
16.35763	.083851	.000000
16.40939	.085960	.000000
16.46149	.088124	.000000
16.51391	.090159	.000000
16.56667	.092366	.000000
16.61977	.094223	.000000
16.67322	.095997	.000000
16.72701	.097476	.000000
16.78114	.098900	.000000
16.83563	.099894	.000000
16.89046	.099915	.000000
16.94566	.099073	.000000
17.00122	.097823	.000000
17.05716	.095889	.000000
17.11345	.093649	.000000
17.17012	.091490	.000000
17.22716	.089864	.000000
17.28459	.088591	.000000
17.3424	.087921	.000000
17.4006	.087758	.000000
17.45916	.087822	.000000
17.51815	.087205	.000000
17.57753	.085771	.000000
17.63732	.083423	.000000
17.69752	.080708	.000000
17.75813	.077939	.000000
17.81915	.075052	.000000
17.88061	.072524	.000000
17.94248	.071263	.000000
18.00478	.071438	.000000
18.06752	.073209	.000000
18.13069	.076744	.000000
18.19431	.081999	.000000
18.25837	.088452	.000000
18.3229	.095590	.000000
18.38788	.102132	.000000
18.45331	.106630	.000000
18.51922	.108030	.000000
18.5856	.106757	.000000
18.65245	.103025	.000000
18.71979	.097629	.000000
18.78759	.092155	.000000
18.85591	.087245	.000000
18.92473	.083195	.000000
18.99405	.080074	.000000
19.06388	.077170	.000000
19.13423	.075243	.000000
19.2051	.073829	.000000
19.27651	.072385	.000000
19.34844	.070667	.000000
19.4209	.069096	.000000
19.49392	.067349	.000000
19.5675	.066011	.000000
19.64162	.064151	.000000
19.7163	.062217	.000000
19.79156	.061236	.000000
19.86738	.059926	.000000
19.9438	.057877	.000000
20.0208	.055495	.000000
20.0984	.054078	.000000
20.17661	.052496	.000000
20.25542	.051105	.000000
20.33485	.050342	.000000
20.41491	.050210	.000000
20.49561	.051345	.000000
20.57694	.053908	.000000
20.65892	.056008	.000000
20.74155	.056956	.000000
20.82485	.057722	.000000
20.90882	.058231	.000000
20.99347	.058440	.000000
21.07881	.058203	.000000
21.16485	.058344	.000000
21.25159	.060266	.000000
21.33905	.061798	.000000
21.42722	.062246	.000000
21.51613	.062045	.000000
21.60579	.061496	.000000
21.69619	.060163	.000000
21.78735	.059076	.000000
21.87928	.057801	.000000
21.97199	.056587	.000000
22.06544	.055637	.000000
22.15973	.054785	.000000
22.25484	.054382	.000000
22.35076	.055735	.000000
22.44752	.058648	.000000
22.54512	.062899	.000000
22.64357	.068388	.000000
22.74288	.074638	.000000
22.84307	.080309	.000000
22.94415	.086056	.000000
23.04612	.091233	.000000
23.14901	.095930	.000000
23.25281	.100286	.000000
23.35756	.104188	.000000
23.46325	.107180	.000000
23.5699	.109066	.000000
23.67752	.110577	.000000
23.78613	.110191	.000000
23.89575	.109483	.000000
24.00638	.109117	.000000
24.11803	.108231	.000000
24.23073	.107326	.000000
24.34449	.107570	.000000
24.45933	.108432	.000000
24.57525	.108626	.000000
24.69227	.109349	.000000
24.81042	.109797	.000000
24.9297	.110349	.000000
25.05013	.111436	.000000
25.17173	.113538	.000000
25.29452	.116233	.000000
25.41852	.119228	.000000
25.54373	.120551	.000000
25.67018	.121377	.000000
25.7979	.121899	.000000
25.92688	.122289	.000000
26.05717	.122991	.000000
26.18878	.123481	.000000
26.32171	.123213	.000000
26.45601	.123819	.000000
26.59168	.123400	.000000
26.72875	.121667	.000000
26.86724	.120389	.000000
27.00717	.119931	.000000
27.14857	.118763	.000000
27.29146	.118282	.000000
27.43586	.116839	.000000
27.58179	.114749	.000000
27.72929	.112841	.000000
27.87837	.111249	.000000
28.02907	.108806	.000000
28.1814	.107575	.000000
28.33539	.106761	.000000
28.49108	.107001	.000000
28.6485	.106654	.000000
28.80765	.105562	.000000
28.96859	.103465	.000000
29.13133	.100957	.000000
29.29592	.099556	.000000
29.46237	.098158	.000000
29.63073	.096435	.000000
29.80102	.094376	.000000
29.97328	.091207	.000000
30.14754	.088821	.000000
30.32384	.087313	.000000
30.50222	.086077	.000000
30.68271	.085529	.000000
30.86534	.085441	.000000
31.05017	.085618	.000000
31.23721	.085673	.000000
31.42653	.087064	.000000
31.61815	.088172	.000000
31.81213	.089144	.000000
32.0085	.088928	.000000
32.20731	.089893	.000000
32.40861	.091121	.000000
32.61244	.091049	.000000
32.81884	.091607	.000000
33.02788	.091310	.000000
33.2396	.089421	.000000
33.45405	.086549	.000000
33.67128	.083116	.000000
33.89136	.082171	.000000
34.11432	.081920	.000000
34.34025	.079763	.000000
34.56918	.077367	.000000
34.80119	.076026	.000000
35.03633	.075533	.000000
35.27468	.076464	.000000
35.51628	.077460	.000000
35.76123	.074298	.000000
36.00957	.073386	.000000
36.26138	.072644	.000000
36.51674	.071088	.000000
36.77573	.068364	.000000
37.03841	.067689	.000000
37.30488	.066159	.000000
37.5752	.063711	.000000
37.84947	.062847	.000000
38.12777	.061635	.000000
38.4102	.060362	.000000
38.69684	.059627	.000000
38.9878	.058612	.000000
39.28316	.059902	.000000
39.58303	.062550	.000000
39.88752	.063151	.000000
40.19672	.066116	.000000
40.51076	.068864	.000000
40.82975	.069123	.000000
41.15379	.071303	.000000
41.48302	.074827	.000000
41.81756	.079341	.000000
42.15754	.082259	.000000
42.50309	.084308	.000000
42.85436	.089469	.000000
43.21148	.093541	.000000
43.5746	.091554	.000000
43.94388	.092871	.000000
44.31946	.093057	.000000
44.70153	.088773	.000000
45.09024	.091276	.000000
45.48577	.091892	.000000
45.8883	.087360	.000000
46.29801	.087988	.000000
46.71511	.091920	.000000
47.13979	.093455	.000000
47.57227	.099358	.000000
48.01275	.100222	.000000
48.46147	.095463	.000000
48.91866	.097878	.000000
49.38455	.092840	.000000
49.8594	.086310	.000000
