Brown University Keck/NASA Relab Spectrum PL-ECS-155-Q/BKR2PL155Q
Wavelength(micron)	Reflectance	Standard Deviation
0.32	.258666	.002677
0.34	.489393	.003146
0.36	.620362	.003025
0.38	.605538	.003593
0.4	.671258	.003602
0.42	.679805	.004960
0.44	.695451	.004433
0.46	.713586	.005441
0.48	.733741	.005610
0.5	.742088	.005476
0.52	.752466	.005119
0.54	.762638	.005246
0.56	.768181	.005163
0.58	.771839	.005248
0.6	.776643	.005231
0.62	.781037	.005076
0.64	.784463	.005249
0.66	.788225	.005189
0.68	.790958	.005212
0.7	.793527	.005283
0.72	.796160	.005250
0.74	.797870	.005318
0.76	.798888	.005687
0.78	.796134	.005341
0.8	.795441	.005324
0.82	.792709	.005200
0.84	.788507	.005332
0.86	.784701	.004888
0.88	.779605	.003758
0.9	.772793	.003493
0.92	.763316	.003662
0.94	.752440	.002944
0.96	.739076	.003090
0.98	.724985	.003314
1	.711898	.003330
1.02	.696969	.002969
1.04	.682473	.003259
1.06	.668924	.002787
1.08	.655651	.002950
1.1	.643645	.002677
1.12	.631687	.002702
1.14	.622086	.003065
1.16	.612928	.002583
1.18	.605930	.002652
1.2	.599529	.002776
1.22	.594763	.002489
1.24	.591363	.002529
1.26	.588985	.002561
1.28	.588899	.002668
1.3	.590407	.002667
1.32	.592589	.002676
1.34	.595972	.002544
1.36	.597734	.002634
1.38	.602111	.002572
1.4	.610850	.002595
1.42	.617755	.002459
1.44	.625299	.002445
1.46	.633063	.002562
1.48	.640887	.002536
1.5	.647954	.002439
1.52	.655021	.002546
1.54	.662238	.002614
1.56	.667924	.002638
1.58	.673200	.002926
1.6	.676804	.002790
1.62	.680304	.002752
1.64	.683804	.002836
1.66	.687019	.002941
1.68	.689879	.003224
1.7	.691932	.003104
1.72	.694106	.003101
1.74	.694708	.002980
1.76	.695202	.003186
1.78	.696329	.002985
1.80044	.696917	.000000
1.80107	.696368	.000000
1.80169	.696376	.000000
1.80232	.696358	.000000
1.80295	.696652	.000000
1.80357	.696959	.000000
1.8042	.696924	.000000
1.80483	.696428	.000000
1.80546	.696368	.000000
1.80609	.696222	.000000
1.80672	.696734	.000000
1.80734	.696956	.000000
1.80798	.697038	.000000
1.80861	.696956	.000000
1.80924	.697132	.000000
1.80987	.697073	.000000
1.8105	.696910	.000000
1.81113	.697070	.000000
1.81177	.697320	.000000
1.8124	.697285	.000000
1.81303	.697288	.000000
1.81367	.697310	.000000
1.8143	.697547	.000000
1.81494	.697503	.000000
1.81557	.697715	.000000
1.81621	.697730	.000000
1.81684	.697530	.000000
1.81748	.697537	.000000
1.81812	.697935	.000000
1.81876	.697997	.000000
1.8194	.698037	.000000
1.82003	.697752	.000000
1.82067	.697377	.000000
1.82131	.697624	.000000
1.82195	.697866	.000000
1.82259	.697641	.000000
1.82323	.697873	.000000
1.82388	.697930	.000000
1.82452	.697767	.000000
1.82516	.697777	.000000
1.8258	.697770	.000000
1.82644	.698004	.000000
1.82709	.698519	.000000
1.82773	.698491	.000000
1.82838	.698432	.000000
1.82902	.698160	.000000
1.82967	.698121	.000000
1.83031	.698032	.000000
1.83096	.698385	.000000
1.83161	.698526	.000000
1.83225	.698207	.000000
1.8329	.697992	.000000
1.83355	.698546	.000000
1.8342	.698756	.000000
1.83485	.698662	.000000
1.8355	.698442	.000000
1.83615	.698454	.000000
1.8368	.698516	.000000
1.83745	.698516	.000000
1.8381	.698341	.000000
1.83875	.698719	.000000
1.8394	.698538	.000000
1.84006	.698439	.000000
1.84071	.698724	.000000
1.84136	.698697	.000000
1.84202	.698353	.000000
1.84267	.698835	.000000
1.84333	.698966	.000000
1.84398	.698805	.000000
1.84464	.698667	.000000
1.8453	.698721	.000000
1.84595	.698630	.000000
1.84661	.698595	.000000
1.84727	.698274	.000000
1.84793	.698464	.000000
1.84859	.698578	.000000
1.84925	.698865	.000000
1.8499	.698914	.000000
1.85057	.699082	.000000
1.85123	.699080	.000000
1.85189	.699265	.000000
1.85255	.699141	.000000
1.85321	.699023	.000000
1.85387	.699010	.000000
1.85454	.699253	.000000
1.8552	.699208	.000000
1.85586	.699161	.000000
1.85653	.699208	.000000
1.85719	.699290	.000000
1.85786	.699401	.000000
1.85853	.699537	.000000
1.85919	.699572	.000000
1.85986	.699428	.000000
1.86053	.699428	.000000
1.86119	.699517	.000000
1.86186	.699381	.000000
1.86253	.699549	.000000
1.8632	.699557	.000000
1.86387	.699826	.000000
1.86454	.699574	.000000
1.86521	.699245	.000000
1.86588	.698882	.000000
1.86655	.699055	.000000
1.86723	.699013	.000000
1.8679	.699164	.000000
1.86857	.699149	.000000
1.86925	.699186	.000000
1.86992	.699263	.000000
1.87059	.699282	.000000
1.87127	.699206	.000000
1.87195	.699700	.000000
1.87262	.699695	.000000
1.8733	.699661	.000000
1.87398	.699834	.000000
1.87465	.699801	.000000
1.87533	.699502	.000000
1.87601	.699717	.000000
1.87669	.699757	.000000
1.87737	.699787	.000000
1.87805	.699626	.000000
1.87873	.699490	.000000
1.87941	.699579	.000000
1.88009	.699965	.000000
1.88077	.699997	.000000
1.88146	.699787	.000000
1.88214	.699599	.000000
1.88282	.699992	.000000
1.88351	.699969	.000000
1.88419	.699796	.000000
1.88488	.699727	.000000
1.88556	.699913	.000000
1.88625	.699927	.000000
1.88693	.699636	.000000
1.88762	.699720	.000000
1.88831	.700170	.000000
1.889	.700105	.000000
1.88968	.700078	.000000
1.89037	.700002	.000000
1.89106	.700286	.000000
1.89175	.700222	.000000
1.89244	.700039	.000000
1.89313	.700145	.000000
1.89383	.700449	.000000
1.89452	.700355	.000000
1.89521	.700392	.000000
1.8959	.700291	.000000
1.8966	.700288	.000000
1.89729	.699997	.000000
1.89799	.699866	.000000
1.89868	.699880	.000000
1.89938	.699727	.000000
1.90007	.699888	.000000
1.90077	.700241	.000000
1.90147	.700172	.000000
1.90216	.700479	.000000
1.90286	.700345	.000000
1.90356	.700096	.000000
1.90426	.699918	.000000
1.90496	.699693	.000000
1.90566	.699450	.000000
1.90636	.699804	.000000
1.90706	.700091	.000000
1.90776	.700002	.000000
1.90846	.699846	.000000
1.90917	.699920	.000000
1.90987	.699804	.000000
1.91057	.699866	.000000
1.91128	.699945	.000000
1.91198	.700180	.000000
1.91269	.700239	.000000
1.91339	.700177	.000000
1.9141	.699974	.000000
1.91481	.700078	.000000
1.91552	.700234	.000000
1.91622	.700518	.000000
1.91693	.700434	.000000
1.91764	.700254	.000000
1.91835	.700199	.000000
1.91906	.700113	.000000
1.91977	.699616	.000000
1.92048	.699579	.000000
1.92119	.699792	.000000
1.92191	.700108	.000000
1.92262	.699873	.000000
1.92333	.700034	.000000
1.92405	.700204	.000000
1.92476	.700214	.000000
1.92547	.700142	.000000
1.92619	.700392	.000000
1.92691	.700276	.000000
1.92762	.700343	.000000
1.92834	.700355	.000000
1.92906	.700419	.000000
1.92977	.700348	.000000
1.93049	.700296	.000000
1.93121	.700091	.000000
1.93193	.699950	.000000
1.93265	.699987	.000000
1.93337	.700338	.000000
1.93409	.700239	.000000
1.93482	.700142	.000000
1.93554	.700283	.000000
1.93626	.700496	.000000
1.93698	.700466	.000000
1.93771	.700385	.000000
1.93843	.700296	.000000
1.93916	.700360	.000000
1.93988	.700469	.000000
1.94061	.700474	.000000
1.94134	.700133	.000000
1.94206	.700140	.000000
1.94279	.700251	.000000
1.94352	.700493	.000000
1.94425	.700493	.000000
1.94498	.700442	.000000
1.94571	.700199	.000000
1.94644	.700343	.000000
1.94717	.700451	.000000
1.9479	.700758	.000000
1.94863	.700723	.000000
1.94936	.700716	.000000
1.9501	.700580	.000000
1.95083	.700624	.000000
1.95157	.700711	.000000
1.9523	.700807	.000000
1.95304	.700736	.000000
1.95377	.700837	.000000
1.95451	.700657	.000000
1.95525	.700652	.000000
1.95598	.700489	.000000
1.95672	.700664	.000000
1.95746	.700978	.000000
1.9582	.701003	.000000
1.95894	.700825	.000000
1.95968	.701027	.000000
1.96042	.701020	.000000
1.96116	.700956	.000000
1.9619	.700943	.000000
1.96265	.700973	.000000
1.96339	.700763	.000000
1.96413	.700802	.000000
1.96488	.700822	.000000
1.96562	.701045	.000000
1.96637	.700990	.000000
1.96711	.701025	.000000
1.96786	.701062	.000000
1.96861	.701114	.000000
1.96936	.700874	.000000
1.9701	.700832	.000000
1.97085	.701072	.000000
1.9716	.701267	.000000
1.97235	.701183	.000000
1.9731	.701245	.000000
1.97385	.700909	.000000
1.97461	.700983	.000000
1.97536	.701099	.000000
1.97611	.701148	.000000
1.97686	.701131	.000000
1.97762	.700926	.000000
1.97837	.700538	.000000
1.97913	.700770	.000000
1.97988	.700904	.000000
1.98064	.701030	.000000
1.9814	.700988	.000000
1.98215	.701055	.000000
1.98291	.700993	.000000
1.98367	.701257	.000000
1.98443	.701223	.000000
1.98519	.701324	.000000
1.98595	.701378	.000000
1.98671	.701287	.000000
1.98747	.701010	.000000
1.98824	.701294	.000000
1.989	.701485	.000000
1.98976	.701539	.000000
1.99053	.701499	.000000
1.99129	.701566	.000000
1.99206	.701529	.000000
1.99282	.701593	.000000
1.99359	.701472	.000000
1.99435	.701596	.000000
1.99512	.701522	.000000
1.99589	.701304	.000000
1.99666	.701151	.000000
1.99743	.701403	.000000
1.9982	.701403	.000000
1.99897	.701366	.000000
1.99974	.701359	.000000
2.00051	.701462	.000000
2.00128	.701448	.000000
2.00205	.701564	.000000
2.00283	.701401	.000000
2.0036	.701554	.000000
2.00438	.701598	.000000
2.00515	.701564	.000000
2.00593	.701354	.000000
2.0067	.701398	.000000
2.00748	.701663	.000000
2.00826	.701752	.000000
2.00904	.701499	.000000
2.00982	.701465	.000000
2.0106	.701450	.000000
2.01138	.701537	.000000
2.01216	.701685	.000000
2.01294	.701811	.000000
2.01372	.701714	.000000
2.0145	.701932	.000000
2.01528	.701942	.000000
2.01607	.701791	.000000
2.01685	.701675	.000000
2.01764	.701863	.000000
2.01842	.701729	.000000
2.01921	.701841	.000000
2.01999	.701949	.000000
2.02078	.701979	.000000
2.02157	.701675	.000000
2.02236	.701707	.000000
2.02315	.701784	.000000
2.02394	.701947	.000000
2.02473	.701858	.000000
2.02552	.701969	.000000
2.02631	.701880	.000000
2.0271	.701710	.000000
2.0279	.701611	.000000
2.02869	.701769	.000000
2.02948	.701803	.000000
2.03028	.702068	.000000
2.03107	.702083	.000000
2.03187	.701976	.000000
2.03267	.701892	.000000
2.03346	.702004	.000000
2.03426	.701811	.000000
2.03506	.701623	.000000
2.03586	.701569	.000000
2.03666	.701690	.000000
2.03746	.701541	.000000
2.03826	.701640	.000000
2.03906	.701806	.000000
2.03986	.701813	.000000
2.04067	.701618	.000000
2.04147	.701712	.000000
2.04227	.701808	.000000
2.04308	.701976	.000000
2.04388	.701806	.000000
2.04469	.701890	.000000
2.0455	.701831	.000000
2.0463	.701744	.000000
2.04711	.701410	.000000
2.04792	.701625	.000000
2.04873	.701870	.000000
2.04954	.702085	.000000
2.05035	.702043	.000000
2.05116	.702179	.000000
2.05197	.702283	.000000
2.05279	.702367	.000000
2.0536	.702164	.000000
2.05441	.702001	.000000
2.05523	.701836	.000000
2.05604	.701937	.000000
2.05686	.701759	.000000
2.05767	.701934	.000000
2.05849	.702145	.000000
2.05931	.702073	.000000
2.06013	.701848	.000000
2.06095	.701947	.000000
2.06176	.701974	.000000
2.06258	.702169	.000000
2.06341	.702130	.000000
2.06423	.702056	.000000
2.06505	.701969	.000000
2.06587	.701934	.000000
2.0667	.701816	.000000
2.06752	.702043	.000000
2.06834	.702226	.000000
2.06917	.702167	.000000
2.07	.702125	.000000
2.07082	.702246	.000000
2.07165	.702103	.000000
2.07248	.702273	.000000
2.07331	.702313	.000000
2.07414	.702315	.000000
2.07497	.702177	.000000
2.0758	.702147	.000000
2.07663	.702189	.000000
2.07746	.702194	.000000
2.07829	.702058	.000000
2.07913	.702127	.000000
2.07996	.702103	.000000
2.0808	.702189	.000000
2.08163	.702001	.000000
2.08247	.701841	.000000
2.0833	.701905	.000000
2.08414	.702063	.000000
2.08498	.702038	.000000
2.08582	.701972	.000000
2.08666	.701912	.000000
2.0875	.702063	.000000
2.08834	.702014	.000000
2.08918	.702018	.000000
2.09002	.701974	.000000
2.09086	.702056	.000000
2.09171	.702085	.000000
2.09255	.701934	.000000
2.0934	.701791	.000000
2.09424	.701967	.000000
2.09509	.701850	.000000
2.09594	.702048	.000000
2.09678	.702179	.000000
2.09763	.702216	.000000
2.09848	.702125	.000000
2.09933	.702127	.000000
2.10018	.702107	.000000
2.10103	.702229	.000000
2.10188	.702105	.000000
2.10274	.702001	.000000
2.10359	.701912	.000000
2.10444	.702026	.000000
2.1053	.701949	.000000
2.10615	.701964	.000000
2.10701	.701816	.000000
2.10787	.701749	.000000
2.10872	.701868	.000000
2.10958	.702169	.000000
2.11044	.702090	.000000
2.1113	.702236	.000000
2.11216	.702263	.000000
2.11302	.702187	.000000
2.11388	.702196	.000000
2.11474	.702132	.000000
2.11561	.701920	.000000
2.11647	.701969	.000000
2.11733	.702117	.000000
2.1182	.702352	.000000
2.11907	.702350	.000000
2.11993	.702397	.000000
2.1208	.702315	.000000
2.12167	.702379	.000000
2.12254	.702273	.000000
2.1234	.702241	.000000
2.12427	.702127	.000000
2.12515	.702117	.000000
2.12602	.701900	.000000
2.12689	.701739	.000000
2.12776	.701828	.000000
2.12864	.701907	.000000
2.12951	.701836	.000000
2.13038	.702182	.000000
2.13126	.702147	.000000
2.13214	.702196	.000000
2.13301	.701912	.000000
2.13389	.701937	.000000
2.13477	.702051	.000000
2.13565	.702088	.000000
2.13653	.701937	.000000
2.13741	.702137	.000000
2.13829	.702248	.000000
2.13917	.702352	.000000
2.14006	.702196	.000000
2.14094	.702018	.000000
2.14182	.701841	.000000
2.14271	.701976	.000000
2.1436	.701996	.000000
2.14448	.702105	.000000
2.14537	.702061	.000000
2.14626	.702038	.000000
2.14715	.701986	.000000
2.14804	.702263	.000000
2.14893	.702199	.000000
2.14982	.702100	.000000
2.15071	.702093	.000000
2.1516	.701981	.000000
2.1525	.701947	.000000
2.15339	.702140	.000000
2.15428	.702041	.000000
2.15518	.702033	.000000
2.15608	.702068	.000000
2.15697	.702041	.000000
2.15787	.701818	.000000
2.15877	.701843	.000000
2.15967	.701878	.000000
2.16057	.701937	.000000
2.16147	.701818	.000000
2.16237	.701695	.000000
2.16327	.701532	.000000
2.16418	.701774	.000000
2.16508	.701972	.000000
2.16598	.702083	.000000
2.16689	.701959	.000000
2.16779	.702065	.000000
2.1687	.701917	.000000
2.16961	.701722	.000000
2.17052	.701522	.000000
2.17143	.701621	.000000
2.17234	.701687	.000000
2.17325	.701732	.000000
2.17416	.701559	.000000
2.17507	.701603	.000000
2.17598	.701438	.000000
2.1769	.701472	.000000
2.17781	.701551	.000000
2.17873	.701663	.000000
2.17964	.701623	.000000
2.18056	.701779	.000000
2.18148	.701865	.000000
2.18239	.701717	.000000
2.18331	.701450	.000000
2.18423	.701541	.000000
2.18515	.701546	.000000
2.18607	.701648	.000000
2.187	.701561	.000000
2.18792	.701576	.000000
2.18884	.701406	.000000
2.18977	.701576	.000000
2.19069	.701613	.000000
2.19162	.701625	.000000
2.19255	.701544	.000000
2.19347	.701497	.000000
2.1944	.701423	.000000
2.19533	.701549	.000000
2.19626	.701467	.000000
2.19719	.701438	.000000
2.19812	.701413	.000000
2.19906	.701774	.000000
2.19999	.701868	.000000
2.20092	.701796	.000000
2.20186	.701566	.000000
2.20279	.701574	.000000
2.20373	.701658	.000000
2.20467	.701868	.000000
2.2056	.701855	.000000
2.20654	.701759	.000000
2.20748	.701727	.000000
2.20842	.702103	.000000
2.20936	.701986	.000000
2.21031	.702026	.000000
2.21125	.702018	.000000
2.21219	.701843	.000000
2.21314	.701643	.000000
2.21408	.701789	.000000
2.21503	.701981	.000000
2.21597	.702140	.000000
2.21692	.701930	.000000
2.21787	.701892	.000000
2.21882	.701855	.000000
2.21977	.702157	.000000
2.22072	.702061	.000000
2.22167	.701979	.000000
2.22262	.702014	.000000
2.22358	.702154	.000000
2.22453	.702248	.000000
2.22548	.702404	.000000
2.22644	.702199	.000000
2.2274	.702236	.000000
2.22835	.702271	.000000
2.22931	.702214	.000000
2.23027	.702169	.000000
2.23123	.702466	.000000
2.23219	.702545	.000000
2.23315	.702767	.000000
2.23412	.702728	.000000
2.23508	.702664	.000000
2.23604	.702449	.000000
2.23701	.702446	.000000
2.23797	.702360	.000000
2.23894	.702365	.000000
2.23991	.702335	.000000
2.24087	.702493	.000000
2.24184	.702575	.000000
2.24281	.702612	.000000
2.24378	.702468	.000000
2.24476	.702560	.000000
2.24573	.702691	.000000
2.2467	.702837	.000000
2.24767	.702678	.000000
2.24865	.702696	.000000
2.24963	.702844	.000000
2.2506	.703069	.000000
2.25158	.702985	.000000
2.25256	.703113	.000000
2.25354	.703066	.000000
2.25452	.703104	.000000
2.2555	.702948	.000000
2.25648	.702950	.000000
2.25746	.703005	.000000
2.25844	.703064	.000000
2.25943	.703111	.000000
2.26041	.703195	.000000
2.2614	.703170	.000000
2.26239	.703333	.000000
2.26337	.703385	.000000
2.26436	.703430	.000000
2.26535	.703262	.000000
2.26634	.703185	.000000
2.26733	.703202	.000000
2.26832	.703482	.000000
2.26932	.703511	.000000
2.27031	.703650	.000000
2.27131	.703571	.000000
2.2723	.703469	.000000
2.2733	.703400	.000000
2.27429	.703615	.000000
2.27529	.703746	.000000
2.27629	.703897	.000000
2.27729	.703912	.000000
2.27829	.703998	.000000
2.27929	.703855	.000000
2.2803	.703882	.000000
2.2813	.703862	.000000
2.2823	.703914	.000000
2.28331	.703877	.000000
2.28432	.704025	.000000
2.28532	.703862	.000000
2.28633	.703776	.000000
2.28734	.703729	.000000
2.28835	.703974	.000000
2.28936	.704040	.000000
2.29037	.704176	.000000
2.29138	.704305	.000000
2.29239	.704438	.000000
2.29341	.704245	.000000
2.29442	.704342	.000000
2.29544	.704354	.000000
2.29646	.704337	.000000
2.29747	.704164	.000000
2.29849	.704238	.000000
2.29951	.704421	.000000
2.30053	.704535	.000000
2.30155	.704537	.000000
2.30257	.704710	.000000
2.3036	.704604	.000000
2.30462	.704629	.000000
2.30565	.704587	.000000
2.30667	.704557	.000000
2.3077	.704574	.000000
2.30873	.704807	.000000
2.30976	.704839	.000000
2.31079	.704984	.000000
2.31182	.704900	.000000
2.31285	.704945	.000000
2.31388	.705041	.000000
2.31491	.705202	.000000
2.31595	.705249	.000000
2.31698	.705439	.000000
2.31802	.705459	.000000
2.31905	.705422	.000000
2.32009	.705326	.000000
2.32113	.705412	.000000
2.32217	.705363	.000000
2.32321	.705580	.000000
2.32425	.705565	.000000
2.32529	.705516	.000000
2.32634	.705370	.000000
2.32738	.705580	.000000
2.32843	.705682	.000000
2.32947	.705654	.000000
2.33052	.705667	.000000
2.33157	.705944	.000000
2.33262	.705951	.000000
2.33367	.705946	.000000
2.33472	.705874	.000000
2.33577	.705971	.000000
2.33682	.706008	.000000
2.33788	.706025	.000000
2.33893	.706084	.000000
2.33999	.706186	.000000
2.34104	.706102	.000000
2.3421	.706107	.000000
2.34316	.706060	.000000
2.34422	.706238	.000000
2.34528	.706280	.000000
2.34634	.706309	.000000
2.3474	.706324	.000000
2.34846	.706470	.000000
2.34953	.706418	.000000
2.35059	.706556	.000000
2.35166	.706603	.000000
2.35273	.706695	.000000
2.3538	.706611	.000000
2.35487	.706603	.000000
2.35594	.706633	.000000
2.35701	.706712	.000000
2.35808	.706633	.000000
2.35915	.706643	.000000
2.36022	.706737	.000000
2.3613	.706932	.000000
2.36238	.706910	.000000
2.36345	.707041	.000000
2.36453	.707108	.000000
2.36561	.707182	.000000
2.36669	.707123	.000000
2.36777	.707145	.000000
2.36885	.707160	.000000
2.36993	.707360	.000000
2.37102	.707352	.000000
2.3721	.707449	.000000
2.37319	.707402	.000000
2.37428	.707375	.000000
2.37536	.707333	.000000
2.37645	.707365	.000000
2.37754	.707387	.000000
2.37863	.707565	.000000
2.37972	.707540	.000000
2.38082	.707646	.000000
2.38191	.707656	.000000
2.38301	.707758	.000000
2.3841	.707832	.000000
2.3852	.707936	.000000
2.3863	.707881	.000000
2.38739	.707931	.000000
2.38849	.707792	.000000
2.3896	.707765	.000000
2.3907	.707886	.000000
2.3918	.708217	.000000
2.3929	.708252	.000000
2.39401	.708168	.000000
2.39511	.708091	.000000
2.39622	.708341	.000000
2.39733	.708398	.000000
2.39844	.708437	.000000
2.39955	.708351	.000000
2.40066	.708484	.000000
2.40177	.708442	.000000
2.40288	.708341	.000000
2.404	.708494	.000000
2.40511	.708801	.000000
2.40623	.708709	.000000
2.40735	.708635	.000000
2.40847	.708672	.000000
2.40959	.708835	.000000
2.41071	.708759	.000000
2.41183	.708892	.000000
2.41295	.709045	.000000
2.41407	.709137	.000000
2.4152	.708984	.000000
2.41632	.708999	.000000
2.41745	.709008	.000000
2.41858	.709087	.000000
2.41971	.709152	.000000
2.42084	.709231	.000000
2.42197	.709095	.000000
2.4231	.709243	.000000
2.42423	.709377	.000000
2.42537	.709327	.000000
2.4265	.709191	.000000
2.42764	.709347	.000000
2.42877	.709317	.000000
2.42991	.709503	.000000
2.43105	.709518	.000000
2.43219	.709406	.000000
2.43333	.709399	.000000
2.43448	.709626	.000000
2.43562	.709718	.000000
2.43676	.709720	.000000
2.43791	.709607	.000000
2.43906	.709629	.000000
2.4402	.709629	.000000
2.44135	.709607	.000000
2.4425	.709406	.000000
2.44365	.709490	.000000
2.44481	.709527	.000000
2.44596	.709673	.000000
2.44711	.709839	.000000
2.44827	.709933	.000000
2.44943	.709888	.000000
2.45058	.709906	.000000
2.45174	.709792	.000000
2.4529	.709913	.000000
2.45406	.709923	.000000
2.45522	.710116	.000000
2.45639	.710116	.000000
2.45755	.710074	.000000
2.45872	.710128	.000000
2.45988	.710210	.000000
2.46105	.710044	.000000
2.46222	.710116	.000000
2.46339	.710187	.000000
2.46456	.710207	.000000
2.46573	.710066	.000000
2.46691	.710133	.000000
2.46808	.710313	.000000
2.46925	.710472	.000000
2.47043	.710469	.000000
2.47161	.710566	.000000
2.47279	.710570	.000000
2.47397	.710647	.000000
2.47515	.710682	.000000
2.47633	.710706	.000000
2.47751	.710578	.000000
2.4787	.710669	.000000
2.47988	.710706	.000000
2.48107	.710805	.000000
2.48226	.710813	.000000
2.48345	.710884	.000000
2.48464	.710820	.000000
2.48583	.710751	.000000
2.48702	.710711	.000000
2.48821	.710771	.000000
2.48941	.710731	.000000
2.4906	.710818	.000000
2.4918	.710741	.000000
2.493	.710879	.000000
2.4942	.710929	.000000
2.4954	.711055	.000000
2.4966	.710966	.000000
2.4978	.710912	.000000
2.499	.710931	.000000
2.50021	.711104	.000000
2.50142	.711107	.000000
2.50262	.711065	.000000
2.50383	.711052	.000000
2.50504	.711223	.000000
2.50625	.711112	.000000
2.50746	.711191	.000000
2.50868	.711211	.000000
2.50989	.711441	.000000
2.51111	.711443	.000000
2.51232	.711307	.000000
2.51354	.711285	.000000
2.51476	.711381	.000000
2.51598	.711322	.000000
2.5172	.711423	.000000
2.51842	.711431	.000000
2.51965	.711527	.000000
2.52087	.711562	.000000
2.5221	.711609	.000000
2.52333	.711520	.000000
2.52455	.711517	.000000
2.52578	.711530	.000000
2.52701	.711787	.000000
2.52825	.711804	.000000
2.52948	.711749	.000000
2.53071	.711458	.000000
2.53195	.711280	.000000
2.53319	.711356	.000000
2.53443	.711618	.000000
2.53566	.711485	.000000
2.53691	.711552	.000000
2.53815	.711745	.000000
2.53939	.711873	.000000
2.54063	.711984	.000000
2.54188	.711965	.000000
2.54313	.711680	.000000
2.54437	.711848	.000000
2.54562	.712029	.000000
2.54687	.711982	.000000
2.54813	.711799	.000000
2.54938	.712096	.000000
2.55063	.712073	.000000
2.55189	.711888	.000000
2.55314	.711979	.000000
2.5544	.712469	.000000
2.55566	.712432	.000000
2.55692	.712362	.000000
2.55818	.712451	.000000
2.55944	.712521	.000000
2.56071	.712007	.000000
2.56197	.711305	.000000
2.56324	.711062	.000000
2.56451	.711386	.000000
2.56578	.712031	.000000
2.56705	.712830	.000000
2.56832	.712815	.000000
2.56959	.712029	.000000
2.57086	.712051	.000000
2.57214	.712684	.000000
2.57342	.712068	.000000
2.57469	.712301	.000000
2.57597	.712444	.000000
2.57725	.712039	.000000
2.57853	.712587	.000000
2.57982	.713040	.000000
2.5811	.712466	.000000
2.58239	.712340	.000000
2.58367	.711774	.000000
2.58496	.711923	.000000
2.58625	.712612	.000000
2.58754	.712264	.000000
2.58883	.712291	.000000
2.59013	.712753	.000000
2.59142	.713045	.000000
2.59272	.712785	.000000
2.59401	.711213	.000000
2.59531	.709594	.000000
2.59661	.710897	.000000
2.59791	.712783	.000000
2.59921	.713635	.000000
2.60052	.713551	.000000
2.60182	.712968	.000000
2.60313	.712733	.000000
2.60444	.712182	.000000
2.60574	.711851	.000000
2.60706	.712382	.000000
2.60837	.712968	.000000
2.60968	.713121	.000000
2.61099	.713443	.000000
2.61231	.713643	.000000
2.61363	.713588	.000000
2.61494	.713539	.000000
2.61626	.712864	.000000
2.61758	.712350	.000000
2.61891	.712956	.000000
2.62023	.712590	.000000
2.62155	.713000	.000000
2.62288	.714016	.000000
2.62421	.714174	.000000
2.62554	.713608	.000000
2.62687	.712827	.000000
2.6282	.713257	.000000
2.62953	.713153	.000000
2.63086	.712414	.000000
2.6322	.713242	.000000
2.63354	.713670	.000000
2.63487	.713848	.000000
2.63621	.714266	.000000
2.63756	.714426	.000000
2.6389	.714518	.000000
2.64024	.714572	.000000
2.64159	.714278	.000000
2.64293	.714174	.000000
2.64428	.714209	.000000
2.64563	.713855	.000000
2.64698	.713887	.000000
2.64833	.714315	.000000
2.64968	.714397	.000000
2.65104	.714130	.000000
2.6524	.713494	.000000
2.65375	.713504	.000000
2.65511	.713598	.000000
2.65647	.713742	.000000
2.65783	.713972	.000000
2.6592	.713499	.000000
2.66056	.713017	.000000
2.66193	.712993	.000000
2.66329	.713146	.000000
2.66466	.712400	.000000
2.66603	.710944	.000000
2.6674	.710647	.000000
2.66878	.711258	.000000
2.67015	.710170	.000000
2.67153	.709888	.000000
2.6729	.711374	.000000
2.67428	.711636	.000000
2.67566	.710949	.000000
2.67704	.709846	.000000
2.67843	.709834	.000000
2.67981	.709827	.000000
2.6812	.710452	.000000
2.68258	.710603	.000000
2.68397	.710395	.000000
2.68536	.710056	.000000
2.68675	.709760	.000000
2.68815	.709738	.000000
2.68954	.709824	.000000
2.69094	.709468	.000000
2.69233	.708694	.000000
2.69373	.707288	.000000
2.69513	.706673	.000000
2.69653	.706801	.000000
2.69794	.707249	.000000
2.69934	.707345	.000000
2.70075	.706663	.000000
2.70215	.706005	.000000
2.70356	.706124	.000000
2.70497	.705837	.000000
2.70638	.705575	.000000
2.7078	.704656	.000000
2.70921	.703417	.000000
2.71063	.702266	.000000
2.71205	.702147	.000000
2.71347	.702762	.000000
2.71489	.702891	.000000
2.71631	.702584	.000000
2.71773	.702201	.000000
2.71916	.701225	.000000
2.72058	.699364	.000000
2.72201	.699465	.000000
2.72344	.699967	.000000
2.72487	.699015	.000000
2.7263	.699465	.000000
2.72774	.700150	.000000
2.72917	.700340	.000000
2.73061	.699955	.000000
2.73205	.699502	.000000
2.73349	.698701	.000000
2.73493	.697419	.000000
2.73638	.696722	.000000
2.73782	.696128	.000000
2.73927	.694030	.000000
2.74071	.692258	.000000
2.74216	.691818	.000000
2.74361	.692090	.000000
2.74507	.691630	.000000
2.74652	.690627	.000000
2.74798	.689148	.000000
2.74943	.687673	.000000
2.75089	.686222	.000000
2.75235	.684781	.000000
2.75381	.682917	.000000
2.75528	.679986	.000000
2.75674	.678253	.000000
2.75821	.678090	.000000
2.75968	.677114	.000000
2.76115	.675356	.000000
2.76262	.672961	.000000
2.76409	.671167	.000000
2.76556	.669889	.000000
2.76704	.668322	.000000
2.76852	.666552	.000000
2.76999	.665089	.000000
2.77148	.663327	.000000
2.77296	.662234	.000000
2.77444	.661330	.000000
2.77593	.660037	.000000
2.77741	.658346	.000000
2.7789	.657049	.000000
2.78039	.655625	.000000
2.78188	.654293	.000000
2.78338	.653188	.000000
2.78487	.652273	.000000
2.78637	.650788	.000000
2.78787	.649461	.000000
2.78937	.648806	.000000
2.79087	.648230	.000000
2.79237	.647150	.000000
2.79387	.646104	.000000
2.79538	.645078	.000000
2.79689	.644201	.000000
2.7984	.643326	.000000
2.79991	.642565	.000000
2.80142	.641423	.000000
2.80294	.640091	.000000
2.80445	.639161	.000000
2.80597	.638877	.000000
2.80749	.638215	.000000
2.80901	.637500	.000000
2.81053	.636855	.000000
2.81206	.636237	.000000
2.81358	.635491	.000000
2.81511	.634833	.000000
2.81664	.634230	.000000
2.81817	.633622	.000000
2.8197	.632881	.000000
2.82124	.632241	.000000
2.82277	.631682	.000000
2.82431	.631277	.000000
2.82585	.630750	.000000
2.82739	.630164	.000000
2.82893	.629398	.000000
2.83048	.628926	.000000
2.83202	.628360	.000000
2.83357	.627745	.000000
2.83512	.627075	.000000
2.83667	.626543	.000000
2.83822	.625866	.000000
2.83978	.625387	.000000
2.84133	.624828	.000000
2.84289	.624428	.000000
2.84445	.623792	.000000
2.84601	.623130	.000000
2.84757	.622463	.000000
2.84914	.621820	.000000
2.8507	.621071	.000000
2.85227	.620498	.000000
2.85384	.619694	.000000
2.85541	.619052	.000000
2.85699	.618552	.000000
2.85856	.618063	.000000
2.86014	.617307	.000000
2.86172	.616479	.000000
2.8633	.615819	.000000
2.86488	.615364	.000000
2.86646	.614655	.000000
2.86805	.613901	.000000
2.86963	.613184	.000000
2.87122	.612489	.000000
2.87281	.611693	.000000
2.87441	.611179	.000000
2.876	.610534	.000000
2.8776	.609879	.000000
2.87919	.609232	.000000
2.88079	.608592	.000000
2.8824	.607927	.000000
2.884	.607316	.000000
2.8856	.606567	.000000
2.88721	.605925	.000000
2.88882	.605302	.000000
2.89043	.604755	.000000
2.89204	.604165	.000000
2.89366	.603623	.000000
2.89527	.602968	.000000
2.89689	.602489	.000000
2.89851	.601997	.000000
2.90013	.601270	.000000
2.90175	.600536	.000000
2.90338	.600037	.000000
2.905	.599501	.000000
2.90663	.599021	.000000
2.90826	.598411	.000000
2.90989	.597847	.000000
2.91153	.597242	.000000
2.91316	.596826	.000000
2.9148	.596389	.000000
2.91644	.595954	.000000
2.91808	.595437	.000000
2.91972	.595005	.000000
2.92137	.594500	.000000
2.92302	.593947	.000000
2.92466	.593477	.000000
2.92631	.593260	.000000
2.92797	.592822	.000000
2.92962	.592377	.000000
2.93128	.591878	.000000
2.93294	.591455	.000000
2.93459	.591045	.000000
2.93626	.590731	.000000
2.93792	.590279	.000000
2.93959	.589901	.000000
2.94125	.589542	.000000
2.94292	.589275	.000000
2.94459	.588954	.000000
2.94627	.588704	.000000
2.94794	.588358	.000000
2.94962	.588180	.000000
2.9513	.587943	.000000
2.95298	.587728	.000000
2.95466	.587454	.000000
2.95634	.587291	.000000
2.95803	.587118	.000000
2.95972	.586952	.000000
2.96141	.586742	.000000
2.9631	.586571	.000000
2.9648	.586292	.000000
2.96649	.586173	.000000
2.96819	.586013	.000000
2.96989	.585850	.000000
2.97159	.585763	.000000
2.9733	.585830	.000000
2.975	.585761	.000000
2.97671	.585721	.000000
2.97842	.585570	.000000
2.98013	.585509	.000000
2.98184	.585424	.000000
2.98356	.585340	.000000
2.98528	.585335	.000000
2.987	.585459	.000000
2.98872	.585313	.000000
2.99044	.585229	.000000
2.99217	.585323	.000000
2.9939	.585422	.000000
2.99563	.585313	.000000
2.99736	.585407	.000000
2.99909	.585523	.000000
3.00083	.585588	.000000
3.00256	.585553	.000000
3.0043	.585632	.000000
3.00604	.585588	.000000
3.00779	.585588	.000000
3.00953	.585654	.000000
3.01128	.585716	.000000
3.01303	.585704	.000000
3.01478	.585790	.000000
3.01654	.585859	.000000
3.01829	.585951	.000000
3.02005	.585941	.000000
3.02181	.585939	.000000
3.02357	.585904	.000000
3.02534	.585914	.000000
3.0271	.585956	.000000
3.02887	.586159	.000000
3.03064	.586193	.000000
3.03241	.586240	.000000
3.03419	.586233	.000000
3.03596	.586213	.000000
3.03774	.586223	.000000
3.03952	.586302	.000000
3.04131	.586294	.000000
3.04309	.586465	.000000
3.04488	.586566	.000000
3.04667	.586554	.000000
3.04846	.586547	.000000
3.05025	.586606	.000000
3.05205	.586495	.000000
3.05384	.586492	.000000
3.05564	.586485	.000000
3.05745	.586519	.000000
3.05925	.586549	.000000
3.06105	.586680	.000000
3.06286	.586732	.000000
3.06467	.586752	.000000
3.06649	.586663	.000000
3.0683	.586720	.000000
3.07012	.586762	.000000
3.07194	.586828	.000000
3.07376	.586851	.000000
3.07558	.586969	.000000
3.0774	.586987	.000000
3.07923	.586989	.000000
3.08106	.587019	.000000
3.08289	.587172	.000000
3.08473	.587281	.000000
3.08656	.587436	.000000
3.0884	.587427	.000000
3.09024	.587518	.000000
3.09209	.587585	.000000
3.09393	.587778	.000000
3.09578	.587941	.000000
3.09763	.588084	.000000
3.09948	.588124	.000000
3.10133	.588230	.000000
3.10319	.588309	.000000
3.10505	.588467	.000000
3.10691	.588635	.000000
3.10877	.588880	.000000
3.11063	.589021	.000000
3.1125	.589157	.000000
3.11437	.589409	.000000
3.11624	.589698	.000000
3.11812	.589799	.000000
3.11999	.590000	.000000
3.12187	.590229	.000000
3.12375	.590454	.000000
3.12563	.590608	.000000
3.12752	.590813	.000000
3.12941	.591040	.000000
3.1313	.591310	.000000
3.13319	.591431	.000000
3.13508	.591628	.000000
3.13698	.591878	.000000
3.13888	.592172	.000000
3.14078	.592412	.000000
3.14268	.592701	.000000
3.14459	.592933	.000000
3.1465	.593242	.000000
3.14841	.593448	.000000
3.15032	.593705	.000000
3.15224	.593900	.000000
3.15415	.594145	.000000
3.15607	.594389	.000000
3.15799	.594728	.000000
3.15992	.594965	.000000
3.16185	.595247	.000000
3.16377	.595583	.000000
3.16571	.595971	.000000
3.16764	.596186	.000000
3.16958	.596470	.000000
3.17151	.596713	.000000
3.17345	.597064	.000000
3.1754	.597395	.000000
3.17734	.597835	.000000
3.17929	.598275	.000000
3.18124	.598638	.000000
3.1832	.598885	.000000
3.18515	.599145	.000000
3.18711	.599446	.000000
3.18907	.599866	.000000
3.19103	.600180	.000000
3.193	.600551	.000000
3.19496	.600944	.000000
3.19693	.601369	.000000
3.19891	.601747	.000000
3.20088	.602215	.000000
3.20286	.602484	.000000
3.20484	.602706	.000000
3.20682	.603048	.000000
3.2088	.603408	.000000
3.21079	.603804	.000000
3.21278	.604422	.000000
3.21477	.604810	.000000
3.21677	.605094	.000000
3.21876	.605485	.000000
3.22076	.606023	.000000
3.22276	.606414	.000000
3.22477	.606792	.000000
3.22677	.607136	.000000
3.22878	.607595	.000000
3.23079	.608055	.000000
3.23281	.608512	.000000
3.23482	.608868	.000000
3.23684	.609259	.000000
3.23887	.609647	.000000
3.24089	.610015	.000000
3.24292	.610391	.000000
3.24495	.610843	.000000
3.24698	.611095	.000000
3.24901	.611506	.000000
3.25105	.612010	.000000
3.25309	.612534	.000000
3.25513	.612905	.000000
3.25718	.613263	.000000
3.25922	.613599	.000000
3.26127	.614056	.000000
3.26333	.614521	.000000
3.26538	.615038	.000000
3.26744	.615487	.000000
3.2695	.615930	.000000
3.27156	.616254	.000000
3.27363	.616639	.000000
3.27569	.617013	.000000
3.27777	.617438	.000000
3.27984	.617841	.000000
3.28191	.618315	.000000
3.28399	.618649	.000000
3.28607	.619042	.000000
3.28816	.619440	.000000
3.29024	.619907	.000000
3.29233	.620312	.000000
3.29442	.620713	.000000
3.29652	.620982	.000000
3.29862	.621427	.000000
3.30072	.621929	.000000
3.30282	.622423	.000000
3.30492	.622759	.000000
3.30703	.623194	.000000
3.30914	.623609	.000000
3.31125	.623965	.000000
3.31337	.624329	.000000
3.31549	.624727	.000000
3.31761	.625021	.000000
3.31973	.625394	.000000
3.32186	.625797	.000000
3.32399	.626323	.000000
3.32612	.626721	.000000
3.32826	.627174	.000000
3.33039	.627525	.000000
3.33253	.627913	.000000
3.33468	.628152	.000000
3.33682	.628417	.000000
3.33897	.628733	.000000
3.34112	.628993	.000000
3.34328	.629255	.000000
3.34544	.629623	.000000
3.34759	.629870	.000000
3.34976	.630187	.000000
3.35192	.630407	.000000
3.35409	.630612	.000000
3.35626	.630839	.000000
3.35843	.631074	.000000
3.36061	.631106	.000000
3.36279	.631205	.000000
3.36497	.631257	.000000
3.36716	.631363	.000000
3.36935	.631474	.000000
3.37154	.631719	.000000
3.37373	.631998	.000000
3.37593	.632374	.000000
3.37813	.632863	.000000
3.38033	.633632	.000000
3.38253	.634272	.000000
3.38474	.634818	.000000
3.38695	.635246	.000000
3.38917	.635642	.000000
3.39138	.635906	.000000
3.3936	.636062	.000000
3.39582	.636146	.000000
3.39805	.636301	.000000
3.40028	.636428	.000000
3.40251	.636586	.000000
3.40474	.636697	.000000
3.40698	.636872	.000000
3.40922	.637100	.000000
3.41146	.637416	.000000
3.41371	.637745	.000000
3.41596	.638244	.000000
3.41821	.638731	.000000
3.42046	.639361	.000000
3.42272	.639955	.000000
3.42498	.640558	.000000
3.42725	.641057	.000000
3.42951	.641519	.000000
3.43178	.641939	.000000
3.43405	.642572	.000000
3.43633	.643099	.000000
3.43861	.643598	.000000
3.44089	.644105	.000000
3.44318	.644577	.000000
3.44546	.645036	.000000
3.44775	.645560	.000000
3.45005	.645924	.000000
3.45235	.646272	.000000
3.45465	.646650	.000000
3.45695	.647103	.000000
3.45925	.647409	.000000
3.46156	.647780	.000000
3.46388	.648104	.000000
3.46619	.648341	.000000
3.46851	.648475	.000000
3.47083	.648771	.000000
3.47316	.649070	.000000
3.47548	.649426	.000000
3.47782	.649718	.000000
3.48015	.650034	.000000
3.48249	.650452	.000000
3.48483	.650847	.000000
3.48717	.651020	.000000
3.48952	.651183	.000000
3.49187	.651327	.000000
3.49422	.651510	.000000
3.49658	.651623	.000000
3.49893	.651982	.000000
3.5013	.652397	.000000
3.50366	.652946	.000000
3.50603	.653519	.000000
3.5084	.654085	.000000
3.51078	.654570	.000000
3.51316	.655138	.000000
3.51554	.655670	.000000
3.51792	.656189	.000000
3.52031	.656567	.000000
3.5227	.656920	.000000
3.5251	.657296	.000000
3.5275	.657696	.000000
3.5299	.657976	.000000
3.5323	.658329	.000000
3.53471	.658581	.000000
3.53712	.658947	.000000
3.53954	.659231	.000000
3.54195	.659523	.000000
3.54438	.659775	.000000
3.5468	.660030	.000000
3.54923	.660262	.000000
3.55166	.660549	.000000
3.55409	.660761	.000000
3.55653	.661023	.000000
3.55897	.661204	.000000
3.56142	.661493	.000000
3.56386	.661728	.000000
3.56631	.661948	.000000
3.56877	.662076	.000000
3.57123	.662299	.000000
3.57369	.662457	.000000
3.57615	.662729	.000000
3.57862	.662944	.000000
3.58109	.663102	.000000
3.58357	.663183	.000000
3.58604	.663364	.000000
3.58853	.663544	.000000
3.59101	.663715	.000000
3.5935	.663861	.000000
3.59599	.664083	.000000
3.59849	.664177	.000000
3.60099	.664313	.000000
3.60349	.664350	.000000
3.60599	.664508	.000000
3.6085	.664659	.000000
3.61102	.664817	.000000
3.61353	.664822	.000000
3.61605	.664938	.000000
3.61858	.664998	.000000
3.6211	.665097	.000000
3.62363	.665173	.000000
3.62617	.665267	.000000
3.62871	.665287	.000000
3.63125	.665408	.000000
3.63379	.665440	.000000
3.63634	.665507	.000000
3.63889	.665514	.000000
3.64145	.665618	.000000
3.644	.665628	.000000
3.64657	.665668	.000000
3.64913	.665697	.000000
3.6517	.665794	.000000
3.65428	.665789	.000000
3.65685	.665813	.000000
3.65943	.665831	.000000
3.66202	.665902	.000000
3.66461	.665845	.000000
3.6672	.665841	.000000
3.66979	.665818	.000000
3.67239	.665865	.000000
3.675	.665831	.000000
3.6776	.665907	.000000
3.68021	.665848	.000000
3.68283	.665769	.000000
3.68544	.665675	.000000
3.68806	.665754	.000000
3.69069	.665742	.000000
3.69332	.665692	.000000
3.69595	.665593	.000000
3.69859	.665591	.000000
3.70123	.665502	.000000
3.70387	.665460	.000000
3.70652	.665349	.000000
3.70917	.665279	.000000
3.71182	.665126	.000000
3.71448	.665064	.000000
3.71715	.664877	.000000
3.71981	.664723	.000000
3.72248	.664605	.000000
3.72516	.664535	.000000
3.72783	.664358	.000000
3.73052	.664199	.000000
3.7332	.663987	.000000
3.73589	.663846	.000000
3.73859	.663628	.000000
3.74128	.663455	.000000
3.74398	.663203	.000000
3.74669	.662983	.000000
3.7494	.662701	.000000
3.75211	.662556	.000000
3.75483	.662304	.000000
3.75755	.662024	.000000
3.76027	.661696	.000000
3.763	.661443	.000000
3.76574	.661085	.000000
3.76847	.660779	.000000
3.77121	.660465	.000000
3.77396	.660195	.000000
3.77671	.659854	.000000
3.77946	.659614	.000000
3.78222	.659224	.000000
3.78498	.658875	.000000
3.78774	.658463	.000000
3.79051	.658126	.000000
3.79328	.657716	.000000
3.79606	.657355	.000000
3.79884	.656908	.000000
3.80163	.656569	.000000
3.80441	.656169	.000000
3.80721	.655793	.000000
3.81001	.655341	.000000
3.81281	.654931	.000000
3.81561	.654449	.000000
3.81842	.654046	.000000
3.82124	.653564	.000000
3.82405	.653208	.000000
3.82688	.652753	.000000
3.8297	.652362	.000000
3.83253	.651871	.000000
3.83537	.651487	.000000
3.83821	.651018	.000000
3.84105	.650573	.000000
3.8439	.650064	.000000
3.84675	.649616	.000000
3.8496	.649164	.000000
3.85246	.648722	.000000
3.85533	.648185	.000000
3.8582	.647731	.000000
3.86107	.647192	.000000
3.86395	.646789	.000000
3.86683	.646319	.000000
3.86971	.645852	.000000
3.8726	.645279	.000000
3.8755	.644821	.000000
3.8784	.644325	.000000
3.8813	.643850	.000000
3.88421	.643333	.000000
3.88712	.642864	.000000
3.89004	.642362	.000000
3.89296	.641885	.000000
3.89588	.641292	.000000
3.89881	.640795	.000000
3.90174	.640288	.000000
3.90468	.639873	.000000
3.90762	.639337	.000000
3.91057	.638862	.000000
3.91352	.638326	.000000
3.91648	.637864	.000000
3.91944	.637352	.000000
3.9224	.636922	.000000
3.92537	.636376	.000000
3.92835	.635866	.000000
3.93132	.635318	.000000
3.93431	.634895	.000000
3.93729	.634386	.000000
3.94029	.633877	.000000
3.94328	.633321	.000000
3.94628	.632851	.000000
3.94929	.632334	.000000
3.9523	.631875	.000000
3.95531	.631301	.000000
3.95833	.630804	.000000
3.96136	.630189	.000000
3.96439	.629690	.000000
3.96742	.629178	.000000
3.97046	.628746	.000000
3.9735	.628212	.000000
3.97655	.627725	.000000
3.9796	.627176	.000000
3.98265	.626679	.000000
3.98572	.626116	.000000
3.98878	.625644	.000000
3.99185	.625055	.000000
3.99493	.624554	.000000
3.99801	.623968	.000000
4.00109	.623478	.000000
4.00418	.622898	.000000
4.00728	.622356	.000000
4.01038	.621758	.000000
4.01348	.621224	.000000
4.01659	.620609	.000000
4.0197	.620095	.000000
4.02282	.619514	.000000
4.02594	.618945	.000000
4.02907	.618261	.000000
4.0322	.617655	.000000
4.03534	.617017	.000000
4.03849	.616439	.000000
4.04163	.615782	.000000
4.04479	.615151	.000000
4.04794	.614442	.000000
4.05111	.613859	.000000
4.05427	.613186	.000000
4.05745	.612588	.000000
4.06062	.611884	.000000
4.0638	.611258	.000000
4.06699	.610589	.000000
4.07018	.609936	.000000
4.07338	.609227	.000000
4.07658	.608641	.000000
4.07979	.607951	.000000
4.083	.607309	.000000
4.08622	.606577	.000000
4.08944	.605954	.000000
4.09267	.605235	.000000
4.0959	.604573	.000000
4.09914	.603801	.000000
4.10238	.603077	.000000
4.10563	.602252	.000000
4.10889	.601547	.000000
4.11214	.600749	.000000
4.11541	.600002	.000000
4.11868	.599155	.000000
4.12195	.598356	.000000
4.12523	.597489	.000000
4.12851	.596742	.000000
4.1318	.595860	.000000
4.1351	.594938	.000000
4.1384	.593930	.000000
4.1417	.592988	.000000
4.14502	.591950	.000000
4.14833	.590951	.000000
4.15165	.589794	.000000
4.15498	.588650	.000000
4.15831	.587397	.000000
4.16165	.586193	.000000
4.16499	.584854	.000000
4.16834	.583590	.000000
4.17169	.582194	.000000
4.17505	.580788	.000000
4.17842	.579235	.000000
4.18179	.577723	.000000
4.18516	.576099	.000000
4.18854	.574455	.000000
4.19193	.572626	.000000
4.19532	.570824	.000000
4.19871	.568919	.000000
4.20212	.567013	.000000
4.20553	.564890	.000000
4.20894	.562776	.000000
4.21236	.560510	.000000
4.21578	.558226	.000000
4.21921	.555804	.000000
4.22265	.553458	.000000
4.22609	.550992	.000000
4.22954	.548592	.000000
4.23299	.546209	.000000
4.23645	.543942	.000000
4.23991	.541592	.000000
4.24338	.539451	.000000
4.24686	.537219	.000000
4.25034	.535096	.000000
4.25383	.532906	.000000
4.25732	.530642	.000000
4.26082	.527921	.000000
4.26432	.525027	.000000
4.26783	.522098	.000000
4.27135	.519322	.000000
4.27487	.516499	.000000
4.27839	.513859	.000000
4.28193	.511096	.000000
4.28547	.508424	.000000
4.28901	.505713	.000000
4.29256	.503095	.000000
4.29612	.500349	.000000
4.29968	.497769	.000000
4.30325	.495092	.000000
4.30682	.492470	.000000
4.3104	.489783	.000000
4.31399	.487185	.000000
4.31758	.484548	.000000
4.32118	.482047	.000000
4.32478	.479461	.000000
4.32839	.476933	.000000
4.33201	.474290	.000000
4.33563	.471742	.000000
4.33926	.469134	.000000
4.34289	.466574	.000000
4.34653	.463941	.000000
4.35018	.461440	.000000
4.35383	.458902	.000000
4.35749	.456430	.000000
4.36115	.453864	.000000
4.36482	.451422	.000000
4.3685	.448938	.000000
4.37218	.446479	.000000
4.37588	.443928	.000000
4.37957	.441491	.000000
4.38327	.438982	.000000
4.38698	.436523	.000000
4.3907	.434027	.000000
4.39442	.431647	.000000
4.39814	.429180	.000000
4.40188	.426758	.000000
4.40562	.424229	.000000
4.40936	.421802	.000000
4.41311	.419328	.000000
4.41687	.416923	.000000
4.42064	.414424	.000000
4.42441	.412034	.000000
4.42819	.409540	.000000
4.43197	.407123	.000000
4.43577	.404631	.000000
4.43956	.402184	.000000
4.44337	.399646	.000000
4.44718	.397157	.000000
4.451	.394576	.000000
4.45482	.392095	.000000
4.45865	.389537	.000000
4.46249	.386996	.000000
4.46633	.384351	.000000
4.47018	.381837	.000000
4.47404	.379279	.000000
4.4779	.376746	.000000
4.48177	.374056	.000000
4.48565	.371451	.000000
4.48953	.368802	.000000
4.49342	.366154	.000000
4.49732	.363426	.000000
4.50122	.360741	.000000
4.50513	.357983	.000000
4.50905	.355333	.000000
4.51298	.352627	.000000
4.51691	.349975	.000000
4.52084	.347202	.000000
4.52479	.344488	.000000
4.52874	.341687	.000000
4.5327	.338949	.000000
4.53667	.336106	.000000
4.54064	.333340	.000000
4.54462	.330547	.000000
4.5486	.327829	.000000
4.5526	.324994	.000000
4.5566	.322198	.000000
4.56061	.319361	.000000
4.56462	.316607	.000000
4.56864	.313767	.000000
4.57267	.311001	.000000
4.57671	.308166	.000000
4.58075	.305453	.000000
4.5848	.302650	.000000
4.58886	.299970	.000000
4.59292	.297256	.000000
4.59699	.294560	.000000
4.60107	.291856	.000000
4.60516	.289199	.000000
4.60925	.286522	.000000
4.61335	.283974	.000000
4.61746	.281361	.000000
4.62158	.278862	.000000
4.6257	.276321	.000000
4.62983	.273835	.000000
4.63396	.271358	.000000
4.63811	.268963	.000000
4.64226	.266548	.000000
4.64642	.264242	.000000
4.65059	.261914	.000000
4.65476	.259689	.000000
4.65895	.257453	.000000
4.66314	.255307	.000000
4.66733	.253174	.000000
4.67154	.251095	.000000
4.67575	.249002	.000000
4.67997	.247010	.000000
4.6842	.244985	.000000
4.68843	.243114	.000000
4.69267	.241201	.000000
4.69693	.239367	.000000
4.70118	.237558	.000000
4.70545	.235820	.000000
4.70972	.234080	.000000
4.71401	.232412	.000000
4.7183	.230706	.000000
4.72259	.229162	.000000
4.7269	.227644	.000000
4.73121	.226131	.000000
4.73553	.224587	.000000
4.73986	.223146	.000000
4.7442	.221727	.000000
4.74854	.220400	.000000
4.75289	.219020	.000000
4.75725	.217762	.000000
4.76162	.216465	.000000
4.766	.215194	.000000
4.77038	.213953	.000000
4.77477	.212802	.000000
4.77917	.211613	.000000
4.78358	.210513	.000000
4.788	.209371	.000000
4.79243	.208325	.000000
4.79686	.207275	.000000
4.8013	.206242	.000000
4.80575	.205144	.000000
4.81021	.204124	.000000
4.81467	.203071	.000000
4.81915	.202102	.000000
4.82363	.201123	.000000
4.82812	.200218	.000000
4.83262	.199247	.000000
4.83713	.198325	.000000
4.84165	.197396	.000000
4.84617	.196563	.000000
4.85071	.195636	.000000
4.85525	.194751	.000000
4.8598	.193827	.000000
4.86436	.192979	.000000
4.86892	.192111	.000000
4.8735	.191256	.000000
4.87808	.190356	.000000
4.88268	.189573	.000000
4.88728	.188708	.000000
4.89189	.187815	.000000
4.89651	.186896	.000000
4.90114	.186061	.000000
4.90577	.185158	.000000
4.91042	.184276	.000000
4.91507	.183361	.000000
4.91974	.182482	.000000
4.92441	.181523	.000000
4.92909	.180645	.000000
4.93378	.179661	.000000
4.93848	.178680	.000000
4.94319	.177672	.000000
4.94791	.176713	.000000
4.95263	.175652	.000000
4.95737	.174570	.000000
4.96211	.173462	.000000
4.96686	.172424	.000000
4.97162	.171201	.000000
4.9764	.170024	.000000
4.98118	.168818	.000000
4.98596	.167575	.000000
4.99076	.166260	.000000
4.99557	.164947	.000000
5.00039	.163521	.000000
5.00521	.162177	.000000
5.01005	.160746	.000000
5.0149	.159290	.000000
5.01975	.157750	.000000
5.02461	.156237	.000000
5.02949	.154670	.000000
5.03437	.153098	.000000
5.03926	.151494	.000000
5.04416	.149925	.000000
5.04908	.148288	.000000
5.054	.146679	.000000
5.05893	.145038	.000000
5.06387	.143446	.000000
5.06882	.141736	.000000
5.07378	.140055	.000000
5.07875	.138365	.000000
5.08373	.136704	.000000
5.08872	.135020	.000000
5.09372	.133374	.000000
5.09872	.131674	.000000
5.10374	.129986	.000000
5.10877	.128310	.000000
5.11381	.126659	.000000
5.11886	.124983	.000000
5.12391	.123339	.000000
5.12898	.121666	.000000
5.13406	.120136	.000000
5.13915	.118581	.000000
5.14425	.116994	.000000
5.14935	.115408	.000000
5.15447	.113910	.000000
5.1596	.112377	.000000
5.16474	.110897	.000000
5.16989	.109416	.000000
5.17505	.108035	.000000
5.18022	.106618	.000000
5.1854	.105274	.000000
5.19059	.103885	.000000
5.19579	.102565	.000000
5.201	.101270	.000000
5.20623	.100086	.000000
5.21146	.098845	.000000
5.2167	.097654	.000000
5.22195	.096484	.000000
5.22722	.095392	.000000
5.23249	.094248	.000000
5.23778	.093148	.000000
5.24307	.092107	.000000
5.24838	.091106	.000000
5.2537	.090098	.000000
5.25903	.089171	.000000
5.26436	.088199	.000000
5.26971	.087272	.000000
5.27508	.086343	.000000
5.28045	.085503	.000000
5.28583	.084625	.000000
5.29122	.083748	.000000
5.29663	.082890	.000000
5.30204	.082104	.000000
5.30747	.081294	.000000
5.31291	.080483	.000000
5.31836	.079665	.000000
5.32382	.078921	.000000
5.32929	.078167	.000000
5.33477	.077401	.000000
5.34027	.076565	.000000
5.34577	.075764	.000000
5.35129	.074959	.000000
5.35682	.074254	.000000
5.36236	.073525	.000000
5.36791	.072813	.000000
5.37347	.072077	.000000
5.37904	.071377	.000000
5.38463	.070712	.000000
5.39023	.070050	.000000
5.39584	.069345	.000000
5.40146	.068720	.000000
5.40709	.068085	.000000
5.41273	.067492	.000000
5.41839	.066839	.000000
5.42406	.066216	.000000
5.42974	.065682	.000000
5.43543	.065178	.000000
5.44113	.064607	.000000
5.44684	.064063	.000000
5.45257	.063537	.000000
5.45831	.063053	.000000
5.46406	.062516	.000000
5.46983	.062029	.000000
5.4756	.061520	.000000
5.48139	.061110	.000000
5.48719	.060734	.000000
5.49301	.060316	.000000
5.49883	.059857	.000000
5.50467	.059382	.000000
5.51052	.058974	.000000
5.51638	.058594	.000000
5.52225	.058109	.000000
5.52814	.057657	.000000
5.53404	.057217	.000000
5.53995	.056802	.000000
5.54588	.056401	.000000
5.55182	.055981	.000000
5.55777	.055502	.000000
5.56373	.055076	.000000
5.5697	.054683	.000000
5.57569	.054248	.000000
5.5817	.053769	.000000
5.58771	.053438	.000000
5.59374	.053121	.000000
5.59978	.052746	.000000
5.60583	.052323	.000000
5.6119	.051950	.000000
5.61798	.051609	.000000
5.62407	.051307	.000000
5.63018	.050909	.000000
5.6363	.050506	.000000
5.64243	.050113	.000000
5.64858	.049844	.000000
5.65474	.049570	.000000
5.66091	.049278	.000000
5.6671	.048944	.000000
5.6733	.048606	.000000
5.67951	.048329	.000000
5.68574	.048057	.000000
5.69198	.047723	.000000
5.69824	.047456	.000000
5.7045	.047157	.000000
5.71079	.046814	.000000
5.71708	.046502	.000000
5.72339	.046282	.000000
5.72972	.046042	.000000
5.73605	.045748	.000000
5.74241	.045407	.000000
5.74877	.045133	.000000
5.75515	.044888	.000000
5.76155	.044540	.000000
5.76796	.044132	.000000
5.77438	.043877	.000000
5.78082	.043605	.000000
5.78727	.043333	.000000
5.79374	.043057	.000000
5.80022	.042787	.000000
5.80671	.042486	.000000
5.81322	.042140	.000000
5.81975	.041761	.000000
5.82628	.041462	.000000
5.83284	.041168	.000000
5.83941	.040929	.000000
5.84599	.040622	.000000
5.85259	.040303	.000000
5.8592	.039997	.000000
5.86583	.039703	.000000
5.87247	.039411	.000000
5.87913	.039008	.000000
5.8858	.038771	.000000
5.89249	.038551	.000000
5.89919	.038264	.000000
5.90591	.038160	.000000
5.91265	.037972	.000000
5.9194	.037750	.000000
5.92616	.037565	.000000
5.93294	.037345	.000000
5.93974	.037127	.000000
5.94655	.037070	.000000
5.95338	.036937	.000000
5.96022	.036803	.000000
5.96708	.036598	.000000
5.97395	.036467	.000000
5.98084	.036339	.000000
5.98775	.036215	.000000
5.99467	.036126	.000000
6.00161	.036017	.000000
6.00856	.035899	.000000
6.01553	.035810	.000000
6.02252	.035708	.000000
6.02952	.035607	.000000
6.03654	.035518	.000000
6.04358	.035323	.000000
6.05063	.035152	.000000
6.0577	.035256	.000000
6.06478	.035226	.000000
6.07188	.035078	.000000
6.079	.034957	.000000
6.08614	.034940	.000000
6.09329	.034870	.000000
6.10046	.034806	.000000
6.10764	.034628	.000000
6.11484	.034480	.000000
6.12206	.034512	.000000
6.1293	.034465	.000000
6.13655	.034346	.000000
6.14382	.034307	.000000
6.15111	.034181	.000000
6.15842	.034037	.000000
6.16574	.033981	.000000
6.17308	.033921	.000000
6.18044	.033798	.000000
6.18781	.033746	.000000
6.19521	.033719	.000000
6.20262	.033689	.000000
6.21005	.033615	.000000
6.21749	.033528	.000000
6.22495	.033467	.000000
6.23244	.033410	.000000
6.23994	.033326	.000000
6.24745	.033219	.000000
6.25499	.033155	.000000
6.26254	.033155	.000000
6.27012	.033113	.000000
6.27771	.033069	.000000
6.28532	.033046	.000000
6.29294	.033019	.000000
6.30059	.032962	.000000
6.30825	.032901	.000000
6.31594	.032861	.000000
6.32364	.032876	.000000
6.33136	.032901	.000000
6.3391	.032816	.000000
6.34686	.032742	.000000
6.35464	.032809	.000000
6.36243	.032779	.000000
6.37025	.032703	.000000
6.37809	.032735	.000000
6.38594	.032777	.000000
6.39382	.032774	.000000
6.40171	.032715	.000000
6.40962	.032532	.000000
6.41756	.032503	.000000
6.42551	.032589	.000000
6.43348	.032554	.000000
6.44147	.032547	.000000
6.44948	.032554	.000000
6.45751	.032545	.000000
6.46557	.032500	.000000
6.47364	.032369	.000000
6.48173	.032317	.000000
6.48984	.032246	.000000
6.49797	.032189	.000000
6.50613	.032223	.000000
6.5143	.032154	.000000
6.52249	.032087	.000000
6.53071	.032110	.000000
6.53894	.032053	.000000
6.5472	.031929	.000000
6.55548	.031815	.000000
6.56378	.031746	.000000
6.5721	.031598	.000000
6.58044	.031588	.000000
6.5888	.031531	.000000
6.59718	.031467	.000000
6.60558	.031383	.000000
6.61401	.031291	.000000
6.62246	.031200	.000000
6.63092	.031062	.000000
6.63941	.030933	.000000
6.64793	.030936	.000000
6.65646	.030879	.000000
6.66501	.030785	.000000
6.67359	.030693	.000000
6.68219	.030587	.000000
6.69081	.030535	.000000
6.69946	.030503	.000000
6.70813	.030402	.000000
6.71681	.030332	.000000
6.72552	.030239	.000000
6.73426	.030150	.000000
6.74302	.030080	.000000
6.7518	.029964	.000000
6.7606	.029841	.000000
6.76942	.029752	.000000
6.77827	.029645	.000000
6.78715	.029507	.000000
6.79604	.029423	.000000
6.80496	.029371	.000000
6.8139	.029230	.000000
6.82287	.029077	.000000
6.83186	.028966	.000000
6.84087	.028896	.000000
6.84991	.028763	.000000
6.85897	.028573	.000000
6.86805	.028397	.000000
6.87716	.028311	.000000
6.88629	.028135	.000000
6.89545	.027974	.000000
6.90463	.027806	.000000
6.91384	.027628	.000000
6.92307	.027465	.000000
6.93232	.027310	.000000
6.9416	.027156	.000000
6.95091	.026944	.000000
6.96024	.026679	.000000
6.96959	.026563	.000000
6.97897	.026412	.000000
6.98838	.026195	.000000
6.99781	.025955	.000000
7.00726	.025750	.000000
7.01675	.025523	.000000
7.02625	.025352	.000000
7.03579	.025080	.000000
7.04535	.024784	.000000
7.05493	.024539	.000000
7.06455	.024373	.000000
7.07418	.024178	.000000
7.08385	.023928	.000000
7.09354	.023651	.000000
7.10325	.023407	.000000
7.113	.023177	.000000
7.12277	.022959	.000000
7.13257	.022650	.000000
7.14239	.022346	.000000
7.15224	.022104	.000000
7.16212	.021872	.000000
7.17203	.021588	.000000
7.18196	.021318	.000000
7.19192	.021064	.000000
7.20191	.020804	.000000
7.21193	.020508	.000000
7.22197	.020253	.000000
7.23204	.019937	.000000
7.24215	.019665	.000000
7.25227	.019366	.000000
7.26243	.019052	.000000
7.27262	.018765	.000000
7.28283	.018505	.000000
7.29307	.018209	.000000
7.30334	.017885	.000000
7.31364	.017559	.000000
7.32397	.017275	.000000
7.33433	.016995	.000000
7.34472	.016731	.000000
7.35514	.016409	.000000
7.36559	.016120	.000000
7.37606	.015804	.000000
7.38657	.015497	.000000
7.39711	.015129	.000000
7.40767	.014837	.000000
7.41827	.014571	.000000
7.4289	.014299	.000000
7.43956	.013982	.000000
7.45025	.013688	.000000
7.46097	.013354	.000000
7.47172	.013031	.000000
7.4825	.012746	.000000
7.49331	.012492	.000000
7.50416	.012151	.000000
7.51503	.011837	.000000
7.52594	.011572	.000000
7.53688	.011283	.000000
7.54785	.010925	.000000
7.55885	.010648	.000000
7.56989	.010351	.000000
7.58095	.010040	.000000
7.59205	.009726	.000000
7.60318	.009474	.000000
7.61435	.009108	.000000
7.62554	.008797	.000000
7.63677	.008505	.000000
7.64804	.008218	.000000
7.65933	.007862	.000000
7.67066	.007502	.000000
7.68203	.007200	.000000
7.69342	.006908	.000000
7.70485	.006540	.000000
7.71632	.006303	.000000
7.72782	.006004	.000000
7.73936	.005727	.000000
7.75092	.005438	.000000
7.76253	.005126	.000000
7.77416	.004830	.000000
7.78584	.004637	.000000
7.79754	.004375	.000000
7.80929	.004088	.000000
7.82107	.003839	.000000
7.83288	.003668	.000000
7.84473	.003450	.000000
7.85662	.003226	.000000
7.86854	.002991	.000000
7.8805	.002833	.000000
7.89249	.002687	.000000
7.90452	.002541	.000000
7.91659	.002452	.000000
7.9287	.002395	.000000
7.94084	.002393	.000000
7.95302	.002491	.000000
7.96523	.002588	.000000
7.97749	.002842	.000000
7.98978	.003240	.000000
8.0021	.003811	.000000
8.01447	.004553	.000000
8.02688	.005574	.000000
8.03932	.006874	.000000
8.05181	.008592	.000000
8.06433	.010715	.000000
8.07689	.013283	.000000
8.08949	.016227	.000000
8.10213	.019761	.000000
8.11481	.023933	.000000
8.12753	.028711	.000000
8.14029	.034136	.000000
8.15309	.040165	.000000
8.16593	.046786	.000000
8.17881	.054031	.000000
8.19173	.061822	.000000
8.20469	.070087	.000000
8.21769	.078678	.000000
8.23073	.087334	.000000
8.24382	.095874	.000000
8.25695	.104043	.000000
8.27012	.111606	.000000
8.28332	.118270	.000000
8.29658	.124009	.000000
8.30987	.128557	.000000
8.32321	.132156	.000000
8.33659	.134803	.000000
8.35002	.136812	.000000
8.36348	.138187	.000000
8.37699	.139160	.000000
8.39055	.139813	.000000
8.40415	.140364	.000000
8.41779	.140854	.000000
8.43148	.141343	.000000
8.44521	.141726	.000000
8.45898	.142260	.000000
8.47281	.142757	.000000
8.48668	.143360	.000000
8.50059	.144042	.000000
8.51455	.144872	.000000
8.52855	.145691	.000000
8.5426	.146573	.000000
8.5567	.147492	.000000
8.57084	.148560	.000000
8.58503	.149532	.000000
8.59927	.150560	.000000
8.61355	.151615	.000000
8.62788	.152685	.000000
8.64226	.153686	.000000
8.65669	.154631	.000000
8.67116	.155389	.000000
8.68569	.156262	.000000
8.70026	.156989	.000000
8.71488	.157641	.000000
8.72955	.158113	.000000
8.74427	.158573	.000000
8.75904	.158791	.000000
8.77386	.158949	.000000
8.78873	.158983	.000000
8.80366	.158917	.000000
8.81863	.158613	.000000
8.83365	.158222	.000000
8.84872	.157614	.000000
8.86385	.156877	.000000
8.87903	.155844	.000000
8.89426	.154579	.000000
8.90954	.153029	.000000
8.92488	.151368	.000000
8.94027	.149546	.000000
8.95571	.147698	.000000
8.9712	.145696	.000000
8.98675	.143681	.000000
9.00235	.141454	.000000
9.018	.139178	.000000
9.03371	.137047	.000000
9.04948	.134956	.000000
9.0653	.132675	.000000
9.08118	.130571	.000000
9.0971	.128636	.000000
9.11309	.126758	.000000
9.12914	.124830	.000000
9.14524	.123171	.000000
9.16139	.121609	.000000
9.17761	.120185	.000000
9.19388	.118858	.000000
9.21021	.117840	.000000
9.2266	.117078	.000000
9.24304	.116515	.000000
9.25955	.116030	.000000
9.27611	.115796	.000000
9.29273	.115741	.000000
9.30942	.115860	.000000
9.32617	.116082	.000000
9.34297	.116520	.000000
9.35983	.117029	.000000
9.37676	.117706	.000000
9.39375	.118468	.000000
9.41079	.119214	.000000
9.42791	.120044	.000000
9.44508	.121102	.000000
9.46231	.122197	.000000
9.47961	.123361	.000000
9.49697	.124471	.000000
9.5144	.125823	.000000
9.53188	.127195	.000000
9.54944	.128584	.000000
9.56705	.130015	.000000
9.58474	.131508	.000000
9.60249	.133149	.000000
9.6203	.134981	.000000
9.63818	.136726	.000000
9.65613	.138599	.000000
9.67415	.140505	.000000
9.69223	.142571	.000000
9.71038	.144712	.000000
9.7286	.146894	.000000
9.74689	.149045	.000000
9.76524	.151247	.000000
9.78367	.153424	.000000
9.80216	.155622	.000000
9.82072	.157678	.000000
9.83936	.159772	.000000
9.85806	.161722	.000000
9.87684	.163499	.000000
9.89569	.165017	.000000
9.91461	.166482	.000000
9.9336	.167797	.000000
9.95267	.168895	.000000
9.97181	.169587	.000000
9.99103	.170140	.000000
10.01031	.170509	.000000
10.02968	.170674	.000000
10.04911	.170506	.000000
10.06863	.170271	.000000
10.08822	.169782	.000000
10.10788	.169320	.000000
10.12763	.168677	.000000
10.14745	.167926	.000000
10.16734	.167170	.000000
10.18732	.166470	.000000
10.20737	.165719	.000000
10.2275	.165054	.000000
10.24771	.164438	.000000
10.268	.164063	.000000
10.28838	.163741	.000000
10.30883	.163719	.000000
10.32937	.163766	.000000
10.34998	.164050	.000000
10.37069	.164475	.000000
10.39147	.164925	.000000
10.41234	.165217	.000000
10.43329	.165580	.000000
10.45432	.165904	.000000
10.47544	.166243	.000000
10.49665	.166448	.000000
10.51794	.166487	.000000
10.53932	.166337	.000000
10.56079	.166203	.000000
10.58234	.165929	.000000
10.60398	.165501	.000000
10.62571	.164834	.000000
10.64753	.164161	.000000
10.66944	.163363	.000000
10.69144	.162518	.000000
10.71353	.161630	.000000
10.73571	.160610	.000000
10.75799	.159374	.000000
10.78035	.158220	.000000
10.80281	.156900	.000000
10.82536	.155508	.000000
10.848	.153847	.000000
10.87075	.151979	.000000
10.89358	.150068	.000000
10.91652	.148091	.000000
10.93955	.146009	.000000
10.96268	.143795	.000000
10.98591	.141365	.000000
11.00923	.138866	.000000
11.03266	.136281	.000000
11.05618	.133777	.000000
11.0798	.131034	.000000
11.10353	.128179	.000000
11.12736	.125284	.000000
11.15129	.122402	.000000
11.17532	.119498	.000000
11.19946	.116690	.000000
11.2237	.113784	.000000
11.24805	.111003	.000000
11.2725	.108289	.000000
11.29706	.105635	.000000
11.32172	.103104	.000000
11.34649	.100763	.000000
11.37138	.098588	.000000
11.39637	.096583	.000000
11.42147	.094603	.000000
11.44668	.092856	.000000
11.47201	.091180	.000000
11.49745	.089638	.000000
11.523	.088214	.000000
11.54866	.086899	.000000
11.57444	.085715	.000000
11.60033	.084732	.000000
11.62634	.083669	.000000
11.65247	.082702	.000000
11.67872	.081899	.000000
11.70508	.081002	.000000
11.73157	.080129	.000000
11.75817	.079319	.000000
11.78489	.078491	.000000
11.81174	.077670	.000000
11.8387	.076741	.000000
11.86579	.075883	.000000
11.893	.074981	.000000
11.92034	.074047	.000000
11.94781	.073100	.000000
11.9754	.072067	.000000
12.00312	.070878	.000000
12.03097	.069704	.000000
12.05896	.068552	.000000
12.08707	.067358	.000000
12.11531	.066011	.000000
12.14368	.064723	.000000
12.17219	.063485	.000000
12.20083	.062158	.000000
12.2296	.060818	.000000
12.25852	.059513	.000000
12.28757	.058033	.000000
12.31676	.056532	.000000
12.34608	.055296	.000000
12.37555	.054243	.000000
12.40515	.053203	.000000
12.4349	.052051	.000000
12.46478	.051003	.000000
12.49482	.050081	.000000
12.525	.049283	.000000
12.55533	.048709	.000000
12.5858	.048398	.000000
12.61642	.048153	.000000
12.6472	.048005	.000000
12.67813	.048054	.000000
12.7092	.048326	.000000
12.74043	.048709	.000000
12.77181	.049172	.000000
12.80334	.049832	.000000
12.83503	.050583	.000000
12.86688	.051307	.000000
12.8989	.051913	.000000
12.93106	.052469	.000000
12.96339	.053037	.000000
12.99588	.053475	.000000
13.02853	.053732	.000000
13.06135	.053915	.000000
13.09433	.054130	.000000
13.12749	.054258	.000000
13.16081	.054384	.000000
13.1943	.054575	.000000
13.22796	.054735	.000000
13.26179	.054938	.000000
13.29579	.055291	.000000
13.32997	.055697	.000000
13.36432	.055828	.000000
13.39885	.055929	.000000
13.43356	.056100	.000000
13.46846	.056250	.000000
13.50353	.056283	.000000
13.53879	.056310	.000000
13.57423	.056250	.000000
13.60986	.056159	.000000
13.64568	.055969	.000000
13.68169	.055633	.000000
13.71788	.055207	.000000
13.75427	.054740	.000000
13.79085	.054285	.000000
13.82763	.053801	.000000
13.8646	.053317	.000000
13.90177	.052864	.000000
13.93915	.052311	.000000
13.97672	.051552	.000000
14.01449	.050949	.000000
14.05247	.050583	.000000
14.09066	.050234	.000000
14.12904	.049955	.000000
14.16764	.049666	.000000
14.20646	.049295	.000000
14.24549	.048892	.000000
14.28473	.048311	.000000
14.3242	.047857	.000000
14.36388	.047459	.000000
14.40378	.047137	.000000
14.4439	.046836	.000000
14.48425	.046646	.000000
14.52482	.046391	.000000
14.56562	.046164	.000000
14.60665	.046228	.000000
14.64792	.046374	.000000
14.68942	.046329	.000000
14.73115	.046050	.000000
14.77312	.045763	.000000
14.81533	.045504	.000000
14.85778	.045182	.000000
14.90048	.044804	.000000
14.94342	.044191	.000000
14.98659	.043553	.000000
15.03003	.043111	.000000
15.07372	.042886	.000000
15.11767	.043291	.000000
15.16187	.044572	.000000
15.20634	.046883	.000000
15.25106	.050590	.000000
15.29606	.055865	.000000
15.34131	.062660	.000000
15.38684	.070413	.000000
15.43263	.078535	.000000
15.4787	.086457	.000000
15.52504	.093578	.000000
15.57167	.099848	.000000
15.61858	.105306	.000000
15.66576	.109231	.000000
15.71324	.112098	.000000
15.761	.114340	.000000
15.80905	.115853	.000000
15.8574	.116980	.000000
15.90604	.118131	.000000
15.95496	.119192	.000000
16.00421	.120302	.000000
16.05376	.122121	.000000
16.10362	.124676	.000000
16.15378	.127766	.000000
16.20426	.131063	.000000
16.25506	.134385	.000000
16.30619	.137626	.000000
16.35763	.140634	.000000
16.40939	.143115	.000000
16.46149	.144759	.000000
16.51391	.145540	.000000
16.56667	.145856	.000000
16.61977	.145443	.000000
16.67322	.144418	.000000
16.72701	.143029	.000000
16.78114	.141336	.000000
16.83563	.139529	.000000
16.89046	.137813	.000000
16.94566	.136138	.000000
17.00122	.134420	.000000
17.05716	.133085	.000000
17.11345	.132408	.000000
17.17012	.132049	.000000
17.22716	.131936	.000000
17.28459	.131948	.000000
17.3424	.131839	.000000
17.4006	.130633	.000000
17.45916	.128493	.000000
17.51815	.125781	.000000
17.57753	.122558	.000000
17.63732	.118408	.000000
17.69752	.113999	.000000
17.75813	.109760	.000000
17.81915	.106047	.000000
17.88061	.103319	.000000
17.94248	.101813	.000000
18.00478	.102019	.000000
18.06752	.104300	.000000
18.13069	.108497	.000000
18.19431	.115091	.000000
18.25837	.123280	.000000
18.3229	.131370	.000000
18.38788	.137833	.000000
18.45331	.141538	.000000
18.51922	.141513	.000000
18.5856	.138370	.000000
18.65245	.132957	.000000
18.71979	.126320	.000000
18.78759	.119624	.000000
18.85591	.113905	.000000
18.92473	.108568	.000000
18.99405	.103645	.000000
19.06388	.099942	.000000
19.13423	.096702	.000000
19.2051	.093546	.000000
19.27651	.090686	.000000
19.34844	.088167	.000000
19.4209	.086108	.000000
19.49392	.084109	.000000
19.5675	.082240	.000000
19.64162	.079991	.000000
19.7163	.077863	.000000
19.79156	.076071	.000000
19.86738	.073938	.000000
19.9438	.071432	.000000
20.0208	.069064	.000000
20.0984	.067146	.000000
20.17661	.065235	.000000
20.25542	.063564	.000000
20.33485	.062467	.000000
20.41491	.062521	.000000
20.49561	.063438	.000000
20.57694	.064558	.000000
20.65892	.065546	.000000
20.74155	.067227	.000000
20.82485	.069387	.000000
20.90882	.071226	.000000
20.99347	.072618	.000000
21.07881	.073624	.000000
21.16485	.074714	.000000
21.25159	.077025	.000000
21.33905	.077843	.000000
21.42722	.078164	.000000
21.51613	.078152	.000000
21.60579	.077324	.000000
21.69619	.076222	.000000
21.78735	.076105	.000000
21.87928	.075072	.000000
21.97199	.074291	.000000
22.06544	.075881	.000000
22.15973	.078659	.000000
22.25484	.082853	.000000
22.35076	.088172	.000000
22.44752	.093205	.000000
22.54512	.098225	.000000
22.64357	.103027	.000000
22.74288	.107728	.000000
22.84307	.112014	.000000
22.94415	.115679	.000000
23.04612	.118737	.000000
23.14901	.121387	.000000
23.25281	.122968	.000000
23.35756	.124009	.000000
23.46325	.125398	.000000
23.5699	.126523	.000000
23.67752	.127776	.000000
23.78613	.129103	.000000
23.89575	.130559	.000000
24.00638	.130692	.000000
24.11803	.130608	.000000
24.23073	.132047	.000000
24.34449	.133953	.000000
24.45933	.134976	.000000
24.57525	.136202	.000000
24.69227	.138135	.000000
24.81042	.139625	.000000
24.9297	.141014	.000000
25.05013	.143212	.000000
25.17173	.146121	.000000
25.29452	.149574	.000000
25.41852	.153163	.000000
25.54373	.155333	.000000
25.67018	.156314	.000000
25.7979	.157258	.000000
25.92688	.157634	.000000
26.05717	.156771	.000000
26.18878	.155271	.000000
26.32171	.153640	.000000
26.45601	.152554	.000000
26.59168	.151291	.000000
26.72875	.150053	.000000
26.86724	.149282	.000000
27.00717	.148652	.000000
27.14857	.147710	.000000
27.29146	.146706	.000000
27.43586	.145419	.000000
27.58179	.144519	.000000
27.72929	.142856	.000000
27.87837	.141340	.000000
28.02907	.139091	.000000
28.1814	.137267	.000000
28.33539	.136212	.000000
28.49108	.135668	.000000
28.6485	.135488	.000000
28.80765	.134432	.000000
28.96859	.133209	.000000
29.13133	.131617	.000000
29.29592	.128077	.000000
29.46237	.124961	.000000
29.63073	.123475	.000000
29.80102	.123505	.000000
29.97328	.122533	.000000
30.14754	.120848	.000000
30.32384	.118680	.000000
30.50222	.117271	.000000
30.68271	.118757	.000000
30.86534	.120638	.000000
31.05017	.122529	.000000
31.23721	.122558	.000000
31.42653	.121228	.000000
31.61815	.120437	.000000
31.81213	.120818	.000000
32.0085	.119911	.000000
32.20731	.119103	.000000
32.40861	.118591	.000000
32.61244	.115773	.000000
32.81884	.112958	.000000
33.02788	.111774	.000000
33.2396	.111258	.000000
33.45405	.108546	.000000
33.67128	.106823	.000000
33.89136	.105415	.000000
34.11432	.103356	.000000
34.34025	.101114	.000000
34.56918	.099913	.000000
34.80119	.098432	.000000
35.03633	.096358	.000000
35.27468	.094762	.000000
35.51628	.093570	.000000
35.76123	.091180	.000000
36.00957	.091393	.000000
36.26138	.090159	.000000
36.51674	.087569	.000000
36.77573	.086563	.000000
37.03841	.085765	.000000
37.30488	.084203	.000000
37.5752	.080844	.000000
37.84947	.079544	.000000
38.12777	.079437	.000000
38.4102	.080643	.000000
38.69684	.079677	.000000
38.9878	.077957	.000000
39.28316	.078219	.000000
39.58303	.075379	.000000
39.88752	.075317	.000000
40.19672	.077606	.000000
40.51076	.077025	.000000
40.82975	.076921	.000000
41.15379	.079198	.000000
41.48302	.082084	.000000
41.81756	.085893	.000000
42.15754	.091326	.000000
42.50309	.097448	.000000
42.85436	.103440	.000000
43.21148	.106786	.000000
43.5746	.106309	.000000
43.94388	.107098	.000000
44.31946	.110437	.000000
44.70153	.106700	.000000
45.09024	.105504	.000000
45.48577	.113888	.000000
45.8883	.114491	.000000
46.29801	.111700	.000000
46.71511	.117153	.000000
47.13979	.128545	.000000
47.57227	.133414	.000000
48.01275	.129348	.000000
48.46147	.122600	.000000
48.91866	.122605	.000000
49.38455	.123465	.000000
49.8594	.119829	.000000
