Brown University Keck/NASA Relab Spectrum PL-ECS-154-R/BKR1PL154R
Wavelength(micron)	Reflectance
0.32	0.48126
0.33	0.53141
0.34	0.56478
0.35	0.58406
0.36	0.59781
0.37	0.61007
0.38	0.61956
0.39	0.62600
0.4	0.63939
0.41	0.64692
0.42	0.65213
0.43	0.66000
0.44	0.66971
0.45	0.67841
0.46	0.68727
0.47	0.69490
0.48	0.70025
0.49	0.70522
0.5	0.71191
0.51	0.71812
0.52	0.72357
0.53	0.72942
0.54	0.73586
0.55	0.74457
0.56	0.75726
0.57	0.76910
0.58	0.78179
0.59	0.79145
0.6	0.79812
0.61	0.80288
0.62	0.80644
0.63	0.80939
0.64	0.81220
0.65	0.81369
0.66	0.81612
0.67	0.81923
0.68	0.82088
0.69	0.82434
0.7	0.82607
0.71	0.82816
0.72	0.83109
0.73	0.83147
0.74	0.83368
0.75	0.83516
0.76	0.83552
0.77	0.83767
0.78	0.83779
0.79	0.83746
0.8	0.83861
0.81	0.83808
0.82	0.83745
0.83	0.83766
0.84	0.83701
0.85	0.83721
0.86	0.83704
0.87	0.83690
0.88	0.83667
0.89	0.83730
0.9	0.83713
0.91	0.83780
0.92	0.83830
0.93	0.83910
0.94	0.83959
0.95	0.84092
0.96	0.84128
0.97	0.84323
0.98	0.84346
0.99	0.84359
1	0.84298
1.01	0.84257
1.02	0.84186
1.03	0.84134
1.04	0.84041
1.05	0.83956
1.06	0.83825
1.07	0.83576
1.08	0.83661
1.09	0.83504
1.1	0.83359
1.11	0.83259
1.12	0.83157
1.13	0.82995
1.14	0.82902
1.15	0.82757
1.16	0.82662
1.17	0.82597
1.18	0.82514
1.19	0.82362
1.2	0.82350
1.21	0.82229
1.22	0.82139
1.23	0.82314
1.24	0.82232
1.25	0.82045
1.26	0.82168
1.27	0.82135
1.28	0.82136
1.29	0.82151
1.3	0.82283
1.31	0.82348
1.32	0.82425
1.33	0.82470
1.34	0.82512
1.35	0.82482
1.36	0.82524
1.37	0.82490
1.38	0.82771
1.39	0.82457
1.4	0.82152
1.41	0.82094
1.42	0.82130
1.43	0.82418
1.44	0.82451
1.45	0.82602
1.46	0.82674
1.47	0.82988
1.48	0.83192
1.49	0.83301
1.5	0.83582
1.51	0.83807
1.52	0.83975
1.53	0.84209
1.54	0.84300
1.55	0.84470
1.56	0.84573
1.57	0.84748
1.58	0.84867
1.59	0.84916
1.6	0.85023
1.61	0.85043
1.62	0.85150
1.63	0.85171
1.64	0.85303
1.65	0.85541
1.66	0.85738
1.67	0.85865
1.68	0.86003
1.69	0.86102
1.7	0.86056
1.71	0.86204
1.72	0.86233
1.73	0.86198
1.74	0.86154
1.75	0.86155
1.76	0.86159
1.77	0.86164
1.78	0.86225
1.79	0.86283
1.8	0.86403
1.81	0.86569
1.82	0.86640
1.83	0.86650
1.84	0.86421
1.85	0.86537
1.86	0.86221
1.87	0.86230
1.88	0.84906
1.89	0.83828
1.9	0.81900
1.91	0.79778
1.92	0.78047
1.93	0.76318
1.94	0.75174
1.95	0.75394
1.96	0.76070
1.97	0.76542
1.98	0.77072
1.99	0.77919
2	0.78840
2.01	0.79756
2.02	0.80506
2.03	0.80837
2.04	0.81305
2.05	0.81578
2.06	0.81825
2.07	0.82039
2.08	0.82440
2.09	0.82522
2.1	0.82817
2.11	0.83143
2.12	0.83337
2.13	0.83466
2.14	0.83567
2.15	0.83625
2.16	0.83574
2.17	0.83653
2.18	0.83774
2.19	0.84034
2.2	0.84169
2.21	0.84060
2.22	0.84123
2.23	0.84284
2.24	0.84344
2.25	0.84416
2.26	0.84448
2.27	0.84499
2.28	0.84354
2.29	0.84102
2.3	0.83965
2.31	0.83784
2.32	0.83359
2.33	0.83222
2.34	0.82857
2.35	0.82592
2.36	0.82103
2.37	0.81790
2.38	0.81065
2.39	0.80292
2.4	0.79510
2.41	0.78573
2.42	0.77752
2.43	0.77401
2.44	0.76990
2.45	0.76453
2.46	0.76334
2.47	0.76014
2.48	0.75776
2.49	0.75525
2.5	0.75565
2.5014	0.75569
2.5026	0.75585
2.5038	0.75589
2.505	0.75592
2.5063	0.75604
2.5075	0.75621
2.5087	0.75621
2.5099	0.75628
2.5111	0.75637
2.5123	0.75641
2.5135	0.75654
2.5148	0.75666
2.516	0.75666
2.5172	0.75672
2.5184	0.75676
2.5196	0.75674
2.5209	0.75677
2.5221	0.75684
2.5233	0.75690
2.5246	0.75695
2.5258	0.75688
2.527	0.75690
2.5283	0.75692
2.5295	0.75689
2.5307	0.75685
2.5319	0.75681
2.5332	0.75678
2.5344	0.75675
2.5357	0.75665
2.5369	0.75672
2.5381	0.75673
2.5394	0.75671
2.5406	0.75669
2.5419	0.75668
2.5431	0.75659
2.5444	0.75653
2.5456	0.75650
2.5469	0.75643
2.5481	0.75641
2.5494	0.75636
2.5506	0.75631
2.5519	0.75637
2.5531	0.75635
2.5544	0.75628
2.5557	0.75615
2.5569	0.75607
2.5582	0.75598
2.5594	0.75600
2.5607	0.75610
2.562	0.75620
2.5632	0.75605
2.5645	0.75591
2.5658	0.75581
2.5671	0.75570
2.5683	0.75555
2.5696	0.75553
2.5709	0.75559
2.5721	0.75550
2.5734	0.75539
2.5747	0.75535
2.576	0.75525
2.5773	0.75513
2.5785	0.75495
2.5798	0.75482
2.5811	0.75483
2.5824	0.75483
2.5837	0.75463
2.585	0.75452
2.5863	0.75426
2.5875	0.75415
2.5888	0.75402
2.5901	0.75389
2.5914	0.75367
2.5927	0.75338
2.594	0.75326
2.5953	0.75347
2.5966	0.75331
2.5979	0.75278
2.5992	0.75242
2.6005	0.75222
2.6018	0.75197
2.6031	0.75170
2.6044	0.75139
2.6058	0.75122
2.6071	0.75106
2.6084	0.75063
2.6097	0.75015
2.611	0.74980
2.6123	0.74949
2.6136	0.74920
2.6149	0.74878
2.6163	0.74831
2.6176	0.74800
2.6189	0.74759
2.6202	0.74712
2.6216	0.74681
2.6229	0.74622
2.6242	0.74561
2.6255	0.74515
2.6269	0.74488
2.6282	0.74445
2.6295	0.74382
2.6309	0.74340
2.6322	0.74299
2.6335	0.74232
2.6349	0.74170
2.6362	0.74121
2.6376	0.74078
2.6389	0.74024
2.6402	0.73965
2.6416	0.73903
2.6429	0.73840
2.6443	0.73773
2.6456	0.73707
2.647	0.73636
2.6483	0.73565
2.6497	0.73492
2.651	0.73412
2.6524	0.73333
2.6538	0.73253
2.6551	0.73150
2.6565	0.73048
2.6578	0.72947
2.6592	0.72836
2.6606	0.72716
2.6619	0.72597
2.6633	0.72467
2.6647	0.72351
2.666	0.72239
2.6674	0.72107
2.6688	0.71937
2.6701	0.71753
2.6715	0.71554
2.6729	0.71316
2.6743	0.71112
2.6757	0.70950
2.677	0.70782
2.6784	0.70588
2.6798	0.70366
2.6812	0.70128
2.6826	0.69872
2.684	0.69603
2.6854	0.69317
2.6868	0.69029
2.6881	0.68729
2.6895	0.68430
2.6909	0.68116
2.6923	0.67786
2.6937	0.67451
2.6951	0.67098
2.6965	0.66698
2.6979	0.66278
2.6993	0.65841
2.7008	0.65375
2.7021	0.64872
2.7036	0.64341
2.705	0.63762
2.7064	0.63139
2.7078	0.62460
2.7092	0.61751
2.7106	0.61028
2.7121	0.60282
2.7135	0.59515
2.7149	0.58777
2.7163	0.58080
2.7177	0.57417
2.7192	0.56796
2.7206	0.56201
2.722	0.55594
2.7234	0.55012
2.7249	0.54456
2.7263	0.53892
2.7277	0.53332
2.7292	0.52778
2.7306	0.52220
2.7321	0.51661
2.7335	0.51102
2.7349	0.50551
2.7364	0.49990
2.7378	0.49425
2.7393	0.48871
2.7407	0.48325
2.7422	0.47761
2.7436	0.47196
2.7451	0.46645
2.7465	0.46109
2.748	0.45565
2.7494	0.45038
2.7509	0.44521
2.7524	0.44018
2.7538	0.43525
2.7553	0.43055
2.7567	0.42599
2.7582	0.42149
2.7597	0.41722
2.7611	0.41330
2.7626	0.40952
2.7641	0.40586
2.7656	0.40232
2.767	0.39897
2.7685	0.39575
2.77	0.39259
2.7715	0.38943
2.773	0.38641
2.7744	0.38351
2.7759	0.38076
2.7774	0.37803
2.7789	0.37530
2.7804	0.37267
2.7819	0.37013
2.7834	0.36746
2.7849	0.36482
2.7864	0.36223
2.7879	0.35971
2.7894	0.35712
2.7909	0.35456
2.7924	0.35211
2.7939	0.34962
2.7954	0.34716
2.7969	0.34473
2.7984	0.34240
2.7999	0.34017
2.8014	0.33796
2.8029	0.33582
2.8044	0.33367
2.806	0.33165
2.8075	0.32972
2.809	0.32786
2.8105	0.32605
2.8121	0.32429
2.8136	0.32250
2.8151	0.32070
2.8166	0.31889
2.8182	0.31711
2.8197	0.31523
2.8212	0.31328
2.8228	0.31143
2.8243	0.30967
2.8259	0.30802
2.8274	0.30663
2.8289	0.30572
2.8305	0.30528
2.832	0.30513
2.8336	0.30534
2.8351	0.30584
2.8367	0.30641
2.8382	0.30700
2.8398	0.30755
2.8413	0.30807
2.8429	0.30862
2.8444	0.30906
2.846	0.30948
2.8476	0.30990
2.8491	0.31020
2.8507	0.31031
2.8523	0.31031
2.8538	0.31029
2.8554	0.31023
2.857	0.31006
2.8586	0.30973
2.8601	0.30930
2.8617	0.30885
2.8633	0.30839
2.8649	0.30787
2.8665	0.30728
2.8681	0.30667
2.8696	0.30607
2.8712	0.30549
2.8728	0.30491
2.8744	0.30432
2.876	0.30375
2.8776	0.30324
2.8792	0.30271
2.8808	0.30220
2.8824	0.30178
2.884	0.30145
2.8856	0.30115
2.8872	0.30088
2.8888	0.30062
2.8904	0.30040
2.892	0.30018
2.8937	0.29997
2.8953	0.29975
2.8969	0.29956
2.8985	0.29932
2.9001	0.29902
2.9018	0.29868
2.9034	0.29837
2.905	0.29804
2.9066	0.29758
2.9083	0.29711
2.9099	0.29663
2.9115	0.29613
2.9132	0.29561
2.9148	0.29506
2.9164	0.29451
2.9181	0.29388
2.9197	0.29321
2.9214	0.29249
2.923	0.29171
2.9247	0.29099
2.9263	0.29022
2.928	0.28941
2.9296	0.28864
2.9313	0.28785
2.9329	0.28710
2.9346	0.28635
2.9363	0.28556
2.9379	0.28473
2.9396	0.28404
2.9413	0.28356
2.9429	0.28308
2.9446	0.28259
2.9463	0.28227
2.9479	0.28204
2.9496	0.28195
2.9513	0.28197
2.953	0.28209
2.9547	0.28223
2.9564	0.28242
2.958	0.28265
2.9597	0.28293
2.9614	0.28322
2.9631	0.28355
2.9648	0.28392
2.9665	0.28427
2.9682	0.28460
2.9699	0.28501
2.9716	0.28550
2.9733	0.28601
2.975	0.28649
2.9767	0.28701
2.9784	0.28760
2.9801	0.28827
2.9818	0.28896
2.9836	0.28972
2.9853	0.29054
2.987	0.29135
2.9887	0.29217
2.9904	0.29300
2.9922	0.29380
2.9939	0.29454
2.9956	0.29528
2.9974	0.29604
2.9991	0.29674
3.0008	0.29737
3.0026	0.29798
3.0043	0.29861
3.0061	0.29905
3.0078	0.29939
3.0095	0.29970
3.0113	0.30002
3.013	0.30021
3.0148	0.30028
3.0165	0.30025
3.0183	0.30022
3.0201	0.30014
3.0218	0.29998
3.0236	0.29972
3.0253	0.29939
3.0271	0.29906
3.0289	0.29867
3.0306	0.29820
3.0324	0.29771
3.0342	0.29724
3.036	0.29674
3.0377	0.29623
3.0395	0.29576
3.0413	0.29534
3.0431	0.29490
3.0449	0.29445
3.0467	0.29408
3.0485	0.29380
3.0503	0.29358
3.0521	0.29342
3.0538	0.29340
3.0556	0.29352
3.0574	0.29372
3.0593	0.29400
3.0611	0.29436
3.0629	0.29477
3.0647	0.29526
3.0665	0.29582
3.0683	0.29642
3.0701	0.29706
3.0719	0.29778
3.0738	0.29852
3.0756	0.29931
3.0774	0.30013
3.0792	0.30094
3.0811	0.30180
3.0829	0.30269
3.0847	0.30357
3.0866	0.30444
3.0884	0.30530
3.0902	0.30623
3.0921	0.30718
3.0939	0.30803
3.0958	0.30888
3.0976	0.30981
3.0995	0.31070
3.1013	0.31153
3.1032	0.31236
3.1051	0.31313
3.1069	0.31390
3.1088	0.31469
3.1106	0.31551
3.1125	0.31630
3.1144	0.31710
3.1162	0.31791
3.1181	0.31875
3.12	0.31969
3.1219	0.32070
3.1238	0.32170
3.1256	0.32271
3.1275	0.32387
3.1294	0.32512
3.1313	0.32644
3.1332	0.32781
3.1351	0.32932
3.137	0.33089
3.1389	0.33247
3.1408	0.33409
3.1427	0.33574
3.1446	0.33738
3.1465	0.33911
3.1484	0.34081
3.1503	0.34253
3.1522	0.34422
3.1541	0.34589
3.1561	0.34764
3.158	0.34938
3.1599	0.35103
3.1619	0.35271
3.1638	0.35436
3.1657	0.35600
3.1676	0.35762
3.1696	0.35923
3.1715	0.36080
3.1735	0.36234
3.1754	0.36391
3.1773	0.36552
3.1793	0.36707
3.1812	0.36858
3.1832	0.37012
3.1851	0.37169
3.1871	0.37325
3.1891	0.37473
3.191	0.37616
3.193	0.37764
3.195	0.37912
3.1969	0.38058
3.1989	0.38205
3.2009	0.38350
3.2029	0.38496
3.2048	0.38641
3.2068	0.38780
3.2088	0.38924
3.2108	0.39071
3.2128	0.39213
3.2148	0.39350
3.2168	0.39490
3.2188	0.39634
3.2208	0.39780
3.2228	0.39924
3.2248	0.40067
3.2268	0.40207
3.2288	0.40344
3.2308	0.40485
3.2328	0.40630
3.2348	0.40769
3.2369	0.40909
3.2389	0.41048
3.2409	0.41188
3.2429	0.41329
3.2449	0.41467
3.247	0.41604
3.249	0.41744
3.2511	0.41887
3.2531	0.42028
3.2551	0.42167
3.2572	0.42305
3.2592	0.42442
3.2613	0.42579
3.2633	0.42711
3.2654	0.42848
3.2674	0.42984
3.2695	0.43118
3.2716	0.43256
3.2736	0.43389
3.2757	0.43521
3.2778	0.43660
3.2798	0.43795
3.2819	0.43929
3.284	0.44063
3.2861	0.44196
3.2882	0.44335
3.2902	0.44476
3.2923	0.44618
3.2944	0.44760
3.2965	0.44902
3.2986	0.45047
3.3007	0.45192
3.3028	0.45339
3.3049	0.45487
3.307	0.45636
3.3091	0.45788
3.3113	0.45944
3.3134	0.46101
3.3155	0.46263
3.3176	0.46423
3.3197	0.46579
3.3219	0.46738
3.324	0.46897
3.3261	0.47055
3.3283	0.47214
3.3304	0.47370
3.3325	0.47530
3.3347	0.47690
3.3368	0.47849
3.339	0.48003
3.3411	0.48151
3.3433	0.48292
3.3454	0.48435
3.3476	0.48583
3.3498	0.48736
3.3519	0.48890
3.3541	0.49051
3.3563	0.49215
3.3584	0.49381
3.3606	0.49543
3.3628	0.49708
3.365	0.49870
3.3672	0.50031
3.3694	0.50193
3.3715	0.50354
3.3737	0.50515
3.3759	0.50673
3.3781	0.50829
3.3803	0.50992
3.3825	0.51155
3.3847	0.51318
3.3869	0.51476
3.3892	0.51634
3.3914	0.51792
3.3936	0.51945
3.3958	0.52092
3.3981	0.52241
3.4003	0.52400
3.4025	0.52561
3.4047	0.52715
3.407	0.52867
3.4092	0.53028
3.4115	0.53186
3.4137	0.53338
3.416	0.53496
3.4182	0.53658
3.4205	0.53814
3.4227	0.53970
3.425	0.54124
3.4273	0.54278
3.4295	0.54431
3.4318	0.54583
3.4341	0.54736
3.4363	0.54889
3.4386	0.55041
3.4409	0.55197
3.4432	0.55350
3.4455	0.55501
3.4478	0.55654
3.4501	0.55802
3.4523	0.55951
3.4546	0.56095
3.4569	0.56240
3.4593	0.56382
3.4616	0.56517
3.4639	0.56651
3.4662	0.56775
3.4685	0.56892
3.4708	0.57006
3.4732	0.57118
3.4755	0.57238
3.4778	0.57365
3.4801	0.57501
3.4825	0.57648
3.4848	0.57802
3.4872	0.57947
3.4895	0.58093
3.4919	0.58243
3.4942	0.58395
3.4966	0.58546
3.4989	0.58696
3.5013	0.58849
3.5037	0.59006
3.506	0.59161
3.5084	0.59313
3.5108	0.59466
3.5132	0.59621
3.5155	0.59775
3.5179	0.59930
3.5203	0.60093
3.5227	0.60259
3.5251	0.60423
3.5275	0.60584
3.5299	0.60740
3.5323	0.60895
3.5347	0.61045
3.5371	0.61195
3.5395	0.61337
3.5419	0.61477
3.5444	0.61618
3.5468	0.61757
3.5492	0.61894
3.5517	0.62035
3.5541	0.62167
3.5565	0.62295
3.559	0.62425
3.5614	0.62552
3.5639	0.62678
3.5663	0.62814
3.5688	0.62943
3.5712	0.63064
3.5737	0.63187
3.5761	0.63315
3.5786	0.63444
3.5811	0.63570
3.5836	0.63694
3.586	0.63815
3.5885	0.63931
3.591	0.64049
3.5935	0.64169
3.596	0.64285
3.5985	0.64398
3.601	0.64511
3.6035	0.64621
3.606	0.64733
3.6085	0.64847
3.611	0.64959
3.6135	0.65065
3.6161	0.65173
3.6186	0.65281
3.6211	0.65388
3.6236	0.65492
3.6262	0.65594
3.6287	0.65694
3.6313	0.65795
3.6338	0.65900
3.6363	0.66003
3.6389	0.66106
3.6414	0.66204
3.644	0.66299
3.6466	0.66399
3.6491	0.66498
3.6517	0.66598
3.6543	0.66697
3.6569	0.66794
3.6594	0.66888
3.662	0.66983
3.6646	0.67080
3.6672	0.67174
3.6698	0.67266
3.6724	0.67357
3.675	0.67449
3.6776	0.67544
3.6802	0.67634
3.6828	0.67720
3.6854	0.67804
3.6881	0.67896
3.6907	0.67986
3.6933	0.68076
3.6959	0.68161
3.6986	0.68244
3.7012	0.68328
3.7039	0.68410
3.7065	0.68491
3.7092	0.68573
3.7118	0.68649
3.7145	0.68728
3.7171	0.68809
3.7198	0.68888
3.7225	0.68968
3.7252	0.69045
3.7278	0.69119
3.7305	0.69196
3.7332	0.69270
3.7359	0.69347
3.7386	0.69421
3.7413	0.69496
3.744	0.69570
3.7467	0.69643
3.7494	0.69717
3.7521	0.69785
3.7548	0.69853
3.7576	0.69929
3.7603	0.70004
3.763	0.70078
3.7657	0.70148
3.7685	0.70216
3.7712	0.70282
3.774	0.70351
3.7767	0.70419
3.7795	0.70485
3.7822	0.70546
3.785	0.70607
3.7877	0.70669
3.7905	0.70723
3.7933	0.70771
3.7961	0.70818
3.7988	0.70861
3.8016	0.70902
3.8044	0.70939
3.8072	0.70981
3.81	0.71018
3.8128	0.71053
3.8156	0.71091
3.8184	0.71122
3.8212	0.71149
3.8241	0.71179
3.8269	0.71203
3.8297	0.71228
3.8325	0.71252
3.8354	0.71273
3.8382	0.71295
3.8411	0.71320
3.8439	0.71343
3.8468	0.71370
3.8496	0.71397
3.8525	0.71428
3.8553	0.71460
3.8582	0.71491
3.8611	0.71525
3.8639	0.71555
3.8668	0.71584
3.8697	0.71610
3.8726	0.71632
3.8755	0.71663
3.8784	0.71689
3.8813	0.71710
3.8842	0.71731
3.8871	0.71753
3.89	0.71769
3.893	0.71787
3.8959	0.71799
3.8988	0.71812
3.9017	0.71825
3.9047	0.71838
3.9076	0.71854
3.9106	0.71861
3.9135	0.71861
3.9165	0.71863
3.9194	0.71862
3.9224	0.71860
3.9254	0.71855
3.9284	0.71848
3.9313	0.71847
3.9343	0.71847
3.9373	0.71836
3.9403	0.71796
3.9433	0.71718
3.9463	0.71629
3.9493	0.71533
3.9523	0.71431
3.9553	0.71331
3.9583	0.71234
3.9614	0.71144
3.9644	0.71067
3.9674	0.71003
3.9705	0.70954
3.9735	0.70916
3.9766	0.70889
3.9796	0.70870
3.9826	0.70857
3.9857	0.70861
3.9888	0.70898
3.9919	0.70953
3.9949	0.71020
3.998	0.71100
4.0011	0.71186
4.0042	0.71272
4.0073	0.71356
4.0104	0.71435
4.0135	0.71502
4.0166	0.71547
4.0197	0.71572
4.0228	0.71580
4.0259	0.71582
4.0291	0.71582
4.0322	0.71581
4.0353	0.71576
4.0385	0.71566
4.0416	0.71546
4.0448	0.71525
4.0479	0.71502
4.0511	0.71471
4.0543	0.71430
4.0574	0.71389
4.0606	0.71345
4.0638	0.71289
4.067	0.71231
4.0702	0.71176
4.0734	0.71117
4.0766	0.71056
4.0798	0.70990
4.083	0.70923
4.0862	0.70854
4.0894	0.70780
4.0927	0.70702
4.0959	0.70629
4.0991	0.70555
4.1024	0.70480
4.1056	0.70406
4.1089	0.70325
4.1121	0.70242
4.1154	0.70162
4.1187	0.70078
4.122	0.69999
4.1252	0.69921
4.1285	0.69840
4.1318	0.69757
4.1351	0.69675
4.1384	0.69591
4.1417	0.69505
4.145	0.69413
4.1483	0.69325
4.1516	0.69235
4.155	0.69143
4.1583	0.69050
4.1616	0.68957
4.165	0.68860
4.1683	0.68763
4.1717	0.68662
4.175	0.68565
4.1784	0.68470
4.1818	0.68375
4.1852	0.68274
4.1885	0.68168
4.1919	0.68067
4.1953	0.67970
4.1987	0.67865
4.2021	0.67760
4.2055	0.67655
4.2089	0.67545
4.2124	0.67430
4.2158	0.67313
4.2192	0.67193
4.2226	0.67072
4.2261	0.66944
4.2295	0.66814
4.233	0.66682
4.2365	0.66546
4.2399	0.66406
4.2434	0.66258
4.2469	0.66106
4.2503	0.65952
4.2538	0.65785
4.2573	0.65611
4.2608	0.65437
4.2643	0.65263
4.2678	0.65087
4.2714	0.64899
4.2749	0.64699
4.2784	0.64500
4.2819	0.64296
4.2855	0.64088
4.289	0.63872
4.2926	0.63649
4.2961	0.63419
4.2997	0.63190
4.3033	0.62958
4.3068	0.62723
4.3104	0.62491
4.314	0.62265
4.3176	0.62035
4.3212	0.61809
4.3248	0.61584
4.3284	0.61365
4.332	0.61152
4.3356	0.60948
4.3393	0.60752
4.3429	0.60569
4.3465	0.60392
4.3502	0.60219
4.3538	0.60059
4.3575	0.59914
4.3611	0.59778
4.3648	0.59655
4.3685	0.59539
4.3722	0.59440
4.3759	0.59350
4.3796	0.59269
4.3833	0.59197
4.387	0.59132
4.3907	0.59071
4.3944	0.59023
4.3981	0.58980
4.4019	0.58949
4.4056	0.58924
4.4094	0.58903
4.4131	0.58886
4.4169	0.58880
4.4206	0.58876
4.4244	0.58868
4.4282	0.58863
4.432	0.58864
4.4358	0.58869
4.4396	0.58879
4.4434	0.58891
4.4472	0.58905
4.451	0.58917
4.4548	0.58931
4.4586	0.58942
4.4625	0.58951
4.4663	0.58960
4.4702	0.58972
4.474	0.58978
4.4779	0.58983
4.4818	0.58984
4.4856	0.58979
4.4895	0.58966
4.4934	0.58949
4.4973	0.58929
4.5012	0.58906
4.5051	0.58875
4.509	0.58839
4.513	0.58797
4.5169	0.58751
4.5208	0.58699
4.5248	0.58647
4.5287	0.58584
4.5327	0.58519
4.5367	0.58446
4.5406	0.58368
4.5446	0.58292
4.5486	0.58209
4.5526	0.58118
4.5566	0.58026
4.5606	0.57927
4.5646	0.57829
4.5686	0.57731
4.5727	0.57629
4.5767	0.57524
4.5808	0.57419
4.5848	0.57318
4.5889	0.57226
4.5929	0.57137
4.597	0.57051
4.6011	0.56965
4.6052	0.56885
4.6093	0.56810
4.6134	0.56735
4.6175	0.56662
4.6216	0.56597
4.6257	0.56532
4.6298	0.56470
4.634	0.56404
4.6381	0.56340
4.6423	0.56276
4.6464	0.56212
4.6506	0.56147
4.6548	0.56084
4.659	0.56021
4.6631	0.55962
4.6673	0.55899
4.6715	0.55835
4.6758	0.55773
4.68	0.55711
4.6842	0.55649
4.6884	0.55587
4.6927	0.55516
4.6969	0.55447
4.7012	0.55377
4.7055	0.55301
4.7097	0.55220
4.714	0.55143
4.7183	0.55063
4.7226	0.54982
4.7269	0.54899
4.7312	0.54815
4.7355	0.54728
4.7399	0.54646
4.7442	0.54560
4.7485	0.54472
4.7529	0.54383
4.7573	0.54298
4.7616	0.54210
4.766	0.54124
4.7704	0.54034
4.7748	0.53945
4.7792	0.53855
4.7836	0.53768
4.788	0.53679
4.7924	0.53590
4.7969	0.53502
4.8013	0.53417
4.8058	0.53329
4.8102	0.53242
4.8147	0.53154
4.8191	0.53075
4.8236	0.52995
4.8281	0.52913
4.8326	0.52830
4.8371	0.52750
4.8416	0.52672
4.8462	0.52595
4.8507	0.52519
4.8553	0.52444
4.8598	0.52370
4.8644	0.52300
4.8689	0.52227
4.8735	0.52152
4.8781	0.52079
4.8827	0.52005
4.8873	0.51926
4.8919	0.51849
4.8965	0.51772
4.9011	0.51690
4.9058	0.51606
4.9104	0.51519
4.9151	0.51429
4.9197	0.51340
4.9244	0.51244
4.9291	0.51144
4.9338	0.51043
4.9385	0.50937
4.9432	0.50827
4.9479	0.50716
4.9526	0.50599
4.9574	0.50482
4.9621	0.50364
4.9669	0.50241
4.9716	0.50112
4.9764	0.49989
4.9812	0.49868
4.986	0.49744
4.9908	0.49617
4.9956	0.49490
5.0004	0.49360
5.0052	0.49228
5.01	0.49095
5.0149	0.48969
5.0198	0.48840
5.0246	0.48710
5.0295	0.48576
5.0344	0.48444
5.0393	0.48311
5.0442	0.48176
5.0491	0.48037
5.054	0.47900
5.0589	0.47759
5.0639	0.47618
5.0688	0.47475
5.0738	0.47330
5.0788	0.47179
5.0837	0.47026
5.0887	0.46869
5.0937	0.46710
5.0987	0.46544
5.1037	0.46382
5.1088	0.46222
5.1138	0.46057
5.1189	0.45884
5.1239	0.45709
5.129	0.45532
5.1341	0.45354
5.1391	0.45174
5.1443	0.44994
5.1494	0.44813
5.1545	0.44628
5.1596	0.44444
5.1647	0.44268
5.1699	0.44089
5.175	0.43912
5.1802	0.43736
5.1854	0.43562
5.1906	0.43392
5.1958	0.43221
5.201	0.43052
5.2062	0.42887
5.2115	0.42719
5.2167	0.42550
5.222	0.42380
5.2272	0.42214
5.2325	0.42046
5.2378	0.41878
5.2431	0.41713
5.2484	0.41556
5.2537	0.41394
5.259	0.41235
5.2644	0.41075
5.2697	0.40915
5.2751	0.40759
5.2805	0.40606
5.2858	0.40459
5.2912	0.40313
5.2966	0.40159
5.302	0.40010
5.3075	0.39860
5.3129	0.39707
5.3184	0.39553
5.3238	0.39399
5.3293	0.39244
5.3348	0.39088
5.3403	0.38928
5.3458	0.38772
5.3513	0.38614
5.3568	0.38453
5.3624	0.38287
5.3679	0.38120
5.3735	0.37953
5.379	0.37785
5.3846	0.37612
5.3902	0.37442
5.3958	0.37270
5.4015	0.37101
5.4071	0.36939
5.4127	0.36779
5.4184	0.36621
5.4241	0.36471
5.4297	0.36321
5.4354	0.36178
5.4411	0.36040
5.4469	0.35909
5.4526	0.35783
5.4583	0.35665
5.4641	0.35558
5.4698	0.35459
5.4756	0.35362
5.4814	0.35275
5.4872	0.35190
5.493	0.35114
5.4988	0.35046
5.5047	0.34978
5.5105	0.34909
5.5164	0.34841
5.5223	0.34772
5.5281	0.34699
5.534	0.34614
5.54	0.34515
5.5459	0.34391
5.5518	0.34242
5.5578	0.34091
5.5637	0.33971
5.5697	0.33871
5.5757	0.33783
5.5817	0.33716
5.5877	0.33675
5.5937	0.33633
5.5998	0.33577
5.6058	0.33502
5.6119	0.33413
5.618	0.33313
5.6241	0.33213
5.6302	0.33109
5.6363	0.33006
5.6424	0.32900
5.6486	0.32782
5.6547	0.32664
5.6609	0.32550
5.6671	0.32425
5.6733	0.32303
5.6795	0.32180
5.6857	0.32055
5.692	0.31925
5.6982	0.31793
5.7045	0.31657
5.7108	0.31522
5.7171	0.31377
5.7234	0.31230
5.7297	0.31079
5.736	0.30927
5.7424	0.30770
5.7488	0.30612
5.7551	0.30450
5.7615	0.30291
5.768	0.30125
5.7744	0.29947
5.7808	0.29759
5.7873	0.29571
5.7937	0.29371
5.8002	0.29165
5.8067	0.28950
5.8132	0.28731
5.8197	0.28501
5.8263	0.28261
5.8328	0.27999
5.8394	0.27725
5.846	0.27440
5.8526	0.27137
5.8592	0.26811
5.8658	0.26463
5.8725	0.26082
5.8791	0.25675
5.8858	0.25210
5.8925	0.24699
5.8992	0.24122
5.9059	0.23485
5.9126	0.22810
5.9194	0.22112
5.9262	0.21419
5.9329	0.20789
5.9397	0.20248
5.9465	0.19833
5.9534	0.19561
5.9602	0.19431
5.9671	0.19408
5.974	0.19440
5.9808	0.19484
5.9878	0.19516
5.9947	0.19502
6.0016	0.19436
6.0086	0.19350
6.0155	0.19305
6.0225	0.19342
6.0295	0.19456
6.0365	0.19584
6.0436	0.19681
6.0506	0.19727
6.0577	0.19705
6.0648	0.19649
6.0719	0.19616
6.079	0.19648
6.0861	0.19757
6.0933	0.19920
6.1005	0.20095
6.1076	0.20262
6.1149	0.20414
6.1221	0.20539
6.1293	0.20635
6.1365	0.20716
6.1438	0.20775
6.1511	0.20812
6.1584	0.20831
6.1657	0.20828
6.1731	0.20810
6.1804	0.20783
6.1878	0.20739
6.1952	0.20678
6.2026	0.20615
6.21	0.20554
6.2175	0.20499
6.225	0.20460
6.2324	0.20445
6.2399	0.20456
6.2475	0.20494
6.255	0.20555
6.2625	0.20632
6.2701	0.20722
6.2777	0.20823
6.2853	0.20929
6.293	0.21043
6.3006	0.21165
6.3083	0.21292
6.3159	0.21418
6.3236	0.21535
6.3314	0.21644
6.3391	0.21746
6.3469	0.21839
6.3546	0.21912
6.3624	0.21972
6.3703	0.22027
6.3781	0.22068
6.3859	0.22099
6.3938	0.22126
6.4017	0.22143
6.4096	0.22154
6.4176	0.22160
6.4255	0.22141
6.4335	0.22112
6.4415	0.22079
6.4495	0.22034
6.4575	0.21980
6.4656	0.21920
6.4736	0.21857
6.4817	0.21789
6.4898	0.21721
6.498	0.21652
6.5061	0.21572
6.5143	0.21492
6.5225	0.21421
6.5307	0.21345
6.539	0.21263
6.5472	0.21180
6.5555	0.21093
6.5638	0.21000
6.5721	0.20908
6.5804	0.20807
6.5888	0.20703
6.5972	0.20601
6.6056	0.20492
6.614	0.20390
6.6225	0.20292
6.6309	0.20197
6.6394	0.20103
6.6479	0.20005
6.6565	0.19915
6.665	0.19836
6.6736	0.19761
6.6822	0.19688
6.6908	0.19618
6.6995	0.19555
6.7081	0.19493
6.7168	0.19428
6.7255	0.19366
6.7343	0.19307
6.743	0.19248
6.7518	0.19191
6.7606	0.19128
6.7694	0.19063
6.7783	0.19000
6.7871	0.18943
6.796	0.18887
6.805	0.18833
6.8139	0.18786
6.8229	0.18741
6.8319	0.18689
6.8409	0.18625
6.8499	0.18553
6.859	0.18485
6.868	0.18417
6.8772	0.18347
6.8863	0.18285
6.8955	0.18232
6.9046	0.18183
6.9138	0.18132
6.9231	0.18075
6.9323	0.18012
6.9416	0.17939
6.9509	0.17862
6.9602	0.17777
6.9696	0.17685
6.979	0.17593
6.9884	0.17503
6.9978	0.17414
7.0073	0.17323
7.0168	0.17229
7.0263	0.17133
7.0358	0.17039
7.0454	0.16947
7.0549	0.16849
7.0645	0.16749
7.0742	0.16647
7.0839	0.16540
7.0935	0.16426
7.1033	0.16309
7.113	0.16176
7.1228	0.16032
7.1326	0.15887
7.1424	0.15748
7.1522	0.15611
7.1621	0.15475
7.172	0.15337
7.182	0.15198
7.1919	0.15055
7.2019	0.14912
7.2119	0.14761
7.222	0.14611
7.232	0.14461
7.2421	0.14304
7.2523	0.14144
7.2624	0.13981
7.2726	0.13814
7.2828	0.13643
7.2931	0.13469
7.3033	0.13300
7.3136	0.13127
7.324	0.12947
7.3343	0.12764
7.3447	0.12581
7.3551	0.12391
7.3656	0.12201
7.3761	0.12005
7.3866	0.11806
7.3971	0.11602
7.4077	0.11399
7.4183	0.11196
7.4289	0.10992
7.4396	0.10784
7.4503	0.10576
7.461	0.10363
7.4717	0.10152
7.4825	0.09942
7.4933	0.09729
7.5042	0.09517
7.515	0.09307
7.5259	0.09090
7.5369	0.08873
7.5479	0.08655
7.5589	0.08437
7.5699	0.08221
7.581	0.08007
7.592	0.07787
7.6032	0.07570
7.6143	0.07349
7.6255	0.07125
7.6368	0.06904
7.648	0.06685
7.6593	0.06458
7.6707	0.06235
7.682	0.06010
7.6934	0.05785
7.7049	0.05563
7.7163	0.05342
7.7278	0.05118
7.7394	0.04903
7.7509	0.04689
7.7625	0.04475
7.7742	0.04267
7.7858	0.04068
7.7975	0.03871
7.8093	0.03678
7.8211	0.03490
7.8329	0.03313
7.8447	0.03137
7.8566	0.02970
7.8685	0.02811
7.8805	0.02660
7.8925	0.02516
7.9045	0.02384
7.9166	0.02261
7.9287	0.02148
7.9408	0.02043
7.953	0.01953
7.9652	0.01873
7.9775	0.01805
7.9898	0.01747
8.0021	0.01702
8.0145	0.01671
8.0269	0.01660
8.0393	0.01664
8.0518	0.01689
8.0643	0.01737
8.0769	0.01808
8.0895	0.01900
8.1021	0.02020
8.1148	0.02171
8.1275	0.02347
8.1403	0.02555
8.1531	0.02796
8.1659	0.03063
8.1788	0.03363
8.1917	0.03682
8.2047	0.04019
8.2177	0.04371
8.2307	0.04723
8.2438	0.05066
8.257	0.05391
8.2701	0.05676
8.2833	0.05914
8.2966	0.06104
8.3099	0.06244
8.3232	0.06336
8.3366	0.06388
8.35	0.06409
8.3635	0.06411
8.377	0.06402
8.3905	0.06389
8.4042	0.06373
8.4178	0.06356
8.4315	0.06337
8.4452	0.06319
8.459	0.06299
8.4728	0.06280
8.4867	0.06254
8.5006	0.06228
8.5145	0.06204
8.5285	0.06187
8.5426	0.06171
8.5567	0.06153
8.5708	0.06141
8.585	0.06130
8.5993	0.06119
8.6135	0.06109
8.6279	0.06098
8.6423	0.06088
8.6567	0.06072
8.6712	0.06053
8.6857	0.06036
8.7003	0.06024
8.7149	0.06013
8.7295	0.06002
8.7443	0.05996
8.759	0.05986
8.7739	0.05974
8.7887	0.05970
8.8037	0.05962
8.8186	0.05955
8.8337	0.05954
8.8487	0.05951
8.8638	0.05940
8.879	0.05924
8.8943	0.05901
8.9095	0.05872
8.9249	0.05831
8.9403	0.05785
8.9557	0.05730
8.9712	0.05667
8.9868	0.05589
9.0023	0.05517
9.018	0.05446
9.0337	0.05369
9.0495	0.05290
9.0653	0.05208
9.0812	0.05127
9.0971	0.05049
9.1131	0.04965
9.1291	0.04887
9.1452	0.04813
9.1614	0.04746
9.1776	0.04692
9.1939	0.04654
9.2102	0.04628
9.2266	0.04614
9.243	0.04607
9.2595	0.04611
9.2761	0.04626
9.2927	0.04651
9.3094	0.04689
9.3262	0.04727
9.343	0.04764
9.3598	0.04808
9.3768	0.04853
9.3938	0.04893
9.4108	0.04939
9.4279	0.04993
9.4451	0.05048
9.4623	0.05109
9.4796	0.05176
9.497	0.05246
9.5144	0.05318
9.5319	0.05399
9.5494	0.05480
9.567	0.05563
9.5847	0.05653
9.6025	0.05741
9.6203	0.05827
9.6382	0.05914
9.6561	0.05999
9.6742	0.06073
9.6922	0.06137
9.7104	0.06200
9.7286	0.06252
9.7469	0.06291
9.7652	0.06325
9.7837	0.06357
9.8022	0.06381
9.8207	0.06403
9.8394	0.06421
9.8581	0.06437
9.8768	0.06456
9.8957	0.06469
9.9146	0.06465
9.9336	0.06459
9.9527	0.06457
9.9718	0.06459
9.991	0.06465
10.0103	0.06465
10.0297	0.06456
10.0491	0.06443
10.0686	0.06437
10.0882	0.06431
10.1079	0.06421
10.1276	0.06412
10.1475	0.06403
10.1673	0.06397
10.1873	0.06391
10.2074	0.06387
10.2275	0.06393
10.2477	0.06412
10.268	0.06448
10.2884	0.06499
10.3088	0.06561
10.3294	0.06631
10.35	0.06698
10.3707	0.06768
10.3915	0.06836
10.4123	0.06904
10.4333	0.06971
10.4543	0.07023
10.4754	0.07071
10.4967	0.07114
10.5179	0.07151
10.5393	0.07194
10.5608	0.07235
10.5823	0.07265
10.604	0.07296
10.6257	0.07331
10.6475	0.07362
10.6694	0.07389
10.6914	0.07414
10.7135	0.07445
10.7357	0.07471
10.758	0.07491
10.7803	0.07517
10.8028	0.07536
10.8254	0.07539
10.848	0.07541
10.8708	0.07537
10.8936	0.07516
10.9165	0.07494
10.9395	0.07473
10.9627	0.07448
10.9859	0.07429
11.0092	0.07409
11.0327	0.07398
11.0562	0.07398
11.0798	0.07403
11.1035	0.07414
11.1274	0.07435
11.1513	0.07471
11.1753	0.07524
11.1995	0.07591
11.2237	0.07677
11.248	0.07782
11.2725	0.07904
11.2971	0.08037
11.3217	0.08175
11.3465	0.08324
11.3714	0.08480
11.3964	0.08625
11.4215	0.08765
11.4467	0.08895
11.472	0.09011
11.4975	0.09115
11.523	0.09210
11.5487	0.09296
11.5744	0.09375
11.6003	0.09440
11.6263	0.09511
11.6525	0.09599
11.6787	0.09690
11.7051	0.09793
11.7316	0.09911
11.7582	0.10032
11.7849	0.10162
11.8117	0.10318
11.8387	0.10487
11.8658	0.10676
11.893	0.10877
11.9203	0.11083
11.9478	0.11300
11.9754	0.11516
12.0031	0.11737
12.031	0.11949
12.059	0.12137
12.0871	0.12293
12.1153	0.12403
12.1437	0.12455
12.1722	0.12453
12.2008	0.12389
12.2296	0.12252
12.2585	0.12039
12.2876	0.11750
12.3168	0.11387
12.3461	0.10957
12.3755	0.10478
12.4052	0.09968
12.4349	0.09438
12.4648	0.08904
12.4948	0.08380
12.525	0.07884
12.5553	0.07427
12.5858	0.07014
12.6164	0.06634
12.6472	0.06265
12.6781	0.05916
12.7092	0.05599
12.7404	0.05316
12.7718	0.05079
12.8033	0.04892
12.835	0.04739
12.8669	0.04604
12.8989	0.04493
12.9311	0.04408
12.9634	0.04333
12.9959	0.04263
13.0285	0.04203
13.0613	0.04156
13.0943	0.04121
13.1275	0.04089
13.1608	0.04062
13.1943	0.04044
13.228	0.04038
13.2618	0.04045
13.2958	0.04043
13.33	0.04039
13.3643	0.04048
13.3988	0.04048
13.4336	0.04038
13.4685	0.04021
13.5035	0.04007
13.5388	0.03987
13.5742	0.03960
13.6099	0.03947
13.6457	0.03949
13.6817	0.03961
13.7179	0.03975
13.7543	0.03998
13.7908	0.04027
13.8276	0.04050
13.8646	0.04060
13.9018	0.04053
13.9392	0.04013
13.9767	0.03959
14.0145	0.03910
14.0525	0.03865
14.0907	0.03804
14.129	0.03739
14.1676	0.03679
14.2065	0.03608
14.2455	0.03534
14.2847	0.03473
14.3242	0.03415
14.3639	0.03355
14.4038	0.03297
14.4439	0.03241
14.4843	0.03194
14.5248	0.03156
14.5656	0.03122
14.6067	0.03102
14.6479	0.03080
14.6894	0.03064
14.7312	0.03064
14.7731	0.03056
14.8153	0.03038
14.8578	0.03030
14.9005	0.03039
14.9434	0.03062
14.9866	0.03092
15.03	0.03130
15.0737	0.03180
15.1177	0.03241
15.1619	0.03310
15.2063	0.03428
15.2511	0.03582
15.2961	0.03764
15.3413	0.03975
15.3868	0.04207
15.4326	0.04448
15.4787	0.04673
15.525	0.04886
15.5717	0.05075
15.6186	0.05226
15.6658	0.05352
15.7132	0.05470
15.761	0.05579
15.809	0.05651
15.8574	0.05701
15.906	0.05720
15.955	0.05718
16.0042	0.05682
16.0538	0.05608
16.1036	0.05532
16.1538	0.05457
16.2043	0.05413
16.2551	0.05395
16.3062	0.05429
16.3576	0.05501
16.4094	0.05595
16.4615	0.05714
16.5139	0.05842
16.5667	0.05951
16.6198	0.06056
16.6732	0.06163
16.727	0.06268
16.7811	0.06355
16.8356	0.06420
16.8905	0.06445
16.9457	0.06427
17.0012	0.06383
17.0572	0.06316
17.1134	0.06213
17.1701	0.06114
17.2272	0.06043
17.2846	0.05997
17.3424	0.05973
17.4006	0.05962
17.4592	0.05958
17.5182	0.05964
17.5775	0.05938
17.6373	0.05893
17.6975	0.05838
17.7581	0.05762
17.8192	0.05673
17.8806	0.05604
17.9425	0.05554
18.0048	0.05528
18.0675	0.05555
18.1307	0.05633
18.1943	0.05751
18.2584	0.05891
18.3229	0.06072
18.3879	0.06240
18.4533	0.06347
18.5192	0.06383
18.5856	0.06361
18.6524	0.06291
18.7198	0.06199
18.7876	0.06094
18.8559	0.06012
18.9247	0.05928
18.9941	0.05828
19.0639	0.05751
19.1342	0.05728
19.2051	0.05698
19.2765	0.05673
19.3484	0.05669
19.4209	0.05659
19.4939	0.05652
19.5675	0.05622
19.6416	0.05574
19.7163	0.05514
19.7915	0.05442
19.8673	0.05329
19.9438	0.05225
20.0208	0.05114
20.0984	0.04957
20.1766	0.04749
20.2554	0.04592
20.3348	0.04426
20.4149	0.04268
20.4956	0.04154
20.5769	0.04147
20.6589	0.04183
20.7416	0.04170
20.8248	0.04163
20.9088	0.04182
20.9935	0.04173
21.0788	0.04173
21.1648	0.04173
21.2516	0.04238
21.3391	0.04293
21.4272	0.04318
21.5161	0.04334
21.6058	0.04279
21.6962	0.04258
21.7873	0.04279
21.8793	0.04263
21.972	0.04207
22.0654	0.04097
22.1597	0.03996
22.2548	0.04018
22.3508	0.04087
22.4475	0.04084
22.5451	0.04128
22.6436	0.04274
22.7429	0.04463
22.8431	0.04634
22.9442	0.04813
23.0461	0.04991
23.149	0.05157
23.2528	0.05234
23.3576	0.05346
23.4633	0.05481
23.5699	0.05565
23.6775	0.05623
23.7861	0.05678
23.8958	0.05672
24.0064	0.05649
24.118	0.05624
24.2307	0.05596
24.3445	0.05560
24.4593	0.05582
24.5753	0.05615
24.6923	0.05597
24.8104	0.05632
24.9297	0.05704
25.0501	0.05745
25.1717	0.05813
25.2945	0.05917
25.4185	0.06069
25.5437	0.06250
25.6702	0.06319
25.7979	0.06320
25.9269	0.06380
26.0572	0.06448
26.1888	0.06471
26.3217	0.06485
26.456	0.06513
26.5917	0.06538
26.7288	0.06543
26.8672	0.06530
27.0072	0.06549
27.1486	0.06577
27.2915	0.06593
27.4359	0.06588
27.5818	0.06549
27.7293	0.06507
27.8784	0.06459
28.0291	0.06482
28.1814	0.06500
28.3354	0.06429
28.4911	0.06391
28.6485	0.06415
28.8077	0.06494
28.9686	0.06553
29.1313	0.06535
29.2959	0.06441
29.4624	0.06439
29.6307	0.06463
29.801	0.06485
29.9733	0.06441
30.1475	0.06348
30.3238	0.06301
30.5022	0.06290
30.6827	0.06195
30.8653	0.06095
31.0502	0.05979
31.2372	0.05917
31.4265	0.06012
31.6182	0.06119
31.8121	0.06203
32.0085	0.06278
32.2073	0.06345
32.4086	0.06471
32.6124	0.06606
32.8188	0.06814
33.0279	0.07026
33.2396	0.07038
33.4541	0.06983
33.6713	0.06996
33.8914	0.07005
34.1143	0.06999
34.3403	0.07022
34.5692	0.06903
34.8012	0.06718
35.0363	0.06610
35.2747	0.06547
35.5163	0.06575
35.7612	0.06667
36.0096	0.06670
36.2614	0.06515
36.5167	0.06389
36.7757	0.06202
37.0384	0.05991
37.3049	0.05819
37.5752	0.05619
37.8495	0.05419
38.1278	0.05197
38.4102	0.04937
38.6968	0.04827
38.9878	0.04833
39.2832	0.04727
39.583	0.04659
39.8875	0.04719
40.1967	0.04766
40.5108	0.04796
40.8298	0.04821
41.1538	0.05001
41.483	0.05257
41.8176	0.05455
42.1575	0.05520
42.5031	0.05735
42.8544	0.05918
43.2115	0.05963
43.5746	0.06021
43.9439	0.06136
44.3195	0.06216
44.7015	0.06246
45.0902	0.06307
45.4858	0.06348
45.8883	0.06231
46.298	0.06469
46.7151	0.06459
47.1398	0.06386
47.5723	0.06467
48.0128	0.06534
48.4615	0.06488
48.9187	0.06535
49.3846	0.06510
49.8594	0.06585
