Brown University Keck/NASA Relab Spectrum PL-J1H-093/BKR1PL093
Wavelength(micron)	Reflectance
0.28	0.16523
0.285	0.12665
0.29	0.12126
0.295	0.12665
0.3	0.13503
0.305	0.14519
0.31	0.15508
0.315	0.16417
0.32	0.17118
0.325	0.17779
0.33	0.18387
0.335	0.18973
0.34	0.19582
0.345	0.20274
0.35	0.20970
0.355	0.21691
0.36	0.22570
0.365	0.23506
0.37	0.24415
0.375	0.25399
0.38	0.26264
0.385	0.27181
0.39	0.28286
0.395	0.29088
0.4	0.29790
0.405	0.30468
0.41	0.30940
0.415	0.31496
0.42	0.31973
0.425	0.32489
0.43	0.32963
0.435	0.33401
0.44	0.33875
0.445	0.34403
0.45	0.34722
0.455	0.35215
0.46	0.35582
0.465	0.35949
0.47	0.36305
0.475	0.36611
0.48	0.36930
0.485	0.37298
0.49	0.37538
0.495	0.37922
0.5	0.38142
0.505	0.38555
0.51	0.38845
0.515	0.39233
0.52	0.39575
0.525	0.39890
0.53	0.40257
0.535	0.40546
0.54	0.40827
0.545	0.41078
0.55	0.41324
0.555	0.41514
0.56	0.41873
0.565	0.42141
0.57	0.42333
0.575	0.42583
0.58	0.42799
0.585	0.43049
0.59	0.43234
0.595	0.43485
0.6	0.43642
0.605	0.43879
0.61	0.44046
0.615	0.44233
0.62	0.44484
0.625	0.44586
0.63	0.44847
0.635	0.44999
0.64	0.45193
0.645	0.45323
0.65	0.45559
0.655	0.45684
0.66	0.45868
0.665	0.46074
0.67	0.46120
0.675	0.46251
0.68	0.46435
0.685	0.46589
0.69	0.46708
0.695	0.46923
0.7	0.47065
0.705	0.47348
0.71	0.47462
0.715	0.47779
0.72	0.47813
0.725	0.48028
0.73	0.48274
0.735	0.48485
0.74	0.48632
0.745	0.48792
0.75	0.48992
0.755	0.49182
0.76	0.49325
0.765	0.49579
0.77	0.49674
0.775	0.49923
0.78	0.50032
0.785	0.50211
0.79	0.50453
0.795	0.50498
0.8	0.50773
0.805	0.50941
0.81	0.51002
0.815	0.51120
0.82	0.51334
0.825	0.51319
0.83	0.51473
0.835	0.51569
0.84	0.51748
0.845	0.51808
0.85	0.51961
0.855	0.52033
0.86	0.52102
0.865	0.52344
0.87	0.52357
0.875	0.52392
0.88	0.52576
0.885	0.52721
0.89	0.52762
0.895	0.52874
0.9	0.53099
0.905	0.53107
0.91	0.53285
0.915	0.53385
0.92	0.53506
0.925	0.53798
0.93	0.53669
0.935	0.53849
0.94	0.54056
0.945	0.54243
0.95	0.54349
0.955	0.54483
0.96	0.54595
0.965	0.54628
0.97	0.54720
0.975	0.54871
0.98	0.55146
0.985	0.55112
0.99	0.55293
0.995	0.55489
1	0.55352
1.005	0.55610
1.01	0.55732
1.015	0.55766
1.02	0.55887
1.025	0.56121
1.03	0.56155
1.035	0.56331
1.04	0.56480
1.045	0.56495
1.05	0.56746
1.0503	0.56745
1.0505	0.56775
1.0507	0.56778
1.0509	0.56758
1.0511	0.56758
1.0513	0.56781
1.0515	0.56797
1.0517	0.56778
1.0519	0.56765
1.0522	0.56766
1.0524	0.56791
1.0526	0.56813
1.0528	0.56828
1.053	0.56838
1.0532	0.56825
1.0534	0.56817
1.0537	0.56820
1.0539	0.56832
1.0541	0.56841
1.0543	0.56848
1.0545	0.56846
1.0547	0.56856
1.0549	0.56864
1.0552	0.56874
1.0554	0.56858
1.0556	0.56852
1.0558	0.56868
1.056	0.56894
1.0562	0.56901
1.0564	0.56908
1.0567	0.56928
1.0569	0.56925
1.0571	0.56910
1.0573	0.56888
1.0575	0.56882
1.0578	0.56915
1.058	0.56923
1.0582	0.56921
1.0584	0.56932
1.0586	0.56932
1.0588	0.56933
1.059	0.56944
1.0593	0.56964
1.0595	0.56974
1.0597	0.56981
1.0599	0.56967
1.0601	0.56963
1.0603	0.56956
1.0606	0.56970
1.0608	0.56999
1.061	0.56993
1.0612	0.56965
1.0614	0.56969
1.0616	0.57010
1.0619	0.57002
1.0621	0.57001
1.0623	0.57004
1.0625	0.57011
1.0627	0.57020
1.0629	0.57034
1.0632	0.57041
1.0634	0.57027
1.0636	0.57043
1.0638	0.57036
1.064	0.57022
1.0643	0.57043
1.0645	0.57072
1.0647	0.57052
1.0649	0.57051
1.0651	0.57065
1.0653	0.57080
1.0656	0.57076
1.0658	0.57060
1.066	0.57073
1.0662	0.57087
1.0664	0.57088
1.0667	0.57087
1.0669	0.57086
1.0671	0.57094
1.0673	0.57118
1.0676	0.57127
1.0678	0.57124
1.068	0.57114
1.0682	0.57123
1.0684	0.57126
1.0687	0.57130
1.0689	0.57126
1.0691	0.57131
1.0693	0.57143
1.0695	0.57148
1.0698	0.57155
1.07	0.57170
1.0702	0.57192
1.0704	0.57185
1.0706	0.57179
1.0708	0.57196
1.0711	0.57208
1.0713	0.57203
1.0715	0.57194
1.0717	0.57171
1.072	0.57184
1.0722	0.57221
1.0724	0.57232
1.0726	0.57228
1.0728	0.57216
1.0731	0.57206
1.0733	0.57203
1.0735	0.57214
1.0737	0.57264
1.074	0.57265
1.0742	0.57235
1.0744	0.57248
1.0746	0.57261
1.0748	0.57241
1.0751	0.57245
1.0753	0.57256
1.0755	0.57273
1.0757	0.57280
1.076	0.57288
1.0762	0.57294
1.0764	0.57283
1.0766	0.57267
1.0769	0.57274
1.0771	0.57295
1.0773	0.57306
1.0775	0.57312
1.0778	0.57320
1.078	0.57343
1.0782	0.57338
1.0784	0.57322
1.0787	0.57338
1.0789	0.57347
1.0791	0.57341
1.0793	0.57341
1.0796	0.57349
1.0798	0.57381
1.08	0.57407
1.0802	0.57385
1.0804	0.57363
1.0807	0.57360
1.0809	0.57359
1.0811	0.57372
1.0813	0.57387
1.0816	0.57392
1.0818	0.57364
1.082	0.57356
1.0823	0.57378
1.0825	0.57395
1.0827	0.57397
1.0829	0.57417
1.0832	0.57430
1.0834	0.57442
1.0836	0.57446
1.0838	0.57440
1.0841	0.57427
1.0843	0.57415
1.0845	0.57430
1.0847	0.57438
1.085	0.57439
1.0852	0.57454
1.0854	0.57483
1.0857	0.57491
1.0859	0.57487
1.0861	0.57487
1.0863	0.57485
1.0866	0.57508
1.0868	0.57513
1.087	0.57495
1.0873	0.57506
1.0875	0.57507
1.0877	0.57497
1.0879	0.57499
1.0882	0.57517
1.0884	0.57519
1.0886	0.57505
1.0888	0.57504
1.0891	0.57497
1.0893	0.57505
1.0895	0.57508
1.0898	0.57534
1.09	0.57551
1.0902	0.57539
1.0904	0.57544
1.0907	0.57569
1.0909	0.57582
1.0911	0.57582
1.0914	0.57575
1.0916	0.57578
1.0918	0.57592
1.0921	0.57588
1.0923	0.57562
1.0925	0.57551
1.0928	0.57580
1.093	0.57606
1.0932	0.57625
1.0934	0.57623
1.0937	0.57602
1.0939	0.57599
1.0941	0.57607
1.0944	0.57591
1.0946	0.57595
1.0948	0.57624
1.0951	0.57652
1.0953	0.57668
1.0955	0.57653
1.0958	0.57644
1.096	0.57659
1.0962	0.57678
1.0964	0.57692
1.0967	0.57693
1.0969	0.57676
1.0971	0.57673
1.0974	0.57676
1.0976	0.57665
1.0978	0.57666
1.0981	0.57694
1.0983	0.57710
1.0985	0.57700
1.0988	0.57701
1.099	0.57691
1.0992	0.57697
1.0995	0.57721
1.0997	0.57718
1.0999	0.57718
1.1002	0.57730
1.1004	0.57742
1.1006	0.57714
1.1009	0.57711
1.1011	0.57753
1.1013	0.57758
1.1016	0.57739
1.1018	0.57744
1.102	0.57764
1.1023	0.57772
1.1025	0.57777
1.1027	0.57813
1.103	0.57816
1.1032	0.57798
1.1034	0.57777
1.1037	0.57770
1.1039	0.57790
1.1042	0.57795
1.1044	0.57795
1.1046	0.57800
1.1048	0.57812
1.1051	0.57831
1.1053	0.57826
1.1056	0.57808
1.1058	0.57812
1.106	0.57827
1.1063	0.57834
1.1065	0.57844
1.1067	0.57849
1.107	0.57833
1.1072	0.57841
1.1074	0.57865
1.1077	0.57862
1.1079	0.57859
1.1082	0.57871
1.1084	0.57883
1.1086	0.57899
1.1089	0.57918
1.1091	0.57891
1.1093	0.57855
1.1096	0.57882
1.1098	0.57909
1.1101	0.57909
1.1103	0.57894
1.1105	0.57905
1.1108	0.57911
1.111	0.57912
1.1113	0.57913
1.1115	0.57926
1.1117	0.57939
1.112	0.57930
1.1122	0.57932
1.1124	0.57944
1.1127	0.57930
1.1129	0.57929
1.1132	0.57955
1.1134	0.57976
1.1136	0.57982
1.1139	0.57989
1.1141	0.57988
1.1143	0.57984
1.1146	0.58007
1.1148	0.58014
1.1151	0.57995
1.1153	0.57990
1.1156	0.57994
1.1158	0.58006
1.116	0.58010
1.1163	0.58018
1.1165	0.58033
1.1168	0.58022
1.117	0.58027
1.1172	0.58049
1.1175	0.58062
1.1177	0.58072
1.118	0.58068
1.1182	0.58059
1.1184	0.58065
1.1187	0.58051
1.1189	0.58052
1.1192	0.58061
1.1194	0.58065
1.1197	0.58069
1.1199	0.58062
1.1201	0.58063
1.1204	0.58070
1.1206	0.58068
1.1209	0.58070
1.1211	0.58085
1.1213	0.58097
1.1216	0.58108
1.1218	0.58109
1.1221	0.58102
1.1223	0.58106
1.1226	0.58121
1.1228	0.58141
1.123	0.58141
1.1233	0.58134
1.1235	0.58140
1.1238	0.58146
1.124	0.58147
1.1243	0.58144
1.1245	0.58151
1.1248	0.58162
1.125	0.58158
1.1252	0.58166
1.1255	0.58172
1.1257	0.58183
1.126	0.58182
1.1262	0.58172
1.1265	0.58183
1.1267	0.58199
1.1269	0.58191
1.1272	0.58170
1.1274	0.58181
1.1277	0.58209
1.1279	0.58227
1.1282	0.58209
1.1284	0.58209
1.1287	0.58228
1.1289	0.58224
1.1292	0.58209
1.1294	0.58212
1.1297	0.58232
1.1299	0.58243
1.1301	0.58239
1.1304	0.58239
1.1306	0.58240
1.1309	0.58242
1.1311	0.58254
1.1314	0.58261
1.1316	0.58254
1.1319	0.58270
1.1321	0.58284
1.1324	0.58279
1.1326	0.58279
1.1329	0.58288
1.1331	0.58300
1.1333	0.58306
1.1336	0.58313
1.1338	0.58329
1.1341	0.58332
1.1343	0.58319
1.1346	0.58323
1.1348	0.58324
1.1351	0.58336
1.1353	0.58342
1.1356	0.58352
1.1358	0.58360
1.1361	0.58363
1.1363	0.58357
1.1366	0.58338
1.1368	0.58329
1.1371	0.58330
1.1373	0.58352
1.1376	0.58363
1.1378	0.58370
1.1381	0.58374
1.1383	0.58388
1.1386	0.58401
1.1388	0.58393
1.1391	0.58377
1.1393	0.58387
1.1396	0.58410
1.1398	0.58416
1.1401	0.58419
1.1403	0.58433
1.1406	0.58419
1.1408	0.58399
1.1411	0.58401
1.1413	0.58404
1.1416	0.58421
1.1418	0.58433
1.1421	0.58448
1.1423	0.58460
1.1426	0.58452
1.1428	0.58440
1.1431	0.58452
1.1433	0.58468
1.1436	0.58464
1.1438	0.58450
1.1441	0.58460
1.1444	0.58473
1.1446	0.58478
1.1449	0.58475
1.1451	0.58482
1.1454	0.58489
1.1456	0.58483
1.1459	0.58498
1.1461	0.58512
1.1464	0.58514
1.1466	0.58512
1.1469	0.58504
1.1471	0.58515
1.1474	0.58519
1.1477	0.58511
1.1479	0.58529
1.1482	0.58560
1.1484	0.58563
1.1487	0.58536
1.1489	0.58538
1.1492	0.58557
1.1494	0.58557
1.1497	0.58568
1.1499	0.58578
1.1502	0.58572
1.1504	0.58568
1.1507	0.58578
1.151	0.58587
1.1512	0.58597
1.1515	0.58595
1.1517	0.58599
1.152	0.58614
1.1522	0.58603
1.1525	0.58602
1.1528	0.58609
1.153	0.58619
1.1533	0.58619
1.1535	0.58628
1.1538	0.58637
1.154	0.58631
1.1543	0.58632
1.1546	0.58639
1.1548	0.58649
1.1551	0.58655
1.1553	0.58658
1.1556	0.58660
1.1558	0.58662
1.1561	0.58655
1.1564	0.58660
1.1566	0.58669
1.1569	0.58670
1.1571	0.58679
1.1574	0.58691
1.1577	0.58699
1.1579	0.58691
1.1582	0.58668
1.1584	0.58684
1.1587	0.58709
1.1589	0.58707
1.1592	0.58695
1.1595	0.58718
1.1597	0.58748
1.16	0.58733
1.1602	0.58720
1.1605	0.58733
1.1608	0.58735
1.161	0.58736
1.1613	0.58746
1.1615	0.58756
1.1618	0.58761
1.1621	0.58755
1.1623	0.58752
1.1626	0.58758
1.1628	0.58778
1.1631	0.58788
1.1634	0.58776
1.1636	0.58776
1.1639	0.58802
1.1641	0.58802
1.1644	0.58800
1.1647	0.58815
1.1649	0.58823
1.1652	0.58819
1.1654	0.58813
1.1657	0.58820
1.166	0.58820
1.1662	0.58817
1.1665	0.58827
1.1668	0.58848
1.167	0.58848
1.1673	0.58838
1.1676	0.58851
1.1678	0.58861
1.1681	0.58854
1.1683	0.58849
1.1686	0.58850
1.1689	0.58842
1.1691	0.58848
1.1694	0.58875
1.1697	0.58894
1.1699	0.58898
1.1702	0.58898
1.1704	0.58894
1.1707	0.58888
1.171	0.58888
1.1712	0.58895
1.1715	0.58910
1.1718	0.58912
1.172	0.58908
1.1723	0.58911
1.1726	0.58927
1.1728	0.58938
1.1731	0.58931
1.1734	0.58933
1.1736	0.58946
1.1739	0.58960
1.1742	0.58954
1.1744	0.58950
1.1747	0.58958
1.175	0.58952
1.1752	0.58962
1.1755	0.58958
1.1758	0.58967
1.176	0.58985
1.1763	0.58978
1.1766	0.58962
1.1768	0.58974
1.1771	0.58988
1.1774	0.59000
1.1776	0.59013
1.1779	0.59016
1.1782	0.59016
1.1784	0.59018
1.1787	0.59018
1.179	0.59010
1.1792	0.59023
1.1795	0.59041
1.1798	0.59035
1.18	0.59032
1.1803	0.59029
1.1806	0.59035
1.1808	0.59054
1.1811	0.59059
1.1814	0.59055
1.1817	0.59056
1.1819	0.59069
1.1822	0.59071
1.1825	0.59070
1.1827	0.59092
1.183	0.59097
1.1833	0.59082
1.1835	0.59072
1.1838	0.59084
1.1841	0.59091
1.1843	0.59117
1.1846	0.59126
1.1849	0.59122
1.1852	0.59129
1.1854	0.59133
1.1857	0.59134
1.186	0.59142
1.1863	0.59129
1.1865	0.59132
1.1868	0.59152
1.1871	0.59149
1.1873	0.59145
1.1876	0.59155
1.1879	0.59166
1.1882	0.59175
1.1884	0.59184
1.1887	0.59179
1.189	0.59177
1.1892	0.59188
1.1895	0.59195
1.1898	0.59192
1.1901	0.59203
1.1903	0.59220
1.1906	0.59218
1.1909	0.59218
1.1912	0.59221
1.1914	0.59214
1.1917	0.59215
1.192	0.59235
1.1923	0.59244
1.1925	0.59255
1.1928	0.59265
1.1931	0.59272
1.1933	0.59270
1.1936	0.59264
1.1939	0.59269
1.1942	0.59265
1.1944	0.59264
1.1947	0.59281
1.195	0.59293
1.1953	0.59290
1.1956	0.59298
1.1958	0.59304
1.1961	0.59307
1.1964	0.59310
1.1967	0.59315
1.1969	0.59325
1.1972	0.59324
1.1975	0.59325
1.1978	0.59328
1.198	0.59332
1.1983	0.59328
1.1986	0.59330
1.1989	0.59338
1.1992	0.59347
1.1994	0.59347
1.1997	0.59356
1.2	0.59367
1.2003	0.59366
1.2005	0.59363
1.2008	0.59371
1.2011	0.59368
1.2014	0.59368
1.2017	0.59369
1.2019	0.59377
1.2022	0.59395
1.2025	0.59407
1.2028	0.59409
1.203	0.59409
1.2033	0.59397
1.2036	0.59395
1.2039	0.59409
1.2042	0.59419
1.2044	0.59417
1.2047	0.59422
1.205	0.59433
1.2053	0.59444
1.2056	0.59449
1.2058	0.59453
1.2061	0.59451
1.2064	0.59457
1.2067	0.59469
1.207	0.59466
1.2072	0.59471
1.2075	0.59483
1.2078	0.59495
1.2081	0.59509
1.2084	0.59505
1.2087	0.59487
1.2089	0.59493
1.2092	0.59518
1.2095	0.59519
1.2098	0.59512
1.2101	0.59516
1.2103	0.59522
1.2106	0.59523
1.2109	0.59536
1.2112	0.59541
1.2115	0.59537
1.2118	0.59539
1.212	0.59554
1.2123	0.59562
1.2126	0.59548
1.2129	0.59544
1.2132	0.59559
1.2135	0.59569
1.2137	0.59589
1.214	0.59609
1.2143	0.59617
1.2146	0.59605
1.2149	0.59597
1.2152	0.59621
1.2154	0.59617
1.2157	0.59600
1.216	0.59603
1.2163	0.59614
1.2166	0.59634
1.2169	0.59639
1.2172	0.59647
1.2174	0.59659
1.2177	0.59650
1.218	0.59656
1.2183	0.59671
1.2186	0.59665
1.2189	0.59671
1.2192	0.59679
1.2194	0.59680
1.2197	0.59677
1.22	0.59693
1.2203	0.59708
1.2206	0.59697
1.2209	0.59694
1.2212	0.59702
1.2215	0.59697
1.2218	0.59701
1.222	0.59709
1.2223	0.59724
1.2226	0.59741
1.2229	0.59746
1.2232	0.59749
1.2235	0.59754
1.2238	0.59758
1.2241	0.59760
1.2243	0.59757
1.2246	0.59765
1.2249	0.59763
1.2252	0.59762
1.2255	0.59773
1.2258	0.59784
1.2261	0.59787
1.2264	0.59780
1.2267	0.59784
1.227	0.59801
1.2273	0.59810
1.2275	0.59802
1.2278	0.59798
1.2281	0.59805
1.2284	0.59825
1.2287	0.59833
1.229	0.59831
1.2293	0.59835
1.2296	0.59839
1.2299	0.59828
1.2302	0.59833
1.2304	0.59846
1.2307	0.59852
1.231	0.59874
1.2313	0.59892
1.2316	0.59893
1.2319	0.59889
1.2322	0.59883
1.2325	0.59883
1.2328	0.59893
1.2331	0.59898
1.2334	0.59893
1.2337	0.59901
1.234	0.59917
1.2343	0.59930
1.2346	0.59928
1.2348	0.59917
1.2351	0.59929
1.2354	0.59933
1.2357	0.59930
1.236	0.59936
1.2363	0.59942
1.2366	0.59952
1.2369	0.59964
1.2372	0.59975
1.2375	0.59976
1.2378	0.59979
1.2381	0.59981
1.2384	0.59977
1.2387	0.59986
1.239	0.59994
1.2393	0.59995
1.2396	0.60005
1.2399	0.60020
1.2402	0.60017
1.2405	0.60016
1.2408	0.60029
1.2411	0.60043
1.2413	0.60040
1.2417	0.60033
1.2419	0.60039
1.2422	0.60054
1.2425	0.60069
1.2428	0.60070
1.2431	0.60066
1.2434	0.60073
1.2437	0.60071
1.244	0.60081
1.2443	0.60095
1.2446	0.60100
1.2449	0.60101
1.2452	0.60103
1.2455	0.60110
1.2458	0.60114
1.2461	0.60112
1.2464	0.60117
1.2467	0.60117
1.247	0.60124
1.2473	0.60136
1.2476	0.60135
1.2479	0.60151
1.2482	0.60173
1.2485	0.60176
1.2488	0.60169
1.2491	0.60161
1.2494	0.60172
1.2497	0.60167
1.25	0.60158
1.2503	0.60161
1.2506	0.60167
1.2509	0.60198
1.2512	0.60215
1.2515	0.60206
1.2518	0.60207
1.2521	0.60216
1.2524	0.60219
1.2528	0.60218
1.2531	0.60218
1.2533	0.60224
1.2537	0.60241
1.254	0.60260
1.2543	0.60265
1.2546	0.60255
1.2549	0.60259
1.2552	0.60265
1.2555	0.60268
1.2558	0.60271
1.2561	0.60270
1.2564	0.60274
1.2567	0.60286
1.257	0.60286
1.2573	0.60288
1.2576	0.60296
1.2579	0.60308
1.2582	0.60314
1.2585	0.60309
1.2588	0.60304
1.2591	0.60317
1.2594	0.60326
1.2598	0.60340
1.2601	0.60358
1.2604	0.60350
1.2607	0.60349
1.261	0.60362
1.2613	0.60364
1.2616	0.60368
1.2619	0.60386
1.2622	0.60387
1.2625	0.60392
1.2628	0.60394
1.2631	0.60382
1.2634	0.60390
1.2637	0.60403
1.2641	0.60408
1.2644	0.60408
1.2647	0.60409
1.265	0.60418
1.2653	0.60423
1.2656	0.60437
1.2659	0.60440
1.2662	0.60435
1.2665	0.60441
1.2668	0.60450
1.2671	0.60461
1.2674	0.60467
1.2678	0.60470
1.2681	0.60470
1.2684	0.60474
1.2687	0.60475
1.269	0.60483
1.2693	0.60492
1.2696	0.60498
1.2699	0.60501
1.2702	0.60513
1.2706	0.60529
1.2709	0.60535
1.2712	0.60524
1.2715	0.60524
1.2718	0.60538
1.2721	0.60547
1.2724	0.60554
1.2727	0.60559
1.2731	0.60563
1.2734	0.60558
1.2737	0.60558
1.274	0.60565
1.2743	0.60569
1.2746	0.60576
1.2749	0.60588
1.2752	0.60597
1.2756	0.60597
1.2759	0.60591
1.2762	0.60594
1.2765	0.60612
1.2768	0.60620
1.2771	0.60619
1.2774	0.60623
1.2778	0.60630
1.2781	0.60626
1.2784	0.60628
1.2787	0.60631
1.279	0.60635
1.2793	0.60648
1.2797	0.60661
1.28	0.60667
1.2803	0.60669
1.2806	0.60677
1.2809	0.60687
1.2812	0.60690
1.2815	0.60699
1.2819	0.60704
1.2822	0.60711
1.2825	0.60720
1.2828	0.60719
1.2831	0.60729
1.2834	0.60736
1.2838	0.60729
1.2841	0.60726
1.2844	0.60721
1.2847	0.60728
1.285	0.60754
1.2854	0.60760
1.2857	0.60754
1.286	0.60768
1.2863	0.60782
1.2866	0.60785
1.2869	0.60776
1.2873	0.60786
1.2876	0.60792
1.2879	0.60807
1.2882	0.60824
1.2886	0.60827
1.2889	0.60826
1.2892	0.60817
1.2895	0.60821
1.2898	0.60833
1.2902	0.60830
1.2905	0.60832
1.2908	0.60837
1.2911	0.60845
1.2914	0.60855
1.2918	0.60857
1.2921	0.60866
1.2924	0.60874
1.2927	0.60865
1.2931	0.60881
1.2934	0.60894
1.2937	0.60895
1.294	0.60905
1.2943	0.60911
1.2947	0.60903
1.295	0.60907
1.2953	0.60911
1.2956	0.60918
1.296	0.60926
1.2963	0.60933
1.2966	0.60939
1.2969	0.60945
1.2973	0.60938
1.2976	0.60943
1.2979	0.60962
1.2982	0.60976
1.2986	0.60978
1.2989	0.60981
1.2992	0.60981
1.2995	0.60983
1.2999	0.60986
1.3002	0.60989
1.3005	0.61001
1.3008	0.61011
1.3012	0.61021
1.3015	0.61022
1.3018	0.61020
1.3021	0.61035
1.3025	0.61041
1.3028	0.61048
1.3031	0.61053
1.3034	0.61051
1.3038	0.61061
1.3041	0.61074
1.3044	0.61084
1.3048	0.61096
1.3051	0.61096
1.3054	0.61094
1.3058	0.61105
1.3061	0.61109
1.3064	0.61101
1.3067	0.61103
1.3071	0.61116
1.3074	0.61129
1.3077	0.61136
1.3081	0.61125
1.3084	0.61122
1.3087	0.61132
1.3091	0.61143
1.3094	0.61157
1.3097	0.61161
1.31	0.61158
1.3104	0.61158
1.3107	0.61171
1.311	0.61182
1.3114	0.61189
1.3117	0.61184
1.312	0.61192
1.3124	0.61189
1.3127	0.61192
1.313	0.61214
1.3134	0.61225
1.3137	0.61233
1.314	0.61227
1.3144	0.61220
1.3147	0.61215
1.315	0.61216
1.3154	0.61220
1.3157	0.61228
1.316	0.61238
1.3164	0.61248
1.3167	0.61263
1.317	0.61276
1.3174	0.61273
1.3177	0.61275
1.318	0.61278
1.3184	0.61292
1.3187	0.61302
1.319	0.61296
1.3194	0.61294
1.3197	0.61296
1.3201	0.61297
1.3204	0.61310
1.3207	0.61328
1.3211	0.61335
1.3214	0.61334
1.3217	0.61333
1.3221	0.61362
1.3224	0.61372
1.3227	0.61370
1.3231	0.61376
1.3234	0.61371
1.3238	0.61375
1.3241	0.61385
1.3244	0.61397
1.3248	0.61403
1.3251	0.61399
1.3254	0.61398
1.3258	0.61406
1.3261	0.61411
1.3265	0.61422
1.3268	0.61435
1.3271	0.61449
1.3275	0.61446
1.3278	0.61444
1.3282	0.61444
1.3285	0.61447
1.3288	0.61458
1.3292	0.61460
1.3295	0.61472
1.3299	0.61483
1.3302	0.61486
1.3306	0.61486
1.3309	0.61487
1.3312	0.61496
1.3316	0.61508
1.3319	0.61517
1.3323	0.61518
1.3326	0.61515
1.3329	0.61512
1.3333	0.61522
1.3336	0.61528
1.334	0.61522
1.3343	0.61527
1.3347	0.61538
1.335	0.61541
1.3353	0.61548
1.3357	0.61560
1.336	0.61564
1.3364	0.61560
1.3367	0.61564
1.3371	0.61579
1.3374	0.61586
1.3378	0.61594
1.3381	0.61596
1.3384	0.61599
1.3388	0.61604
1.3391	0.61614
1.3395	0.61625
1.3398	0.61622
1.3402	0.61625
1.3405	0.61633
1.3409	0.61644
1.3412	0.61650
1.3416	0.61651
1.3419	0.61660
1.3423	0.61663
1.3426	0.61670
1.3429	0.61681
1.3433	0.61682
1.3437	0.61688
1.344	0.61694
1.3443	0.61696
1.3447	0.61699
1.345	0.61707
1.3454	0.61710
1.3457	0.61704
1.3461	0.61709
1.3464	0.61715
1.3468	0.61715
1.3471	0.61708
1.3475	0.61704
1.3478	0.61718
1.3482	0.61738
1.3485	0.61742
1.3489	0.61745
1.3492	0.61753
1.3496	0.61764
1.3499	0.61775
1.3503	0.61787
1.3507	0.61789
1.351	0.61781
1.3513	0.61778
1.3517	0.61786
1.3521	0.61794
1.3524	0.61802
1.3528	0.61804
1.3531	0.61811
1.3535	0.61816
1.3538	0.61820
1.3542	0.61830
1.3545	0.61837
1.3549	0.61842
1.3552	0.61852
1.3556	0.61861
1.3559	0.61857
1.3563	0.61866
1.3567	0.61878
1.357	0.61877
1.3574	0.61871
1.3577	0.61875
1.3581	0.61886
1.3584	0.61896
1.3588	0.61899
1.3592	0.61904
1.3595	0.61914
1.3599	0.61918
1.3602	0.61928
1.3606	0.61938
1.3609	0.61940
1.3613	0.61950
1.3617	0.61952
1.362	0.61950
1.3624	0.61949
1.3627	0.61956
1.3631	0.61969
1.3634	0.61978
1.3638	0.61979
1.3642	0.61990
1.3645	0.61989
1.3649	0.61986
1.3652	0.61989
1.3656	0.61998
1.3659	0.62003
1.3663	0.62001
1.3667	0.62006
1.367	0.62014
1.3674	0.62026
1.3678	0.62044
1.3681	0.62047
1.3685	0.62042
1.3688	0.62039
1.3692	0.62045
1.3696	0.62054
1.3699	0.62063
1.3703	0.62068
1.3706	0.62074
1.371	0.62082
1.3714	0.62085
1.3717	0.62083
1.3721	0.62080
1.3725	0.62085
1.3728	0.62098
1.3732	0.62101
1.3736	0.62095
1.3739	0.62093
1.3743	0.62106
1.3746	0.62120
1.375	0.62119
1.3754	0.62119
1.3757	0.62126
1.3761	0.62126
1.3765	0.62130
1.3768	0.62143
1.3772	0.62155
1.3776	0.62154
1.3779	0.62149
1.3783	0.62149
1.3787	0.62154
1.379	0.62157
1.3794	0.62157
1.3798	0.62163
1.3801	0.62163
1.3805	0.62161
1.3809	0.62163
1.3812	0.62175
1.3816	0.62174
1.382	0.62170
1.3823	0.62171
1.3827	0.62175
1.3831	0.62186
1.3834	0.62187
1.3838	0.62184
1.3842	0.62187
1.3846	0.62198
1.3849	0.62205
1.3853	0.62212
1.3857	0.62212
1.386	0.62207
1.3864	0.62214
1.3868	0.62224
1.3872	0.62223
1.3875	0.62223
1.3879	0.62223
1.3883	0.62213
1.3886	0.62217
1.389	0.62224
1.3894	0.62224
1.3898	0.62226
1.3901	0.62227
1.3905	0.62214
1.3909	0.62213
1.3912	0.62210
1.3916	0.62207
1.392	0.62208
1.3924	0.62216
1.3927	0.62229
1.3931	0.62233
1.3935	0.62234
1.3939	0.62234
1.3942	0.62242
1.3946	0.62243
1.395	0.62247
1.3954	0.62251
1.3957	0.62256
1.3961	0.62253
1.3965	0.62257
1.3969	0.62270
1.3972	0.62267
1.3976	0.62275
1.398	0.62290
1.3984	0.62305
1.3988	0.62310
1.3991	0.62303
1.3995	0.62307
1.3999	0.62309
1.4003	0.62313
1.4006	0.62328
1.401	0.62332
1.4014	0.62337
1.4018	0.62351
1.4022	0.62357
1.4025	0.62352
1.4029	0.62350
1.4033	0.62358
1.4037	0.62366
1.4041	0.62368
1.4044	0.62373
1.4048	0.62381
1.4052	0.62388
1.4056	0.62388
1.4059	0.62386
1.4063	0.62383
1.4067	0.62389
1.4071	0.62402
1.4075	0.62410
1.4079	0.62414
1.4083	0.62423
1.4086	0.62433
1.409	0.62437
1.4094	0.62430
1.4098	0.62439
1.4102	0.62462
1.4105	0.62476
1.4109	0.62477
1.4113	0.62472
1.4117	0.62464
1.4121	0.62463
1.4125	0.62468
1.4128	0.62479
1.4132	0.62482
1.4136	0.62478
1.414	0.62473
1.4144	0.62464
1.4148	0.62447
1.4152	0.62432
1.4156	0.62441
1.4159	0.62468
1.4163	0.62501
1.4167	0.62532
1.4171	0.62561
1.4175	0.62577
1.4179	0.62588
1.4183	0.62597
1.4187	0.62614
1.419	0.62628
1.4194	0.62640
1.4198	0.62651
1.4202	0.62659
1.4206	0.62657
1.421	0.62662
1.4214	0.62680
1.4218	0.62692
1.4222	0.62693
1.4225	0.62698
1.4229	0.62706
1.4233	0.62710
1.4237	0.62716
1.4241	0.62723
1.4245	0.62733
1.4249	0.62752
1.4253	0.62760
1.4257	0.62759
1.4261	0.62762
1.4264	0.62774
1.4268	0.62788
1.4272	0.62796
1.4276	0.62801
1.428	0.62805
1.4284	0.62809
1.4288	0.62812
1.4292	0.62821
1.4296	0.62828
1.43	0.62833
1.4304	0.62836
1.4308	0.62845
1.4312	0.62865
1.4316	0.62870
1.432	0.62876
1.4324	0.62886
1.4328	0.62889
1.4332	0.62892
1.4336	0.62899
1.4339	0.62906
1.4343	0.62915
1.4347	0.62925
1.4351	0.62927
1.4355	0.62925
1.4359	0.62930
1.4363	0.62941
1.4367	0.62946
1.4371	0.62951
1.4375	0.62957
1.4379	0.62972
1.4383	0.62976
1.4387	0.62974
1.4391	0.62985
1.4395	0.62993
1.4399	0.62993
1.4403	0.63001
1.4407	0.63010
1.4411	0.63023
1.4415	0.63023
1.4419	0.63022
1.4423	0.63036
1.4427	0.63056
1.4431	0.63061
1.4435	0.63063
1.4439	0.63068
1.4443	0.63078
1.4447	0.63079
1.4451	0.63076
1.4455	0.63084
1.4459	0.63089
1.4463	0.63092
1.4468	0.63099
1.4472	0.63103
1.4476	0.63117
1.448	0.63128
1.4484	0.63138
1.4488	0.63141
1.4492	0.63146
1.4496	0.63154
1.45	0.63163
1.4504	0.63167
1.4508	0.63165
1.4512	0.63169
1.4516	0.63178
1.452	0.63189
1.4524	0.63197
1.4528	0.63199
1.4532	0.63205
1.4537	0.63213
1.4541	0.63216
1.4545	0.63219
1.4549	0.63224
1.4553	0.63231
1.4557	0.63236
1.4561	0.63243
1.4565	0.63252
1.4569	0.63258
1.4573	0.63268
1.4577	0.63274
1.4582	0.63277
1.4586	0.63278
1.459	0.63287
1.4594	0.63300
1.4598	0.63296
1.4602	0.63285
1.4606	0.63293
1.461	0.63313
1.4614	0.63326
1.4618	0.63331
1.4623	0.63333
1.4627	0.63340
1.4631	0.63354
1.4635	0.63354
1.4639	0.63351
1.4643	0.63356
1.4647	0.63361
1.4652	0.63369
1.4656	0.63384
1.466	0.63388
1.4664	0.63391
1.4668	0.63399
1.4672	0.63405
1.4676	0.63408
1.4681	0.63401
1.4685	0.63401
1.4689	0.63420
1.4693	0.63435
1.4697	0.63438
1.4701	0.63450
1.4706	0.63461
1.471	0.63468
1.4714	0.63466
1.4718	0.63466
1.4722	0.63475
1.4726	0.63477
1.4731	0.63484
1.4735	0.63497
1.4739	0.63505
1.4743	0.63507
1.4747	0.63505
1.4752	0.63506
1.4756	0.63514
1.476	0.63525
1.4764	0.63532
1.4768	0.63534
1.4773	0.63541
1.4777	0.63547
1.4781	0.63554
1.4785	0.63553
1.4789	0.63560
1.4794	0.63566
1.4798	0.63572
1.4802	0.63587
1.4806	0.63594
1.4811	0.63595
1.4815	0.63598
1.4819	0.63603
1.4823	0.63609
1.4828	0.63614
1.4832	0.63620
1.4836	0.63628
1.484	0.63632
1.4844	0.63639
1.4849	0.63649
1.4853	0.63655
1.4857	0.63660
1.4862	0.63663
1.4866	0.63666
1.487	0.63671
1.4874	0.63678
1.4879	0.63687
1.4883	0.63692
1.4887	0.63697
1.4891	0.63695
1.4896	0.63693
1.49	0.63708
1.4904	0.63718
1.4908	0.63721
1.4913	0.63730
1.4917	0.63735
1.4921	0.63741
1.4926	0.63743
1.493	0.63745
1.4934	0.63749
1.4939	0.63757
1.4943	0.63758
1.4947	0.63760
1.4952	0.63775
1.4956	0.63787
1.496	0.63788
1.4964	0.63793
1.4969	0.63799
1.4973	0.63800
1.4977	0.63809
1.4982	0.63815
1.4986	0.63821
1.499	0.63831
1.4995	0.63833
1.4999	0.63835
1.5003	0.63844
1.5008	0.63849
1.5012	0.63850
1.5017	0.63854
1.5021	0.63861
1.5025	0.63877
1.5029	0.63885
1.5034	0.63884
1.5038	0.63890
1.5043	0.63891
1.5047	0.63887
1.5051	0.63899
1.5056	0.63908
1.506	0.63909
1.5064	0.63914
1.5069	0.63920
1.5073	0.63925
1.5078	0.63937
1.5082	0.63942
1.5086	0.63942
1.5091	0.63944
1.5095	0.63949
1.5099	0.63961
1.5104	0.63972
1.5108	0.63975
1.5113	0.63984
1.5117	0.63990
1.5122	0.63994
1.5126	0.63995
1.513	0.64000
1.5135	0.64007
1.5139	0.64009
1.5144	0.64011
1.5148	0.64013
1.5153	0.64014
1.5157	0.64028
1.5161	0.64046
1.5166	0.64046
1.517	0.64047
1.5175	0.64053
1.5179	0.64057
1.5184	0.64061
1.5188	0.64067
1.5193	0.64073
1.5197	0.64073
1.5201	0.64079
1.5206	0.64088
1.521	0.64098
1.5215	0.64102
1.5219	0.64105
1.5224	0.64105
1.5228	0.64103
1.5233	0.64114
1.5237	0.64119
1.5242	0.64128
1.5246	0.64139
1.5251	0.64144
1.5255	0.64150
1.5259	0.64150
1.5264	0.64156
1.5268	0.64167
1.5273	0.64177
1.5278	0.64178
1.5282	0.64182
1.5287	0.64190
1.5291	0.64194
1.5296	0.64197
1.53	0.64198
1.5305	0.64202
1.5309	0.64208
1.5314	0.64216
1.5318	0.64219
1.5323	0.64219
1.5327	0.64231
1.5332	0.64235
1.5336	0.64245
1.5341	0.64257
1.5345	0.64262
1.535	0.64256
1.5354	0.64250
1.5359	0.64253
1.5363	0.64260
1.5368	0.64269
1.5373	0.64274
1.5377	0.64273
1.5382	0.64275
1.5386	0.64278
1.5391	0.64279
1.5396	0.64285
1.54	0.64293
1.5405	0.64300
1.5409	0.64313
1.5414	0.64322
1.5418	0.64331
1.5423	0.64330
1.5428	0.64328
1.5432	0.64338
1.5437	0.64341
1.5441	0.64342
1.5446	0.64346
1.5451	0.64347
1.5455	0.64352
1.546	0.64363
1.5464	0.64371
1.5469	0.64371
1.5474	0.64378
1.5478	0.64384
1.5483	0.64392
1.5487	0.64402
1.5492	0.64403
1.5497	0.64400
1.5501	0.64404
1.5506	0.64408
1.5511	0.64415
1.5515	0.64424
1.552	0.64431
1.5524	0.64433
1.5529	0.64437
1.5534	0.64436
1.5538	0.64434
1.5543	0.64446
1.5548	0.64454
1.5553	0.64458
1.5557	0.64456
1.5562	0.64457
1.5567	0.64470
1.5571	0.64477
1.5576	0.64481
1.5581	0.64492
1.5585	0.64497
1.559	0.64498
1.5595	0.64500
1.5599	0.64509
1.5604	0.64506
1.5609	0.64501
1.5613	0.64508
1.5618	0.64519
1.5623	0.64530
1.5628	0.64538
1.5632	0.64534
1.5637	0.64535
1.5642	0.64541
1.5646	0.64539
1.5651	0.64538
1.5656	0.64554
1.5661	0.64563
1.5665	0.64563
1.567	0.64565
1.5675	0.64572
1.5679	0.64578
1.5684	0.64574
1.5689	0.64577
1.5694	0.64590
1.5698	0.64597
1.5703	0.64600
1.5708	0.64602
1.5713	0.64609
1.5718	0.64613
1.5722	0.64612
1.5727	0.64616
1.5732	0.64626
1.5737	0.64634
1.5741	0.64638
1.5746	0.64639
1.5751	0.64641
1.5756	0.64651
1.5761	0.64663
1.5765	0.64663
1.577	0.64668
1.5775	0.64666
1.578	0.64671
1.5784	0.64681
1.5789	0.64679
1.5794	0.64680
1.5799	0.64692
1.5804	0.64702
1.5808	0.64706
1.5813	0.64706
1.5818	0.64712
1.5823	0.64716
1.5828	0.64715
1.5833	0.64725
1.5838	0.64733
1.5842	0.64732
1.5847	0.64731
1.5852	0.64737
1.5857	0.64742
1.5862	0.64747
1.5867	0.64756
1.5872	0.64754
1.5876	0.64755
1.5881	0.64761
1.5886	0.64773
1.5891	0.64786
1.5896	0.64786
1.5901	0.64780
1.5906	0.64783
1.591	0.64780
1.5915	0.64788
1.592	0.64798
1.5925	0.64802
1.593	0.64806
1.5935	0.64810
1.594	0.64816
1.5945	0.64831
1.595	0.64836
1.5954	0.64830
1.5959	0.64828
1.5964	0.64835
1.5969	0.64842
1.5974	0.64840
1.5979	0.64838
1.5984	0.64841
1.5989	0.64851
1.5994	0.64860
1.5999	0.64857
1.6004	0.64863
1.6009	0.64871
1.6014	0.64875
1.6019	0.64875
1.6023	0.64881
1.6028	0.64886
1.6033	0.64889
1.6038	0.64891
1.6043	0.64895
1.6048	0.64903
1.6053	0.64904
1.6058	0.64906
1.6063	0.64912
1.6068	0.64919
1.6073	0.64921
1.6078	0.64923
1.6083	0.64927
1.6088	0.64931
1.6093	0.64945
1.6098	0.64955
1.6103	0.64955
1.6108	0.64956
1.6113	0.64957
1.6118	0.64959
1.6123	0.64961
1.6128	0.64965
1.6133	0.64971
1.6138	0.64978
1.6143	0.64979
1.6148	0.64978
1.6153	0.64988
1.6158	0.64997
1.6163	0.65000
1.6168	0.64995
1.6173	0.65002
1.6178	0.65009
1.6184	0.65015
1.6189	0.65017
1.6194	0.65021
1.6199	0.65027
1.6204	0.65029
1.6209	0.65035
1.6214	0.65041
1.6219	0.65036
1.6224	0.65032
1.6229	0.65040
1.6234	0.65054
1.6239	0.65060
1.6244	0.65058
1.6249	0.65062
1.6255	0.65074
1.626	0.65078
1.6265	0.65073
1.627	0.65068
1.6275	0.65078
1.628	0.65089
1.6285	0.65084
1.629	0.65088
1.6296	0.65094
1.6301	0.65094
1.6306	0.65099
1.6311	0.65104
1.6316	0.65106
1.6321	0.65105
1.6326	0.65104
1.6331	0.65114
1.6337	0.65129
1.6342	0.65129
1.6347	0.65124
1.6352	0.65123
1.6357	0.65131
1.6362	0.65131
1.6368	0.65127
1.6373	0.65130
1.6378	0.65141
1.6383	0.65146
1.6388	0.65150
1.6393	0.65158
1.6398	0.65160
1.6404	0.65159
1.6409	0.65160
1.6414	0.65167
1.6419	0.65179
1.6424	0.65182
1.643	0.65175
1.6435	0.65177
1.644	0.65185
1.6445	0.65187
1.6451	0.65183
1.6456	0.65189
1.6461	0.65201
1.6466	0.65201
1.6472	0.65199
1.6477	0.65200
1.6482	0.65204
1.6487	0.65205
1.6492	0.65209
1.6498	0.65214
1.6503	0.65216
1.6508	0.65216
1.6513	0.65224
1.6519	0.65233
1.6524	0.65235
1.6529	0.65233
1.6534	0.65237
1.654	0.65243
1.6545	0.65243
1.655	0.65245
1.6556	0.65251
1.6561	0.65257
1.6566	0.65262
1.6572	0.65262
1.6577	0.65271
1.6582	0.65282
1.6587	0.65283
1.6593	0.65275
1.6598	0.65272
1.6603	0.65276
1.6609	0.65278
1.6614	0.65281
1.6619	0.65284
1.6625	0.65285
1.663	0.65291
1.6635	0.65296
1.6641	0.65298
1.6646	0.65304
1.6651	0.65310
1.6657	0.65315
1.6662	0.65321
1.6667	0.65321
1.6673	0.65324
1.6678	0.65334
1.6683	0.65330
1.6689	0.65322
1.6694	0.65326
1.67	0.65335
1.6705	0.65337
1.671	0.65343
1.6716	0.65349
1.6721	0.65347
1.6727	0.65347
1.6732	0.65351
1.6737	0.65350
1.6743	0.65353
1.6748	0.65365
1.6754	0.65374
1.6759	0.65379
1.6764	0.65378
1.677	0.65377
1.6775	0.65381
1.6781	0.65383
1.6786	0.65390
1.6792	0.65390
1.6797	0.65390
1.6802	0.65394
1.6808	0.65397
1.6813	0.65407
1.6819	0.65407
1.6824	0.65406
1.683	0.65412
1.6835	0.65418
1.6841	0.65421
1.6846	0.65424
1.6852	0.65431
1.6857	0.65432
1.6863	0.65432
1.6868	0.65432
1.6873	0.65438
1.6879	0.65446
1.6884	0.65448
1.689	0.65448
1.6896	0.65449
1.6901	0.65452
1.6907	0.65460
1.6912	0.65460
1.6918	0.65463
1.6923	0.65476
1.6929	0.65471
1.6934	0.65469
1.694	0.65473
1.6945	0.65480
1.6951	0.65486
1.6956	0.65487
1.6962	0.65488
1.6967	0.65491
1.6973	0.65488
1.6978	0.65489
1.6984	0.65494
1.699	0.65500
1.6995	0.65503
1.7001	0.65508
1.7006	0.65507
1.7012	0.65512
1.7018	0.65514
1.7023	0.65512
1.7029	0.65517
1.7034	0.65523
1.704	0.65519
1.7046	0.65520
1.7051	0.65534
1.7057	0.65540
1.7062	0.65536
1.7068	0.65536
1.7073	0.65544
1.7079	0.65546
1.7085	0.65545
1.709	0.65546
1.7096	0.65544
1.7102	0.65550
1.7107	0.65555
1.7113	0.65559
1.7119	0.65560
1.7124	0.65560
1.713	0.65563
1.7136	0.65560
1.7141	0.65557
1.7147	0.65570
1.7153	0.65580
1.7158	0.65583
1.7164	0.65584
1.717	0.65585
1.7175	0.65586
1.7181	0.65588
1.7187	0.65593
1.7192	0.65596
1.7198	0.65592
1.7204	0.65590
1.7209	0.65594
1.7215	0.65603
1.7221	0.65608
1.7227	0.65609
1.7232	0.65610
1.7238	0.65616
1.7244	0.65621
1.725	0.65621
1.7255	0.65625
1.7261	0.65629
1.7267	0.65629
1.7273	0.65636
1.7278	0.65640
1.7284	0.65642
1.729	0.65647
1.7296	0.65646
1.7301	0.65649
1.7307	0.65654
1.7313	0.65657
1.7319	0.65659
1.7325	0.65660
1.733	0.65660
1.7336	0.65662
1.7342	0.65667
1.7348	0.65674
1.7353	0.65675
1.7359	0.65674
1.7365	0.65673
1.7371	0.65676
1.7377	0.65679
1.7383	0.65682
1.7388	0.65686
1.7394	0.65686
1.74	0.65690
1.7406	0.65695
1.7412	0.65702
1.7418	0.65709
1.7423	0.65714
1.7429	0.65712
1.7435	0.65714
1.7441	0.65712
1.7447	0.65711
1.7453	0.65720
1.7459	0.65725
1.7465	0.65724
1.7471	0.65735
1.7476	0.65743
1.7482	0.65735
1.7488	0.65736
1.7494	0.65740
1.75	0.65740
1.7506	0.65745
1.7512	0.65750
1.7518	0.65751
1.7524	0.65751
1.753	0.65751
1.7536	0.65756
1.7541	0.65764
1.7547	0.65767
1.7553	0.65764
1.7559	0.65762
1.7565	0.65768
1.7571	0.65777
1.7577	0.65778
1.7583	0.65779
1.7589	0.65785
1.7595	0.65785
1.7601	0.65786
1.7607	0.65783
1.7613	0.65783
1.7619	0.65787
1.7625	0.65790
1.7631	0.65787
1.7637	0.65790
1.7643	0.65796
1.7649	0.65798
1.7655	0.65803
1.7661	0.65813
1.7667	0.65812
1.7673	0.65819
1.7679	0.65827
1.7685	0.65824
1.7691	0.65829
1.7697	0.65832
1.7703	0.65832
1.7709	0.65838
1.7715	0.65844
1.7721	0.65847
1.7727	0.65845
1.7733	0.65842
1.7739	0.65845
1.7746	0.65851
1.7752	0.65847
1.7758	0.65846
1.7764	0.65848
1.777	0.65860
1.7776	0.65872
1.7782	0.65875
1.7788	0.65868
1.7794	0.65868
1.78	0.65869
1.7807	0.65873
1.7813	0.65873
1.7819	0.65875
1.7825	0.65880
1.7831	0.65881
1.7837	0.65881
1.7843	0.65887
1.7849	0.65893
1.7856	0.65896
1.7862	0.65898
1.7868	0.65904
1.7874	0.65909
1.788	0.65915
1.7886	0.65918
1.7893	0.65913
1.7899	0.65914
1.7905	0.65922
1.7911	0.65923
1.7917	0.65930
1.7923	0.65933
1.793	0.65930
1.7936	0.65931
1.7942	0.65937
1.7948	0.65944
1.7954	0.65949
1.7961	0.65953
1.7967	0.65955
1.7973	0.65959
1.7979	0.65961
1.7986	0.65963
1.7992	0.65969
1.7998	0.65965
1.8004	0.65964
1.8011	0.65971
1.8017	0.65976
1.8023	0.65977
1.8029	0.65976
1.8036	0.65973
1.8042	0.65984
1.8048	0.65993
1.8054	0.65994
1.8061	0.65995
1.8067	0.65999
1.8073	0.66001
1.808	0.66004
1.8086	0.66006
1.8092	0.66013
1.8099	0.66016
1.8105	0.66015
1.8111	0.66014
1.8118	0.66020
1.8124	0.66026
1.813	0.66026
1.8137	0.66024
1.8143	0.66019
1.8149	0.66017
1.8156	0.66026
1.8162	0.66028
1.8168	0.66032
1.8175	0.66038
1.8181	0.66045
1.8188	0.66046
1.8194	0.66053
1.82	0.66055
1.8207	0.66056
1.8213	0.66056
1.8219	0.66054
1.8226	0.66060
1.8232	0.66066
1.8239	0.66070
1.8245	0.66075
1.8252	0.66070
1.8258	0.66074
1.8264	0.66078
1.8271	0.66077
1.8277	0.66084
1.8284	0.66084
1.829	0.66086
1.8297	0.66098
1.8303	0.66101
1.8309	0.66095
1.8316	0.66098
1.8323	0.66101
1.8329	0.66104
1.8335	0.66114
1.8342	0.66117
1.8348	0.66118
1.8355	0.66117
1.8361	0.66119
1.8368	0.66124
1.8374	0.66128
1.8381	0.66132
1.8388	0.66131
1.8394	0.66129
1.8401	0.66134
1.8407	0.66136
1.8414	0.66140
1.842	0.66143
1.8427	0.66145
1.8433	0.66149
1.844	0.66152
1.8446	0.66152
1.8453	0.66161
1.8459	0.66165
1.8466	0.66166
1.8473	0.66160
1.8479	0.66157
1.8486	0.66164
1.8492	0.66176
1.8499	0.66183
1.8506	0.66183
1.8512	0.66186
1.8519	0.66190
1.8525	0.66191
1.8532	0.66193
1.8539	0.66198
1.8545	0.66197
1.8552	0.66193
1.8559	0.66198
1.8565	0.66206
1.8572	0.66208
1.8578	0.66209
1.8585	0.66216
1.8592	0.66222
1.8598	0.66226
1.8605	0.66229
1.8612	0.66228
1.8619	0.66228
1.8625	0.66236
1.8632	0.66238
1.8639	0.66239
1.8645	0.66245
1.8652	0.66246
1.8659	0.66249
1.8666	0.66253
1.8672	0.66251
1.8679	0.66252
1.8686	0.66255
1.8692	0.66258
1.8699	0.66263
1.8706	0.66272
1.8713	0.66272
1.8719	0.66265
1.8726	0.66270
1.8733	0.66271
1.874	0.66267
1.8747	0.66274
1.8753	0.66274
1.876	0.66271
1.8767	0.66275
1.8774	0.66274
1.878	0.66274
1.8787	0.66269
1.8794	0.66269
1.8801	0.66276
1.8808	0.66280
1.8814	0.66279
1.8821	0.66282
1.8828	0.66279
1.8835	0.66274
1.8842	0.66274
1.8849	0.66270
1.8856	0.66264
1.8862	0.66260
1.8869	0.66255
1.8876	0.66248
1.8883	0.66249
1.889	0.66248
1.8897	0.66248
1.8904	0.66246
1.8911	0.66237
1.8918	0.66229
1.8924	0.66224
1.8931	0.66222
1.8938	0.66225
1.8945	0.66213
1.8952	0.66195
1.8959	0.66185
1.8966	0.66184
1.8973	0.66178
1.898	0.66173
1.8987	0.66164
1.8994	0.66153
1.9001	0.66146
1.9008	0.66139
1.9015	0.66127
1.9022	0.66116
1.9029	0.66111
1.9036	0.66098
1.9043	0.66093
1.9049	0.66089
1.9057	0.66082
1.9063	0.66070
1.9071	0.66058
1.9078	0.66056
1.9085	0.66058
1.9092	0.66049
1.9099	0.66041
1.9106	0.66041
1.9113	0.66040
1.912	0.66031
1.9127	0.66027
1.9134	0.66029
1.9141	0.66026
1.9148	0.66026
1.9155	0.66022
1.9162	0.66020
1.9169	0.66018
1.9176	0.66018
1.9183	0.66019
1.9191	0.66016
1.9198	0.66018
1.9205	0.66021
1.9212	0.66024
1.9219	0.66031
1.9226	0.66034
1.9233	0.66039
1.924	0.66044
1.9248	0.66048
1.9255	0.66055
1.9262	0.66061
1.9269	0.66064
1.9276	0.66068
1.9283	0.66072
1.9291	0.66074
1.9298	0.66080
1.9305	0.66097
1.9312	0.66103
1.9319	0.66102
1.9327	0.66105
1.9334	0.66107
1.9341	0.66111
1.9348	0.66121
1.9355	0.66125
1.9363	0.66131
1.937	0.66141
1.9377	0.66152
1.9384	0.66160
1.9392	0.66161
1.9399	0.66155
1.9406	0.66164
1.9413	0.66175
1.9421	0.66179
1.9428	0.66183
1.9435	0.66194
1.9442	0.66208
1.945	0.66216
1.9457	0.66218
1.9464	0.66225
1.9472	0.66227
1.9479	0.66232
1.9486	0.66240
1.9494	0.66248
1.9501	0.66255
1.9508	0.66262
1.9516	0.66268
1.9523	0.66276
1.953	0.66284
1.9538	0.66285
1.9545	0.66282
1.9552	0.66294
1.956	0.66309
1.9567	0.66314
1.9574	0.66309
1.9582	0.66312
1.9589	0.66321
1.9597	0.66333
1.9604	0.66341
1.9612	0.66346
1.9619	0.66347
1.9626	0.66354
1.9634	0.66359
1.9641	0.66364
1.9649	0.66369
1.9656	0.66369
1.9664	0.66368
1.9671	0.66378
1.9678	0.66390
1.9686	0.66399
1.9693	0.66401
1.9701	0.66407
1.9708	0.66417
1.9716	0.66422
1.9723	0.66424
1.9731	0.66430
1.9738	0.66438
1.9746	0.66450
1.9753	0.66454
1.9761	0.66452
1.9769	0.66458
1.9776	0.66471
1.9784	0.66476
1.9791	0.66476
1.9799	0.66479
1.9806	0.66491
1.9814	0.66497
1.9822	0.66494
1.9829	0.66498
1.9837	0.66506
1.9844	0.66511
1.9852	0.66518
1.9859	0.66520
1.9867	0.66523
1.9875	0.66525
1.9882	0.66525
1.989	0.66534
1.9898	0.66546
1.9905	0.66548
1.9913	0.66553
1.9921	0.66558
1.9928	0.66566
1.9936	0.66568
1.9943	0.66570
1.9951	0.66581
1.9959	0.66586
1.9967	0.66584
1.9974	0.66588
1.9982	0.66593
1.999	0.66596
1.9997	0.66600
2.0005	0.66608
2.0013	0.66615
2.0021	0.66621
2.0028	0.66631
2.0036	0.66642
2.0044	0.66645
2.0052	0.66649
2.0059	0.66649
2.0067	0.66657
2.0075	0.66664
2.0083	0.66670
2.009	0.66676
2.0098	0.66684
2.0106	0.66696
2.0114	0.66699
2.0122	0.66700
2.0129	0.66702
2.0137	0.66704
2.0145	0.66710
2.0153	0.66719
2.0161	0.66735
2.0168	0.66741
2.0176	0.66744
2.0184	0.66745
2.0192	0.66748
2.02	0.66762
2.0208	0.66768
2.0216	0.66771
2.0223	0.66777
2.0231	0.66787
2.0239	0.66791
2.0247	0.66796
2.0255	0.66802
2.0263	0.66804
2.0271	0.66811
2.0279	0.66816
2.0287	0.66820
2.0295	0.66831
2.0303	0.66840
2.0311	0.66845
2.0319	0.66848
2.0327	0.66855
2.0335	0.66863
2.0343	0.66865
2.0351	0.66865
2.0358	0.66869
2.0367	0.66880
2.0374	0.66890
2.0383	0.66896
2.0391	0.66904
2.0399	0.66909
2.0407	0.66911
2.0415	0.66920
2.0423	0.66923
2.0431	0.66929
2.0439	0.66936
2.0447	0.66937
2.0455	0.66944
2.0463	0.66954
2.0471	0.66953
2.0479	0.66960
2.0487	0.66968
2.0495	0.66967
2.0503	0.66964
2.0511	0.66970
2.052	0.66985
2.0528	0.66994
2.0536	0.66998
2.0544	0.67003
2.0552	0.67006
2.056	0.67015
2.0569	0.67019
2.0577	0.67016
2.0585	0.67018
2.0593	0.67026
2.0601	0.67032
2.0609	0.67037
2.0618	0.67038
2.0626	0.67046
2.0634	0.67055
2.0642	0.67058
2.065	0.67055
2.0659	0.67060
2.0667	0.67072
2.0675	0.67077
2.0683	0.67075
2.0692	0.67077
2.07	0.67080
2.0708	0.67087
2.0716	0.67093
2.0725	0.67098
2.0733	0.67107
2.0741	0.67106
2.075	0.67103
2.0758	0.67112
2.0766	0.67125
2.0774	0.67133
2.0783	0.67134
2.0791	0.67125
2.0799	0.67125
2.0808	0.67139
2.0816	0.67141
2.0825	0.67140
2.0833	0.67143
2.0841	0.67152
2.085	0.67161
2.0858	0.67160
2.0866	0.67159
2.0875	0.67167
2.0883	0.67165
2.0892	0.67168
2.09	0.67177
2.0909	0.67179
2.0917	0.67186
2.0926	0.67191
2.0934	0.67188
2.0942	0.67193
2.0951	0.67197
2.0959	0.67200
2.0968	0.67198
2.0976	0.67202
2.0985	0.67210
2.0993	0.67217
2.1002	0.67224
2.101	0.67227
2.1019	0.67232
2.1027	0.67238
2.1036	0.67240
2.1044	0.67239
2.1053	0.67241
2.1061	0.67250
2.107	0.67252
2.1079	0.67253
2.1087	0.67255
2.1096	0.67259
2.1104	0.67265
2.1113	0.67269
2.1121	0.67273
2.113	0.67274
2.1139	0.67277
2.1147	0.67275
2.1156	0.67273
2.1165	0.67277
2.1173	0.67283
2.1182	0.67289
2.1191	0.67293
2.1199	0.67296
2.1208	0.67304
2.1217	0.67310
2.1225	0.67314
2.1234	0.67317
2.1243	0.67319
2.1251	0.67326
2.126	0.67332
2.1269	0.67329
2.1278	0.67328
2.1286	0.67337
2.1295	0.67346
2.1304	0.67348
2.1313	0.67343
2.1321	0.67344
2.133	0.67345
2.1339	0.67348
2.1348	0.67356
2.1356	0.67361
2.1365	0.67362
2.1374	0.67364
2.1383	0.67369
2.1392	0.67374
2.1401	0.67374
2.1409	0.67375
2.1418	0.67375
2.1427	0.67373
2.1436	0.67374
2.1445	0.67376
2.1454	0.67378
2.1463	0.67383
2.1471	0.67381
2.148	0.67376
2.1489	0.67373
2.1498	0.67376
2.1507	0.67373
2.1516	0.67371
2.1525	0.67364
2.1534	0.67362
2.1543	0.67368
2.1552	0.67371
2.1561	0.67365
2.157	0.67365
2.1579	0.67362
2.1588	0.67355
2.1597	0.67353
2.1606	0.67361
2.1615	0.67365
2.1624	0.67361
2.1633	0.67360
2.1642	0.67368
2.1651	0.67368
2.166	0.67371
2.1669	0.67378
2.1678	0.67387
2.1687	0.67388
2.1696	0.67387
2.1705	0.67391
2.1714	0.67388
2.1723	0.67388
2.1732	0.67401
2.1741	0.67409
2.1751	0.67414
2.176	0.67418
2.1769	0.67418
2.1778	0.67419
2.1787	0.67423
2.1796	0.67428
2.1806	0.67433
2.1815	0.67435
2.1824	0.67436
2.1833	0.67436
2.1842	0.67435
2.1851	0.67433
2.1861	0.67436
2.187	0.67444
2.1879	0.67444
2.1888	0.67443
2.1898	0.67440
2.1907	0.67429
2.1916	0.67434
2.1925	0.67442
2.1935	0.67440
2.1944	0.67435
2.1953	0.67433
2.1963	0.67434
2.1972	0.67440
2.1981	0.67447
2.1991	0.67445
2.2	0.67437
2.2009	0.67438
2.2019	0.67436
2.2028	0.67430
2.2037	0.67417
2.2047	0.67404
2.2056	0.67385
2.2065	0.67358
2.2075	0.67336
2.2084	0.67320
2.2094	0.67316
2.2103	0.67343
2.2112	0.67386
2.2122	0.67434
2.2131	0.67473
2.2141	0.67504
2.215	0.67536
2.216	0.67562
2.2169	0.67580
2.2179	0.67596
2.2188	0.67601
2.2198	0.67613
2.2207	0.67629
2.2217	0.67641
2.2226	0.67645
2.2236	0.67648
2.2245	0.67655
2.2255	0.67663
2.2264	0.67669
2.2274	0.67676
2.2284	0.67677
2.2293	0.67679
2.2303	0.67677
2.2312	0.67679
2.2322	0.67682
2.2331	0.67687
2.2341	0.67688
2.2351	0.67688
2.236	0.67689
2.237	0.67685
2.238	0.67684
2.2389	0.67692
2.2399	0.67694
2.2409	0.67691
2.2418	0.67690
2.2428	0.67690
2.2438	0.67694
2.2448	0.67691
2.2457	0.67680
2.2467	0.67675
2.2477	0.67677
2.2486	0.67678
2.2496	0.67680
2.2506	0.67681
2.2516	0.67680
2.2526	0.67681
2.2535	0.67682
2.2545	0.67687
2.2555	0.67686
2.2565	0.67689
2.2574	0.67693
2.2584	0.67699
2.2594	0.67703
2.2604	0.67704
2.2614	0.67697
2.2624	0.67700
2.2634	0.67710
2.2644	0.67712
2.2653	0.67708
2.2663	0.67710
2.2673	0.67711
2.2683	0.67716
2.2693	0.67721
2.2703	0.67718
2.2713	0.67713
2.2723	0.67714
2.2733	0.67712
2.2743	0.67716
2.2753	0.67715
2.2763	0.67711
2.2773	0.67711
2.2783	0.67706
2.2793	0.67702
2.2803	0.67704
2.2813	0.67698
2.2823	0.67686
2.2833	0.67678
2.2843	0.67681
2.2853	0.67678
2.2863	0.67665
2.2873	0.67652
2.2883	0.67648
2.2894	0.67642
2.2904	0.67634
2.2914	0.67620
2.2924	0.67612
2.2934	0.67606
2.2944	0.67604
2.2954	0.67597
2.2964	0.67593
2.2975	0.67586
2.2985	0.67578
2.2995	0.67565
2.3005	0.67566
2.3015	0.67572
2.3026	0.67564
2.3036	0.67562
2.3046	0.67560
2.3056	0.67548
2.3067	0.67544
2.3077	0.67536
2.3087	0.67522
2.3098	0.67514
2.3108	0.67509
2.3118	0.67501
2.3128	0.67496
2.3139	0.67493
2.3149	0.67489
2.3159	0.67483
2.317	0.67478
2.318	0.67480
2.3191	0.67481
2.3201	0.67475
2.3211	0.67478
2.3222	0.67480
2.3232	0.67478
2.3242	0.67477
2.3253	0.67481
2.3263	0.67483
2.3274	0.67485
2.3284	0.67490
2.3295	0.67494
2.3305	0.67500
2.3316	0.67511
2.3326	0.67509
2.3337	0.67511
2.3347	0.67522
2.3358	0.67536
2.3368	0.67547
2.3379	0.67555
2.3389	0.67554
2.34	0.67557
2.341	0.67562
2.3421	0.67561
2.3431	0.67565
2.3442	0.67573
2.3453	0.67575
2.3463	0.67582
2.3474	0.67585
2.3485	0.67586
2.3495	0.67583
2.3506	0.67590
2.3516	0.67597
2.3527	0.67605
2.3538	0.67610
2.3549	0.67613
2.3559	0.67613
2.357	0.67616
2.3581	0.67621
2.3591	0.67632
2.3602	0.67643
2.3613	0.67650
2.3624	0.67651
2.3634	0.67655
2.3645	0.67659
2.3656	0.67659
2.3667	0.67655
2.3678	0.67658
2.3688	0.67657
2.3699	0.67656
2.371	0.67659
2.3721	0.67664
2.3732	0.67662
2.3743	0.67652
2.3754	0.67646
2.3764	0.67639
2.3775	0.67625
2.3786	0.67628
2.3797	0.67629
2.3808	0.67620
2.3819	0.67616
2.383	0.67607
2.3841	0.67592
2.3852	0.67592
2.3863	0.67594
2.3874	0.67599
2.3885	0.67603
2.3896	0.67604
2.3907	0.67601
2.3918	0.67597
2.3929	0.67596
2.394	0.67597
2.3951	0.67597
2.3962	0.67600
2.3973	0.67602
2.3984	0.67609
2.3995	0.67614
2.4006	0.67623
2.4018	0.67627
2.4029	0.67634
2.404	0.67638
2.4051	0.67639
2.4062	0.67639
2.4073	0.67640
2.4085	0.67642
2.4096	0.67649
2.4107	0.67646
2.4118	0.67643
2.4129	0.67639
2.4141	0.67636
2.4152	0.67638
2.4163	0.67637
2.4174	0.67638
2.4186	0.67640
2.4197	0.67640
2.4208	0.67640
2.422	0.67638
2.4231	0.67641
2.4242	0.67637
2.4254	0.67629
2.4265	0.67621
2.4276	0.67617
2.4288	0.67623
2.4299	0.67619
2.431	0.67611
2.4322	0.67609
2.4333	0.67597
2.4345	0.67590
2.4356	0.67583
2.4368	0.67577
2.4379	0.67568
2.4391	0.67565
2.4402	0.67570
2.4413	0.67566
2.4425	0.67558
2.4436	0.67552
2.4448	0.67544
2.4459	0.67536
2.4471	0.67529
2.4483	0.67525
2.4494	0.67522
2.4506	0.67521
2.4517	0.67522
2.4529	0.67521
2.4541	0.67511
2.4552	0.67503
2.4564	0.67492
2.4575	0.67485
2.4587	0.67483
2.4599	0.67484
2.461	0.67480
2.4622	0.67481
2.4634	0.67482
2.4646	0.67478
2.4657	0.67471
2.4669	0.67465
2.4681	0.67465
2.4692	0.67466
2.4704	0.67464
2.4716	0.67463
2.4728	0.67454
2.474	0.67442
2.4751	0.67430
2.4763	0.67428
2.4775	0.67424
2.4787	0.67422
2.4799	0.67417
2.4811	0.67418
2.4823	0.67409
2.4834	0.67393
2.4846	0.67384
2.4858	0.67374
2.487	0.67358
2.4882	0.67354
2.4894	0.67346
2.4906	0.67345
2.4918	0.67340
2.493	0.67339
2.4942	0.67334
2.4954	0.67324
2.4966	0.67320
2.4978	0.67324
2.499	0.67320
2.5002	0.67311
2.5014	0.67300
2.5026	0.67303
2.5038	0.67306
2.505	0.67296
2.5062	0.67286
2.5074	0.67286
2.5087	0.67285
2.5099	0.67279
2.5111	0.67271
2.5123	0.67264
2.5135	0.67253
2.5148	0.67255
2.516	0.67251
2.5172	0.67243
2.5184	0.67244
2.5196	0.67242
2.5209	0.67243
2.5221	0.67241
2.5233	0.67230
2.5245	0.67230
2.5258	0.67227
2.527	0.67227
2.5282	0.67221
2.5295	0.67216
2.5307	0.67216
2.5319	0.67218
2.5332	0.67210
2.5344	0.67215
2.5356	0.67212
2.5369	0.67197
2.5381	0.67192
2.5394	0.67186
2.5406	0.67183
2.5419	0.67195
2.5431	0.67193
2.5444	0.67197
2.5456	0.67198
2.5469	0.67200
2.5481	0.67194
2.5494	0.67182
2.5506	0.67181
2.5519	0.67194
2.5531	0.67198
2.5544	0.67201
2.5556	0.67206
2.5569	0.67205
2.5582	0.67204
2.5594	0.67211
2.5607	0.67210
2.562	0.67217
2.5632	0.67211
2.5645	0.67204
2.5658	0.67197
2.567	0.67195
2.5683	0.67196
2.5696	0.67205
2.5709	0.67195
2.5721	0.67193
2.5734	0.67183
2.5747	0.67178
2.576	0.67203
2.5772	0.67210
2.5785	0.67194
2.5798	0.67190
2.5811	0.67182
2.5824	0.67188
2.5837	0.67194
2.5849	0.67181
2.5862	0.67190
2.5875	0.67203
2.5888	0.67195
2.5901	0.67187
2.5914	0.67179
2.5927	0.67190
2.594	0.67205
2.5953	0.67174
2.5966	0.67143
2.5979	0.67158
2.5992	0.67169
2.6005	0.67185
2.6018	0.67180
2.6031	0.67164
2.6044	0.67164
2.6057	0.67157
2.607	0.67122
2.6084	0.67131
2.6097	0.67131
2.611	0.67121
2.6123	0.67110
2.6136	0.67104
2.6149	0.67098
2.6163	0.67090
2.6176	0.67054
2.6189	0.67053
2.6202	0.67054
2.6215	0.67024
2.6229	0.67017
2.6242	0.67026
2.6255	0.67005
2.6269	0.66981
2.6282	0.66963
2.6295	0.66962
2.6309	0.66928
2.6322	0.66902
2.6335	0.66889
2.6349	0.66866
2.6362	0.66840
2.6375	0.66817
2.6389	0.66785
2.6402	0.66755
2.6416	0.66735
2.6429	0.66725
2.6443	0.66697
2.6456	0.66659
2.647	0.66610
2.6483	0.66588
2.6497	0.66556
2.651	0.66512
2.6524	0.66465
2.6537	0.66434
2.6551	0.66398
2.6565	0.66355
2.6578	0.66300
2.6592	0.66238
2.6606	0.66170
2.6619	0.66099
2.6633	0.66032
2.6646	0.65976
2.666	0.65866
2.6674	0.65732
2.6688	0.65580
2.6701	0.65446
2.6715	0.65249
2.6729	0.65146
2.6743	0.65052
2.6756	0.64928
2.677	0.64732
2.6784	0.64543
2.6798	0.64340
2.6812	0.64102
2.6826	0.63834
2.684	0.63508
2.6854	0.63126
2.6867	0.62706
2.6881	0.62213
2.6895	0.61663
2.6909	0.61018
2.6923	0.60340
2.6937	0.59558
2.6951	0.58679
2.6965	0.57777
2.6979	0.56825
2.6993	0.55770
2.7007	0.54624
2.7021	0.53389
2.7036	0.52245
2.705	0.51265
2.7064	0.50538
2.7078	0.50067
2.7092	0.49801
2.7106	0.49679
2.712	0.49690
2.7134	0.49770
2.7149	0.49920
2.7163	0.50053
2.7177	0.50143
2.7191	0.50122
2.7206	0.49915
2.722	0.49482
2.7234	0.49087
2.7249	0.48626
2.7263	0.48260
2.7277	0.48044
2.7292	0.47882
2.7306	0.47663
2.732	0.47395
2.7335	0.47060
2.7349	0.46671
2.7364	0.46243
2.7378	0.45941
2.7393	0.45737
2.7407	0.45610
2.7421	0.45535
2.7436	0.45504
2.7451	0.45459
2.7465	0.45379
2.748	0.45268
2.7494	0.45129
2.7509	0.44931
2.7523	0.44689
2.7538	0.44430
2.7553	0.44112
2.7567	0.43653
2.7582	0.43145
2.7597	0.42459
2.7611	0.41708
2.7626	0.41407
2.7641	0.41867
2.7656	0.42505
2.767	0.42929
2.7685	0.43165
2.77	0.43294
2.7715	0.43358
2.7729	0.43391
2.7744	0.43391
2.7759	0.43380
2.7774	0.43335
2.7789	0.43279
2.7804	0.43226
2.7819	0.43184
2.7834	0.43136
2.7849	0.43098
2.7864	0.43057
2.7879	0.43004
2.7894	0.42934
2.7909	0.42877
2.7924	0.42826
2.7939	0.42763
2.7954	0.42690
2.7969	0.42631
2.7984	0.42568
2.7999	0.42511
2.8014	0.42443
2.8029	0.42376
2.8044	0.42301
2.806	0.42234
2.8075	0.42182
2.809	0.42135
2.8105	0.42081
2.812	0.42037
2.8136	0.41997
2.8151	0.41975
2.8166	0.41955
2.8182	0.41932
2.8197	0.41911
2.8212	0.41896
2.8228	0.41868
2.8243	0.41846
2.8258	0.41825
2.8274	0.41800
2.8289	0.41784
2.8305	0.41775
2.832	0.41756
2.8336	0.41748
2.8351	0.41727
2.8367	0.41709
2.8382	0.41693
2.8398	0.41675
2.8413	0.41659
2.8429	0.41641
2.8444	0.41619
2.846	0.41601
2.8476	0.41581
2.8491	0.41563
2.8507	0.41539
2.8523	0.41530
2.8538	0.41516
2.8554	0.41502
2.857	0.41480
2.8586	0.41461
2.8601	0.41451
2.8617	0.41441
2.8633	0.41419
2.8649	0.41406
2.8664	0.41410
2.868	0.41405
2.8696	0.41379
2.8712	0.41359
2.8728	0.41344
2.8744	0.41324
2.876	0.41307
2.8776	0.41298
2.8792	0.41278
2.8808	0.41263
2.8824	0.41254
2.884	0.41238
2.8856	0.41223
2.8872	0.41213
2.8888	0.41197
2.8904	0.41185
2.892	0.41178
2.8936	0.41173
2.8953	0.41159
2.8969	0.41147
2.8985	0.41141
2.9001	0.41142
2.9017	0.41132
2.9034	0.41117
2.905	0.41115
2.9066	0.41116
2.9083	0.41112
2.9099	0.41111
2.9115	0.41103
2.9131	0.41103
2.9148	0.41110
2.9164	0.41116
2.9181	0.41127
2.9197	0.41139
2.9214	0.41150
2.923	0.41153
2.9246	0.41155
2.9263	0.41163
2.9279	0.41178
2.9296	0.41206
2.9313	0.41214
2.9329	0.41215
2.9346	0.41246
2.9362	0.41275
2.9379	0.41282
2.9396	0.41298
2.9412	0.41318
2.9429	0.41331
2.9446	0.41349
2.9463	0.41375
2.9479	0.41404
2.9496	0.41427
2.9513	0.41455
2.953	0.41490
2.9546	0.41518
2.9563	0.41544
2.958	0.41580
2.9597	0.41612
2.9614	0.41647
2.9631	0.41700
2.9648	0.41740
2.9665	0.41762
2.9682	0.41790
2.9699	0.41834
2.9716	0.41873
2.9733	0.41909
2.975	0.41949
2.9767	0.41994
2.9784	0.42034
2.9801	0.42078
2.9818	0.42118
2.9836	0.42159
2.9853	0.42202
2.987	0.42241
2.9887	0.42289
2.9904	0.42341
2.9921	0.42382
2.9939	0.42415
2.9956	0.42461
2.9973	0.42508
2.9991	0.42550
3.0008	0.42592
3.0026	0.42631
3.0043	0.42659
3.006	0.42686
3.0078	0.42716
3.0095	0.42749
3.0113	0.42788
3.013	0.42823
3.0148	0.42853
3.0165	0.42886
3.0183	0.42920
3.02	0.42940
3.0218	0.42963
3.0236	0.42991
3.0253	0.43015
3.0271	0.43036
3.0289	0.43063
3.0306	0.43089
3.0324	0.43110
3.0342	0.43137
3.0359	0.43163
3.0377	0.43193
3.0395	0.43213
3.0413	0.43227
3.0431	0.43245
3.0449	0.43262
3.0466	0.43279
3.0484	0.43304
3.0502	0.43332
3.052	0.43350
3.0538	0.43382
3.0556	0.43401
3.0574	0.43411
3.0592	0.43440
3.061	0.43466
3.0629	0.43493
3.0647	0.43517
3.0665	0.43549
3.0683	0.43574
3.0701	0.43598
3.0719	0.43626
3.0737	0.43656
3.0756	0.43686
3.0774	0.43725
3.0792	0.43761
3.0811	0.43797
3.0829	0.43831
3.0847	0.43870
3.0866	0.43920
3.0884	0.43965
3.0902	0.44009
3.0921	0.44059
3.0939	0.44111
3.0958	0.44161
3.0976	0.44217
3.0995	0.44270
3.1013	0.44320
3.1032	0.44379
3.105	0.44445
3.1069	0.44501
3.1088	0.44558
3.1106	0.44615
3.1125	0.44674
3.1144	0.44743
3.1162	0.44813
3.1181	0.44882
3.12	0.44955
3.1219	0.45021
3.1237	0.45092
3.1256	0.45170
3.1275	0.45244
3.1294	0.45314
3.1313	0.45387
3.1332	0.45456
3.1351	0.45522
3.137	0.45595
3.1389	0.45678
3.1408	0.45759
3.1427	0.45844
3.1446	0.45921
3.1465	0.45991
3.1484	0.46055
3.1503	0.46132
3.1522	0.46223
3.1541	0.46306
3.1561	0.46378
3.158	0.46456
3.1599	0.46538
3.1618	0.46618
3.1638	0.46703
3.1657	0.46777
3.1676	0.46850
3.1696	0.46926
3.1715	0.47003
3.1734	0.47079
3.1754	0.47161
3.1773	0.47239
3.1793	0.47312
3.1812	0.47387
3.1832	0.47464
3.1851	0.47531
3.1871	0.47614
3.1891	0.47692
3.191	0.47767
3.193	0.47833
3.1949	0.47890
3.1969	0.47959
3.1989	0.48031
3.2009	0.48094
3.2028	0.48161
3.2048	0.48224
3.2068	0.48282
3.2088	0.48342
3.2108	0.48416
3.2128	0.48481
3.2148	0.48538
3.2168	0.48600
3.2187	0.48665
3.2207	0.48727
3.2228	0.48775
3.2248	0.48823
3.2268	0.48885
3.2288	0.48954
3.2308	0.49005
3.2328	0.49053
3.2348	0.49110
3.2368	0.49172
3.2389	0.49238
3.2409	0.49297
3.2429	0.49348
3.2449	0.49414
3.247	0.49484
3.249	0.49531
3.251	0.49593
3.2531	0.49660
3.2551	0.49722
3.2572	0.49798
3.2592	0.49868
3.2613	0.49936
3.2633	0.50008
3.2654	0.50074
3.2674	0.50140
3.2695	0.50211
3.2715	0.50278
3.2736	0.50345
3.2757	0.50421
3.2778	0.50486
3.2798	0.50554
3.2819	0.50628
3.284	0.50701
3.2861	0.50781
3.2881	0.50855
3.2902	0.50927
3.2923	0.51004
3.2944	0.51075
3.2965	0.51145
3.2986	0.51209
3.3007	0.51276
3.3028	0.51341
3.3049	0.51412
3.307	0.51482
3.3091	0.51549
3.3112	0.51602
3.3134	0.51672
3.3155	0.51756
3.3176	0.51824
3.3197	0.51890
3.3218	0.51960
3.324	0.52024
3.3261	0.52082
3.3282	0.52152
3.3304	0.52232
3.3325	0.52292
3.3347	0.52343
3.3368	0.52406
3.3389	0.52469
3.3411	0.52518
3.3433	0.52560
3.3454	0.52616
3.3476	0.52667
3.3497	0.52715
3.3519	0.52779
3.3541	0.52860
3.3562	0.52938
3.3584	0.53006
3.3606	0.53079
3.3628	0.53156
3.3649	0.53223
3.3671	0.53284
3.3693	0.53354
3.3715	0.53427
3.3737	0.53489
3.3759	0.53561
3.3781	0.53637
3.3803	0.53720
3.3825	0.53814
3.3847	0.53892
3.3869	0.53967
3.3891	0.54034
3.3914	0.54103
3.3936	0.54169
3.3958	0.54212
3.398	0.54253
3.4003	0.54301
3.4025	0.54347
3.4047	0.54390
3.407	0.54436
3.4092	0.54486
3.4114	0.54542
3.4137	0.54611
3.4159	0.54693
3.4182	0.54784
3.4204	0.54883
3.4227	0.54991
3.425	0.55106
3.4272	0.55220
3.4295	0.55312
3.4318	0.55389
3.434	0.55457
3.4363	0.55531
3.4386	0.55596
3.4409	0.55650
3.4432	0.55709
3.4454	0.55768
3.4477	0.55840
3.45	0.55904
3.4523	0.55963
3.4546	0.56016
3.4569	0.56072
3.4592	0.56125
3.4615	0.56164
3.4639	0.56212
3.4662	0.56245
3.4685	0.56258
3.4708	0.56287
3.4731	0.56336
3.4755	0.56376
3.4778	0.56415
3.4801	0.56475
3.4825	0.56533
3.4848	0.56580
3.4871	0.56633
3.4895	0.56678
3.4919	0.56725
3.4942	0.56767
3.4966	0.56813
3.4989	0.56882
3.5013	0.56969
3.5036	0.57068
3.506	0.57189
3.5084	0.57307
3.5108	0.57421
3.5131	0.57516
3.5155	0.57608
3.5179	0.57705
3.5203	0.57804
3.5227	0.57912
3.5251	0.58033
3.5275	0.58127
3.5299	0.58205
3.5323	0.58280
3.5347	0.58357
3.5371	0.58433
3.5395	0.58502
3.5419	0.58576
3.5444	0.58657
3.5468	0.58723
3.5492	0.58779
3.5516	0.58850
3.5541	0.58921
3.5565	0.58988
3.5589	0.59056
3.5614	0.59114
3.5638	0.59177
3.5663	0.59246
3.5688	0.59304
3.5712	0.59355
3.5737	0.59412
3.5761	0.59474
3.5786	0.59543
3.5811	0.59608
3.5836	0.59664
3.586	0.59730
3.5885	0.59788
3.591	0.59834
3.5935	0.59880
3.596	0.59924
3.5985	0.59990
3.601	0.60046
3.6035	0.60099
3.606	0.60147
3.6085	0.60197
3.611	0.60250
3.6135	0.60303
3.616	0.60355
3.6186	0.60400
3.6211	0.60439
3.6236	0.60489
3.6261	0.60541
3.6287	0.60583
3.6312	0.60631
3.6338	0.60686
3.6363	0.60725
3.6389	0.60772
3.6414	0.60811
3.644	0.60839
3.6466	0.60885
3.6491	0.60926
3.6517	0.60950
3.6543	0.60995
3.6568	0.61034
3.6594	0.61056
3.662	0.61080
3.6646	0.61130
3.6672	0.61171
3.6698	0.61195
3.6724	0.61229
3.675	0.61264
3.6776	0.61286
3.6802	0.61317
3.6828	0.61352
3.6854	0.61384
3.688	0.61424
3.6907	0.61452
3.6933	0.61472
3.6959	0.61495
3.6986	0.61525
3.7012	0.61568
3.7039	0.61597
3.7065	0.61609
3.7091	0.61638
3.7118	0.61671
3.7145	0.61691
3.7171	0.61707
3.7198	0.61724
3.7225	0.61750
3.7251	0.61768
3.7278	0.61790
3.7305	0.61822
3.7332	0.61851
3.7359	0.61857
3.7386	0.61874
3.7413	0.61882
3.744	0.61885
3.7467	0.61889
3.7494	0.61899
3.7521	0.61890
3.7548	0.61896
3.7576	0.61902
3.7603	0.61907
3.763	0.61912
3.7657	0.61912
3.7685	0.61914
3.7712	0.61913
3.774	0.61914
3.7767	0.61908
3.7795	0.61904
3.7822	0.61896
3.785	0.61889
3.7877	0.61874
3.7905	0.61861
3.7933	0.61843
3.7961	0.61826
3.7988	0.61802
3.8016	0.61781
3.8044	0.61759
3.8072	0.61741
3.81	0.61716
3.8128	0.61696
3.8156	0.61678
3.8184	0.61667
3.8212	0.61651
3.8241	0.61639
3.8269	0.61628
3.8297	0.61618
3.8325	0.61603
3.8354	0.61596
3.8382	0.61586
3.8411	0.61576
3.8439	0.61565
3.8468	0.61560
3.8496	0.61551
3.8525	0.61543
3.8553	0.61529
3.8582	0.61515
3.8611	0.61488
3.8639	0.61469
3.8668	0.61447
3.8697	0.61424
3.8726	0.61396
3.8755	0.61374
3.8784	0.61346
3.8813	0.61324
3.8842	0.61298
3.8871	0.61276
3.89	0.61251
3.893	0.61228
3.8959	0.61206
3.8988	0.61187
3.9017	0.61161
3.9047	0.61137
3.9076	0.61104
3.9106	0.61075
3.9135	0.61037
3.9165	0.61002
3.9194	0.60964
3.9224	0.60926
3.9254	0.60882
3.9284	0.60845
3.9313	0.60806
3.9343	0.60773
3.9373	0.60725
3.9403	0.60668
3.9433	0.60595
3.9463	0.60519
3.9493	0.60439
3.9523	0.60361
3.9553	0.60280
3.9583	0.60210
3.9614	0.60145
3.9644	0.60092
3.9674	0.60040
3.9705	0.60005
3.9735	0.59976
3.9766	0.59955
3.9796	0.59940
3.9826	0.59945
3.9857	0.59969
3.9888	0.60017
3.9919	0.60075
3.9949	0.60148
3.998	0.60224
4.0011	0.60300
4.0042	0.60368
4.0073	0.60438
4.0104	0.60495
4.0135	0.60543
4.0166	0.60578
4.0197	0.60608
4.0228	0.60634
4.0259	0.60664
4.0291	0.60687
4.0322	0.60715
4.0353	0.60735
4.0385	0.60757
4.0416	0.60774
4.0448	0.60790
4.0479	0.60799
4.0511	0.60807
4.0543	0.60806
4.0574	0.60809
4.0606	0.60805
4.0638	0.60807
4.067	0.60799
4.0702	0.60791
4.0734	0.60780
4.0766	0.60771
4.0798	0.60757
4.083	0.60748
4.0862	0.60735
4.0894	0.60727
4.0927	0.60706
4.0959	0.60689
4.0991	0.60675
4.1024	0.60666
4.1056	0.60646
4.1089	0.60630
4.1121	0.60607
4.1154	0.60588
4.1187	0.60568
4.122	0.60551
4.1252	0.60526
4.1285	0.60501
4.1318	0.60467
4.1351	0.60443
4.1384	0.60411
4.1417	0.60386
4.145	0.60354
4.1483	0.60319
4.1516	0.60280
4.155	0.60246
4.1583	0.60205
4.1616	0.60164
4.165	0.60113
4.1683	0.60066
4.1717	0.60012
4.175	0.59961
4.1784	0.59904
4.1818	0.59850
4.1852	0.59786
4.1885	0.59724
4.1919	0.59651
4.1953	0.59585
4.1987	0.59511
4.2021	0.59435
4.2055	0.59348
4.2089	0.59264
4.2124	0.59171
4.2158	0.59080
4.2192	0.58976
4.2226	0.58870
4.2261	0.58758
4.2295	0.58648
4.233	0.58526
4.2365	0.58405
4.2399	0.58276
4.2434	0.58155
4.2469	0.58020
4.2503	0.57886
4.2538	0.57743
4.2573	0.57600
4.2608	0.57443
4.2643	0.57291
4.2678	0.57144
4.2713	0.57012
4.2749	0.56884
4.2784	0.56774
4.2819	0.56661
4.2855	0.56554
4.289	0.56436
4.2926	0.56321
4.2961	0.56196
4.2997	0.56078
4.3033	0.55954
4.3068	0.55836
4.3104	0.55707
4.314	0.55578
4.3176	0.55439
4.3212	0.55305
4.3248	0.55164
4.3284	0.55025
4.332	0.54873
4.3356	0.54729
4.3393	0.54573
4.3429	0.54416
4.3465	0.54253
4.3502	0.54097
4.3538	0.53934
4.3575	0.53776
4.3611	0.53607
4.3648	0.53447
4.3685	0.53280
4.3722	0.53115
4.3759	0.52940
4.3796	0.52772
4.3833	0.52600
4.387	0.52437
4.3907	0.52266
4.3944	0.52104
4.3981	0.51939
4.4019	0.51779
4.4056	0.51615
4.4094	0.51456
4.4131	0.51293
4.4169	0.51139
4.4206	0.50974
4.4244	0.50816
4.4282	0.50654
4.432	0.50500
4.4358	0.50335
4.4396	0.50177
4.4434	0.50016
4.4472	0.49860
4.451	0.49692
4.4548	0.49527
4.4586	0.49358
4.4625	0.49195
4.4663	0.49023
4.4702	0.48855
4.474	0.48679
4.4779	0.48508
4.4818	0.48327
4.4856	0.48156
4.4895	0.47976
4.4934	0.47795
4.4973	0.47610
4.5012	0.47431
4.5051	0.47242
4.509	0.47056
4.513	0.46861
4.5169	0.46672
4.5208	0.46476
4.5248	0.46282
4.5287	0.46076
4.5327	0.45874
4.5367	0.45665
4.5406	0.45460
4.5446	0.45249
4.5486	0.45042
4.5526	0.44825
4.5566	0.44612
4.5606	0.44392
4.5646	0.44181
4.5686	0.43967
4.5727	0.43755
4.5767	0.43533
4.5808	0.43325
4.5848	0.43108
4.5889	0.42895
4.5929	0.42681
4.597	0.42475
4.6011	0.42263
4.6052	0.42057
4.6093	0.41847
4.6134	0.41646
4.6175	0.41442
4.6216	0.41240
4.6257	0.41037
4.6298	0.40843
4.634	0.40645
4.6381	0.40457
4.6423	0.40261
4.6464	0.40076
4.6506	0.39889
4.6548	0.39707
4.659	0.39526
4.6631	0.39354
4.6673	0.39180
4.6715	0.39013
4.6758	0.38843
4.68	0.38685
4.6842	0.38523
4.6884	0.38372
4.6927	0.38220
4.6969	0.38075
4.7012	0.37927
4.7055	0.37792
4.7097	0.37652
4.714	0.37522
4.7183	0.37388
4.7226	0.37262
4.7269	0.37138
4.7312	0.37021
4.7355	0.36901
4.7399	0.36791
4.7442	0.36675
4.7485	0.36568
4.7529	0.36459
4.7573	0.36356
4.7616	0.36250
4.766	0.36153
4.7704	0.36053
4.7748	0.35960
4.7792	0.35859
4.7836	0.35768
4.788	0.35675
4.7924	0.35585
4.7969	0.35488
4.8013	0.35397
4.8058	0.35304
4.8102	0.35220
4.8147	0.35128
4.8191	0.35042
4.8236	0.34950
4.8281	0.34865
4.8326	0.34773
4.8371	0.34687
4.8416	0.34593
4.8462	0.34504
4.8507	0.34410
4.8553	0.34327
4.8598	0.34231
4.8644	0.34141
4.8689	0.34046
4.8735	0.33955
4.8781	0.33855
4.8827	0.33763
4.8873	0.33666
4.8919	0.33574
4.8965	0.33477
4.9011	0.33383
4.9058	0.33278
4.9104	0.33178
4.9151	0.33068
4.9197	0.32966
4.9244	0.32857
4.9291	0.32752
4.9338	0.32636
4.9385	0.32523
4.9432	0.32405
4.9479	0.32290
4.9526	0.32160
4.9574	0.32030
4.9621	0.31892
4.9669	0.31757
4.9716	0.31610
4.9764	0.31465
4.9812	0.31313
4.986	0.31163
4.9908	0.31004
4.9956	0.30844
5.0004	0.30675
5.0052	0.30505
5.01	0.30322
5.0149	0.30138
5.0198	0.29946
5.0246	0.29751
5.0295	0.29545
5.0344	0.29341
5.0393	0.29125
5.0442	0.28911
5.0491	0.28684
5.054	0.28455
5.0589	0.28218
5.0639	0.27984
5.0688	0.27742
5.0738	0.27507
5.0788	0.27267
5.0837	0.27033
5.0887	0.26793
5.0937	0.26559
5.0987	0.26323
5.1037	0.26094
5.1088	0.25865
5.1138	0.25636
5.1189	0.25406
5.1239	0.25185
5.129	0.24962
5.1341	0.24746
5.1391	0.24526
5.1443	0.24314
5.1494	0.24103
5.1545	0.23901
5.1596	0.23691
5.1647	0.23491
5.1699	0.23295
5.175	0.23109
5.1802	0.22919
5.1854	0.22740
5.1906	0.22564
5.1958	0.22394
5.201	0.22225
5.2062	0.22064
5.2115	0.21897
5.2167	0.21745
5.222	0.21593
5.2272	0.21452
5.2325	0.21313
5.2378	0.21185
5.2431	0.21056
5.2484	0.20936
5.2537	0.20815
5.259	0.20705
5.2644	0.20593
5.2697	0.20491
5.2751	0.20390
5.2805	0.20294
5.2858	0.20192
5.2912	0.20096
5.2966	0.19999
5.302	0.19903
5.3075	0.19802
5.3129	0.19711
5.3184	0.19614
5.3238	0.19519
5.3293	0.19419
5.3348	0.19320
5.3403	0.19212
5.3458	0.19109
5.3513	0.19004
5.3568	0.18899
5.3624	0.18786
5.3679	0.18675
5.3735	0.18561
5.379	0.18448
5.3846	0.18329
5.3902	0.18213
5.3958	0.18096
5.4015	0.17985
5.4071	0.17863
5.4127	0.17745
5.4184	0.17619
5.4241	0.17502
5.4297	0.17387
5.4354	0.17268
5.4411	0.17144
5.4469	0.17028
5.4526	0.16908
5.4583	0.16788
5.4641	0.16673
5.4698	0.16563
5.4756	0.16448
5.4814	0.16342
5.4872	0.16231
5.493	0.16124
5.4988	0.16022
5.5047	0.15924
5.5105	0.15823
5.5164	0.15725
5.5223	0.15628
5.5281	0.15533
5.534	0.15432
5.54	0.15332
5.5459	0.15230
5.5518	0.15129
5.5578	0.15031
5.5637	0.14935
5.5697	0.14843
5.5757	0.14761
5.5817	0.14685
5.5877	0.14614
5.5937	0.14543
5.5998	0.14473
5.6058	0.14402
5.6119	0.14332
5.618	0.14266
5.6241	0.14203
5.6302	0.14139
5.6363	0.14079
5.6424	0.14025
5.6486	0.13974
5.6547	0.13913
5.6609	0.13866
5.6671	0.13810
5.6733	0.13757
5.6795	0.13705
5.6857	0.13655
5.692	0.13607
5.6982	0.13565
5.7045	0.13509
5.7108	0.13464
5.7171	0.13421
5.7234	0.13376
5.7297	0.13324
5.736	0.13276
5.7424	0.13226
5.7488	0.13180
5.7551	0.13128
5.7615	0.13068
5.768	0.13023
5.7744	0.12975
5.7808	0.12913
5.7873	0.12859
5.7937	0.12798
5.8002	0.12736
5.8067	0.12672
5.8132	0.12608
5.8197	0.12540
5.8263	0.12481
5.8328	0.12408
5.8394	0.12335
5.846	0.12257
5.8526	0.12182
5.8592	0.12106
5.8658	0.12040
5.8725	0.11965
5.8791	0.11895
5.8858	0.11839
5.8925	0.11769
5.8992	0.11705
5.9059	0.11641
5.9126	0.11574
5.9194	0.11520
5.9262	0.11466
5.9329	0.11411
5.9397	0.11373
5.9465	0.11327
5.9534	0.11269
5.9602	0.11220
5.9671	0.11176
5.974	0.11145
5.9808	0.11100
5.9878	0.11065
5.9947	0.11036
6.0016	0.11003
6.0086	0.10963
6.0155	0.10939
6.0225	0.10916
6.0295	0.10892
6.0365	0.10865
6.0436	0.10836
6.0506	0.10831
6.0577	0.10820
6.0648	0.10779
6.0719	0.10759
6.079	0.10741
6.0861	0.10716
6.0933	0.10689
6.1005	0.10667
6.1076	0.10644
6.1149	0.10638
6.1221	0.10621
6.1293	0.10590
6.1365	0.10564
6.1438	0.10549
6.1511	0.10528
6.1584	0.10503
6.1657	0.10483
6.1731	0.10465
6.1804	0.10445
6.1878	0.10440
6.1952	0.10429
6.2026	0.10415
6.21	0.10408
6.2175	0.10401
6.225	0.10389
6.2324	0.10379
6.2399	0.10375
6.2475	0.10371
6.255	0.10367
6.2625	0.10366
6.2701	0.10370
6.2777	0.10376
6.2853	0.10381
6.293	0.10389
6.3006	0.10403
6.3083	0.10423
6.3159	0.10443
6.3236	0.10466
6.3314	0.10493
6.3391	0.10516
6.3469	0.10554
6.3546	0.10584
6.3624	0.10602
6.3703	0.10639
6.3781	0.10675
6.3859	0.10697
6.3938	0.10724
6.4017	0.10740
6.4096	0.10757
6.4175	0.10806
6.4255	0.10821
6.4335	0.10830
6.4415	0.10844
6.4495	0.10849
6.4575	0.10859
6.4656	0.10857
6.4736	0.10859
6.4817	0.10856
6.4898	0.10850
6.498	0.10854
6.5061	0.10837
6.5143	0.10810
6.5225	0.10805
6.5307	0.10792
6.539	0.10768
6.5472	0.10747
6.5555	0.10728
6.5638	0.10701
6.5721	0.10673
6.5804	0.10653
6.5888	0.10624
6.5972	0.10594
6.6056	0.10558
6.614	0.10523
6.6225	0.10484
6.6309	0.10449
6.6394	0.10421
6.6479	0.10387
6.6565	0.10344
6.665	0.10307
6.6736	0.10274
6.6822	0.10244
6.6908	0.10213
6.6995	0.10180
6.7081	0.10149
6.7168	0.10119
6.7255	0.10082
6.7343	0.10046
6.743	0.10006
6.7518	0.09970
6.7606	0.09932
6.7694	0.09898
6.7783	0.09867
6.7871	0.09835
6.796	0.09798
6.805	0.09753
6.8139	0.09711
6.8229	0.09669
6.8319	0.09624
6.8409	0.09580
6.8499	0.09536
6.859	0.09492
6.868	0.09454
6.8772	0.09408
6.8863	0.09355
6.8955	0.09311
6.9046	0.09262
6.9138	0.09215
6.9231	0.09166
6.9323	0.09116
6.9416	0.09066
6.9509	0.09019
6.9602	0.08970
6.9696	0.08922
6.979	0.08867
6.9884	0.08820
6.9978	0.08773
7.0073	0.08724
7.0168	0.08671
7.0263	0.08625
7.0358	0.08574
7.0454	0.08529
7.0549	0.08480
7.0645	0.08430
7.0742	0.08370
7.0839	0.08309
7.0935	0.08242
7.1033	0.08177
7.113	0.08107
7.1228	0.08037
7.1326	0.07958
7.1424	0.07884
7.1522	0.07805
7.1621	0.07725
7.172	0.07641
7.182	0.07555
7.1919	0.07466
7.2019	0.07379
7.2119	0.07285
7.222	0.07195
7.232	0.07096
7.2421	0.07001
7.2523	0.06899
7.2624	0.06795
7.2726	0.06690
7.2828	0.06586
7.2931	0.06477
7.3033	0.06371
7.3136	0.06260
7.324	0.06155
7.3343	0.06045
7.3447	0.05935
7.3551	0.05818
7.3656	0.05708
7.3761	0.05592
7.3866	0.05484
7.3971	0.05370
7.4077	0.05255
7.4183	0.05134
7.4289	0.05020
7.4396	0.04903
7.4503	0.04788
7.461	0.04663
7.4717	0.04544
7.4825	0.04426
7.4933	0.04306
7.5042	0.04175
7.515	0.04049
7.5259	0.03924
7.5369	0.03803
7.5479	0.03671
7.5589	0.03544
7.5699	0.03412
7.581	0.03288
7.592	0.03153
7.6032	0.03027
7.6144	0.02894
7.6255	0.02766
7.6368	0.02633
7.648	0.02507
7.6593	0.02378
7.6707	0.02260
7.682	0.02132
7.6934	0.02014
7.7049	0.01895
7.7163	0.01783
7.7278	0.01665
7.7394	0.01559
7.7509	0.01452
7.7625	0.01356
7.7742	0.01258
7.7858	0.01171
7.7975	0.01087
7.8093	0.01011
7.8211	0.00932
7.8329	0.00866
7.8447	0.00803
7.8566	0.00754
7.8685	0.00707
7.8805	0.00671
7.8925	0.00635
7.9045	0.00616
7.9166	0.00598
7.9287	0.00594
7.9408	0.00600
7.953	0.00630
7.9652	0.00665
7.9775	0.00724
7.9898	0.00794
8.0021	0.00897
8.0145	0.01014
8.0269	0.01164
8.0393	0.01341
8.0518	0.01553
8.0643	0.01791
8.0769	0.02070
8.0895	0.02379
8.1021	0.02719
8.1148	0.03085
8.1275	0.03491
8.1403	0.03921
8.1531	0.04380
8.1659	0.04863
8.1788	0.05367
8.1917	0.05875
8.2047	0.06396
8.2177	0.06912
8.2307	0.07409
8.2438	0.07875
8.257	0.08297
8.2701	0.08661
8.2833	0.08964
8.2966	0.09201
8.3099	0.09378
8.3232	0.09488
8.3366	0.09546
8.35	0.09570
8.3635	0.09565
8.377	0.09533
8.3905	0.09491
8.4042	0.09443
8.4178	0.09394
8.4315	0.09344
8.4452	0.09300
8.459	0.09267
8.4728	0.09232
8.4867	0.09203
8.5006	0.09185
8.5145	0.09159
8.5285	0.09141
8.5426	0.09130
8.5567	0.09118
8.5708	0.09105
8.585	0.09094
8.5993	0.09084
8.6135	0.09079
8.6279	0.09069
8.6423	0.09050
8.6567	0.09030
8.6712	0.09003
8.6857	0.08967
8.7003	0.08920
8.7149	0.08861
8.7295	0.08794
8.7443	0.08716
8.759	0.08637
8.7739	0.08548
8.7887	0.08445
8.8037	0.08347
8.8186	0.08249
8.8337	0.08139
8.8487	0.08031
8.8638	0.07924
8.879	0.07823
8.8943	0.07717
8.9095	0.07617
8.9249	0.07519
8.9403	0.07420
8.9557	0.07320
8.9712	0.07228
8.9868	0.07142
9.0023	0.07063
9.018	0.06978
9.0337	0.06895
9.0495	0.06814
9.0653	0.06731
9.0812	0.06652
9.0971	0.06577
9.1131	0.06501
9.1291	0.06434
9.1452	0.06362
9.1614	0.06300
9.1776	0.06245
9.1939	0.06196
9.2102	0.06157
9.2266	0.06137
9.243	0.06124
9.2595	0.06130
9.2761	0.06153
9.2927	0.06200
9.3094	0.06260
9.3262	0.06331
9.343	0.06409
9.3598	0.06507
9.3768	0.06617
9.3938	0.06741
9.4108	0.06865
9.4279	0.06991
9.4451	0.07116
9.4623	0.07242
9.4796	0.07369
9.497	0.07500
9.5144	0.07632
9.5319	0.07768
9.5494	0.07896
9.567	0.08018
9.5847	0.08132
9.6025	0.08237
9.6203	0.08337
9.6382	0.08427
9.6561	0.08503
9.6742	0.08581
9.6922	0.08649
9.7104	0.08714
9.7286	0.08778
9.7469	0.08838
9.7652	0.08899
9.7837	0.08966
9.8022	0.09036
9.8207	0.09107
9.8394	0.09175
9.8581	0.09237
9.8768	0.09291
9.8957	0.09331
9.9146	0.09359
9.9336	0.09364
9.9527	0.09355
9.9718	0.09332
9.991	0.09282
10.0103	0.09224
10.0297	0.09161
10.0491	0.09081
10.0686	0.08998
10.0882	0.08920
10.1079	0.08838
10.1276	0.08759
10.1475	0.08686
10.1673	0.08614
10.1873	0.08548
10.2074	0.08489
10.2275	0.08437
10.2477	0.08395
10.268	0.08374
10.2884	0.08363
10.3088	0.08352
10.3294	0.08359
10.35	0.08371
10.3707	0.08383
10.3915	0.08403
10.4123	0.08431
10.4333	0.08458
10.4543	0.08479
10.4754	0.08489
10.4967	0.08497
10.5179	0.08490
10.5393	0.08474
10.5608	0.08444
10.5823	0.08399
10.604	0.08351
10.6257	0.08307
10.6475	0.08249
10.6694	0.08191
10.6914	0.08144
10.7135	0.08098
10.7357	0.08039
10.758	0.07992
10.7803	0.07951
10.8028	0.07903
10.8254	0.07849
10.848	0.07795
10.8708	0.07727
10.8936	0.07656
10.9165	0.07582
10.9395	0.07499
10.9627	0.07417
10.9859	0.07331
11.0092	0.07240
11.0327	0.07149
11.0562	0.07054
11.0798	0.06953
11.1035	0.06857
11.1274	0.06769
11.1513	0.06673
11.1753	0.06576
11.1995	0.06478
11.2237	0.06394
11.248	0.06315
11.2725	0.06238
11.2971	0.06164
11.3217	0.06110
11.3465	0.06061
11.3714	0.06022
11.3964	0.05983
11.4215	0.05948
11.4467	0.05910
11.472	0.05873
11.4975	0.05831
11.523	0.05791
11.5487	0.05748
11.5744	0.05712
11.6003	0.05685
11.6263	0.05659
11.6525	0.05642
11.6787	0.05630
11.7051	0.05620
11.7316	0.05622
11.7582	0.05623
11.7849	0.05636
11.8117	0.05655
11.8387	0.05686
11.8658	0.05713
11.893	0.05741
11.9203	0.05775
11.9478	0.05811
11.9754	0.05841
12.0031	0.05867
12.031	0.05888
12.059	0.05908
12.0871	0.05906
12.1153	0.05871
12.1437	0.05795
12.1722	0.05675
12.2008	0.05506
12.2296	0.05301
12.2585	0.05069
12.2876	0.04818
12.3168	0.04563
12.3461	0.04324
12.3755	0.04107
12.4052	0.03914
12.4349	0.03747
12.4648	0.03614
12.4948	0.03506
12.525	0.03412
12.5553	0.03335
12.5858	0.03281
12.6164	0.03242
12.6472	0.03228
12.6781	0.03229
12.7092	0.03245
12.7404	0.03269
12.7718	0.03292
12.8033	0.03299
12.835	0.03301
12.8669	0.03300
12.8989	0.03295
12.9311	0.03282
12.9634	0.03277
12.9959	0.03269
13.0285	0.03266
13.0613	0.03262
13.0943	0.03269
13.1275	0.03283
13.1608	0.03301
13.1943	0.03321
13.228	0.03360
13.2618	0.03400
13.2958	0.03447
13.33	0.03479
13.3643	0.03509
13.3988	0.03539
13.4336	0.03553
13.4685	0.03546
13.5035	0.03534
13.5388	0.03518
13.5742	0.03506
13.6099	0.03491
13.6457	0.03472
13.6817	0.03444
13.7179	0.03428
13.7543	0.03415
13.7908	0.03393
13.8276	0.03374
13.8646	0.03351
13.9018	0.03323
13.9392	0.03304
13.9767	0.03286
14.0145	0.03273
14.0525	0.03252
14.0907	0.03213
14.129	0.03178
14.1676	0.03156
14.2065	0.03145
14.2455	0.03131
14.2847	0.03094
14.3242	0.03050
14.3639	0.03008
14.4038	0.02981
14.4439	0.02964
14.4843	0.02953
14.5248	0.02929
14.5656	0.02910
14.6067	0.02895
14.6479	0.02879
14.6894	0.02850
14.7312	0.02830
14.7731	0.02806
14.8153	0.02766
14.8578	0.02729
14.9005	0.02694
14.9434	0.02656
14.9866	0.02643
15.03	0.02649
15.0737	0.02705
15.1177	0.02818
15.1619	0.03013
15.2063	0.03288
15.2511	0.03641
15.2961	0.04052
15.3413	0.04486
15.3868	0.04932
15.4326	0.05330
15.4787	0.05646
15.525	0.05894
15.5717	0.06065
15.6186	0.06177
15.6658	0.06218
15.7132	0.06216
15.761	0.06229
15.809	0.06249
15.8574	0.06238
15.906	0.06219
15.955	0.06184
16.0042	0.06161
16.0538	0.06154
16.1036	0.06220
16.1538	0.06372
16.2043	0.06604
16.2551	0.06879
16.3062	0.07158
16.3576	0.07413
16.4094	0.07638
16.4615	0.07795
16.5139	0.07890
16.5667	0.07939
16.6198	0.07940
16.6732	0.07940
16.727	0.07942
16.7811	0.07945
16.8356	0.07965
16.8905	0.07976
16.9457	0.07993
17.0012	0.08002
17.0572	0.08010
17.1134	0.08027
17.1701	0.08034
17.2272	0.08009
17.2846	0.07917
17.3424	0.07783
17.4006	0.07613
17.4592	0.07382
17.5182	0.07146
17.5775	0.06910
17.6373	0.06694
17.6975	0.06455
17.7581	0.06220
17.8192	0.06069
17.8806	0.05997
17.9425	0.05944
18.0048	0.05913
18.0675	0.05933
18.1307	0.06059
18.1943	0.06313
18.2584	0.06664
18.3229	0.07068
18.3879	0.07415
18.4533	0.07565
18.5192	0.07547
18.5856	0.07313
18.6524	0.06932
18.7198	0.06561
18.7876	0.06284
18.8559	0.06087
18.9247	0.05974
18.9941	0.05897
19.0639	0.05682
19.1343	0.05526
19.2051	0.05432
19.2765	0.05290
19.3485	0.05161
19.4209	0.05121
19.4939	0.05085
19.5675	0.04897
19.6416	0.04720
19.7163	0.04615
19.7916	0.04547
19.8674	0.04479
19.9438	0.04336
20.0208	0.04197
20.0984	0.04095
20.1766	0.03998
20.2554	0.03920
20.3348	0.03847
20.4149	0.03820
20.4956	0.03878
20.5769	0.04053
20.6589	0.04216
20.7416	0.04397
20.8248	0.04618
20.9088	0.04817
20.9935	0.04922
21.0788	0.05001
21.1648	0.05043
21.2516	0.05082
21.3391	0.05047
21.4272	0.04987
21.5161	0.04924
21.6058	0.04795
21.6962	0.04566
21.7873	0.04402
21.8793	0.04379
21.972	0.04520
22.0654	0.04659
22.1597	0.04752
22.2548	0.04964
22.3508	0.05300
22.4475	0.05537
22.5451	0.05793
22.6436	0.06115
22.7429	0.06379
22.8431	0.06560
22.9442	0.06763
23.0461	0.06893
23.149	0.06991
23.2528	0.07077
23.3576	0.07165
23.4633	0.07220
23.5699	0.07275
23.6775	0.07333
23.7861	0.07368
23.8958	0.07401
24.0064	0.07496
24.118	0.07545
24.2307	0.07619
24.3445	0.07702
24.4593	0.07775
24.5753	0.07824
24.6923	0.07913
24.8104	0.07994
24.9297	0.08090
25.0501	0.08187
25.1717	0.08265
25.2945	0.08275
25.4185	0.08320
25.5437	0.08414
25.6702	0.08539
25.7979	0.08597
25.9269	0.08562
26.0572	0.08469
26.1888	0.08366
26.3217	0.08307
26.456	0.08337
26.5917	0.08397
26.7288	0.08460
26.8672	0.08516
27.0072	0.08577
27.1486	0.08501
27.2915	0.08457
27.4359	0.08394
27.5818	0.08321
27.7293	0.08263
27.8784	0.08110
28.0291	0.07966
28.1814	0.07874
28.3354	0.07756
28.4911	0.07681
28.6485	0.07494
28.8077	0.07352
28.9686	0.07324
29.1313	0.07272
29.2959	0.07176
29.4624	0.07102
29.6307	0.06995
29.801	0.06877
29.9733	0.06838
30.1475	0.06911
30.3238	0.06834
30.5022	0.06793
30.6827	0.06785
30.8653	0.06855
31.0502	0.06998
31.2372	0.07051
31.4265	0.07015
31.6182	0.06999
31.8121	0.06983
32.0085	0.07114
32.2073	0.07206
32.4086	0.07126
32.6124	0.07086
32.8188	0.07259
33.0279	0.07250
33.2396	0.07157
33.4541	0.07273
33.6713	0.07210
33.8914	0.07049
34.1143	0.07030
34.3403	0.06894
34.5692	0.06976
34.8012	0.07019
35.0363	0.06783
35.2747	0.06666
35.5163	0.06787
35.7612	0.06807
36.0096	0.06834
36.2614	0.06858
36.5167	0.06790
36.7757	0.06563
37.0384	0.06513
37.3049	0.06536
37.5752	0.06481
37.8495	0.06333
38.1278	0.06138
38.4102	0.05924
38.6968	0.05814
38.9878	0.05767
39.2832	0.05500
39.583	0.05528
39.8875	0.05701
40.1967	0.05592
40.5108	0.05683
40.8298	0.05719
41.1538	0.05418
41.483	0.05399
41.8176	0.05503
42.1575	0.05569
42.5031	0.05597
42.8544	0.05674
43.2115	0.05933
43.5746	0.06333
43.9439	0.06627
44.3195	0.06535
44.7015	0.06480
45.0902	0.06677
45.4858	0.06831
45.8883	0.06767
46.298	0.06876
46.7151	0.07429
47.1398	0.07801
47.5723	0.08131
48.0128	0.08263
48.4615	0.07961
48.9187	0.08098
49.3846	0.07979
49.8594	0.07710
