Brown University Keck/NASA Relab Spectrum PL-H1T-114-D/BKR1PL114D
Wavelength(micron)	Reflectance
0.28	0.32737
0.285	0.18860
0.29	0.14670
0.295	0.14512
0.3	0.16480
0.305	0.20069
0.31	0.25053
0.315	0.30844
0.32	0.37114
0.325	0.43332
0.33	0.49150
0.335	0.54489
0.34	0.59281
0.345	0.62790
0.35	0.65722
0.355	0.68058
0.36	0.69970
0.365	0.71190
0.37	0.71884
0.375	0.71422
0.38	0.69193
0.385	0.68953
0.39	0.70962
0.395	0.73225
0.4	0.74955
0.405	0.75816
0.41	0.76134
0.415	0.75905
0.42	0.75525
0.425	0.75840
0.43	0.76345
0.435	0.76738
0.44	0.76871
0.445	0.76882
0.45	0.77200
0.455	0.77723
0.46	0.78307
0.465	0.78976
0.47	0.79408
0.475	0.79818
0.48	0.80026
0.485	0.80192
0.49	0.80358
0.495	0.80481
0.5	0.80742
0.505	0.80737
0.51	0.81032
0.515	0.81184
0.52	0.81362
0.525	0.81608
0.53	0.81776
0.535	0.81971
0.54	0.82110
0.545	0.82278
0.55	0.82374
0.555	0.82507
0.56	0.82592
0.565	0.82615
0.57	0.82695
0.575	0.82759
0.58	0.82818
0.585	0.82888
0.59	0.83029
0.595	0.83101
0.6	0.83144
0.605	0.83291
0.61	0.83386
0.615	0.83466
0.62	0.83544
0.625	0.83625
0.63	0.83698
0.635	0.83710
0.64	0.83768
0.645	0.83797
0.65	0.83891
0.655	0.83950
0.66	0.84065
0.665	0.84152
0.67	0.84352
0.675	0.84433
0.68	0.84535
0.685	0.84579
0.69	0.84606
0.695	0.84476
0.7	0.84481
0.705	0.84438
0.71	0.84389
0.715	0.84332
0.72	0.84371
0.725	0.84302
0.73	0.84283
0.735	0.84259
0.74	0.84226
0.745	0.84225
0.75	0.84176
0.755	0.84157
0.76	0.84144
0.765	0.84142
0.77	0.84122
0.775	0.84075
0.78	0.84053
0.785	0.84021
0.79	0.84003
0.795	0.83939
0.8	0.83903
0.805	0.83942
0.81	0.83847
0.815	0.83904
0.82	0.83730
0.8202	0.83752
0.8203	0.83800
0.8204	0.83762
0.8205	0.83693
0.8207	0.83761
0.8208	0.83705
0.8209	0.83752
0.8211	0.83908
0.8212	0.84055
0.8213	0.84137
0.8215	0.83863
0.8216	0.83756
0.8217	0.83836
0.8218	0.83705
0.822	0.83667
0.8221	0.83747
0.8222	0.83912
0.8224	0.84040
0.8225	0.84028
0.8226	0.83868
0.8228	0.83862
0.8229	0.84072
0.823	0.84096
0.8232	0.84025
0.8233	0.83770
0.8234	0.83713
0.8235	0.83721
0.8237	0.83805
0.8238	0.83793
0.8239	0.83602
0.8241	0.83630
0.8242	0.83842
0.8243	0.83741
0.8245	0.83704
0.8246	0.83754
0.8247	0.83950
0.8248	0.84050
0.825	0.83792
0.8251	0.83820
0.8252	0.83729
0.8254	0.83450
0.8255	0.83647
0.8256	0.83952
0.8258	0.84017
0.8259	0.83959
0.826	0.83876
0.8262	0.83766
0.8263	0.83681
0.8264	0.83729
0.8266	0.83834
0.8267	0.83892
0.8268	0.83749
0.827	0.83730
0.8271	0.83933
0.8272	0.84028
0.8273	0.83951
0.8275	0.83683
0.8276	0.83564
0.8278	0.83680
0.8279	0.83748
0.828	0.83756
0.8281	0.83854
0.8283	0.83706
0.8284	0.83589
0.8285	0.83743
0.8287	0.83811
0.8288	0.83877
0.8289	0.83927
0.8291	0.83831
0.8292	0.83818
0.8293	0.83887
0.8295	0.83811
0.8296	0.83716
0.8297	0.83697
0.8299	0.83853
0.83	0.83994
0.8301	0.83946
0.8303	0.83698
0.8304	0.83647
0.8305	0.83742
0.8307	0.83723
0.8308	0.83737
0.8309	0.83789
0.8311	0.83836
0.8312	0.83694
0.8313	0.83625
0.8315	0.83784
0.8316	0.83797
0.8317	0.83600
0.8319	0.83642
0.832	0.83691
0.8321	0.83526
0.8323	0.83570
0.8324	0.83758
0.8325	0.83803
0.8327	0.83792
0.8328	0.83796
0.8329	0.83696
0.8331	0.83656
0.8332	0.83660
0.8333	0.83620
0.8335	0.83622
0.8336	0.83626
0.8337	0.83470
0.8339	0.83452
0.834	0.83486
0.8341	0.83510
0.8343	0.83507
0.8344	0.83538
0.8345	0.83590
0.8347	0.83522
0.8348	0.83517
0.835	0.83627
0.8351	0.83637
0.8352	0.83479
0.8353	0.83471
0.8355	0.83503
0.8356	0.83512
0.8358	0.83694
0.8359	0.83854
0.836	0.83801
0.8362	0.83699
0.8363	0.83495
0.8364	0.83363
0.8366	0.83312
0.8367	0.83401
0.8368	0.83461
0.837	0.83518
0.8371	0.83701
0.8372	0.83716
0.8374	0.83582
0.8375	0.83462
0.8376	0.83590
0.8378	0.83463
0.8379	0.83455
0.838	0.83632
0.8382	0.83569
0.8383	0.83634
0.8385	0.83753
0.8386	0.83703
0.8387	0.83598
0.8389	0.83474
0.839	0.83450
0.8391	0.83438
0.8393	0.83404
0.8394	0.83413
0.8395	0.83354
0.8397	0.83409
0.8398	0.83494
0.84	0.83454
0.8401	0.83506
0.8402	0.83647
0.8404	0.83708
0.8405	0.83617
0.8406	0.83593
0.8408	0.83528
0.8409	0.83507
0.841	0.83430
0.8412	0.83291
0.8413	0.83184
0.8415	0.83232
0.8416	0.83405
0.8417	0.83510
0.8419	0.83477
0.842	0.83320
0.8421	0.83315
0.8423	0.83443
0.8424	0.83578
0.8425	0.83562
0.8427	0.83459
0.8428	0.83379
0.843	0.83338
0.8431	0.83348
0.8432	0.83401
0.8434	0.83455
0.8435	0.83415
0.8436	0.83305
0.8438	0.83275
0.8439	0.83284
0.844	0.83407
0.8442	0.83369
0.8443	0.83228
0.8445	0.83263
0.8446	0.83196
0.8447	0.83157
0.8449	0.83139
0.845	0.83093
0.8452	0.83289
0.8453	0.83439
0.8454	0.83397
0.8456	0.83384
0.8457	0.83388
0.8458	0.83331
0.846	0.83339
0.8461	0.83403
0.8463	0.83503
0.8464	0.83530
0.8465	0.83467
0.8467	0.83354
0.8468	0.83249
0.847	0.83332
0.8471	0.83363
0.8472	0.83397
0.8474	0.83334
0.8475	0.83233
0.8476	0.83319
0.8478	0.83318
0.8479	0.83315
0.8481	0.83365
0.8482	0.83286
0.8483	0.83204
0.8485	0.83198
0.8486	0.83197
0.8488	0.83354
0.8489	0.83607
0.849	0.83523
0.8492	0.83335
0.8493	0.83228
0.8495	0.83252
0.8496	0.83213
0.8497	0.83124
0.8499	0.83167
0.85	0.83228
0.8501	0.83297
0.8503	0.83424
0.8504	0.83299
0.8506	0.83104
0.8507	0.83124
0.8508	0.83233
0.851	0.83287
0.8511	0.83244
0.8513	0.83128
0.8514	0.83061
0.8515	0.83119
0.8517	0.83317
0.8518	0.83409
0.852	0.83371
0.8521	0.83319
0.8522	0.83179
0.8524	0.83082
0.8525	0.83169
0.8527	0.83179
0.8528	0.83158
0.8529	0.83236
0.8531	0.83180
0.8532	0.83114
0.8534	0.83219
0.8535	0.83266
0.8536	0.83115
0.8538	0.82988
0.8539	0.83029
0.8541	0.83055
0.8542	0.83180
0.8543	0.83335
0.8545	0.83313
0.8546	0.83213
0.8548	0.83317
0.8549	0.83416
0.855	0.83205
0.8552	0.82973
0.8553	0.83032
0.8555	0.83093
0.8556	0.83133
0.8558	0.83247
0.8559	0.83123
0.856	0.83036
0.8562	0.83030
0.8563	0.83057
0.8565	0.83119
0.8566	0.83126
0.8568	0.83137
0.8569	0.83069
0.857	0.82970
0.8572	0.83065
0.8573	0.83212
0.8575	0.83148
0.8576	0.83075
0.8577	0.83059
0.8579	0.83015
0.858	0.83041
0.8582	0.83077
0.8583	0.83069
0.8585	0.83137
0.8586	0.83196
0.8587	0.83089
0.8589	0.83066
0.859	0.83109
0.8592	0.83104
0.8593	0.83034
0.8594	0.82911
0.8596	0.82889
0.8597	0.82980
0.8599	0.82945
0.86	0.83002
0.8602	0.83132
0.8603	0.83083
0.8604	0.83018
0.8606	0.82929
0.8607	0.82886
0.8609	0.83091
0.861	0.83268
0.8612	0.83225
0.8613	0.83122
0.8614	0.83099
0.8616	0.83085
0.8617	0.82927
0.8619	0.82902
0.862	0.83005
0.8622	0.83020
0.8623	0.82956
0.8625	0.82953
0.8626	0.82920
0.8627	0.83047
0.8629	0.83066
0.863	0.82896
0.8632	0.82920
0.8633	0.83108
0.8635	0.83074
0.8636	0.82932
0.8637	0.82895
0.8639	0.82841
0.864	0.82686
0.8642	0.82682
0.8643	0.82821
0.8645	0.82938
0.8646	0.82902
0.8648	0.82764
0.8649	0.82781
0.865	0.82836
0.8652	0.82770
0.8653	0.82773
0.8655	0.82898
0.8656	0.82993
0.8658	0.82914
0.8659	0.82854
0.866	0.82910
0.8662	0.82977
0.8663	0.82923
0.8665	0.82860
0.8666	0.82852
0.8668	0.82853
0.8669	0.82838
0.8671	0.82845
0.8672	0.82953
0.8673	0.82986
0.8675	0.82864
0.8676	0.82832
0.8678	0.82824
0.8679	0.82841
0.8681	0.82869
0.8682	0.82856
0.8684	0.82776
0.8685	0.82787
0.8687	0.82784
0.8688	0.82688
0.869	0.82765
0.8691	0.82922
0.8692	0.82942
0.8694	0.82841
0.8695	0.82772
0.8697	0.82824
0.8698	0.82873
0.87	0.82798
0.8701	0.82815
0.8703	0.82894
0.8704	0.82835
0.8705	0.82811
0.8707	0.82824
0.8708	0.82806
0.871	0.82782
0.8711	0.82783
0.8713	0.82786
0.8714	0.82768
0.8716	0.82637
0.8717	0.82682
0.8719	0.82839
0.872	0.82791
0.8722	0.82695
0.8723	0.82758
0.8725	0.82755
0.8726	0.82746
0.8728	0.82818
0.8729	0.82903
0.873	0.82900
0.8732	0.82809
0.8733	0.82807
0.8735	0.82823
0.8736	0.82787
0.8738	0.82837
0.8739	0.82863
0.8741	0.82796
0.8742	0.82768
0.8744	0.82788
0.8745	0.82826
0.8747	0.82846
0.8748	0.82803
0.875	0.82814
0.8751	0.82776
0.8753	0.82675
0.8754	0.82620
0.8755	0.82627
0.8757	0.82664
0.8758	0.82648
0.876	0.82679
0.8762	0.82767
0.8763	0.82762
0.8764	0.82685
0.8766	0.82628
0.8767	0.82580
0.8769	0.82663
0.877	0.82715
0.8772	0.82665
0.8773	0.82669
0.8775	0.82664
0.8776	0.82595
0.8778	0.82647
0.8779	0.82695
0.8781	0.82628
0.8782	0.82540
0.8784	0.82618
0.8785	0.82774
0.8787	0.82743
0.8788	0.82716
0.879	0.82798
0.8791	0.82770
0.8793	0.82687
0.8794	0.82670
0.8796	0.82710
0.8797	0.82814
0.8799	0.82783
0.88	0.82754
0.8802	0.82641
0.8803	0.82588
0.8805	0.82585
0.8806	0.82661
0.8808	0.82742
0.8809	0.82727
0.8811	0.82700
0.8812	0.82658
0.8814	0.82638
0.8815	0.82650
0.8817	0.82642
0.8818	0.82606
0.882	0.82583
0.8821	0.82575
0.8823	0.82551
0.8824	0.82634
0.8826	0.82675
0.8827	0.82545
0.8829	0.82587
0.883	0.82661
0.8832	0.82636
0.8833	0.82527
0.8835	0.82521
0.8836	0.82520
0.8838	0.82497
0.8839	0.82562
0.8841	0.82621
0.8842	0.82581
0.8844	0.82615
0.8845	0.82570
0.8847	0.82433
0.8848	0.82436
0.885	0.82628
0.8851	0.82687
0.8853	0.82636
0.8854	0.82653
0.8856	0.82621
0.8857	0.82577
0.8859	0.82555
0.886	0.82570
0.8862	0.82553
0.8863	0.82549
0.8865	0.82567
0.8866	0.82554
0.8868	0.82449
0.8869	0.82506
0.8871	0.82560
0.8872	0.82527
0.8874	0.82456
0.8875	0.82461
0.8877	0.82571
0.8878	0.82594
0.888	0.82570
0.8882	0.82582
0.8883	0.82537
0.8885	0.82516
0.8886	0.82530
0.8888	0.82493
0.8889	0.82544
0.8891	0.82590
0.8892	0.82478
0.8894	0.82381
0.8895	0.82373
0.8897	0.82402
0.8898	0.82381
0.89	0.82412
0.8901	0.82499
0.8903	0.82574
0.8904	0.82559
0.8906	0.82542
0.8908	0.82506
0.8909	0.82375
0.891	0.82333
0.8912	0.82380
0.8914	0.82425
0.8915	0.82399
0.8917	0.82339
0.8918	0.82358
0.892	0.82415
0.8921	0.82478
0.8923	0.82505
0.8924	0.82447
0.8926	0.82420
0.8927	0.82430
0.8929	0.82430
0.893	0.82419
0.8932	0.82417
0.8933	0.82443
0.8935	0.82512
0.8937	0.82507
0.8938	0.82405
0.894	0.82341
0.8941	0.82339
0.8943	0.82439
0.8944	0.82405
0.8946	0.82354
0.8947	0.82375
0.8949	0.82436
0.895	0.82436
0.8952	0.82407
0.8954	0.82358
0.8955	0.82335
0.8957	0.82354
0.8958	0.82353
0.896	0.82355
0.8961	0.82422
0.8963	0.82383
0.8964	0.82298
0.8966	0.82283
0.8968	0.82296
0.8969	0.82345
0.8971	0.82436
0.8972	0.82378
0.8974	0.82294
0.8975	0.82354
0.8977	0.82364
0.8978	0.82302
0.898	0.82307
0.8982	0.82357
0.8983	0.82358
0.8985	0.82373
0.8986	0.82266
0.8988	0.82147
0.8989	0.82209
0.8991	0.82300
0.8992	0.82302
0.8994	0.82319
0.8995	0.82346
0.8997	0.82329
0.8999	0.82352
0.9	0.82334
0.9002	0.82267
0.9003	0.82273
0.9005	0.82306
0.9007	0.82343
0.9008	0.82294
0.901	0.82268
0.9011	0.82269
0.9013	0.82216
0.9014	0.82162
0.9016	0.82193
0.9017	0.82220
0.9019	0.82217
0.9021	0.82206
0.9022	0.82229
0.9024	0.82257
0.9025	0.82243
0.9027	0.82191
0.9028	0.82217
0.903	0.82230
0.9032	0.82201
0.9033	0.82223
0.9035	0.82237
0.9036	0.82239
0.9038	0.82146
0.904	0.82074
0.9041	0.82156
0.9043	0.82205
0.9044	0.82167
0.9046	0.82143
0.9047	0.82182
0.9049	0.82187
0.905	0.82173
0.9052	0.82120
0.9054	0.82141
0.9055	0.82179
0.9057	0.82148
0.9058	0.82109
0.906	0.82077
0.9062	0.82083
0.9063	0.82129
0.9065	0.82134
0.9066	0.82129
0.9068	0.82101
0.907	0.82069
0.9071	0.82113
0.9073	0.82154
0.9074	0.82101
0.9076	0.82067
0.9077	0.82091
0.9079	0.82079
0.9081	0.82069
0.9082	0.82137
0.9084	0.82210
0.9085	0.82144
0.9087	0.82074
0.9089	0.82048
0.909	0.82081
0.9092	0.82120
0.9093	0.82095
0.9095	0.82069
0.9097	0.82068
0.9098	0.82092
0.91	0.82103
0.9101	0.82052
0.9103	0.82036
0.9105	0.82049
0.9106	0.82017
0.9108	0.81943
0.9109	0.81970
0.9111	0.81981
0.9113	0.81978
0.9114	0.82010
0.9116	0.81970
0.9117	0.81988
0.9119	0.82070
0.9121	0.82068
0.9122	0.82031
0.9124	0.82020
0.9125	0.82000
0.9127	0.82002
0.9129	0.81985
0.913	0.81912
0.9132	0.81931
0.9133	0.81989
0.9135	0.81977
0.9137	0.81965
0.9138	0.81937
0.914	0.81895
0.9142	0.81939
0.9143	0.81965
0.9145	0.81915
0.9146	0.81900
0.9148	0.81933
0.915	0.81908
0.9151	0.81877
0.9153	0.81889
0.9154	0.81930
0.9156	0.81898
0.9158	0.81877
0.9159	0.81887
0.9161	0.81924
0.9163	0.81942
0.9164	0.81892
0.9166	0.81873
0.9167	0.81933
0.9169	0.81993
0.9171	0.81951
0.9172	0.81857
0.9174	0.81770
0.9175	0.81760
0.9177	0.81804
0.9179	0.81876
0.918	0.81875
0.9182	0.81851
0.9184	0.81818
0.9185	0.81864
0.9187	0.81880
0.9188	0.81859
0.919	0.81822
0.9192	0.81803
0.9193	0.81831
0.9195	0.81821
0.9197	0.81789
0.9198	0.81756
0.92	0.81685
0.9202	0.81631
0.9203	0.81769
0.9205	0.81852
0.9206	0.81839
0.9208	0.81838
0.921	0.81809
0.9211	0.81778
0.9213	0.81779
0.9215	0.81800
0.9216	0.81814
0.9218	0.81856
0.922	0.81875
0.9221	0.81791
0.9223	0.81733
0.9224	0.81723
0.9226	0.81717
0.9228	0.81701
0.9229	0.81748
0.9231	0.81741
0.9233	0.81706
0.9234	0.81719
0.9236	0.81721
0.9238	0.81691
0.9239	0.81657
0.9241	0.81618
0.9243	0.81617
0.9244	0.81607
0.9246	0.81647
0.9247	0.81702
0.9249	0.81702
0.9251	0.81673
0.9252	0.81652
0.9254	0.81644
0.9256	0.81592
0.9257	0.81651
0.9259	0.81752
0.9261	0.81672
0.9262	0.81609
0.9264	0.81679
0.9266	0.81694
0.9267	0.81640
0.9269	0.81630
0.9271	0.81640
0.9272	0.81632
0.9274	0.81593
0.9276	0.81598
0.9277	0.81584
0.9279	0.81595
0.928	0.81593
0.9282	0.81580
0.9284	0.81573
0.9285	0.81539
0.9287	0.81483
0.9289	0.81518
0.929	0.81552
0.9292	0.81521
0.9294	0.81500
0.9295	0.81512
0.9297	0.81503
0.9299	0.81492
0.93	0.81487
0.9302	0.81495
0.9304	0.81505
0.9305	0.81496
0.9307	0.81501
0.9309	0.81526
0.931	0.81497
0.9312	0.81466
0.9314	0.81461
0.9316	0.81506
0.9317	0.81518
0.9319	0.81431
0.9321	0.81431
0.9322	0.81462
0.9324	0.81435
0.9326	0.81421
0.9327	0.81378
0.9329	0.81375
0.9331	0.81407
0.9332	0.81437
0.9334	0.81403
0.9336	0.81364
0.9337	0.81367
0.9339	0.81410
0.9341	0.81402
0.9342	0.81404
0.9344	0.81375
0.9346	0.81371
0.9348	0.81365
0.9349	0.81334
0.9351	0.81348
0.9353	0.81342
0.9354	0.81397
0.9356	0.81401
0.9358	0.81331
0.9359	0.81329
0.9361	0.81327
0.9363	0.81264
0.9364	0.81300
0.9366	0.81369
0.9368	0.81398
0.9369	0.81362
0.9371	0.81289
0.9373	0.81289
0.9375	0.81287
0.9376	0.81267
0.9378	0.81298
0.938	0.81312
0.9381	0.81324
0.9383	0.81326
0.9385	0.81285
0.9386	0.81279
0.9388	0.81275
0.939	0.81288
0.9392	0.81297
0.9393	0.81296
0.9395	0.81270
0.9397	0.81228
0.9398	0.81216
0.94	0.81209
0.9402	0.81259
0.9403	0.81266
0.9405	0.81226
0.9407	0.81250
0.9408	0.81246
0.941	0.81178
0.9412	0.81142
0.9414	0.81152
0.9415	0.81150
0.9417	0.81143
0.9419	0.81161
0.942	0.81180
0.9422	0.81192
0.9424	0.81166
0.9426	0.81147
0.9427	0.81191
0.9429	0.81140
0.9431	0.81112
0.9433	0.81145
0.9434	0.81127
0.9436	0.81100
0.9438	0.81112
0.9439	0.81128
0.9441	0.81147
0.9443	0.81137
0.9445	0.81089
0.9446	0.81092
0.9448	0.81108
0.945	0.81071
0.9451	0.81077
0.9453	0.81077
0.9455	0.81049
0.9457	0.81059
0.9458	0.81069
0.946	0.81071
0.9462	0.81024
0.9463	0.80970
0.9465	0.81007
0.9467	0.81030
0.9469	0.81011
0.947	0.80983
0.9472	0.80952
0.9474	0.80974
0.9476	0.81005
0.9477	0.81027
0.9479	0.81033
0.9481	0.80988
0.9483	0.80954
0.9484	0.80931
0.9486	0.80924
0.9488	0.80951
0.949	0.80911
0.9491	0.80876
0.9493	0.80900
0.9495	0.80907
0.9496	0.80890
0.9498	0.80894
0.95	0.80882
0.9502	0.80906
0.9503	0.80950
0.9505	0.80971
0.9507	0.80984
0.9509	0.80959
0.951	0.80920
0.9512	0.80893
0.9514	0.80877
0.9516	0.80854
0.9517	0.80880
0.9519	0.80853
0.9521	0.80815
0.9523	0.80831
0.9524	0.80823
0.9526	0.80809
0.9528	0.80849
0.953	0.80877
0.9531	0.80868
0.9533	0.80853
0.9535	0.80868
0.9537	0.80873
0.9538	0.80869
0.954	0.80843
0.9542	0.80797
0.9544	0.80771
0.9545	0.80760
0.9547	0.80770
0.9549	0.80777
0.9551	0.80801
0.9552	0.80799
0.9554	0.80775
0.9556	0.80748
0.9558	0.80703
0.956	0.80701
0.9561	0.80740
0.9563	0.80741
0.9565	0.80744
0.9567	0.80742
0.9568	0.80719
0.957	0.80703
0.9572	0.80670
0.9574	0.80647
0.9575	0.80649
0.9577	0.80646
0.9579	0.80671
0.9581	0.80684
0.9582	0.80678
0.9584	0.80694
0.9586	0.80700
0.9588	0.80667
0.959	0.80663
0.9591	0.80668
0.9593	0.80664
0.9595	0.80662
0.9597	0.80620
0.9598	0.80601
0.96	0.80564
0.9602	0.80547
0.9604	0.80582
0.9605	0.80596
0.9607	0.80615
0.9609	0.80605
0.9611	0.80576
0.9613	0.80567
0.9614	0.80566
0.9616	0.80552
0.9618	0.80539
0.962	0.80540
0.9622	0.80539
0.9623	0.80530
0.9625	0.80515
0.9627	0.80489
0.9629	0.80459
0.963	0.80509
0.9632	0.80552
0.9634	0.80538
0.9636	0.80492
0.9638	0.80480
0.9639	0.80465
0.9641	0.80479
0.9643	0.80493
0.9645	0.80499
0.9647	0.80439
0.9648	0.80385
0.965	0.80394
0.9652	0.80416
0.9654	0.80453
0.9656	0.80453
0.9657	0.80424
0.9659	0.80415
0.9661	0.80398
0.9663	0.80421
0.9665	0.80438
0.9666	0.80423
0.9668	0.80394
0.967	0.80401
0.9672	0.80412
0.9674	0.80382
0.9675	0.80356
0.9677	0.80364
0.9679	0.80362
0.9681	0.80361
0.9683	0.80335
0.9684	0.80295
0.9686	0.80296
0.9688	0.80269
0.969	0.80248
0.9692	0.80274
0.9693	0.80324
0.9695	0.80326
0.9697	0.80290
0.9699	0.80272
0.9701	0.80284
0.9703	0.80290
0.9704	0.80293
0.9706	0.80276
0.9708	0.80273
0.971	0.80261
0.9712	0.80231
0.9713	0.80234
0.9715	0.80258
0.9717	0.80276
0.9719	0.80271
0.9721	0.80230
0.9723	0.80193
0.9724	0.80211
0.9726	0.80217
0.9728	0.80210
0.973	0.80195
0.9732	0.80197
0.9733	0.80202
0.9735	0.80189
0.9737	0.80170
0.9739	0.80153
0.9741	0.80144
0.9743	0.80157
0.9745	0.80151
0.9746	0.80126
0.9748	0.80098
0.975	0.80084
0.9752	0.80081
0.9754	0.80123
0.9755	0.80147
0.9757	0.80127
0.9759	0.80090
0.9761	0.80062
0.9763	0.80060
0.9765	0.80064
0.9767	0.80063
0.9768	0.80086
0.977	0.80082
0.9772	0.80067
0.9774	0.80032
0.9776	0.79993
0.9778	0.79967
0.9779	0.79962
0.9781	0.79965
0.9783	0.80012
0.9785	0.80035
0.9787	0.79969
0.9789	0.79960
0.979	0.79983
0.9792	0.79968
0.9794	0.79983
0.9796	0.79989
0.9798	0.79981
0.98	0.79961
0.9802	0.79941
0.9803	0.79918
0.9805	0.79930
0.9807	0.79937
0.9809	0.79930
0.9811	0.79953
0.9813	0.79929
0.9815	0.79916
0.9817	0.79930
0.9818	0.79904
0.982	0.79876
0.9822	0.79862
0.9824	0.79859
0.9826	0.79876
0.9828	0.79878
0.983	0.79833
0.9831	0.79803
0.9833	0.79790
0.9835	0.79803
0.9837	0.79824
0.9839	0.79842
0.9841	0.79847
0.9843	0.79838
0.9844	0.79819
0.9846	0.79800
0.9848	0.79785
0.985	0.79763
0.9852	0.79742
0.9854	0.79729
0.9856	0.79719
0.9858	0.79725
0.9859	0.79743
0.9861	0.79732
0.9863	0.79724
0.9865	0.79734
0.9867	0.79755
0.9869	0.79756
0.9871	0.79743
0.9873	0.79700
0.9874	0.79677
0.9876	0.79684
0.9878	0.79690
0.988	0.79684
0.9882	0.79648
0.9884	0.79658
0.9886	0.79677
0.9888	0.79668
0.989	0.79652
0.9891	0.79634
0.9893	0.79643
0.9895	0.79645
0.9897	0.79604
0.9899	0.79579
0.9901	0.79578
0.9903	0.79594
0.9905	0.79595
0.9907	0.79598
0.9908	0.79562
0.991	0.79526
0.9912	0.79508
0.9914	0.79498
0.9916	0.79498
0.9918	0.79531
0.992	0.79556
0.9922	0.79537
0.9924	0.79549
0.9925	0.79546
0.9927	0.79503
0.9929	0.79498
0.9931	0.79510
0.9933	0.79486
0.9935	0.79449
0.9937	0.79455
0.9939	0.79480
0.9941	0.79459
0.9943	0.79446
0.9945	0.79435
0.9946	0.79447
0.9948	0.79459
0.995	0.79429
0.9952	0.79403
0.9954	0.79412
0.9956	0.79408
0.9958	0.79390
0.996	0.79381
0.9962	0.79380
0.9964	0.79400
0.9965	0.79369
0.9967	0.79346
0.9969	0.79327
0.9971	0.79310
0.9973	0.79307
0.9975	0.79296
0.9977	0.79321
0.9979	0.79339
0.9981	0.79313
0.9983	0.79295
0.9985	0.79324
0.9987	0.79343
0.9989	0.79339
0.999	0.79316
0.9992	0.79281
0.9994	0.79267
0.9996	0.79260
0.9998	0.79265
1	0.79260
1.0002	0.79261
1.0004	0.79274
1.0006	0.79244
1.0008	0.79195
1.001	0.79191
1.0012	0.79186
1.0014	0.79197
1.0016	0.79215
1.0018	0.79208
1.0019	0.79199
1.0021	0.79189
1.0023	0.79194
1.0025	0.79165
1.0027	0.79147
1.0029	0.79153
1.0031	0.79150
1.0033	0.79121
1.0035	0.79099
1.0037	0.79104
1.0039	0.79122
1.0041	0.79122
1.0043	0.79094
1.0045	0.79091
1.0047	0.79090
1.0049	0.79066
1.005	0.79048
1.0053	0.79044
1.0054	0.79040
1.0056	0.79038
1.0058	0.79028
1.006	0.79012
1.0062	0.79018
1.0064	0.79017
1.0066	0.79016
1.0068	0.79026
1.007	0.78993
1.0072	0.78984
1.0074	0.78980
1.0076	0.78965
1.0078	0.78962
1.008	0.78952
1.0082	0.78945
1.0084	0.78966
1.0086	0.78965
1.0088	0.78944
1.009	0.78917
1.0092	0.78907
1.0094	0.78896
1.0095	0.78900
1.0098	0.78891
1.01	0.78889
1.0101	0.78900
1.0103	0.78916
1.0105	0.78891
1.0107	0.78848
1.0109	0.78832
1.0111	0.78838
1.0113	0.78866
1.0115	0.78845
1.0117	0.78812
1.0119	0.78808
1.0121	0.78815
1.0123	0.78790
1.0125	0.78778
1.0127	0.78778
1.0129	0.78786
1.0131	0.78782
1.0133	0.78737
1.0135	0.78749
1.0137	0.78781
1.0139	0.78750
1.0141	0.78726
1.0143	0.78748
1.0145	0.78738
1.0147	0.78721
1.0149	0.78722
1.0151	0.78713
1.0153	0.78711
1.0155	0.78702
1.0157	0.78694
1.0159	0.78677
1.0161	0.78660
1.0163	0.78663
1.0165	0.78655
1.0167	0.78633
1.0169	0.78616
1.0171	0.78612
1.0173	0.78621
1.0175	0.78613
1.0177	0.78611
1.0179	0.78617
1.0181	0.78606
1.0183	0.78590
1.0185	0.78568
1.0187	0.78554
1.0189	0.78545
1.0191	0.78548
1.0193	0.78549
1.0195	0.78548
1.0197	0.78547
1.0199	0.78532
1.0201	0.78530
1.0203	0.78533
1.0205	0.78537
1.0207	0.78509
1.0209	0.78504
1.0211	0.78502
1.0213	0.78493
1.0215	0.78507
1.0217	0.78509
1.0219	0.78470
1.0221	0.78441
1.0223	0.78452
1.0225	0.78451
1.0227	0.78436
1.0229	0.78455
1.0231	0.78458
1.0233	0.78419
1.0235	0.78384
1.0237	0.78384
1.0239	0.78387
1.0241	0.78385
1.0243	0.78369
1.0245	0.78354
1.0247	0.78370
1.0249	0.78363
1.0251	0.78353
1.0253	0.78342
1.0255	0.78310
1.0257	0.78312
1.0259	0.78335
1.0261	0.78313
1.0263	0.78281
1.0265	0.78273
1.0268	0.78295
1.0269	0.78282
1.0272	0.78257
1.0274	0.78259
1.0276	0.78248
1.0278	0.78233
1.028	0.78232
1.0282	0.78240
1.0284	0.78251
1.0286	0.78256
1.0288	0.78240
1.029	0.78205
1.0292	0.78189
1.0294	0.78187
1.0296	0.78187
1.0298	0.78162
1.03	0.78151
1.0302	0.78158
1.0304	0.78153
1.0306	0.78123
1.0308	0.78116
1.031	0.78130
1.0312	0.78120
1.0314	0.78131
1.0317	0.78130
1.0318	0.78108
1.0321	0.78093
1.0323	0.78066
1.0325	0.78055
1.0327	0.78053
1.0329	0.78045
1.0331	0.78043
1.0333	0.78047
1.0335	0.78039
1.0337	0.78019
1.0339	0.78003
1.0341	0.78000
1.0343	0.77990
1.0345	0.77998
1.0347	0.78001
1.0349	0.77968
1.0352	0.77946
1.0354	0.77955
1.0356	0.77960
1.0358	0.77960
1.036	0.77960
1.0362	0.77936
1.0364	0.77927
1.0366	0.77925
1.0368	0.77874
1.037	0.77862
1.0372	0.77875
1.0374	0.77870
1.0376	0.77851
1.0378	0.77843
1.0381	0.77851
1.0383	0.77854
1.0385	0.77844
1.0387	0.77845
1.0389	0.77854
1.0391	0.77853
1.0393	0.77833
1.0395	0.77821
1.0397	0.77807
1.0399	0.77779
1.0401	0.77766
1.0403	0.77757
1.0406	0.77753
1.0408	0.77752
1.041	0.77744
1.0412	0.77724
1.0414	0.77714
1.0416	0.77705
1.0418	0.77717
1.042	0.77725
1.0422	0.77714
1.0424	0.77721
1.0426	0.77719
1.0428	0.77682
1.0431	0.77662
1.0433	0.77647
1.0435	0.77613
1.0437	0.77599
1.0439	0.77616
1.0441	0.77617
1.0443	0.77599
1.0445	0.77603
1.0447	0.77613
1.045	0.77598
1.0452	0.77580
1.0454	0.77579
1.0456	0.77564
1.0458	0.77578
1.046	0.77568
1.0462	0.77553
1.0464	0.77548
1.0466	0.77525
1.0468	0.77515
1.0471	0.77522
1.0473	0.77534
1.0475	0.77536
1.0477	0.77535
1.0479	0.77523
1.0481	0.77489
1.0483	0.77468
1.0486	0.77458
1.0488	0.77447
1.049	0.77446
1.0492	0.77453
1.0494	0.77445
1.0496	0.77441
1.0498	0.77440
1.05	0.77429
1.0503	0.77394
1.0505	0.77385
1.0507	0.77403
1.0509	0.77389
1.0511	0.77358
1.0513	0.77354
1.0515	0.77366
1.0517	0.77364
1.0519	0.77332
1.0522	0.77312
1.0524	0.77315
1.0526	0.77325
1.0528	0.77314
1.053	0.77306
1.0532	0.77315
1.0534	0.77299
1.0537	0.77283
1.0539	0.77285
1.0541	0.77279
1.0543	0.77239
1.0545	0.77227
1.0547	0.77231
1.0549	0.77227
1.0552	0.77235
1.0554	0.77230
1.0556	0.77215
1.0558	0.77197
1.056	0.77196
1.0562	0.77186
1.0564	0.77164
1.0567	0.77163
1.0569	0.77146
1.0571	0.77125
1.0573	0.77153
1.0575	0.77162
1.0578	0.77124
1.058	0.77101
1.0582	0.77107
1.0584	0.77112
1.0586	0.77101
1.0588	0.77097
1.059	0.77088
1.0593	0.77072
1.0595	0.77067
1.0597	0.77071
1.0599	0.77067
1.0601	0.77038
1.0603	0.77017
1.0606	0.77009
1.0608	0.77000
1.061	0.77015
1.0612	0.77013
1.0614	0.76990
1.0616	0.76960
1.0619	0.76943
1.0621	0.76952
1.0623	0.76935
1.0625	0.76921
1.0627	0.76921
1.0629	0.76927
1.0632	0.76913
1.0634	0.76893
1.0636	0.76893
1.0638	0.76909
1.064	0.76900
1.0643	0.76874
1.0645	0.76866
1.0647	0.76873
1.0649	0.76864
1.0651	0.76844
1.0653	0.76846
1.0656	0.76845
1.0658	0.76839
1.066	0.76818
1.0662	0.76799
1.0664	0.76794
1.0667	0.76786
1.0669	0.76765
1.0671	0.76751
1.0673	0.76764
1.0676	0.76767
1.0678	0.76755
1.068	0.76740
1.0682	0.76732
1.0684	0.76728
1.0687	0.76712
1.0689	0.76700
1.0691	0.76686
1.0693	0.76680
1.0695	0.76677
1.0698	0.76653
1.07	0.76645
1.0702	0.76660
1.0704	0.76643
1.0706	0.76644
1.0708	0.76648
1.0711	0.76629
1.0713	0.76610
1.0715	0.76610
1.0717	0.76613
1.072	0.76602
1.0722	0.76589
1.0724	0.76589
1.0726	0.76579
1.0728	0.76542
1.0731	0.76525
1.0733	0.76534
1.0735	0.76532
1.0737	0.76525
1.074	0.76540
1.0742	0.76552
1.0744	0.76528
1.0746	0.76505
1.0748	0.76502
1.0751	0.76494
1.0753	0.76465
1.0755	0.76449
1.0757	0.76451
1.076	0.76427
1.0762	0.76428
1.0764	0.76449
1.0766	0.76439
1.0769	0.76409
1.0771	0.76389
1.0773	0.76376
1.0775	0.76377
1.0778	0.76367
1.078	0.76375
1.0782	0.76365
1.0784	0.76345
1.0787	0.76343
1.0789	0.76355
1.0791	0.76344
1.0793	0.76317
1.0796	0.76314
1.0798	0.76308
1.08	0.76290
1.0802	0.76288
1.0804	0.76292
1.0807	0.76282
1.0809	0.76269
1.0811	0.76249
1.0813	0.76231
1.0816	0.76213
1.0818	0.76216
1.082	0.76205
1.0823	0.76183
1.0825	0.76184
1.0827	0.76184
1.0829	0.76186
1.0832	0.76184
1.0834	0.76159
1.0836	0.76148
1.0838	0.76161
1.0841	0.76150
1.0843	0.76134
1.0845	0.76122
1.0847	0.76120
1.085	0.76125
1.0852	0.76115
1.0854	0.76093
1.0857	0.76081
1.0859	0.76079
1.0861	0.76071
1.0863	0.76049
1.0866	0.76032
1.0868	0.76031
1.087	0.76020
1.0873	0.76017
1.0875	0.76029
1.0877	0.76011
1.0879	0.76001
1.0882	0.76002
1.0884	0.75989
1.0886	0.75986
1.0888	0.75970
1.0891	0.75951
1.0893	0.75955
1.0895	0.75936
1.0898	0.75930
1.09	0.75935
1.0902	0.75917
1.0904	0.75902
1.0907	0.75901
1.0909	0.75889
1.0911	0.75896
1.0914	0.75910
1.0916	0.75894
1.0918	0.75877
1.0921	0.75870
1.0923	0.75858
1.0925	0.75849
1.0928	0.75827
1.093	0.75820
1.0932	0.75826
1.0934	0.75816
1.0937	0.75812
1.0939	0.75805
1.0941	0.75786
1.0944	0.75773
1.0946	0.75751
1.0948	0.75749
1.0951	0.75750
1.0953	0.75743
1.0955	0.75733
1.0958	0.75711
1.096	0.75704
1.0962	0.75697
1.0964	0.75686
1.0967	0.75682
1.0969	0.75688
1.0971	0.75684
1.0974	0.75674
1.0976	0.75666
1.0978	0.75654
1.0981	0.75640
1.0983	0.75629
1.0985	0.75624
1.0988	0.75612
1.099	0.75610
1.0992	0.75601
1.0995	0.75585
1.0997	0.75576
1.0999	0.75576
1.1002	0.75571
1.1004	0.75561
1.1006	0.75554
1.1009	0.75553
1.1011	0.75546
1.1013	0.75546
1.1016	0.75539
1.1018	0.75511
1.102	0.75496
1.1023	0.75493
1.1025	0.75492
1.1027	0.75501
1.103	0.75490
1.1032	0.75465
1.1034	0.75457
1.1037	0.75457
1.1039	0.75428
1.1042	0.75410
1.1044	0.75410
1.1046	0.75401
1.1048	0.75400
1.1051	0.75403
1.1053	0.75402
1.1056	0.75378
1.1058	0.75355
1.106	0.75361
1.1063	0.75364
1.1065	0.75345
1.1067	0.75333
1.107	0.75337
1.1072	0.75342
1.1074	0.75342
1.1077	0.75328
1.1079	0.75311
1.1082	0.75291
1.1084	0.75280
1.1086	0.75269
1.1089	0.75270
1.1091	0.75266
1.1093	0.75254
1.1096	0.75248
1.1098	0.75246
1.1101	0.75225
1.1103	0.75208
1.1105	0.75202
1.1108	0.75191
1.111	0.75194
1.1113	0.75199
1.1115	0.75189
1.1117	0.75174
1.112	0.75151
1.1122	0.75144
1.1124	0.75137
1.1127	0.75130
1.1129	0.75133
1.1132	0.75124
1.1134	0.75109
1.1136	0.75103
1.1139	0.75110
1.1141	0.75103
1.1143	0.75068
1.1146	0.75049
1.1148	0.75060
1.1151	0.75059
1.1153	0.75043
1.1156	0.75038
1.1158	0.75034
1.116	0.75025
1.1163	0.75017
1.1165	0.75014
1.1168	0.75006
1.117	0.74996
1.1172	0.74984
1.1175	0.74960
1.1177	0.74947
1.118	0.74948
1.1182	0.74940
1.1184	0.74944
1.1187	0.74943
1.1189	0.74917
1.1192	0.74909
1.1194	0.74927
1.1197	0.74915
1.1199	0.74886
1.1201	0.74891
1.1204	0.74893
1.1206	0.74881
1.1209	0.74876
1.1211	0.74867
1.1213	0.74849
1.1216	0.74829
1.1218	0.74817
1.1221	0.74791
1.1223	0.74780
1.1226	0.74785
1.1228	0.74796
1.123	0.74787
1.1233	0.74771
1.1235	0.74771
1.1238	0.74758
1.124	0.74746
1.1243	0.74751
1.1245	0.74742
1.1248	0.74732
1.125	0.74719
1.1252	0.74702
1.1255	0.74710
1.1257	0.74717
1.126	0.74699
1.1262	0.74680
1.1265	0.74667
1.1267	0.74672
1.1269	0.74675
1.1272	0.74667
1.1274	0.74661
1.1277	0.74650
1.1279	0.74626
1.1282	0.74613
1.1284	0.74620
1.1287	0.74624
1.1289	0.74612
1.1292	0.74593
1.1294	0.74583
1.1297	0.74581
1.1299	0.74583
1.1301	0.74567
1.1304	0.74551
1.1306	0.74552
1.1309	0.74536
1.1311	0.74513
1.1314	0.74506
1.1316	0.74510
1.1319	0.74513
1.1321	0.74501
1.1324	0.74493
1.1326	0.74496
1.1329	0.74486
1.1331	0.74475
1.1333	0.74457
1.1336	0.74455
1.1338	0.74451
1.1341	0.74438
1.1343	0.74436
1.1346	0.74432
1.1348	0.74419
1.1351	0.74407
1.1353	0.74393
1.1356	0.74382
1.1358	0.74381
1.1361	0.74379
1.1363	0.74367
1.1366	0.74356
1.1368	0.74365
1.1371	0.74364
1.1373	0.74353
1.1376	0.74340
1.1378	0.74324
1.1381	0.74326
1.1383	0.74331
1.1386	0.74317
1.1388	0.74293
1.1391	0.74292
1.1393	0.74294
1.1396	0.74269
1.1398	0.74251
1.1401	0.74243
1.1403	0.74240
1.1406	0.74242
1.1408	0.74230
1.1411	0.74210
1.1413	0.74205
1.1416	0.74209
1.1418	0.74215
1.1421	0.74208
1.1423	0.74196
1.1426	0.74180
1.1428	0.74163
1.1431	0.74155
1.1433	0.74167
1.1436	0.74160
1.1438	0.74141
1.1441	0.74137
1.1444	0.74140
1.1446	0.74141
1.1449	0.74126
1.1451	0.74105
1.1454	0.74106
1.1456	0.74098
1.1459	0.74088
1.1461	0.74083
1.1464	0.74082
1.1466	0.74073
1.1469	0.74057
1.1471	0.74061
1.1474	0.74051
1.1477	0.74032
1.1479	0.74024
1.1482	0.74021
1.1484	0.74014
1.1487	0.74014
1.1489	0.74006
1.1492	0.73996
1.1494	0.73997
1.1497	0.73984
1.1499	0.73973
1.1502	0.73959
1.1504	0.73957
1.1507	0.73957
1.151	0.73942
1.1512	0.73941
1.1515	0.73934
1.1517	0.73930
1.152	0.73914
1.1522	0.73893
1.1525	0.73889
1.1528	0.73898
1.153	0.73890
1.1533	0.73875
1.1535	0.73871
1.1538	0.73858
1.154	0.73850
1.1543	0.73848
1.1546	0.73842
1.1548	0.73846
1.1551	0.73846
1.1553	0.73829
1.1556	0.73803
1.1558	0.73794
1.1561	0.73784
1.1564	0.73768
1.1566	0.73772
1.1569	0.73780
1.1571	0.73762
1.1574	0.73749
1.1577	0.73751
1.1579	0.73751
1.1582	0.73748
1.1584	0.73727
1.1587	0.73716
1.1589	0.73717
1.1592	0.73704
1.1595	0.73698
1.1597	0.73699
1.16	0.73695
1.1602	0.73691
1.1605	0.73677
1.1608	0.73662
1.161	0.73658
1.1613	0.73648
1.1615	0.73649
1.1618	0.73644
1.1621	0.73629
1.1623	0.73628
1.1626	0.73622
1.1628	0.73603
1.1631	0.73598
1.1634	0.73609
1.1636	0.73603
1.1639	0.73589
1.1641	0.73579
1.1644	0.73577
1.1647	0.73572
1.1649	0.73558
1.1652	0.73540
1.1654	0.73539
1.1657	0.73533
1.166	0.73527
1.1662	0.73528
1.1665	0.73527
1.1668	0.73518
1.167	0.73506
1.1673	0.73502
1.1676	0.73498
1.1678	0.73491
1.1681	0.73475
1.1683	0.73462
1.1686	0.73455
1.1689	0.73448
1.1691	0.73449
1.1694	0.73455
1.1697	0.73454
1.1699	0.73452
1.1702	0.73440
1.1704	0.73414
1.1707	0.73396
1.171	0.73405
1.1712	0.73397
1.1715	0.73379
1.1718	0.73381
1.172	0.73380
1.1723	0.73375
1.1726	0.73378
1.1728	0.73369
1.1731	0.73360
1.1734	0.73349
1.1736	0.73337
1.1739	0.73336
1.1742	0.73329
1.1744	0.73314
1.1747	0.73308
1.175	0.73301
1.1752	0.73298
1.1755	0.73292
1.1758	0.73293
1.176	0.73286
1.1763	0.73287
1.1766	0.73294
1.1768	0.73285
1.1771	0.73270
1.1774	0.73259
1.1776	0.73255
1.1779	0.73243
1.1782	0.73229
1.1784	0.73228
1.1787	0.73227
1.179	0.73227
1.1792	0.73227
1.1795	0.73212
1.1798	0.73199
1.18	0.73197
1.1803	0.73204
1.1806	0.73203
1.1808	0.73180
1.1811	0.73154
1.1814	0.73141
1.1817	0.73136
1.1819	0.73136
1.1822	0.73135
1.1825	0.73124
1.1827	0.73114
1.183	0.73119
1.1833	0.73112
1.1835	0.73104
1.1838	0.73104
1.1841	0.73095
1.1843	0.73089
1.1846	0.73082
1.1849	0.73071
1.1852	0.73077
1.1854	0.73077
1.1857	0.73072
1.186	0.73060
1.1863	0.73053
1.1865	0.73053
1.1868	0.73053
1.1871	0.73044
1.1873	0.73023
1.1876	0.73011
1.1879	0.73012
1.1882	0.73013
1.1884	0.73002
1.1887	0.72996
1.189	0.73000
1.1892	0.73001
1.1895	0.72996
1.1898	0.72991
1.1901	0.72985
1.1903	0.72977
1.1906	0.72974
1.1909	0.72971
1.1912	0.72954
1.1914	0.72945
1.1917	0.72943
1.192	0.72925
1.1923	0.72917
1.1925	0.72915
1.1928	0.72913
1.1931	0.72907
1.1933	0.72897
1.1936	0.72897
1.1939	0.72894
1.1942	0.72884
1.1944	0.72878
1.1947	0.72878
1.195	0.72876
1.1953	0.72865
1.1956	0.72853
1.1958	0.72853
1.1961	0.72846
1.1964	0.72836
1.1967	0.72841
1.1969	0.72830
1.1972	0.72817
1.1975	0.72817
1.1978	0.72812
1.198	0.72795
1.1983	0.72783
1.1986	0.72783
1.1989	0.72796
1.1992	0.72794
1.1994	0.72779
1.1997	0.72777
1.2	0.72772
1.2003	0.72766
1.2005	0.72753
1.2008	0.72739
1.2011	0.72748
1.2014	0.72759
1.2017	0.72746
1.2019	0.72726
1.2022	0.72728
1.2025	0.72731
1.2028	0.72723
1.203	0.72717
1.2033	0.72705
1.2036	0.72691
1.2039	0.72691
1.2042	0.72691
1.2044	0.72687
1.2047	0.72689
1.205	0.72689
1.2053	0.72684
1.2056	0.72671
1.2058	0.72655
1.2061	0.72648
1.2064	0.72647
1.2067	0.72640
1.207	0.72638
1.2072	0.72632
1.2075	0.72623
1.2078	0.72628
1.2081	0.72626
1.2084	0.72617
1.2087	0.72608
1.2089	0.72595
1.2092	0.72589
1.2095	0.72595
1.2098	0.72588
1.2101	0.72581
1.2103	0.72584
1.2106	0.72574
1.2109	0.72558
1.2112	0.72555
1.2115	0.72552
1.2118	0.72548
1.212	0.72556
1.2123	0.72559
1.2126	0.72548
1.2129	0.72538
1.2132	0.72539
1.2135	0.72526
1.2137	0.72510
1.214	0.72513
1.2143	0.72510
1.2146	0.72498
1.2149	0.72499
1.2152	0.72495
1.2154	0.72490
1.2157	0.72479
1.216	0.72481
1.2163	0.72480
1.2166	0.72465
1.2169	0.72469
1.2172	0.72471
1.2174	0.72464
1.2177	0.72453
1.218	0.72435
1.2183	0.72437
1.2186	0.72443
1.2189	0.72434
1.2192	0.72424
1.2194	0.72416
1.2197	0.72411
1.22	0.72414
1.2203	0.72418
1.2206	0.72412
1.2209	0.72405
1.2212	0.72399
1.2215	0.72397
1.2218	0.72399
1.222	0.72401
1.2223	0.72396
1.2226	0.72387
1.2229	0.72380
1.2232	0.72373
1.2235	0.72370
1.2238	0.72375
1.2241	0.72365
1.2243	0.72351
1.2246	0.72347
1.2249	0.72341
1.2252	0.72329
1.2255	0.72318
1.2258	0.72320
1.2261	0.72324
1.2264	0.72324
1.2267	0.72317
1.227	0.72316
1.2273	0.72316
1.2275	0.72308
1.2278	0.72301
1.2281	0.72301
1.2284	0.72300
1.2287	0.72287
1.229	0.72285
1.2293	0.72295
1.2296	0.72282
1.2299	0.72270
1.2302	0.72266
1.2304	0.72261
1.2307	0.72260
1.231	0.72259
1.2313	0.72250
1.2316	0.72249
1.2319	0.72252
1.2322	0.72256
1.2325	0.72244
1.2328	0.72231
1.2331	0.72231
1.2334	0.72231
1.2337	0.72223
1.234	0.72222
1.2343	0.72214
1.2346	0.72210
1.2348	0.72211
1.2351	0.72215
1.2354	0.72211
1.2357	0.72197
1.236	0.72189
1.2363	0.72190
1.2366	0.72190
1.2369	0.72185
1.2372	0.72177
1.2375	0.72171
1.2378	0.72170
1.2381	0.72166
1.2384	0.72164
1.2387	0.72164
1.239	0.72161
1.2393	0.72164
1.2396	0.72164
1.2399	0.72159
1.2402	0.72150
1.2405	0.72152
1.2408	0.72142
1.2411	0.72136
1.2413	0.72143
1.2417	0.72133
1.2419	0.72122
1.2422	0.72116
1.2425	0.72116
1.2428	0.72110
1.2431	0.72110
1.2434	0.72117
1.2437	0.72110
1.244	0.72101
1.2443	0.72101
1.2446	0.72099
1.2449	0.72093
1.2452	0.72092
1.2455	0.72096
1.2458	0.72089
1.2461	0.72080
1.2464	0.72075
1.2467	0.72071
1.247	0.72068
1.2473	0.72066
1.2476	0.72062
1.2479	0.72062
1.2482	0.72063
1.2485	0.72063
1.2488	0.72060
1.2491	0.72054
1.2494	0.72051
1.2497	0.72048
1.25	0.72043
1.2503	0.72037
1.2506	0.72036
1.2509	0.72027
1.2512	0.72013
1.2515	0.72013
1.2518	0.72013
1.2521	0.72010
1.2524	0.72010
1.2528	0.72005
1.2531	0.72005
1.2533	0.72007
1.2537	0.71997
1.254	0.71987
1.2543	0.71985
1.2546	0.71988
1.2549	0.72000
1.2552	0.71994
1.2555	0.71991
1.2558	0.71991
1.2561	0.71983
1.2564	0.71974
1.2567	0.71970
1.257	0.71970
1.2573	0.71964
1.2576	0.71961
1.2579	0.71960
1.2582	0.71959
1.2585	0.71962
1.2588	0.71961
1.2591	0.71956
1.2594	0.71954
1.2598	0.71957
1.2601	0.71959
1.2604	0.71953
1.2607	0.71946
1.261	0.71944
1.2613	0.71934
1.2616	0.71933
1.2619	0.71933
1.2622	0.71934
1.2625	0.71937
1.2628	0.71936
1.2631	0.71930
1.2634	0.71922
1.2637	0.71926
1.2641	0.71939
1.2644	0.71930
1.2647	0.71913
1.265	0.71907
1.2653	0.71910
1.2656	0.71911
1.2659	0.71900
1.2662	0.71889
1.2665	0.71886
1.2668	0.71893
1.2671	0.71893
1.2674	0.71890
1.2678	0.71891
1.2681	0.71897
1.2684	0.71906
1.2687	0.71901
1.269	0.71888
1.2693	0.71876
1.2696	0.71873
1.2699	0.71879
1.2702	0.71879
1.2706	0.71878
1.2709	0.71882
1.2712	0.71872
1.2715	0.71853
1.2718	0.71851
1.2721	0.71854
1.2724	0.71860
1.2727	0.71863
1.2731	0.71861
1.2734	0.71861
1.2737	0.71865
1.274	0.71867
1.2743	0.71853
1.2746	0.71840
1.2749	0.71835
1.2752	0.71840
1.2756	0.71845
1.2759	0.71842
1.2762	0.71834
1.2765	0.71828
1.2768	0.71830
1.2771	0.71839
1.2774	0.71840
1.2778	0.71839
1.2781	0.71839
1.2784	0.71835
1.2787	0.71831
1.279	0.71836
1.2793	0.71831
1.2797	0.71819
1.28	0.71818
1.2803	0.71820
1.2806	0.71816
1.2809	0.71815
1.2812	0.71813
1.2815	0.71812
1.2819	0.71810
1.2822	0.71801
1.2825	0.71804
1.2828	0.71813
1.2831	0.71808
1.2834	0.71810
1.2838	0.71809
1.2841	0.71808
1.2844	0.71810
1.2847	0.71803
1.285	0.71797
1.2854	0.71801
1.2857	0.71801
1.286	0.71796
1.2863	0.71792
1.2866	0.71783
1.2869	0.71792
1.2873	0.71800
1.2876	0.71786
1.2879	0.71788
1.2882	0.71803
1.2886	0.71806
1.2889	0.71799
1.2892	0.71790
1.2895	0.71788
1.2898	0.71792
1.2902	0.71792
1.2905	0.71790
1.2908	0.71789
1.2911	0.71793
1.2914	0.71788
1.2918	0.71783
1.2921	0.71779
1.2924	0.71775
1.2927	0.71780
1.2931	0.71785
1.2934	0.71780
1.2937	0.71780
1.294	0.71783
1.2943	0.71777
1.2947	0.71771
1.295	0.71769
1.2953	0.71767
1.2956	0.71766
1.296	0.71767
1.2963	0.71769
1.2966	0.71775
1.2969	0.71781
1.2973	0.71783
1.2976	0.71779
1.2979	0.71769
1.2982	0.71768
1.2986	0.71767
1.2989	0.71774
1.2992	0.71781
1.2995	0.71774
1.2999	0.71768
1.3002	0.71764
1.3005	0.71767
1.3008	0.71770
1.3012	0.71771
1.3015	0.71769
1.3018	0.71771
1.3021	0.71775
1.3025	0.71773
1.3028	0.71761
1.3031	0.71757
1.3034	0.71764
1.3038	0.71765
1.3041	0.71763
1.3044	0.71766
1.3048	0.71767
1.3051	0.71758
1.3054	0.71753
1.3058	0.71760
1.3061	0.71760
1.3064	0.71758
1.3067	0.71761
1.3071	0.71769
1.3074	0.71775
1.3077	0.71774
1.3081	0.71768
1.3084	0.71758
1.3087	0.71762
1.3091	0.71771
1.3094	0.71767
1.3097	0.71756
1.31	0.71752
1.3104	0.71760
1.3107	0.71761
1.311	0.71761
1.3114	0.71766
1.3117	0.71774
1.312	0.71778
1.3124	0.71778
1.3127	0.71775
1.313	0.71769
1.3134	0.71769
1.3137	0.71771
1.314	0.71768
1.3144	0.71769
1.3147	0.71768
1.315	0.71763
1.3154	0.71759
1.3157	0.71764
1.316	0.71768
1.3164	0.71771
1.3167	0.71773
1.317	0.71766
1.3174	0.71766
1.3177	0.71765
1.318	0.71768
1.3184	0.71775
1.3187	0.71784
1.319	0.71788
1.3194	0.71794
1.3197	0.71790
1.3201	0.71780
1.3204	0.71788
1.3207	0.71791
1.3211	0.71782
1.3214	0.71791
1.3217	0.71796
1.3221	0.71796
1.3224	0.71788
1.3227	0.71788
1.3231	0.71786
1.3234	0.71788
1.3238	0.71792
1.3241	0.71792
1.3244	0.71790
1.3248	0.71782
1.3251	0.71784
1.3254	0.71800
1.3258	0.71805
1.3261	0.71795
1.3265	0.71794
1.3268	0.71800
1.3271	0.71808
1.3275	0.71807
1.3278	0.71801
1.3282	0.71800
1.3285	0.71810
1.3288	0.71814
1.3292	0.71808
1.3295	0.71811
1.3299	0.71811
1.3302	0.71812
1.3306	0.71818
1.3309	0.71809
1.3312	0.71797
1.3316	0.71808
1.3319	0.71814
1.3323	0.71812
1.3326	0.71817
1.3329	0.71819
1.3333	0.71819
1.3336	0.71817
1.334	0.71820
1.3343	0.71824
1.3347	0.71826
1.335	0.71824
1.3353	0.71823
1.3357	0.71826
1.336	0.71827
1.3364	0.71823
1.3367	0.71828
1.3371	0.71836
1.3374	0.71836
1.3378	0.71834
1.3381	0.71839
1.3384	0.71841
1.3388	0.71844
1.3391	0.71845
1.3395	0.71855
1.3398	0.71858
1.3402	0.71853
1.3405	0.71854
1.3409	0.71852
1.3412	0.71853
1.3416	0.71855
1.3419	0.71859
1.3423	0.71864
1.3426	0.71869
1.3429	0.71872
1.3433	0.71870
1.3437	0.71866
1.344	0.71872
1.3443	0.71876
1.3447	0.71873
1.345	0.71872
1.3454	0.71877
1.3457	0.71880
1.3461	0.71882
1.3464	0.71877
1.3468	0.71874
1.3471	0.71873
1.3475	0.71877
1.3478	0.71887
1.3482	0.71896
1.3485	0.71897
1.3489	0.71901
1.3492	0.71905
1.3496	0.71911
1.3499	0.71908
1.3503	0.71909
1.3507	0.71913
1.351	0.71915
1.3513	0.71922
1.3517	0.71933
1.3521	0.71942
1.3524	0.71932
1.3528	0.71926
1.3531	0.71933
1.3535	0.71935
1.3538	0.71932
1.3542	0.71935
1.3545	0.71933
1.3549	0.71935
1.3552	0.71940
1.3556	0.71949
1.3559	0.71956
1.3563	0.71953
1.3567	0.71952
1.357	0.71957
1.3574	0.71957
1.3577	0.71958
1.3581	0.71958
1.3584	0.71960
1.3588	0.71962
1.3592	0.71973
1.3595	0.71985
1.3599	0.71980
1.3602	0.71980
1.3606	0.71989
1.3609	0.72001
1.3613	0.71999
1.3617	0.71992
1.362	0.71990
1.3624	0.71994
1.3627	0.71990
1.3631	0.71997
1.3634	0.72005
1.3638	0.72004
1.3642	0.72008
1.3645	0.72018
1.3649	0.72023
1.3652	0.72010
1.3656	0.72007
1.3659	0.72015
1.3663	0.72025
1.3667	0.72028
1.367	0.72033
1.3674	0.72034
1.3678	0.72039
1.3681	0.72039
1.3685	0.72044
1.3688	0.72048
1.3692	0.72037
1.3696	0.72041
1.3699	0.72051
1.3703	0.72051
1.3706	0.72053
1.371	0.72066
1.3714	0.72067
1.3717	0.72067
1.3721	0.72079
1.3725	0.72091
1.3728	0.72089
1.3732	0.72086
1.3736	0.72084
1.3739	0.72082
1.3743	0.72083
1.3746	0.72092
1.375	0.72102
1.3754	0.72098
1.3757	0.72097
1.3761	0.72107
1.3765	0.72114
1.3768	0.72115
1.3772	0.72113
1.3776	0.72122
1.3779	0.72131
1.3783	0.72134
1.3787	0.72139
1.379	0.72142
1.3794	0.72138
1.3798	0.72144
1.3801	0.72152
1.3805	0.72160
1.3809	0.72161
1.3812	0.72150
1.3816	0.72153
1.382	0.72160
1.3823	0.72172
1.3827	0.72185
1.3831	0.72186
1.3834	0.72180
1.3838	0.72178
1.3842	0.72182
1.3846	0.72181
1.3849	0.72181
1.3853	0.72185
1.3857	0.72189
1.386	0.72197
1.3864	0.72198
1.3868	0.72201
1.3872	0.72206
1.3875	0.72201
1.3879	0.72209
1.3883	0.72221
1.3886	0.72219
1.389	0.72218
1.3894	0.72228
1.3898	0.72239
1.3901	0.72238
1.3905	0.72232
1.3909	0.72237
1.3912	0.72246
1.3916	0.72257
1.392	0.72265
1.3924	0.72267
1.3927	0.72266
1.3931	0.72268
1.3935	0.72278
1.3939	0.72289
1.3942	0.72293
1.3946	0.72297
1.395	0.72300
1.3954	0.72294
1.3957	0.72298
1.3961	0.72311
1.3965	0.72319
1.3969	0.72325
1.3972	0.72328
1.3976	0.72328
1.398	0.72338
1.3984	0.72345
1.3988	0.72349
1.3991	0.72358
1.3995	0.72358
1.3999	0.72359
1.4003	0.72363
1.4006	0.72371
1.401	0.72377
1.4014	0.72381
1.4018	0.72384
1.4022	0.72381
1.4025	0.72384
1.4029	0.72392
1.4033	0.72401
1.4037	0.72413
1.4041	0.72419
1.4044	0.72422
1.4048	0.72426
1.4052	0.72430
1.4056	0.72422
1.4059	0.72428
1.4063	0.72438
1.4067	0.72443
1.4071	0.72445
1.4075	0.72449
1.4079	0.72453
1.4083	0.72459
1.4086	0.72464
1.409	0.72466
1.4094	0.72474
1.4098	0.72474
1.4102	0.72474
1.4105	0.72484
1.4109	0.72491
1.4113	0.72494
1.4117	0.72494
1.4121	0.72503
1.4125	0.72510
1.4128	0.72507
1.4132	0.72513
1.4136	0.72528
1.414	0.72532
1.4144	0.72530
1.4148	0.72534
1.4152	0.72540
1.4156	0.72545
1.4159	0.72546
1.4163	0.72553
1.4167	0.72559
1.4171	0.72562
1.4175	0.72564
1.4179	0.72572
1.4183	0.72576
1.4187	0.72579
1.419	0.72588
1.4194	0.72592
1.4198	0.72594
1.4202	0.72599
1.4206	0.72606
1.421	0.72614
1.4214	0.72623
1.4218	0.72625
1.4222	0.72620
1.4225	0.72626
1.4229	0.72634
1.4233	0.72637
1.4237	0.72638
1.4241	0.72640
1.4245	0.72649
1.4249	0.72661
1.4253	0.72672
1.4257	0.72676
1.4261	0.72681
1.4264	0.72687
1.4268	0.72694
1.4272	0.72697
1.4276	0.72697
1.428	0.72698
1.4284	0.72704
1.4288	0.72713
1.4292	0.72722
1.4296	0.72724
1.43	0.72726
1.4304	0.72734
1.4308	0.72738
1.4312	0.72744
1.4316	0.72750
1.432	0.72755
1.4324	0.72763
1.4328	0.72767
1.4332	0.72775
1.4336	0.72778
1.4339	0.72780
1.4343	0.72785
1.4347	0.72789
1.4351	0.72797
1.4355	0.72807
1.4359	0.72814
1.4363	0.72811
1.4367	0.72816
1.4371	0.72828
1.4375	0.72834
1.4379	0.72840
1.4383	0.72845
1.4387	0.72853
1.4391	0.72861
1.4395	0.72865
1.4399	0.72861
1.4403	0.72862
1.4407	0.72874
1.4411	0.72886
1.4415	0.72892
1.4419	0.72898
1.4423	0.72902
1.4427	0.72907
1.4431	0.72917
1.4435	0.72924
1.4439	0.72930
1.4443	0.72929
1.4447	0.72929
1.4451	0.72936
1.4455	0.72947
1.4459	0.72950
1.4463	0.72955
1.4468	0.72964
1.4472	0.72966
1.4476	0.72967
1.448	0.72975
1.4484	0.72979
1.4488	0.72986
1.4492	0.72995
1.4496	0.73002
1.45	0.73000
1.4504	0.73003
1.4508	0.73016
1.4512	0.73024
1.4516	0.73025
1.452	0.73031
1.4524	0.73034
1.4528	0.73038
1.4532	0.73049
1.4537	0.73054
1.4541	0.73052
1.4545	0.73057
1.4549	0.73062
1.4553	0.73070
1.4557	0.73083
1.4561	0.73089
1.4565	0.73092
1.4569	0.73097
1.4573	0.73106
1.4577	0.73113
1.4582	0.73117
1.4586	0.73122
1.459	0.73124
1.4594	0.73129
1.4598	0.73137
1.4602	0.73149
1.4606	0.73158
1.461	0.73159
1.4614	0.73169
1.4618	0.73180
1.4623	0.73182
1.4627	0.73185
1.4631	0.73188
1.4635	0.73192
1.4639	0.73196
1.4643	0.73208
1.4647	0.73217
1.4652	0.73214
1.4656	0.73210
1.466	0.73223
1.4664	0.73230
1.4668	0.73239
1.4672	0.73249
1.4676	0.73251
1.4681	0.73252
1.4685	0.73259
1.4689	0.73272
1.4693	0.73278
1.4697	0.73276
1.4701	0.73281
1.4706	0.73293
1.471	0.73300
1.4714	0.73300
1.4718	0.73301
1.4722	0.73311
1.4726	0.73319
1.4731	0.73327
1.4735	0.73339
1.4739	0.73344
1.4743	0.73351
1.4747	0.73356
1.4752	0.73360
1.4756	0.73368
1.476	0.73373
1.4764	0.73381
1.4768	0.73393
1.4773	0.73393
1.4777	0.73390
1.4781	0.73394
1.4785	0.73406
1.4789	0.73413
1.4794	0.73413
1.4798	0.73424
1.4802	0.73431
1.4806	0.73433
1.4811	0.73433
1.4815	0.73434
1.4819	0.73445
1.4823	0.73452
1.4828	0.73458
1.4832	0.73467
1.4836	0.73478
1.484	0.73482
1.4844	0.73487
1.4849	0.73492
1.4853	0.73503
1.4857	0.73512
1.4862	0.73511
1.4866	0.73511
1.487	0.73520
1.4874	0.73525
1.4879	0.73524
1.4883	0.73529
1.4887	0.73536
1.4891	0.73540
1.4896	0.73547
1.49	0.73556
1.4904	0.73560
1.4908	0.73561
1.4913	0.73567
1.4917	0.73576
1.4921	0.73582
1.4926	0.73584
1.493	0.73596
1.4934	0.73604
1.4939	0.73604
1.4943	0.73609
1.4947	0.73614
1.4952	0.73620
1.4956	0.73629
1.496	0.73635
1.4964	0.73632
1.4969	0.73636
1.4973	0.73651
1.4977	0.73660
1.4982	0.73666
1.4986	0.73671
1.499	0.73676
1.4995	0.73679
1.4999	0.73679
1.5003	0.73679
1.5008	0.73682
1.5012	0.73692
1.5017	0.73702
1.5021	0.73710
1.5025	0.73715
1.5029	0.73720
1.5034	0.73719
1.5038	0.73727
1.5043	0.73736
1.5047	0.73739
1.5051	0.73744
1.5056	0.73748
1.506	0.73753
1.5064	0.73764
1.5069	0.73769
1.5073	0.73772
1.5078	0.73773
1.5082	0.73779
1.5086	0.73789
1.5091	0.73799
1.5095	0.73803
1.5099	0.73802
1.5104	0.73805
1.5108	0.73814
1.5113	0.73819
1.5117	0.73824
1.5122	0.73827
1.5126	0.73833
1.513	0.73839
1.5135	0.73843
1.5139	0.73848
1.5144	0.73856
1.5148	0.73862
1.5153	0.73860
1.5157	0.73860
1.5161	0.73870
1.5166	0.73881
1.517	0.73888
1.5175	0.73887
1.5179	0.73885
1.5184	0.73896
1.5188	0.73907
1.5193	0.73909
1.5197	0.73914
1.5201	0.73920
1.5206	0.73929
1.521	0.73939
1.5215	0.73942
1.5219	0.73941
1.5224	0.73946
1.5228	0.73953
1.5233	0.73957
1.5237	0.73960
1.5242	0.73965
1.5246	0.73974
1.5251	0.73978
1.5255	0.73985
1.5259	0.73992
1.5264	0.73993
1.5268	0.73998
1.5273	0.74009
1.5278	0.74014
1.5282	0.74010
1.5287	0.74015
1.5291	0.74021
1.5296	0.74025
1.53	0.74029
1.5305	0.74033
1.5309	0.74033
1.5314	0.74041
1.5318	0.74057
1.5323	0.74059
1.5327	0.74055
1.5332	0.74059
1.5336	0.74066
1.5341	0.74071
1.5345	0.74076
1.535	0.74078
1.5354	0.74081
1.5359	0.74088
1.5363	0.74091
1.5368	0.74093
1.5373	0.74101
1.5377	0.74106
1.5382	0.74113
1.5386	0.74111
1.5391	0.74111
1.5396	0.74122
1.54	0.74124
1.5405	0.74128
1.5409	0.74140
1.5414	0.74143
1.5418	0.74145
1.5423	0.74151
1.5428	0.74153
1.5432	0.74157
1.5437	0.74158
1.5441	0.74163
1.5446	0.74172
1.5451	0.74174
1.5455	0.74173
1.546	0.74176
1.5464	0.74179
1.5469	0.74182
1.5474	0.74184
1.5478	0.74189
1.5483	0.74198
1.5487	0.74206
1.5492	0.74208
1.5497	0.74209
1.5501	0.74217
1.5506	0.74225
1.5511	0.74231
1.5515	0.74236
1.552	0.74237
1.5524	0.74235
1.5529	0.74235
1.5534	0.74240
1.5538	0.74244
1.5543	0.74246
1.5548	0.74254
1.5553	0.74260
1.5557	0.74261
1.5562	0.74263
1.5567	0.74263
1.5571	0.74269
1.5576	0.74279
1.5581	0.74284
1.5585	0.74284
1.559	0.74290
1.5595	0.74296
1.5599	0.74300
1.5604	0.74301
1.5609	0.74301
1.5613	0.74304
1.5618	0.74310
1.5623	0.74314
1.5628	0.74322
1.5632	0.74326
1.5637	0.74330
1.5642	0.74332
1.5646	0.74333
1.5651	0.74332
1.5656	0.74330
1.5661	0.74338
1.5665	0.74341
1.567	0.74346
1.5675	0.74351
1.5679	0.74352
1.5684	0.74357
1.5689	0.74364
1.5694	0.74369
1.5698	0.74372
1.5703	0.74376
1.5708	0.74381
1.5713	0.74383
1.5718	0.74384
1.5722	0.74387
1.5727	0.74391
1.5732	0.74395
1.5737	0.74399
1.5741	0.74406
1.5746	0.74409
1.5751	0.74408
1.5756	0.74408
1.5761	0.74413
1.5765	0.74421
1.577	0.74419
1.5775	0.74420
1.578	0.74428
1.5784	0.74430
1.5789	0.74428
1.5794	0.74436
1.5799	0.74446
1.5804	0.74444
1.5808	0.74444
1.5813	0.74447
1.5818	0.74449
1.5823	0.74455
1.5828	0.74457
1.5833	0.74454
1.5838	0.74458
1.5842	0.74463
1.5847	0.74470
1.5852	0.74475
1.5857	0.74474
1.5862	0.74470
1.5867	0.74479
1.5872	0.74483
1.5876	0.74480
1.5881	0.74484
1.5886	0.74493
1.5891	0.74497
1.5896	0.74495
1.5901	0.74492
1.5906	0.74492
1.591	0.74497
1.5915	0.74503
1.592	0.74502
1.5925	0.74507
1.593	0.74517
1.5935	0.74519
1.594	0.74517
1.5945	0.74518
1.595	0.74523
1.5954	0.74525
1.5959	0.74529
1.5964	0.74531
1.5969	0.74529
1.5974	0.74528
1.5979	0.74532
1.5984	0.74538
1.5989	0.74544
1.5994	0.74545
1.5999	0.74543
1.6004	0.74540
1.6009	0.74540
1.6014	0.74541
1.6019	0.74546
1.6023	0.74555
1.6028	0.74558
1.6033	0.74560
1.6038	0.74562
1.6043	0.74563
1.6048	0.74566
1.6053	0.74568
1.6058	0.74569
1.6063	0.74569
1.6068	0.74572
1.6073	0.74576
1.6078	0.74575
1.6083	0.74574
1.6088	0.74575
1.6093	0.74577
1.6098	0.74579
1.6103	0.74581
1.6108	0.74581
1.6113	0.74584
1.6118	0.74589
1.6123	0.74593
1.6128	0.74594
1.6133	0.74592
1.6138	0.74593
1.6143	0.74598
1.6148	0.74602
1.6153	0.74603
1.6158	0.74600
1.6163	0.74603
1.6168	0.74606
1.6173	0.74605
1.6178	0.74609
1.6184	0.74609
1.6189	0.74608
1.6194	0.74612
1.6199	0.74614
1.6204	0.74617
1.6209	0.74620
1.6214	0.74625
1.6219	0.74626
1.6224	0.74627
1.6229	0.74632
1.6234	0.74636
1.6239	0.74636
1.6244	0.74635
1.6249	0.74635
1.6255	0.74636
1.626	0.74637
1.6265	0.74634
1.627	0.74632
1.6275	0.74632
1.628	0.74634
1.6285	0.74640
1.629	0.74640
1.6296	0.74646
1.6301	0.74646
1.6306	0.74647
1.6311	0.74653
1.6316	0.74652
1.6321	0.74649
1.6326	0.74649
1.6331	0.74651
1.6337	0.74655
1.6342	0.74653
1.6347	0.74656
1.6352	0.74659
1.6357	0.74657
1.6362	0.74657
1.6368	0.74656
1.6373	0.74660
1.6378	0.74659
1.6383	0.74652
1.6388	0.74649
1.6393	0.74656
1.6398	0.74664
1.6404	0.74665
1.6409	0.74664
1.6414	0.74667
1.6419	0.74665
1.6424	0.74660
1.643	0.74662
1.6435	0.74664
1.644	0.74666
1.6445	0.74665
1.6451	0.74668
1.6456	0.74674
1.6461	0.74674
1.6466	0.74676
1.6472	0.74678
1.6477	0.74674
1.6482	0.74676
1.6487	0.74674
1.6492	0.74668
1.6498	0.74669
1.6503	0.74675
1.6508	0.74674
1.6513	0.74676
1.6519	0.74678
1.6524	0.74674
1.6529	0.74672
1.6534	0.74674
1.654	0.74674
1.6545	0.74673
1.655	0.74674
1.6556	0.74675
1.6561	0.74677
1.6566	0.74682
1.6572	0.74683
1.6577	0.74678
1.6582	0.74679
1.6587	0.74688
1.6593	0.74690
1.6598	0.74687
1.6603	0.74683
1.6609	0.74681
1.6614	0.74684
1.6619	0.74690
1.6625	0.74687
1.663	0.74685
1.6635	0.74686
1.6641	0.74681
1.6646	0.74686
1.6651	0.74690
1.6657	0.74690
1.6662	0.74689
1.6667	0.74689
1.6673	0.74689
1.6678	0.74690
1.6683	0.74692
1.6689	0.74691
1.6694	0.74691
1.67	0.74695
1.6705	0.74699
1.671	0.74698
1.6716	0.74698
1.6721	0.74701
1.6727	0.74698
1.6732	0.74695
1.6737	0.74697
1.6743	0.74698
1.6748	0.74702
1.6754	0.74704
1.6759	0.74704
1.6764	0.74703
1.677	0.74704
1.6775	0.74704
1.6781	0.74701
1.6786	0.74701
1.6792	0.74704
1.6797	0.74708
1.6802	0.74712
1.6808	0.74710
1.6813	0.74705
1.6819	0.74702
1.6824	0.74706
1.683	0.74711
1.6835	0.74713
1.6841	0.74710
1.6846	0.74707
1.6852	0.74705
1.6857	0.74707
1.6863	0.74710
1.6868	0.74707
1.6873	0.74703
1.6879	0.74704
1.6884	0.74709
1.689	0.74711
1.6896	0.74712
1.6901	0.74713
1.6907	0.74709
1.6912	0.74709
1.6918	0.74712
1.6923	0.74707
1.6929	0.74700
1.6934	0.74699
1.694	0.74701
1.6945	0.74702
1.6951	0.74702
1.6956	0.74703
1.6962	0.74704
1.6967	0.74705
1.6973	0.74701
1.6978	0.74700
1.6984	0.74706
1.699	0.74708
1.6995	0.74704
1.7001	0.74701
1.7006	0.74698
1.7012	0.74699
1.7018	0.74708
1.7023	0.74709
1.7029	0.74704
1.7034	0.74701
1.704	0.74698
1.7046	0.74699
1.7051	0.74704
1.7057	0.74706
1.7062	0.74706
1.7068	0.74703
1.7073	0.74701
1.7079	0.74702
1.7085	0.74697
1.709	0.74693
1.7096	0.74689
1.7102	0.74691
1.7107	0.74693
1.7113	0.74694
1.7119	0.74694
1.7124	0.74696
1.713	0.74699
1.7136	0.74697
1.7141	0.74696
1.7147	0.74692
1.7153	0.74693
1.7158	0.74695
1.7164	0.74691
1.717	0.74690
1.7175	0.74692
1.7181	0.74692
1.7187	0.74691
1.7192	0.74692
1.7198	0.74693
1.7204	0.74693
1.7209	0.74692
1.7215	0.74688
1.7221	0.74686
1.7227	0.74683
1.7232	0.74681
1.7238	0.74683
1.7244	0.74687
1.725	0.74684
1.7255	0.74682
1.7261	0.74689
1.7267	0.74694
1.7273	0.74690
1.7278	0.74687
1.7284	0.74685
1.729	0.74688
1.7296	0.74689
1.7301	0.74686
1.7307	0.74689
1.7313	0.74690
1.7319	0.74684
1.7325	0.74684
1.733	0.74684
1.7336	0.74689
1.7342	0.74694
1.7348	0.74695
1.7353	0.74689
1.7359	0.74683
1.7365	0.74684
1.7371	0.74685
1.7377	0.74689
1.7383	0.74691
1.7388	0.74686
1.7394	0.74687
1.74	0.74693
1.7406	0.74694
1.7412	0.74690
1.7418	0.74690
1.7423	0.74694
1.7429	0.74695
1.7435	0.74693
1.7441	0.74693
1.7447	0.74691
1.7453	0.74690
1.7459	0.74689
1.7465	0.74689
1.7471	0.74689
1.7476	0.74694
1.7482	0.74695
1.7488	0.74690
1.7494	0.74686
1.75	0.74687
1.7506	0.74687
1.7512	0.74684
1.7518	0.74683
1.7524	0.74687
1.753	0.74691
1.7536	0.74685
1.7541	0.74685
1.7547	0.74684
1.7553	0.74683
1.7559	0.74683
1.7565	0.74685
1.7571	0.74685
1.7577	0.74680
1.7583	0.74683
1.7589	0.74683
1.7595	0.74678
1.7601	0.74680
1.7607	0.74685
1.7613	0.74681
1.7619	0.74678
1.7625	0.74678
1.7631	0.74675
1.7637	0.74676
1.7643	0.74675
1.7649	0.74675
1.7655	0.74676
1.7661	0.74669
1.7667	0.74669
1.7673	0.74678
1.7679	0.74679
1.7685	0.74670
1.7691	0.74668
1.7697	0.74671
1.7703	0.74666
1.7709	0.74665
1.7715	0.74670
1.7721	0.74680
1.7727	0.74675
1.7733	0.74666
1.7739	0.74667
1.7746	0.74671
1.7752	0.74670
1.7758	0.74670
1.7764	0.74672
1.777	0.74672
1.7776	0.74671
1.7782	0.74669
1.7788	0.74669
1.7794	0.74668
1.78	0.74666
1.7807	0.74668
1.7813	0.74668
1.7819	0.74665
1.7825	0.74662
1.7831	0.74658
1.7837	0.74660
1.7843	0.74665
1.7849	0.74668
1.7856	0.74667
1.7862	0.74665
1.7868	0.74663
1.7874	0.74661
1.788	0.74661
1.7886	0.74664
1.7893	0.74660
1.7899	0.74653
1.7905	0.74654
1.7911	0.74657
1.7917	0.74660
1.7923	0.74659
1.793	0.74656
1.7936	0.74656
1.7942	0.74655
1.7948	0.74651
1.7954	0.74650
1.7961	0.74650
1.7967	0.74652
1.7973	0.74659
1.7979	0.74658
1.7986	0.74656
1.7992	0.74655
1.7998	0.74655
1.8004	0.74649
1.8011	0.74650
1.8017	0.74654
1.8023	0.74654
1.8029	0.74655
1.8036	0.74653
1.8042	0.74650
1.8048	0.74648
1.8054	0.74648
1.8061	0.74646
1.8067	0.74643
1.8073	0.74644
1.808	0.74649
1.8086	0.74649
1.8092	0.74641
1.8099	0.74631
1.8105	0.74631
1.8111	0.74634
1.8118	0.74639
1.8124	0.74635
1.813	0.74628
1.8137	0.74626
1.8143	0.74628
1.8149	0.74630
1.8156	0.74630
1.8162	0.74627
1.8168	0.74627
1.8175	0.74627
1.8181	0.74628
1.8188	0.74629
1.8194	0.74625
1.82	0.74628
1.8207	0.74632
1.8213	0.74628
1.8219	0.74624
1.8226	0.74618
1.8232	0.74618
1.8239	0.74618
1.8245	0.74616
1.8252	0.74620
1.8258	0.74622
1.8264	0.74616
1.8271	0.74608
1.8277	0.74613
1.8284	0.74618
1.829	0.74617
1.8297	0.74616
1.8303	0.74614
1.8309	0.74611
1.8316	0.74605
1.8323	0.74607
1.8329	0.74607
1.8335	0.74602
1.8342	0.74600
1.8348	0.74601
1.8355	0.74605
1.8361	0.74607
1.8368	0.74600
1.8374	0.74596
1.8381	0.74595
1.8388	0.74593
1.8394	0.74602
1.8401	0.74603
1.8407	0.74593
1.8414	0.74598
1.842	0.74597
1.8427	0.74586
1.8433	0.74586
1.844	0.74589
1.8446	0.74585
1.8453	0.74583
1.8459	0.74591
1.8466	0.74600
1.8473	0.74593
1.8479	0.74584
1.8486	0.74590
1.8492	0.74586
1.8499	0.74581
1.8506	0.74576
1.8512	0.74575
1.8519	0.74579
1.8525	0.74588
1.8532	0.74590
1.8539	0.74583
1.8545	0.74578
1.8552	0.74578
1.8559	0.74578
1.8565	0.74581
1.8572	0.74576
1.8578	0.74573
1.8585	0.74579
1.8592	0.74580
1.8598	0.74577
1.8605	0.74568
1.8612	0.74570
1.8619	0.74577
1.8625	0.74579
1.8632	0.74571
1.8639	0.74566
1.8645	0.74564
1.8652	0.74563
1.8659	0.74568
1.8666	0.74570
1.8672	0.74570
1.8679	0.74570
1.8686	0.74564
1.8692	0.74563
1.8699	0.74565
1.8706	0.74562
1.8713	0.74558
1.8719	0.74543
1.8726	0.74551
1.8733	0.74553
1.874	0.74545
1.8747	0.74551
1.8753	0.74556
1.876	0.74548
1.8767	0.74547
1.8774	0.74547
1.878	0.74537
1.8787	0.74535
1.8794	0.74534
1.8801	0.74537
1.8808	0.74544
1.8814	0.74544
1.8821	0.74538
1.8828	0.74532
1.8835	0.74534
1.8842	0.74536
1.8849	0.74526
1.8856	0.74521
1.8862	0.74520
1.8869	0.74519
1.8876	0.74519
1.8883	0.74517
1.889	0.74514
1.8897	0.74511
1.8904	0.74507
1.8911	0.74504
1.8918	0.74509
1.8924	0.74509
1.8931	0.74502
1.8938	0.74498
1.8945	0.74494
1.8952	0.74487
1.8959	0.74485
1.8966	0.74484
1.8973	0.74481
1.898	0.74482
1.8987	0.74482
1.8994	0.74479
1.9001	0.74470
1.9008	0.74461
1.9015	0.74464
1.9022	0.74469
1.9029	0.74465
1.9036	0.74460
1.9043	0.74455
1.9049	0.74456
1.9057	0.74457
1.9063	0.74456
1.9071	0.74453
1.9078	0.74446
1.9085	0.74447
1.9092	0.74445
1.9099	0.74440
1.9106	0.74437
1.9113	0.74435
1.912	0.74430
1.9127	0.74430
1.9134	0.74432
1.9141	0.74428
1.9148	0.74425
1.9155	0.74423
1.9162	0.74422
1.9169	0.74420
1.9176	0.74416
1.9183	0.74416
1.9191	0.74413
1.9198	0.74411
1.9205	0.74410
1.9212	0.74402
1.9219	0.74402
1.9226	0.74406
1.9233	0.74402
1.924	0.74405
1.9248	0.74407
1.9255	0.74401
1.9262	0.74402
1.9269	0.74405
1.9276	0.74405
1.9283	0.74404
1.9291	0.74397
1.9298	0.74394
1.9305	0.74395
1.9312	0.74390
1.9319	0.74392
1.9327	0.74392
1.9334	0.74393
1.9341	0.74394
1.9348	0.74388
1.9355	0.74384
1.9363	0.74383
1.937	0.74382
1.9377	0.74381
1.9384	0.74377
1.9392	0.74374
1.9399	0.74378
1.9406	0.74381
1.9413	0.74384
1.9421	0.74381
1.9428	0.74372
1.9435	0.74366
1.9442	0.74368
1.945	0.74372
1.9457	0.74368
1.9464	0.74365
1.9472	0.74367
1.9479	0.74364
1.9486	0.74361
1.9494	0.74360
1.9501	0.74356
1.9508	0.74356
1.9516	0.74357
1.9523	0.74357
1.953	0.74355
1.9538	0.74351
1.9545	0.74348
1.9552	0.74347
1.956	0.74346
1.9567	0.74342
1.9574	0.74339
1.9582	0.74340
1.9589	0.74340
1.9597	0.74336
1.9604	0.74333
1.9612	0.74339
1.9619	0.74340
1.9626	0.74335
1.9634	0.74333
1.9641	0.74333
1.9649	0.74329
1.9656	0.74322
1.9664	0.74320
1.9671	0.74317
1.9678	0.74314
1.9686	0.74314
1.9693	0.74308
1.9701	0.74309
1.9708	0.74314
1.9716	0.74312
1.9723	0.74307
1.9731	0.74303
1.9738	0.74301
1.9746	0.74302
1.9753	0.74300
1.9761	0.74296
1.9769	0.74294
1.9776	0.74296
1.9784	0.74295
1.9791	0.74289
1.9799	0.74280
1.9806	0.74279
1.9814	0.74283
1.9822	0.74283
1.9829	0.74279
1.9837	0.74275
1.9844	0.74274
1.9852	0.74270
1.9859	0.74268
1.9867	0.74269
1.9875	0.74268
1.9882	0.74270
1.989	0.74275
1.9898	0.74271
1.9905	0.74262
1.9913	0.74256
1.9921	0.74254
1.9928	0.74249
1.9936	0.74246
1.9943	0.74242
1.9951	0.74244
1.9959	0.74248
1.9967	0.74248
1.9974	0.74249
1.9982	0.74245
1.999	0.74242
1.9997	0.74239
2.0005	0.74236
2.0013	0.74234
2.0021	0.74231
2.0028	0.74232
2.0036	0.74232
2.0044	0.74231
2.0052	0.74229
2.0059	0.74227
2.0067	0.74227
2.0075	0.74223
2.0083	0.74218
2.009	0.74223
2.0098	0.74227
2.0106	0.74218
2.0114	0.74216
2.0122	0.74214
2.0129	0.74212
2.0137	0.74213
2.0145	0.74218
2.0153	0.74219
2.0161	0.74213
2.0168	0.74211
2.0176	0.74209
2.0184	0.74205
2.0192	0.74200
2.02	0.74200
2.0208	0.74203
2.0216	0.74202
2.0223	0.74199
2.0231	0.74202
2.0239	0.74203
2.0247	0.74198
2.0255	0.74197
2.0263	0.74193
2.0271	0.74193
2.0279	0.74192
2.0287	0.74187
2.0295	0.74183
2.0303	0.74181
2.0311	0.74183
2.0319	0.74182
2.0327	0.74181
2.0335	0.74180
2.0343	0.74178
2.0351	0.74180
2.0358	0.74177
2.0367	0.74174
2.0374	0.74177
2.0383	0.74182
2.0391	0.74179
2.0399	0.74177
2.0407	0.74173
2.0415	0.74169
2.0423	0.74170
2.0431	0.74164
2.0439	0.74162
2.0447	0.74166
2.0455	0.74163
2.0463	0.74160
2.0471	0.74164
2.0479	0.74164
2.0487	0.74161
2.0495	0.74157
2.0503	0.74154
2.0511	0.74151
2.052	0.74148
2.0528	0.74148
2.0536	0.74150
2.0544	0.74149
2.0552	0.74147
2.056	0.74143
2.0569	0.74142
2.0577	0.74144
2.0585	0.74141
2.0593	0.74135
2.0601	0.74133
2.0609	0.74130
2.0618	0.74126
2.0626	0.74123
2.0634	0.74125
2.0642	0.74122
2.065	0.74119
2.0659	0.74118
2.0667	0.74113
2.0675	0.74111
2.0683	0.74113
2.0692	0.74116
2.07	0.74116
2.0708	0.74115
2.0716	0.74108
2.0725	0.74105
2.0733	0.74102
2.0741	0.74096
2.075	0.74091
2.0758	0.74093
2.0766	0.74099
2.0774	0.74096
2.0783	0.74088
2.0791	0.74081
2.0799	0.74081
2.0808	0.74085
2.0816	0.74087
2.0825	0.74079
2.0833	0.74073
2.0841	0.74069
2.085	0.74068
2.0858	0.74072
2.0866	0.74073
2.0875	0.74072
2.0883	0.74066
2.0892	0.74059
2.09	0.74054
2.0909	0.74060
2.0917	0.74063
2.0926	0.74062
2.0934	0.74059
2.0942	0.74061
2.0951	0.74058
2.0959	0.74051
2.0968	0.74049
2.0976	0.74045
2.0985	0.74044
2.0993	0.74043
2.1002	0.74042
2.101	0.74041
2.1019	0.74040
2.1027	0.74043
2.1036	0.74042
2.1044	0.74037
2.1053	0.74033
2.1061	0.74029
2.107	0.74025
2.1079	0.74024
2.1087	0.74019
2.1096	0.74019
2.1104	0.74019
2.1113	0.74018
2.1121	0.74019
2.113	0.74019
2.1139	0.74013
2.1147	0.74005
2.1156	0.74008
2.1165	0.74012
2.1173	0.74007
2.1182	0.74005
2.1191	0.74010
2.1199	0.74013
2.1208	0.74008
2.1217	0.74006
2.1225	0.74006
2.1234	0.74004
2.1243	0.74003
2.1251	0.74001
2.126	0.73994
2.1269	0.73989
2.1278	0.73987
2.1286	0.73985
2.1295	0.73989
2.1304	0.73992
2.1313	0.73991
2.1321	0.73987
2.133	0.73985
2.1339	0.73987
2.1348	0.73988
2.1356	0.73985
2.1365	0.73980
2.1374	0.73975
2.1383	0.73974
2.1392	0.73975
2.1401	0.73975
2.1409	0.73973
2.1418	0.73972
2.1427	0.73974
2.1436	0.73970
2.1445	0.73965
2.1454	0.73961
2.1463	0.73960
2.1471	0.73961
2.148	0.73958
2.1489	0.73955
2.1498	0.73956
2.1507	0.73956
2.1516	0.73958
2.1525	0.73962
2.1534	0.73956
2.1543	0.73953
2.1552	0.73956
2.1561	0.73954
2.157	0.73952
2.1579	0.73950
2.1588	0.73946
2.1597	0.73948
2.1606	0.73944
2.1615	0.73940
2.1624	0.73942
2.1633	0.73938
2.1642	0.73937
2.1651	0.73933
2.166	0.73930
2.1669	0.73930
2.1678	0.73927
2.1687	0.73920
2.1696	0.73925
2.1705	0.73926
2.1714	0.73918
2.1723	0.73917
2.1732	0.73925
2.1741	0.73923
2.1751	0.73918
2.176	0.73918
2.1769	0.73915
2.1778	0.73911
2.1787	0.73907
2.1796	0.73903
2.1806	0.73905
2.1815	0.73906
2.1824	0.73911
2.1833	0.73913
2.1842	0.73907
2.1851	0.73904
2.1861	0.73905
2.187	0.73904
2.1879	0.73901
2.1888	0.73900
2.1898	0.73899
2.1907	0.73898
2.1916	0.73900
2.1925	0.73900
2.1935	0.73899
2.1944	0.73899
2.1953	0.73899
2.1963	0.73900
2.1972	0.73901
2.1981	0.73895
2.1991	0.73890
2.2	0.73890
2.2009	0.73890
2.2019	0.73887
2.2028	0.73889
2.2037	0.73885
2.2047	0.73887
2.2056	0.73889
2.2065	0.73887
2.2075	0.73887
2.2084	0.73888
2.2094	0.73889
2.2103	0.73890
2.2112	0.73889
2.2122	0.73888
2.2131	0.73890
2.2141	0.73890
2.215	0.73886
2.216	0.73888
2.2169	0.73889
2.2179	0.73882
2.2188	0.73880
2.2198	0.73884
2.2207	0.73882
2.2217	0.73874
2.2226	0.73871
2.2236	0.73868
2.2245	0.73871
2.2255	0.73880
2.2264	0.73878
2.2274	0.73875
2.2284	0.73872
2.2293	0.73873
2.2303	0.73869
2.2312	0.73867
2.2322	0.73866
2.2331	0.73863
2.2341	0.73863
2.2351	0.73866
2.236	0.73865
2.237	0.73861
2.238	0.73856
2.2389	0.73855
2.2399	0.73857
2.2409	0.73860
2.2418	0.73859
2.2428	0.73861
2.2438	0.73863
2.2448	0.73859
2.2457	0.73857
2.2467	0.73855
2.2477	0.73851
2.2486	0.73852
2.2496	0.73849
2.2506	0.73850
2.2516	0.73849
2.2526	0.73850
2.2535	0.73849
2.2545	0.73850
2.2555	0.73852
2.2565	0.73848
2.2574	0.73845
2.2584	0.73849
2.2594	0.73848
2.2604	0.73842
2.2614	0.73840
2.2624	0.73842
2.2634	0.73843
2.2644	0.73844
2.2653	0.73844
2.2663	0.73845
2.2673	0.73843
2.2683	0.73841
2.2693	0.73842
2.2703	0.73842
2.2713	0.73841
2.2723	0.73842
2.2733	0.73842
2.2743	0.73842
2.2753	0.73844
2.2763	0.73844
2.2773	0.73842
2.2783	0.73845
2.2793	0.73845
2.2803	0.73844
2.2813	0.73842
2.2823	0.73843
2.2833	0.73842
2.2843	0.73841
2.2853	0.73841
2.2863	0.73837
2.2873	0.73833
2.2883	0.73835
2.2894	0.73840
2.2904	0.73837
2.2914	0.73836
2.2924	0.73838
2.2934	0.73839
2.2944	0.73838
2.2954	0.73834
2.2964	0.73838
2.2975	0.73841
2.2985	0.73840
2.2995	0.73838
2.3005	0.73834
2.3015	0.73829
2.3026	0.73829
2.3036	0.73829
2.3046	0.73831
2.3056	0.73831
2.3067	0.73823
2.3077	0.73819
2.3087	0.73821
2.3098	0.73820
2.3108	0.73822
2.3118	0.73826
2.3128	0.73824
2.3139	0.73820
2.3149	0.73819
2.3159	0.73825
2.317	0.73832
2.318	0.73838
2.3191	0.73843
2.3201	0.73841
2.3211	0.73841
2.3222	0.73853
2.3232	0.73860
2.3242	0.73859
2.3253	0.73857
2.3263	0.73856
2.3274	0.73861
2.3284	0.73864
2.3295	0.73863
2.3305	0.73864
2.3316	0.73868
2.3326	0.73868
2.3337	0.73871
2.3347	0.73876
2.3358	0.73876
2.3368	0.73876
2.3379	0.73874
2.3389	0.73874
2.34	0.73873
2.341	0.73872
2.3421	0.73874
2.3431	0.73875
2.3442	0.73873
2.3453	0.73870
2.3463	0.73873
2.3474	0.73876
2.3485	0.73875
2.3495	0.73872
2.3506	0.73872
2.3516	0.73872
2.3527	0.73872
2.3538	0.73876
2.3549	0.73881
2.3559	0.73881
2.357	0.73881
2.3581	0.73882
2.3591	0.73881
2.3602	0.73878
2.3613	0.73875
2.3624	0.73873
2.3634	0.73873
2.3645	0.73875
2.3656	0.73874
2.3667	0.73870
2.3678	0.73872
2.3688	0.73874
2.3699	0.73876
2.371	0.73876
2.3721	0.73880
2.3732	0.73878
2.3743	0.73872
2.3754	0.73873
2.3764	0.73874
2.3775	0.73876
2.3786	0.73880
2.3797	0.73878
2.3808	0.73875
2.3819	0.73871
2.383	0.73871
2.3841	0.73873
2.3852	0.73873
2.3863	0.73874
2.3874	0.73874
2.3885	0.73870
2.3896	0.73871
2.3907	0.73870
2.3918	0.73866
2.3929	0.73866
2.394	0.73875
2.3951	0.73877
2.3962	0.73869
2.3973	0.73864
2.3984	0.73871
2.3995	0.73873
2.4006	0.73872
2.4018	0.73869
2.4029	0.73872
2.404	0.73879
2.4051	0.73883
2.4062	0.73883
2.4073	0.73882
2.4085	0.73879
2.4096	0.73883
2.4107	0.73891
2.4118	0.73891
2.4129	0.73884
2.4141	0.73881
2.4152	0.73885
2.4163	0.73886
2.4174	0.73883
2.4186	0.73880
2.4197	0.73884
2.4208	0.73880
2.422	0.73875
2.4231	0.73881
2.4242	0.73882
2.4254	0.73882
2.4265	0.73885
2.4276	0.73888
2.4288	0.73888
2.4299	0.73887
2.431	0.73889
2.4322	0.73883
2.4333	0.73874
2.4345	0.73875
2.4356	0.73879
2.4368	0.73878
2.4379	0.73878
2.4391	0.73879
2.4402	0.73881
2.4413	0.73879
2.4425	0.73874
2.4436	0.73869
2.4448	0.73871
2.4459	0.73871
2.4471	0.73872
2.4483	0.73873
2.4494	0.73870
2.4506	0.73871
2.4517	0.73872
2.4529	0.73872
2.4541	0.73865
2.4552	0.73862
2.4564	0.73864
2.4575	0.73861
2.4587	0.73859
2.4599	0.73857
2.461	0.73851
2.4622	0.73854
2.4634	0.73860
2.4646	0.73864
2.4657	0.73865
2.4669	0.73861
2.4681	0.73860
2.4692	0.73866
2.4704	0.73864
2.4716	0.73857
2.4728	0.73859
2.474	0.73866
2.4751	0.73865
2.4763	0.73865
2.4775	0.73866
2.4787	0.73864
2.4799	0.73859
2.4811	0.73859
2.4823	0.73858
2.4834	0.73861
2.4846	0.73868
2.4858	0.73866
2.487	0.73861
2.4882	0.73857
2.4894	0.73858
2.4906	0.73854
2.4918	0.73854
2.493	0.73853
2.4942	0.73850
2.4954	0.73854
2.4966	0.73853
2.4978	0.73852
2.499	0.73858
2.5002	0.73855
2.5014	0.73852
2.5026	0.73851
2.5038	0.73853
2.505	0.73854
2.5062	0.73853
2.5074	0.73848
2.5087	0.73848
2.5099	0.73848
2.5111	0.73852
2.5123	0.73853
2.5135	0.73851
2.5148	0.73858
2.516	0.73860
2.5172	0.73860
2.5184	0.73859
2.5196	0.73856
2.5209	0.73857
2.5221	0.73858
2.5233	0.73864
2.5245	0.73861
2.5258	0.73860
2.527	0.73870
2.5282	0.73871
2.5295	0.73861
2.5307	0.73860
2.5319	0.73863
2.5332	0.73862
2.5344	0.73866
2.5356	0.73871
2.5369	0.73871
2.5381	0.73873
2.5394	0.73874
2.5406	0.73872
2.5419	0.73873
2.5431	0.73868
2.5444	0.73859
2.5456	0.73863
2.5469	0.73878
2.5481	0.73881
2.5494	0.73875
2.5506	0.73881
2.5519	0.73881
2.5531	0.73879
2.5544	0.73876
2.5556	0.73877
2.5569	0.73877
2.5582	0.73879
2.5594	0.73887
2.5607	0.73892
2.562	0.73879
2.5632	0.73873
2.5645	0.73868
2.5658	0.73862
2.567	0.73872
2.5683	0.73884
2.5696	0.73889
2.5709	0.73875
2.5721	0.73894
2.5734	0.73905
2.5747	0.73869
2.576	0.73879
2.5772	0.73878
2.5785	0.73869
2.5798	0.73889
2.5811	0.73892
2.5824	0.73888
2.5837	0.73904
2.5849	0.73871
2.5862	0.73888
2.5875	0.73901
2.5888	0.73881
2.5901	0.73883
2.5914	0.73892
2.5927	0.73913
2.594	0.73938
2.5953	0.73883
2.5966	0.73826
2.5979	0.73860
2.5992	0.73889
2.6005	0.73904
2.6018	0.73896
2.6031	0.73888
2.6044	0.73903
2.6057	0.73897
2.607	0.73861
2.6084	0.73882
2.6097	0.73895
2.611	0.73892
2.6123	0.73892
2.6136	0.73888
2.6149	0.73893
2.6163	0.73912
2.6176	0.73873
2.6189	0.73871
2.6202	0.73900
2.6215	0.73861
2.6229	0.73876
2.6242	0.73902
2.6255	0.73913
2.6269	0.73903
2.6282	0.73867
2.6295	0.73895
2.6309	0.73873
2.6322	0.73847
2.6335	0.73890
2.6349	0.73886
2.6362	0.73881
2.6375	0.73888
2.6389	0.73883
2.6402	0.73874
2.6416	0.73869
2.6429	0.73871
2.6443	0.73869
2.6456	0.73858
2.647	0.73844
2.6483	0.73858
2.6497	0.73859
2.651	0.73860
2.6524	0.73853
2.6537	0.73822
2.6551	0.73816
2.6565	0.73806
2.6578	0.73794
2.6592	0.73799
2.6606	0.73777
2.6619	0.73761
2.6633	0.73758
2.6646	0.73762
2.666	0.73714
2.6674	0.73665
2.6688	0.73638
2.6701	0.73650
2.6715	0.73531
2.6729	0.73503
2.6743	0.73513
2.6756	0.73501
2.677	0.73450
2.6784	0.73410
2.6798	0.73389
2.6812	0.73368
2.6826	0.73369
2.684	0.73340
2.6854	0.73313
2.6867	0.73290
2.6881	0.73274
2.6895	0.73265
2.6909	0.73246
2.6923	0.73250
2.6937	0.73236
2.6951	0.73181
2.6965	0.73153
2.6979	0.73147
2.6993	0.73140
2.7007	0.73115
2.7021	0.73067
2.7036	0.73031
2.705	0.72992
2.7064	0.72915
2.7078	0.72830
2.7092	0.72705
2.7106	0.72536
2.712	0.72305
2.7134	0.72136
2.7149	0.72005
2.7163	0.71878
2.7177	0.71830
2.7191	0.71908
2.7206	0.71963
2.722	0.71909
2.7234	0.71968
2.7249	0.72005
2.7263	0.72017
2.7277	0.72056
2.7292	0.72067
2.7306	0.72046
2.732	0.72017
2.7335	0.71969
2.7349	0.71909
2.7364	0.71824
2.7378	0.71782
2.7393	0.71724
2.7407	0.71618
2.7421	0.71512
2.7436	0.71443
2.7451	0.71385
2.7465	0.71303
2.748	0.71215
2.7494	0.71123
2.7509	0.71039
2.7523	0.70952
2.7538	0.70861
2.7553	0.70762
2.7567	0.70613
2.7582	0.70532
2.7597	0.70456
2.7611	0.70357
2.7626	0.70244
2.7641	0.70128
2.7656	0.70034
2.767	0.69942
2.7685	0.69834
2.77	0.69753
2.7715	0.69654
2.7729	0.69557
2.7744	0.69475
2.7759	0.69392
2.7774	0.69303
2.7789	0.69221
2.7804	0.69145
2.7819	0.69074
2.7834	0.68996
2.7849	0.68923
2.7864	0.68856
2.7879	0.68780
2.7894	0.68711
2.7909	0.68654
2.7924	0.68586
2.7939	0.68521
2.7954	0.68464
2.7969	0.68413
2.7984	0.68360
2.7999	0.68306
2.8014	0.68261
2.8029	0.68212
2.8044	0.68141
2.806	0.68095
2.8075	0.68059
2.809	0.68014
2.8105	0.67974
2.812	0.67942
2.8136	0.67906
2.8151	0.67870
2.8166	0.67835
2.8182	0.67809
2.8197	0.67776
2.8212	0.67741
2.8228	0.67712
2.8243	0.67693
2.8258	0.67659
2.8274	0.67631
2.8289	0.67602
2.8305	0.67574
2.832	0.67552
2.8336	0.67528
2.8351	0.67490
2.8367	0.67461
2.8382	0.67432
2.8398	0.67402
2.8413	0.67372
2.8429	0.67338
2.8444	0.67307
2.846	0.67279
2.8476	0.67245
2.8491	0.67217
2.8507	0.67189
2.8523	0.67164
2.8538	0.67137
2.8554	0.67097
2.857	0.67059
2.8586	0.67031
2.8601	0.67002
2.8617	0.66962
2.8633	0.66928
2.8649	0.66894
2.8664	0.66851
2.868	0.66816
2.8696	0.66786
2.8712	0.66746
2.8728	0.66705
2.8744	0.66676
2.876	0.66632
2.8776	0.66591
2.8792	0.66557
2.8808	0.66521
2.8824	0.66487
2.884	0.66460
2.8856	0.66429
2.8872	0.66393
2.8888	0.66358
2.8904	0.66329
2.892	0.66293
2.8936	0.66251
2.8953	0.66216
2.8969	0.66190
2.8985	0.66161
2.9001	0.66139
2.9017	0.66105
2.9034	0.66070
2.905	0.66042
2.9066	0.66007
2.9083	0.65977
2.9099	0.65956
2.9115	0.65928
2.9131	0.65891
2.9148	0.65855
2.9164	0.65825
2.9181	0.65800
2.9197	0.65774
2.9214	0.65746
2.923	0.65716
2.9246	0.65687
2.9263	0.65667
2.9279	0.65646
2.9296	0.65631
2.9313	0.65610
2.9329	0.65585
2.9346	0.65563
2.9362	0.65547
2.9379	0.65530
2.9396	0.65510
2.9412	0.65487
2.9429	0.65475
2.9446	0.65465
2.9463	0.65453
2.9479	0.65445
2.9496	0.65432
2.9513	0.65420
2.953	0.65416
2.9546	0.65411
2.9563	0.65404
2.958	0.65394
2.9597	0.65394
2.9614	0.65389
2.9631	0.65380
2.9648	0.65372
2.9665	0.65368
2.9682	0.65368
2.9699	0.65373
2.9716	0.65375
2.9733	0.65382
2.975	0.65385
2.9767	0.65387
2.9784	0.65394
2.9801	0.65396
2.9818	0.65396
2.9836	0.65403
2.9853	0.65409
2.987	0.65420
2.9887	0.65426
2.9904	0.65437
2.9921	0.65445
2.9939	0.65453
2.9956	0.65463
2.9973	0.65467
2.9991	0.65473
3.0008	0.65483
3.0026	0.65491
3.0043	0.65498
3.006	0.65506
3.0078	0.65515
3.0095	0.65525
3.0113	0.65537
3.013	0.65543
3.0148	0.65559
3.0165	0.65574
3.0183	0.65578
3.02	0.65584
3.0218	0.65600
3.0236	0.65615
3.0253	0.65631
3.0271	0.65647
3.0289	0.65651
3.0306	0.65654
3.0324	0.65659
3.0342	0.65663
3.0359	0.65671
3.0377	0.65684
3.0395	0.65697
3.0413	0.65699
3.0431	0.65703
3.0449	0.65707
3.0466	0.65712
3.0484	0.65722
3.0502	0.65726
3.052	0.65728
3.0538	0.65732
3.0556	0.65731
3.0574	0.65733
3.0592	0.65724
3.061	0.65723
3.0629	0.65726
3.0647	0.65719
3.0665	0.65711
3.0683	0.65706
3.0701	0.65700
3.0719	0.65695
3.0737	0.65685
3.0756	0.65681
3.0774	0.65679
3.0792	0.65679
3.0811	0.65674
3.0829	0.65665
3.0847	0.65653
3.0866	0.65653
3.0884	0.65653
3.0902	0.65653
3.0921	0.65653
3.0939	0.65651
3.0958	0.65657
3.0976	0.65667
3.0995	0.65672
3.1013	0.65679
3.1032	0.65680
3.105	0.65688
3.1069	0.65690
3.1088	0.65692
3.1106	0.65700
3.1125	0.65708
3.1144	0.65720
3.1162	0.65731
3.1181	0.65736
3.12	0.65746
3.1219	0.65758
3.1237	0.65765
3.1256	0.65772
3.1275	0.65791
3.1294	0.65803
3.1313	0.65814
3.1332	0.65821
3.1351	0.65840
3.137	0.65854
3.1389	0.65865
3.1408	0.65880
3.1427	0.65891
3.1446	0.65902
3.1465	0.65925
3.1484	0.65942
3.1503	0.65953
3.1522	0.65968
3.1541	0.65982
3.1561	0.65996
3.158	0.66022
3.1599	0.66042
3.1618	0.66056
3.1638	0.66072
3.1657	0.66090
3.1676	0.66105
3.1696	0.66123
3.1715	0.66143
3.1734	0.66158
3.1754	0.66176
3.1773	0.66199
3.1793	0.66218
3.1812	0.66245
3.1832	0.66271
3.1851	0.66292
3.1871	0.66311
3.1891	0.66334
3.191	0.66358
3.193	0.66392
3.1949	0.66414
3.1969	0.66432
3.1989	0.66455
3.2009	0.66481
3.2028	0.66502
3.2048	0.66525
3.2068	0.66558
3.2088	0.66590
3.2108	0.66606
3.2128	0.66637
3.2148	0.66667
3.2168	0.66686
3.2187	0.66710
3.2207	0.66740
3.2228	0.66764
3.2248	0.66787
3.2268	0.66813
3.2288	0.66848
3.2308	0.66880
3.2328	0.66906
3.2348	0.66928
3.2368	0.66960
3.2389	0.66993
3.2409	0.67024
3.2429	0.67053
3.2449	0.67077
3.247	0.67100
3.249	0.67133
3.251	0.67158
3.2531	0.67179
3.2551	0.67206
3.2572	0.67236
3.2592	0.67258
3.2613	0.67283
3.2633	0.67308
3.2654	0.67337
3.2674	0.67365
3.2695	0.67383
3.2715	0.67402
3.2736	0.67430
3.2757	0.67451
3.2778	0.67475
3.2798	0.67504
3.2819	0.67521
3.284	0.67533
3.2861	0.67556
3.2881	0.67574
3.2902	0.67592
3.2923	0.67617
3.2944	0.67641
3.2965	0.67654
3.2986	0.67669
3.3007	0.67687
3.3028	0.67708
3.3049	0.67732
3.307	0.67752
3.3091	0.67761
3.3112	0.67773
3.3134	0.67790
3.3155	0.67804
3.3176	0.67812
3.3197	0.67824
3.3218	0.67846
3.324	0.67868
3.3261	0.67874
3.3282	0.67884
3.3304	0.67899
3.3325	0.67905
3.3347	0.67904
3.3368	0.67901
3.3389	0.67902
3.3411	0.67911
3.3433	0.67917
3.3454	0.67909
3.3476	0.67898
3.3497	0.67894
3.3519	0.67890
3.3541	0.67886
3.3562	0.67884
3.3584	0.67872
3.3606	0.67864
3.3628	0.67857
3.3649	0.67851
3.3671	0.67843
3.3693	0.67828
3.3715	0.67813
3.3737	0.67804
3.3759	0.67799
3.3781	0.67819
3.3803	0.67857
3.3825	0.67890
3.3847	0.67920
3.3869	0.67951
3.3891	0.67977
3.3914	0.67999
3.3936	0.68013
3.3958	0.68009
3.398	0.67993
3.4003	0.67970
3.4025	0.67948
3.4047	0.67935
3.407	0.67922
3.4092	0.67909
3.4114	0.67907
3.4137	0.67926
3.4159	0.67973
3.4182	0.68036
3.4204	0.68115
3.4227	0.68216
3.425	0.68324
3.4272	0.68414
3.4295	0.68481
3.4318	0.68531
3.434	0.68575
3.4363	0.68603
3.4386	0.68630
3.4409	0.68649
3.4432	0.68670
3.4454	0.68704
3.4477	0.68733
3.45	0.68756
3.4523	0.68789
3.4546	0.68812
3.4569	0.68825
3.4592	0.68841
3.4615	0.68862
3.4639	0.68883
3.4662	0.68890
3.4685	0.68883
3.4708	0.68879
3.4731	0.68881
3.4755	0.68886
3.4778	0.68898
3.4801	0.68914
3.4825	0.68926
3.4848	0.68930
3.4871	0.68929
3.4895	0.68936
3.4919	0.68932
3.4942	0.68912
3.4966	0.68909
3.4989	0.68924
3.5013	0.68951
3.5036	0.69005
3.506	0.69099
3.5084	0.69202
3.5108	0.69267
3.5131	0.69306
3.5155	0.69332
3.5179	0.69365
3.5203	0.69398
3.5227	0.69415
3.5251	0.69439
3.5275	0.69468
3.5299	0.69481
3.5323	0.69497
3.5347	0.69517
3.5371	0.69531
3.5395	0.69544
3.5419	0.69566
3.5444	0.69583
3.5468	0.69597
3.5492	0.69618
3.5516	0.69635
3.5541	0.69640
3.5565	0.69657
3.5589	0.69684
3.5614	0.69696
3.5638	0.69694
3.5663	0.69704
3.5688	0.69715
3.5712	0.69726
3.5737	0.69732
3.5761	0.69739
3.5786	0.69743
3.5811	0.69758
3.5836	0.69763
3.586	0.69768
3.5885	0.69789
3.591	0.69793
3.5935	0.69787
3.596	0.69793
3.5985	0.69792
3.601	0.69784
3.6035	0.69785
3.606	0.69784
3.6085	0.69791
3.611	0.69800
3.6135	0.69798
3.616	0.69805
3.6186	0.69804
3.6211	0.69796
3.6236	0.69807
3.6261	0.69809
3.6287	0.69797
3.6312	0.69799
3.6338	0.69801
3.6363	0.69795
3.6389	0.69795
3.6414	0.69796
3.644	0.69795
3.6466	0.69796
3.6491	0.69796
3.6517	0.69796
3.6543	0.69789
3.6568	0.69787
3.6594	0.69790
3.662	0.69786
3.6646	0.69782
3.6672	0.69778
3.6698	0.69779
3.6724	0.69778
3.675	0.69768
3.6776	0.69755
3.6802	0.69745
3.6828	0.69755
3.6854	0.69756
3.688	0.69745
3.6907	0.69729
3.6933	0.69735
3.6959	0.69746
3.6986	0.69735
3.7012	0.69725
3.7039	0.69727
3.7065	0.69720
3.7091	0.69705
3.7118	0.69701
3.7145	0.69696
3.7171	0.69682
3.7198	0.69670
3.7225	0.69649
3.7251	0.69624
3.7278	0.69618
3.7305	0.69622
3.7332	0.69612
3.7359	0.69587
3.7386	0.69557
3.7413	0.69538
3.744	0.69515
3.7467	0.69495
3.7494	0.69478
3.7521	0.69452
3.7548	0.69428
3.7575	0.69418
3.7603	0.69393
3.763	0.69356
3.7657	0.69332
3.7684	0.69314
3.7712	0.69280
3.7739	0.69254
3.7767	0.69244
3.7794	0.69225
3.7822	0.69184
3.7849	0.69151
3.7877	0.69123
3.7905	0.69089
3.7933	0.69054
3.796	0.69025
3.7988	0.68990
3.8016	0.68963
3.8044	0.68936
3.8072	0.68893
3.81	0.68857
3.8128	0.68838
3.8156	0.68805
3.8184	0.68755
3.8212	0.68705
3.824	0.68688
3.8269	0.68651
3.8297	0.68603
3.8325	0.68576
3.8353	0.68547
3.8382	0.68517
3.841	0.68474
3.8439	0.68434
3.8467	0.68408
3.8496	0.68363
3.8524	0.68321
3.8553	0.68285
3.8582	0.68255
3.861	0.68218
3.8639	0.68170
3.8668	0.68121
3.8697	0.68094
3.8726	0.68066
3.8755	0.68028
3.8784	0.67984
3.8813	0.67948
3.8842	0.67919
3.8871	0.67880
3.89	0.67831
3.8929	0.67792
3.8959	0.67745
3.8988	0.67703
3.9017	0.67674
3.9047	0.67640
3.9076	0.67597
3.9106	0.67561
3.9135	0.67523
3.9165	0.67488
3.9194	0.67443
3.9224	0.67407
3.9254	0.67370
3.9284	0.67335
3.9313	0.67295
3.9343	0.67258
3.9373	0.67213
3.9403	0.67175
3.9433	0.67132
3.9463	0.67096
3.9493	0.67053
3.9523	0.67015
3.9553	0.66969
3.9583	0.66927
3.9614	0.66885
3.9644	0.66850
3.9674	0.66809
3.9705	0.66769
3.9735	0.66728
3.9766	0.66696
3.9796	0.66653
3.9826	0.66617
3.9857	0.66579
3.9888	0.66544
3.9919	0.66503
3.9949	0.66471
3.998	0.66434
4.0011	0.66400
4.0042	0.66356
4.0073	0.66322
4.0104	0.66284
4.0135	0.66246
4.0166	0.66203
4.0197	0.66165
4.0228	0.66120
4.0259	0.66082
4.0291	0.66039
4.0322	0.65998
4.0353	0.65949
4.0385	0.65906
4.0416	0.65859
4.0448	0.65817
4.0479	0.65768
4.0511	0.65724
4.0543	0.65673
4.0574	0.65628
4.0606	0.65578
4.0638	0.65533
4.067	0.65482
4.0702	0.65434
4.0734	0.65381
4.0766	0.65338
4.0798	0.65283
4.083	0.65232
4.0862	0.65179
4.0894	0.65133
4.0927	0.65079
4.0959	0.65030
4.0991	0.64974
4.1024	0.64923
4.1056	0.64863
4.1089	0.64807
4.1121	0.64745
4.1154	0.64689
4.1187	0.64626
4.122	0.64566
4.1252	0.64501
4.1285	0.64444
4.1318	0.64373
4.1351	0.64306
4.1384	0.64230
4.1417	0.64155
4.145	0.64075
4.1483	0.63997
4.1516	0.63905
4.155	0.63823
4.1583	0.63731
4.1616	0.63641
4.165	0.63541
4.1683	0.63442
4.1717	0.63331
4.175	0.63222
4.1784	0.63107
4.1818	0.62994
4.1852	0.62865
4.1885	0.62741
4.1919	0.62607
4.1953	0.62477
4.1987	0.62344
4.2021	0.62213
4.2055	0.62079
4.2089	0.61952
4.2124	0.61815
4.2158	0.61690
4.2192	0.61555
4.2226	0.61420
4.2261	0.61273
4.2295	0.61120
4.233	0.60949
4.2365	0.60776
4.2399	0.60579
4.2434	0.60374
4.2469	0.60147
4.2503	0.59918
4.2538	0.59670
4.2573	0.59437
4.2608	0.59240
4.2643	0.59068
4.2678	0.58879
4.2713	0.58688
4.2749	0.58477
4.2784	0.58263
4.2819	0.58038
4.2855	0.57817
4.289	0.57584
4.2926	0.57357
4.2961	0.57123
4.2997	0.56898
4.3033	0.56661
4.3068	0.56424
4.3104	0.56184
4.314	0.55952
4.3176	0.55714
4.3212	0.55489
4.3248	0.55258
4.3284	0.55035
4.332	0.54807
4.3356	0.54586
4.3393	0.54362
4.3429	0.54144
4.3465	0.53924
4.3502	0.53712
4.3538	0.53488
4.3575	0.53275
4.3611	0.53059
4.3648	0.52847
4.3685	0.52632
4.3722	0.52423
4.3759	0.52206
4.3796	0.51998
4.3833	0.51782
4.387	0.51578
4.3907	0.51367
4.3944	0.51159
4.3981	0.50944
4.4019	0.50734
4.4056	0.50519
4.4094	0.50315
4.4131	0.50104
4.4169	0.49896
4.4206	0.49678
4.4244	0.49468
4.4282	0.49253
4.432	0.49041
4.4358	0.48820
4.4396	0.48607
4.4434	0.48389
4.4472	0.48175
4.451	0.47953
4.4548	0.47735
4.4586	0.47508
4.4625	0.47287
4.4663	0.47061
4.4702	0.46842
4.474	0.46612
4.4779	0.46382
4.4818	0.46145
4.4856	0.45917
4.4895	0.45680
4.4934	0.45443
4.4973	0.45200
4.5012	0.44963
4.5051	0.44718
4.509	0.44480
4.513	0.44232
4.5169	0.43985
4.5209	0.43734
4.5248	0.43486
4.5287	0.43231
4.5327	0.42984
4.5367	0.42725
4.5406	0.42470
4.5446	0.42208
4.5486	0.41953
4.5526	0.41691
4.5566	0.41431
4.5606	0.41168
4.5646	0.40911
4.5686	0.40645
4.5727	0.40386
4.5767	0.40122
4.5808	0.39867
4.5848	0.39604
4.5889	0.39343
4.5929	0.39082
4.597	0.38830
4.6011	0.38569
4.6052	0.38314
4.6093	0.38057
4.6134	0.37811
4.6175	0.37559
4.6216	0.37315
4.6257	0.37067
4.6298	0.36830
4.634	0.36590
4.6381	0.36357
4.6423	0.36120
4.6464	0.35894
4.6506	0.35667
4.6548	0.35446
4.659	0.35222
4.6631	0.35009
4.6673	0.34794
4.6715	0.34587
4.6758	0.34376
4.68	0.34174
4.6842	0.33971
4.6884	0.33778
4.6927	0.33582
4.6969	0.33401
4.7012	0.33215
4.7055	0.33038
4.7097	0.32857
4.714	0.32686
4.7183	0.32516
4.7226	0.32357
4.7269	0.32195
4.7312	0.32043
4.7355	0.31888
4.7399	0.31744
4.7442	0.31596
4.7485	0.31459
4.7529	0.31317
4.7573	0.31183
4.7616	0.31048
4.766	0.30921
4.7704	0.30792
4.7748	0.30672
4.7792	0.30550
4.7836	0.30434
4.788	0.30315
4.7924	0.30204
4.7969	0.30085
4.8013	0.29973
4.8058	0.29862
4.8102	0.29758
4.8147	0.29652
4.8191	0.29553
4.8236	0.29448
4.8281	0.29351
4.8326	0.29245
4.8371	0.29148
4.8416	0.29049
4.8462	0.28957
4.8507	0.28857
4.8553	0.28764
4.8598	0.28670
4.8644	0.28577
4.8689	0.28478
4.8735	0.28387
4.8781	0.28292
4.8827	0.28204
4.8873	0.28109
4.8919	0.28016
4.8965	0.27922
4.9011	0.27828
4.9058	0.27728
4.9104	0.27633
4.9151	0.27531
4.9197	0.27437
4.9244	0.27333
4.9291	0.27234
4.9338	0.27127
4.9385	0.27021
4.9432	0.26908
4.9479	0.26801
4.9526	0.26684
4.9574	0.26568
4.9621	0.26445
4.9669	0.26322
4.9716	0.26188
4.9764	0.26056
4.9812	0.25919
4.986	0.25782
4.9908	0.25632
4.9956	0.25480
5.0004	0.25321
5.0052	0.25165
5.01	0.25004
5.0149	0.24841
5.0198	0.24663
5.0246	0.24491
5.0295	0.24308
5.0344	0.24130
5.0393	0.23944
5.0442	0.23759
5.0491	0.23568
5.054	0.23382
5.0589	0.23187
5.0639	0.22996
5.0688	0.22797
5.0738	0.22601
5.0788	0.22400
5.0837	0.22204
5.0887	0.22004
5.0937	0.21806
5.0987	0.21603
5.1037	0.21403
5.1088	0.21195
5.1138	0.20994
5.1189	0.20790
5.1239	0.20591
5.129	0.20391
5.1341	0.20195
5.1391	0.19996
5.1443	0.19802
5.1494	0.19607
5.1545	0.19413
5.1596	0.19219
5.1647	0.19033
5.1699	0.18843
5.175	0.18665
5.1802	0.18484
5.1854	0.18307
5.1906	0.18132
5.1958	0.17964
5.201	0.17797
5.2062	0.17632
5.2115	0.17466
5.2167	0.17313
5.222	0.17150
5.2272	0.17000
5.2325	0.16850
5.2378	0.16706
5.2431	0.16560
5.2484	0.16420
5.2537	0.16280
5.259	0.16147
5.2644	0.16012
5.2697	0.15886
5.2751	0.15761
5.2805	0.15640
5.2858	0.15512
5.2912	0.15392
5.2966	0.15271
5.302	0.15152
5.3075	0.15033
5.3129	0.14919
5.3184	0.14802
5.3238	0.14688
5.3293	0.14570
5.3348	0.14457
5.3403	0.14343
5.3458	0.14233
5.3513	0.14124
5.3568	0.14013
5.3624	0.13893
5.3679	0.13783
5.3735	0.13671
5.379	0.13561
5.3846	0.13453
5.3902	0.13351
5.3958	0.13246
5.4015	0.13147
5.4071	0.13046
5.4127	0.12952
5.4184	0.12857
5.4241	0.12773
5.4297	0.12677
5.4354	0.12584
5.4411	0.12496
5.4468	0.12411
5.4526	0.12324
5.4583	0.12246
5.4641	0.12173
5.4698	0.12098
5.4756	0.12015
5.4814	0.11943
5.4872	0.11864
5.493	0.11792
5.4988	0.11718
5.5047	0.11648
5.5105	0.11573
5.5164	0.11503
5.5223	0.11433
5.5281	0.11360
5.534	0.11282
5.54	0.11210
5.5459	0.11139
5.5518	0.11071
5.5578	0.10997
5.5637	0.10923
5.5697	0.10852
5.5757	0.10790
5.5817	0.10726
5.5877	0.10655
5.5937	0.10580
5.5998	0.10515
5.6058	0.10453
5.6119	0.10391
5.618	0.10329
5.6241	0.10272
5.6302	0.10212
5.6363	0.10161
5.6424	0.10115
5.6486	0.10063
5.6547	0.10000
5.6609	0.09945
5.6671	0.09889
5.6733	0.09844
5.6795	0.09798
5.6857	0.09745
5.692	0.09695
5.6982	0.09652
5.7045	0.09601
5.7108	0.09563
5.7171	0.09520
5.7234	0.09469
5.7297	0.09413
5.736	0.09368
5.7424	0.09319
5.7488	0.09274
5.7551	0.09223
5.7615	0.09174
5.768	0.09127
5.7744	0.09062
5.7808	0.08995
5.7873	0.08937
5.7937	0.08875
5.8002	0.08821
5.8067	0.08763
5.8132	0.08705
5.8198	0.08657
5.8263	0.08606
5.8328	0.08536
5.8394	0.08470
5.846	0.08405
5.8526	0.08348
5.8592	0.08292
5.8658	0.08239
5.8725	0.08183
5.8791	0.08145
5.8858	0.08101
5.8925	0.08039
5.8992	0.07990
5.9059	0.07936
5.9126	0.07886
5.9194	0.07844
5.9262	0.07806
5.9329	0.07781
5.9397	0.07762
5.9465	0.07714
5.9534	0.07667
5.9602	0.07637
5.9671	0.07612
5.974	0.07585
5.9808	0.07551
5.9878	0.07533
5.9947	0.07512
6.0016	0.07487
6.0086	0.07464
6.0155	0.07447
6.0225	0.07424
6.0295	0.07403
6.0365	0.07383
6.0436	0.07376
6.0506	0.07388
6.0577	0.07359
6.0648	0.07321
6.0719	0.07311
6.079	0.07294
6.0861	0.07266
6.0933	0.07243
6.1005	0.07226
6.1076	0.07214
6.1148	0.07212
6.1221	0.07186
6.1293	0.07158
6.1365	0.07137
6.1438	0.07122
6.1511	0.07105
6.1584	0.07091
6.1657	0.07076
6.1731	0.07056
6.1804	0.07039
6.1878	0.07036
6.1952	0.07015
6.2026	0.06992
6.21	0.06977
6.2175	0.06965
6.225	0.06954
6.2324	0.06943
6.2399	0.06932
6.2475	0.06922
6.255	0.06910
6.2625	0.06902
6.2701	0.06897
6.2777	0.06891
6.2853	0.06887
6.2929	0.06884
6.3006	0.06880
6.3083	0.06881
6.3159	0.06881
6.3236	0.06881
6.3314	0.06880
6.3391	0.06888
6.3469	0.06909
6.3546	0.06909
6.3624	0.06899
6.3703	0.06913
6.3781	0.06919
6.3859	0.06915
6.3938	0.06915
6.4017	0.06916
6.4096	0.06940
6.4176	0.06966
6.4255	0.06946
6.4335	0.06939
6.4415	0.06940
6.4495	0.06937
6.4575	0.06933
6.4656	0.06926
6.4736	0.06931
6.4817	0.06930
6.4898	0.06931
6.498	0.06930
6.5061	0.06905
6.5143	0.06883
6.5225	0.06878
6.5307	0.06861
6.5389	0.06841
6.5472	0.06834
6.5555	0.06827
6.5638	0.06815
6.5721	0.06811
6.5804	0.06793
6.5888	0.06767
6.5972	0.06752
6.6056	0.06731
6.614	0.06713
6.6225	0.06699
6.6309	0.06694
6.6394	0.06694
6.6479	0.06664
6.6565	0.06630
6.665	0.06615
6.6736	0.06603
6.6822	0.06593
6.6908	0.06576
6.6995	0.06558
6.7081	0.06547
6.7168	0.06534
6.7255	0.06513
6.7343	0.06493
6.743	0.06473
6.7518	0.06457
6.7606	0.06440
6.7694	0.06428
6.7783	0.06413
6.7871	0.06402
6.796	0.06386
6.805	0.06354
6.8139	0.06327
6.8229	0.06309
6.8319	0.06287
6.8409	0.06260
6.8499	0.06237
6.859	0.06226
6.868	0.06205
6.8772	0.06164
6.8863	0.06125
6.8955	0.06092
6.9046	0.06061
6.9138	0.06030
6.9231	0.05993
6.9323	0.05959
6.9416	0.05924
6.9509	0.05889
6.9602	0.05859
6.9696	0.05817
6.979	0.05766
6.9884	0.05725
6.9978	0.05681
7.0073	0.05639
7.0168	0.05596
7.0263	0.05553
7.0358	0.05508
7.0454	0.05469
7.0549	0.05419
7.0645	0.05367
7.0742	0.05314
7.0839	0.05265
7.0935	0.05212
7.1033	0.05164
7.113	0.05116
7.1228	0.05066
7.1326	0.05006
7.1424	0.04953
7.1522	0.04901
7.1621	0.04849
7.172	0.04793
7.182	0.04733
7.1919	0.04671
7.2019	0.04617
7.2119	0.04557
7.222	0.04494
7.232	0.04431
7.2421	0.04372
7.2523	0.04305
7.2624	0.04239
7.2726	0.04175
7.2828	0.04111
7.2931	0.04040
7.3034	0.03973
7.3136	0.03907
7.324	0.03845
7.3343	0.03778
7.3447	0.03712
7.3551	0.03640
7.3656	0.03571
7.3761	0.03503
7.3866	0.03437
7.3971	0.03359
7.4077	0.03289
7.4183	0.03222
7.4289	0.03157
7.4396	0.03087
7.4503	0.03019
7.461	0.02948
7.4717	0.02880
7.4825	0.02809
7.4933	0.02742
7.5041	0.02668
7.515	0.02597
7.5259	0.02528
7.5369	0.02456
7.5479	0.02381
7.5589	0.02313
7.5699	0.02239
7.581	0.02173
7.592	0.02102
7.6032	0.02030
7.6144	0.01957
7.6255	0.01886
7.6368	0.01812
7.648	0.01742
7.6593	0.01668
7.6707	0.01599
7.682	0.01528
7.6934	0.01461
7.7049	0.01391
7.7163	0.01326
7.7278	0.01257
7.7394	0.01198
7.7509	0.01133
7.7625	0.01070
7.7742	0.01004
7.7858	0.00945
7.7975	0.00888
7.8093	0.00836
7.8211	0.00780
7.8329	0.00734
7.8447	0.00685
7.8566	0.00642
7.8685	0.00599
7.8805	0.00565
7.8925	0.00530
7.9045	0.00504
7.9166	0.00478
7.9287	0.00463
7.9408	0.00454
7.953	0.00459
7.9652	0.00474
7.9775	0.00510
7.9898	0.00559
8.0021	0.00634
8.0145	0.00729
8.0269	0.00862
8.0393	0.01029
8.0518	0.01240
8.0643	0.01485
8.0769	0.01776
8.0895	0.02109
8.1021	0.02493
8.1148	0.02921
8.1275	0.03396
8.1403	0.03915
8.1531	0.04476
8.1659	0.05078
8.1788	0.05719
8.1917	0.06383
8.2047	0.07067
8.2177	0.07763
8.2307	0.08452
8.2438	0.09116
8.257	0.09733
8.2701	0.10297
8.2833	0.10787
8.2966	0.11194
8.3099	0.11509
8.3232	0.11736
8.3366	0.11886
8.35	0.11985
8.3635	0.12038
8.377	0.12059
8.3905	0.12056
8.4042	0.12042
8.4178	0.12023
8.4315	0.12007
8.4452	0.11986
8.459	0.11980
8.4728	0.11973
8.4867	0.11965
8.5006	0.11963
8.5145	0.11977
8.5285	0.11994
8.5426	0.12015
8.5567	0.12041
8.5708	0.12074
8.585	0.12102
8.5993	0.12136
8.6135	0.12165
8.6279	0.12193
8.6423	0.12215
8.6567	0.12230
8.6712	0.12242
8.6857	0.12252
8.7003	0.12252
8.7149	0.12248
8.7295	0.12237
8.7443	0.12221
8.759	0.12196
8.7739	0.12165
8.7887	0.12127
8.8037	0.12086
8.8186	0.12027
8.8337	0.11964
8.8487	0.11886
8.8638	0.11793
8.879	0.11693
8.8943	0.11578
8.9095	0.11447
8.9249	0.11316
8.9403	0.11175
8.9557	0.11029
8.9712	0.10873
8.9868	0.10715
9.0023	0.10560
9.018	0.10405
9.0337	0.10255
9.0495	0.10110
9.0653	0.09965
9.0812	0.09832
9.0971	0.09704
9.1131	0.09586
9.1291	0.09473
9.1452	0.09368
9.1614	0.09278
9.1776	0.09205
9.1939	0.09148
9.2102	0.09104
9.2266	0.09072
9.243	0.09056
9.2595	0.09051
9.2761	0.09061
9.2927	0.09083
9.3094	0.09116
9.3262	0.09159
9.343	0.09208
9.3598	0.09264
9.3768	0.09331
9.3938	0.09399
9.4108	0.09474
9.4279	0.09559
9.4451	0.09655
9.4623	0.09754
9.4796	0.09854
9.497	0.09958
9.5144	0.10069
9.5319	0.10184
9.5494	0.10299
9.567	0.10408
9.5847	0.10519
9.6025	0.10626
9.6203	0.10738
9.6382	0.10858
9.6561	0.10991
9.6742	0.11125
9.6922	0.11260
9.7104	0.11403
9.7286	0.11554
9.7469	0.11694
9.7652	0.11834
9.7837	0.11972
9.8022	0.12110
9.8207	0.12240
9.8394	0.12360
9.8581	0.12467
9.8768	0.12564
9.8957	0.12645
9.9146	0.12713
9.9336	0.12764
9.9527	0.12809
9.9718	0.12836
9.991	0.12849
10.0103	0.12847
10.0297	0.12836
10.0491	0.12811
10.0686	0.12778
10.0882	0.12729
10.1079	0.12677
10.1276	0.12621
10.1475	0.12563
10.1673	0.12501
10.1873	0.12438
10.2074	0.12382
10.2275	0.12339
10.2477	0.12303
10.268	0.12280
10.2884	0.12264
10.3088	0.12260
10.3294	0.12274
10.35	0.12295
10.3707	0.12318
10.3915	0.12347
10.4123	0.12369
10.4333	0.12401
10.4543	0.12430
10.4754	0.12451
10.4967	0.12459
10.5179	0.12451
10.5393	0.12433
10.5608	0.12416
10.5823	0.12389
10.604	0.12349
10.6257	0.12298
10.6475	0.12247
10.6694	0.12189
10.6914	0.12126
10.7135	0.12055
10.7357	0.11985
10.758	0.11917
10.7803	0.11847
10.8028	0.11755
10.8254	0.11656
10.848	0.11552
10.8708	0.11445
10.8936	0.11329
10.9165	0.11199
10.9395	0.11059
10.9627	0.10919
10.9859	0.10774
11.0092	0.10629
11.0327	0.10479
11.0562	0.10322
11.0798	0.10155
11.1035	0.09986
11.1274	0.09812
11.1513	0.09639
11.1753	0.09462
11.1995	0.09282
11.2237	0.09110
11.248	0.08941
11.2725	0.08773
11.2971	0.08613
11.3217	0.08454
11.3465	0.08300
11.3714	0.08151
11.3964	0.08009
11.4215	0.07879
11.4467	0.07763
11.472	0.07654
11.4975	0.07550
11.523	0.07453
11.5487	0.07355
11.5744	0.07269
11.6003	0.07202
11.6263	0.07134
11.6525	0.07070
11.6787	0.07014
11.7051	0.06972
11.7316	0.06935
11.7582	0.06898
11.7849	0.06862
11.8117	0.06829
11.8387	0.06795
11.8658	0.06759
11.893	0.06721
11.9203	0.06677
11.9478	0.06634
11.9754	0.06589
12.0031	0.06543
12.031	0.06497
12.059	0.06440
12.0871	0.06370
12.1153	0.06304
12.1437	0.06232
12.1722	0.06143
12.2008	0.06049
12.2296	0.05942
12.2585	0.05807
12.2876	0.05659
12.3168	0.05509
12.3461	0.05355
12.3755	0.05199
12.4052	0.05056
12.4349	0.04920
12.4648	0.04800
12.4948	0.04703
12.525	0.04619
12.5553	0.04550
12.5858	0.04491
12.6164	0.04440
12.6472	0.04407
12.6781	0.04395
12.7092	0.04392
12.7404	0.04394
12.7718	0.04417
12.8033	0.04442
12.835	0.04468
12.8669	0.04504
12.8989	0.04536
12.9311	0.04561
12.9634	0.04582
12.9959	0.04589
13.0285	0.04596
13.0613	0.04600
13.0943	0.04599
13.1275	0.04608
13.1608	0.04621
13.1943	0.04623
13.228	0.04637
13.2618	0.04654
13.2958	0.04665
13.33	0.04674
13.3643	0.04687
13.3988	0.04695
13.4336	0.04709
13.4685	0.04717
13.5035	0.04720
13.5388	0.04716
13.5742	0.04713
13.6099	0.04694
13.6457	0.04677
13.6817	0.04673
13.7179	0.04666
13.7543	0.04631
13.7908	0.04593
13.8276	0.04553
13.8646	0.04527
13.9018	0.04491
13.9392	0.04446
13.9767	0.04423
14.0145	0.04397
14.0525	0.04360
14.0907	0.04318
14.129	0.04280
14.1676	0.04253
14.2065	0.04228
14.2455	0.04206
14.2847	0.04179
14.3242	0.04157
14.3639	0.04122
14.4038	0.04073
14.4439	0.04042
14.4843	0.04027
14.5248	0.04008
14.5656	0.03998
14.6067	0.03992
14.6479	0.03982
14.6894	0.03972
14.7312	0.03961
14.7731	0.03935
14.8153	0.03901
14.8578	0.03871
14.9005	0.03844
14.9434	0.03807
14.9866	0.03776
15.03	0.03755
15.0737	0.03756
15.1177	0.03808
15.1619	0.03930
15.2063	0.04151
15.2511	0.04479
15.2961	0.04906
15.3413	0.05445
15.3868	0.06074
15.4326	0.06707
15.4787	0.07306
15.525	0.07864
15.5717	0.08342
15.6186	0.08724
15.6658	0.09030
15.7132	0.09248
15.761	0.09382
15.809	0.09465
15.8574	0.09549
15.906	0.09619
15.955	0.09677
16.0042	0.09775
16.0538	0.09891
16.1036	0.10039
16.1538	0.10254
16.2043	0.10488
16.2551	0.10732
16.3062	0.10953
16.3576	0.11127
16.4094	0.11274
16.4615	0.11384
16.5139	0.11410
16.5667	0.11381
16.6198	0.11326
16.6732	0.11230
16.727	0.11104
16.7811	0.10968
16.8356	0.10843
16.8905	0.10693
16.9457	0.10514
17.0012	0.10383
17.0572	0.10309
17.1134	0.10229
17.1701	0.10183
17.2272	0.10164
17.2846	0.10136
17.3424	0.10104
17.4006	0.10029
17.4592	0.09871
17.5182	0.09654
17.5775	0.09395
17.6373	0.09100
17.6975	0.08785
17.7581	0.08509
17.8192	0.08267
17.8806	0.08061
17.9425	0.07959
18.0048	0.07963
18.0675	0.08137
18.1307	0.08489
18.1943	0.08969
18.2584	0.09517
18.3229	0.10077
18.3879	0.10522
18.4533	0.10765
18.5192	0.10774
18.5856	0.10573
18.6524	0.10221
18.7198	0.09772
18.7876	0.09323
18.8559	0.08916
18.9247	0.08587
18.9941	0.08336
19.0639	0.08054
19.1342	0.07774
19.2051	0.07567
19.2765	0.07365
19.3484	0.07149
19.4209	0.06997
19.4939	0.06874
19.5675	0.06702
19.6416	0.06530
19.7163	0.06398
19.7915	0.06249
19.8673	0.06079
19.9438	0.05922
20.0208	0.05790
20.0984	0.05627
20.1766	0.05484
20.2554	0.05361
20.3348	0.05244
20.4149	0.05200
20.4956	0.05185
20.5769	0.05243
20.6589	0.05410
20.7415	0.05592
20.8248	0.05741
20.9088	0.05866
20.9934	0.05969
21.0788	0.06055
21.1648	0.06135
21.2516	0.06292
21.339	0.06447
21.4272	0.06452
21.5161	0.06446
21.6058	0.06362
21.6962	0.06251
21.7873	0.06224
21.8793	0.06213
21.972	0.06181
22.0655	0.06357
22.1597	0.06688
22.2548	0.06980
22.3508	0.07309
22.4475	0.07751
22.5451	0.08211
22.6436	0.08586
22.7429	0.08940
22.8431	0.09172
22.9442	0.09384
23.0462	0.09660
23.149	0.09819
23.2528	0.09867
23.3576	0.09840
23.4633	0.09893
23.5699	0.10063
23.6775	0.10247
23.7861	0.10366
23.8958	0.10490
24.0064	0.10436
24.118	0.10407
24.2307	0.10521
24.3445	0.10524
24.4594	0.10626
24.5753	0.11003
24.6923	0.11229
24.8104	0.11258
24.9297	0.11258
25.0502	0.11625
