Brown University Keck/NASA Relab Spectrum PL-ECS-154-O/BKR1PL154O
Wavelength(micron)	Reflectance
0.32	0.29893
0.33	0.38580
0.34	0.44703
0.35	0.48226
0.36	0.50419
0.37	0.51687
0.38	0.51717
0.39	0.52870
0.4	0.55469
0.41	0.56452
0.42	0.56629
0.43	0.57590
0.44	0.58349
0.45	0.58932
0.46	0.60099
0.47	0.61031
0.48	0.61611
0.49	0.62217
0.5	0.62881
0.51	0.63531
0.52	0.64048
0.53	0.64721
0.54	0.65420
0.55	0.66113
0.56	0.66894
0.57	0.67868
0.58	0.68766
0.59	0.69613
0.6	0.70258
0.61	0.70745
0.62	0.71085
0.63	0.71451
0.64	0.71699
0.65	0.71997
0.66	0.72339
0.67	0.72606
0.68	0.72918
0.69	0.73115
0.7	0.73413
0.71	0.73727
0.72	0.73953
0.73	0.74154
0.74	0.74316
0.75	0.74508
0.76	0.74697
0.77	0.74845
0.78	0.74866
0.79	0.75029
0.8	0.75096
0.81	0.74905
0.82	0.74920
0.83	0.74699
0.84	0.74681
0.85	0.74599
0.86	0.74447
0.87	0.74268
0.88	0.74059
0.89	0.73918
0.9	0.73658
0.91	0.73640
0.92	0.73297
0.93	0.73259
0.94	0.73144
0.95	0.73291
0.96	0.73039
0.97	0.73004
0.98	0.72634
0.99	0.72402
1	0.72108
1.01	0.71818
1.02	0.71339
1.03	0.71109
1.04	0.70725
1.05	0.70312
1.06	0.69758
1.07	0.69179
1.08	0.68659
1.09	0.68367
1.1	0.67931
1.11	0.67422
1.12	0.67167
1.13	0.66577
1.14	0.66154
1.15	0.65784
1.16	0.65484
1.17	0.65047
1.18	0.64767
1.19	0.64525
1.2	0.64237
1.21	0.64125
1.22	0.63771
1.23	0.63561
1.24	0.63422
1.25	0.63545
1.26	0.63341
1.27	0.63302
1.28	0.63321
1.29	0.63354
1.3	0.63527
1.31	0.63526
1.32	0.63631
1.33	0.63747
1.34	0.63894
1.35	0.64193
1.36	0.64617
1.37	0.64569
1.38	0.64696
1.39	0.64731
1.4	0.64722
1.41	0.64606
1.42	0.64599
1.43	0.64677
1.44	0.64838
1.45	0.65151
1.46	0.65527
1.47	0.65863
1.48	0.66178
1.49	0.66570
1.5	0.67025
1.51	0.67382
1.52	0.67771
1.53	0.68131
1.54	0.68435
1.55	0.68703
1.56	0.68900
1.57	0.69075
1.58	0.69349
1.59	0.69563
1.6	0.69834
1.61	0.69963
1.62	0.70096
1.63	0.70232
1.64	0.70463
1.65	0.70741
1.66	0.70859
1.67	0.71179
1.68	0.71399
1.69	0.71575
1.7	0.71699
1.71	0.71673
1.72	0.71786
1.73	0.71758
1.74	0.71737
1.75	0.71688
1.76	0.71724
1.77	0.71818
1.78	0.72054
1.79	0.72154
1.8	0.72204
1.81	0.72282
1.82	0.72425
1.83	0.72515
1.84	0.72488
1.85	0.72384
1.86	0.72200
1.87	0.71616
1.88	0.70644
1.89	0.68652
1.9	0.65695
1.91	0.62959
1.92	0.60660
1.93	0.58568
1.94	0.57286
1.95	0.57719
1.96	0.58515
1.97	0.59117
1.98	0.59943
1.99	0.61033
2	0.62398
2.01	0.63572
2.02	0.64479
2.03	0.65305
2.04	0.65791
2.05	0.66155
2.06	0.66512
2.07	0.67051
2.08	0.67614
2.09	0.67987
2.1	0.68439
2.11	0.68695
2.12	0.69075
2.13	0.69338
2.14	0.69571
2.15	0.69682
2.16	0.69729
2.17	0.69918
2.18	0.70137
2.19	0.70310
2.2	0.70566
2.21	0.70899
2.22	0.71183
2.23	0.71391
2.24	0.71478
2.25	0.71539
2.26	0.71572
2.27	0.71819
2.28	0.71588
2.29	0.71493
2.3	0.71114
2.31	0.70786
2.32	0.70517
2.33	0.70212
2.34	0.69883
2.35	0.69342
2.36	0.68747
2.37	0.67846
2.38	0.66743
2.39	0.65532
2.4	0.64343
2.41	0.63102
2.42	0.62226
2.43	0.61634
2.44	0.61220
2.45	0.60854
2.46	0.60443
2.47	0.60027
2.48	0.60142
2.49	0.60132
2.5	0.60027
2.5014	0.60030
2.5026	0.60052
2.5038	0.60055
2.505	0.60048
2.5063	0.60055
2.5075	0.60066
2.5087	0.60071
2.5099	0.60068
2.5111	0.60064
2.5123	0.60062
2.5135	0.60083
2.5148	0.60100
2.516	0.60081
2.5172	0.60074
2.5184	0.60088
2.5196	0.60097
2.5209	0.60091
2.5221	0.60092
2.5233	0.60092
2.5246	0.60092
2.5258	0.60093
2.527	0.60090
2.5283	0.60084
2.5295	0.60072
2.5307	0.60062
2.5319	0.60052
2.5332	0.60039
2.5344	0.60043
2.5357	0.60041
2.5369	0.60029
2.5381	0.60023
2.5394	0.60015
2.5406	0.60010
2.5419	0.60008
2.5431	0.59987
2.5444	0.59974
2.5456	0.59970
2.5469	0.59960
2.5481	0.59956
2.5494	0.59959
2.5506	0.59943
2.5519	0.59911
2.5531	0.59893
2.5544	0.59898
2.5557	0.59888
2.5569	0.59863
2.5582	0.59841
2.5594	0.59833
2.5607	0.59820
2.562	0.59812
2.5632	0.59793
2.5645	0.59779
2.5658	0.59786
2.5671	0.59775
2.5683	0.59733
2.5696	0.59697
2.5709	0.59703
2.5721	0.59709
2.5734	0.59682
2.5747	0.59657
2.576	0.59629
2.5773	0.59615
2.5785	0.59609
2.5798	0.59594
2.5811	0.59567
2.5824	0.59549
2.5837	0.59518
2.585	0.59493
2.5863	0.59474
2.5875	0.59446
2.5888	0.59428
2.5901	0.59415
2.5914	0.59388
2.5927	0.59343
2.594	0.59279
2.5953	0.59244
2.5966	0.59246
2.5979	0.59228
2.5992	0.59196
2.6005	0.59168
2.6018	0.59133
2.6031	0.59094
2.6044	0.59048
2.6058	0.58997
2.6071	0.58963
2.6084	0.58922
2.6097	0.58885
2.611	0.58848
2.6123	0.58810
2.6136	0.58758
2.6149	0.58698
2.6163	0.58634
2.6176	0.58592
2.6189	0.58551
2.6202	0.58487
2.6216	0.58442
2.6229	0.58397
2.6242	0.58337
2.6255	0.58271
2.6269	0.58200
2.6282	0.58158
2.6295	0.58091
2.6309	0.58015
2.6322	0.57973
2.6335	0.57922
2.6349	0.57861
2.6362	0.57801
2.6376	0.57738
2.6389	0.57669
2.6402	0.57595
2.6416	0.57517
2.6429	0.57444
2.6443	0.57366
2.6456	0.57284
2.647	0.57214
2.6483	0.57140
2.6497	0.57045
2.651	0.56941
2.6524	0.56834
2.6538	0.56738
2.6551	0.56639
2.6565	0.56532
2.6578	0.56426
2.6592	0.56319
2.6606	0.56204
2.6619	0.56079
2.6633	0.55952
2.6647	0.55807
2.666	0.55675
2.6674	0.55554
2.6688	0.55404
2.6701	0.55212
2.6715	0.55041
2.6729	0.54900
2.6743	0.54707
2.6757	0.54496
2.677	0.54300
2.6784	0.54118
2.6798	0.53905
2.6812	0.53690
2.6826	0.53448
2.684	0.53184
2.6854	0.52924
2.6868	0.52666
2.6881	0.52382
2.6895	0.52087
2.6909	0.51787
2.6923	0.51472
2.6937	0.51133
2.6951	0.50793
2.6965	0.50440
2.6979	0.50072
2.6993	0.49674
2.7008	0.49248
2.7021	0.48802
2.7036	0.48340
2.705	0.47838
2.7064	0.47297
2.7078	0.46723
2.7092	0.46134
2.7106	0.45520
2.7121	0.44902
2.7135	0.44297
2.7149	0.43698
2.7163	0.43092
2.7177	0.42503
2.7192	0.41954
2.7206	0.41398
2.722	0.40843
2.7234	0.40308
2.7249	0.39782
2.7263	0.39289
2.7277	0.38784
2.7292	0.38266
2.7306	0.37744
2.7321	0.37229
2.7335	0.36718
2.7349	0.36211
2.7364	0.35701
2.7378	0.35194
2.7393	0.34682
2.7407	0.34188
2.7422	0.33702
2.7436	0.33222
2.7451	0.32752
2.7465	0.32276
2.748	0.31803
2.7494	0.31346
2.7509	0.30901
2.7524	0.30482
2.7538	0.30078
2.7553	0.29684
2.7567	0.29314
2.7582	0.28960
2.7597	0.28618
2.7611	0.28296
2.7626	0.27995
2.7641	0.27705
2.7656	0.27423
2.767	0.27164
2.7685	0.26919
2.77	0.26683
2.7715	0.26456
2.773	0.26236
2.7744	0.26019
2.7759	0.25814
2.7774	0.25614
2.7789	0.25413
2.7804	0.25221
2.7819	0.25036
2.7834	0.24840
2.7849	0.24653
2.7864	0.24473
2.7879	0.24293
2.7894	0.24116
2.7909	0.23947
2.7924	0.23785
2.7939	0.23619
2.7954	0.23458
2.7969	0.23304
2.7984	0.23147
2.7999	0.23002
2.8014	0.22863
2.8029	0.22729
2.8044	0.22599
2.806	0.22474
2.8075	0.22352
2.809	0.22242
2.8105	0.22134
2.8121	0.22021
2.8136	0.21915
2.8151	0.21822
2.8166	0.21717
2.8182	0.21607
2.8197	0.21502
2.8212	0.21406
2.8228	0.21304
2.8243	0.21211
2.8259	0.21133
2.8274	0.21066
2.8289	0.21006
2.8305	0.20972
2.832	0.20948
2.8336	0.20937
2.8351	0.20938
2.8367	0.20935
2.8382	0.20926
2.8398	0.20934
2.8413	0.20938
2.8429	0.20942
2.8444	0.20937
2.846	0.20945
2.8476	0.20946
2.8491	0.20931
2.8507	0.20908
2.8523	0.20901
2.8538	0.20888
2.8554	0.20868
2.857	0.20843
2.8586	0.20821
2.8601	0.20796
2.8617	0.20771
2.8633	0.20749
2.8649	0.20717
2.8665	0.20680
2.8681	0.20643
2.8696	0.20603
2.8712	0.20565
2.8728	0.20537
2.8744	0.20510
2.876	0.20479
2.8776	0.20446
2.8792	0.20417
2.8808	0.20402
2.8824	0.20385
2.884	0.20367
2.8856	0.20347
2.8872	0.20328
2.8888	0.20309
2.8904	0.20298
2.892	0.20291
2.8936	0.20280
2.8953	0.20264
2.8969	0.20248
2.8985	0.20228
2.9001	0.20216
2.9018	0.20209
2.9034	0.20177
2.905	0.20149
2.9066	0.20131
2.9083	0.20112
2.9099	0.20087
2.9115	0.20050
2.9132	0.20029
2.9148	0.20002
2.9164	0.19972
2.9181	0.19948
2.9197	0.19911
2.9214	0.19865
2.923	0.19826
2.9247	0.19802
2.9263	0.19766
2.928	0.19724
2.9296	0.19690
2.9313	0.19650
2.9329	0.19612
2.9346	0.19572
2.9363	0.19545
2.9379	0.19518
2.9396	0.19489
2.9413	0.19465
2.9429	0.19439
2.9446	0.19418
2.9463	0.19407
2.9479	0.19403
2.9496	0.19400
2.9513	0.19396
2.953	0.19398
2.9547	0.19409
2.9563	0.19422
2.958	0.19434
2.9597	0.19458
2.9614	0.19478
2.9631	0.19489
2.9648	0.19518
2.9665	0.19545
2.9682	0.19563
2.9699	0.19584
2.9716	0.19609
2.9733	0.19636
2.975	0.19662
2.9767	0.19694
2.9784	0.19733
2.9801	0.19770
2.9819	0.19807
2.9836	0.19852
2.9853	0.19901
2.987	0.19943
2.9887	0.19980
2.9904	0.20018
2.9922	0.20052
2.9939	0.20089
2.9956	0.20129
2.9974	0.20168
2.9991	0.20197
3.0008	0.20224
3.0026	0.20247
3.0043	0.20275
3.0061	0.20295
3.0078	0.20312
3.0095	0.20321
3.0113	0.20324
3.013	0.20335
3.0148	0.20336
3.0165	0.20327
3.0183	0.20322
3.0201	0.20314
3.0218	0.20297
3.0236	0.20280
3.0253	0.20263
3.0271	0.20245
3.0289	0.20229
3.0306	0.20205
3.0324	0.20171
3.0342	0.20137
3.036	0.20106
3.0377	0.20080
3.0395	0.20056
3.0413	0.20035
3.0431	0.20013
3.0449	0.19989
3.0467	0.19963
3.0485	0.19949
3.0503	0.19942
3.0521	0.19934
3.0538	0.19933
3.0556	0.19942
3.0574	0.19953
3.0593	0.19968
3.0611	0.19987
3.0629	0.20002
3.0647	0.20026
3.0665	0.20058
3.0683	0.20096
3.0701	0.20137
3.0719	0.20177
3.0738	0.20218
3.0756	0.20256
3.0774	0.20299
3.0792	0.20353
3.0811	0.20399
3.0829	0.20447
3.0847	0.20505
3.0866	0.20563
3.0884	0.20624
3.0902	0.20679
3.0921	0.20726
3.0939	0.20778
3.0958	0.20843
3.0976	0.20902
3.0995	0.20959
3.1013	0.21021
3.1032	0.21079
3.1051	0.21138
3.1069	0.21193
3.1088	0.21251
3.1106	0.21309
3.1125	0.21360
3.1144	0.21416
3.1162	0.21480
3.1181	0.21547
3.12	0.21611
3.1219	0.21673
3.1238	0.21741
3.1256	0.21819
3.1275	0.21890
3.1294	0.21957
3.1313	0.22034
3.1332	0.22121
3.1351	0.22208
3.137	0.22298
3.1389	0.22386
3.1408	0.22478
3.1427	0.22576
3.1446	0.22674
3.1465	0.22771
3.1484	0.22876
3.1503	0.22977
3.1522	0.23077
3.1541	0.23179
3.1561	0.23279
3.158	0.23375
3.1599	0.23473
3.1618	0.23578
3.1638	0.23681
3.1657	0.23789
3.1676	0.23892
3.1696	0.23990
3.1715	0.24092
3.1735	0.24194
3.1754	0.24292
3.1773	0.24393
3.1793	0.24494
3.1812	0.24594
3.1832	0.24688
3.1851	0.24785
3.1871	0.24895
3.1891	0.25002
3.191	0.25100
3.193	0.25200
3.195	0.25303
3.1969	0.25402
3.1989	0.25498
3.2009	0.25600
3.2029	0.25697
3.2048	0.25798
3.2068	0.25904
3.2088	0.26005
3.2108	0.26106
3.2128	0.26210
3.2148	0.26311
3.2168	0.26414
3.2188	0.26511
3.2208	0.26608
3.2228	0.26709
3.2248	0.26814
3.2268	0.26919
3.2288	0.27020
3.2308	0.27122
3.2328	0.27225
3.2348	0.27333
3.2368	0.27435
3.2389	0.27532
3.2409	0.27637
3.2429	0.27743
3.2449	0.27850
3.247	0.27955
3.249	0.28055
3.2511	0.28167
3.2531	0.28276
3.2551	0.28373
3.2572	0.28476
3.2592	0.28582
3.2613	0.28688
3.2633	0.28796
3.2654	0.28901
3.2674	0.29009
3.2695	0.29121
3.2716	0.29229
3.2736	0.29336
3.2757	0.29447
3.2778	0.29549
3.2798	0.29652
3.2819	0.29760
3.284	0.29868
3.2861	0.29979
3.2882	0.30090
3.2902	0.30203
3.2923	0.30313
3.2944	0.30427
3.2965	0.30543
3.2986	0.30659
3.3007	0.30782
3.3028	0.30908
3.3049	0.31026
3.307	0.31140
3.3091	0.31264
3.3113	0.31388
3.3134	0.31508
3.3155	0.31633
3.3176	0.31762
3.3197	0.31886
3.3219	0.32014
3.324	0.32150
3.3261	0.32281
3.3283	0.32414
3.3304	0.32546
3.3325	0.32681
3.3347	0.32812
3.3368	0.32939
3.339	0.33069
3.3411	0.33199
3.3433	0.33335
3.3454	0.33473
3.3476	0.33602
3.3498	0.33725
3.3519	0.33853
3.3541	0.33986
3.3563	0.34119
3.3584	0.34246
3.3606	0.34370
3.3628	0.34494
3.365	0.34618
3.3672	0.34739
3.3694	0.34861
3.3715	0.34990
3.3737	0.35119
3.3759	0.35249
3.3781	0.35385
3.3803	0.35533
3.3825	0.35681
3.3847	0.35827
3.3869	0.35969
3.3892	0.36111
3.3914	0.36245
3.3936	0.36375
3.3958	0.36504
3.3981	0.36627
3.4003	0.36749
3.4025	0.36875
3.4047	0.36998
3.407	0.37118
3.4092	0.37239
3.4115	0.37369
3.4137	0.37502
3.416	0.37635
3.4182	0.37777
3.4205	0.37931
3.4227	0.38088
3.425	0.38243
3.4273	0.38400
3.4295	0.38559
3.4318	0.38712
3.4341	0.38867
3.4363	0.39019
3.4386	0.39165
3.4409	0.39314
3.4432	0.39464
3.4455	0.39614
3.4478	0.39762
3.4501	0.39911
3.4524	0.40055
3.4546	0.40202
3.4569	0.40346
3.4593	0.40484
3.4616	0.40626
3.4639	0.40765
3.4662	0.40897
3.4685	0.41025
3.4708	0.41154
3.4732	0.41288
3.4755	0.41419
3.4778	0.41549
3.4801	0.41688
3.4825	0.41829
3.4848	0.41958
3.4872	0.42084
3.4895	0.42215
3.4919	0.42346
3.4942	0.42477
3.4966	0.42605
3.4989	0.42733
3.5013	0.42869
3.5037	0.43011
3.506	0.43164
3.5084	0.43326
3.5108	0.43481
3.5132	0.43629
3.5155	0.43785
3.5179	0.43942
3.5203	0.44096
3.5227	0.44246
3.5251	0.44390
3.5275	0.44539
3.5299	0.44693
3.5323	0.44844
3.5347	0.44986
3.5371	0.45128
3.5395	0.45267
3.5419	0.45404
3.5444	0.45540
3.5468	0.45670
3.5492	0.45798
3.5517	0.45938
3.5541	0.46075
3.5565	0.46205
3.559	0.46339
3.5614	0.46467
3.5639	0.46594
3.5663	0.46726
3.5688	0.46853
3.5712	0.46976
3.5737	0.47100
3.5761	0.47227
3.5786	0.47352
3.5811	0.47472
3.5836	0.47591
3.586	0.47712
3.5885	0.47832
3.591	0.47950
3.5935	0.48065
3.596	0.48177
3.5985	0.48296
3.601	0.48416
3.6035	0.48530
3.606	0.48638
3.6085	0.48743
3.611	0.48849
3.6135	0.48959
3.6161	0.49072
3.6186	0.49180
3.6211	0.49279
3.6236	0.49384
3.6262	0.49490
3.6287	0.49598
3.6313	0.49700
3.6338	0.49798
3.6363	0.49900
3.6389	0.50005
3.6414	0.50102
3.644	0.50199
3.6466	0.50296
3.6491	0.50392
3.6517	0.50492
3.6543	0.50589
3.6569	0.50690
3.6594	0.50789
3.662	0.50883
3.6646	0.50979
3.6672	0.51069
3.6698	0.51156
3.6724	0.51247
3.675	0.51342
3.6776	0.51440
3.6802	0.51531
3.6828	0.51619
3.6854	0.51707
3.6881	0.51792
3.6907	0.51877
3.6933	0.51964
3.6959	0.52048
3.6986	0.52133
3.7012	0.52222
3.7039	0.52307
3.7065	0.52397
3.7092	0.52482
3.7118	0.52555
3.7145	0.52634
3.7171	0.52712
3.7198	0.52787
3.7225	0.52866
3.7252	0.52949
3.7278	0.53024
3.7305	0.53095
3.7332	0.53168
3.7359	0.53244
3.7386	0.53314
3.7413	0.53385
3.744	0.53454
3.7467	0.53528
3.7494	0.53602
3.7521	0.53668
3.7548	0.53737
3.7576	0.53815
3.7603	0.53895
3.763	0.53965
3.7657	0.54034
3.7685	0.54102
3.7712	0.54174
3.774	0.54241
3.7767	0.54302
3.7795	0.54367
3.7822	0.54424
3.785	0.54485
3.7877	0.54548
3.7905	0.54607
3.7933	0.54665
3.7961	0.54712
3.7988	0.54756
3.8016	0.54805
3.8044	0.54855
3.8072	0.54904
3.81	0.54949
3.8128	0.54995
3.8156	0.55038
3.8184	0.55079
3.8212	0.55121
3.8241	0.55160
3.8269	0.55197
3.8297	0.55234
3.8325	0.55270
3.8354	0.55302
3.8382	0.55335
3.8411	0.55369
3.8439	0.55401
3.8468	0.55433
3.8496	0.55459
3.8525	0.55488
3.8553	0.55518
3.8582	0.55546
3.8611	0.55576
3.8639	0.55604
3.8668	0.55627
3.8697	0.55653
3.8726	0.55671
3.8755	0.55691
3.8784	0.55715
3.8813	0.55732
3.8842	0.55749
3.8871	0.55770
3.89	0.55792
3.893	0.55807
3.8959	0.55816
3.8988	0.55829
3.9017	0.55840
3.9047	0.55852
3.9076	0.55863
3.9106	0.55873
3.9135	0.55882
3.9165	0.55886
3.9194	0.55884
3.9224	0.55888
3.9254	0.55892
3.9284	0.55896
3.9313	0.55896
3.9343	0.55891
3.9373	0.55888
3.9403	0.55883
3.9433	0.55864
3.9463	0.55848
3.9493	0.55832
3.9523	0.55813
3.9553	0.55792
3.9583	0.55770
3.9614	0.55746
3.9644	0.55721
3.9674	0.55699
3.9705	0.55682
3.9735	0.55666
3.9766	0.55642
3.9796	0.55618
3.9826	0.55595
3.9857	0.55572
3.9888	0.55550
3.9919	0.55525
3.9949	0.55502
3.998	0.55483
4.0011	0.55457
4.0042	0.55422
4.0073	0.55390
4.0104	0.55363
4.0135	0.55334
4.0166	0.55295
4.0197	0.55250
4.0228	0.55205
4.0259	0.55159
4.0291	0.55112
4.0322	0.55061
4.0353	0.55008
4.0385	0.54958
4.0416	0.54900
4.0448	0.54840
4.0479	0.54779
4.0511	0.54715
4.0543	0.54651
4.0574	0.54586
4.0606	0.54512
4.0638	0.54438
4.067	0.54361
4.0702	0.54280
4.0734	0.54197
4.0766	0.54116
4.0798	0.54030
4.083	0.53943
4.0862	0.53852
4.0894	0.53761
4.0927	0.53673
4.0959	0.53573
4.0991	0.53475
4.1024	0.53386
4.1056	0.53289
4.1089	0.53184
4.1121	0.53082
4.1154	0.52981
4.1187	0.52878
4.122	0.52780
4.1252	0.52680
4.1285	0.52573
4.1318	0.52466
4.1351	0.52356
4.1384	0.52248
4.1417	0.52140
4.145	0.52029
4.1483	0.51915
4.1516	0.51800
4.155	0.51682
4.1583	0.51560
4.1616	0.51436
4.165	0.51310
4.1683	0.51186
4.1717	0.51060
4.175	0.50928
4.1784	0.50794
4.1818	0.50663
4.1852	0.50528
4.1885	0.50394
4.1919	0.50257
4.1953	0.50117
4.1987	0.49975
4.2021	0.49830
4.2055	0.49686
4.2089	0.49540
4.2124	0.49385
4.2158	0.49223
4.2192	0.49053
4.2226	0.48885
4.2261	0.48718
4.2295	0.48544
4.233	0.48363
4.2365	0.48181
4.2399	0.47996
4.2434	0.47809
4.2469	0.47617
4.2503	0.47412
4.2538	0.47201
4.2573	0.46984
4.2608	0.46756
4.2643	0.46523
4.2678	0.46285
4.2713	0.46042
4.2749	0.45795
4.2784	0.45539
4.2819	0.45276
4.2855	0.45009
4.289	0.44742
4.2926	0.44474
4.2961	0.44201
4.2997	0.43925
4.3033	0.43643
4.3068	0.43368
4.3104	0.43092
4.314	0.42819
4.3176	0.42552
4.3212	0.42289
4.3248	0.42032
4.3284	0.41782
4.332	0.41534
4.3356	0.41293
4.3393	0.41063
4.3429	0.40845
4.3465	0.40637
4.3502	0.40445
4.3538	0.40262
4.3575	0.40088
4.3611	0.39924
4.3648	0.39773
4.3685	0.39635
4.3722	0.39504
4.3759	0.39379
4.3796	0.39264
4.3833	0.39163
4.387	0.39068
4.3907	0.38979
4.3944	0.38899
4.3981	0.38821
4.4019	0.38752
4.4056	0.38693
4.4094	0.38638
4.4131	0.38586
4.4169	0.38540
4.4206	0.38494
4.4244	0.38449
4.4282	0.38407
4.432	0.38372
4.4358	0.38336
4.4396	0.38304
4.4434	0.38268
4.4472	0.38231
4.451	0.38198
4.4548	0.38163
4.4586	0.38126
4.4625	0.38088
4.4663	0.38042
4.4702	0.37993
4.474	0.37946
4.4779	0.37895
4.4818	0.37835
4.4856	0.37777
4.4895	0.37713
4.4934	0.37638
4.4973	0.37560
4.5012	0.37481
4.5051	0.37392
4.509	0.37298
4.513	0.37202
4.5169	0.37101
4.5209	0.36994
4.5248	0.36880
4.5287	0.36762
4.5327	0.36638
4.5367	0.36508
4.5406	0.36373
4.5446	0.36229
4.5486	0.36086
4.5526	0.35942
4.5566	0.35793
4.5606	0.35638
4.5646	0.35482
4.5686	0.35324
4.5727	0.35163
4.5767	0.35003
4.5808	0.34846
4.5848	0.34685
4.5889	0.34524
4.5929	0.34360
4.597	0.34200
4.6011	0.34041
4.6052	0.33889
4.6093	0.33738
4.6134	0.33592
4.6175	0.33446
4.6216	0.33294
4.6257	0.33151
4.6298	0.33013
4.634	0.32872
4.6381	0.32729
4.6423	0.32586
4.6464	0.32454
4.6506	0.32324
4.6548	0.32192
4.659	0.32057
4.6631	0.31924
4.6673	0.31789
4.6715	0.31657
4.6758	0.31529
4.68	0.31404
4.6842	0.31275
4.6884	0.31144
4.6927	0.31011
4.6969	0.30880
4.7012	0.30750
4.7055	0.30619
4.7097	0.30491
4.714	0.30363
4.7183	0.30231
4.7226	0.30101
4.7269	0.29977
4.7312	0.29858
4.7355	0.29733
4.7399	0.29610
4.7442	0.29487
4.7485	0.29365
4.7529	0.29249
4.7573	0.29130
4.7616	0.29013
4.766	0.28897
4.7704	0.28785
4.7748	0.28674
4.7792	0.28560
4.7836	0.28451
4.788	0.28343
4.7924	0.28235
4.7969	0.28129
4.8013	0.28023
4.8058	0.27918
4.8102	0.27820
4.8147	0.27722
4.8191	0.27623
4.8236	0.27526
4.8281	0.27425
4.8326	0.27326
4.8371	0.27231
4.8416	0.27142
4.8462	0.27056
4.8507	0.26967
4.8553	0.26876
4.8598	0.26788
4.8644	0.26704
4.8689	0.26617
4.8735	0.26529
4.8781	0.26440
4.8827	0.26354
4.8873	0.26266
4.8919	0.26171
4.8965	0.26078
4.9011	0.25987
4.9058	0.25893
4.9104	0.25790
4.9151	0.25690
4.9197	0.25589
4.9244	0.25483
4.9291	0.25378
4.9338	0.25270
4.9385	0.25154
4.9432	0.25032
4.9479	0.24911
4.9526	0.24785
4.9574	0.24663
4.9621	0.24542
4.9669	0.24419
4.9716	0.24287
4.9764	0.24146
4.9812	0.24013
4.986	0.23884
4.9908	0.23749
4.9956	0.23614
5.0004	0.23472
5.0052	0.23333
5.01	0.23194
5.0149	0.23051
5.0198	0.22908
5.0246	0.22770
5.0295	0.22632
5.0344	0.22490
5.0393	0.22345
5.0442	0.22206
5.0491	0.22061
5.054	0.21914
5.0589	0.21773
5.0639	0.21628
5.0688	0.21481
5.0738	0.21337
5.0788	0.21191
5.0837	0.21040
5.0887	0.20884
5.0937	0.20724
5.0987	0.20565
5.1037	0.20404
5.1088	0.20237
5.1138	0.20073
5.1189	0.19906
5.1239	0.19738
5.129	0.19566
5.1341	0.19393
5.1391	0.19226
5.1443	0.19058
5.1494	0.18887
5.1545	0.18718
5.1596	0.18550
5.1647	0.18390
5.1699	0.18232
5.175	0.18077
5.1802	0.17921
5.1854	0.17769
5.1906	0.17619
5.1958	0.17468
5.201	0.17320
5.2062	0.17174
5.2115	0.17026
5.2167	0.16885
5.222	0.16746
5.2272	0.16607
5.2325	0.16473
5.2378	0.16339
5.2431	0.16208
5.2484	0.16078
5.2537	0.15948
5.259	0.15821
5.2644	0.15699
5.2697	0.15582
5.2751	0.15466
5.2805	0.15352
5.2858	0.15234
5.2912	0.15118
5.2966	0.15007
5.302	0.14898
5.3075	0.14784
5.3129	0.14673
5.3184	0.14567
5.3238	0.14460
5.3293	0.14349
5.3348	0.14240
5.3403	0.14124
5.3458	0.14009
5.3513	0.13894
5.3568	0.13779
5.3624	0.13667
5.3679	0.13550
5.3735	0.13433
5.379	0.13320
5.3846	0.13207
5.3902	0.13090
5.3958	0.12977
5.4015	0.12863
5.4071	0.12751
5.4127	0.12646
5.4184	0.12548
5.4241	0.12455
5.4297	0.12365
5.4354	0.12278
5.4411	0.12191
5.4469	0.12109
5.4526	0.12031
5.4583	0.11963
5.4641	0.11904
5.4698	0.11848
5.4756	0.11794
5.4814	0.11751
5.4872	0.11710
5.493	0.11670
5.4988	0.11638
5.5047	0.11607
5.5105	0.11577
5.5164	0.11549
5.5223	0.11518
5.5281	0.11492
5.534	0.11462
5.54	0.11425
5.5459	0.11391
5.5518	0.11357
5.5578	0.11315
5.5637	0.11271
5.5697	0.11224
5.5757	0.11171
5.5817	0.11123
5.5877	0.11075
5.5937	0.11020
5.5998	0.10960
5.6058	0.10901
5.6119	0.10842
5.618	0.10780
5.6241	0.10720
5.6302	0.10661
5.6363	0.10603
5.6424	0.10536
5.6486	0.10470
5.6547	0.10410
5.6609	0.10352
5.6671	0.10295
5.6733	0.10235
5.6795	0.10168
5.6857	0.10097
5.692	0.10033
5.6982	0.09970
5.7045	0.09901
5.7108	0.09834
5.7171	0.09765
5.7234	0.09689
5.7297	0.09615
5.7361	0.09547
5.7424	0.09473
5.7488	0.09394
5.7551	0.09314
5.7615	0.09232
5.768	0.09141
5.7744	0.09050
5.7808	0.08966
5.7873	0.08880
5.7937	0.08784
5.8002	0.08686
5.8067	0.08588
5.8132	0.08485
5.8197	0.08374
5.8263	0.08265
5.8328	0.08158
5.8394	0.08052
5.846	0.07937
5.8526	0.07814
5.8592	0.07689
5.8658	0.07561
5.8725	0.07423
5.8791	0.07282
5.8858	0.07135
5.8925	0.06977
5.8992	0.06810
5.9059	0.06641
5.9126	0.06469
5.9194	0.06298
5.9262	0.06132
5.9329	0.05978
5.9397	0.05851
5.9465	0.05755
5.9534	0.05680
5.9602	0.05634
5.9671	0.05608
5.974	0.05593
5.9808	0.05586
5.9878	0.05577
5.9947	0.05559
6.0016	0.05540
6.0086	0.05518
6.0155	0.05504
6.0225	0.05499
6.0295	0.05500
6.0365	0.05501
6.0436	0.05497
6.0506	0.05493
6.0577	0.05486
6.0648	0.05478
6.0719	0.05470
6.079	0.05471
6.0861	0.05486
6.0933	0.05505
6.1005	0.05519
6.1076	0.05534
6.1149	0.05552
6.1221	0.05564
6.1293	0.05572
6.1365	0.05582
6.1438	0.05585
6.1511	0.05585
6.1584	0.05586
6.1657	0.05581
6.1731	0.05571
6.1804	0.05554
6.1878	0.05539
6.1952	0.05526
6.2026	0.05513
6.21	0.05502
6.2175	0.05493
6.225	0.05484
6.2324	0.05485
6.2399	0.05497
6.2475	0.05510
6.255	0.05522
6.2625	0.05540
6.2701	0.05571
6.2777	0.05601
6.2853	0.05627
6.293	0.05660
6.3006	0.05696
6.3083	0.05729
6.3159	0.05759
6.3236	0.05790
6.3314	0.05823
6.3391	0.05858
6.3469	0.05893
6.3546	0.05920
6.3624	0.05946
6.3703	0.05971
6.3781	0.05992
6.3859	0.06018
6.3938	0.06037
6.4017	0.06050
6.4096	0.06060
6.4175	0.06068
6.4255	0.06082
6.4335	0.06090
6.4415	0.06094
6.4495	0.06096
6.4575	0.06101
6.4656	0.06102
6.4736	0.06096
6.4817	0.06089
6.4898	0.06082
6.498	0.06080
6.5061	0.06078
6.5143	0.06073
6.5225	0.06066
6.5307	0.06059
6.5389	0.06049
6.5472	0.06033
6.5555	0.06016
6.5638	0.06001
6.5721	0.05986
6.5804	0.05969
6.5888	0.05956
6.5972	0.05942
6.6056	0.05925
6.614	0.05910
6.6225	0.05892
6.6309	0.05872
6.6394	0.05858
6.6479	0.05851
6.6565	0.05845
6.665	0.05839
6.6736	0.05831
6.6822	0.05820
6.6908	0.05815
6.6995	0.05808
6.7081	0.05802
6.7168	0.05796
6.7255	0.05789
6.7343	0.05781
6.743	0.05774
6.7518	0.05763
6.7606	0.05752
6.7694	0.05741
6.7783	0.05730
6.7871	0.05714
6.796	0.05701
6.805	0.05687
6.8139	0.05670
6.8229	0.05653
6.8319	0.05640
6.8409	0.05628
6.8499	0.05612
6.859	0.05593
6.868	0.05580
6.8772	0.05559
6.8863	0.05542
6.8955	0.05526
6.9046	0.05506
6.9138	0.05483
6.9231	0.05459
6.9323	0.05434
6.9416	0.05410
6.9509	0.05386
6.9602	0.05354
6.9696	0.05320
6.979	0.05281
6.9884	0.05244
6.9978	0.05204
7.0073	0.05163
7.0168	0.05122
7.0263	0.05081
7.0358	0.05040
7.0454	0.05005
7.0549	0.04965
7.0645	0.04920
7.0742	0.04873
7.0839	0.04826
7.0935	0.04778
7.1033	0.04735
7.113	0.04692
7.1228	0.04643
7.1326	0.04593
7.1424	0.04550
7.1522	0.04507
7.1621	0.04458
7.172	0.04402
7.182	0.04347
7.1919	0.04295
7.2019	0.04245
7.2119	0.04196
7.222	0.04141
7.232	0.04080
7.2421	0.04022
7.2523	0.03964
7.2624	0.03905
7.2726	0.03851
7.2828	0.03798
7.2931	0.03739
7.3033	0.03675
7.3136	0.03612
7.324	0.03551
7.3343	0.03496
7.3447	0.03435
7.3551	0.03372
7.3656	0.03315
7.3761	0.03250
7.3866	0.03186
7.3971	0.03125
7.4077	0.03064
7.4183	0.03004
7.4289	0.02940
7.4396	0.02875
7.4503	0.02814
7.461	0.02754
7.4717	0.02690
7.4825	0.02624
7.4933	0.02564
7.5042	0.02506
7.515	0.02450
7.5259	0.02384
7.5369	0.02316
7.5479	0.02255
7.5589	0.02197
7.5699	0.02132
7.581	0.02076
7.592	0.02019
7.6032	0.01956
7.6144	0.01892
7.6255	0.01830
7.6368	0.01767
7.648	0.01705
7.6593	0.01643
7.6707	0.01582
7.682	0.01520
7.6934	0.01454
7.7049	0.01390
7.7163	0.01331
7.7278	0.01279
7.7394	0.01222
7.7509	0.01160
7.7625	0.01105
7.7742	0.01055
7.7858	0.01002
7.7975	0.00952
7.8093	0.00902
7.8211	0.00856
7.8329	0.00806
7.8447	0.00761
7.8566	0.00718
7.8685	0.00678
7.8805	0.00643
7.8925	0.00609
7.9045	0.00580
7.9166	0.00557
7.9287	0.00524
7.9408	0.00499
7.953	0.00485
7.9652	0.00468
7.9775	0.00458
7.9898	0.00459
8.0021	0.00467
8.0145	0.00486
8.0269	0.00510
8.0393	0.00551
8.0518	0.00615
8.0643	0.00688
8.0769	0.00777
8.0895	0.00894
8.1021	0.01037
8.1148	0.01211
8.1275	0.01415
8.1403	0.01647
8.1531	0.01914
8.1659	0.02218
8.1788	0.02558
8.1917	0.02934
8.2047	0.03337
8.2177	0.03759
8.2307	0.04200
8.2438	0.04645
8.257	0.05073
8.2701	0.05481
8.2833	0.05860
8.2966	0.06191
8.3099	0.06469
8.3232	0.06703
8.3366	0.06900
8.35	0.07064
8.3635	0.07204
8.377	0.07327
8.3905	0.07435
8.4042	0.07530
8.4178	0.07629
8.4315	0.07734
8.4452	0.07825
8.459	0.07913
8.4728	0.07992
8.4867	0.08061
8.5006	0.08136
8.5145	0.08213
8.5285	0.08301
8.5426	0.08385
8.5567	0.08461
8.5708	0.08534
8.585	0.08615
8.5993	0.08692
8.6135	0.08767
8.6279	0.08839
8.6423	0.08909
8.6567	0.08977
8.6712	0.09039
8.6857	0.09088
8.7003	0.09137
8.7149	0.09184
8.7295	0.09227
8.7443	0.09274
8.759	0.09317
8.7739	0.09358
8.7887	0.09397
8.8037	0.09436
8.8186	0.09464
8.8337	0.09487
8.8487	0.09505
8.8638	0.09512
8.879	0.09511
8.8943	0.09495
8.9095	0.09456
8.9249	0.09393
8.9403	0.09318
8.9557	0.09232
8.9712	0.09134
8.9868	0.09027
9.0023	0.08905
9.018	0.08776
9.0337	0.08653
9.0495	0.08518
9.0653	0.08367
9.0812	0.08215
9.0971	0.08063
9.1131	0.07915
9.1291	0.07767
9.1452	0.07624
9.1614	0.07499
9.1776	0.07392
9.1939	0.07300
9.2102	0.07235
9.2266	0.07204
9.243	0.07201
9.2595	0.07207
9.2761	0.07224
9.2927	0.07266
9.3094	0.07321
9.3262	0.07386
9.343	0.07464
9.3598	0.07540
9.3768	0.07613
9.3938	0.07687
9.4108	0.07765
9.4279	0.07848
9.4451	0.07939
9.4623	0.08041
9.4796	0.08149
9.497	0.08267
9.5144	0.08399
9.5319	0.08541
9.5494	0.08689
9.567	0.08850
9.5847	0.09023
9.6025	0.09195
9.6203	0.09380
9.6382	0.09570
9.6561	0.09745
9.6742	0.09923
9.6922	0.10091
9.7104	0.10237
9.7286	0.10374
9.7469	0.10494
9.7652	0.10599
9.7837	0.10693
9.8022	0.10775
9.8207	0.10859
9.8394	0.10936
9.8581	0.11006
9.8768	0.11060
9.8957	0.11108
9.9146	0.11151
9.9336	0.11186
9.9527	0.11221
9.9718	0.11246
9.991	0.11270
10.0103	0.11289
10.0297	0.11281
10.0491	0.11264
10.0686	0.11243
10.0882	0.11216
10.1079	0.11180
10.1276	0.11136
10.1475	0.11099
10.1673	0.11065
10.1873	0.11034
10.2074	0.11011
10.2275	0.11016
10.2477	0.11059
10.268	0.11136
10.2884	0.11239
10.3088	0.11371
10.3294	0.11509
10.35	0.11644
10.3707	0.11781
10.3915	0.11915
10.4123	0.12034
10.4333	0.12143
10.4543	0.12230
10.4754	0.12305
10.4967	0.12372
10.5179	0.12423
10.5393	0.12464
10.5608	0.12502
10.5823	0.12538
10.604	0.12571
10.6257	0.12586
10.6475	0.12588
10.6694	0.12578
10.6914	0.12558
10.7135	0.12530
10.7357	0.12489
10.758	0.12439
10.7803	0.12378
10.8028	0.12299
10.8254	0.12191
10.848	0.12064
10.8708	0.11916
10.8936	0.11755
10.9165	0.11575
10.9395	0.11379
10.9627	0.11167
10.9859	0.10960
11.0092	0.10742
11.0327	0.10524
11.0562	0.10326
11.0798	0.10134
11.1035	0.09929
11.1274	0.09722
11.1513	0.09512
11.1753	0.09299
11.1995	0.09080
11.2237	0.08842
11.248	0.08607
11.2725	0.08377
11.2971	0.08156
11.3217	0.07952
11.3465	0.07750
11.3714	0.07550
11.3964	0.07376
11.4215	0.07229
11.4467	0.07078
11.472	0.06932
11.4975	0.06793
11.523	0.06670
11.5487	0.06561
11.5744	0.06458
11.6003	0.06361
11.6263	0.06257
11.6525	0.06169
11.6787	0.06085
11.7051	0.06008
11.7316	0.05947
11.7582	0.05873
11.7849	0.05803
11.8117	0.05743
11.8387	0.05682
11.8658	0.05627
11.893	0.05575
11.9203	0.05515
11.9478	0.05458
11.9754	0.05406
12.0031	0.05347
12.031	0.05291
12.059	0.05243
12.0871	0.05191
12.1153	0.05137
12.1437	0.05083
12.1722	0.05020
12.2008	0.04934
12.2296	0.04832
12.2585	0.04723
12.2876	0.04611
12.3168	0.04488
12.3461	0.04381
12.3755	0.04268
12.4052	0.04137
12.4349	0.04013
12.4648	0.03904
12.4948	0.03809
12.525	0.03727
12.5553	0.03641
12.5858	0.03557
12.6164	0.03496
12.6472	0.03447
12.6781	0.03408
12.7092	0.03383
12.7404	0.03384
12.7718	0.03405
12.8033	0.03430
12.835	0.03461
12.8669	0.03489
12.8989	0.03520
12.9311	0.03568
12.9634	0.03596
12.9959	0.03597
13.0285	0.03608
13.0613	0.03643
13.0943	0.03679
13.1275	0.03711
13.1608	0.03750
13.1943	0.03787
13.228	0.03813
13.2618	0.03835
13.2958	0.03855
13.33	0.03856
13.3643	0.03836
13.3988	0.03825
13.4336	0.03817
13.4685	0.03804
13.5035	0.03795
13.5388	0.03776
13.5742	0.03773
13.6099	0.03781
13.6457	0.03796
13.6817	0.03825
13.7179	0.03838
13.7543	0.03820
13.7908	0.03788
13.8276	0.03745
13.8646	0.03706
13.9018	0.03640
13.9392	0.03558
13.9767	0.03483
14.0145	0.03418
14.0525	0.03366
14.0907	0.03318
14.129	0.03269
14.1676	0.03232
14.2065	0.03206
14.2455	0.03183
14.2847	0.03171
14.3242	0.03164
14.3639	0.03135
14.4038	0.03104
14.4439	0.03081
14.4843	0.03093
14.5248	0.03122
14.5656	0.03149
14.6067	0.03178
14.6479	0.03194
14.6894	0.03200
14.7312	0.03212
14.7731	0.03207
14.8153	0.03201
14.8578	0.03201
14.9005	0.03218
14.9434	0.03249
14.9866	0.03266
15.03	0.03290
15.0737	0.03306
15.1177	0.03343
15.1619	0.03422
15.2063	0.03559
15.2511	0.03802
15.2961	0.04135
15.3413	0.04549
15.3868	0.05044
15.4326	0.05556
15.4787	0.06025
15.525	0.06473
15.5717	0.06850
15.6186	0.07177
15.6658	0.07466
15.7132	0.07709
15.761	0.07905
15.809	0.08067
15.8574	0.08178
15.906	0.08264
15.955	0.08331
16.0042	0.08332
16.0538	0.08257
16.1036	0.08125
16.1538	0.07989
16.2043	0.07902
16.2551	0.07905
16.3062	0.07998
16.3576	0.08157
16.4094	0.08360
16.4615	0.08586
16.5139	0.08793
16.5667	0.08967
16.6198	0.09127
16.6732	0.09268
16.727	0.09388
16.7811	0.09499
16.8356	0.09555
16.8905	0.09545
16.9457	0.09517
17.0012	0.09440
17.0572	0.09293
17.1134	0.09097
17.1701	0.08900
17.2272	0.08751
17.2846	0.08689
17.3424	0.08707
17.4006	0.08707
17.4592	0.08664
17.5182	0.08593
17.5775	0.08452
17.6373	0.08247
17.6975	0.07978
17.7581	0.07701
17.8192	0.07418
17.8806	0.07199
17.9425	0.07077
18.0048	0.07085
18.0675	0.07205
18.1307	0.07451
18.1943	0.07839
18.2584	0.08317
18.3229	0.08838
18.3879	0.09283
18.4533	0.09588
18.5192	0.09692
18.5856	0.09532
18.6524	0.09161
18.7198	0.08711
18.7876	0.08264
18.8559	0.07859
18.9247	0.07503
18.9941	0.07190
19.0639	0.06964
19.1342	0.06770
19.2051	0.06632
19.2765	0.06499
19.3484	0.06328
19.4209	0.06217
19.4939	0.06115
19.5675	0.05957
19.6416	0.05765
19.7163	0.05574
19.7915	0.05394
19.8673	0.05259
19.9438	0.05156
20.0208	0.04993
20.0984	0.04807
20.1766	0.04664
20.2554	0.04593
20.3348	0.04554
20.4149	0.04555
20.4956	0.04661
20.5769	0.04863
20.6589	0.05117
20.7415	0.05267
20.8248	0.05309
20.9088	0.05331
20.9934	0.05354
21.0788	0.05374
21.1648	0.05457
21.2516	0.05615
21.339	0.05689
21.4272	0.05733
21.5161	0.05752
21.6058	0.05691
21.6962	0.05585
21.7873	0.05400
21.8793	0.05232
21.972	0.05036
22.0654	0.04915
22.1597	0.04845
22.2548	0.04925
22.3508	0.05026
22.4475	0.05245
22.5451	0.05603
22.6436	0.06006
22.7429	0.06465
22.8431	0.07027
22.9442	0.07521
23.0461	0.07930
23.149	0.08271
23.2528	0.08564
23.3576	0.08781
23.4633	0.08986
23.5699	0.09100
23.6775	0.09237
23.7861	0.09316
23.8958	0.09299
24.0064	0.09261
24.118	0.09257
24.2307	0.09173
24.3445	0.09239
24.4593	0.09309
24.5753	0.09381
24.6923	0.09470
24.8104	0.09596
24.9297	0.09692
25.0501	0.09835
25.1717	0.10046
25.2945	0.10290
25.4185	0.10478
25.5437	0.10673
25.6702	0.10817
25.7979	0.10915
25.9269	0.10910
26.0572	0.10946
26.1888	0.11010
26.3217	0.10985
26.456	0.10938
26.5917	0.10969
26.7288	0.10931
26.8672	0.10791
27.0072	0.10634
27.1486	0.10541
27.2915	0.10450
27.4359	0.10363
27.5818	0.10174
27.7293	0.10009
27.8784	0.09812
28.0291	0.09646
28.1814	0.09519
28.3354	0.09550
28.4911	0.09503
28.6485	0.09399
28.8077	0.09289
28.9686	0.09182
29.1313	0.09010
29.2959	0.08827
29.4624	0.08695
29.6307	0.08546
29.801	0.08340
29.9733	0.08186
30.1475	0.08029
30.3238	0.07940
30.5022	0.07878
30.6827	0.07884
30.8653	0.07895
31.0502	0.07842
31.2372	0.07823
31.4265	0.07950
31.6182	0.07961
31.8121	0.07984
32.0085	0.08080
32.2073	0.08230
32.4086	0.08333
32.6124	0.08434
32.8188	0.08472
33.0279	0.08329
33.2396	0.08096
33.4541	0.08042
33.6713	0.07862
33.8914	0.07656
34.1143	0.07507
34.3403	0.07458
34.5692	0.07327
34.8012	0.07137
35.0363	0.06936
35.2747	0.06966
35.5163	0.07019
35.7612	0.07113
36.0096	0.07080
36.2614	0.06846
36.5167	0.06595
36.7757	0.06453
37.0384	0.06425
37.3049	0.06341
37.5752	0.06192
37.8495	0.06036
38.1278	0.05979
38.4102	0.05938
38.6968	0.05738
38.9878	0.05785
39.2832	0.05874
39.583	0.05899
39.8875	0.06087
40.1967	0.06601
40.5108	0.07008
40.8298	0.07190
41.1538	0.07419
41.483	0.07592
41.8176	0.07786
42.1575	0.08069
42.5031	0.08281
42.8544	0.08695
43.2115	0.08751
43.5746	0.08859
43.9439	0.08999
44.3195	0.08958
44.7015	0.08963
45.0902	0.08917
45.4858	0.08539
45.8883	0.08306
46.298	0.08354
46.7151	0.08528
47.1398	0.08669
47.5723	0.08947
48.0128	0.09264
48.4615	0.09324
48.9187	0.09206
49.3846	0.09332
49.8594	0.09096
