Brown University Keck/NASA Relab Spectrum JB-JLB-956/BKR1JB956
Wavelength(micron)	Reflectance
0.28	0.29954
0.285	0.24278
0.29	0.22487
0.295	0.22553
0.3	0.23038
0.305	0.23812
0.31	0.25161
0.315	0.26762
0.32	0.28778
0.325	0.31103
0.33	0.33570
0.335	0.36246
0.34	0.39250
0.345	0.42026
0.35	0.44419
0.355	0.47041
0.36	0.49050
0.365	0.51085
0.37	0.52466
0.375	0.53844
0.38	0.54882
0.385	0.55607
0.39	0.56855
0.395	0.57706
0.4	0.58547
0.405	0.59767
0.41	0.60814
0.415	0.61668
0.42	0.62169
0.425	0.62529
0.43	0.62877
0.435	0.63350
0.44	0.63845
0.445	0.64029
0.45	0.64168
0.455	0.64544
0.46	0.65160
0.465	0.65912
0.47	0.66414
0.475	0.67290
0.48	0.67993
0.485	0.68144
0.49	0.68347
0.495	0.68707
0.5	0.70201
0.505	0.70563
0.51	0.71757
0.515	0.72542
0.52	0.72890
0.525	0.73534
0.53	0.73978
0.535	0.74616
0.54	0.75141
0.545	0.75642
0.55	0.76058
0.555	0.76386
0.56	0.76615
0.565	0.76674
0.57	0.76611
0.575	0.76557
0.58	0.76351
0.585	0.76185
0.59	0.76010
0.595	0.75894
0.6	0.75545
0.605	0.75207
0.61	0.74894
0.615	0.74524
0.62	0.74052
0.625	0.73701
0.63	0.73526
0.635	0.73328
0.64	0.73655
0.645	0.73499
0.65	0.73605
0.655	0.73760
0.66	0.73996
0.665	0.73979
0.67	0.73889
0.675	0.73909
0.68	0.73820
0.685	0.73659
0.69	0.73289
0.695	0.72988
0.7	0.72662
0.705	0.72241
0.71	0.71785
0.715	0.71260
0.72	0.70781
0.725	0.70153
0.73	0.69598
0.735	0.69018
0.74	0.68423
0.745	0.67696
0.75	0.66985
0.755	0.66154
0.76	0.65546
0.765	0.64702
0.77	0.63979
0.775	0.63233
0.78	0.62515
0.785	0.61889
0.79	0.61186
0.795	0.60543
0.8	0.59834
0.805	0.59366
0.81	0.58814
0.815	0.58331
0.82	0.57774
0.825	0.57187
0.83	0.56796
0.835	0.56422
0.84	0.55967
0.845	0.55607
0.85	0.55213
0.855	0.54772
0.86	0.54399
0.865	0.54098
0.87	0.53721
0.875	0.53472
0.88	0.53070
0.885	0.52922
0.89	0.52694
0.895	0.52292
0.9	0.51982
0.905	0.51642
0.91	0.51349
0.915	0.50980
0.92	0.50432
0.925	0.50267
0.93	0.49643
0.935	0.49294
0.94	0.48769
0.945	0.48145
0.95	0.47683
0.955	0.47065
0.96	0.46438
0.965	0.45929
0.97	0.45320
0.975	0.44904
0.98	0.44285
0.985	0.43722
0.99	0.43288
0.995	0.42723
1	0.42282
1.005	0.41923
1.01	0.41572
1.015	0.41202
1.02	0.40890
1.025	0.40684
1.03	0.40412
1.035	0.40290
1.04	0.40192
1.045	0.40004
1.05	0.39958
1.055	0.39963
1.06	0.40092
1.065	0.40087
1.07	0.40255
1.075	0.40574
1.08	0.40704
1.085	0.40989
1.09	0.41290
1.095	0.41514
1.1	0.41864
1.105	0.42210
1.11	0.42611
1.115	0.42971
1.12	0.43303
1.125	0.43620
1.13	0.43859
1.135	0.44397
1.14	0.44517
1.145	0.44909
1.15	0.45148
1.155	0.45427
1.16	0.45689
1.165	0.45909
1.17	0.46122
1.175	0.46387
1.18	0.46600
1.185	0.46716
1.19	0.46953
1.195	0.47135
1.2	0.47271
1.205	0.47497
1.21	0.47621
1.215	0.47782
1.22	0.47934
1.225	0.48204
1.23	0.48285
1.235	0.48517
1.24	0.48797
1.245	0.48960
1.25	0.49128
1.255	0.49434
1.26	0.49526
1.265	0.49707
1.27	0.50102
1.275	0.50262
1.28	0.50510
1.285	0.50853
1.29	0.51189
1.295	0.51456
1.3	0.51831
1.305	0.52156
1.31	0.52501
1.315	0.52867
1.32	0.53208
1.325	0.53560
1.33	0.54040
1.335	0.54419
1.34	0.54715
1.345	0.55220
1.35	0.55743
1.355	0.56020
1.36	0.56710
1.365	0.56888
1.37	0.57300
1.375	0.57889
1.38	0.58644
1.385	0.58699
1.39	0.59167
1.395	0.59920
1.4	0.60209
1.405	0.60739
1.41	0.61078
1.415	0.61651
1.42	0.62075
1.425	0.62643
1.43	0.63213
1.435	0.63817
1.44	0.64336
1.445	0.64828
1.45	0.65331
1.455	0.65858
1.46	0.66393
1.465	0.66915
1.47	0.67381
1.475	0.67856
1.48	0.68325
1.485	0.68844
1.49	0.69360
1.495	0.69848
1.5	0.70347
1.505	0.70753
1.51	0.71094
1.515	0.71731
1.52	0.72105
1.525	0.72603
1.53	0.73040
1.535	0.73368
1.54	0.73771
1.545	0.74236
1.55	0.74571
1.555	0.74928
1.56	0.75289
1.565	0.75581
1.57	0.75971
1.575	0.76284
1.58	0.76671
1.585	0.76957
1.59	0.77200
1.595	0.77414
1.6	0.77748
1.605	0.77901
1.61	0.78229
1.615	0.78465
1.62	0.78686
1.625	0.78793
1.63	0.78995
1.635	0.79140
1.64	0.79320
1.645	0.79383
1.65	0.79726
1.655	0.79813
1.66	0.79909
1.665	0.80013
1.67	0.80195
1.675	0.80186
1.68	0.80339
1.685	0.80497
1.69	0.80442
1.695	0.80638
1.7	0.80714
1.705	0.80625
1.71	0.80623
1.715	0.80769
1.72	0.80835
1.725	0.80800
1.73	0.80894
1.735	0.80871
1.74	0.81024
1.745	0.81120
1.75	0.81205
1.755	0.81163
1.76	0.81275
1.7607	0.81268
1.7613	0.81271
1.7619	0.81278
1.7625	0.81280
1.7631	0.81273
1.7637	0.81279
1.7643	0.81281
1.7649	0.81277
1.7655	0.81282
1.7661	0.81286
1.7667	0.81283
1.7673	0.81281
1.7679	0.81283
1.7685	0.81291
1.7691	0.81294
1.7697	0.81295
1.7703	0.81297
1.7709	0.81301
1.7715	0.81298
1.7721	0.81292
1.7727	0.81296
1.7733	0.81305
1.7739	0.81301
1.7746	0.81296
1.7752	0.81298
1.7758	0.81299
1.7764	0.81301
1.777	0.81297
1.7776	0.81291
1.7782	0.81302
1.7788	0.81313
1.7794	0.81316
1.78	0.81314
1.7807	0.81314
1.7813	0.81314
1.7819	0.81315
1.7825	0.81310
1.7831	0.81309
1.7837	0.81312
1.7843	0.81316
1.7849	0.81312
1.7856	0.81313
1.7862	0.81309
1.7868	0.81312
1.7874	0.81315
1.788	0.81311
1.7886	0.81312
1.7893	0.81309
1.7899	0.81301
1.7905	0.81306
1.7911	0.81308
1.7917	0.81311
1.7923	0.81311
1.793	0.81315
1.7936	0.81319
1.7942	0.81315
1.7948	0.81311
1.7954	0.81308
1.7961	0.81302
1.7967	0.81302
1.7973	0.81306
1.7979	0.81305
1.7986	0.81306
1.7992	0.81308
1.7998	0.81302
1.8004	0.81299
1.8011	0.81301
1.8017	0.81302
1.8023	0.81294
1.8029	0.81292
1.8036	0.81294
1.8042	0.81297
1.8048	0.81282
1.8054	0.81282
1.8061	0.81291
1.8067	0.81292
1.8073	0.81282
1.808	0.81282
1.8086	0.81279
1.8092	0.81270
1.8099	0.81269
1.8105	0.81274
1.8111	0.81276
1.8118	0.81272
1.8124	0.81262
1.813	0.81258
1.8137	0.81255
1.8143	0.81249
1.8149	0.81256
1.8156	0.81265
1.8162	0.81257
1.8168	0.81244
1.8175	0.81238
1.8181	0.81241
1.8188	0.81248
1.8194	0.81245
1.82	0.81247
1.8207	0.81248
1.8213	0.81234
1.8219	0.81230
1.8226	0.81227
1.8232	0.81227
1.8239	0.81224
1.8245	0.81221
1.8252	0.81219
1.8258	0.81225
1.8264	0.81225
1.8271	0.81210
1.8277	0.81206
1.8284	0.81213
1.829	0.81210
1.8297	0.81201
1.8303	0.81201
1.8309	0.81203
1.8316	0.81198
1.8323	0.81191
1.8329	0.81189
1.8335	0.81189
1.8342	0.81180
1.8348	0.81178
1.8355	0.81183
1.8361	0.81189
1.8368	0.81182
1.8374	0.81177
1.8381	0.81168
1.8388	0.81143
1.8394	0.81150
1.8401	0.81162
1.8407	0.81141
1.8414	0.81145
1.842	0.81150
1.8427	0.81130
1.8433	0.81118
1.844	0.81123
1.8446	0.81116
1.8453	0.81100
1.8459	0.81099
1.8466	0.81117
1.8473	0.81134
1.8479	0.81127
1.8486	0.81121
1.8492	0.81106
1.8499	0.81106
1.8506	0.81112
1.8512	0.81117
1.8519	0.81124
1.8525	0.81131
1.8532	0.81146
1.8539	0.81171
1.8545	0.81178
1.8552	0.81179
1.8559	0.81191
1.8565	0.81209
1.8572	0.81225
1.8578	0.81241
1.8585	0.81256
1.8592	0.81281
1.8598	0.81321
1.8605	0.81334
1.8612	0.81345
1.8619	0.81364
1.8625	0.81385
1.8632	0.81393
1.8639	0.81412
1.8645	0.81433
1.8652	0.81443
1.8659	0.81445
1.8666	0.81454
1.8672	0.81476
1.8679	0.81500
1.8686	0.81501
1.8692	0.81504
1.8699	0.81508
1.8706	0.81528
1.8713	0.81538
1.8719	0.81519
1.8726	0.81530
1.8733	0.81541
1.874	0.81527
1.8747	0.81526
1.8753	0.81536
1.876	0.81534
1.8767	0.81542
1.8774	0.81542
1.878	0.81529
1.8787	0.81527
1.8794	0.81522
1.8801	0.81522
1.8808	0.81520
1.8814	0.81520
1.8821	0.81521
1.8828	0.81518
1.8835	0.81519
1.8842	0.81527
1.8849	0.81516
1.8856	0.81505
1.8862	0.81497
1.8869	0.81498
1.8876	0.81494
1.8883	0.81491
1.889	0.81489
1.8897	0.81489
1.8904	0.81485
1.8911	0.81478
1.8918	0.81478
1.8924	0.81469
1.8931	0.81457
1.8938	0.81445
1.8945	0.81433
1.8952	0.81435
1.8959	0.81428
1.8966	0.81420
1.8973	0.81415
1.898	0.81410
1.8987	0.81405
1.8994	0.81405
1.9001	0.81392
1.9008	0.81379
1.9015	0.81367
1.9022	0.81357
1.9029	0.81362
1.9036	0.81358
1.9043	0.81350
1.9049	0.81355
1.9057	0.81347
1.9063	0.81333
1.9071	0.81327
1.9078	0.81309
1.9085	0.81304
1.9092	0.81308
1.9099	0.81302
1.9106	0.81296
1.9113	0.81290
1.912	0.81285
1.9127	0.81286
1.9134	0.81295
1.9141	0.81286
1.9148	0.81272
1.9155	0.81270
1.9162	0.81272
1.9169	0.81265
1.9176	0.81261
1.9183	0.81264
1.9191	0.81271
1.9198	0.81273
1.9205	0.81277
1.9212	0.81260
1.9219	0.81250
1.9226	0.81255
1.9233	0.81255
1.924	0.81256
1.9248	0.81256
1.9255	0.81246
1.9262	0.81243
1.9269	0.81241
1.9276	0.81245
1.9283	0.81249
1.9291	0.81243
1.9298	0.81235
1.9305	0.81232
1.9312	0.81232
1.9319	0.81238
1.9327	0.81242
1.9334	0.81243
1.9341	0.81243
1.9348	0.81240
1.9355	0.81236
1.9363	0.81241
1.937	0.81237
1.9377	0.81232
1.9384	0.81232
1.9392	0.81237
1.9399	0.81235
1.9406	0.81236
1.9413	0.81240
1.9421	0.81238
1.9428	0.81239
1.9435	0.81242
1.9442	0.81242
1.945	0.81250
1.9457	0.81254
1.9464	0.81253
1.9472	0.81251
1.9479	0.81253
1.9486	0.81252
1.9494	0.81252
1.9501	0.81254
1.9508	0.81258
1.9516	0.81256
1.9523	0.81259
1.953	0.81262
1.9538	0.81269
1.9545	0.81272
1.9552	0.81267
1.956	0.81263
1.9567	0.81270
1.9574	0.81268
1.9582	0.81262
1.9589	0.81264
1.9597	0.81268
1.9604	0.81267
1.9612	0.81266
1.9619	0.81264
1.9626	0.81261
1.9634	0.81254
1.9641	0.81252
1.9649	0.81250
1.9656	0.81247
1.9664	0.81243
1.9671	0.81246
1.9678	0.81252
1.9686	0.81254
1.9693	0.81247
1.9701	0.81245
1.9708	0.81253
1.9716	0.81254
1.9723	0.81255
1.9731	0.81265
1.9738	0.81272
1.9746	0.81281
1.9753	0.81290
1.9761	0.81301
1.9769	0.81304
1.9776	0.81309
1.9784	0.81330
1.9791	0.81348
1.9799	0.81361
1.9806	0.81374
1.9814	0.81385
1.9822	0.81406
1.9829	0.81428
1.9837	0.81451
1.9844	0.81466
1.9852	0.81487
1.9859	0.81511
1.9867	0.81536
1.9875	0.81563
1.9882	0.81586
1.989	0.81604
1.9898	0.81635
1.9905	0.81657
1.9913	0.81665
1.9921	0.81676
1.9928	0.81700
1.9936	0.81723
1.9943	0.81741
1.9951	0.81755
1.9959	0.81773
1.9967	0.81789
1.9974	0.81801
1.9982	0.81810
1.999	0.81821
1.9997	0.81826
2.0005	0.81836
2.0013	0.81846
2.0021	0.81849
2.0028	0.81856
2.0036	0.81874
2.0044	0.81888
2.0052	0.81895
2.0059	0.81897
2.0067	0.81905
2.0075	0.81918
2.0083	0.81930
2.009	0.81943
2.0098	0.81950
2.0106	0.81950
2.0114	0.81955
2.0122	0.81964
2.0129	0.81974
2.0137	0.81980
2.0145	0.81982
2.0153	0.81993
2.0161	0.82008
2.0168	0.82010
2.0176	0.82013
2.0184	0.82022
2.0192	0.82031
2.02	0.82035
2.0208	0.82043
2.0216	0.82052
2.0223	0.82056
2.0231	0.82056
2.0239	0.82059
2.0247	0.82068
2.0255	0.82076
2.0263	0.82084
2.0271	0.82093
2.0279	0.82093
2.0287	0.82094
2.0295	0.82100
2.0303	0.82106
2.0311	0.82113
2.0319	0.82122
2.0327	0.82121
2.0335	0.82121
2.0343	0.82120
2.0351	0.82125
2.0358	0.82135
2.0367	0.82137
2.0374	0.82133
2.0383	0.82136
2.0391	0.82142
2.0399	0.82154
2.0407	0.82156
2.0415	0.82157
2.0423	0.82157
2.0431	0.82164
2.0439	0.82172
2.0447	0.82176
2.0455	0.82175
2.0463	0.82173
2.0471	0.82179
2.0479	0.82190
2.0487	0.82188
2.0495	0.82186
2.0503	0.82192
2.0511	0.82198
2.052	0.82197
2.0528	0.82193
2.0536	0.82193
2.0544	0.82195
2.0552	0.82200
2.056	0.82211
2.0569	0.82217
2.0577	0.82210
2.0585	0.82203
2.0593	0.82206
2.0601	0.82206
2.0609	0.82202
2.0618	0.82199
2.0626	0.82200
2.0634	0.82201
2.0642	0.82200
2.065	0.82203
2.0659	0.82202
2.0667	0.82208
2.0675	0.82208
2.0683	0.82199
2.0692	0.82198
2.07	0.82201
2.0708	0.82198
2.0716	0.82194
2.0725	0.82197
2.0733	0.82199
2.0741	0.82194
2.075	0.82187
2.0758	0.82188
2.0766	0.82192
2.0774	0.82191
2.0783	0.82183
2.0791	0.82177
2.0799	0.82178
2.0808	0.82178
2.0816	0.82175
2.0825	0.82176
2.0833	0.82167
2.0841	0.82166
2.085	0.82168
2.0858	0.82165
2.0866	0.82168
2.0875	0.82175
2.0883	0.82168
2.0892	0.82167
2.09	0.82167
2.0909	0.82164
2.0917	0.82162
2.0926	0.82166
2.0934	0.82161
2.0942	0.82156
2.0951	0.82154
2.0959	0.82160
2.0968	0.82152
2.0976	0.82146
2.0985	0.82141
2.0993	0.82137
2.1002	0.82136
2.101	0.82137
2.1019	0.82139
2.1027	0.82142
2.1036	0.82135
2.1044	0.82127
2.1053	0.82118
2.1061	0.82118
2.107	0.82123
2.1079	0.82118
2.1087	0.82110
2.1096	0.82108
2.1104	0.82103
2.1113	0.82093
2.1121	0.82085
2.113	0.82089
2.1139	0.82085
2.1147	0.82074
2.1156	0.82065
2.1165	0.82059
2.1173	0.82056
2.1182	0.82053
2.1191	0.82046
2.1199	0.82043
2.1208	0.82043
2.1217	0.82045
2.1225	0.82031
2.1234	0.82013
2.1243	0.82010
2.1251	0.82011
2.126	0.82001
2.1269	0.81997
2.1278	0.81994
2.1286	0.81997
2.1295	0.81998
2.1304	0.82001
2.1313	0.82004
2.1321	0.82004
2.133	0.82012
2.1339	0.82022
2.1348	0.82028
2.1356	0.82042
2.1365	0.82054
2.1374	0.82065
2.1383	0.82087
2.1392	0.82117
2.1401	0.82134
2.1409	0.82137
2.1418	0.82148
2.1427	0.82174
2.1436	0.82198
2.1445	0.82209
2.1454	0.82224
2.1463	0.82241
2.1471	0.82249
2.148	0.82253
2.1489	0.82265
2.1498	0.82280
2.1507	0.82287
2.1516	0.82291
2.1525	0.82299
2.1534	0.82310
2.1543	0.82311
2.1552	0.82306
2.1561	0.82306
2.157	0.82313
2.1579	0.82319
2.1588	0.82328
2.1597	0.82322
2.1606	0.82315
2.1615	0.82321
2.1624	0.82323
2.1633	0.82315
2.1642	0.82308
2.1651	0.82311
2.166	0.82310
2.1669	0.82309
2.1678	0.82304
2.1687	0.82291
2.1696	0.82285
2.1705	0.82281
2.1714	0.82273
2.1723	0.82263
2.1732	0.82246
2.1741	0.82229
2.1751	0.82220
2.176	0.82210
2.1769	0.82197
2.1778	0.82181
2.1787	0.82164
2.1796	0.82154
2.1806	0.82137
2.1815	0.82123
2.1824	0.82115
2.1833	0.82097
2.1842	0.82080
2.1851	0.82059
2.1861	0.82043
2.187	0.82026
2.1879	0.82004
2.1888	0.81984
2.1898	0.81963
2.1907	0.81945
2.1916	0.81931
2.1925	0.81915
2.1935	0.81891
2.1944	0.81864
2.1953	0.81838
2.1963	0.81812
2.1972	0.81783
2.1981	0.81751
2.1991	0.81724
2.2	0.81693
2.2009	0.81664
2.2019	0.81636
2.2028	0.81606
2.2037	0.81563
2.2047	0.81529
2.2056	0.81498
2.2065	0.81459
2.2075	0.81421
2.2084	0.81385
2.2094	0.81342
2.2103	0.81297
2.2112	0.81254
2.2122	0.81215
2.2131	0.81173
2.2141	0.81125
2.215	0.81079
2.216	0.81040
2.2169	0.80996
2.2179	0.80941
2.2188	0.80886
2.2198	0.80827
2.2207	0.80772
2.2217	0.80723
2.2226	0.80670
2.2236	0.80607
2.2245	0.80542
2.2255	0.80471
2.2264	0.80400
2.2274	0.80334
2.2284	0.80260
2.2293	0.80190
2.2303	0.80114
2.2312	0.80036
2.2322	0.79953
2.2331	0.79873
2.2341	0.79789
2.2351	0.79693
2.236	0.79594
2.237	0.79502
2.238	0.79400
2.2389	0.79291
2.2399	0.79180
2.2409	0.79077
2.2418	0.78971
2.2428	0.78868
2.2438	0.78766
2.2448	0.78670
2.2457	0.78567
2.2467	0.78467
2.2477	0.78369
2.2486	0.78278
2.2496	0.78191
2.2506	0.78105
2.2516	0.78030
2.2526	0.77958
2.2535	0.77884
2.2545	0.77820
2.2555	0.77756
2.2565	0.77692
2.2574	0.77634
2.2584	0.77573
2.2594	0.77513
2.2604	0.77470
2.2614	0.77421
2.2624	0.77372
2.2634	0.77329
2.2644	0.77287
2.2653	0.77248
2.2663	0.77215
2.2673	0.77180
2.2683	0.77151
2.2693	0.77125
2.2703	0.77096
2.2713	0.77065
2.2723	0.77040
2.2733	0.77013
2.2743	0.76990
2.2753	0.76974
2.2763	0.76950
2.2773	0.76917
2.2783	0.76897
2.2793	0.76875
2.2803	0.76852
2.2813	0.76819
2.2823	0.76786
2.2833	0.76756
2.2843	0.76731
2.2853	0.76698
2.2863	0.76663
2.2873	0.76624
2.2883	0.76582
2.2894	0.76539
2.2904	0.76507
2.2914	0.76475
2.2924	0.76437
2.2934	0.76399
2.2944	0.76364
2.2954	0.76326
2.2964	0.76288
2.2975	0.76260
2.2985	0.76237
2.2995	0.76207
2.3005	0.76191
2.3015	0.76192
2.3026	0.76211
2.3036	0.76233
2.3046	0.76263
2.3056	0.76306
2.3067	0.76354
2.3077	0.76407
2.3087	0.76477
2.3098	0.76557
2.3108	0.76645
2.3118	0.76741
2.3128	0.76849
2.3139	0.76968
2.3149	0.77090
2.3159	0.77225
2.317	0.77377
2.318	0.77535
2.3191	0.77699
2.3201	0.77869
2.3211	0.78043
2.3222	0.78226
2.3232	0.78428
2.3242	0.78627
2.3253	0.78818
2.3263	0.79011
2.3274	0.79215
2.3284	0.79425
2.3295	0.79648
2.3305	0.79867
2.3316	0.80086
2.3326	0.80304
2.3337	0.80512
2.3347	0.80720
2.3358	0.80915
2.3368	0.81083
2.3379	0.81243
2.3389	0.81378
2.34	0.81502
2.341	0.81613
2.3421	0.81702
2.3431	0.81773
2.3442	0.81834
2.3453	0.81876
2.3463	0.81899
2.3474	0.81924
2.3485	0.81952
2.3495	0.81961
2.3506	0.81966
2.3516	0.81975
2.3527	0.81975
2.3538	0.81964
2.3549	0.81955
2.3559	0.81948
2.357	0.81942
2.3581	0.81926
2.3591	0.81895
2.3602	0.81851
2.3613	0.81794
2.3624	0.81725
2.3634	0.81651
2.3645	0.81572
2.3656	0.81519
2.3667	0.81517
2.3678	0.81541
2.3688	0.81567
2.3699	0.81592
2.371	0.81594
2.3721	0.81586
2.3732	0.81565
2.3743	0.81540
2.3754	0.81503
2.3764	0.81469
2.3775	0.81438
2.3786	0.81398
2.3797	0.81346
2.3808	0.81297
2.3819	0.81246
2.383	0.81198
2.3841	0.81139
2.3852	0.81079
2.3863	0.81016
2.3874	0.80949
2.3885	0.80886
2.3896	0.80825
2.3907	0.80765
2.3918	0.80702
2.3929	0.80633
2.394	0.80559
2.3951	0.80487
2.3962	0.80417
2.3973	0.80337
2.3984	0.80259
2.3995	0.80188
2.4006	0.80116
2.4018	0.80031
2.4029	0.79938
2.404	0.79843
2.4051	0.79760
2.4062	0.79665
2.4073	0.79563
2.4085	0.79459
2.4096	0.79354
2.4107	0.79251
2.4118	0.79146
2.4129	0.79021
2.4141	0.78896
2.4152	0.78775
2.4163	0.78654
2.4174	0.78525
2.4186	0.78392
2.4197	0.78250
2.4208	0.78110
2.422	0.77957
2.4231	0.77799
2.4242	0.77640
2.4254	0.77471
2.4265	0.77298
2.4276	0.77130
2.4288	0.76961
2.4299	0.76787
2.431	0.76604
2.4322	0.76419
2.4333	0.76238
2.4345	0.76064
2.4356	0.75889
2.4368	0.75716
2.4379	0.75543
2.4391	0.75371
2.4402	0.75203
2.4413	0.75053
2.4425	0.74902
2.4436	0.74751
2.4448	0.74602
2.4459	0.74464
2.4471	0.74327
2.4483	0.74194
2.4494	0.74061
2.4506	0.73944
2.4517	0.73830
2.4529	0.73728
2.4541	0.73615
2.4552	0.73509
2.4564	0.73426
2.4575	0.73354
2.4587	0.73279
2.4599	0.73219
2.461	0.73160
2.4622	0.73107
2.4634	0.73050
2.4646	0.72988
2.4657	0.72929
2.4669	0.72879
2.4681	0.72819
2.4692	0.72761
2.4704	0.72697
2.4716	0.72641
2.4728	0.72576
2.474	0.72497
2.4751	0.72405
2.4763	0.72338
2.4775	0.72280
2.4787	0.72219
2.4799	0.72140
2.4811	0.72061
2.4823	0.71986
2.4834	0.71927
2.4846	0.71845
2.4858	0.71754
2.487	0.71669
2.4882	0.71592
2.4894	0.71502
2.4906	0.71413
2.4918	0.71312
2.493	0.71211
2.4942	0.71109
2.4954	0.71008
2.4966	0.70915
2.4978	0.70848
2.499	0.70798
2.5002	0.70774
2.5014	0.70754
2.5026	0.70757
2.5038	0.70774
2.505	0.70826
2.5062	0.70891
2.5074	0.70996
2.5087	0.71128
2.5099	0.71285
2.5111	0.71451
2.5123	0.71637
2.5135	0.71816
2.5148	0.72030
2.516	0.72269
2.5172	0.72533
2.5184	0.72803
2.5196	0.73108
2.5209	0.73429
2.5221	0.73775
2.5233	0.74146
2.5245	0.74545
2.5258	0.74956
2.527	0.75381
2.5282	0.75821
2.5295	0.76294
2.5307	0.76761
2.5319	0.77233
2.5332	0.77677
2.5344	0.78092
2.5356	0.78481
2.5369	0.78833
2.5381	0.79119
2.5394	0.79386
2.5406	0.79617
2.5419	0.79838
2.5431	0.80022
2.5444	0.80156
2.5456	0.80259
2.5469	0.80362
2.5481	0.80439
2.5494	0.80500
2.5506	0.80561
2.5519	0.80634
2.5531	0.80707
2.5544	0.80757
2.5556	0.80825
2.5569	0.80912
2.5582	0.80984
2.5594	0.81070
2.5607	0.81154
2.562	0.81225
2.5632	0.81290
2.5645	0.81327
2.5658	0.81308
2.567	0.81320
2.5683	0.81359
2.5696	0.81401
2.5709	0.81383
2.5721	0.81408
2.5734	0.81468
2.5747	0.81442
2.576	0.81445
2.5772	0.81457
2.5785	0.81412
2.5798	0.81422
2.5811	0.81456
2.5824	0.81443
2.5837	0.81496
2.5849	0.81452
2.5862	0.81421
2.5875	0.81434
2.5888	0.81401
2.5901	0.81384
2.5914	0.81357
2.5927	0.81380
2.594	0.81461
2.5953	0.81471
2.5966	0.81340
2.5979	0.81309
2.5992	0.81303
2.6005	0.81316
2.6018	0.81302
2.6031	0.81286
2.6044	0.81309
2.6057	0.81301
2.607	0.81229
2.6084	0.81218
2.6097	0.81210
2.611	0.81168
2.6123	0.81129
2.6136	0.81107
2.6149	0.81087
2.6163	0.81163
2.6176	0.81120
2.6189	0.81038
2.6202	0.81036
2.6215	0.80964
2.6229	0.80913
2.6242	0.80907
2.6255	0.80917
2.6269	0.80900
2.6282	0.80796
2.6295	0.80821
2.6309	0.80798
2.6322	0.80698
2.6335	0.80683
2.6349	0.80637
2.6362	0.80573
2.6375	0.80552
2.6389	0.80489
2.6402	0.80424
2.6416	0.80378
2.6429	0.80329
2.6443	0.80272
2.6456	0.80230
2.647	0.80135
2.6483	0.80084
2.6497	0.80006
2.651	0.79932
2.6524	0.79881
2.6537	0.79777
2.6551	0.79693
2.6565	0.79595
2.6578	0.79481
2.6592	0.79442
2.6606	0.79345
2.6619	0.79215
2.6633	0.79106
2.6646	0.79080
2.666	0.78967
2.6674	0.78792
2.6688	0.78637
2.6701	0.78607
2.6715	0.78361
2.6729	0.78153
2.6743	0.78031
2.6756	0.77941
2.677	0.77763
2.6784	0.77553
2.6798	0.77316
2.6812	0.77067
2.6826	0.76894
2.684	0.76679
2.6854	0.76412
2.6867	0.76140
2.6881	0.75814
2.6895	0.75504
2.6909	0.75159
2.6923	0.74863
2.6937	0.74529
2.6951	0.74058
2.6965	0.73452
2.6979	0.72730
2.6993	0.71694
2.7007	0.70104
2.7021	0.67830
2.7036	0.66065
2.705	0.65684
2.7064	0.66337
2.7078	0.67234
2.7092	0.68076
2.7106	0.68684
2.712	0.69009
2.7134	0.69111
2.7149	0.69091
2.7163	0.68948
2.7177	0.68810
2.7191	0.68757
2.7206	0.68682
2.722	0.68347
2.7234	0.68136
2.7249	0.67881
2.7263	0.67534
2.7277	0.67219
2.7292	0.66928
2.7306	0.66596
2.732	0.66260
2.7335	0.65948
2.7349	0.65619
2.7364	0.65198
2.7378	0.64884
2.7393	0.64597
2.7407	0.64232
2.7421	0.63842
2.7436	0.63519
2.7451	0.63226
2.7465	0.62924
2.748	0.62601
2.7494	0.62293
2.7509	0.62013
2.7523	0.61741
2.7538	0.61475
2.7553	0.61257
2.7567	0.60916
2.7582	0.60642
2.7597	0.60417
2.7611	0.60252
2.7626	0.60147
2.7641	0.60065
2.7656	0.60022
2.767	0.60034
2.7685	0.60058
2.77	0.60110
2.7715	0.60198
2.7729	0.60274
2.7744	0.60351
2.7759	0.60476
2.7774	0.60596
2.7789	0.60711
2.7804	0.60840
2.7819	0.60951
2.7834	0.61024
2.7849	0.61101
2.7864	0.61189
2.7879	0.61228
2.7894	0.61198
2.7909	0.61175
2.7924	0.61172
2.7939	0.61168
2.7954	0.61148
2.7969	0.61126
2.7984	0.61095
2.7999	0.61057
2.8014	0.61028
2.8029	0.61002
2.8044	0.60934
2.806	0.60858
2.8075	0.60806
2.809	0.60785
2.8105	0.60752
2.812	0.60721
2.8136	0.60712
2.8151	0.60696
2.8166	0.60668
2.8182	0.60685
2.8197	0.60726
2.8212	0.60765
2.8228	0.60795
2.8243	0.60814
2.8258	0.60844
2.8274	0.60881
2.8289	0.60912
2.8305	0.60948
2.832	0.60968
2.8336	0.60970
2.8351	0.60980
2.8367	0.61004
2.8382	0.61019
2.8398	0.61001
2.8413	0.60993
2.8429	0.60999
2.8444	0.60997
2.846	0.60996
2.8476	0.60991
2.8491	0.60987
2.8507	0.60987
2.8523	0.60978
2.8538	0.60973
2.8554	0.60953
2.857	0.60920
2.8586	0.60904
2.8601	0.60891
2.8617	0.60865
2.8633	0.60841
2.8649	0.60812
2.8664	0.60779
2.868	0.60755
2.8696	0.60724
2.8712	0.60701
2.8728	0.60670
2.8744	0.60619
2.876	0.60579
2.8776	0.60546
2.8792	0.60511
2.8808	0.60473
2.8824	0.60442
2.884	0.60410
2.8856	0.60371
2.8872	0.60323
2.8888	0.60269
2.8904	0.60221
2.892	0.60180
2.8936	0.60142
2.8953	0.60097
2.8969	0.60059
2.8985	0.60034
2.9001	0.60006
2.9017	0.59965
2.9034	0.59923
2.905	0.59895
2.9066	0.59860
2.9083	0.59816
2.9099	0.59769
2.9115	0.59736
2.9131	0.59708
2.9148	0.59678
2.9164	0.59640
2.9181	0.59603
2.9197	0.59571
2.9214	0.59548
2.923	0.59520
2.9246	0.59498
2.9263	0.59466
2.9279	0.59436
2.9296	0.59418
2.9313	0.59394
2.9329	0.59372
2.9346	0.59356
2.9362	0.59346
2.9379	0.59326
2.9396	0.59300
2.9412	0.59282
2.9429	0.59263
2.9446	0.59229
2.9463	0.59214
2.9479	0.59207
2.9496	0.59187
2.9513	0.59172
2.953	0.59155
2.9546	0.59135
2.9563	0.59117
2.958	0.59106
2.9597	0.59103
2.9614	0.59096
2.9631	0.59084
2.9648	0.59072
2.9665	0.59063
2.9682	0.59060
2.9699	0.59057
2.9716	0.59056
2.9733	0.59050
2.975	0.59038
2.9767	0.59035
2.9784	0.59039
2.9801	0.59029
2.9818	0.59025
2.9836	0.59015
2.9853	0.59003
2.987	0.58991
2.9887	0.58978
2.9904	0.58974
2.9921	0.58958
2.9939	0.58944
2.9956	0.58947
2.9973	0.58941
2.9991	0.58913
3.0008	0.58901
3.0026	0.58900
3.0043	0.58892
3.006	0.58884
3.0078	0.58879
3.0095	0.58857
3.0113	0.58831
3.013	0.58812
3.0148	0.58790
3.0165	0.58769
3.0183	0.58752
3.02	0.58716
3.0218	0.58683
3.0236	0.58679
3.0253	0.58679
3.0271	0.58667
3.0289	0.58646
3.0306	0.58632
3.0324	0.58629
3.0342	0.58614
3.0359	0.58592
3.0377	0.58581
3.0395	0.58564
3.0413	0.58543
3.0431	0.58518
3.0449	0.58495
3.0466	0.58476
3.0484	0.58450
3.0502	0.58417
3.052	0.58402
3.0538	0.58394
3.0556	0.58383
3.0574	0.58381
3.0592	0.58375
3.061	0.58384
3.0629	0.58420
3.0647	0.58461
3.0665	0.58492
3.0683	0.58538
3.0701	0.58612
3.0719	0.58687
3.0737	0.58761
3.0756	0.58841
3.0774	0.58922
3.0792	0.58997
3.0811	0.59069
3.0829	0.59123
3.0847	0.59162
3.0866	0.59215
3.0884	0.59267
3.0902	0.59312
3.0921	0.59352
3.0939	0.59389
3.0958	0.59429
3.0976	0.59467
3.0995	0.59517
3.1013	0.59558
3.1032	0.59594
3.105	0.59641
3.1069	0.59675
3.1088	0.59711
3.1106	0.59761
3.1125	0.59799
3.1144	0.59832
3.1162	0.59872
3.1181	0.59899
3.12	0.59938
3.1219	0.59996
3.1237	0.60049
3.1256	0.60119
3.1275	0.60205
3.1294	0.60306
3.1313	0.60440
3.1332	0.60597
3.1351	0.60781
3.137	0.60988
3.1389	0.61189
3.1408	0.61372
3.1427	0.61512
3.1446	0.61625
3.1465	0.61715
3.1484	0.61789
3.1503	0.61857
3.1522	0.61924
3.1541	0.61977
3.1561	0.62022
3.158	0.62066
3.1599	0.62121
3.1618	0.62176
3.1638	0.62225
3.1657	0.62266
3.1676	0.62300
3.1696	0.62338
3.1715	0.62394
3.1734	0.62438
3.1754	0.62476
3.1773	0.62513
3.1793	0.62565
3.1812	0.62612
3.1832	0.62655
3.1851	0.62703
3.1871	0.62734
3.1891	0.62768
3.191	0.62818
3.193	0.62856
3.1949	0.62877
3.1969	0.62889
3.1989	0.62897
3.2009	0.62907
3.2028	0.62904
3.2048	0.62914
3.2068	0.62942
3.2088	0.62957
3.2108	0.62961
3.2128	0.62955
3.2148	0.62933
3.2168	0.62906
3.2187	0.62859
3.2207	0.62794
3.2228	0.62726
3.2248	0.62650
3.2268	0.62541
3.2288	0.62412
3.2308	0.62266
3.2328	0.62075
3.2348	0.61845
3.2368	0.61566
3.2389	0.61242
3.2409	0.60829
3.2429	0.60330
3.2449	0.59713
3.247	0.58909
3.249	0.57839
3.251	0.56309
3.2531	0.54030
3.2551	0.50699
3.2572	0.46743
3.2592	0.43304
3.2613	0.40815
3.2633	0.39101
3.2654	0.38081
3.2674	0.37545
3.2695	0.37198
3.2715	0.36868
3.2736	0.36625
3.2757	0.36646
3.2778	0.36896
3.2798	0.37208
3.2819	0.37503
3.284	0.37760
3.2861	0.37999
3.2881	0.38239
3.2902	0.38473
3.2923	0.38681
3.2944	0.38860
3.2965	0.38990
3.2986	0.39057
3.3007	0.39062
3.3028	0.39040
3.3049	0.38979
3.307	0.38895
3.3091	0.38814
3.3112	0.38743
3.3134	0.38709
3.3155	0.38722
3.3176	0.38763
3.3197	0.38824
3.3218	0.38879
3.324	0.38950
3.3261	0.39039
3.3282	0.39137
3.3304	0.39275
3.3325	0.39462
3.3347	0.39655
3.3368	0.39794
3.3389	0.39895
3.3411	0.39976
3.3433	0.40040
3.3454	0.40077
3.3476	0.40095
3.3497	0.40118
3.3519	0.40135
3.3541	0.40145
3.3562	0.40149
3.3584	0.40141
3.3606	0.40125
3.3628	0.40108
3.3649	0.40093
3.3671	0.40076
3.3693	0.40051
3.3715	0.40014
3.3737	0.39980
3.3759	0.39954
3.3781	0.39924
3.3803	0.39877
3.3825	0.39801
3.3847	0.39704
3.3869	0.39594
3.3891	0.39445
3.3914	0.39254
3.3936	0.39019
3.3958	0.38722
3.398	0.38350
3.4003	0.37881
3.4025	0.37310
3.4047	0.36666
3.407	0.35993
3.4092	0.35367
3.4114	0.34844
3.4137	0.34422
3.4159	0.34107
3.4182	0.33910
3.4204	0.33825
3.4227	0.33845
3.425	0.33944
3.4272	0.34089
3.4295	0.34253
3.4318	0.34423
3.434	0.34608
3.4363	0.34811
3.4386	0.35026
3.4409	0.35238
3.4432	0.35480
3.4454	0.35784
3.4477	0.36112
3.45	0.36445
3.4523	0.36782
3.4546	0.37119
3.4569	0.37451
3.4592	0.37777
3.4615	0.38110
3.4639	0.38434
3.4662	0.38752
3.4685	0.39073
3.4708	0.39437
3.4731	0.39837
3.4755	0.40281
3.4778	0.40864
3.4801	0.41646
3.4825	0.42663
3.4848	0.43950
3.4871	0.45466
3.4895	0.47202
3.4919	0.49201
3.4942	0.51347
3.4966	0.53373
3.4989	0.55101
3.5013	0.56530
3.5036	0.57742
3.506	0.58793
3.5084	0.59690
3.5108	0.60427
3.5131	0.60984
3.5155	0.61349
3.5179	0.61443
3.5203	0.61120
3.5227	0.60360
3.5251	0.59496
3.5275	0.59300
3.5299	0.60188
3.5323	0.61618
3.5347	0.62914
3.5371	0.63893
3.5395	0.64613
3.5419	0.65142
3.5444	0.65522
3.5468	0.65791
3.5492	0.66002
3.5516	0.66173
3.5541	0.66312
3.5565	0.66425
3.5589	0.66503
3.5614	0.66563
3.5638	0.66602
3.5663	0.66628
3.5688	0.66652
3.5712	0.66670
3.5737	0.66681
3.5761	0.66681
3.5786	0.66690
3.5811	0.66697
3.5836	0.66690
3.586	0.66669
3.5885	0.66655
3.591	0.66641
3.5935	0.66610
3.596	0.66579
3.5985	0.66568
3.601	0.66552
3.6035	0.66527
3.606	0.66508
3.6085	0.66489
3.611	0.66473
3.6135	0.66454
3.6161	0.66435
3.6186	0.66411
3.6211	0.66383
3.6236	0.66347
3.6262	0.66313
3.6287	0.66277
3.6313	0.66242
3.6338	0.66202
3.6363	0.66160
3.6389	0.66115
3.6414	0.66072
3.644	0.66024
3.6466	0.65966
3.6491	0.65898
3.6517	0.65831
3.6543	0.65750
3.6569	0.65658
3.6594	0.65553
3.662	0.65443
3.6646	0.65315
3.6672	0.65173
3.6698	0.65020
3.6724	0.64861
3.675	0.64695
3.6776	0.64528
3.6802	0.64349
3.6828	0.64166
3.6854	0.63973
3.6881	0.63762
3.6907	0.63528
3.6933	0.63270
3.6959	0.62970
3.6986	0.62626
3.7012	0.62212
3.7039	0.61716
3.7065	0.61120
3.7092	0.60402
3.7118	0.59532
3.7145	0.58506
3.7171	0.57313
3.7198	0.55975
3.7225	0.54536
3.7252	0.53076
3.7278	0.51671
3.7305	0.50363
3.7332	0.49166
3.7359	0.48080
3.7386	0.47089
3.7413	0.46183
3.744	0.45344
3.7467	0.44564
3.7494	0.43828
3.7521	0.43131
3.7548	0.42465
3.7576	0.41823
3.7603	0.41199
3.763	0.40601
3.7657	0.40013
3.7685	0.39442
3.7712	0.38895
3.774	0.38378
3.7767	0.37911
3.7795	0.37510
3.7822	0.37177
3.785	0.36904
3.7877	0.36680
3.7905	0.36492
3.7933	0.36333
3.7961	0.36210
3.7988	0.36121
3.8016	0.36065
3.8044	0.36032
3.8072	0.36001
3.81	0.35950
3.8128	0.35877
3.8156	0.35787
3.8184	0.35686
3.8212	0.35573
3.8241	0.35456
3.8269	0.35337
3.8297	0.35222
3.8325	0.35101
3.8354	0.34977
3.8382	0.34850
3.8411	0.34720
3.8439	0.34587
3.8468	0.34464
3.8496	0.34367
3.8525	0.34300
3.8553	0.34261
3.8582	0.34247
3.8611	0.34226
3.8639	0.34176
3.8668	0.34065
3.8697	0.33867
3.8726	0.33574
3.8755	0.33195
3.8784	0.32751
3.8813	0.32275
3.8842	0.31790
3.8871	0.31325
3.89	0.30892
3.8929	0.30493
3.8959	0.30136
3.8988	0.29822
3.9017	0.29546
3.9047	0.29308
3.9076	0.29098
3.9106	0.28912
3.9135	0.28741
3.9165	0.28576
3.9194	0.28418
3.9224	0.28269
3.9254	0.28136
3.9284	0.28015
3.9313	0.27905
3.9343	0.27816
3.9373	0.27750
3.9403	0.27708
3.9433	0.27695
3.9463	0.27727
3.9493	0.27812
3.9523	0.27975
3.9553	0.28239
3.9583	0.28627
3.9614	0.29172
3.9644	0.29893
3.9674	0.30797
3.9705	0.31872
3.9735	0.33070
3.9766	0.34332
3.9796	0.35606
3.9826	0.36883
3.9857	0.38155
3.9888	0.39440
3.9919	0.40752
3.9949	0.42101
3.998	0.43472
4.0011	0.44843
4.0042	0.46177
4.0073	0.47460
4.0104	0.48660
4.0135	0.49774
4.0166	0.50809
4.0197	0.51768
4.0228	0.52644
4.0259	0.53457
4.0291	0.54203
4.0322	0.54895
4.0353	0.55526
4.0385	0.56105
4.0416	0.56635
4.0448	0.57122
4.0479	0.57556
4.0511	0.57944
4.0543	0.58285
4.0574	0.58587
4.0606	0.58849
4.0638	0.59079
4.067	0.59275
4.0702	0.59447
4.0734	0.59586
4.0766	0.59713
4.0798	0.59819
4.083	0.59915
4.0862	0.59998
4.0894	0.60077
4.0927	0.60146
4.0959	0.60213
4.0991	0.60268
4.1024	0.60314
4.1056	0.60341
4.1089	0.60351
4.1121	0.60346
4.1154	0.60361
4.1187	0.60391
4.122	0.60431
4.1252	0.60468
4.1285	0.60504
4.1318	0.60523
4.1351	0.60544
4.1384	0.60569
4.1417	0.60627
4.145	0.60702
4.1483	0.60773
4.1516	0.60822
4.155	0.60862
4.1583	0.60889
4.1616	0.60919
4.165	0.60942
4.1683	0.60962
4.1717	0.60978
4.175	0.60997
4.1784	0.61007
4.1818	0.61014
4.1852	0.61002
4.1885	0.60983
4.1919	0.60947
4.1953	0.60899
4.1987	0.60847
4.2021	0.60824
4.2055	0.60832
4.2089	0.60862
4.2124	0.60883
4.2158	0.60896
4.2192	0.60878
4.2226	0.60838
4.2261	0.60760
4.2295	0.60646
4.233	0.60487
4.2365	0.60307
4.2399	0.60107
4.2434	0.59909
4.2469	0.59696
4.2503	0.59480
4.2538	0.59263
4.2573	0.59088
4.2608	0.58997
4.2643	0.58978
4.2678	0.58971
4.2713	0.58972
4.2749	0.58959
4.2784	0.58936
4.2819	0.58893
4.2855	0.58839
4.289	0.58771
4.2926	0.58698
4.2961	0.58593
4.2997	0.58462
4.3033	0.58315
4.3068	0.58183
4.3104	0.58061
4.314	0.57954
4.3176	0.57870
4.3212	0.57839
4.3248	0.57863
4.3284	0.57914
4.332	0.57903
4.3356	0.57822
4.3393	0.57678
4.3429	0.57502
4.3465	0.57310
4.3502	0.57123
4.3538	0.56926
4.3575	0.56728
4.3611	0.56514
4.3648	0.56316
4.3685	0.56131
4.3722	0.55959
4.3759	0.55789
4.3796	0.55626
4.3833	0.55459
4.387	0.55301
4.3907	0.55144
4.3944	0.55009
4.3981	0.54888
4.4019	0.54788
4.4056	0.54701
4.4094	0.54632
4.4131	0.54566
4.4169	0.54513
4.4206	0.54457
4.4244	0.54409
4.4282	0.54359
4.432	0.54308
4.4358	0.54252
4.4396	0.54199
4.4434	0.54136
4.4472	0.54076
4.451	0.54003
4.4548	0.53929
4.4586	0.53852
4.4625	0.53775
4.4663	0.53689
4.4702	0.53601
4.474	0.53494
4.4779	0.53381
4.4818	0.53248
4.4856	0.53108
4.4895	0.52947
4.4934	0.52764
4.4973	0.52557
4.5012	0.52336
4.5051	0.52097
4.509	0.51852
4.513	0.51579
4.5169	0.51287
4.5208	0.50968
4.5248	0.50620
4.5287	0.50239
4.5327	0.49840
4.5367	0.49430
4.5406	0.49041
4.5446	0.48665
4.5486	0.48319
4.5526	0.48004
4.5566	0.47719
4.5606	0.47459
4.5646	0.47240
4.5686	0.47060
4.5727	0.46931
4.5767	0.46844
4.5808	0.46809
4.5848	0.46814
4.5889	0.46870
4.5929	0.46988
4.597	0.47180
4.6011	0.47437
4.6052	0.47765
4.6093	0.48140
4.6134	0.48559
4.6175	0.49003
4.6216	0.49471
4.6257	0.49953
4.6298	0.50457
4.634	0.50959
4.6381	0.51453
4.6423	0.51902
4.6464	0.52296
4.6506	0.52616
4.6548	0.52884
4.659	0.53103
4.6631	0.53289
4.6673	0.53444
4.6715	0.53586
4.6758	0.53704
4.68	0.53815
4.6842	0.53901
4.6884	0.53971
4.6927	0.54021
4.6969	0.54057
4.7012	0.54077
4.7055	0.54095
4.7097	0.54095
4.714	0.54090
4.7183	0.54073
4.7226	0.54057
4.7269	0.54028
4.7312	0.53991
4.7355	0.53937
4.7399	0.53891
4.7442	0.53833
4.7485	0.53774
4.7529	0.53698
4.7573	0.53622
4.7616	0.53543
4.766	0.53456
4.7704	0.53355
4.7748	0.53262
4.7792	0.53157
4.7836	0.53048
4.788	0.52921
4.7924	0.52789
4.7969	0.52649
4.8013	0.52511
4.8058	0.52355
4.8102	0.52199
4.8147	0.52026
4.8191	0.51844
4.8236	0.51641
4.8281	0.51427
4.8326	0.51184
4.8371	0.50916
4.8416	0.50605
4.8462	0.50259
4.8507	0.49852
4.8553	0.49393
4.8598	0.48856
4.8644	0.48252
4.8689	0.47584
4.8735	0.46864
4.8781	0.46100
4.8827	0.45327
4.8873	0.44557
4.8919	0.43824
4.8965	0.43137
4.9011	0.42507
4.9058	0.41922
4.9104	0.41380
4.9151	0.40864
4.9197	0.40372
4.9244	0.39892
4.9291	0.39440
4.9338	0.39030
4.9385	0.38709
4.9432	0.38509
4.9479	0.38436
4.9526	0.38470
4.9574	0.38586
4.9621	0.38736
4.9669	0.38904
4.9716	0.39073
4.9764	0.39237
4.9812	0.39386
4.986	0.39517
4.9908	0.39628
4.9956	0.39719
5.0004	0.39777
5.0052	0.39806
5.01	0.39799
5.0149	0.39760
5.0198	0.39684
5.0246	0.39566
5.0295	0.39390
5.0344	0.39157
5.0393	0.38864
5.0442	0.38524
5.0491	0.38158
5.054	0.37842
5.0589	0.37671
5.0639	0.37695
5.0688	0.37868
5.0738	0.38094
5.0788	0.38278
5.0837	0.38381
5.0887	0.38389
5.0937	0.38315
5.0987	0.38184
5.1037	0.38017
5.1088	0.37822
5.1138	0.37605
5.1189	0.37366
5.1239	0.37110
5.129	0.36830
5.1341	0.36523
5.1391	0.36197
5.1443	0.35861
5.1494	0.35515
5.1545	0.35145
5.1596	0.34769
5.1647	0.34385
5.1699	0.33994
5.175	0.33589
5.1802	0.33162
5.1854	0.32715
5.1906	0.32258
5.1958	0.31801
5.201	0.31351
5.2062	0.30910
5.2115	0.30515
5.2167	0.30148
5.222	0.29803
5.2272	0.29505
5.2325	0.29277
5.2378	0.29137
5.2431	0.29081
5.2484	0.29089
5.2537	0.29134
5.259	0.29186
5.2644	0.29238
5.2697	0.29271
5.2751	0.29279
5.2805	0.29246
5.2858	0.29157
5.2912	0.29028
5.2966	0.28848
5.302	0.28605
5.3075	0.28334
5.3129	0.28032
5.3184	0.27738
5.3238	0.27449
5.3293	0.27137
5.3348	0.26751
5.3403	0.26291
5.3458	0.25773
5.3513	0.25243
5.3568	0.24674
5.3624	0.24103
5.3679	0.23511
5.3735	0.22907
5.379	0.22279
5.3846	0.21641
5.3902	0.20975
5.3958	0.20317
5.4015	0.19666
5.4071	0.19060
5.4127	0.18489
5.4184	0.17998
5.4241	0.17530
5.4297	0.17106
5.4354	0.16745
5.4411	0.16463
5.4468	0.16236
5.4526	0.16087
5.4583	0.15979
5.4641	0.15942
5.4698	0.15923
5.4756	0.15924
5.4814	0.15964
5.4872	0.16029
5.493	0.16110
5.4988	0.16246
5.5047	0.16400
5.5105	0.16578
5.5164	0.16767
5.5223	0.16987
5.5281	0.17199
5.534	0.17401
5.54	0.17573
5.5459	0.17713
5.5518	0.17799
5.5578	0.17817
5.5637	0.17742
5.5697	0.17605
5.5757	0.17410
5.5817	0.17175
5.5877	0.16892
5.5937	0.16633
5.5998	0.16413
5.6058	0.16251
5.6119	0.16140
5.618	0.16109
5.6241	0.16115
5.6302	0.16191
5.6363	0.16295
5.6424	0.16494
5.6486	0.16708
5.6547	0.16945
5.6609	0.17245
5.6671	0.17538
5.6733	0.17856
5.6795	0.18218
5.6857	0.18504
5.692	0.18815
5.6982	0.19117
5.7045	0.19367
5.7108	0.19665
5.7171	0.19931
5.7234	0.20122
5.7297	0.20282
5.736	0.20414
5.7424	0.20514
5.7488	0.20561
5.7551	0.20513
5.7615	0.20422
5.768	0.20417
5.7744	0.20376
5.7808	0.20309
5.7873	0.20228
5.7937	0.20118
5.8002	0.19994
5.8067	0.19879
5.8132	0.19768
5.8198	0.19696
5.8263	0.19605
5.8328	0.19465
5.8394	0.19287
5.846	0.19112
5.8526	0.18945
5.8592	0.18824
5.8658	0.18752
5.8725	0.18702
5.8791	0.18701
5.8858	0.18791
5.8925	0.18776
5.8992	0.18865
5.9059	0.18896
5.9126	0.18936
5.9194	0.19014
5.9262	0.19083
5.9329	0.19111
5.9397	0.19202
5.9465	0.19153
5.9534	0.19108
5.9602	0.19070
5.9671	0.19077
5.974	0.19108
5.9808	0.19156
5.9878	0.19279
5.9947	0.19501
6.0016	0.19701
6.0086	0.20006
6.0155	0.20479
6.0225	0.21058
6.0295	0.21697
6.0365	0.22467
6.0436	0.23243
6.0506	0.24556
6.0577	0.25599
6.0648	0.26256
6.0719	0.27064
6.079	0.27835
6.0861	0.28280
6.0933	0.28610
6.1005	0.28852
6.1076	0.29096
6.1148	0.29399
6.1221	0.29573
6.1293	0.29574
6.1365	0.29641
6.1438	0.29772
6.1511	0.29926
6.1584	0.30120
6.1657	0.30449
6.1731	0.30782
6.1804	0.31240
6.1878	0.31913
6.1952	0.32497
6.2026	0.32975
6.21	0.33558
6.2175	0.34171
6.225	0.34889
6.2324	0.35692
6.2399	0.36621
6.2475	0.37592
6.255	0.38608
6.2625	0.39805
6.2701	0.41421
6.2777	0.42908
6.2853	0.43377
6.293	0.43113
6.3006	0.42629
6.3083	0.42107
6.3159	0.41552
6.3236	0.40988
6.3314	0.40403
6.3391	0.39865
6.3469	0.39227
6.3546	0.38562
6.3624	0.37960
6.3703	0.37370
6.3781	0.36721
6.3859	0.36151
6.3938	0.35579
6.4017	0.35083
6.4096	0.34652
6.4175	0.34127
6.4255	0.33525
6.4335	0.32998
6.4415	0.32438
6.4495	0.31931
6.4575	0.31381
6.4656	0.30885
6.4736	0.30406
6.4817	0.29938
6.4898	0.29454
6.498	0.28911
6.5061	0.28351
6.5143	0.27923
6.5225	0.27477
6.5307	0.27012
6.539	0.26556
6.5472	0.26134
6.5555	0.25660
6.5638	0.25214
6.5721	0.24713
6.5804	0.24172
6.5888	0.23667
6.5972	0.23216
6.6056	0.22818
6.614	0.22516
6.6225	0.22224
6.6309	0.22017
6.6394	0.21751
6.6479	0.21470
6.6565	0.21218
6.665	0.21031
6.6736	0.20837
6.6822	0.20668
6.6908	0.20454
6.6995	0.20268
6.7081	0.20087
6.7168	0.19921
6.7255	0.19707
6.7343	0.19520
6.743	0.19326
6.7518	0.19170
6.7606	0.18997
6.7694	0.18871
6.7783	0.18749
6.7871	0.18662
6.796	0.18563
6.805	0.18478
6.8139	0.18410
6.8229	0.18403
6.8319	0.18394
6.8409	0.18397
6.8499	0.18421
6.859	0.18507
6.868	0.18596
6.8772	0.18617
6.8863	0.18630
6.8955	0.18681
6.9046	0.18716
6.9138	0.18760
6.9231	0.18807
6.9323	0.18918
6.9416	0.19046
6.9509	0.19194
6.9602	0.19368
6.9696	0.19509
6.979	0.19556
6.9884	0.19582
6.9978	0.19435
7.0073	0.19020
7.0168	0.18290
7.0263	0.17399
7.0358	0.16641
7.0454	0.16258
7.0549	0.16176
7.0645	0.16150
7.0742	0.16068
7.0839	0.16019
7.0935	0.15999
7.1033	0.16035
7.113	0.16094
7.1228	0.16181
7.1326	0.16239
7.1424	0.16330
7.1522	0.16424
7.1621	0.16498
7.172	0.16562
7.182	0.16616
7.1919	0.16651
7.2019	0.16729
7.2119	0.16817
7.222	0.16895
7.232	0.16958
7.2421	0.17014
7.2523	0.17030
7.2624	0.17031
7.2726	0.17015
7.2828	0.16992
7.2931	0.16930
7.3033	0.16870
7.3136	0.16817
7.324	0.16827
7.3343	0.16876
7.3447	0.16921
7.3551	0.16915
7.3656	0.16909
7.3761	0.16902
7.3866	0.16915
7.3971	0.16933
7.4077	0.16990
7.4183	0.17050
7.4289	0.17109
7.4396	0.17136
7.4503	0.17164
7.461	0.17188
7.4717	0.17218
7.4825	0.17235
7.4933	0.17261
7.5042	0.17265
7.515	0.17269
7.5259	0.17250
7.5369	0.17230
7.5479	0.17219
7.5589	0.17247
7.5699	0.17296
7.581	0.17390
7.592	0.17492
7.6032	0.17593
7.6144	0.17670
7.6255	0.17737
7.6368	0.17786
7.648	0.17847
7.6593	0.17908
7.6707	0.17976
7.682	0.18027
7.6934	0.18078
7.7049	0.18116
7.7163	0.18156
7.7278	0.18178
7.7394	0.18197
7.7509	0.18198
7.7625	0.18188
7.7742	0.18156
7.7858	0.18122
7.7975	0.18070
7.8093	0.18021
7.8211	0.17963
7.8329	0.17906
7.8447	0.17842
7.8566	0.17763
7.8685	0.17630
7.8805	0.17463
7.8925	0.17253
7.9045	0.17012
7.9166	0.16731
7.9287	0.16445
7.9408	0.16152
7.953	0.15877
7.9652	0.15596
7.9775	0.15304
7.9898	0.14996
8.0021	0.14723
8.0145	0.14492
8.0269	0.14334
8.0393	0.14245
8.0518	0.14226
8.0643	0.14228
8.0769	0.14252
8.0895	0.14250
8.1021	0.14198
8.1148	0.14020
8.1275	0.13742
8.1403	0.13421
8.1531	0.13149
8.1659	0.12968
8.1788	0.12965
8.1917	0.13080
8.2047	0.13212
8.2177	0.13291
8.2307	0.13348
8.2438	0.13360
8.2569	0.13337
8.2701	0.13283
8.2833	0.13257
8.2966	0.13255
8.3099	0.13296
8.3232	0.13324
8.3366	0.13326
8.35	0.13276
8.3635	0.13196
8.377	0.13066
8.3905	0.12905
8.4041	0.12712
8.4178	0.12605
8.4315	0.12609
8.4452	0.12697
8.459	0.12806
8.4728	0.12926
8.4867	0.13027
8.5006	0.13121
8.5145	0.13169
8.5285	0.13188
8.5426	0.13171
8.5567	0.13146
8.5708	0.13108
8.585	0.13048
8.5993	0.12920
8.6135	0.12781
8.6279	0.12644
8.6423	0.12518
8.6567	0.12377
8.6712	0.12268
8.6857	0.12202
8.7003	0.12137
8.7149	0.12003
8.7296	0.11835
8.7443	0.11661
8.759	0.11553
8.7739	0.11480
8.7887	0.11408
8.8037	0.11336
8.8186	0.11300
8.8337	0.11277
8.8487	0.11271
8.8638	0.11282
8.879	0.11347
8.8943	0.11422
8.9095	0.11529
8.9249	0.11626
8.9403	0.11696
8.9557	0.11681
8.9712	0.11589
8.9868	0.11479
9.0023	0.11445
9.018	0.11461
9.0337	0.11579
9.0495	0.11790
9.0653	0.12110
9.0812	0.12517
9.0971	0.12965
9.1131	0.13358
9.1291	0.13732
9.1452	0.14182
9.1614	0.14812
9.1776	0.15534
9.1939	0.16283
9.2102	0.17007
9.2266	0.17707
9.243	0.18392
9.2595	0.19117
9.2761	0.19878
9.2927	0.20643
9.3094	0.21348
9.3262	0.21955
9.343	0.22422
9.3598	0.22714
9.3768	0.22853
9.3938	0.22893
9.4108	0.22863
9.4279	0.22798
9.4451	0.22716
9.4623	0.22640
9.4796	0.22551
9.497	0.22443
9.5144	0.22309
9.5319	0.22141
9.5494	0.21933
9.567	0.21694
9.5847	0.21437
9.6025	0.21195
9.6203	0.20966
9.6382	0.20742
9.6561	0.20524
9.6742	0.20318
9.6922	0.20117
9.7104	0.19932
9.7286	0.19761
9.7469	0.19616
9.7652	0.19489
9.7837	0.19380
9.8022	0.19277
9.8207	0.19197
9.8394	0.19132
9.8581	0.19081
9.8768	0.19044
9.8957	0.19037
9.9146	0.19029
9.9336	0.19036
9.9527	0.19063
9.9718	0.19101
9.991	0.19160
10.0103	0.19271
10.0297	0.19448
10.0491	0.19727
10.0686	0.20130
10.0882	0.20713
10.1079	0.21431
10.1276	0.22063
10.1474	0.22312
10.1673	0.22050
10.1873	0.21383
10.2074	0.20581
10.2275	0.19902
10.2477	0.19500
10.268	0.19396
10.2884	0.19554
10.3088	0.19936
10.3294	0.20515
10.35	0.21211
10.3707	0.21895
10.3915	0.22435
10.4123	0.23070
10.4333	0.24388
10.4543	0.26252
10.4754	0.27850
10.4967	0.28856
10.5179	0.29391
10.5393	0.29607
10.5608	0.29613
10.5823	0.29495
10.604	0.29306
10.6257	0.29059
10.6475	0.28791
10.6694	0.28513
10.6914	0.28241
10.7135	0.27983
10.7357	0.27731
10.758	0.27486
10.7803	0.27252
10.8028	0.27027
10.8254	0.26812
10.848	0.26607
10.8708	0.26444
10.8936	0.26351
10.9165	0.26329
10.9395	0.26375
10.9627	0.26487
10.9859	0.26671
11.0092	0.26869
11.0327	0.26894
11.0562	0.26712
11.0798	0.26386
11.1035	0.25921
11.1274	0.25361
11.1513	0.24741
11.1753	0.24086
11.1995	0.23404
11.2237	0.22650
11.248	0.21770
11.2725	0.20868
11.2971	0.20152
11.3217	0.19617
11.3465	0.19159
11.3714	0.18787
11.3964	0.18479
11.4215	0.18164
11.4467	0.17789
11.472	0.17322
11.4974	0.16744
11.523	0.16124
11.5487	0.15543
11.5744	0.15057
11.6003	0.14620
11.6263	0.14136
11.6525	0.13228
11.6787	0.12184
11.7051	0.12070
11.7316	0.12428
11.7582	0.12582
11.7849	0.12456
11.8117	0.12217
11.8387	0.12157
11.8658	0.12322
11.893	0.12623
11.9203	0.12886
11.9478	0.13078
11.9754	0.13163
12.0031	0.13197
12.031	0.13217
12.059	0.13257
12.0871	0.13289
12.1153	0.13357
12.1437	0.13445
12.1722	0.13547
12.2008	0.13619
12.2296	0.13693
12.2585	0.13763
12.2876	0.13836
12.3168	0.13896
12.3461	0.13957
12.3755	0.14017
12.4052	0.14089
12.4349	0.14140
12.4648	0.14199
12.4948	0.14242
12.525	0.14280
12.5553	0.14300
12.5858	0.14316
12.6164	0.14306
12.6472	0.14300
12.6781	0.14263
12.7092	0.14226
12.7404	0.14170
12.7718	0.14100
12.8033	0.13986
12.835	0.13837
12.8669	0.13648
12.8989	0.13431
12.9311	0.13165
12.9634	0.12862
12.9959	0.12513
13.0285	0.12112
13.0613	0.11645
13.0943	0.11140
13.1275	0.10551
13.1608	0.09914
13.1943	0.09238
13.228	0.08610
13.2618	0.08176
13.2958	0.08155
13.33	0.08383
13.3643	0.08548
13.3989	0.08590
13.4336	0.08696
13.4685	0.08907
13.5035	0.09193
13.5388	0.09464
13.5742	0.09724
13.6099	0.09933
13.6457	0.10100
13.6817	0.10207
13.7179	0.10291
13.7543	0.10320
13.7908	0.10314
13.8276	0.10279
13.8646	0.10239
13.9018	0.10180
13.9391	0.10109
13.9767	0.09997
14.0145	0.09872
14.0525	0.09731
14.0907	0.09605
14.129	0.09475
14.1677	0.09361
14.2065	0.09235
14.2455	0.09138
14.2847	0.09032
14.3242	0.08917
14.3639	0.08778
14.4038	0.08650
14.4439	0.08519
14.4843	0.08409
14.5248	0.08293
14.5656	0.08180
14.6067	0.08063
14.6479	0.07961
14.6894	0.07856
14.7311	0.07780
14.7731	0.07698
14.8153	0.07618
14.8578	0.07536
14.9005	0.07476
14.9434	0.07391
14.9866	0.07316
15.03	0.07265
15.0737	0.07261
15.1177	0.07269
15.1619	0.07324
15.2063	0.07448
15.2511	0.07676
15.296	0.07968
15.3413	0.08332
15.3868	0.08756
15.4326	0.09243
15.4787	0.09737
15.525	0.10192
15.5717	0.10564
15.6186	0.10858
15.6658	0.11080
15.7132	0.11269
15.761	0.11351
15.809	0.11380
15.8574	0.11344
15.906	0.11252
15.955	0.11059
16.0042	0.10834
16.0538	0.10559
16.1036	0.10265
16.1538	0.09941
16.2043	0.09614
16.2551	0.09266
16.3062	0.08912
16.3576	0.08524
16.4094	0.08169
16.4615	0.07830
16.5139	0.07564
16.5667	0.07309
16.6198	0.07063
16.6732	0.06816
16.727	0.06603
16.7811	0.06389
16.8356	0.06256
16.8905	0.06189
16.9457	0.06227
17.0012	0.06356
17.0572	0.06602
17.1134	0.06916
17.1701	0.07302
17.2272	0.07743
17.2846	0.08239
17.3424	0.08773
17.4006	0.09419
17.4592	0.10073
17.5182	0.10755
17.5775	0.11413
17.6373	0.12025
17.6975	0.12519
17.7581	0.12947
17.8192	0.13235
17.8806	0.13443
17.9425	0.13665
18.0048	0.13957
18.0675	0.14286
18.1307	0.14663
18.1943	0.15065
18.2584	0.15326
18.3229	0.15362
18.3879	0.15300
18.4533	0.15193
18.5192	0.15276
18.5856	0.15636
18.6524	0.16245
18.7198	0.16996
18.7876	0.17763
18.8559	0.18352
18.9247	0.18656
18.9941	0.18515
19.0639	0.18099
19.1343	0.17485
19.2051	0.16895
19.2765	0.16351
19.3485	0.15855
19.4209	0.15294
19.4939	0.14807
19.5675	0.14488
19.6416	0.14374
19.7163	0.14445
19.7915	0.14647
19.8674	0.14643
19.9438	0.14208
20.0208	0.13441
20.0984	0.12625
20.1766	0.11859
20.2554	0.11189
20.3349	0.10645
20.4149	0.10170
20.4956	0.09804
20.5769	0.09584
20.6589	0.09669
20.7415	0.10132
20.8248	0.10889
20.9088	0.11770
20.9934	0.12543
21.0788	0.13186
21.1648	0.13786
21.2516	0.14189
21.3391	0.14377
21.4272	0.14377
21.5161	0.14273
21.6058	0.14207
21.6962	0.14284
21.7873	0.14707
21.8793	0.15478
21.972	0.16323
22.0655	0.17208
22.1598	0.18289
22.2549	0.19422
22.3508	0.20338
22.4475	0.20842
22.5452	0.21045
22.6436	0.21142
22.7429	0.21313
22.8431	0.21732
22.9442	0.22502
23.0462	0.23479
23.1491	0.24497
23.2529	0.25379
23.3576	0.26078
23.4633	0.26587
23.5699	0.26844
23.6776	0.26962
23.7862	0.27110
23.8958	0.27164
24.0064	0.27072
24.1181	0.26674
24.2308	0.25939
24.3446	0.24851
24.4594	0.23614
24.5753	0.22473
24.6923	0.21735
24.8104	0.21406
24.9297	0.21457
25.0502	0.21546
25.1718	0.21501
25.2946	0.21111
25.4185	0.20472
25.5437	0.19678
25.6702	0.18810
25.7979	0.18040
25.9269	0.17522
26.0572	0.17134
26.1888	0.17180
26.3218	0.17398
26.456	0.17601
26.5917	0.17625
26.7288	0.17528
26.8673	0.17475
27.0072	0.17724
27.1486	0.18020
27.2915	0.18322
27.4359	0.18459
27.5818	0.18476
27.7293	0.18381
27.8784	0.18144
28.0291	0.17769
28.1814	0.17395
28.3354	0.16931
28.4911	0.16424
28.6485	0.15930
28.8077	0.15616
28.9686	0.15189
29.1314	0.14800
29.296	0.14395
29.4624	0.14093
29.6307	0.13768
29.801	0.13500
29.9733	0.13129
30.1475	0.12945
30.3238	0.12641
30.5022	0.12412
30.6828	0.12098
30.8654	0.11643
31.0502	0.11220
31.2373	0.10939
31.4266	0.10420
31.6182	0.10033
31.8122	0.09582
32.0085	0.09291
32.2073	0.09235
32.4086	0.09971
32.6124	0.11134
32.8188	0.12131
33.0279	0.13105
33.2396	0.14027
33.4541	0.14462
33.6713	0.15074
33.8914	0.15612
34.1144	0.16062
34.3403	0.16316
34.5692	0.16352
34.8013	0.16299
35.0363	0.16262
35.2747	0.16236
35.5163	0.16264
35.7612	0.16113
36.0096	0.16397
36.2614	0.16942
36.5167	0.17156
36.7758	0.17336
37.0385	0.17425
37.3049	0.17249
37.5753	0.17012
37.8495	0.16585
38.1279	0.16386
38.4103	0.16217
38.6968	0.15891
38.9878	0.15643
39.2832	0.15182
39.583	0.14578
39.8875	0.14519
40.1967	0.14230
40.5108	0.13896
40.8298	0.13682
41.1539	0.13206
41.4831	0.12855
41.8176	0.12714
42.1576	0.13268
42.5032	0.15217
42.8544	0.17117
43.2115	0.18215
43.5746	0.18809
43.9439	0.18501
44.3195	0.17393
44.7015	0.17005
45.0902	0.16762
45.4858	0.16445
45.8884	0.16308
46.2981	0.16521
46.7152	0.16513
47.1399	0.16204
47.5724	0.16518
48.0129	0.17028
48.4616	0.17242
48.9187	0.17262
49.3846	0.17231
49.8594	0.17200
50.3435	0.16840
50.837	0.16927
51.3404	0.17203
51.8538	0.17457
52.3777	0.17314
52.9122	0.17610
53.4576	0.18247
54.0145	0.17976
54.5831	0.17794
55.1637	0.17773
55.7569	0.17271
56.3628	0.17657
56.9822	0.17863
57.6153	0.18492
58.2627	0.18680
58.9247	0.18189
59.602	0.17963
60.2951	0.18253
61.0046	0.17977
61.7309	0.18075
62.4746	0.18464
63.2365	0.19038
64.0172	0.19037
64.8174	0.18564
65.6379	0.17471
66.4792	0.17257
67.3426	0.19736
68.2286	0.19527
69.1384	0.18667
70.0727	0.17528
71.0326	0.15348
72.0191	0.14459
73.0338	0.15514
74.0771	0.17781
75.1507	0.20622
76.2558	0.21313
77.394	0.21575
78.5666	0.22661
79.7754	0.23703
81.0215	0.22157
82.3076	0.11046
83.6351	0.14572
85.0062	0.24913
86.423	0.23970
87.8878	0.23356
89.403	0.23192
90.9715	0.23278
92.596	0.22781
94.2796	0.24266
96.0255	0.26180
97.8373	0.24817
99.7188	0.31075
