Brown University Keck/NASA Relab Spectrum DD-MDD-032/BKR1DD032
Wavelength(micron)	Reflectance
0.3	0.03320
0.305	0.03420
0.31	0.03506
0.315	0.03589
0.32	0.03685
0.325	0.03722
0.33	0.03774
0.335	0.03823
0.34	0.03867
0.345	0.03908
0.35	0.03954
0.355	0.04003
0.36	0.04057
0.365	0.04103
0.37	0.04147
0.375	0.04187
0.38	0.04227
0.385	0.04275
0.39	0.04316
0.395	0.04353
0.4	0.04392
0.405	0.04409
0.41	0.04443
0.415	0.04455
0.42	0.04477
0.425	0.04494
0.43	0.04511
0.435	0.04535
0.44	0.04558
0.445	0.04572
0.45	0.04592
0.455	0.04613
0.46	0.04629
0.465	0.04647
0.47	0.04670
0.475	0.04695
0.48	0.04722
0.485	0.04745
0.49	0.04767
0.495	0.04798
0.5	0.04819
0.505	0.04836
0.51	0.04880
0.515	0.04926
0.52	0.04965
0.525	0.05003
0.53	0.05027
0.535	0.05055
0.54	0.05078
0.545	0.05091
0.55	0.05098
0.555	0.05111
0.56	0.05133
0.565	0.05145
0.57	0.05158
0.575	0.05173
0.58	0.05183
0.585	0.05184
0.59	0.05184
0.595	0.05189
0.6	0.05189
0.605	0.05199
0.61	0.05207
0.615	0.05215
0.62	0.05219
0.625	0.05229
0.63	0.05230
0.635	0.05233
0.64	0.05239
0.645	0.05241
0.65	0.05246
0.655	0.05245
0.66	0.05251
0.665	0.05254
0.67	0.05256
0.675	0.05270
0.68	0.05285
0.685	0.05281
0.69	0.05290
0.695	0.05291
0.7	0.05304
0.705	0.05308
0.71	0.05332
0.715	0.05339
0.72	0.05350
0.725	0.05342
0.73	0.05357
0.735	0.05355
0.74	0.05353
0.745	0.05344
0.75	0.05325
0.755	0.05320
0.76	0.05301
0.765	0.05282
0.77	0.05262
0.775	0.05243
0.78	0.05204
0.785	0.05189
0.79	0.05161
0.795	0.05122
0.8	0.05112
0.805	0.05076
0.81	0.05033
0.815	0.04988
0.82	0.04943
0.825	0.04894
0.83	0.04846
0.835	0.04794
0.84	0.04750
0.845	0.04701
0.85	0.04664
0.855	0.04604
0.86	0.04568
0.865	0.04529
0.87	0.04496
0.875	0.04458
0.88	0.04432
0.885	0.04400
0.89	0.04371
0.895	0.04340
0.9	0.04315
0.905	0.04284
0.91	0.04258
0.915	0.04235
0.92	0.04217
0.925	0.04193
0.93	0.04178
0.935	0.04162
0.94	0.04152
0.945	0.04135
0.95	0.04126
0.955	0.04114
0.96	0.04109
0.965	0.04095
0.97	0.04089
0.975	0.04083
0.98	0.04082
0.985	0.04075
0.99	0.04077
0.995	0.04084
1	0.04084
1.005	0.04090
1.01	0.04099
1.015	0.04104
1.02	0.04110
1.025	0.04122
1.03	0.04133
1.035	0.04149
1.04	0.04168
1.045	0.04185
1.05	0.04204
1.055	0.04223
1.06	0.04238
1.065	0.04259
1.07	0.04275
1.075	0.04295
1.08	0.04311
1.085	0.04333
1.09	0.04355
1.095	0.04378
1.1	0.04400
1.105	0.04430
1.11	0.04456
1.115	0.04480
1.12	0.04507
1.125	0.04533
1.13	0.04556
1.135	0.04576
1.14	0.04594
1.145	0.04612
1.15	0.04630
1.155	0.04645
1.16	0.04667
1.165	0.04687
1.17	0.04703
1.175	0.04711
1.18	0.04722
1.185	0.04731
1.19	0.04738
1.195	0.04744
1.2	0.04761
1.205	0.04773
1.21	0.04779
1.215	0.04790
1.22	0.04797
1.225	0.04798
1.23	0.04799
1.235	0.04801
1.24	0.04798
1.245	0.04804
1.25	0.04808
1.255	0.04811
1.26	0.04817
1.265	0.04825
1.27	0.04829
1.275	0.04835
1.28	0.04844
1.285	0.04852
1.29	0.04858
1.295	0.04869
1.3	0.04876
1.305	0.04884
1.31	0.04894
1.315	0.04907
1.32	0.04918
1.325	0.04934
1.33	0.04942
1.335	0.04959
1.34	0.04972
1.345	0.04979
1.35	0.04985
1.355	0.05000
1.36	0.05009
1.365	0.05028
1.37	0.05047
1.375	0.05062
1.38	0.05083
1.385	0.05104
1.39	0.05121
1.395	0.05140
1.4	0.05162
1.405	0.05179
1.41	0.05196
1.415	0.05211
1.42	0.05228
1.425	0.05246
1.43	0.05265
1.435	0.05283
1.44	0.05304
1.445	0.05324
1.45	0.05340
1.455	0.05350
1.46	0.05363
1.465	0.05376
1.47	0.05391
1.475	0.05412
1.48	0.05433
1.485	0.05451
1.49	0.05469
1.495	0.05481
1.5	0.05493
1.505	0.05506
1.51	0.05525
1.515	0.05533
1.52	0.05549
1.525	0.05560
1.53	0.05576
1.535	0.05591
1.54	0.05617
1.545	0.05633
1.55	0.05651
1.555	0.05664
1.56	0.05677
1.565	0.05683
1.57	0.05691
1.575	0.05701
1.58	0.05715
1.585	0.05724
1.59	0.05733
1.595	0.05749
1.6	0.05762
1.605	0.05768
1.61	0.05777
1.615	0.05788
1.62	0.05794
1.625	0.05793
1.63	0.05800
1.635	0.05809
1.64	0.05818
1.645	0.05831
1.65	0.05849
1.655	0.05861
1.66	0.05876
1.665	0.05892
1.67	0.05901
1.675	0.05915
1.68	0.05924
1.685	0.05927
1.69	0.05932
1.695	0.05942
1.7	0.05952
1.705	0.05959
1.71	0.05970
1.715	0.05968
1.72	0.05967
1.725	0.05984
1.73	0.05988
1.735	0.05991
1.74	0.06001
1.745	0.05999
1.75	0.06001
1.755	0.05990
1.76	0.06007
1.765	0.06029
1.77	0.06003
1.775	0.06018
1.78	0.06052
1.785	0.06043
1.79	0.06036
1.795	0.06047
1.8	0.06049
1.805	0.06045
1.81	0.06057
1.815	0.06054
1.82	0.06050
1.825	0.06057
1.83	0.06059
1.835	0.06055
1.84	0.06050
1.845	0.06088
1.85	0.06096
1.855	0.06107
1.86	0.06104
1.865	0.06115
1.87	0.06129
1.875	0.06134
1.88	0.06133
1.885	0.06151
1.89	0.06145
1.895	0.06144
1.9	0.06153
1.905	0.06160
1.91	0.06166
1.915	0.06188
1.92	0.06201
1.925	0.06215
1.93	0.06228
1.935	0.06231
1.94	0.06231
1.945	0.06236
1.95	0.06244
1.955	0.06250
1.96	0.06264
1.965	0.06271
1.97	0.06269
1.975	0.06278
1.98	0.06289
1.985	0.06310
1.99	0.06331
1.995	0.06341
2	0.06362
2.005	0.06343
2.01	0.06363
2.015	0.06394
2.02	0.06384
2.025	0.06401
2.03	0.06420
2.035	0.06417
2.04	0.06444
2.045	0.06436
2.05	0.06476
2.055	0.06479
2.06	0.06497
2.065	0.06496
2.07	0.06531
2.075	0.06535
2.08	0.06559
2.085	0.06570
2.09	0.06601
2.095	0.06586
2.1	0.06607
2.105	0.06625
2.11	0.06636
2.115	0.06641
2.12	0.06674
2.125	0.06702
2.13	0.06721
2.135	0.06727
2.14	0.06746
2.145	0.06760
2.15	0.06755
2.155	0.06796
2.16	0.06810
2.165	0.06824
2.17	0.06865
2.175	0.06854
2.18	0.06876
2.185	0.06893
2.19	0.06916
2.195	0.06927
2.2	0.06964
2.205	0.06980
2.21	0.06978
2.215	0.07022
2.22	0.07020
2.225	0.07072
2.23	0.07102
2.235	0.07109
2.24	0.07117
2.245	0.07151
2.25	0.07149
2.255	0.07172
2.26	0.07212
2.265	0.07226
2.27	0.07245
2.275	0.07267
2.28	0.07285
2.285	0.07310
2.29	0.07314
2.295	0.07374
2.3	0.07360
2.3016	0.07362
2.3026	0.07374
2.3036	0.07380
2.3046	0.07387
2.3056	0.07388
2.3067	0.07388
2.3077	0.07392
2.3087	0.07401
2.3098	0.07403
2.3108	0.07402
2.3118	0.07399
2.3129	0.07410
2.3139	0.07425
2.3149	0.07420
2.3159	0.07423
2.317	0.07434
2.318	0.07445
2.3191	0.07451
2.3201	0.07450
2.3211	0.07449
2.3222	0.07450
2.3232	0.07455
2.3243	0.07458
2.3253	0.07458
2.3263	0.07464
2.3274	0.07466
2.3284	0.07466
2.3295	0.07469
2.3305	0.07473
2.3316	0.07483
2.3326	0.07488
2.3337	0.07492
2.3347	0.07497
2.3358	0.07496
2.3368	0.07500
2.3379	0.07509
2.3389	0.07511
2.34	0.07505
2.341	0.07516
2.3421	0.07528
2.3432	0.07529
2.3442	0.07531
2.3453	0.07537
2.3463	0.07538
2.3474	0.07535
2.3485	0.07541
2.3495	0.07549
2.3506	0.07545
2.3517	0.07548
2.3527	0.07555
2.3538	0.07552
2.3549	0.07557
2.3559	0.07574
2.357	0.07578
2.3581	0.07578
2.3591	0.07583
2.3602	0.07587
2.3613	0.07586
2.3624	0.07592
2.3634	0.07597
2.3645	0.07597
2.3656	0.07595
2.3667	0.07598
2.3678	0.07607
2.3689	0.07613
2.3699	0.07616
2.371	0.07620
2.3721	0.07622
2.3732	0.07627
2.3743	0.07633
2.3754	0.07641
2.3764	0.07641
2.3775	0.07642
2.3786	0.07644
2.3797	0.07651
2.3808	0.07651
2.3819	0.07648
2.383	0.07656
2.3841	0.07665
2.3852	0.07663
2.3863	0.07667
2.3874	0.07678
2.3885	0.07679
2.3896	0.07682
2.3907	0.07688
2.3918	0.07697
2.3929	0.07702
2.394	0.07705
2.3951	0.07706
2.3962	0.07708
2.3973	0.07722
2.3984	0.07726
2.3996	0.07722
2.4007	0.07725
2.4018	0.07727
2.4029	0.07730
2.404	0.07741
2.4051	0.07750
2.4062	0.07748
2.4074	0.07746
2.4085	0.07753
2.4096	0.07755
2.4107	0.07758
2.4118	0.07765
2.4129	0.07769
2.4141	0.07775
2.4152	0.07783
2.4163	0.07781
2.4174	0.07782
2.4186	0.07787
2.4197	0.07793
2.4208	0.07798
2.422	0.07802
2.4231	0.07810
2.4242	0.07818
2.4254	0.07819
2.4265	0.07819
2.4276	0.07824
2.4288	0.07826
2.4299	0.07827
2.4311	0.07831
2.4322	0.07834
2.4333	0.07836
2.4345	0.07841
2.4356	0.07850
2.4368	0.07857
2.4379	0.07860
2.4391	0.07858
2.4402	0.07862
2.4414	0.07865
2.4425	0.07863
2.4436	0.07868
2.4448	0.07878
2.446	0.07884
2.4471	0.07884
2.4483	0.07891
2.4494	0.07902
2.4506	0.07907
2.4517	0.07906
2.4529	0.07904
2.4541	0.07915
2.4552	0.07925
2.4564	0.07923
2.4576	0.07920
2.4587	0.07923
2.4599	0.07931
2.4611	0.07941
2.4622	0.07945
2.4634	0.07948
2.4646	0.07952
2.4657	0.07958
2.4669	0.07960
2.4681	0.07965
2.4693	0.07967
2.4704	0.07965
2.4716	0.07965
2.4728	0.07972
2.474	0.07977
2.4751	0.07983
2.4763	0.07990
2.4775	0.07994
2.4787	0.07992
2.4799	0.07997
2.4811	0.08010
2.4823	0.08016
2.4834	0.08009
2.4846	0.08006
2.4858	0.08013
2.487	0.08022
2.4882	0.08023
2.4894	0.08023
2.4906	0.08028
2.4918	0.08036
2.493	0.08038
2.4942	0.08041
2.4954	0.08046
2.4966	0.08055
2.4978	0.08058
2.499	0.08057
2.5002	0.08059
2.5014	0.08066
2.5026	0.08072
2.5038	0.08072
2.505	0.08075
2.5063	0.08075
2.5075	0.08075
2.5087	0.08087
2.5099	0.08096
2.5111	0.08101
2.5123	0.08106
2.5135	0.08105
2.5148	0.08104
2.516	0.08112
2.5172	0.08118
2.5184	0.08122
2.5196	0.08129
2.5209	0.08139
2.5221	0.08140
2.5233	0.08134
2.5246	0.08132
2.5258	0.08136
2.527	0.08146
2.5283	0.08156
2.5295	0.08157
2.5307	0.08156
2.5319	0.08158
2.5332	0.08166
2.5344	0.08173
2.5357	0.08177
2.5369	0.08176
2.5381	0.08175
2.5394	0.08184
2.5406	0.08194
2.5419	0.08194
2.5431	0.08193
2.5444	0.08200
2.5456	0.08209
2.5469	0.08211
2.5481	0.08211
2.5494	0.08208
2.5506	0.08209
2.5519	0.08217
2.5531	0.08225
2.5544	0.08229
2.5557	0.08237
2.5569	0.08241
2.5582	0.08238
2.5594	0.08244
2.5607	0.08262
2.562	0.08263
2.5632	0.08265
2.5645	0.08269
2.5658	0.08265
2.5671	0.08263
2.5683	0.08268
2.5696	0.08278
2.5709	0.08274
2.5721	0.08273
2.5734	0.08288
2.5747	0.08287
2.576	0.08294
2.5773	0.08302
2.5785	0.08296
2.5798	0.08302
2.5811	0.08313
2.5824	0.08312
2.5837	0.08321
2.585	0.08319
2.5863	0.08317
2.5875	0.08324
2.5888	0.08325
2.5901	0.08329
2.5914	0.08333
2.5927	0.08345
2.594	0.08371
2.5953	0.08372
2.5966	0.08341
2.5979	0.08341
2.5992	0.08352
2.6005	0.08356
2.6018	0.08359
2.6031	0.08368
2.6044	0.08378
2.6058	0.08376
2.6071	0.08374
2.6084	0.08382
2.6097	0.08386
2.611	0.08383
2.6123	0.08384
2.6136	0.08391
2.6149	0.08395
2.6163	0.08408
2.6176	0.08412
2.6189	0.08406
2.6202	0.08417
2.6216	0.08412
2.6229	0.08407
2.6242	0.08414
2.6255	0.08424
2.6269	0.08431
2.6282	0.08423
2.6295	0.08433
2.6309	0.08441
2.6322	0.08430
2.6335	0.08437
2.6349	0.08442
2.6362	0.08444
2.6376	0.08446
2.6389	0.08445
2.6402	0.08444
2.6416	0.08441
2.6429	0.08441
2.6443	0.08445
2.6456	0.08453
2.647	0.08458
2.6483	0.08461
2.6497	0.08469
2.651	0.08477
2.6524	0.08485
2.6538	0.08484
2.6551	0.08485
2.6565	0.08479
2.6578	0.08479
2.6592	0.08490
2.6606	0.08491
2.6619	0.08492
2.6633	0.08498
2.6647	0.08508
2.666	0.08505
2.6674	0.08492
2.6688	0.08484
2.6701	0.08501
2.6715	0.08494
2.6729	0.08486
2.6743	0.08489
2.6757	0.08499
2.677	0.08510
2.6784	0.08509
2.6798	0.08504
2.6812	0.08496
2.6826	0.08502
2.684	0.08505
2.6854	0.08505
2.6868	0.08510
2.6881	0.08513
2.6895	0.08507
2.6909	0.08507
2.6923	0.08522
2.6937	0.08538
2.6951	0.08537
2.6965	0.08536
2.6979	0.08535
2.6993	0.08538
2.7008	0.08547
2.7021	0.08546
2.7036	0.08535
2.705	0.08533
2.7064	0.08533
2.7078	0.08538
2.7092	0.08546
2.7106	0.08546
2.7121	0.08530
2.7135	0.08519
2.7149	0.08523
2.7163	0.08527
2.7177	0.08532
2.7192	0.08543
2.7206	0.08553
2.722	0.08532
2.7234	0.08527
2.7249	0.08529
2.7263	0.08516
2.7277	0.08510
2.7292	0.08509
2.7306	0.08503
2.7321	0.08493
2.7335	0.08494
2.7349	0.08501
2.7364	0.08496
2.7378	0.08497
2.7393	0.08500
2.7407	0.08492
2.7422	0.08485
2.7436	0.08475
2.7451	0.08464
2.7465	0.08459
2.748	0.08460
2.7494	0.08454
2.7509	0.08446
2.7524	0.08441
2.7538	0.08443
2.7553	0.08452
2.7567	0.08435
2.7582	0.08420
2.7597	0.08413
2.7611	0.08407
2.7626	0.08409
2.7641	0.08398
2.7656	0.08391
2.767	0.08392
2.7685	0.08387
2.77	0.08380
2.7715	0.08378
2.773	0.08370
2.7744	0.08361
2.7759	0.08357
2.7774	0.08352
2.7789	0.08343
2.7804	0.08337
2.7819	0.08332
2.7834	0.08325
2.7849	0.08325
2.7864	0.08321
2.7879	0.08313
2.7894	0.08306
2.7909	0.08298
2.7924	0.08291
2.7939	0.08284
2.7954	0.08280
2.7969	0.08278
2.7984	0.08270
2.7999	0.08261
2.8014	0.08259
2.8029	0.08264
2.8044	0.08255
2.806	0.08246
2.8075	0.08248
2.809	0.08240
2.8105	0.08232
2.8121	0.08228
2.8136	0.08225
2.8151	0.08220
2.8166	0.08219
2.8182	0.08220
2.8197	0.08216
2.8212	0.08208
2.8228	0.08200
2.8243	0.08198
2.8259	0.08196
2.8274	0.08189
2.8289	0.08182
2.8305	0.08177
2.832	0.08174
2.8336	0.08175
2.8351	0.08181
2.8367	0.08178
2.8382	0.08172
2.8398	0.08169
2.8413	0.08166
2.8429	0.08159
2.8444	0.08155
2.846	0.08153
2.8476	0.08151
2.8491	0.08153
2.8507	0.08151
2.8523	0.08148
2.8538	0.08144
2.8554	0.08144
2.857	0.08148
2.8586	0.08146
2.8601	0.08139
2.8617	0.08134
2.8633	0.08132
2.8649	0.08132
2.8665	0.08132
2.8681	0.08131
2.8696	0.08129
2.8712	0.08127
2.8728	0.08122
2.8744	0.08115
2.876	0.08116
2.8776	0.08119
2.8792	0.08121
2.8808	0.08118
2.8824	0.08111
2.884	0.08109
2.8856	0.08115
2.8872	0.08120
2.8888	0.08117
2.8904	0.08114
2.892	0.08113
2.8936	0.08114
2.8953	0.08113
2.8969	0.08115
2.8985	0.08117
2.9001	0.08121
2.9018	0.08115
2.9034	0.08106
2.905	0.08106
2.9066	0.08108
2.9083	0.08108
2.9099	0.08102
2.9115	0.08101
2.9132	0.08107
2.9148	0.08106
2.9164	0.08102
2.9181	0.08101
2.9197	0.08100
2.9214	0.08104
2.923	0.08105
2.9247	0.08106
2.9263	0.08107
2.928	0.08107
2.9296	0.08108
2.9313	0.08106
2.9329	0.08108
2.9346	0.08110
2.9363	0.08110
2.9379	0.08109
2.9396	0.08107
2.9413	0.08103
2.9429	0.08105
2.9446	0.08108
2.9463	0.08111
2.9479	0.08109
2.9496	0.08107
2.9513	0.08112
2.953	0.08118
2.9547	0.08121
2.9564	0.08122
2.958	0.08122
2.9597	0.08124
2.9614	0.08124
2.9631	0.08128
2.9648	0.08130
2.9665	0.08129
2.9682	0.08128
2.9699	0.08130
2.9716	0.08134
2.9733	0.08142
2.975	0.08143
2.9767	0.08138
2.9784	0.08137
2.9801	0.08143
2.9818	0.08146
2.9836	0.08145
2.9853	0.08148
2.987	0.08152
2.9887	0.08152
2.9904	0.08155
2.9922	0.08157
2.9939	0.08159
2.9956	0.08161
2.9974	0.08166
2.9991	0.08168
3.0008	0.08171
3.0026	0.08172
3.0043	0.08174
3.0061	0.08175
3.0078	0.08173
3.0095	0.08173
3.0113	0.08177
3.013	0.08180
3.0148	0.08184
3.0165	0.08189
3.0183	0.08192
3.0201	0.08192
3.0218	0.08189
3.0236	0.08183
3.0253	0.08182
3.0271	0.08188
3.0289	0.08196
3.0306	0.08195
3.0324	0.08196
3.0342	0.08199
3.036	0.08201
3.0377	0.08199
3.0395	0.08204
3.0413	0.08212
3.0431	0.08212
3.0449	0.08210
3.0467	0.08212
3.0485	0.08217
3.0503	0.08219
3.0521	0.08226
3.0538	0.08229
3.0556	0.08226
3.0574	0.08220
3.0593	0.08224
3.0611	0.08228
3.0629	0.08231
3.0647	0.08234
3.0665	0.08234
3.0683	0.08237
3.0701	0.08236
3.0719	0.08235
3.0738	0.08239
3.0756	0.08240
3.0774	0.08246
3.0792	0.08249
3.0811	0.08249
3.0829	0.08250
3.0847	0.08250
3.0866	0.08251
3.0884	0.08254
3.0902	0.08258
3.0921	0.08256
3.0939	0.08256
3.0958	0.08261
3.0976	0.08268
3.0995	0.08268
3.1013	0.08269
3.1032	0.08268
3.1051	0.08267
3.1069	0.08271
3.1088	0.08272
3.1106	0.08273
3.1125	0.08276
3.1144	0.08281
3.1162	0.08285
3.1181	0.08284
3.12	0.08284
3.1219	0.08286
3.1238	0.08292
3.1256	0.08296
3.1275	0.08296
3.1294	0.08298
3.1313	0.08301
3.1332	0.08304
3.1351	0.08305
3.137	0.08305
3.1389	0.08309
3.1408	0.08314
3.1427	0.08319
3.1446	0.08321
3.1465	0.08322
3.1484	0.08324
3.1503	0.08324
3.1522	0.08325
3.1541	0.08328
3.1561	0.08331
3.158	0.08336
3.1599	0.08338
3.1618	0.08342
3.1638	0.08346
3.1657	0.08345
3.1676	0.08344
3.1696	0.08346
3.1715	0.08344
3.1734	0.08347
3.1754	0.08357
3.1773	0.08361
3.1793	0.08363
3.1812	0.08368
3.1832	0.08368
3.1851	0.08365
3.1871	0.08369
3.1891	0.08374
3.191	0.08374
3.193	0.08374
3.195	0.08378
3.1969	0.08384
3.1989	0.08385
3.2009	0.08389
3.2029	0.08391
3.2048	0.08385
3.2068	0.08387
3.2088	0.08390
3.2108	0.08392
3.2128	0.08398
3.2148	0.08398
3.2168	0.08396
3.2188	0.08401
3.2208	0.08407
3.2228	0.08413
3.2248	0.08416
3.2268	0.08416
3.2288	0.08415
3.2308	0.08416
3.2328	0.08420
3.2348	0.08420
3.2368	0.08423
3.2389	0.08428
3.2409	0.08429
3.2429	0.08427
3.2449	0.08425
3.247	0.08424
3.249	0.08427
3.2511	0.08433
3.2531	0.08439
3.2551	0.08444
3.2572	0.08445
3.2592	0.08443
3.2613	0.08445
3.2633	0.08451
3.2654	0.08455
3.2674	0.08458
3.2695	0.08458
3.2716	0.08459
3.2736	0.08461
3.2757	0.08463
3.2778	0.08464
3.2798	0.08465
3.2819	0.08462
3.284	0.08464
3.2861	0.08467
3.2882	0.08466
3.2902	0.08469
3.2923	0.08471
3.2944	0.08473
3.2965	0.08477
3.2986	0.08477
3.3007	0.08480
3.3028	0.08484
3.3049	0.08484
3.307	0.08484
3.3091	0.08483
3.3113	0.08485
3.3134	0.08487
3.3155	0.08490
3.3176	0.08490
3.3197	0.08488
3.3219	0.08490
3.324	0.08495
3.3261	0.08500
3.3283	0.08498
3.3304	0.08496
3.3325	0.08498
3.3347	0.08496
3.3368	0.08495
3.339	0.08497
3.3411	0.08494
3.3433	0.08495
3.3454	0.08498
3.3476	0.08496
3.3498	0.08494
3.3519	0.08494
3.3541	0.08490
3.3563	0.08487
3.3584	0.08489
3.3606	0.08485
3.3628	0.08481
3.365	0.08474
3.3672	0.08467
3.3694	0.08464
3.3715	0.08462
3.3737	0.08455
3.3759	0.08450
3.3781	0.08447
3.3803	0.08448
3.3825	0.08450
3.3847	0.08452
3.3869	0.08454
3.3892	0.08459
3.3914	0.08460
3.3936	0.08456
3.3958	0.08448
3.3981	0.08439
3.4003	0.08430
3.4025	0.08429
3.4047	0.08423
3.407	0.08412
3.4092	0.08401
3.4115	0.08390
3.4137	0.08381
3.416	0.08381
3.4182	0.08384
3.4205	0.08391
3.4227	0.08400
3.425	0.08413
3.4273	0.08427
3.4295	0.08439
3.4318	0.08446
3.4341	0.08455
3.4363	0.08466
3.4386	0.08474
3.4409	0.08479
3.4432	0.08485
3.4455	0.08493
3.4478	0.08495
3.4501	0.08497
3.4523	0.08501
3.4546	0.08506
3.4569	0.08511
3.4593	0.08512
3.4616	0.08512
3.4639	0.08513
3.4662	0.08516
3.4685	0.08518
3.4708	0.08516
3.4732	0.08514
3.4755	0.08514
3.4778	0.08509
3.4801	0.08504
3.4825	0.08503
3.4848	0.08506
3.4872	0.08502
3.4895	0.08496
3.4919	0.08491
3.4942	0.08485
3.4966	0.08475
3.4989	0.08466
3.5013	0.08460
3.5037	0.08462
3.506	0.08467
3.5084	0.08476
3.5108	0.08490
3.5132	0.08502
3.5155	0.08512
3.5179	0.08518
3.5203	0.08522
3.5227	0.08524
3.5251	0.08526
3.5275	0.08529
3.5299	0.08532
3.5323	0.08534
3.5347	0.08535
3.5371	0.08534
3.5395	0.08536
3.5419	0.08536
3.5444	0.08532
3.5468	0.08534
3.5492	0.08534
3.5517	0.08534
3.5541	0.08533
3.5565	0.08530
3.559	0.08529
3.5614	0.08530
3.5639	0.08529
3.5663	0.08527
3.5688	0.08528
3.5712	0.08530
3.5737	0.08525
3.5761	0.08524
3.5786	0.08525
3.5811	0.08524
3.5836	0.08522
3.586	0.08520
3.5885	0.08519
3.591	0.08519
3.5935	0.08518
3.596	0.08515
3.5985	0.08514
3.601	0.08512
3.6035	0.08508
3.606	0.08507
3.6085	0.08508
3.611	0.08506
3.6135	0.08503
3.6161	0.08502
3.6186	0.08498
3.6211	0.08496
3.6236	0.08495
3.6262	0.08492
3.6287	0.08491
3.6313	0.08490
3.6338	0.08487
3.6363	0.08485
3.6389	0.08481
3.6414	0.08478
3.644	0.08476
3.6466	0.08475
3.6491	0.08470
3.6517	0.08468
3.6543	0.08467
3.6569	0.08465
3.6594	0.08463
3.662	0.08460
3.6646	0.08456
3.6672	0.08452
3.6698	0.08449
3.6724	0.08449
3.675	0.08444
3.6776	0.08442
3.6802	0.08441
3.6828	0.08438
3.6854	0.08435
3.6881	0.08431
3.6907	0.08428
3.6933	0.08425
3.6959	0.08419
3.6986	0.08415
3.7012	0.08412
3.7039	0.08408
3.7065	0.08405
3.7092	0.08404
3.7118	0.08402
3.7145	0.08398
3.7171	0.08391
3.7198	0.08387
3.7225	0.08386
3.7252	0.08382
3.7278	0.08377
3.7305	0.08371
3.7332	0.08368
3.7359	0.08367
3.7386	0.08365
3.7413	0.08360
3.744	0.08354
3.7467	0.08351
3.7494	0.08345
3.7521	0.08341
3.7548	0.08337
3.7576	0.08333
3.7603	0.08329
3.763	0.08324
3.7657	0.08319
3.7685	0.08315
3.7712	0.08310
3.774	0.08305
3.7767	0.08301
3.7795	0.08295
3.7822	0.08289
3.785	0.08284
3.7877	0.08282
3.7905	0.08280
3.7933	0.08274
3.7961	0.08268
3.7988	0.08264
3.8016	0.08261
3.8044	0.08257
3.8072	0.08250
3.81	0.08242
3.8128	0.08238
3.8156	0.08236
3.8184	0.08234
3.8212	0.08231
3.8241	0.08226
3.8269	0.08222
3.8297	0.08219
3.8325	0.08213
3.8354	0.08206
3.8382	0.08201
3.8411	0.08199
3.8439	0.08193
3.8468	0.08188
3.8496	0.08185
3.8525	0.08180
3.8553	0.08174
3.8582	0.08172
3.8611	0.08168
3.8639	0.08163
3.8668	0.08158
3.8697	0.08155
3.8726	0.08149
3.8755	0.08144
3.8784	0.08138
3.8813	0.08137
3.8842	0.08133
3.8871	0.08126
3.89	0.08121
3.893	0.08116
3.8959	0.08111
3.8988	0.08109
3.9017	0.08105
3.9047	0.08099
3.9076	0.08093
3.9106	0.08089
3.9135	0.08085
3.9165	0.08080
3.9194	0.08073
3.9224	0.08067
3.9254	0.08061
3.9284	0.08056
3.9313	0.08049
3.9343	0.08043
3.9373	0.08035
3.9403	0.08027
3.9433	0.08022
3.9463	0.08019
3.9493	0.08013
3.9523	0.08006
3.9553	0.07999
3.9583	0.07993
3.9614	0.07986
3.9644	0.07979
3.9674	0.07974
3.9705	0.07971
3.9735	0.07966
3.9766	0.07958
3.9796	0.07946
3.9826	0.07937
3.9857	0.07928
3.9888	0.07922
3.9919	0.07918
3.9949	0.07911
3.998	0.07900
4.0011	0.07891
4.0042	0.07883
4.0073	0.07872
4.0104	0.07863
4.0135	0.07858
4.0166	0.07849
4.0197	0.07841
4.0228	0.07833
4.0259	0.07826
4.0291	0.07817
4.0322	0.07812
4.0353	0.07805
4.0385	0.07800
4.0416	0.07794
4.0448	0.07786
4.0479	0.07780
4.0511	0.07775
4.0543	0.07768
4.0574	0.07764
4.0606	0.07759
4.0638	0.07754
4.067	0.07751
4.0702	0.07746
4.0734	0.07738
4.0766	0.07731
4.0798	0.07725
4.083	0.07719
4.0862	0.07713
4.0894	0.07710
4.0927	0.07704
4.0959	0.07696
4.0991	0.07688
4.1024	0.07682
4.1056	0.07674
4.1089	0.07666
4.1121	0.07659
4.1154	0.07655
4.1187	0.07647
4.122	0.07638
4.1252	0.07631
4.1285	0.07622
4.1318	0.07611
4.1351	0.07604
4.1384	0.07596
4.1417	0.07587
4.145	0.07579
4.1483	0.07573
4.1516	0.07565
4.155	0.07557
4.1583	0.07548
4.1616	0.07541
4.165	0.07531
4.1683	0.07523
4.1717	0.07514
4.175	0.07506
4.1784	0.07497
4.1818	0.07487
4.1852	0.07476
4.1885	0.07469
4.1919	0.07463
4.1953	0.07457
4.1987	0.07446
4.2021	0.07436
4.2055	0.07430
4.2089	0.07424
4.2124	0.07418
4.2158	0.07412
4.2192	0.07407
4.2226	0.07401
4.2261	0.07390
4.2295	0.07380
4.233	0.07371
4.2365	0.07362
4.2399	0.07353
4.2434	0.07343
4.2469	0.07327
4.2503	0.07311
4.2538	0.07298
4.2573	0.07287
4.2608	0.07281
4.2643	0.07281
4.2678	0.07273
4.2713	0.07263
4.2749	0.07252
4.2784	0.07244
4.2819	0.07233
4.2855	0.07222
4.289	0.07212
4.2926	0.07201
4.2961	0.07190
4.2997	0.07180
4.3033	0.07170
4.3068	0.07158
4.3104	0.07146
4.314	0.07136
4.3176	0.07125
4.3212	0.07115
4.3248	0.07103
4.3284	0.07091
4.332	0.07081
4.3356	0.07071
4.3393	0.07060
4.3429	0.07047
4.3465	0.07036
4.3502	0.07028
4.3538	0.07018
4.3575	0.07008
4.3611	0.06997
4.3648	0.06988
4.3685	0.06978
4.3722	0.06967
4.3759	0.06956
4.3796	0.06945
4.3833	0.06934
4.387	0.06923
4.3907	0.06911
4.3944	0.06901
4.3981	0.06893
4.4019	0.06883
4.4056	0.06868
4.4094	0.06858
4.4131	0.06849
4.4169	0.06840
4.4206	0.06830
4.4244	0.06819
4.4282	0.06808
4.432	0.06798
4.4358	0.06786
4.4396	0.06773
4.4434	0.06763
4.4472	0.06753
4.451	0.06741
4.4548	0.06731
4.4586	0.06721
4.4625	0.06710
4.4663	0.06699
4.4702	0.06689
4.474	0.06679
4.4779	0.06667
4.4818	0.06655
4.4856	0.06644
4.4895	0.06632
4.4934	0.06622
4.4973	0.06609
4.5012	0.06596
4.5051	0.06584
4.509	0.06572
4.513	0.06559
4.5169	0.06548
4.5209	0.06534
4.5248	0.06523
4.5287	0.06512
4.5327	0.06498
4.5367	0.06484
4.5406	0.06473
4.5446	0.06458
4.5486	0.06446
4.5526	0.06429
4.5566	0.06414
4.5606	0.06403
4.5646	0.06389
4.5686	0.06373
4.5727	0.06360
4.5767	0.06346
4.5808	0.06333
4.5848	0.06317
4.5889	0.06300
4.5929	0.06286
4.597	0.06273
4.6011	0.06257
4.6052	0.06240
4.6093	0.06222
4.6134	0.06209
4.6175	0.06196
4.6216	0.06181
4.6257	0.06164
4.6298	0.06148
4.634	0.06134
4.6381	0.06122
4.6423	0.06106
4.6464	0.06091
4.6506	0.06074
4.6548	0.06056
4.659	0.06040
4.6631	0.06028
4.6673	0.06013
4.6715	0.05997
4.6758	0.05978
4.68	0.05959
4.6842	0.05941
4.6884	0.05929
4.6927	0.05916
4.6969	0.05899
4.7012	0.05882
4.7055	0.05869
4.7097	0.05856
4.714	0.05840
4.7183	0.05824
4.7226	0.05809
4.7269	0.05793
4.7312	0.05779
4.7355	0.05765
4.7399	0.05752
4.7442	0.05735
4.7485	0.05722
4.7529	0.05707
4.7573	0.05690
4.7616	0.05674
4.766	0.05661
4.7704	0.05645
4.7748	0.05629
4.7792	0.05611
4.7836	0.05594
4.788	0.05576
4.7924	0.05558
4.7969	0.05540
4.8013	0.05523
4.8058	0.05503
4.8102	0.05483
4.8147	0.05467
4.8191	0.05451
4.8236	0.05432
4.8281	0.05413
4.8326	0.05391
4.8371	0.05371
4.8416	0.05348
4.8462	0.05326
4.8507	0.05303
4.8553	0.05280
4.8598	0.05254
4.8644	0.05230
4.8689	0.05207
4.8735	0.05180
4.8781	0.05149
4.8827	0.05121
4.8873	0.05089
4.8919	0.05055
4.8965	0.05020
4.9011	0.04983
4.9058	0.04943
4.9104	0.04903
4.9151	0.04862
4.9197	0.04821
4.9244	0.04778
4.9291	0.04737
4.9338	0.04697
4.9385	0.04657
4.9432	0.04620
4.9479	0.04587
4.9526	0.04552
4.9574	0.04519
4.9621	0.04492
4.9669	0.04468
4.9716	0.04444
4.9764	0.04421
4.9812	0.04399
4.986	0.04382
4.9908	0.04367
4.9956	0.04354
5.0004	0.04344
5.0052	0.04336
5.01	0.04329
5.0149	0.04325
5.0198	0.04318
5.0246	0.04312
5.0295	0.04307
5.0344	0.04301
5.0393	0.04295
5.0442	0.04289
5.0491	0.04284
5.054	0.04277
5.0589	0.04272
5.0639	0.04268
5.0688	0.04262
5.0738	0.04254
5.0788	0.04246
5.0837	0.04238
5.0887	0.04229
5.0937	0.04220
5.0987	0.04209
5.1037	0.04196
5.1088	0.04184
5.1138	0.04175
5.1189	0.04163
5.1239	0.04150
5.129	0.04134
5.1341	0.04119
5.1391	0.04105
5.1443	0.04089
5.1494	0.04071
5.1545	0.04053
5.1596	0.04036
5.1647	0.04019
5.1699	0.03999
5.175	0.03983
5.1802	0.03968
5.1854	0.03948
5.1906	0.03929
5.1958	0.03917
5.201	0.03903
5.2062	0.03886
5.2115	0.03871
5.2167	0.03854
5.222	0.03839
5.2272	0.03824
5.2325	0.03812
5.2378	0.03798
5.2431	0.03783
5.2484	0.03771
5.2537	0.03760
5.259	0.03746
5.2644	0.03738
5.2697	0.03732
5.2751	0.03723
5.2805	0.03715
5.2858	0.03709
5.2912	0.03705
5.2966	0.03699
5.302	0.03695
5.3075	0.03692
5.3129	0.03689
5.3184	0.03684
5.3238	0.03680
5.3293	0.03677
5.3348	0.03671
5.3403	0.03667
5.3458	0.03661
5.3513	0.03651
5.3568	0.03642
5.3624	0.03633
5.3679	0.03624
5.3735	0.03614
5.379	0.03603
5.3846	0.03589
5.3902	0.03576
5.3958	0.03563
5.4015	0.03548
5.4071	0.03534
5.4127	0.03519
5.4184	0.03506
5.4241	0.03492
5.4297	0.03473
5.4354	0.03459
5.4411	0.03445
5.4468	0.03431
5.4526	0.03418
5.4583	0.03407
5.4641	0.03395
5.4698	0.03385
5.4756	0.03377
5.4814	0.03370
5.4872	0.03364
5.493	0.03357
5.4988	0.03352
5.5047	0.03349
5.5105	0.03345
5.5164	0.03341
5.5223	0.03338
5.5281	0.03333
5.534	0.03325
5.54	0.03316
5.5459	0.03309
5.5518	0.03299
5.5578	0.03285
5.5637	0.03270
5.5697	0.03254
5.5757	0.03235
5.5817	0.03213
5.5877	0.03188
5.5937	0.03165
5.5998	0.03145
5.6058	0.03124
5.6119	0.03104
5.618	0.03089
5.6241	0.03075
5.6302	0.03064
5.6363	0.03059
5.6424	0.03059
5.6486	0.03055
5.6547	0.03054
5.6609	0.03055
5.6671	0.03061
5.6733	0.03070
5.6795	0.03082
5.6857	0.03099
5.692	0.03119
5.6982	0.03134
5.7045	0.03152
5.7108	0.03175
5.7171	0.03194
5.7234	0.03211
5.7297	0.03230
5.736	0.03250
5.7424	0.03264
5.7488	0.03280
5.7551	0.03292
5.7615	0.03304
5.768	0.03313
5.7744	0.03313
5.7808	0.03313
5.7873	0.03312
5.7937	0.03308
5.8002	0.03300
5.8067	0.03294
5.8132	0.03290
5.8198	0.03280
5.8263	0.03265
5.8328	0.03253
5.8394	0.03243
5.846	0.03235
5.8526	0.03227
5.8592	0.03216
5.8658	0.03205
5.8725	0.03200
5.8791	0.03200
5.8858	0.03193
5.8925	0.03183
5.8992	0.03176
5.9059	0.03167
5.9126	0.03159
5.9194	0.03152
5.9262	0.03148
5.9329	0.03145
5.9397	0.03138
5.9465	0.03128
5.9534	0.03123
5.9602	0.03113
5.9671	0.03103
5.974	0.03092
5.9808	0.03081
5.9878	0.03073
5.9947	0.03066
6.0016	0.03060
6.0086	0.03057
6.0155	0.03056
6.0225	0.03062
6.0295	0.03074
6.0365	0.03092
6.0436	0.03117
6.0506	0.03154
6.0577	0.03183
6.0648	0.03215
6.0719	0.03259
6.079	0.03306
6.0861	0.03345
6.0933	0.03387
6.1005	0.03431
6.1076	0.03478
6.1148	0.03520
6.1221	0.03548
6.1293	0.03575
6.1365	0.03603
6.1438	0.03628
6.1511	0.03651
6.1584	0.03671
6.1657	0.03691
6.1731	0.03705
6.1804	0.03719
6.1878	0.03729
6.1952	0.03731
6.2026	0.03735
6.21	0.03742
6.2175	0.03747
6.225	0.03750
6.2324	0.03752
6.2399	0.03754
6.2475	0.03755
6.255	0.03756
6.2625	0.03754
6.2701	0.03754
6.2777	0.03754
6.2853	0.03752
6.2929	0.03753
6.3006	0.03753
6.3083	0.03748
6.3159	0.03747
6.3236	0.03749
6.3314	0.03749
6.3391	0.03756
6.3469	0.03763
6.3546	0.03758
6.3624	0.03757
6.3703	0.03761
6.3781	0.03761
6.3859	0.03761
6.3938	0.03761
6.4017	0.03765
6.4096	0.03772
6.4176	0.03773
6.4255	0.03769
6.4335	0.03769
6.4415	0.03767
6.4495	0.03763
6.4575	0.03760
6.4656	0.03761
6.4736	0.03762
6.4817	0.03762
6.4898	0.03762
6.498	0.03759
6.5061	0.03751
6.5143	0.03746
6.5225	0.03744
6.5307	0.03738
6.539	0.03737
6.5472	0.03736
6.5555	0.03732
6.5638	0.03729
6.5721	0.03732
6.5804	0.03729
6.5888	0.03723
6.5972	0.03720
6.6056	0.03719
6.614	0.03722
6.6225	0.03724
6.6309	0.03726
6.6394	0.03728
6.6479	0.03721
6.6565	0.03716
6.665	0.03714
6.6736	0.03712
6.6822	0.03710
6.6908	0.03701
6.6995	0.03690
6.7081	0.03682
6.7168	0.03673
6.7255	0.03661
6.7343	0.03643
6.743	0.03625
6.7518	0.03608
6.7606	0.03589
6.7694	0.03574
6.7783	0.03557
6.7871	0.03539
6.796	0.03517
6.805	0.03496
6.8139	0.03478
6.8229	0.03464
6.8319	0.03446
6.8409	0.03427
6.8499	0.03412
6.859	0.03405
6.868	0.03398
6.8772	0.03382
6.8863	0.03370
6.8955	0.03358
6.9046	0.03347
6.9138	0.03339
6.9231	0.03328
6.9323	0.03315
6.9416	0.03305
6.9509	0.03294
6.9602	0.03279
6.9696	0.03260
6.979	0.03240
6.9884	0.03220
6.9978	0.03199
7.0073	0.03177
7.0168	0.03154
7.0263	0.03133
7.0358	0.03113
7.0454	0.03092
7.0549	0.03066
7.0645	0.03041
7.0742	0.03020
7.0839	0.03003
7.0935	0.02988
7.1033	0.02971
7.113	0.02956
7.1228	0.02941
7.1326	0.02923
7.1424	0.02912
7.1522	0.02900
7.1621	0.02892
7.172	0.02879
7.182	0.02864
7.1919	0.02848
7.2019	0.02832
7.2119	0.02815
7.222	0.02801
7.232	0.02785
7.2421	0.02766
7.2523	0.02748
7.2624	0.02732
7.2726	0.02718
7.2828	0.02702
7.2931	0.02685
7.3033	0.02672
7.3136	0.02655
7.324	0.02640
7.3343	0.02620
7.3447	0.02602
7.3551	0.02583
7.3656	0.02559
7.3761	0.02536
7.3866	0.02516
7.3971	0.02495
7.4077	0.02472
7.4183	0.02451
7.4289	0.02431
7.4396	0.02407
7.4502	0.02385
7.461	0.02364
7.4717	0.02344
7.4825	0.02323
7.4933	0.02303
7.5041	0.02283
7.515	0.02264
7.5259	0.02247
7.5369	0.02231
7.5479	0.02213
7.5589	0.02192
7.5699	0.02174
7.581	0.02163
7.592	0.02150
7.6032	0.02135
7.6144	0.02122
7.6255	0.02116
7.6368	0.02109
7.648	0.02099
7.6593	0.02087
7.6707	0.02080
7.682	0.02072
7.6934	0.02065
7.7049	0.02058
7.7163	0.02051
7.7278	0.02041
7.7394	0.02031
7.7509	0.02020
7.7625	0.02009
7.7742	0.01995
7.7858	0.01981
7.7975	0.01966
7.8093	0.01953
7.8211	0.01938
7.8329	0.01919
7.8447	0.01904
7.8566	0.01888
7.8685	0.01867
7.8805	0.01851
7.8925	0.01835
7.9045	0.01821
7.9166	0.01802
7.9287	0.01784
7.9408	0.01763
7.953	0.01743
7.9652	0.01727
7.9775	0.01706
7.9898	0.01682
8.0021	0.01662
8.0145	0.01645
8.0269	0.01628
8.0393	0.01608
8.0518	0.01591
8.0643	0.01577
8.0769	0.01561
8.0895	0.01544
8.1021	0.01529
8.1148	0.01513
8.1275	0.01501
8.1403	0.01491
8.1531	0.01483
8.1659	0.01475
8.1788	0.01468
8.1917	0.01461
8.2047	0.01452
8.2177	0.01440
8.2307	0.01438
8.2438	0.01437
8.257	0.01433
8.2701	0.01427
8.2833	0.01425
8.2966	0.01417
8.3099	0.01409
8.3232	0.01403
8.3366	0.01395
8.35	0.01386
8.3635	0.01380
8.377	0.01374
8.3905	0.01368
8.4041	0.01360
8.4178	0.01355
8.4315	0.01349
8.4452	0.01345
8.459	0.01342
8.4728	0.01339
8.4867	0.01335
8.5006	0.01337
8.5145	0.01343
8.5285	0.01347
8.5426	0.01354
8.5567	0.01370
8.5708	0.01381
8.585	0.01398
8.5993	0.01419
8.6135	0.01444
8.6279	0.01475
8.6423	0.01515
8.6567	0.01559
8.6712	0.01611
8.6857	0.01666
8.7003	0.01723
8.7149	0.01784
8.7295	0.01844
8.7443	0.01897
8.759	0.01955
8.7739	0.02008
8.7887	0.02057
8.8037	0.02111
8.8186	0.02177
8.8337	0.02242
8.8487	0.02305
8.8638	0.02369
8.879	0.02429
8.8943	0.02485
8.9095	0.02536
8.9249	0.02579
8.9403	0.02621
8.9557	0.02660
8.9712	0.02695
8.9868	0.02731
9.0023	0.02769
9.018	0.02810
9.0337	0.02845
9.0495	0.02887
9.0653	0.02940
9.0812	0.02998
9.0971	0.03063
9.1131	0.03146
9.1291	0.03243
9.1452	0.03358
9.1614	0.03496
9.1776	0.03655
9.1939	0.03840
9.2102	0.04057
9.2266	0.04302
9.243	0.04574
9.2596	0.04878
9.2761	0.05217
9.2927	0.05585
9.3094	0.05986
9.3262	0.06411
9.343	0.06854
9.3598	0.07308
9.3768	0.07776
9.3938	0.08225
9.4108	0.08638
9.4279	0.08992
9.4451	0.09281
9.4623	0.09498
9.4796	0.09653
9.497	0.09752
9.5144	0.09817
9.5319	0.09857
9.5494	0.09879
9.567	0.09885
9.5847	0.09889
9.6025	0.09883
9.6203	0.09872
9.6382	0.09855
9.6561	0.09835
9.6742	0.09809
9.6922	0.09788
9.7104	0.09767
9.7286	0.09745
9.7469	0.09725
9.7652	0.09709
9.7837	0.09695
9.8022	0.09692
9.8207	0.09690
9.8394	0.09697
9.8581	0.09711
9.8768	0.09737
9.8957	0.09761
9.9146	0.09799
9.9336	0.09847
9.9527	0.09909
9.9718	0.09979
9.991	0.10059
10.0103	0.10150
10.0297	0.10260
10.0491	0.10382
10.0686	0.10530
10.0882	0.10708
10.1079	0.10922
10.1276	0.11177
10.1475	0.11494
10.1673	0.11864
10.1873	0.12266
10.2074	0.12655
10.2275	0.12990
10.2477	0.13217
10.268	0.13329
10.2884	0.13309
10.3088	0.13179
10.3294	0.12960
10.35	0.12686
10.3707	0.12390
10.3915	0.12112
10.4123	0.11879
10.4333	0.11730
10.4543	0.11700
10.4755	0.11851
10.4967	0.12266
10.5179	0.12997
10.5393	0.13969
10.5608	0.14999
10.5823	0.15905
10.604	0.16642
10.6257	0.17194
10.6475	0.17599
10.6694	0.17886
10.6914	0.18087
10.7135	0.18208
10.7357	0.18272
10.758	0.18279
10.7803	0.18255
10.8028	0.18179
10.8254	0.18081
10.848	0.17954
10.8708	0.17813
10.8936	0.17659
10.9165	0.17508
10.9395	0.17350
10.9627	0.17217
10.9859	0.17083
11.0092	0.16960
11.0327	0.16843
11.0562	0.16727
11.0798	0.16622
11.1035	0.16533
11.1273	0.16439
11.1513	0.16350
11.1753	0.16256
11.1995	0.16165
11.2237	0.16050
11.248	0.15902
11.2725	0.15710
11.297	0.15468
11.3217	0.15169
11.3465	0.14834
11.3714	0.14439
11.3964	0.14007
11.4215	0.13522
11.4467	0.12989
11.472	0.12410
11.4975	0.11803
11.523	0.11189
11.5487	0.10596
11.5745	0.10040
11.6003	0.09546
11.6263	0.09108
11.6525	0.08725
11.6787	0.08388
11.7051	0.08084
11.7316	0.07787
11.7582	0.07492
11.7849	0.07207
11.8117	0.06943
11.8387	0.06728
11.8658	0.06624
11.893	0.06676
11.9203	0.06842
11.9478	0.07003
11.9754	0.07053
12.0031	0.06972
12.031	0.06812
12.059	0.06626
12.0871	0.06433
12.1153	0.06246
12.1437	0.06083
12.1722	0.05923
12.2008	0.05766
12.2296	0.05625
12.2585	0.05498
12.2876	0.05379
12.3168	0.05268
12.3461	0.05168
12.3755	0.05073
12.4052	0.04975
12.4349	0.04884
12.4648	0.04800
12.4948	0.04722
12.525	0.04642
12.5553	0.04570
12.5858	0.04509
12.6164	0.04447
12.6472	0.04374
12.6781	0.04301
12.7092	0.04230
12.7404	0.04176
12.7718	0.04136
12.8033	0.04080
12.835	0.04017
12.8669	0.03959
12.8989	0.03910
12.931	0.03862
12.9634	0.03813
12.9959	0.03764
13.0285	0.03714
13.0613	0.03662
13.0943	0.03616
13.1275	0.03571
13.1608	0.03526
13.1943	0.03482
13.228	0.03442
13.2618	0.03402
13.2958	0.03359
13.33	0.03315
13.3643	0.03277
13.3989	0.03240
13.4336	0.03200
13.4685	0.03164
13.5035	0.03132
13.5388	0.03097
13.5742	0.03063
13.6099	0.03035
13.6457	0.03017
13.6817	0.02989
13.7179	0.02957
13.7543	0.02924
13.7908	0.02894
13.8276	0.02875
13.8646	0.02843
13.9018	0.02803
13.9391	0.02759
13.9767	0.02719
14.0145	0.02683
14.0525	0.02637
14.0907	0.02595
14.129	0.02551
14.1677	0.02506
14.2065	0.02480
14.2455	0.02456
14.2847	0.02420
14.3242	0.02366
14.3639	0.02328
14.4038	0.02297
14.4439	0.02252
14.4843	0.02208
14.5248	0.02172
14.5656	0.02146
14.6067	0.02111
14.6479	0.02068
14.6894	0.02037
14.7311	0.02012
14.7731	0.01979
14.8153	0.01954
14.8578	0.01930
14.9005	0.01894
14.9434	0.01866
14.9866	0.01825
15.03	0.01773
15.0737	0.01735
15.1177	0.01712
15.1619	0.01709
15.2063	0.01720
15.2511	0.01743
15.2961	0.01788
15.3413	0.01871
15.3868	0.01987
15.4326	0.02119
15.4787	0.02293
15.5251	0.02522
15.5717	0.02785
15.6186	0.03088
15.6658	0.03410
15.7132	0.03758
15.761	0.04120
15.809	0.04462
15.8574	0.04766
15.906	0.05045
15.955	0.05295
16.0042	0.05503
16.0538	0.05647
16.1036	0.05756
16.1538	0.05846
16.2043	0.05900
16.2551	0.05913
16.3062	0.05911
16.3576	0.05893
16.4094	0.05860
16.4615	0.05790
16.5139	0.05723
16.5667	0.05643
16.6198	0.05567
16.6732	0.05473
16.727	0.05359
16.7811	0.05254
16.8356	0.05128
16.8904	0.04974
16.9457	0.04842
17.0012	0.04723
17.0571	0.04606
17.1134	0.04494
17.1701	0.04412
17.2272	0.04385
17.2846	0.04415
17.3424	0.04512
17.4006	0.04676
17.4592	0.04910
17.5182	0.05231
17.5775	0.05613
17.6373	0.06027
17.6975	0.06506
17.7581	0.07040
17.8192	0.07613
17.8806	0.08208
17.9425	0.08791
18.0048	0.09371
18.0675	0.09911
18.1307	0.10457
18.1943	0.10979
18.2583	0.11442
18.3229	0.11831
18.3879	0.12167
18.4533	0.12407
18.5192	0.12544
18.5856	0.12585
18.6524	0.12590
18.7198	0.12556
18.7876	0.12542
18.8559	0.12569
18.9248	0.12642
18.9941	0.12764
19.0639	0.12940
19.1343	0.13116
19.2051	0.13196
19.2765	0.13060
19.3485	0.12871
19.4209	0.12633
19.4939	0.12345
19.5675	0.12092
19.6416	0.11876
19.7163	0.11702
19.7916	0.11607
19.8674	0.11618
19.9438	0.11730
20.0208	0.11860
20.0984	0.11937
20.1766	0.11867
20.2554	0.11649
20.3348	0.11280
20.4149	0.10842
20.4956	0.10364
20.5769	0.09817
20.6589	0.09266
20.7416	0.08750
20.8248	0.08260
20.9088	0.07839
20.9934	0.07529
21.0788	0.07325
21.1648	0.07173
21.2516	0.07107
21.339	0.07095
21.4272	0.07158
21.5161	0.07251
21.6058	0.07307
21.6962	0.07397
21.7873	0.07445
21.8793	0.07437
21.972	0.07375
22.0655	0.07283
22.1598	0.07214
22.2549	0.07196
22.3508	0.07289
22.4475	0.07576
22.5451	0.08082
22.6436	0.08805
22.7429	0.09635
22.8431	0.10427
22.9442	0.11172
23.0462	0.11833
23.1491	0.12453
23.2529	0.13043
23.3576	0.13617
23.4633	0.14244
23.5699	0.14982
23.6776	0.15758
23.7862	0.16478
23.8958	0.17191
24.0064	0.17860
24.1181	0.18364
24.2308	0.18720
24.3445	0.18875
24.4593	0.18845
24.5753	0.18638
24.6923	0.18264
24.8104	0.17781
24.9297	0.17272
25.0501	0.16715
25.1717	0.16129
25.2946	0.15506
25.4186	0.14885
25.5438	0.14326
25.6702	0.13825
25.7979	0.13310
25.9269	0.12813
26.0572	0.12331
26.1888	0.11941
26.3217	0.11591
26.456	0.11358
26.5917	0.11254
26.7288	0.11317
26.8672	0.11508
27.0072	0.11731
27.1486	0.11982
27.2915	0.12265
27.4359	0.12566
27.5818	0.12889
27.7293	0.13136
27.8784	0.13329
28.0291	0.13455
28.1814	0.13516
28.3354	0.13529
28.4911	0.13581
28.6485	0.13582
28.8077	0.13500
28.9686	0.13411
29.1313	0.13272
29.296	0.13112
29.4624	0.12983
29.6308	0.12792
29.8011	0.12583
29.9733	0.12396
30.1476	0.12228
30.3239	0.11987
30.5022	0.11742
30.6827	0.11501
30.8653	0.11223
31.0502	0.10927
31.2372	0.10738
31.4265	0.10531
31.6182	0.10392
31.8122	0.10195
32.0086	0.09964
32.2074	0.09790
32.4087	0.09636
32.6125	0.09514
32.8189	0.09481
33.0279	0.09455
33.2396	0.09506
33.4541	0.09541
33.6713	0.09611
33.8914	0.09835
34.1143	0.10117
34.3403	0.10305
34.5692	0.10492
34.8013	0.10627
35.0364	0.10714
35.2747	0.10760
35.5164	0.10831
35.7613	0.10838
36.0096	0.10761
36.2614	0.10755
36.5167	0.10728
36.7757	0.10632
37.0384	0.10576
37.3049	0.10516
37.5752	0.10468
37.8495	0.10434
38.1278	0.10339
38.4103	0.10303
38.6969	0.10351
38.9879	0.10301
39.2832	0.10222
39.5831	0.10205
39.8876	0.10269
40.1968	0.10201
40.5108	0.10173
40.8298	0.10072
41.1538	0.10050
41.483	0.10008
41.8176	0.09885
42.1575	0.09779
42.5031	0.09732
42.8544	0.09659
43.2116	0.09696
43.5747	0.09658
43.944	0.09467
44.3196	0.09494
44.7016	0.09569
45.0903	0.09432
45.4858	0.09392
45.8883	0.09276
46.298	0.09252
46.7151	0.09264
47.1398	0.09298
47.5723	0.09245
48.0128	0.09106
48.4616	0.09102
48.9188	0.09101
49.3847	0.08937
49.8595	0.08973
50.3436	0.08970
50.8372	0.09102
51.3405	0.09138
51.8538	0.08968
52.3776	0.08791
52.912	0.08905
53.4575	0.09036
54.0144	0.09985
54.5829	0.10300
55.1636	0.09139
55.7569	0.08936
56.363	0.08818
56.9823	0.08565
57.6155	0.08413
58.2628	0.08171
58.9249	0.08376
59.6022	0.08304
60.2951	0.08160
61.0044	0.08500
61.7307	0.08546
62.4744	0.08400
63.2363	0.08446
64.017	0.08467
64.8172	0.08514
65.6379	0.08538
66.4794	0.08403
67.3428	0.08305
68.2289	0.08340
69.1386	0.08291
70.0729	0.08163
71.0328	0.08128
72.0191	0.08591
73.0335	0.08583
74.0768	0.08516
75.1504	0.08222
76.2555	0.07766
77.3937	0.07780
78.5663	0.08148
79.7754	0.08868
81.0219	0.09249
82.3079	0.09022
83.6355	0.09295
85.0065	0.09150
86.4233	0.08306
87.8881	0.08253
89.4031	0.09308
90.9715	0.09569
92.596	0.08698
94.2796	0.08263
96.0255	0.09516
97.8373	0.08987
99.7188	0.07544
