Brown University Keck/NASA Relab Spectrum PO-TXH-008/LAPO08
Wavelength(micron)	Reflectance
0.3	0.17780
0.305	0.19207
0.31	0.20616
0.315	0.22579
0.32	0.24681
0.325	0.27291
0.33	0.30279
0.335	0.33433
0.34	0.36479
0.345	0.39387
0.35	0.42257
0.355	0.44548
0.36	0.46797
0.365	0.48333
0.37	0.49750
0.375	0.50629
0.38	0.51522
0.385	0.52070
0.39	0.53369
0.395	0.53950
0.4	0.54295
0.405	0.55807
0.41	0.56837
0.415	0.57097
0.42	0.57529
0.425	0.57790
0.43	0.58050
0.435	0.58471
0.44	0.58895
0.445	0.59009
0.45	0.58937
0.455	0.59518
0.46	0.60128
0.465	0.60693
0.47	0.61142
0.475	0.62077
0.48	0.62589
0.485	0.62852
0.49	0.63076
0.495	0.63507
0.5	0.64789
0.505	0.65514
0.51	0.66096
0.515	0.66549
0.52	0.66851
0.525	0.67236
0.53	0.67543
0.535	0.68073
0.54	0.68447
0.545	0.68848
0.55	0.69186
0.555	0.69501
0.56	0.69707
0.565	0.69789
0.57	0.69756
0.575	0.69886
0.58	0.69869
0.585	0.69813
0.59	0.69699
0.595	0.69675
0.6	0.69544
0.605	0.69540
0.61	0.69150
0.615	0.68938
0.62	0.68565
0.625	0.68104
0.63	0.68004
0.635	0.67838
0.64	0.68099
0.645	0.68162
0.65	0.68405
0.655	0.68520
0.66	0.68722
0.665	0.68823
0.67	0.68909
0.675	0.68870
0.68	0.68874
0.685	0.68548
0.69	0.68423
0.695	0.68172
0.7	0.67889
0.705	0.67690
0.71	0.67012
0.715	0.66844
0.72	0.66347
0.725	0.65332
0.73	0.64870
0.735	0.64420
0.74	0.63860
0.745	0.63381
0.75	0.62784
0.755	0.62078
0.76	0.61425
0.765	0.60788
0.77	0.60112
0.775	0.59418
0.78	0.58803
0.785	0.58088
0.79	0.57533
0.795	0.56865
0.8	0.56313
0.805	0.55934
0.81	0.55238
0.815	0.54916
0.82	0.54435
0.825	0.54014
0.83	0.53634
0.835	0.53368
0.84	0.52950
0.845	0.52689
0.85	0.52421
0.855	0.52477
0.86	0.51983
0.865	0.51890
0.87	0.51650
0.875	0.51263
0.88	0.51204
0.885	0.50664
0.89	0.50621
0.895	0.50031
0.9	0.49981
0.905	0.49344
0.91	0.49123
0.915	0.48615
0.92	0.48261
0.925	0.47556
0.93	0.47187
0.935	0.46426
0.94	0.46013
0.945	0.45311
0.95	0.44644
0.955	0.44125
0.96	0.43175
0.965	0.42775
0.97	0.41925
0.975	0.41549
0.98	0.40697
0.985	0.40293
0.99	0.39532
0.995	0.39137
1	0.38516
1.005	0.38037
1.01	0.37670
1.015	0.37326
1.02	0.36889
1.025	0.36607
1.03	0.36447
1.035	0.36152
1.04	0.36044
1.045	0.35875
1.05	0.36023
1.055	0.35846
1.06	0.36030
1.065	0.35906
1.07	0.36210
1.075	0.36235
1.08	0.36614
1.085	0.36754
1.09	0.37177
1.095	0.37396
1.1	0.37928
1.105	0.38213
1.11	0.38651
1.115	0.39073
1.12	0.39358
1.125	0.39923
1.13	0.40159
1.135	0.40566
1.14	0.40806
1.145	0.41200
1.15	0.41423
1.155	0.41855
1.16	0.41927
1.165	0.42357
1.17	0.42445
1.175	0.42815
1.18	0.42947
1.185	0.43231
1.19	0.43373
1.195	0.43596
1.2	0.43770
1.205	0.43762
1.21	0.44069
1.215	0.44429
1.22	0.44573
1.225	0.44720
1.23	0.44882
1.235	0.45012
1.24	0.45223
1.245	0.45413
1.25	0.45674
1.255	0.45880
1.26	0.46127
1.265	0.46387
1.27	0.46694
1.275	0.46986
1.28	0.47212
1.285	0.47526
1.29	0.47893
1.295	0.48205
1.3	0.48618
1.305	0.48902
1.31	0.49369
1.315	0.49766
1.32	0.50116
1.325	0.50520
1.33	0.50900
1.335	0.51444
1.34	0.51859
1.345	0.52202
1.35	0.52631
1.355	0.52988
1.36	0.53468
1.365	0.53965
1.37	0.54387
1.375	0.55071
1.38	0.55632
1.385	0.56071
1.39	0.56474
1.395	0.57048
1.4	0.57454
1.405	0.57907
1.41	0.58566
1.415	0.59247
1.42	0.59811
1.425	0.60399
1.43	0.60958
1.435	0.61502
1.44	0.62062
1.445	0.62427
1.45	0.62951
1.455	0.63562
1.46	0.64119
1.465	0.64713
1.47	0.65128
1.475	0.65744
1.48	0.66156
1.485	0.66751
1.49	0.67253
1.495	0.67761
1.5	0.68326
1.505	0.68798
1.51	0.69360
1.515	0.69864
1.52	0.70350
1.525	0.70778
1.53	0.71267
1.535	0.71659
1.54	0.72238
1.545	0.72631
1.55	0.73055
1.555	0.73515
1.56	0.73957
1.565	0.74348
1.57	0.74765
1.575	0.75107
1.58	0.75519
1.585	0.75749
1.59	0.76136
1.595	0.76541
1.6	0.76875
1.605	0.77335
1.61	0.77286
1.615	0.77809
1.62	0.78080
1.625	0.78267
1.63	0.78569
1.635	0.78753
1.64	0.78922
1.645	0.79288
1.65	0.79603
1.655	0.79821
1.66	0.79957
1.665	0.79791
1.67	0.80558
1.675	0.80625
1.68	0.80705
1.685	0.80965
1.69	0.80975
1.695	0.81294
1.7	0.81458
1.705	0.81578
1.71	0.81723
1.715	0.81810
1.72	0.81948
1.725	0.82028
1.73	0.82178
1.735	0.82236
1.74	0.82310
1.745	0.82427
1.75	0.82476
1.755	0.82616
1.76	0.82636
1.765	0.82675
1.77	0.82802
1.775	0.82824
1.78	0.82937
1.785	0.82944
1.79	0.83095
1.795	0.83074
1.8	0.83067
1.805	0.83181
1.81	0.83233
1.815	0.83075
1.82	0.82846
1.825	0.83123
1.83	0.83116
1.835	0.83358
1.84	0.83339
1.845	0.83449
1.85	0.83607
1.855	0.83804
1.86	0.83422
1.865	0.83640
1.87	0.83957
1.875	0.83948
1.88	0.83874
1.885	0.84277
1.89	0.83972
1.895	0.83664
1.9	0.83812
1.905	0.83843
1.91	0.83759
1.915	0.83911
1.92	0.83748
1.925	0.84480
1.93	0.83942
1.935	0.84064
1.94	0.83923
1.945	0.84201
1.95	0.84063
1.955	0.84009
1.96	0.84007
1.965	0.83988
1.97	0.84003
1.975	0.84074
1.98	0.84052
1.985	0.84182
1.99	0.84111
1.995	0.84139
2	0.84197
2.005	0.84263
2.01	0.84197
2.015	0.84181
2.02	0.84142
2.025	0.84300
2.03	0.84260
2.035	0.84287
2.04	0.84246
2.045	0.84316
2.05	0.84263
2.055	0.84255
2.06	0.84263
2.065	0.84248
2.07	0.84296
2.075	0.84358
2.08	0.84327
2.085	0.84352
2.09	0.84368
2.095	0.84375
2.1	0.84662
2.105	0.84632
2.11	0.84650
2.115	0.84668
2.12	0.84686
2.125	0.84669
2.13	0.84529
2.135	0.84592
2.14	0.84640
2.145	0.84621
2.15	0.84619
2.155	0.84666
2.16	0.84614
2.165	0.84515
2.17	0.84458
2.175	0.84519
2.18	0.84601
2.185	0.84654
2.19	0.84619
2.195	0.84678
2.2	0.84739
2.205	0.84668
2.21	0.84735
2.215	0.84831
2.22	0.84844
2.225	0.84891
2.23	0.84844
2.235	0.84922
2.24	0.84846
2.245	0.84889
2.25	0.85006
2.255	0.85057
2.26	0.85017
2.265	0.85037
2.27	0.85105
2.275	0.85119
2.28	0.85042
2.285	0.85193
2.29	0.85206
2.295	0.85279
2.3	0.85274
2.305	0.85373
2.31	0.85265
2.315	0.85158
2.32	0.85235
2.325	0.85207
2.33	0.85117
2.335	0.85094
2.34	0.85081
2.345	0.85065
2.35	0.84952
2.355	0.85014
2.36	0.84994
2.365	0.85008
2.37	0.84936
2.375	0.84952
2.38	0.85004
2.385	0.84918
2.39	0.84978
2.395	0.84964
2.4	0.85072
2.405	0.84963
2.41	0.84849
2.415	0.84905
2.42	0.84954
2.425	0.85412
2.43	0.85277
2.435	0.84985
2.44	0.85191
2.445	0.84888
2.45	0.84776
2.455	0.84994
2.46	0.84648
2.465	0.84670
2.47	0.84429
2.475	0.84799
2.48	0.84876
2.485	0.84688
2.49	0.84688
2.495	0.84485
2.5	0.84588
2.505	0.84441
2.51	0.84483
2.515	0.84337
2.52	0.84165
2.525	0.84076
2.53	0.84223
2.535	0.83926
2.54	0.83909
2.545	0.84550
2.55	0.83735
2.555	0.84180
2.56	0.84552
2.565	0.84476
2.57	0.84043
2.575	0.84391
2.5766	0.84309
2.5779	0.84331
2.5792	0.84356
2.5805	0.84292
2.5817	0.84190
2.583	0.84148
2.5843	0.84054
2.5856	0.84171
2.5869	0.84156
2.5882	0.84081
2.5895	0.84126
2.5908	0.84154
2.5921	0.84119
2.5934	0.84098
2.5947	0.83894
2.596	0.83912
2.5973	0.84131
2.5986	0.84153
2.5999	0.84029
2.6012	0.83973
2.6025	0.83953
2.6038	0.83962
2.6051	0.83893
2.6064	0.83836
2.6077	0.83922
2.609	0.83946
2.6103	0.83891
2.6117	0.83864
2.613	0.83774
2.6143	0.83750
2.6156	0.83761
2.6169	0.83702
2.6183	0.83772
2.6196	0.83842
2.6209	0.83722
2.6222	0.83757
2.6236	0.83670
2.6249	0.83562
2.6262	0.83533
2.6275	0.83505
2.6289	0.83574
2.6302	0.83477
2.6315	0.83444
2.6329	0.83543
2.6342	0.83437
2.6356	0.83390
2.6369	0.83317
2.6382	0.83314
2.6396	0.83331
2.6409	0.83314
2.6423	0.83301
2.6436	0.83287
2.645	0.83235
2.6463	0.83170
2.6477	0.83162
2.649	0.83165
2.6504	0.83055
2.6517	0.82941
2.6531	0.82856
2.6544	0.82956
2.6558	0.82961
2.6572	0.82872
2.6585	0.82802
2.6599	0.82770
2.6613	0.82815
2.6626	0.82785
2.664	0.82668
2.6654	0.82542
2.6667	0.82535
2.6681	0.82621
2.6695	0.82594
2.6709	0.82441
2.6722	0.82567
2.6736	0.82500
2.675	0.82350
2.6764	0.82313
2.6778	0.82293
2.6791	0.82304
2.6805	0.82179
2.6819	0.82132
2.6833	0.82020
2.6847	0.81980
2.6861	0.81923
2.6875	0.81867
2.6889	0.81821
2.6903	0.81775
2.6917	0.81672
2.6931	0.81525
2.6945	0.81431
2.6959	0.81456
2.6973	0.81343
2.6987	0.81240
2.7001	0.81122
2.7015	0.81023
2.7029	0.80928
2.7043	0.80859
2.7057	0.80751
2.7071	0.80632
2.7085	0.80409
2.71	0.80289
2.7114	0.80175
2.7128	0.80124
2.7142	0.79974
2.7156	0.79843
2.7171	0.79695
2.7185	0.79592
2.7199	0.79449
2.7213	0.79362
2.7228	0.79417
2.7242	0.79209
2.7256	0.79026
2.7271	0.79048
2.7285	0.78886
2.7299	0.78738
2.7314	0.78597
2.7328	0.78490
2.7342	0.78298
2.7357	0.78199
2.7371	0.78192
2.7386	0.78042
2.74	0.77806
2.7415	0.77727
2.7429	0.77583
2.7444	0.77424
2.7458	0.77211
2.7473	0.77103
2.7487	0.77011
2.7502	0.76884
2.7517	0.76710
2.7531	0.76576
2.7546	0.76348
2.7561	0.76221
2.7575	0.76169
2.759	0.76049
2.7605	0.75890
2.7619	0.75703
2.7634	0.75513
2.7649	0.75439
2.7663	0.75351
2.7678	0.75230
2.7693	0.75096
2.7708	0.74942
2.7723	0.74786
2.7737	0.74706
2.7752	0.74579
2.7767	0.74462
2.7782	0.74310
2.7797	0.74160
2.7812	0.74012
2.7827	0.73977
2.7842	0.73926
2.7857	0.73851
2.7872	0.73717
2.7887	0.73619
2.7902	0.73555
2.7917	0.73477
2.7932	0.73410
2.7947	0.73333
2.7962	0.73197
2.7977	0.73118
2.7992	0.73043
2.8007	0.72961
2.8022	0.72831
2.8038	0.72750
2.8053	0.72736
2.8068	0.72710
2.8083	0.72637
2.8098	0.72585
2.8114	0.72486
2.8129	0.72398
2.8144	0.72321
2.8159	0.72358
2.8175	0.72350
2.819	0.72250
2.8205	0.72160
2.8221	0.72149
2.8236	0.72058
2.8251	0.71993
2.8267	0.71938
2.8282	0.71906
2.8298	0.71862
2.8313	0.71822
2.8329	0.71825
2.8344	0.71848
2.836	0.71791
2.8375	0.71690
2.8391	0.71641
2.8406	0.71659
2.8422	0.71610
2.8437	0.71562
2.8453	0.71545
2.8469	0.71542
2.8484	0.71506
2.85	0.71478
2.8516	0.71450
2.8531	0.71431
2.8547	0.71411
2.8563	0.71451
2.8578	0.71467
2.8594	0.71479
2.861	0.71451
2.8626	0.71414
2.8642	0.71381
2.8657	0.71373
2.8673	0.71383
2.8689	0.71367
2.8705	0.71326
2.8721	0.71372
2.8737	0.71381
2.8753	0.71362
2.8769	0.71352
2.8785	0.71361
2.8801	0.71357
2.8817	0.71376
2.8833	0.71395
2.8849	0.71400
2.8865	0.71361
2.8881	0.71391
2.8897	0.71414
2.8913	0.71429
2.8929	0.71461
2.8945	0.71482
2.8962	0.71507
2.8978	0.71530
2.8994	0.71542
2.901	0.71612
2.9027	0.71622
2.9043	0.71640
2.9059	0.71643
2.9075	0.71637
2.9092	0.71637
2.9108	0.71697
2.9124	0.71693
2.9141	0.71716
2.9157	0.71774
2.9174	0.71794
2.919	0.71788
2.9206	0.71844
2.9223	0.71884
2.9239	0.71911
2.9256	0.71905
2.9272	0.71936
2.9289	0.71967
2.9305	0.72002
2.9322	0.72025
2.9339	0.72038
2.9355	0.72042
2.9372	0.72038
2.9389	0.72047
2.9405	0.72105
2.9422	0.72149
2.9439	0.72157
2.9455	0.72177
2.9472	0.72236
2.9489	0.72237
2.9506	0.72271
2.9522	0.72284
2.9539	0.72304
2.9556	0.72292
2.9573	0.72318
2.959	0.72330
2.9607	0.72365
2.9624	0.72414
2.9641	0.72424
2.9658	0.72414
2.9674	0.72413
2.9691	0.72453
2.9709	0.72515
2.9726	0.72493
2.9743	0.72472
2.976	0.72479
2.9777	0.72534
2.9794	0.72537
2.9811	0.72531
2.9828	0.72555
2.9845	0.72635
2.9863	0.72670
2.988	0.72708
2.9897	0.72722
2.9914	0.72769
2.9931	0.72771
2.9949	0.72776
2.9966	0.72799
2.9983	0.72825
3.0001	0.72813
3.0018	0.72833
3.0036	0.72834
3.0053	0.72865
3.007	0.72940
3.0088	0.73017
3.0105	0.73019
3.0123	0.73052
3.014	0.73060
3.0158	0.73061
3.0175	0.73096
3.0193	0.73166
3.0211	0.73208
3.0228	0.73277
3.0246	0.73334
3.0263	0.73389
3.0281	0.73409
3.0299	0.73438
3.0317	0.73461
3.0334	0.73490
3.0352	0.73534
3.037	0.73603
3.0388	0.73628
3.0405	0.73666
3.0423	0.73686
3.0441	0.73746
3.0459	0.73758
3.0477	0.73788
3.0495	0.73829
3.0513	0.73861
3.0531	0.73895
3.0549	0.73909
3.0567	0.73936
3.0585	0.73985
3.0603	0.74009
3.0621	0.74033
3.0639	0.74033
3.0657	0.74081
3.0675	0.74111
3.0694	0.74130
3.0712	0.74158
3.073	0.74198
3.0748	0.74214
3.0766	0.74236
3.0785	0.74261
3.0803	0.74294
3.0821	0.74300
3.084	0.74339
3.0858	0.74357
3.0876	0.74338
3.0895	0.74341
3.0913	0.74365
3.0932	0.74437
3.095	0.74467
3.0969	0.74463
3.0987	0.74500
3.1006	0.74533
3.1024	0.74551
3.1043	0.74535
3.1061	0.74555
3.108	0.74606
3.1099	0.74624
3.1117	0.74640
3.1136	0.74675
3.1155	0.74687
3.1173	0.74700
3.1192	0.74693
3.1211	0.74715
3.123	0.74722
3.1249	0.74757
3.1267	0.74789
3.1286	0.74804
3.1305	0.74789
3.1324	0.74811
3.1343	0.74828
3.1362	0.74902
3.1381	0.74934
3.14	0.74928
3.1419	0.74918
3.1438	0.74962
3.1457	0.74997
3.1476	0.74997
3.1495	0.75013
3.1514	0.75028
3.1534	0.75008
3.1553	0.75005
3.1572	0.75014
3.1591	0.75041
3.1611	0.75062
3.163	0.75117
3.1649	0.75118
3.1669	0.75120
3.1688	0.75137
3.1707	0.75133
3.1727	0.75148
3.1746	0.75192
3.1766	0.75200
3.1785	0.75231
3.1805	0.75243
3.1824	0.75256
3.1844	0.75228
3.1863	0.75256
3.1883	0.75256
3.1902	0.75245
3.1922	0.75260
3.1942	0.75296
3.1961	0.75297
3.1981	0.75292
3.2001	0.75303
3.2021	0.75343
3.204	0.75357
3.206	0.75367
3.208	0.75354
3.21	0.75352
3.212	0.75346
3.214	0.75344
3.216	0.75321
3.218	0.75343
3.22	0.75364
3.222	0.75372
3.224	0.75354
3.226	0.75369
3.228	0.75357
3.23	0.75372
3.232	0.75380
3.234	0.75408
3.236	0.75416
3.2381	0.75383
3.2401	0.75338
3.2421	0.75346
3.2441	0.75325
3.2462	0.75332
3.2482	0.75331
3.2502	0.75354
3.2523	0.75344
3.2543	0.75329
3.2564	0.75305
3.2584	0.75293
3.2605	0.75253
3.2625	0.75242
3.2646	0.75238
3.2666	0.75220
3.2687	0.75233
3.2707	0.75238
3.2728	0.75206
3.2749	0.75192
3.277	0.75180
3.279	0.75192
3.2811	0.75178
3.2832	0.75179
3.2853	0.75169
3.2873	0.75161
3.2894	0.75107
3.2915	0.75076
3.2936	0.75045
3.2957	0.75015
3.2978	0.74976
3.2999	0.74945
3.302	0.74857
3.3041	0.74827
3.3062	0.74850
3.3083	0.74844
3.3104	0.74776
3.3125	0.74759
3.3147	0.74755
3.3168	0.74743
3.3189	0.74721
3.321	0.74683
3.3232	0.74629
3.3253	0.74595
3.3274	0.74556
3.3296	0.74542
3.3317	0.74491
3.3338	0.74432
3.336	0.74384
3.3381	0.74346
3.3403	0.74282
3.3424	0.74253
3.3446	0.74207
3.3468	0.74139
3.3489	0.74052
3.3511	0.73992
3.3533	0.73909
3.3554	0.73809
3.3576	0.73703
3.3598	0.73608
3.362	0.73477
3.3641	0.73320
3.3663	0.73142
3.3685	0.72989
3.3707	0.72795
3.3729	0.72606
3.3751	0.72463
3.3773	0.72350
3.3795	0.72252
3.3817	0.72248
3.3839	0.72314
3.3861	0.72372
3.3883	0.72376
3.3905	0.72355
3.3928	0.72329
3.395	0.72252
3.3972	0.72154
3.3994	0.72020
3.4017	0.71832
3.4039	0.71636
3.4061	0.71401
3.4084	0.71173
3.4106	0.70968
3.4129	0.70759
3.4151	0.70542
3.4174	0.70367
3.4196	0.70266
3.4219	0.70279
3.4241	0.70357
3.4264	0.70470
3.4287	0.70613
3.4309	0.70831
3.4332	0.71007
3.4355	0.71147
3.4378	0.71276
3.44	0.71416
3.4423	0.71497
3.4446	0.71552
3.4469	0.71570
3.4492	0.71576
3.4515	0.71600
3.4538	0.71636
3.4561	0.71641
3.4584	0.71656
3.4607	0.71643
3.463	0.71622
3.4653	0.71584
3.4676	0.71532
3.47	0.71472
3.4723	0.71406
3.4746	0.71323
3.477	0.71265
3.4793	0.71213
3.4816	0.71152
3.484	0.71103
3.4863	0.71076
3.4887	0.71010
3.491	0.70887
3.4934	0.70737
3.4957	0.70606
3.4981	0.70433
3.5004	0.70299
3.5028	0.70192
3.5052	0.70139
3.5075	0.70151
3.5099	0.70250
3.5123	0.70408
3.5147	0.70618
3.5171	0.70799
3.5194	0.70923
3.5218	0.71009
3.5242	0.71059
3.5266	0.71059
3.529	0.71065
3.5314	0.71068
3.5338	0.71059
3.5362	0.71034
3.5387	0.71031
3.5411	0.71020
3.5435	0.70993
3.5459	0.70931
3.5483	0.70919
3.5508	0.70903
3.5532	0.70878
3.5556	0.70820
3.5581	0.70787
3.5605	0.70737
3.563	0.70721
3.5654	0.70698
3.5679	0.70662
3.5703	0.70607
3.5728	0.70583
3.5753	0.70550
3.5777	0.70528
3.5802	0.70478
3.5827	0.70440
3.5852	0.70385
3.5876	0.70343
3.5901	0.70332
3.5926	0.70296
3.5951	0.70220
3.5976	0.70204
3.6001	0.70179
3.6026	0.70129
3.6051	0.70081
3.6076	0.70063
3.6101	0.70023
3.6126	0.69987
3.6152	0.69920
3.6177	0.69863
3.6202	0.69826
3.6227	0.69792
3.6253	0.69746
3.6278	0.69727
3.6303	0.69670
3.6329	0.69625
3.6354	0.69572
3.638	0.69543
3.6405	0.69496
3.6431	0.69444
3.6457	0.69392
3.6482	0.69345
3.6508	0.69292
3.6534	0.69252
3.6559	0.69217
3.6585	0.69194
3.6611	0.69142
3.6637	0.69105
3.6663	0.69078
3.6689	0.69043
3.6715	0.68985
3.6741	0.68954
3.6767	0.68917
3.6793	0.68887
3.6819	0.68813
3.6845	0.68772
3.6872	0.68722
3.6898	0.68677
3.6924	0.68640
3.695	0.68617
3.6977	0.68555
3.7003	0.68499
3.703	0.68428
3.7056	0.68390
3.7083	0.68360
3.7109	0.68328
3.7136	0.68254
3.7162	0.68193
3.7189	0.68141
3.7216	0.68097
3.7242	0.68042
3.7269	0.68020
3.7296	0.67984
3.7323	0.67928
3.735	0.67874
3.7377	0.67845
3.7404	0.67784
3.7431	0.67745
3.7458	0.67707
3.7485	0.67673
3.7512	0.67624
3.7539	0.67584
3.7566	0.67539
3.7593	0.67495
3.7621	0.67425
3.7648	0.67385
3.7675	0.67343
3.7703	0.67319
3.773	0.67294
3.7758	0.67251
3.7785	0.67193
3.7813	0.67201
3.784	0.67176
3.7868	0.67146
3.7896	0.67119
3.7923	0.67059
3.7951	0.67023
3.7979	0.67005
3.8007	0.66973
3.8035	0.66978
3.8063	0.66944
3.8091	0.66919
3.8119	0.66877
3.8147	0.66848
3.8175	0.66826
3.8203	0.66835
3.8231	0.66811
3.8259	0.66798
3.8288	0.66754
3.8316	0.66748
3.8344	0.66766
3.8373	0.66774
3.8401	0.66767
3.8429	0.66790
3.8458	0.66792
3.8487	0.66793
3.8515	0.66761
3.8544	0.66775
3.8572	0.66799
3.8601	0.66809
3.863	0.66807
3.8659	0.66812
3.8688	0.66820
3.8716	0.66831
3.8745	0.66801
3.8774	0.66792
3.8803	0.66809
3.8832	0.66846
3.8862	0.66858
3.8891	0.66872
3.892	0.66849
3.8949	0.66838
3.8978	0.66838
3.9008	0.66849
3.9037	0.66827
3.9067	0.66849
3.9096	0.66874
3.9126	0.66864
3.9155	0.66836
3.9185	0.66822
3.9214	0.66809
3.9244	0.66824
3.9274	0.66810
3.9304	0.66801
3.9333	0.66793
3.9363	0.66802
3.9393	0.66777
3.9423	0.66754
3.9453	0.66726
3.9483	0.66698
3.9513	0.66670
3.9543	0.66665
3.9574	0.66599
3.9604	0.66553
3.9634	0.66527
3.9664	0.66505
3.9695	0.66454
3.9725	0.66409
3.9756	0.66379
3.9786	0.66322
3.9817	0.66247
3.9847	0.66209
3.9878	0.66165
3.9909	0.66127
3.9939	0.66077
3.997	0.66027
4.0001	0.65985
4.0032	0.65923
4.0063	0.65862
4.0094	0.65843
4.0125	0.65821
4.0156	0.65810
4.0187	0.65808
4.0218	0.65847
4.0249	0.65869
4.0281	0.65905
4.0312	0.65942
4.0343	0.66003
4.0375	0.66048
4.0406	0.66114
4.0438	0.66156
4.0469	0.66206
4.0501	0.66238
4.0533	0.66274
4.0564	0.66313
4.0596	0.66375
4.0628	0.66393
4.066	0.66393
4.0692	0.66384
4.0724	0.66391
4.0756	0.66400
4.0788	0.66437
4.082	0.66438
4.0852	0.66440
4.0884	0.66429
4.0917	0.66429
4.0949	0.66395
4.0981	0.66373
4.1014	0.66355
4.1046	0.66355
4.1079	0.66329
4.1111	0.66315
4.1144	0.66299
4.1177	0.66291
4.1209	0.66259
4.1242	0.66241
4.1275	0.66204
4.1308	0.66191
4.1341	0.66172
4.1374	0.66174
4.1407	0.66141
4.144	0.66139
4.1473	0.66139
4.1506	0.66130
4.154	0.66089
4.1573	0.66045
4.1606	0.66003
4.164	0.65980
4.1673	0.65965
4.1707	0.65955
4.174	0.65932
4.1774	0.65914
4.1808	0.65878
4.1841	0.65859
4.1875	0.65816
4.1909	0.65808
4.1943	0.65788
4.1977	0.65747
4.2011	0.65689
4.2045	0.65645
4.2079	0.65582
4.2113	0.65556
4.2147	0.65500
4.2182	0.65435
4.2216	0.65361
4.225	0.65309
4.2285	0.65236
4.2319	0.65202
4.2354	0.65175
4.2389	0.65157
4.2423	0.65108
4.2458	0.65114
4.2493	0.65107
4.2528	0.65089
4.2563	0.65091
4.2598	0.65087
4.2633	0.64988
4.2668	0.64932
4.2703	0.64880
4.2738	0.64838
4.2773	0.64803
4.2809	0.64771
4.2844	0.64736
4.288	0.64722
4.2915	0.64705
4.2951	0.64689
4.2986	0.64648
4.3022	0.64643
4.3058	0.64619
4.3093	0.64595
4.3129	0.64577
4.3165	0.64585
4.3201	0.64555
4.3237	0.64512
4.3273	0.64469
4.3309	0.64454
4.3346	0.64405
4.3382	0.64380
4.3418	0.64344
4.3455	0.64333
4.3491	0.64289
4.3528	0.64232
4.3564	0.64165
4.3601	0.64132
4.3638	0.64088
4.3674	0.64039
4.3711	0.63997
4.3748	0.63964
4.3785	0.63924
4.3822	0.63883
4.3859	0.63816
4.3896	0.63770
4.3933	0.63703
4.3971	0.63652
4.4008	0.63607
4.4045	0.63574
4.4083	0.63529
4.412	0.63490
4.4158	0.63440
4.4196	0.63388
4.4233	0.63320
4.4271	0.63271
4.4309	0.63226
4.4347	0.63186
4.4385	0.63122
4.4423	0.63069
4.4461	0.63002
4.4499	0.62938
4.4537	0.62884
4.4576	0.62852
4.4614	0.62785
4.4652	0.62724
4.4691	0.62671
4.4729	0.62621
4.4768	0.62543
4.4807	0.62477
4.4845	0.62400
4.4884	0.62338
4.4923	0.62281
4.4962	0.62233
4.5001	0.62142
4.504	0.62061
4.5079	0.61985
4.5119	0.61925
4.5158	0.61863
4.5197	0.61803
4.5237	0.61728
4.5276	0.61664
4.5316	0.61587
4.5356	0.61510
4.5395	0.61406
4.5435	0.61328
4.5475	0.61233
4.5515	0.61163
4.5555	0.61091
4.5595	0.61017
4.5635	0.60924
4.5675	0.60847
4.5715	0.60761
4.5756	0.60677
4.5796	0.60596
4.5837	0.60511
4.5877	0.60410
4.5918	0.60331
4.5959	0.60248
4.5999	0.60179
4.604	0.60104
4.6081	0.60044
4.6122	0.59954
4.6163	0.59881
4.6204	0.59805
4.6246	0.59732
4.6287	0.59640
4.6328	0.59572
4.637	0.59481
4.6411	0.59399
4.6453	0.59322
4.6494	0.59255
4.6536	0.59175
4.6578	0.59111
4.662	0.59027
4.6662	0.58950
4.6704	0.58867
4.6746	0.58795
4.6788	0.58707
4.683	0.58641
4.6873	0.58542
4.6915	0.58462
4.6958	0.58381
4.7	0.58293
4.7043	0.58185
4.7086	0.58101
4.7129	0.58010
4.7171	0.57908
4.7214	0.57800
4.7257	0.57733
4.7301	0.57641
4.7344	0.57535
4.7387	0.57417
4.743	0.57319
4.7474	0.57200
4.7517	0.57087
4.7561	0.56966
4.7605	0.56860
4.7648	0.56734
4.7692	0.56596
4.7736	0.56460
4.778	0.56325
4.7824	0.56165
4.7868	0.56022
4.7913	0.55857
4.7957	0.55680
4.8001	0.55500
4.8046	0.55318
4.809	0.55125
4.8135	0.54936
4.818	0.54707
4.8225	0.54475
4.8269	0.54215
4.8314	0.53951
4.8359	0.53657
4.8405	0.53340
4.845	0.52965
4.8495	0.52553
4.8541	0.52076
4.8586	0.51539
4.8632	0.50902
4.8677	0.50215
4.8723	0.49453
4.8769	0.48632
4.8815	0.47742
4.8861	0.46852
4.8907	0.45968
4.8953	0.45118
4.8999	0.44305
4.9046	0.43561
4.9092	0.42874
4.9139	0.42231
4.9185	0.41619
4.9232	0.41042
4.9279	0.40467
4.9326	0.39936
4.9373	0.39464
4.942	0.39082
4.9467	0.38846
4.9514	0.38769
4.9562	0.38798
4.9609	0.38905
4.9656	0.39069
4.9704	0.39281
4.9752	0.39485
4.98	0.39703
4.9847	0.39916
4.9895	0.40107
4.9943	0.40287
4.9992	0.40446
5.004	0.40582
5.0088	0.40719
5.0137	0.40825
5.0185	0.40926
5.0234	0.41001
5.0283	0.41068
5.0331	0.41106
5.038	0.41127
5.0429	0.41122
5.0478	0.41120
5.0528	0.41097
5.0577	0.41047
5.0626	0.40983
5.0676	0.40910
5.0725	0.40802
5.0775	0.40665
5.0825	0.40506
5.0875	0.40343
5.0925	0.40169
5.0975	0.39965
5.1025	0.39760
5.1075	0.39558
5.1126	0.39318
5.1176	0.39077
5.1227	0.38849
5.1277	0.38621
5.1328	0.38373
5.1379	0.38104
5.143	0.37817
5.1481	0.37519
5.1532	0.37236
5.1583	0.36957
5.1635	0.36664
5.1686	0.36392
5.1738	0.36113
5.179	0.35829
5.1841	0.35517
5.1893	0.35190
5.1945	0.34854
5.1997	0.34534
5.205	0.34233
5.2102	0.33966
5.2154	0.33731
5.2207	0.33542
5.2259	0.33412
5.2312	0.33359
5.2365	0.33334
5.2418	0.33325
5.2471	0.33335
5.2524	0.33347
5.2577	0.33354
5.2631	0.33368
5.2684	0.33377
5.2738	0.33375
5.2792	0.33352
5.2845	0.33309
5.2899	0.33245
5.2953	0.33173
5.3008	0.33103
5.3062	0.33019
5.3116	0.32915
5.3171	0.32829
5.3225	0.32738
5.328	0.32647
5.3335	0.32537
5.339	0.32388
5.3445	0.32200
5.35	0.31972
5.3555	0.31706
5.361	0.31421
5.3666	0.31134
5.3722	0.30857
5.3777	0.30624
5.3833	0.30404
5.3889	0.30170
5.3945	0.29916
5.4001	0.29659
5.4058	0.29372
5.4114	0.29065
5.4171	0.28771
5.4227	0.28484
5.4284	0.28215
5.4341	0.28003
5.4398	0.27813
5.4455	0.27656
5.4512	0.27531
5.457	0.27457
5.4627	0.27410
5.4685	0.27372
5.4743	0.27388
5.4801	0.27425
5.4859	0.27460
5.4917	0.27496
5.4975	0.27516
5.5033	0.27533
5.5092	0.27537
5.515	0.27517
5.5209	0.27457
5.5268	0.27373
5.5327	0.27270
5.5386	0.27140
5.5445	0.26958
5.5505	0.26721
5.5564	0.26398
5.5624	0.25991
5.5684	0.25502
5.5743	0.24933
5.5803	0.24273
5.5864	0.23543
5.5924	0.22856
5.5984	0.22272
5.6045	0.21745
5.6105	0.21340
5.6166	0.21061
5.6227	0.20924
5.6288	0.20850
5.6349	0.20853
5.6411	0.20907
5.6472	0.21098
5.6534	0.21371
5.6595	0.21711
5.6657	0.22112
5.6719	0.22557
5.6781	0.23019
5.6844	0.23550
5.6906	0.24034
5.6969	0.24539
5.7031	0.25030
5.7094	0.25470
5.7157	0.25933
5.722	0.26388
5.7283	0.26785
5.7347	0.27170
5.741	0.27515
5.7474	0.27805
5.7538	0.28020
5.7601	0.28169
5.7666	0.28192
5.773	0.28218
5.7794	0.28190
5.7859	0.28109
5.7923	0.28007
5.7988	0.27881
5.8053	0.27737
5.8118	0.27625
5.8183	0.27504
5.8249	0.27385
5.8314	0.27314
5.838	0.27250
5.8446	0.27160
5.8512	0.27049
5.8578	0.26934
5.8644	0.26813
5.871	0.26708
5.8777	0.26638
5.8844	0.26570
5.8911	0.26621
5.8978	0.26612
5.9045	0.26667
5.9112	0.26682
5.918	0.26687
5.9247	0.26656
5.9315	0.26606
5.9383	0.26485
5.9451	0.26351
5.9519	0.26198
5.9588	0.26030
5.9656	0.25839
5.9725	0.25646
5.9794	0.25442
5.9863	0.25272
5.9932	0.25124
6.0002	0.25089
6.0071	0.25182
6.0141	0.25435
6.0211	0.25911
6.0281	0.26614
6.0351	0.27464
6.0421	0.28458
6.0492	0.29395
6.0562	0.30835
6.0633	0.32067
6.0704	0.32900
6.0775	0.33815
6.0847	0.34758
6.0918	0.35417
6.099	0.36005
6.1062	0.36520
6.1134	0.36923
6.1206	0.37339
6.1278	0.37727
6.1351	0.37943
6.1423	0.38152
6.1496	0.38330
6.1569	0.38484
6.1643	0.38593
6.1716	0.38735
6.1789	0.38767
6.1863	0.38778
6.1937	0.38814
6.2011	0.38841
6.2085	0.38804
6.216	0.38776
6.2235	0.38716
6.2309	0.38669
6.2384	0.38581
6.2459	0.38516
6.2535	0.38445
6.261	0.38397
6.2686	0.38343
6.2762	0.38345
6.2838	0.38365
6.2914	0.38457
6.2991	0.38558
6.3067	0.38685
6.3144	0.38816
6.3221	0.38968
6.3298	0.39087
6.3376	0.39180
6.3453	0.39219
6.3531	0.39317
6.3609	0.39347
6.3687	0.39316
6.3765	0.39273
6.3844	0.39278
6.3923	0.39253
6.4002	0.39239
6.4081	0.39197
6.416	0.39188
6.424	0.39286
6.4319	0.39348
6.4399	0.39367
6.4479	0.39398
6.456	0.39417
6.464	0.39448
6.4721	0.39430
6.4802	0.39410
6.4883	0.39387
6.4964	0.39379
6.5046	0.39404
6.5127	0.39428
6.5209	0.39401
6.5291	0.39418
6.5374	0.39470
6.5456	0.39524
6.5539	0.39559
6.5622	0.39645
6.5705	0.39686
6.5789	0.39751
6.5872	0.39845
6.5956	0.39888
6.604	0.39916
6.6124	0.39913
6.6209	0.39883
6.6293	0.39819
6.6378	0.39720
6.6463	0.39603
6.6549	0.39511
6.6634	0.39392
6.672	0.39218
6.6806	0.39010
6.6892	0.38800
6.6978	0.38605
6.7065	0.38401
6.7152	0.38147
6.7239	0.37892
6.7326	0.37652
6.7414	0.37405
6.7502	0.37150
6.759	0.36885
6.7678	0.36634
6.7766	0.36416
6.7855	0.36213
6.7944	0.36061
6.8033	0.35936
6.8123	0.35876
6.8212	0.35859
6.8302	0.35864
6.8392	0.35893
6.8483	0.35936
6.8573	0.35971
6.8664	0.36000
6.8755	0.36032
6.8846	0.36024
6.8938	0.35982
6.903	0.35890
6.9122	0.35753
6.9214	0.35562
6.9307	0.35353
6.9399	0.35123
6.9492	0.34890
6.9586	0.34653
6.9679	0.34361
6.9773	0.34069
6.9867	0.33804
6.9961	0.33489
7.0056	0.33152
7.0151	0.32832
7.0246	0.32530
7.0341	0.32255
7.0437	0.32055
7.0532	0.31911
7.0629	0.31836
7.0725	0.31835
7.0822	0.31861
7.0918	0.31906
7.1016	0.31935
7.1113	0.31950
7.1211	0.31928
7.1309	0.31884
7.1407	0.31800
7.1505	0.31676
7.1604	0.31521
7.1703	0.31397
7.1802	0.31257
7.1902	0.31128
7.2002	0.31033
7.2102	0.30960
7.2202	0.30887
7.2303	0.30851
7.2404	0.30834
7.2505	0.30848
7.2607	0.30877
7.2709	0.30880
7.2811	0.30857
7.2913	0.30801
7.3016	0.30695
7.3119	0.30533
7.3222	0.30317
7.3326	0.30087
7.343	0.29829
7.3534	0.29555
7.3638	0.29300
7.3743	0.29064
7.3848	0.28829
7.3953	0.28627
7.4059	0.28414
7.4165	0.28199
7.4271	0.27975
7.4378	0.27752
7.4485	0.27517
7.4592	0.27294
7.4699	0.27047
7.4807	0.26809
7.4915	0.26581
7.5024	0.26385
7.5132	0.26209
7.5241	0.26053
7.5351	0.25900
7.546	0.25781
7.557	0.25711
7.5681	0.25700
7.5791	0.25729
7.5902	0.25806
7.6014	0.25900
7.6125	0.26004
7.6237	0.26103
7.635	0.26195
7.6462	0.26248
7.6575	0.26281
7.6688	0.26312
7.6802	0.26333
7.6916	0.26311
7.703	0.26266
7.7145	0.26201
7.726	0.26120
7.7375	0.26017
7.7491	0.25913
7.7607	0.25772
7.7723	0.25645
7.784	0.25532
7.7957	0.25449
7.8074	0.25386
7.8192	0.25344
7.831	0.25315
7.8429	0.25324
7.8548	0.25339
7.8667	0.25348
7.8786	0.25314
7.8906	0.25279
7.9026	0.25220
7.9147	0.25162
7.9268	0.25087
7.939	0.24999
7.9511	0.24880
7.9633	0.24757
7.9756	0.24609
7.9879	0.24422
8.0002	0.24176
8.0126	0.23919
8.025	0.23651
8.0374	0.23383
8.0499	0.23113
8.0624	0.22870
8.075	0.22638
8.0876	0.22416
8.1002	0.22162
8.1129	0.21905
8.1256	0.21622
8.1384	0.21304
8.1512	0.20948
8.164	0.20612
8.1769	0.20274
8.1898	0.19974
8.2027	0.19693
8.2157	0.19442
8.2288	0.19215
8.2419	0.19038
8.255	0.18876
8.2682	0.18751
8.2814	0.18629
8.2946	0.18517
8.3079	0.18372
8.3212	0.18225
8.3346	0.18051
8.348	0.17858
8.3615	0.17619
8.375	0.17386
8.3886	0.17123
8.4022	0.16850
8.4158	0.16575
8.4295	0.16315
8.4432	0.16065
8.457	0.15833
8.4708	0.15618
8.4847	0.15448
8.4986	0.15256
8.5125	0.15075
8.5265	0.14884
8.5406	0.14689
8.5547	0.14451
8.5688	0.14216
8.583	0.13964
8.5972	0.13714
8.6115	0.13446
8.6258	0.13199
8.6402	0.12952
8.6546	0.12707
8.6691	0.12450
8.6836	0.12207
8.6982	0.11948
8.7128	0.11695
8.7275	0.11442
8.7422	0.11205
8.757	0.10955
8.7718	0.10743
8.7867	0.10502
8.8016	0.10297
8.8166	0.10096
8.8316	0.09927
8.8466	0.09762
8.8618	0.09642
8.8769	0.09537
8.8922	0.09490
8.9074	0.09457
8.9228	0.09493
8.9382	0.09600
8.9536	0.09794
8.9691	0.10030
8.9846	0.10335
9.0002	0.10672
9.0159	0.11070
9.0316	0.11524
9.0474	0.12059
9.0632	0.12639
9.079	0.13296
9.095	0.13995
9.111	0.14791
9.127	0.15626
9.1431	0.16487
9.1593	0.17345
9.1755	0.18258
9.1917	0.19221
9.2081	0.20193
9.2244	0.21119
9.2409	0.22023
9.2574	0.22862
9.2739	0.23621
9.2906	0.24279
9.3072	0.24861
9.324	0.25337
9.3408	0.25670
9.3576	0.25796
9.3746	0.25726
9.3915	0.25501
9.4086	0.25195
9.4257	0.24867
9.4429	0.24557
9.4601	0.24247
9.4774	0.23979
9.4948	0.23707
9.5122	0.23440
9.5297	0.23205
9.5472	0.22958
9.5648	0.22691
9.5825	0.22414
9.6003	0.22140
9.6181	0.21872
9.6359	0.21617
9.6539	0.21404
9.6719	0.21192
9.69	0.21012
9.7081	0.20842
9.7263	0.20694
9.7446	0.20578
9.763	0.20507
9.7814	0.20433
9.7999	0.20392
9.8184	0.20355
9.8371	0.20315
9.8558	0.20294
9.8745	0.20264
9.8934	0.20234
9.9123	0.20204
9.9313	0.20169
9.9504	0.20127
9.9695	0.20040
9.9887	0.19957
10.008	0.19850
10.0273	0.19764
10.0468	0.19696
10.0663	0.19670
10.0859	0.19689
10.1055	0.19841
10.1253	0.20083
10.1451	0.20219
10.165	0.19999
10.1849	0.19325
10.205	0.18359
10.2251	0.17365
10.2453	0.16550
10.2656	0.16078
10.286	0.15979
10.3064	0.16198
10.327	0.16666
10.3476	0.17356
10.3683	0.18147
10.389	0.18904
10.4099	0.19454
10.4309	0.20012
10.4519	0.21022
10.473	0.22358
10.4942	0.23375
10.5155	0.23927
10.5369	0.24134
10.5583	0.24126
10.5799	0.23986
10.6015	0.23769
10.6232	0.23489
10.645	0.23191
10.6669	0.22877
10.6889	0.22560
10.711	0.22244
10.7332	0.21930
10.7555	0.21587
10.7778	0.21244
10.8003	0.20920
10.8228	0.20619
10.8455	0.20288
10.8682	0.19972
10.891	0.19660
10.914	0.19369
10.937	0.19086
10.9601	0.18836
10.9833	0.18585
11.0067	0.18357
11.0301	0.18122
11.0536	0.17891
11.0772	0.17638
11.1009	0.17386
11.1248	0.17146
11.1487	0.16936
11.1727	0.16724
11.1968	0.16530
11.2211	0.16332
11.2454	0.16123
11.2699	0.15905
11.2944	0.15678
11.3191	0.15413
11.3438	0.15152
11.3687	0.14857
11.3937	0.14525
11.4188	0.14108
11.444	0.13662
11.4693	0.13089
11.4948	0.12378
11.5203	0.11606
11.546	0.10862
11.5717	0.10201
11.5976	0.09646
11.6236	0.09180
11.6497	0.08822
11.676	0.08501
11.7023	0.08243
11.7288	0.08007
11.7554	0.07781
11.7821	0.07495
11.809	0.07221
11.8359	0.07001
11.863	0.06937
11.8902	0.07048
11.9176	0.07261
11.945	0.07431
11.9726	0.07575
12.0003	0.07643
12.0282	0.07681
12.0561	0.07723
12.0842	0.07778
12.1125	0.07797
12.1408	0.07875
12.1693	0.07986
12.198	0.08081
12.2267	0.08188
12.2556	0.08342
12.2847	0.08449
12.3139	0.08553
12.3432	0.08621
12.3726	0.08725
12.4022	0.08831
12.432	0.08974
12.4619	0.09100
12.4919	0.09249
12.5221	0.09398
12.5524	0.09536
12.5829	0.09662
12.6135	0.09813
12.6442	0.09925
12.6751	0.10001
12.7062	0.10055
12.7374	0.10135
12.7688	0.10214
12.8003	0.10299
12.832	0.10354
12.8639	0.10430
12.8959	0.10477
12.928	0.10515
12.9603	0.10531
12.9928	0.10493
13.0255	0.10456
13.0583	0.10468
13.0913	0.10456
13.1244	0.10417
13.1577	0.10380
13.1912	0.10357
13.2248	0.10281
13.2587	0.10221
13.2927	0.10168
13.3268	0.10122
13.3612	0.10042
13.3957	0.09990
13.4304	0.09940
13.4653	0.09883
13.5004	0.09807
13.5356	0.09746
13.571	0.09670
13.6067	0.09594
13.6425	0.09487
13.6785	0.09389
13.7146	0.09291
13.751	0.09200
13.7876	0.09078
13.8244	0.08941
13.8613	0.08809
13.8985	0.08706
13.9358	0.08575
13.9734	0.08432
14.0112	0.08270
14.0491	0.08121
14.0873	0.07950
14.1257	0.07810
14.1643	0.07679
14.2031	0.07542
14.2421	0.07387
14.2814	0.07224
14.3208	0.07036
14.3605	0.06881
14.4004	0.06704
14.4405	0.06545
14.4808	0.06391
14.5214	0.06258
14.5622	0.06127
14.6032	0.06017
14.6444	0.05872
14.6859	0.05772
14.7277	0.05685
14.7696	0.05613
14.8118	0.05545
14.8543	0.05465
14.8969	0.05351
14.9399	0.05290
14.983	0.05218
15.0265	0.05248
15.0702	0.05321
15.1141	0.05387
15.1583	0.05489
15.2027	0.05652
15.2475	0.05889
15.2924	0.06233
15.3377	0.06572
15.3832	0.06965
15.429	0.07372
15.475	0.07810
15.5214	0.08250
15.568	0.08690
15.6149	0.09016
15.662	0.09282
15.7095	0.09477
15.7572	0.09612
15.8053	0.09697
15.8536	0.09742
15.9023	0.09712
15.9512	0.09620
16.0004	0.09427
16.05	0.09228
16.0998	0.09015
16.15	0.08791
16.2004	0.08554
16.2512	0.08314
16.3023	0.08041
16.3537	0.07790
16.4055	0.07496
16.4576	0.07252
16.51	0.06963
16.5627	0.06669
16.6158	0.06438
16.6692	0.06280
16.723	0.06115
16.7771	0.06004
16.8316	0.05884
16.8864	0.05844
16.9416	0.05921
16.9972	0.06112
17.0531	0.06360
17.1094	0.06721
17.166	0.07125
17.223	0.07595
17.2805	0.08091
17.3382	0.08640
17.3964	0.09155
17.455	0.09739
17.514	0.10356
17.5733	0.10962
17.6331	0.11501
17.6933	0.11971
17.7539	0.12338
17.8149	0.12656
17.8763	0.12868
17.9382	0.13094
18.0005	0.13266
18.0632	0.13456
18.1263	0.13739
18.1899	0.14104
18.254	0.14423
18.3185	0.14585
18.3835	0.14516
18.4489	0.14415
18.5148	0.14405
18.5811	0.14562
18.648	0.14868
18.7153	0.15410
18.7831	0.16086
18.8514	0.16745
18.9202	0.17195
18.9895	0.17353
19.0593	0.17230
19.1297	0.16799
19.2005	0.16163
19.2719	0.15696
19.3438	0.15207
19.4162	0.14593
19.4892	0.14068
19.5628	0.13707
19.6369	0.13375
19.7115	0.13127
19.7868	0.13033
19.8626	0.13092
19.939	0.12944
20.016	0.12453
20.0935	0.11680
20.1717	0.10743
20.2505	0.09815
20.3299	0.09040
20.41	0.08301
20.4907	0.07711
20.572	0.07099
20.6539	0.06558
20.7365	0.06316
20.8198	0.06423
20.9038	0.06652
20.9884	0.07212
21.0737	0.07949
21.1597	0.08317
21.2465	0.08577
21.3339	0.08949
21.422	0.08955
21.5109	0.08791
21.6006	0.08544
21.6909	0.08389
21.7821	0.08447
21.874	0.08834
21.9667	0.09512
22.0601	0.10319
22.1544	0.11394
22.2495	0.12715
22.3454	0.13946
22.4421	0.15049
22.5397	0.15729
22.6381	0.16129
22.7374	0.16359
22.8376	0.16488
22.9387	0.16884
23.0406	0.17728
23.1435	0.18713
23.2472	0.19818
23.352	0.20865
23.4576	0.21610
23.5643	0.22171
23.6718	0.22734
23.7804	0.23046
23.89	0.23228
24.0006	0.23431
24.1123	0.23272
24.2249	0.22752
24.3387	0.22117
24.4535	0.21114
24.5694	0.19634
24.6864	0.18172
24.8045	0.17310
24.9237	0.16747
25.0441	0.16750
25.1657	0.16790
25.2885	0.16138
25.4124	0.15394
25.5376	0.15049
25.664	0.13989
25.7917	0.13020
25.9207	0.12289
