Brown University Keck/NASA Relab Spectrum PO-CMP-032-I/NNPO32I
Wavelength(micron)	Reflectance
0.3	0.16708
0.305	0.17216
0.31	0.18100
0.315	0.19404
0.32	0.21068
0.325	0.22793
0.33	0.24935
0.335	0.27065
0.34	0.29214
0.345	0.31441
0.35	0.33561
0.355	0.35708
0.36	0.37510
0.365	0.39315
0.37	0.40787
0.375	0.42057
0.38	0.43237
0.385	0.44199
0.39	0.45232
0.395	0.46202
0.4	0.47068
0.405	0.48007
0.41	0.48959
0.415	0.49844
0.42	0.50331
0.425	0.50729
0.43	0.51322
0.435	0.51552
0.44	0.51884
0.445	0.52057
0.45	0.51965
0.455	0.52293
0.46	0.52931
0.465	0.53567
0.47	0.54051
0.475	0.54883
0.48	0.55825
0.485	0.56261
0.49	0.56869
0.495	0.57397
0.5	0.58749
0.505	0.59927
0.51	0.60855
0.515	0.61629
0.52	0.62388
0.525	0.62988
0.53	0.63707
0.535	0.64409
0.54	0.64982
0.545	0.65634
0.55	0.66066
0.555	0.66380
0.56	0.66541
0.565	0.66781
0.57	0.66800
0.575	0.66818
0.58	0.66694
0.585	0.66610
0.59	0.66520
0.595	0.66449
0.6	0.66238
0.605	0.65993
0.61	0.65717
0.615	0.65370
0.62	0.65065
0.625	0.64718
0.63	0.64380
0.635	0.64119
0.64	0.64110
0.645	0.64128
0.65	0.64082
0.655	0.64139
0.66	0.64142
0.665	0.64035
0.67	0.64095
0.675	0.64290
0.68	0.64466
0.685	0.64157
0.69	0.63731
0.695	0.63539
0.7	0.63479
0.705	0.63203
0.71	0.63094
0.715	0.62878
0.72	0.62538
0.725	0.62330
0.73	0.61970
0.735	0.61676
0.74	0.61369
0.745	0.60972
0.75	0.60564
0.755	0.59996
0.76	0.59524
0.765	0.58860
0.77	0.58015
0.775	0.57136
0.78	0.56211
0.785	0.55718
0.79	0.55208
0.795	0.54526
0.8	0.54214
0.805	0.53634
0.81	0.53280
0.815	0.52675
0.82	0.52223
0.825	0.51861
0.83	0.51491
0.835	0.51097
0.84	0.50753
0.845	0.50500
0.85	0.50163
0.855	0.49929
0.86	0.49716
0.865	0.49449
0.87	0.49183
0.875	0.48891
0.88	0.48665
0.885	0.48444
0.89	0.48204
0.895	0.47811
0.9	0.47471
0.905	0.47119
0.91	0.46708
0.915	0.46351
0.92	0.45982
0.925	0.45462
0.93	0.45045
0.935	0.44588
0.94	0.44098
0.945	0.43475
0.95	0.43018
0.955	0.42402
0.96	0.41822
0.965	0.41239
0.97	0.40735
0.975	0.40081
0.98	0.39622
0.985	0.39060
0.99	0.38565
0.995	0.38097
1	0.37641
1.005	0.37193
1.01	0.36790
1.015	0.36595
1.02	0.36281
1.025	0.36031
1.03	0.35716
1.035	0.35596
1.04	0.35383
1.045	0.35284
1.05	0.35268
1.055	0.35270
1.06	0.35239
1.065	0.35337
1.07	0.35413
1.075	0.35540
1.08	0.35719
1.085	0.35907
1.09	0.36174
1.095	0.36441
1.1	0.36846
1.105	0.37094
1.11	0.37444
1.115	0.37806
1.12	0.38132
1.125	0.38432
1.13	0.38793
1.135	0.39137
1.14	0.39374
1.145	0.39701
1.15	0.40000
1.155	0.40162
1.16	0.40429
1.165	0.40641
1.17	0.40885
1.175	0.41055
1.18	0.41298
1.185	0.41478
1.19	0.41612
1.195	0.41810
1.2	0.41829
1.205	0.41939
1.21	0.42135
1.215	0.42277
1.22	0.42419
1.225	0.42620
1.23	0.42740
1.235	0.42926
1.24	0.43062
1.245	0.43243
1.25	0.43467
1.255	0.43652
1.26	0.43881
1.265	0.44111
1.27	0.44342
1.275	0.44547
1.28	0.44828
1.285	0.45075
1.29	0.45319
1.295	0.45544
1.3	0.45865
1.305	0.46170
1.31	0.46503
1.315	0.46808
1.32	0.47166
1.325	0.47495
1.33	0.47815
1.335	0.48269
1.34	0.48647
1.345	0.48920
1.35	0.49038
1.355	0.49043
1.36	0.49105
1.365	0.49599
1.37	0.50168
1.375	0.50968
1.38	0.50925
1.385	0.51544
1.39	0.52389
1.395	0.52523
1.4	0.52937
1.405	0.53593
1.41	0.54435
1.415	0.54990
1.42	0.55517
1.425	0.56083
1.43	0.56663
1.435	0.57163
1.44	0.57817
1.445	0.58162
1.45	0.58750
1.455	0.59483
1.46	0.59942
1.465	0.60420
1.47	0.60868
1.475	0.61545
1.48	0.61975
1.485	0.62562
1.49	0.63128
1.495	0.63687
1.5	0.64251
1.505	0.64668
1.51	0.65218
1.515	0.65600
1.52	0.66202
1.525	0.66697
1.53	0.67109
1.535	0.67540
1.54	0.68031
1.545	0.68515
1.55	0.68904
1.555	0.69303
1.56	0.69679
1.565	0.70086
1.57	0.70522
1.575	0.70882
1.58	0.71322
1.585	0.71593
1.59	0.71978
1.595	0.72288
1.6	0.72580
1.605	0.72926
1.61	0.73206
1.615	0.73537
1.62	0.73754
1.625	0.74034
1.63	0.74161
1.635	0.74386
1.64	0.74650
1.645	0.74846
1.65	0.75070
1.655	0.75294
1.66	0.75396
1.665	0.75601
1.67	0.75845
1.675	0.75883
1.68	0.76038
1.685	0.76359
1.69	0.76239
1.695	0.76452
1.7	0.76678
1.705	0.76783
1.71	0.76779
1.715	0.76898
1.72	0.77008
1.725	0.77045
1.73	0.77086
1.735	0.77180
1.74	0.77198
1.745	0.77236
1.75	0.77311
1.755	0.77292
1.76	0.77324
1.765	0.77314
1.77	0.77432
1.775	0.77359
1.78	0.77430
1.7815	0.77413
1.7827	0.77419
1.7839	0.77420
1.7852	0.77410
1.7864	0.77401
1.7876	0.77417
1.7889	0.77429
1.7901	0.77425
1.7913	0.77431
1.7926	0.77441
1.7938	0.77433
1.7951	0.77421
1.7963	0.77424
1.7976	0.77443
1.7988	0.77441
1.8	0.77414
1.8013	0.77423
1.8026	0.77451
1.8038	0.77446
1.8051	0.77449
1.8063	0.77450
1.8076	0.77451
1.8088	0.77461
1.8101	0.77469
1.8114	0.77493
1.8126	0.77489
1.8139	0.77484
1.8152	0.77482
1.8164	0.77498
1.8177	0.77482
1.819	0.77469
1.8203	0.77496
1.8216	0.77519
1.8228	0.77508
1.8241	0.77470
1.8254	0.77472
1.8267	0.77507
1.828	0.77510
1.8293	0.77485
1.8306	0.77488
1.8318	0.77474
1.8331	0.77465
1.8344	0.77475
1.8357	0.77487
1.837	0.77496
1.8383	0.77490
1.8397	0.77453
1.841	0.77467
1.8423	0.77483
1.8436	0.77491
1.8449	0.77496
1.8462	0.77495
1.8475	0.77532
1.8488	0.77551
1.8502	0.77513
1.8515	0.77466
1.8528	0.77473
1.8541	0.77494
1.8555	0.77512
1.8568	0.77508
1.8581	0.77514
1.8594	0.77504
1.8608	0.77484
1.8621	0.77482
1.8635	0.77490
1.8648	0.77501
1.8661	0.77502
1.8675	0.77474
1.8688	0.77473
1.8702	0.77484
1.8715	0.77520
1.8729	0.77528
1.8742	0.77523
1.8756	0.77502
1.8769	0.77472
1.8783	0.77460
1.8797	0.77457
1.881	0.77455
1.8824	0.77450
1.8838	0.77443
1.8851	0.77434
1.8865	0.77429
1.8879	0.77441
1.8893	0.77410
1.8906	0.77389
1.892	0.77406
1.8934	0.77406
1.8948	0.77387
1.8962	0.77376
1.8976	0.77381
1.899	0.77371
1.9003	0.77351
1.9017	0.77356
1.9031	0.77326
1.9045	0.77323
1.9059	0.77348
1.9073	0.77324
1.9087	0.77276
1.9101	0.77266
1.9116	0.77271
1.913	0.77238
1.9144	0.77253
1.9158	0.77298
1.9172	0.77288
1.9186	0.77275
1.92	0.77282
1.9215	0.77270
1.9229	0.77252
1.9243	0.77257
1.9258	0.77254
1.9272	0.77236
1.9286	0.77248
1.9301	0.77272
1.9315	0.77270
1.9329	0.77253
1.9344	0.77246
1.9358	0.77257
1.9373	0.77243
1.9387	0.77231
1.9402	0.77217
1.9416	0.77224
1.9431	0.77243
1.9445	0.77243
1.946	0.77231
1.9475	0.77232
1.9489	0.77227
1.9504	0.77205
1.9519	0.77211
1.9533	0.77240
1.9548	0.77285
1.9563	0.77268
1.9578	0.77222
1.9592	0.77212
1.9607	0.77222
1.9622	0.77241
1.9637	0.77255
1.9652	0.77226
1.9667	0.77214
1.9682	0.77234
1.9697	0.77257
1.9712	0.77262
1.9727	0.77268
1.9742	0.77255
1.9757	0.77253
1.9772	0.77265
1.9787	0.77241
1.9802	0.77232
1.9817	0.77249
1.9832	0.77244
1.9847	0.77224
1.9863	0.77210
1.9878	0.77227
1.9893	0.77251
1.9908	0.77246
1.9924	0.77220
1.9939	0.77232
1.9954	0.77249
1.997	0.77235
1.9985	0.77243
2.0001	0.77253
2.0016	0.77234
2.0031	0.77260
2.0047	0.77278
2.0062	0.77273
2.0078	0.77262
2.0094	0.77238
2.0109	0.77247
2.0125	0.77282
2.014	0.77264
2.0156	0.77247
2.0172	0.77241
2.0187	0.77257
2.0203	0.77275
2.0219	0.77270
2.0235	0.77263
2.0251	0.77256
2.0266	0.77261
2.0282	0.77246
2.0298	0.77268
2.0314	0.77267
2.033	0.77249
2.0346	0.77237
2.0362	0.77241
2.0378	0.77244
2.0394	0.77261
2.041	0.77268
2.0426	0.77277
2.0442	0.77268
2.0458	0.77258
2.0474	0.77278
2.0491	0.77303
2.0507	0.77280
2.0523	0.77248
2.0539	0.77244
2.0556	0.77266
2.0572	0.77260
2.0588	0.77258
2.0605	0.77256
2.0621	0.77252
2.0637	0.77250
2.0654	0.77244
2.067	0.77221
2.0687	0.77247
2.0703	0.77276
2.072	0.77267
2.0737	0.77242
2.0753	0.77249
2.077	0.77251
2.0786	0.77252
2.0803	0.77274
2.082	0.77296
2.0837	0.77296
2.0853	0.77271
2.087	0.77270
2.0887	0.77261
2.0904	0.77264
2.0921	0.77272
2.0938	0.77286
2.0954	0.77305
2.0971	0.77284
2.0988	0.77272
2.1005	0.77272
2.1022	0.77261
2.104	0.77270
2.1057	0.77270
2.1074	0.77255
2.1091	0.77269
2.1108	0.77301
2.1125	0.77314
2.1142	0.77280
2.116	0.77232
2.1177	0.77253
2.1194	0.77271
2.1212	0.77285
2.1229	0.77292
2.1246	0.77295
2.1264	0.77300
2.1281	0.77282
2.1299	0.77270
2.1316	0.77274
2.1334	0.77266
2.1351	0.77272
2.1369	0.77259
2.1387	0.77245
2.1404	0.77277
2.1422	0.77277
2.144	0.77255
2.1458	0.77267
2.1475	0.77273
2.1493	0.77248
2.1511	0.77252
2.1529	0.77253
2.1547	0.77229
2.1565	0.77228
2.1583	0.77238
2.1601	0.77232
2.1619	0.77218
2.1637	0.77201
2.1655	0.77202
2.1673	0.77222
2.1691	0.77222
2.1709	0.77187
2.1727	0.77177
2.1746	0.77200
2.1764	0.77208
2.1782	0.77193
2.18	0.77174
2.1819	0.77170
2.1837	0.77176
2.1856	0.77159
2.1874	0.77135
2.1892	0.77144
2.1911	0.77165
2.193	0.77161
2.1948	0.77137
2.1967	0.77119
2.1985	0.77128
2.2004	0.77135
2.2023	0.77149
2.2041	0.77133
2.206	0.77125
2.2079	0.77113
2.2098	0.77099
2.2117	0.77086
2.2136	0.77087
2.2154	0.77086
2.2173	0.77071
2.2192	0.77080
2.2211	0.77076
2.223	0.77089
2.225	0.77087
2.2269	0.77064
2.2288	0.77054
2.2307	0.77040
2.2326	0.77054
2.2345	0.77070
2.2365	0.77090
2.2384	0.77079
2.2403	0.77048
2.2423	0.77048
2.2442	0.77058
2.2462	0.77038
2.2481	0.77034
2.2501	0.77013
2.252	0.76999
2.254	0.77013
2.2559	0.77019
2.2579	0.76991
2.2599	0.76957
2.2618	0.76948
2.2638	0.76943
2.2658	0.76927
2.2678	0.76928
2.2698	0.76929
2.2718	0.76920
2.2737	0.76919
2.2757	0.76932
2.2777	0.76952
2.2797	0.76940
2.2817	0.76897
2.2838	0.76889
2.2858	0.76889
2.2878	0.76879
2.2898	0.76876
2.2918	0.76868
2.2939	0.76859
2.2959	0.76858
2.2979	0.76835
2.3	0.76855
2.302	0.76878
2.3041	0.76868
2.3061	0.76858
2.3082	0.76858
2.3102	0.76871
2.3123	0.76888
2.3143	0.76878
2.3164	0.76826
2.3185	0.76826
2.3206	0.76865
2.3226	0.76891
2.3247	0.76874
2.3268	0.76868
2.3289	0.76861
2.331	0.76873
2.3331	0.76867
2.3352	0.76861
2.3373	0.76863
2.3394	0.76854
2.3415	0.76841
2.3436	0.76822
2.3458	0.76840
2.3479	0.76839
2.35	0.76831
2.3521	0.76846
2.3543	0.76858
2.3564	0.76834
2.3586	0.76849
2.3607	0.76876
2.3629	0.76850
2.365	0.76834
2.3672	0.76828
2.3693	0.76820
2.3715	0.76838
2.3737	0.76817
2.3759	0.76784
2.378	0.76803
2.3802	0.76813
2.3824	0.76838
2.3846	0.76854
2.3868	0.76824
2.389	0.76826
2.3912	0.76851
2.3934	0.76836
2.3956	0.76826
2.3978	0.76841
2.4001	0.76834
2.4023	0.76804
2.4045	0.76797
2.4067	0.76804
2.409	0.76792
2.4112	0.76790
2.4135	0.76808
2.4157	0.76815
2.418	0.76805
2.4202	0.76771
2.4225	0.76771
2.4248	0.76776
2.427	0.76766
2.4293	0.76744
2.4316	0.76720
2.4339	0.76710
2.4362	0.76715
2.4384	0.76726
2.4407	0.76701
2.443	0.76680
2.4453	0.76656
2.4477	0.76665
2.45	0.76671
2.4523	0.76627
2.4546	0.76612
2.4569	0.76585
2.4593	0.76563
2.4616	0.76564
2.4639	0.76563
2.4663	0.76591
2.4686	0.76594
2.471	0.76572
2.4733	0.76548
2.4757	0.76546
2.4781	0.76544
2.4804	0.76534
2.4828	0.76546
2.4852	0.76555
2.4876	0.76558
2.49	0.76592
2.4924	0.76585
2.4948	0.76565
2.4972	0.76552
2.4996	0.76552
2.502	0.76540
2.5044	0.76495
2.5068	0.76483
2.5093	0.76487
2.5117	0.76463
2.5141	0.76436
2.5166	0.76429
2.519	0.76453
2.5215	0.76471
2.5239	0.76462
2.5264	0.76462
2.5288	0.76471
2.5313	0.76466
2.5338	0.76487
2.5363	0.76462
2.5388	0.76408
2.5412	0.76403
2.5437	0.76407
2.5462	0.76394
2.5487	0.76377
2.5512	0.76361
2.5538	0.76375
2.5563	0.76394
2.5588	0.76391
2.5613	0.76340
2.5639	0.76326
2.5664	0.76343
2.5689	0.76344
2.5715	0.76335
2.574	0.76308
2.5766	0.76312
2.5792	0.76307
2.5817	0.76248
2.5843	0.76228
2.5869	0.76229
2.5895	0.76222
2.5921	0.76225
2.5947	0.76216
2.5973	0.76243
2.5999	0.76218
2.6025	0.76156
2.6051	0.76111
2.6077	0.76143
2.6103	0.76168
2.613	0.76117
2.6156	0.76082
2.6183	0.76078
2.6209	0.76099
2.6236	0.76089
2.6262	0.76046
2.6289	0.76013
2.6315	0.76031
2.6342	0.76022
2.6369	0.75994
2.6396	0.75942
2.6423	0.75880
2.645	0.75891
2.6477	0.75889
2.6504	0.75813
2.6531	0.75739
2.6558	0.75696
2.6585	0.75681
2.6613	0.75642
2.664	0.75563
2.6667	0.75511
2.6695	0.75425
2.6722	0.75268
2.675	0.75107
2.6778	0.74907
2.6805	0.74619
2.6833	0.74316
2.6861	0.74010
2.6889	0.73707
2.6917	0.73350
2.6945	0.72908
2.6973	0.72320
2.7001	0.71708
2.7029	0.71199
2.7057	0.70689
2.7085	0.70133
2.7114	0.69635
2.7142	0.69247
2.7171	0.68987
2.7199	0.68615
2.7228	0.68268
2.7256	0.67943
2.7285	0.67596
2.7314	0.67212
2.7342	0.66869
2.7371	0.66569
2.74	0.66265
2.7429	0.65906
2.7458	0.65545
2.7487	0.65155
2.7517	0.64746
2.7546	0.64355
2.7575	0.63964
2.7605	0.63593
2.7634	0.63263
2.7663	0.63019
2.7693	0.62735
2.7723	0.62446
2.7752	0.62111
2.7782	0.61810
2.7812	0.61594
2.7842	0.61323
2.7872	0.61090
2.7902	0.60868
2.7932	0.60629
2.7962	0.60438
2.7992	0.60279
2.8022	0.60057
2.8053	0.59914
2.8083	0.59795
2.8114	0.59675
2.8144	0.59505
2.8175	0.59280
2.8205	0.59103
2.8236	0.59001
2.8267	0.58884
2.8282	0.58863
2.8298	0.58834
2.8313	0.58782
2.8329	0.58751
2.8344	0.58745
2.836	0.58725
2.8375	0.58676
2.8391	0.58635
2.8406	0.58578
2.8422	0.58526
2.8437	0.58469
2.8453	0.58404
2.8469	0.58384
2.8484	0.58361
2.85	0.58329
2.8516	0.58307
2.8531	0.58273
2.8547	0.58244
2.8563	0.58233
2.8578	0.58197
2.8594	0.58141
2.861	0.58107
2.8626	0.58065
2.8642	0.58041
2.8657	0.58033
2.8673	0.58002
2.8689	0.57971
2.8705	0.57958
2.8721	0.57941
2.8737	0.57924
2.8753	0.57893
2.8769	0.57866
2.8785	0.57840
2.8801	0.57800
2.8817	0.57758
2.8833	0.57742
2.8849	0.57733
2.8865	0.57722
2.8881	0.57713
2.8897	0.57715
2.8913	0.57699
2.8929	0.57680
2.8945	0.57650
2.8962	0.57623
2.8978	0.57626
2.8994	0.57602
2.901	0.57611
2.9027	0.57626
2.9043	0.57607
2.9059	0.57586
2.9075	0.57569
2.9092	0.57536
2.9108	0.57510
2.9124	0.57516
2.9141	0.57513
2.9157	0.57496
2.9174	0.57503
2.919	0.57523
2.9206	0.57520
2.9223	0.57495
2.9239	0.57480
2.9256	0.57483
2.9272	0.57482
2.9289	0.57474
2.9305	0.57467
2.9322	0.57443
2.9339	0.57459
2.9355	0.57467
2.9372	0.57467
2.9389	0.57474
2.9405	0.57473
2.9422	0.57450
2.9439	0.57459
2.9455	0.57498
2.9472	0.57498
2.9489	0.57485
2.9506	0.57484
2.9522	0.57508
2.9539	0.57526
2.9556	0.57514
2.9573	0.57509
2.959	0.57509
2.9607	0.57534
2.9624	0.57529
2.9641	0.57542
2.9658	0.57543
2.9674	0.57556
2.9691	0.57597
2.9709	0.57593
2.9726	0.57596
2.9743	0.57615
2.976	0.57633
2.9777	0.57656
2.9794	0.57661
2.9811	0.57668
2.9828	0.57691
2.9845	0.57725
2.9863	0.57719
2.988	0.57713
2.9897	0.57736
2.9914	0.57756
2.9931	0.57788
2.9949	0.57817
2.9966	0.57829
2.9983	0.57867
3.0001	0.57883
3.0018	0.57907
3.0036	0.57912
3.0053	0.57928
3.007	0.57932
3.0088	0.57950
3.0105	0.57981
3.0123	0.58024
3.014	0.58033
3.0158	0.58061
3.0175	0.58071
3.0193	0.58094
3.0211	0.58144
3.0228	0.58152
3.0246	0.58162
3.0263	0.58159
3.0281	0.58179
3.0299	0.58225
3.0317	0.58250
3.0334	0.58245
3.0352	0.58229
3.037	0.58267
3.0388	0.58308
3.0405	0.58320
3.0423	0.58348
3.0441	0.58351
3.0459	0.58360
3.0477	0.58397
3.0495	0.58424
3.0513	0.58426
3.0531	0.58471
3.0549	0.58500
3.0567	0.58501
3.0585	0.58511
3.0603	0.58520
3.0621	0.58525
3.0639	0.58551
3.0657	0.58581
3.0675	0.58602
3.0694	0.58637
3.0712	0.58657
3.073	0.58687
3.0748	0.58705
3.0766	0.58706
3.0785	0.58719
3.0803	0.58727
3.0821	0.58766
3.084	0.58812
3.0858	0.58822
3.0876	0.58860
3.0895	0.58869
3.0913	0.58874
3.0932	0.58910
3.095	0.58940
3.0969	0.58984
3.0987	0.59016
3.1006	0.58998
3.1024	0.59037
3.1043	0.59096
3.1061	0.59093
3.108	0.59087
3.1099	0.59146
3.1117	0.59190
3.1136	0.59215
3.1155	0.59232
3.1173	0.59224
3.1192	0.59267
3.1211	0.59324
3.123	0.59331
3.1249	0.59342
3.1267	0.59364
3.1286	0.59396
3.1305	0.59446
3.1324	0.59499
3.1343	0.59534
3.1362	0.59529
3.1381	0.59542
3.14	0.59607
3.1419	0.59633
3.1438	0.59677
3.1457	0.59702
3.1476	0.59724
3.1495	0.59780
3.1514	0.59840
3.1534	0.59832
3.1553	0.59840
3.1572	0.59873
3.1591	0.59912
3.1611	0.59926
3.163	0.59950
3.1649	0.59993
3.1669	0.60047
3.1688	0.60076
3.1707	0.60086
3.1727	0.60103
3.1746	0.60148
3.1766	0.60193
3.1785	0.60214
3.1805	0.60235
3.1824	0.60288
3.1844	0.60334
3.1863	0.60331
3.1883	0.60345
3.1902	0.60397
3.1922	0.60458
3.1942	0.60483
3.1961	0.60495
3.1981	0.60525
3.2001	0.60544
3.2021	0.60563
3.204	0.60589
3.206	0.60611
3.208	0.60664
3.21	0.60693
3.212	0.60711
3.214	0.60754
3.216	0.60783
3.218	0.60804
3.22	0.60814
3.222	0.60860
3.224	0.60909
3.226	0.60942
3.228	0.60968
3.23	0.60982
3.232	0.61003
3.234	0.61037
3.236	0.61061
3.2381	0.61080
3.2401	0.61099
3.2421	0.61117
3.2441	0.61152
3.2462	0.61199
3.2482	0.61208
3.2502	0.61217
3.2523	0.61243
3.2543	0.61304
3.2564	0.61347
3.2584	0.61336
3.2605	0.61338
3.2625	0.61390
3.2646	0.61426
3.2666	0.61435
3.2687	0.61451
3.2707	0.61476
3.2728	0.61495
3.2749	0.61536
3.277	0.61551
3.279	0.61564
3.2811	0.61595
3.2832	0.61628
3.2853	0.61624
3.2873	0.61626
3.2894	0.61665
3.2915	0.61703
3.2936	0.61714
3.2957	0.61738
3.2978	0.61775
3.2999	0.61800
3.302	0.61807
3.3041	0.61820
3.3062	0.61854
3.3083	0.61883
3.3104	0.61883
3.3125	0.61888
3.3147	0.61910
3.3168	0.61952
3.3189	0.61961
3.321	0.61973
3.3232	0.61983
3.3253	0.61999
3.3274	0.62029
3.3296	0.62053
3.3317	0.62041
3.3338	0.62030
3.336	0.62044
3.3381	0.62091
3.3403	0.62107
3.3424	0.62095
3.3446	0.62094
3.3468	0.62118
3.3489	0.62112
3.3511	0.62103
3.3533	0.62093
3.3554	0.62085
3.3576	0.62088
3.3598	0.62088
3.362	0.62067
3.3641	0.62024
3.3663	0.62001
3.3685	0.61989
3.3707	0.61970
3.3729	0.61960
3.3751	0.61985
3.3773	0.61997
3.3795	0.62001
3.3817	0.62047
3.3839	0.62107
3.3861	0.62163
3.3883	0.62203
3.3905	0.62221
3.3928	0.62233
3.395	0.62241
3.3972	0.62248
3.3994	0.62246
3.4017	0.62247
3.4039	0.62258
3.4061	0.62251
3.4084	0.62246
3.4106	0.62249
3.4129	0.62261
3.4151	0.62258
3.4174	0.62303
3.4196	0.62345
3.4219	0.62399
3.4241	0.62460
3.4264	0.62518
3.4287	0.62560
3.4309	0.62606
3.4332	0.62644
3.4355	0.62687
3.4378	0.62738
3.44	0.62790
3.4423	0.62825
3.4446	0.62863
3.4469	0.62885
3.4492	0.62912
3.4515	0.62927
3.4538	0.62951
3.4561	0.62997
3.4584	0.63022
3.4607	0.63033
3.463	0.63059
3.4653	0.63073
3.4676	0.63085
3.47	0.63088
3.4723	0.63101
3.4746	0.63106
3.477	0.63121
3.4793	0.63133
3.4816	0.63143
3.484	0.63159
3.4863	0.63180
3.4887	0.63192
3.491	0.63202
3.4934	0.63211
3.4957	0.63225
3.4981	0.63223
3.5004	0.63240
3.5028	0.63263
3.5052	0.63297
3.5075	0.63350
3.5099	0.63407
3.5123	0.63448
3.5147	0.63511
3.5171	0.63558
3.5194	0.63590
3.5218	0.63612
3.5242	0.63626
3.5266	0.63658
3.529	0.63703
3.5314	0.63736
3.5338	0.63761
3.5362	0.63785
3.5387	0.63813
3.5411	0.63837
3.5435	0.63867
3.5459	0.63877
3.5483	0.63895
3.5508	0.63913
3.5532	0.63930
3.5556	0.63944
3.5581	0.63955
3.5605	0.63960
3.563	0.63986
3.5654	0.64006
3.5679	0.64023
3.5703	0.64024
3.5728	0.64038
3.5753	0.64051
3.5777	0.64070
3.5802	0.64088
3.5827	0.64097
3.5852	0.64096
3.5876	0.64107
3.5901	0.64117
3.5926	0.64129
3.5951	0.64140
3.5976	0.64149
3.6001	0.64161
3.6026	0.64170
3.6051	0.64169
3.6076	0.64170
3.6101	0.64169
3.6126	0.64172
3.6152	0.64175
3.6177	0.64189
3.6202	0.64189
3.6227	0.64203
3.6253	0.64203
3.6278	0.64207
3.6303	0.64198
3.6329	0.64206
3.6354	0.64206
3.638	0.64212
3.6405	0.64203
3.6431	0.64205
3.6457	0.64206
3.6482	0.64201
3.6508	0.64191
3.6534	0.64198
3.6559	0.64208
3.6585	0.64210
3.6611	0.64211
3.6637	0.64217
3.6663	0.64213
3.6689	0.64212
3.6715	0.64214
3.6741	0.64224
3.6767	0.64223
3.6793	0.64238
3.6819	0.64234
3.6845	0.64225
3.6872	0.64217
3.6898	0.64207
3.6924	0.64200
3.695	0.64197
3.6977	0.64192
3.7003	0.64182
3.703	0.64169
3.7056	0.64162
3.7083	0.64156
3.7109	0.64146
3.7136	0.64125
3.7162	0.64108
3.7189	0.64103
3.7216	0.64095
3.7242	0.64078
3.7269	0.64070
3.7296	0.64050
3.7323	0.64031
3.735	0.64017
3.7377	0.64015
3.7404	0.63999
3.7431	0.63987
3.7458	0.63975
3.7485	0.63966
3.7512	0.63951
3.7539	0.63940
3.7566	0.63921
3.7593	0.63906
3.7621	0.63901
3.7648	0.63895
3.7675	0.63868
3.7703	0.63844
3.773	0.63826
3.7758	0.63819
3.7785	0.63810
3.7813	0.63790
3.784	0.63766
3.7868	0.63745
3.7896	0.63725
3.7923	0.63708
3.7951	0.63686
3.7979	0.63671
3.8007	0.63656
3.8035	0.63627
3.8063	0.63604
3.8091	0.63593
3.8119	0.63577
3.8147	0.63554
3.8175	0.63540
3.8203	0.63525
3.8231	0.63503
3.8259	0.63486
3.8288	0.63486
3.8316	0.63472
3.8344	0.63452
3.8373	0.63439
3.8401	0.63430
3.8429	0.63430
3.8458	0.63424
3.8487	0.63413
3.8515	0.63402
3.8544	0.63399
3.8572	0.63387
3.8601	0.63378
3.863	0.63365
3.8659	0.63359
3.8688	0.63348
3.8716	0.63340
3.8745	0.63329
3.8774	0.63327
3.8803	0.63322
3.8832	0.63325
3.8862	0.63317
3.8891	0.63304
3.892	0.63294
3.8949	0.63289
3.8978	0.63278
3.9008	0.63272
3.9037	0.63261
3.9067	0.63245
3.9096	0.63227
3.9126	0.63215
3.9155	0.63199
3.9185	0.63180
3.9214	0.63166
3.9244	0.63153
3.9274	0.63136
3.9304	0.63121
3.9333	0.63101
3.9363	0.63085
3.9393	0.63059
3.9423	0.63038
3.9453	0.63015
3.9483	0.62983
3.9513	0.62957
3.9543	0.62932
3.9574	0.62899
3.9604	0.62871
3.9634	0.62837
3.9664	0.62805
3.9695	0.62760
3.9725	0.62721
3.9756	0.62683
3.9786	0.62646
3.9817	0.62593
3.9847	0.62546
3.9878	0.62493
3.9909	0.62441
3.9939	0.62385
3.997	0.62334
4.0001	0.62266
4.0032	0.62220
4.0063	0.62169
4.0094	0.62121
4.0125	0.62071
4.0156	0.62030
4.0187	0.61983
4.0218	0.61959
4.0249	0.61939
4.0281	0.61917
4.0312	0.61899
4.0343	0.61891
4.0375	0.61881
4.0406	0.61876
4.0438	0.61874
4.0469	0.61875
4.0501	0.61877
4.0533	0.61882
4.0564	0.61883
4.0596	0.61873
4.0628	0.61857
4.066	0.61855
4.0692	0.61839
4.0724	0.61820
4.0756	0.61808
4.0788	0.61791
4.082	0.61762
4.0852	0.61742
4.0884	0.61712
4.0917	0.61688
4.0949	0.61653
4.0981	0.61623
4.1014	0.61585
4.1046	0.61555
4.1079	0.61514
4.1111	0.61480
4.1144	0.61452
4.1177	0.61423
4.1209	0.61374
4.1242	0.61341
4.1275	0.61306
4.1308	0.61269
4.1341	0.61229
4.1374	0.61187
4.1407	0.61150
4.144	0.61119
4.1473	0.61073
4.1506	0.61031
4.154	0.60993
4.1573	0.60962
4.1606	0.60925
4.164	0.60878
4.1673	0.60837
4.1707	0.60797
4.174	0.60757
4.1774	0.60712
4.3822	0.58008
4.3859	0.57958
4.3896	0.57901
4.3933	0.57849
4.3971	0.57812
4.4008	0.57762
4.4045	0.57703
4.4083	0.57644
4.412	0.57600
4.4158	0.57556
4.4196	0.57515
4.4233	0.57472
4.4271	0.57425
4.4309	0.57383
4.4347	0.57338
4.4385	0.57287
4.4423	0.57242
4.4461	0.57187
4.4499	0.57133
4.4537	0.57088
4.4576	0.57049
4.4614	0.56997
4.4652	0.56943
4.4691	0.56895
4.4729	0.56849
4.4768	0.56783
4.4807	0.56732
4.4845	0.56684
4.4884	0.56637
4.4923	0.56583
4.4962	0.56532
4.5001	0.56479
4.504	0.56433
4.5079	0.56374
4.5119	0.56325
4.5158	0.56269
4.5197	0.56217
4.5237	0.56159
4.5276	0.56106
4.5316	0.56045
4.5356	0.55992
4.5395	0.55927
4.5435	0.55871
4.5475	0.55811
4.5515	0.55755
4.5555	0.55693
4.5595	0.55638
4.5635	0.55587
4.5675	0.55533
4.5715	0.55450
4.5756	0.55386
4.5796	0.55336
4.5837	0.55287
4.5877	0.55232
4.5918	0.55174
4.5959	0.55103
4.5999	0.55044
4.604	0.54984
4.6081	0.54927
4.6122	0.54874
4.6163	0.54822
4.6204	0.54763
4.6246	0.54714
4.6287	0.54652
4.6328	0.54595
4.637	0.54536
4.6411	0.54489
4.6453	0.54440
4.6494	0.54385
4.6536	0.54327
4.6578	0.54287
4.662	0.54229
4.6662	0.54178
4.6704	0.54129
4.6746	0.54082
4.6788	0.54016
4.683	0.53967
4.6873	0.53911
4.6915	0.53859
4.6958	0.53812
4.7	0.53768
4.7043	0.53713
4.7086	0.53648
4.7129	0.53584
4.7171	0.53526
4.7214	0.53458
4.7257	0.53398
4.7301	0.53342
4.7344	0.53275
4.7387	0.53203
4.743	0.53134
4.7474	0.53060
4.7517	0.52989
4.7561	0.52906
4.7605	0.52828
4.7648	0.52749
4.7692	0.52667
4.7736	0.52579
4.778	0.52493
4.7824	0.52398
4.7868	0.52304
4.7913	0.52197
4.7957	0.52084
4.8001	0.51973
4.8046	0.51855
4.809	0.51731
4.8135	0.51601
4.818	0.51456
4.8225	0.51308
4.8269	0.51150
4.8314	0.50982
4.8359	0.50795
4.8405	0.50601
4.845	0.50382
4.8495	0.50137
4.8541	0.49857
4.8586	0.49552
4.8632	0.49186
4.8677	0.48776
4.8723	0.48323
4.8769	0.47816
4.8815	0.47240
4.8861	0.46625
4.8907	0.45976
4.8953	0.45321
4.8999	0.44672
4.9046	0.44047
4.9092	0.43441
4.9139	0.42878
4.9185	0.42353
4.9232	0.41863
4.9279	0.41400
4.9326	0.40960
4.9373	0.40534
4.942	0.40155
4.9467	0.39835
4.9514	0.39588
4.9562	0.39429
4.9609	0.39387
4.9656	0.39411
4.9704	0.39490
4.9752	0.39616
4.98	0.39766
4.9847	0.39929
4.9895	0.40093
4.9943	0.40259
4.9992	0.40417
5.004	0.40558
5.0088	0.40695
5.0137	0.40822
5.0185	0.40950
5.0234	0.41074
5.0283	0.41150
5.0331	0.41209
5.038	0.41276
5.0429	0.41323
5.0478	0.41360
5.0528	0.41375
5.0577	0.41379
5.0626	0.41376
5.0676	0.41357
5.0725	0.41308
5.0775	0.41250
5.0825	0.41187
5.0875	0.41108
5.0925	0.40993
5.0975	0.40872
5.1025	0.40748
5.1075	0.40626
5.1126	0.40452
5.1176	0.40285
5.1227	0.40130
5.1277	0.39956
5.1328	0.39769
5.1379	0.39568
5.143	0.39360
5.1481	0.39165
5.1532	0.38955
5.1583	0.38684
5.1635	0.38437
5.1686	0.38223
5.1738	0.38010
5.179	0.37790
5.1841	0.37565
5.1893	0.37335
5.1945	0.37088
5.1997	0.36850
5.205	0.36618
5.2102	0.36355
5.2154	0.36154
5.2207	0.35961
5.2259	0.35748
5.2312	0.35619
5.2365	0.35541
5.2418	0.35492
5.2471	0.35449
5.2524	0.35437
5.2577	0.35431
5.2631	0.35437
5.2684	0.35451
5.2738	0.35465
5.2792	0.35481
5.2845	0.35477
5.2899	0.35467
5.2953	0.35480
5.3008	0.35430
5.3062	0.35356
5.3116	0.35301
5.3171	0.35241
5.3225	0.35173
5.328	0.35106
5.3335	0.35031
5.339	0.34935
5.3445	0.34824
5.35	0.34734
5.3555	0.34624
5.361	0.34369
5.3666	0.34089
5.3722	0.33846
5.3777	0.33622
5.3833	0.33406
5.3889	0.33194
5.3945	0.32977
5.4001	0.32762
5.4058	0.32525
5.4114	0.32284
5.4171	0.32037
5.4227	0.31854
5.4284	0.31669
5.4341	0.31328
5.4398	0.31071
5.4455	0.30896
5.4512	0.30740
5.457	0.30612
5.4627	0.30560
5.4685	0.30583
5.4743	0.30530
5.4801	0.30508
5.4859	0.30538
5.4917	0.30506
5.4975	0.30518
5.5033	0.30539
5.5092	0.30549
5.515	0.30530
5.5209	0.30518
5.5268	0.30483
5.5327	0.30405
5.5386	0.30287
5.5445	0.30155
5.5505	0.30003
5.5564	0.29814
5.5624	0.29501
5.5684	0.29095
5.5743	0.28644
5.5803	0.28209
5.5864	0.27647
5.5924	0.26933
5.5984	0.26300
5.6045	0.25774
5.6105	0.25305
5.6166	0.24920
5.6227	0.24665
5.6288	0.24466
5.6349	0.24385
5.6411	0.24441
5.6472	0.24626
5.6534	0.24719
5.6595	0.24906
5.6657	0.25188
5.6719	0.25533
5.6781	0.26029
5.6844	0.26526
5.6906	0.26954
5.6969	0.27469
5.7031	0.27939
5.7094	0.28431
5.7157	0.29010
5.722	0.29463
5.7283	0.29849
5.7347	0.30222
5.741	0.30603
5.7474	0.30971
5.7538	0.31323
5.7601	0.31470
5.7666	0.31729
5.773	0.32003
5.7794	0.31808
5.7859	0.31645
5.7923	0.31524
5.7988	0.31396
5.8053	0.31294
5.8118	0.31175
5.8183	0.31128
5.8249	0.31239
5.8314	0.31166
5.838	0.30919
5.8446	0.30715
5.8512	0.30567
5.8578	0.30481
5.8644	0.30425
5.871	0.30365
5.8777	0.30256
5.8844	0.30468
5.8911	0.30392
5.8978	0.30216
5.9045	0.30223
5.9112	0.29980
5.918	0.29930
5.9247	0.29937
5.9315	0.29918
5.9383	0.30052
5.9451	0.30070
5.9519	0.29658
5.9588	0.29391
5.9656	0.29193
5.9725	0.29137
5.9794	0.28909
5.9863	0.28657
5.9932	0.28586
6.0002	0.28431
6.0071	0.28250
6.0141	0.28342
6.0211	0.28629
6.0281	0.28936
6.0351	0.29427
6.0421	0.30184
6.0492	0.31287
6.0562	0.32651
6.0633	0.33276
6.0704	0.33971
6.0775	0.35011
6.0847	0.35780
6.0918	0.36267
6.099	0.36840
6.1062	0.37420
6.1134	0.38060
6.1206	0.38673
6.1278	0.38800
6.1351	0.38882
6.1423	0.39141
6.1496	0.39383
6.1569	0.39542
6.1643	0.39754
6.1716	0.39824
6.1789	0.39797
6.1863	0.40017
6.1937	0.40180
6.2011	0.39961
6.2085	0.39864
6.216	0.39865
6.2235	0.39852
6.2309	0.39794
6.2384	0.39732
6.2459	0.39670
6.2535	0.39595
6.261	0.39514
6.2686	0.39459
6.2762	0.39411
6.2838	0.39358
6.2914	0.39334
6.2991	0.39336
6.3067	0.39336
6.3144	0.39369
6.3221	0.39404
6.3298	0.39457
6.3376	0.39513
6.3453	0.39750
6.3531	0.39912
6.3609	0.39657
6.3687	0.39592
6.3765	0.39702
6.3844	0.39560
6.3923	0.39399
6.4002	0.39327
6.4081	0.39337
6.416	0.39759
6.424	0.39884
6.4319	0.39376
6.4399	0.39158
6.4479	0.38979
6.456	0.38868
6.464	0.38777
6.4721	0.38725
6.4802	0.38803
6.4883	0.38876
6.4964	0.39051
6.5046	0.38929
6.5127	0.38438
6.5209	0.38301
6.5291	0.38351
6.5374	0.38154
6.5456	0.38058
6.5539	0.38096
6.5622	0.38139
6.5705	0.38149
6.5789	0.38313
6.5872	0.38181
6.5956	0.38060
6.604	0.37988
6.6124	0.37839
6.6209	0.37809
6.6293	0.37805
6.6378	0.38004
6.6463	0.38108
6.6549	0.37640
6.6634	0.37293
6.672	0.37216
6.6806	0.37193
6.6892	0.37115
6.6978	0.36822
6.7065	0.36596
6.7152	0.36556
6.7239	0.36410
6.7326	0.36147
6.7414	0.35862
6.7502	0.35618
6.759	0.35423
6.7678	0.35202
6.7766	0.35058
6.7855	0.34940
6.7944	0.34887
6.8033	0.34686
6.8123	0.34357
6.8212	0.34217
6.8302	0.34241
6.8392	0.34188
6.8483	0.34055
6.8573	0.34108
6.8664	0.34337
6.8755	0.34312
6.8846	0.33957
6.8938	0.33794
6.903	0.33679
6.9122	0.33595
6.9214	0.33409
6.9307	0.33182
6.9399	0.32983
6.9492	0.32780
6.9586	0.32646
6.9679	0.32582
6.9773	0.32233
6.9867	0.31896
6.9961	0.31666
7.0056	0.31406
7.0151	0.31109
7.0246	0.30867
7.0341	0.30636
7.0437	0.30466
7.0532	0.30422
7.0629	0.30201
7.0725	0.29997
7.0822	0.29912
7.0918	0.29886
7.1016	0.29872
7.1113	0.29856
7.1211	0.29875
7.1309	0.29858
7.1407	0.29786
7.1505	0.29765
7.1604	0.29709
7.1703	0.29613
7.1802	0.29525
7.1902	0.29348
7.2002	0.29212
7.2102	0.29163
7.2202	0.29102
7.2303	0.28982
7.2404	0.28921
7.2505	0.28895
7.2607	0.28890
7.2709	0.28881
7.2811	0.28897
7.2913	0.28865
7.3016	0.28771
7.3119	0.28686
7.3222	0.28569
7.3326	0.28426
7.343	0.28288
7.3534	0.28088
7.3638	0.27837
7.3743	0.27613
7.3848	0.27415
7.3953	0.27217
7.4059	0.27015
7.4165	0.26821
7.4271	0.26621
7.4378	0.26415
7.4485	0.26212
7.4592	0.26008
7.4699	0.25816
7.4807	0.25613
7.4915	0.25393
7.5024	0.25186
7.5132	0.24993
7.5241	0.24815
7.5351	0.24645
7.546	0.24498
7.557	0.24372
7.5681	0.24274
7.5791	0.24210
7.5902	0.24195
7.6014	0.24200
7.6125	0.24223
7.6237	0.24234
7.635	0.24253
7.6462	0.24289
7.6575	0.24322
7.6688	0.24328
7.6802	0.24321
7.6916	0.24300
7.703	0.24274
7.7145	0.24226
7.726	0.24169
7.7375	0.24100
7.7491	0.24013
7.7607	0.23904
7.7723	0.23787
7.784	0.23669
7.7957	0.23559
7.8074	0.23454
7.8192	0.23362
7.831	0.23296
7.8429	0.23257
7.8548	0.23220
7.8667	0.23196
7.8786	0.23172
7.8906	0.23136
7.9026	0.23082
7.9147	0.23016
7.9268	0.22922
7.939	0.22799
7.9511	0.22654
7.9633	0.22501
7.9756	0.22325
7.9879	0.22138
8.0002	0.21932
8.0126	0.21704
8.025	0.21452
8.0374	0.21197
8.0499	0.20924
8.0624	0.20652
8.075	0.20382
8.0876	0.20112
8.1002	0.19833
8.1129	0.19559
8.1256	0.19269
8.1384	0.18974
8.1512	0.18667
8.164	0.18356
8.1769	0.18033
8.1898	0.17715
8.2027	0.17411
8.2157	0.17136
8.2288	0.16887
8.2419	0.16668
8.255	0.16455
8.2682	0.16253
8.2814	0.16059
8.2946	0.15865
8.3079	0.15665
8.3212	0.15468
8.3346	0.15253
8.348	0.15032
8.3615	0.14796
8.375	0.14554
8.3886	0.14302
8.4022	0.14046
8.4158	0.13777
8.4295	0.13520
8.4432	0.13267
8.457	0.13022
8.4708	0.12782
8.4847	0.12556
8.4986	0.12333
8.5125	0.12136
8.5265	0.11933
8.5406	0.11731
8.5547	0.11518
8.5688	0.11310
8.583	0.11090
8.5972	0.10862
8.6115	0.10623
8.6258	0.10393
8.6402	0.10156
8.6546	0.09934
8.6691	0.09712
8.6836	0.09489
8.6982	0.09261
8.7128	0.09041
8.7275	0.08810
8.7422	0.08601
8.757	0.08383
8.7718	0.08163
8.7867	0.07937
8.8016	0.07738
8.8166	0.07536
8.8316	0.07349
8.8466	0.07166
8.8618	0.06989
8.8769	0.06803
8.8922	0.06628
8.9074	0.06451
8.9228	0.06320
8.9382	0.06290
8.9536	0.06399
8.9691	0.06557
8.9846	0.06727
9.0002	0.06914
9.0159	0.07132
9.0316	0.07361
9.0474	0.07644
9.0632	0.07968
9.079	0.08348
9.095	0.08751
9.111	0.09217
9.127	0.09719
9.1431	0.10273
9.1593	0.10874
9.1755	0.11522
9.1917	0.12209
9.2081	0.12933
9.2244	0.13669
9.2409	0.14427
9.2574	0.15179
9.2739	0.15931
9.2906	0.16666
9.3072	0.17376
9.324	0.18028
9.3408	0.18617
9.3576	0.19085
9.3746	0.19379
9.3915	0.19483
9.4086	0.19424
9.4257	0.19261
9.4429	0.19040
9.4601	0.18793
9.4774	0.18531
9.4948	0.18250
9.5122	0.17977
9.5297	0.17682
9.5472	0.17380
9.5648	0.17064
9.5825	0.16718
9.6003	0.16369
9.6181	0.16055
9.6359	0.15745
9.6539	0.15443
9.6719	0.15141
9.69	0.14862
9.7081	0.14597
9.7263	0.14337
9.7446	0.14101
9.763	0.13908
9.7814	0.13724
9.7999	0.13563
9.8184	0.13431
9.8371	0.13329
9.8558	0.13238
9.8745	0.13169
9.8934	0.13118
9.9123	0.13087
9.9313	0.13077
9.9504	0.13080
9.9695	0.13091
9.9887	0.13126
10.008	0.13179
10.0273	0.13257
10.0468	0.13362
10.0663	0.13529
10.0859	0.13746
10.1055	0.14024
10.1253	0.14393
10.1451	0.14810
10.165	0.15105
10.1849	0.15156
10.205	0.14915
10.2251	0.14478
10.2453	0.14009
10.2656	0.13643
10.286	0.13461
10.3064	0.13488
10.327	0.13691
10.3476	0.14058
10.3683	0.14532
10.389	0.15052
10.4099	0.15510
10.4309	0.15838
10.4519	0.16210
10.473	0.16954
10.4942	0.17989
10.5155	0.18949
10.5369	0.19626
10.5583	0.20010
10.5799	0.20153
10.6015	0.20126
10.6232	0.19968
10.645	0.19725
10.6669	0.19438
10.6889	0.19138
10.711	0.18835
10.7332	0.18538
10.7555	0.18247
10.7778	0.17951
10.8003	0.17665
10.8228	0.17391
10.8455	0.17118
10.8682	0.16850
10.891	0.16585
10.914	0.16347
10.937	0.16113
10.9601	0.15886
10.9833	0.15676
11.0067	0.15483
11.0301	0.15301
11.0536	0.15115
11.0772	0.14922
11.1009	0.14756
11.1248	0.14596
11.1487	0.14441
11.1727	0.14297
11.1968	0.14191
11.2211	0.14095
11.2454	0.13996
11.2699	0.13903
11.2944	0.13827
11.3191	0.13729
11.3438	0.13627
11.3687	0.13518
11.3937	0.13394
11.4188	0.13228
11.444	0.13005
11.4693	0.12686
11.4948	0.12230
11.5203	0.11676
11.546	0.11095
11.5717	0.10532
11.5976	0.10037
11.6236	0.09630
11.6497	0.09310
11.676	0.09024
11.7023	0.08773
11.7288	0.08527
11.7554	0.08281
11.7821	0.08003
11.809	0.07694
11.8359	0.07398
11.863	0.07193
11.8902	0.07163
11.9176	0.07310
11.945	0.07526
11.9726	0.07759
12.0003	0.07930
12.0282	0.08065
12.0561	0.08181
12.0842	0.08291
12.1125	0.08421
12.1408	0.08584
12.1693	0.08743
12.198	0.08909
12.2267	0.09077
12.2556	0.09234
12.2847	0.09385
12.3139	0.09548
12.3432	0.09682
12.3726	0.09821
12.4022	0.09988
12.432	0.10182
12.4619	0.10335
12.4919	0.10502
12.5221	0.10666
12.5524	0.10839
12.5829	0.11008
12.6135	0.11164
12.6442	0.11299
12.6751	0.11429
12.7062	0.11551
12.7374	0.11661
12.7688	0.11763
12.8003	0.11872
12.832	0.11957
12.8639	0.12035
12.8959	0.12112
12.928	0.12184
12.9603	0.12197
12.9928	0.12184
13.0255	0.12166
13.0583	0.12133
13.0913	0.12080
13.1244	0.11997
13.1577	0.11863
13.1912	0.11724
13.2248	0.11581
13.2587	0.11432
13.2927	0.11317
13.3268	0.11239
13.3612	0.11175
13.3957	0.11114
13.4304	0.11041
13.4653	0.10986
13.5004	0.10931
13.5356	0.10879
13.571	0.10827
13.6067	0.10751
13.6425	0.10639
13.6785	0.10518
13.7146	0.10401
13.751	0.10274
13.7876	0.10109
13.8244	0.09927
13.8613	0.09751
13.8985	0.09580
13.9358	0.09412
13.9734	0.09241
14.0112	0.09047
14.0491	0.08869
14.0873	0.08676
14.1257	0.08487
14.1643	0.08287
14.2031	0.08096
14.2421	0.07900
14.2814	0.07721
14.3208	0.07540
14.3605	0.07363
14.4004	0.07184
14.4405	0.07031
14.4808	0.06865
14.5214	0.06695
14.5622	0.06529
14.6032	0.06366
14.6444	0.06193
14.6859	0.06040
14.7277	0.05908
14.7696	0.05762
14.8118	0.05587
14.8543	0.05441
14.8969	0.05284
14.9399	0.05151
14.983	0.04994
15.0265	0.04868
15.0702	0.04903
15.1141	0.04951
15.1583	0.05006
15.2027	0.05081
15.2475	0.05173
15.2924	0.05352
15.3377	0.05553
15.3832	0.05805
15.429	0.06115
15.475	0.06484
15.5214	0.06848
15.568	0.07221
15.6149	0.07565
15.662	0.07843
15.7095	0.08045
15.7572	0.08232
15.8053	0.08361
15.8536	0.08409
15.9023	0.08400
15.9512	0.08369
16.0004	0.08249
16.05	0.08078
16.0998	0.07862
16.15	0.07640
16.2004	0.07396
16.2512	0.07167
16.3023	0.06931
16.3537	0.06711
16.4055	0.06460
16.4576	0.06230
16.51	0.06048
16.5627	0.05876
16.6158	0.05698
16.6692	0.05543
16.723	0.05420
16.7771	0.05307
16.8316	0.05188
16.8864	0.05123
16.9416	0.05100
16.9972	0.05137
17.0531	0.05227
17.1094	0.05401
17.166	0.05612
17.223	0.05926
17.2805	0.06266
17.3382	0.06666
17.3964	0.07106
17.455	0.07613
17.514	0.08140
17.5733	0.08707
17.6331	0.09274
17.6933	0.09824
17.7539	0.10306
17.8149	0.10727
17.8763	0.11036
17.9382	0.11298
18.0005	0.11479
18.0632	0.11642
18.1263	0.11812
18.1899	0.11994
18.254	0.12166
18.3185	0.12272
18.3835	0.12240
18.4489	0.12128
18.5148	0.11995
18.5811	0.11936
18.648	0.11954
18.7153	0.12114
18.7831	0.12360
18.8514	0.12717
18.9202	0.13078
18.9895	0.13346
19.0593	0.13398
19.1297	0.13262
19.2005	0.12979
19.2719	0.12659
19.3438	0.12267
19.4162	0.11920
19.4892	0.11575
19.5628	0.11219
19.6369	0.10939
19.7115	0.10745
19.7868	0.10560
19.8626	0.10476
19.939	0.10404
20.016	0.10372
20.0935	0.10071
20.1717	0.09462
20.2505	0.08771
20.3299	0.08234
20.41	0.07822
20.4907	0.07209
20.572	0.06538
20.6539	0.06089
20.7365	0.05676
20.8198	0.05485
20.9038	0.05506
20.9884	0.05662
21.0737	0.05920
21.1597	0.06281
21.2465	0.06585
21.3339	0.06865
21.422	0.07060
21.5109	0.07142
21.6006	0.06977
21.6909	0.06742
21.7821	0.06525
21.874	0.06463
21.9667	0.06689
22.0601	0.07281
22.1544	0.07830
22.2495	0.08587
22.3454	0.09604
22.4421	0.10566
22.5397	0.11362
22.6381	0.11975
22.7374	0.12312
22.8376	0.12493
22.9387	0.12729
23.0406	0.12985
23.1435	0.13363
23.2472	0.13975
23.352	0.14518
23.4576	0.15091
23.5643	0.15567
23.6718	0.15864
23.7804	0.15967
23.89	0.16104
24.0006	0.16233
24.1123	0.16287
24.2249	0.16212
24.3387	0.16035
24.4535	0.15581
24.5694	0.14957
24.6864	0.14177
24.8045	0.13508
24.9237	0.12872
25.0441	0.12466
25.1657	0.12217
25.2885	0.11968
25.4124	0.11718
25.5376	0.11483
25.664	0.11034
25.7917	0.10356
25.9207	0.09462
