Brown University Keck/NASA Relab Spectrum DD-MDD-001/BKR2DD001
Wavelength(micron)	Reflectance
0.3	0.04755
0.305	0.04550
0.31	0.04595
0.315	0.04668
0.32	0.04734
0.325	0.04958
0.33	0.05166
0.335	0.05464
0.34	0.05904
0.345	0.06425
0.35	0.07066
0.355	0.07846
0.36	0.08816
0.365	0.09763
0.37	0.10737
0.375	0.11745
0.38	0.12652
0.385	0.13503
0.39	0.14378
0.395	0.15140
0.4	0.15452
0.405	0.16391
0.41	0.17393
0.415	0.18233
0.42	0.18824
0.425	0.19319
0.43	0.19735
0.435	0.20137
0.44	0.20480
0.445	0.20428
0.45	0.20157
0.455	0.20318
0.46	0.20947
0.465	0.21581
0.47	0.21981
0.475	0.23063
0.48	0.24024
0.485	0.24382
0.49	0.24631
0.495	0.24831
0.5	0.25915
0.505	0.27163
0.51	0.28107
0.515	0.28824
0.52	0.29379
0.525	0.29864
0.53	0.30467
0.535	0.31248
0.54	0.32082
0.545	0.32864
0.55	0.33509
0.555	0.33938
0.56	0.34300
0.565	0.34556
0.57	0.34748
0.575	0.34792
0.58	0.34875
0.585	0.34907
0.59	0.34939
0.595	0.34992
0.6	0.34969
0.605	0.34921
0.61	0.34861
0.615	0.34764
0.62	0.34656
0.625	0.34612
0.63	0.34754
0.635	0.34942
0.64	0.35261
0.645	0.35635
0.65	0.35979
0.655	0.36244
0.66	0.36450
0.665	0.36550
0.67	0.36548
0.675	0.36528
0.68	0.36400
0.685	0.36135
0.69	0.35754
0.695	0.35414
0.7	0.35022
0.705	0.34529
0.71	0.34044
0.715	0.33482
0.72	0.32888
0.725	0.32359
0.73	0.31712
0.735	0.31052
0.74	0.30360
0.745	0.29703
0.75	0.28999
0.755	0.28299
0.76	0.27613
0.765	0.26875
0.77	0.26169
0.775	0.25460
0.78	0.24799
0.785	0.24138
0.79	0.23473
0.795	0.22857
0.8	0.22295
0.805	0.21692
0.81	0.21153
0.815	0.20593
0.82	0.20095
0.825	0.19644
0.83	0.19206
0.835	0.18814
0.84	0.18432
0.845	0.18051
0.85	0.17712
0.855	0.17409
0.86	0.17041
0.865	0.16788
0.87	0.16526
0.875	0.16328
0.88	0.16040
0.885	0.15772
0.89	0.15562
0.895	0.15345
0.9	0.15144
0.905	0.14956
0.91	0.14746
0.915	0.14567
0.92	0.14332
0.925	0.14104
0.93	0.13848
0.935	0.13601
0.94	0.13398
0.945	0.13128
0.95	0.12880
0.955	0.12658
0.96	0.12400
0.965	0.12178
0.97	0.11936
0.975	0.11730
0.98	0.11485
0.985	0.11256
0.99	0.11051
0.995	0.10868
1	0.10626
1.005	0.10480
1.01	0.10334
1.015	0.10168
1.02	0.10048
1.025	0.09887
1.03	0.09798
1.035	0.09716
1.04	0.09619
1.045	0.09557
1.05	0.09511
1.055	0.09428
1.06	0.09389
1.065	0.09385
1.07	0.09383
1.075	0.09407
1.08	0.09438
1.085	0.09436
1.09	0.09524
1.095	0.09569
1.1	0.09634
1.105	0.09729
1.11	0.09838
1.115	0.09970
1.12	0.10063
1.125	0.10189
1.13	0.10261
1.135	0.10410
1.14	0.10500
1.145	0.10610
1.15	0.10712
1.155	0.10852
1.16	0.10941
1.165	0.11034
1.17	0.11114
1.175	0.11222
1.18	0.11291
1.185	0.11385
1.19	0.11452
1.195	0.11501
1.2	0.11544
1.205	0.11648
1.21	0.11758
1.215	0.11752
1.22	0.11807
1.225	0.11833
1.23	0.11927
1.235	0.11978
1.24	0.11993
1.245	0.12051
1.25	0.12150
1.255	0.12189
1.26	0.12280
1.265	0.12352
1.27	0.12397
1.275	0.12492
1.28	0.12565
1.285	0.12659
1.29	0.12752
1.295	0.12879
1.3	0.13010
1.305	0.13119
1.31	0.13264
1.315	0.13391
1.32	0.13528
1.325	0.13658
1.33	0.13848
1.335	0.14037
1.34	0.14177
1.345	0.14375
1.35	0.14552
1.355	0.14816
1.36	0.14995
1.365	0.15129
1.37	0.15423
1.375	0.15667
1.38	0.16018
1.385	0.16055
1.39	0.16421
1.395	0.16779
1.4	0.17135
1.405	0.17377
1.41	0.17620
1.415	0.18036
1.42	0.18330
1.425	0.18680
1.43	0.19040
1.435	0.19410
1.44	0.19819
1.445	0.20193
1.45	0.20613
1.455	0.21000
1.46	0.21465
1.465	0.21827
1.47	0.22284
1.475	0.22752
1.48	0.23224
1.485	0.23660
1.49	0.24143
1.495	0.24636
1.5	0.25142
1.505	0.25648
1.51	0.26147
1.515	0.26693
1.52	0.27186
1.525	0.27722
1.53	0.28275
1.535	0.28799
1.54	0.29333
1.545	0.29856
1.55	0.30378
1.555	0.30903
1.56	0.31434
1.565	0.32035
1.57	0.32510
1.575	0.33046
1.58	0.33634
1.585	0.34126
1.59	0.34668
1.595	0.35125
1.6	0.35674
1.605	0.36187
1.61	0.36670
1.615	0.37139
1.62	0.37584
1.625	0.38046
1.63	0.38451
1.635	0.38968
1.64	0.39362
1.645	0.39751
1.65	0.40242
1.655	0.40558
1.66	0.40901
1.665	0.41263
1.67	0.41564
1.675	0.42002
1.68	0.42255
1.685	0.42564
1.69	0.42819
1.695	0.43118
1.7	0.43401
1.705	0.43667
1.71	0.43892
1.715	0.44117
1.72	0.44298
1.725	0.44498
1.73	0.44698
1.735	0.44859
1.74	0.45021
1.745	0.45193
1.75	0.45320
1.755	0.45482
1.76	0.45609
1.765	0.45710
1.77	0.45845
1.775	0.45958
1.78	0.46055
1.785	0.46155
1.79	0.46274
1.795	0.46313
1.8	0.46384
1.805	0.46416
1.81	0.46464
1.815	0.46512
1.82	0.46563
1.825	0.46588
1.83	0.46625
1.835	0.46683
1.84	0.46707
1.845	0.46776
1.85	0.46848
1.855	0.46937
1.86	0.46930
1.865	0.46967
1.87	0.47033
1.875	0.47054
1.88	0.47055
1.885	0.47117
1.89	0.47080
1.895	0.47011
1.9	0.46964
1.905	0.46902
1.91	0.46820
1.915	0.46831
1.92	0.46833
1.925	0.46801
1.93	0.46776
1.935	0.46872
1.94	0.46840
1.945	0.46832
1.95	0.46886
1.955	0.46856
1.96	0.46867
1.965	0.46889
1.97	0.46935
1.975	0.46924
1.98	0.47048
1.985	0.47070
1.99	0.47109
1.995	0.47141
2	0.47194
2.005	0.47146
2.01	0.47158
2.015	0.47156
2.02	0.47148
2.025	0.47134
2.03	0.47154
2.035	0.47194
2.04	0.47225
2.045	0.47242
2.05	0.47292
2.055	0.47250
2.06	0.47173
2.065	0.47163
2.07	0.47176
2.075	0.47202
2.08	0.47214
2.085	0.47243
2.09	0.47229
2.095	0.47224
2.1	0.47173
2.105	0.47198
2.11	0.47179
2.115	0.47200
2.12	0.47212
2.125	0.47215
2.13	0.47197
2.135	0.47184
2.14	0.47167
2.145	0.47213
2.15	0.47201
2.155	0.47248
2.16	0.47219
2.165	0.47254
2.17	0.47250
2.175	0.47262
2.18	0.47260
2.185	0.47292
2.19	0.47261
2.195	0.47222
2.2	0.47204
2.205	0.47187
2.21	0.47155
2.215	0.47169
2.22	0.47173
2.225	0.47165
2.23	0.47200
2.235	0.47213
2.24	0.47194
2.245	0.47175
2.25	0.47137
2.255	0.47074
2.26	0.47015
2.265	0.46977
2.27	0.46928
2.275	0.46876
2.28	0.46858
2.285	0.46849
2.29	0.46832
2.295	0.46834
2.3	0.46817
2.305	0.46820
2.31	0.46818
2.315	0.46905
2.32	0.47001
2.325	0.47032
2.33	0.46978
2.335	0.47000
2.34	0.46972
2.345	0.46973
2.35	0.46959
2.355	0.46971
2.36	0.46990
2.365	0.47016
2.37	0.47028
2.375	0.47056
2.38	0.47063
2.385	0.47109
2.39	0.47117
2.395	0.47156
2.4	0.47142
2.405	0.47160
2.41	0.47196
2.415	0.47236
2.42	0.47252
2.425	0.47260
2.43	0.47254
2.435	0.47244
2.44	0.47218
2.445	0.47189
2.45	0.47120
2.455	0.47129
2.46	0.47098
2.465	0.47070
2.47	0.47105
2.475	0.47035
2.48	0.47051
2.485	0.47059
2.49	0.47097
2.495	0.47080
2.5	0.47127
2.505	0.47126
2.51	0.47116
2.515	0.47142
2.52	0.47101
2.525	0.47179
2.53	0.47250
2.535	0.47234
2.54	0.47263
2.545	0.47316
2.55	0.47216
2.5519	0.47237
2.5531	0.47246
2.5544	0.47238
2.5557	0.47252
2.5569	0.47278
2.5582	0.47287
2.5594	0.47310
2.5607	0.47344
2.562	0.47352
2.5632	0.47349
2.5645	0.47343
2.5658	0.47333
2.5671	0.47354
2.5683	0.47375
2.5696	0.47396
2.5709	0.47392
2.5721	0.47413
2.5734	0.47444
2.5747	0.47422
2.576	0.47433
2.5773	0.47444
2.5785	0.47433
2.5798	0.47462
2.5811	0.47487
2.5824	0.47502
2.5837	0.47546
2.585	0.47503
2.5863	0.47502
2.5875	0.47527
2.5888	0.47511
2.5901	0.47507
2.5914	0.47516
2.5927	0.47569
2.594	0.47669
2.5953	0.47643
2.5966	0.47549
2.5979	0.47553
2.5992	0.47563
2.6005	0.47573
2.6018	0.47588
2.6031	0.47610
2.6044	0.47646
2.6057	0.47648
2.6071	0.47614
2.6084	0.47629
2.6097	0.47638
2.611	0.47629
2.6123	0.47632
2.6136	0.47634
2.6149	0.47638
2.6163	0.47699
2.6176	0.47675
2.6189	0.47674
2.6202	0.47703
2.6216	0.47637
2.6229	0.47623
2.6242	0.47645
2.6255	0.47676
2.6269	0.47687
2.6282	0.47657
2.6295	0.47708
2.6309	0.47698
2.6322	0.47654
2.6335	0.47673
2.6349	0.47659
2.6362	0.47642
2.6376	0.47654
2.6389	0.47653
2.6402	0.47654
2.6416	0.47661
2.6429	0.47660
2.6443	0.47660
2.6456	0.47658
2.647	0.47625
2.6483	0.47627
2.6497	0.47636
2.651	0.47646
2.6524	0.47654
2.6538	0.47633
2.6551	0.47627
2.6565	0.47608
2.6578	0.47587
2.6592	0.47606
2.6606	0.47596
2.6619	0.47581
2.6633	0.47593
2.6647	0.47640
2.666	0.47624
2.6674	0.47571
2.6688	0.47549
2.6701	0.47602
2.6715	0.47466
2.6729	0.47397
2.6743	0.47388
2.6757	0.47374
2.677	0.47302
2.6784	0.47219
2.6798	0.47116
2.6812	0.47016
2.6826	0.46958
2.684	0.46868
2.6854	0.46744
2.6868	0.46614
2.6881	0.46457
2.6895	0.46298
2.6909	0.46113
2.6923	0.45943
2.6937	0.45727
2.6951	0.45428
2.6965	0.45105
2.6979	0.44786
2.6993	0.44441
2.7008	0.44064
2.7021	0.43631
2.7036	0.43187
2.705	0.42755
2.7064	0.42323
2.7078	0.41923
2.7092	0.41573
2.7106	0.41232
2.7121	0.40857
2.7135	0.40558
2.7149	0.40344
2.7163	0.40151
2.7177	0.39985
2.7192	0.39872
2.7206	0.39772
2.722	0.39583
2.7234	0.39497
2.7249	0.39366
2.7263	0.39177
2.7277	0.39026
2.7292	0.38878
2.7306	0.38703
2.7321	0.38516
2.7335	0.38334
2.7349	0.38148
2.7364	0.37904
2.7378	0.37718
2.7393	0.37535
2.7407	0.37288
2.7422	0.36999
2.7436	0.36750
2.7451	0.36525
2.7465	0.36295
2.748	0.36070
2.7494	0.35874
2.7509	0.35689
2.7524	0.35513
2.7538	0.35355
2.7553	0.35212
2.7567	0.34984
2.7582	0.34790
2.7597	0.34614
2.7611	0.34454
2.7626	0.34301
2.7641	0.34121
2.7656	0.33931
2.767	0.33777
2.7685	0.33601
2.77	0.33426
2.7715	0.33245
2.773	0.33058
2.7744	0.32870
2.7759	0.32703
2.7774	0.32529
2.7789	0.32350
2.7804	0.32178
2.7819	0.32023
2.7834	0.31863
2.7849	0.31713
2.7864	0.31576
2.7879	0.31420
2.7894	0.31241
2.7909	0.31081
2.7924	0.30930
2.7939	0.30779
2.7954	0.30610
2.7969	0.30457
2.7984	0.30311
2.7999	0.30172
2.8014	0.30035
2.8029	0.29907
2.8044	0.29759
2.806	0.29609
2.8075	0.29474
2.809	0.29364
2.8105	0.29256
2.8121	0.29157
2.8136	0.29053
2.8151	0.28953
2.8166	0.28851
2.8182	0.28766
2.8197	0.28669
2.8212	0.28542
2.8228	0.28424
2.8243	0.28327
2.8259	0.28228
2.8274	0.28142
2.8289	0.28049
2.8305	0.27960
2.832	0.27878
2.8336	0.27796
2.8351	0.27708
2.8367	0.27633
2.8382	0.27545
2.8398	0.27463
2.8413	0.27386
2.8429	0.27321
2.8444	0.27246
2.846	0.27167
2.8476	0.27093
2.8491	0.27032
2.8507	0.26969
2.8523	0.26908
2.8538	0.26844
2.8554	0.26775
2.857	0.26702
2.8586	0.26640
2.8601	0.26575
2.8617	0.26512
2.8633	0.26456
2.8649	0.26403
2.8665	0.26339
2.8681	0.26275
2.8696	0.26223
2.8712	0.26177
2.8728	0.26119
2.8744	0.26064
2.876	0.26014
2.8776	0.25967
2.8792	0.25922
2.8808	0.25886
2.8824	0.25839
2.884	0.25801
2.8856	0.25769
2.8872	0.25735
2.8888	0.25700
2.8904	0.25667
2.892	0.25625
2.8936	0.25588
2.8953	0.25560
2.8969	0.25538
2.8985	0.25499
2.9001	0.25461
2.9018	0.25432
2.9034	0.25399
2.905	0.25364
2.9066	0.25335
2.9083	0.25311
2.9099	0.25279
2.9115	0.25241
2.9132	0.25217
2.9148	0.25191
2.9164	0.25172
2.9181	0.25159
2.9197	0.25135
2.9214	0.25099
2.923	0.25080
2.9247	0.25061
2.9263	0.25046
2.928	0.25025
2.9296	0.25002
2.9313	0.24980
2.9329	0.24960
2.9346	0.24942
2.9363	0.24928
2.9379	0.24903
2.9396	0.24878
2.9413	0.24865
2.9429	0.24867
2.9446	0.24863
2.9463	0.24849
2.9479	0.24828
2.9496	0.24817
2.9513	0.24813
2.953	0.24814
2.9547	0.24810
2.9564	0.24803
2.958	0.24795
2.9597	0.24793
2.9614	0.24793
2.9631	0.24799
2.9648	0.24797
2.9665	0.24789
2.9682	0.24779
2.9699	0.24785
2.9716	0.24803
2.9733	0.24822
2.975	0.24827
2.9767	0.24830
2.9784	0.24833
2.9801	0.24843
2.9818	0.24848
2.9836	0.24854
2.9853	0.24866
2.987	0.24883
2.9887	0.24888
2.9904	0.24904
2.9922	0.24921
2.9939	0.24936
2.9956	0.24947
2.9974	0.24968
2.9991	0.24986
3.0008	0.25001
3.0026	0.25013
3.0043	0.25035
3.0061	0.25044
3.0078	0.25061
3.0095	0.25086
3.0113	0.25109
3.013	0.25124
3.0148	0.25138
3.0165	0.25156
3.0183	0.25181
3.0201	0.25204
3.0218	0.25218
3.0236	0.25221
3.0253	0.25227
3.0271	0.25253
3.0289	0.25288
3.0306	0.25304
3.0324	0.25317
3.0342	0.25332
3.036	0.25346
3.0377	0.25357
3.0395	0.25379
3.0413	0.25401
3.0431	0.25420
3.0449	0.25440
3.0467	0.25461
3.0485	0.25474
3.0503	0.25490
3.0521	0.25500
3.0538	0.25515
3.0556	0.25533
3.0574	0.25548
3.0593	0.25567
3.0611	0.25593
3.0629	0.25615
3.0647	0.25635
3.0665	0.25648
3.0683	0.25671
3.0701	0.25694
3.0719	0.25713
3.0738	0.25732
3.0756	0.25760
3.0774	0.25775
3.0792	0.25792
3.0811	0.25822
3.0829	0.25844
3.0847	0.25865
3.0866	0.25893
3.0884	0.25921
3.0902	0.25951
3.0921	0.25971
3.0939	0.26001
3.0958	0.26038
3.0976	0.26068
3.0995	0.26096
3.1013	0.26127
3.1032	0.26159
3.1051	0.26192
3.1069	0.26227
3.1088	0.26264
3.1106	0.26293
3.1125	0.26320
3.1144	0.26354
3.1162	0.26394
3.1181	0.26432
3.12	0.26466
3.1219	0.26503
3.1238	0.26540
3.1256	0.26579
3.1275	0.26615
3.1294	0.26652
3.1313	0.26693
3.1332	0.26734
3.1351	0.26777
3.137	0.26814
3.1389	0.26855
3.1408	0.26901
3.1427	0.26947
3.1446	0.26987
3.1465	0.27025
3.1484	0.27061
3.1503	0.27108
3.1522	0.27147
3.1541	0.27188
3.1561	0.27236
3.158	0.27281
3.1599	0.27322
3.1619	0.27366
3.1638	0.27411
3.1657	0.27454
3.1676	0.27494
3.1696	0.27537
3.1715	0.27566
3.1735	0.27601
3.1754	0.27655
3.1773	0.27705
3.1793	0.27750
3.1812	0.27796
3.1832	0.27836
3.1851	0.27874
3.1871	0.27915
3.1891	0.27967
3.191	0.28013
3.193	0.28054
3.195	0.28092
3.1969	0.28133
3.1989	0.28181
3.2009	0.28227
3.2029	0.28257
3.2048	0.28279
3.2068	0.28316
3.2088	0.28363
3.2108	0.28408
3.2128	0.28462
3.2148	0.28506
3.2168	0.28538
3.2188	0.28583
3.2208	0.28629
3.2228	0.28667
3.2248	0.28704
3.2268	0.28742
3.2288	0.28788
3.2308	0.28823
3.2328	0.28855
3.2348	0.28886
3.2368	0.28923
3.2389	0.28963
3.2409	0.28990
3.2429	0.29016
3.2449	0.29053
3.247	0.29085
3.249	0.29118
3.2511	0.29160
3.2531	0.29199
3.2551	0.29234
3.2572	0.29266
3.2592	0.29289
3.2613	0.29321
3.2633	0.29355
3.2654	0.29385
3.2674	0.29414
3.2695	0.29442
3.2716	0.29471
3.2736	0.29503
3.2757	0.29535
3.2778	0.29570
3.2798	0.29601
3.2819	0.29628
3.284	0.29647
3.2861	0.29666
3.2882	0.29687
3.2902	0.29710
3.2923	0.29726
3.2944	0.29736
3.2965	0.29753
3.2986	0.29777
3.3007	0.29796
3.3028	0.29813
3.3049	0.29825
3.307	0.29834
3.3091	0.29852
3.3113	0.29867
3.3134	0.29870
3.3155	0.29865
3.3176	0.29848
3.3197	0.29835
3.3219	0.29820
3.324	0.29809
3.3261	0.29790
3.3283	0.29760
3.3304	0.29725
3.3325	0.29690
3.3347	0.29643
3.3368	0.29591
3.339	0.29541
3.3411	0.29479
3.3433	0.29406
3.3454	0.29325
3.3476	0.29229
3.3498	0.29125
3.3519	0.29003
3.3541	0.28862
3.3563	0.28708
3.3584	0.28535
3.3606	0.28330
3.3628	0.28082
3.365	0.27780
3.3672	0.27431
3.3694	0.27076
3.3715	0.26767
3.3737	0.26510
3.3759	0.26324
3.3781	0.26208
3.3803	0.26174
3.3825	0.26219
3.3847	0.26306
3.3869	0.26405
3.3892	0.26482
3.3914	0.26476
3.3936	0.26357
3.3958	0.26125
3.3981	0.25803
3.4003	0.25400
3.4025	0.24939
3.4047	0.24438
3.407	0.23930
3.4092	0.23435
3.4115	0.22971
3.4137	0.22577
3.416	0.22300
3.4182	0.22177
3.4205	0.22248
3.4227	0.22516
3.425	0.22944
3.4273	0.23459
3.4295	0.24006
3.4318	0.24546
3.4341	0.25052
3.4363	0.25480
3.4386	0.25819
3.4409	0.26090
3.4432	0.26322
3.4455	0.26530
3.4478	0.26718
3.4501	0.26889
3.4523	0.27051
3.4546	0.27203
3.4569	0.27356
3.4593	0.27500
3.4616	0.27627
3.4639	0.27720
3.4662	0.27775
3.4685	0.27784
3.4708	0.27753
3.4732	0.27686
3.4755	0.27596
3.4778	0.27482
3.4801	0.27364
3.4825	0.27286
3.4848	0.27243
3.4872	0.27169
3.4895	0.27024
3.4919	0.26785
3.4942	0.26457
3.4966	0.26060
3.4989	0.25663
3.5013	0.25355
3.5037	0.25237
3.506	0.25368
3.5084	0.25736
3.5108	0.26290
3.5132	0.26951
3.5155	0.27585
3.5179	0.28108
3.5203	0.28507
3.5227	0.28813
3.5251	0.29054
3.5275	0.29240
3.5299	0.29384
3.5323	0.29503
3.5347	0.29592
3.5371	0.29666
3.5395	0.29727
3.5419	0.29780
3.5444	0.29828
3.5468	0.29869
3.5492	0.29901
3.5517	0.29932
3.5541	0.29953
3.5565	0.29971
3.559	0.29980
3.5614	0.29989
3.5639	0.29998
3.5663	0.30004
3.5688	0.30004
3.5712	0.30000
3.5737	0.29997
3.5761	0.29992
3.5786	0.29985
3.5811	0.29977
3.5836	0.29960
3.586	0.29945
3.5885	0.29932
3.591	0.29922
3.5935	0.29904
3.596	0.29880
3.5985	0.29858
3.601	0.29839
3.6035	0.29814
3.606	0.29792
3.6085	0.29766
3.611	0.29738
3.6135	0.29705
3.6161	0.29669
3.6186	0.29639
3.6211	0.29614
3.6236	0.29583
3.6262	0.29555
3.6287	0.29516
3.6313	0.29475
3.6338	0.29436
3.6363	0.29401
3.6389	0.29366
3.6414	0.29332
3.644	0.29296
3.6466	0.29265
3.6491	0.29230
3.6517	0.29193
3.6543	0.29160
3.6569	0.29136
3.6594	0.29107
3.662	0.29077
3.6646	0.29045
3.6672	0.29015
3.6698	0.28985
3.6724	0.28959
3.675	0.28935
3.6776	0.28912
3.6802	0.28878
3.6828	0.28848
3.6854	0.28814
3.6881	0.28783
3.6907	0.28753
3.6933	0.28722
3.6959	0.28684
3.6986	0.28648
3.7012	0.28612
3.7039	0.28577
3.7065	0.28536
3.7092	0.28492
3.7118	0.28449
3.7145	0.28408
3.7171	0.28363
3.7198	0.28320
3.7225	0.28277
3.7252	0.28235
3.7278	0.28187
3.7305	0.28144
3.7332	0.28103
3.7359	0.28060
3.7386	0.28011
3.7413	0.27968
3.744	0.27926
3.7467	0.27883
3.7494	0.27838
3.7521	0.27800
3.7548	0.27760
3.7576	0.27715
3.7603	0.27668
3.763	0.27626
3.7657	0.27584
3.7685	0.27546
3.7712	0.27505
3.774	0.27461
3.7767	0.27417
3.7795	0.27375
3.7822	0.27332
3.785	0.27295
3.7877	0.27251
3.7905	0.27202
3.7933	0.27154
3.7961	0.27115
3.7988	0.27077
3.8016	0.27034
3.8044	0.26984
3.8072	0.26938
3.81	0.26891
3.8128	0.26848
3.8156	0.26802
3.8184	0.26757
3.8212	0.26710
3.8241	0.26670
3.8269	0.26626
3.8297	0.26578
3.8325	0.26534
3.8354	0.26490
3.8382	0.26445
3.8411	0.26407
3.8439	0.26360
3.8468	0.26312
3.8496	0.26265
3.8525	0.26224
3.8553	0.26181
3.8582	0.26139
3.8611	0.26095
3.8639	0.26057
3.8668	0.26015
3.8697	0.25974
3.8726	0.25931
3.8755	0.25892
3.8784	0.25850
3.8813	0.25803
3.8842	0.25759
3.8871	0.25722
3.89	0.25679
3.893	0.25631
3.8959	0.25581
3.8988	0.25533
3.9017	0.25484
3.9047	0.25440
3.9076	0.25396
3.9106	0.25350
3.9135	0.25301
3.9165	0.25252
3.9194	0.25204
3.9224	0.25158
3.9254	0.25108
3.9284	0.25060
3.9313	0.25005
3.9343	0.24952
3.9373	0.24900
3.9403	0.24847
3.9433	0.24791
3.9463	0.24737
3.9493	0.24689
3.9523	0.24636
3.9553	0.24578
3.9583	0.24531
3.9614	0.24479
3.9644	0.24422
3.9674	0.24363
3.9705	0.24310
3.9735	0.24255
3.9766	0.24198
3.9796	0.24136
3.9826	0.24081
3.9857	0.24024
3.9888	0.23963
3.9919	0.23901
3.9949	0.23838
3.998	0.23769
4.0011	0.23709
4.0042	0.23643
4.0073	0.23576
4.0104	0.23506
4.0135	0.23439
4.0166	0.23379
4.0197	0.23320
4.0228	0.23256
4.0259	0.23198
4.0291	0.23141
4.0322	0.23090
4.0353	0.23038
4.0385	0.22989
4.0416	0.22940
4.0448	0.22890
4.0479	0.22843
4.0511	0.22803
4.0543	0.22761
4.0574	0.22722
4.0606	0.22681
4.0638	0.22639
4.067	0.22598
4.0702	0.22557
4.0734	0.22512
4.0766	0.22473
4.0798	0.22433
4.083	0.22393
4.0862	0.22343
4.0894	0.22295
4.0927	0.22246
4.0959	0.22200
4.0991	0.22147
4.1024	0.22092
4.1056	0.22041
4.1089	0.21993
4.1121	0.21941
4.1154	0.21888
4.1187	0.21831
4.122	0.21779
4.1252	0.21717
4.1285	0.21663
4.1318	0.21609
4.1351	0.21555
4.1384	0.21499
4.1417	0.21446
4.145	0.21383
4.1483	0.21327
4.1516	0.21274
4.155	0.21219
4.1583	0.21161
4.1616	0.21104
4.165	0.21044
4.1683	0.20990
4.1717	0.20933
4.175	0.20877
4.1784	0.20818
4.1818	0.20760
4.1852	0.20700
4.1885	0.20644
4.1919	0.20581
4.1953	0.20519
4.1987	0.20456
4.2021	0.20393
4.2055	0.20325
4.2089	0.20256
4.2124	0.20177
4.2158	0.20101
4.2192	0.20024
4.2226	0.19951
4.2261	0.19881
4.2295	0.19820
4.233	0.19759
4.2365	0.19698
4.2399	0.19643
4.2434	0.19596
4.2469	0.19548
4.2503	0.19517
4.2538	0.19493
4.2573	0.19457
4.2608	0.19385
4.2643	0.19305
4.2678	0.19233
4.2713	0.19173
4.2749	0.19115
4.2784	0.19061
4.2819	0.19008
4.2855	0.18956
4.289	0.18894
4.2926	0.18841
4.2961	0.18793
4.2997	0.18744
4.3033	0.18690
4.3068	0.18642
4.3104	0.18598
4.314	0.18551
4.3176	0.18497
4.3212	0.18452
4.3248	0.18403
4.3284	0.18353
4.332	0.18306
4.3356	0.18258
4.3393	0.18202
4.3429	0.18148
4.3465	0.18095
4.3502	0.18044
4.3538	0.17990
4.3575	0.17938
4.3611	0.17883
4.3648	0.17826
4.3685	0.17768
4.3722	0.17719
4.3759	0.17667
4.3796	0.17612
4.3833	0.17555
4.387	0.17503
4.3907	0.17455
4.3944	0.17400
4.3981	0.17341
4.4019	0.17290
4.4056	0.17235
4.4094	0.17181
4.4131	0.17124
4.4169	0.17070
4.4206	0.17019
4.4244	0.16968
4.4282	0.16914
4.432	0.16863
4.4358	0.16808
4.4396	0.16757
4.4434	0.16706
4.4472	0.16654
4.451	0.16601
4.4548	0.16553
4.4586	0.16501
4.4625	0.16452
4.4663	0.16398
4.4702	0.16347
4.474	0.16293
4.4779	0.16243
4.4818	0.16191
4.4856	0.16141
4.4895	0.16090
4.4934	0.16040
4.4973	0.15987
4.5012	0.15937
4.5051	0.15884
4.509	0.15833
4.513	0.15783
4.5169	0.15730
4.5209	0.15678
4.5248	0.15629
4.5287	0.15575
4.5327	0.15525
4.5367	0.15471
4.5406	0.15420
4.5446	0.15363
4.5486	0.15311
4.5526	0.15258
4.5566	0.15205
4.5606	0.15153
4.5646	0.15104
4.5686	0.15051
4.5727	0.14997
4.5767	0.14939
4.5808	0.14887
4.5848	0.14833
4.5889	0.14782
4.5929	0.14730
4.597	0.14677
4.6011	0.14623
4.6052	0.14571
4.6093	0.14514
4.6134	0.14459
4.6175	0.14405
4.6216	0.14358
4.6257	0.14304
4.6298	0.14251
4.634	0.14199
4.6381	0.14150
4.6423	0.14098
4.6464	0.14046
4.6506	0.13994
4.6548	0.13944
4.659	0.13891
4.6631	0.13842
4.6673	0.13792
4.6715	0.13747
4.6758	0.13699
4.68	0.13651
4.6842	0.13601
4.6884	0.13556
4.6927	0.13504
4.6969	0.13456
4.7012	0.13408
4.7055	0.13364
4.7097	0.13317
4.714	0.13273
4.7183	0.13224
4.7226	0.13177
4.7269	0.13129
4.7312	0.13079
4.7355	0.13027
4.7399	0.12983
4.7442	0.12941
4.7485	0.12900
4.7529	0.12852
4.7573	0.12802
4.7616	0.12751
4.766	0.12707
4.7704	0.12661
4.7748	0.12615
4.7792	0.12563
4.7836	0.12515
4.788	0.12464
4.7924	0.12417
4.7969	0.12365
4.8013	0.12312
4.8058	0.12263
4.8102	0.12217
4.8147	0.12163
4.8191	0.12106
4.8236	0.12050
4.8281	0.11995
4.8326	0.11940
4.8371	0.11890
4.8416	0.11831
4.8462	0.11765
4.8507	0.11698
4.8553	0.11633
4.8598	0.11565
4.8644	0.11502
4.8689	0.11432
4.8735	0.11357
4.8781	0.11280
4.8827	0.11201
4.8873	0.11109
4.8919	0.11015
4.8965	0.10914
4.9011	0.10810
4.9058	0.10695
4.9104	0.10576
4.9151	0.10451
4.9197	0.10317
4.9244	0.10177
4.9291	0.10041
4.9338	0.09903
4.9385	0.09766
4.9432	0.09630
4.9479	0.09504
4.9526	0.09384
4.9574	0.09269
4.9621	0.09158
4.9669	0.09058
4.9716	0.08966
4.9764	0.08876
4.9812	0.08794
4.986	0.08728
4.9908	0.08667
4.9956	0.08615
5.0004	0.08572
5.0052	0.08542
5.01	0.08520
5.0149	0.08502
5.0198	0.08488
5.0246	0.08477
5.0295	0.08463
5.0344	0.08452
5.0393	0.08445
5.0442	0.08440
5.0491	0.08433
5.054	0.08420
5.0589	0.08409
5.0639	0.08402
5.0688	0.08394
5.0738	0.08383
5.0788	0.08370
5.0837	0.08357
5.0887	0.08340
5.0937	0.08323
5.0987	0.08304
5.1037	0.08284
5.1088	0.08258
5.1138	0.08230
5.1189	0.08196
5.1239	0.08161
5.129	0.08124
5.1341	0.08084
5.1391	0.08043
5.1443	0.08000
5.1494	0.07952
5.1545	0.07900
5.1596	0.07847
5.1647	0.07791
5.1699	0.07728
5.175	0.07663
5.1802	0.07602
5.1854	0.07543
5.1906	0.07482
5.1958	0.07422
5.201	0.07358
5.2062	0.07294
5.2115	0.07232
5.2167	0.07174
5.222	0.07109
5.2272	0.07046
5.2325	0.06988
5.2378	0.06932
5.2431	0.06872
5.2484	0.06815
5.2537	0.06765
5.259	0.06719
5.2644	0.06675
5.2697	0.06637
5.2751	0.06599
5.2805	0.06563
5.2858	0.06533
5.2912	0.06510
5.2966	0.06488
5.302	0.06467
5.3075	0.06445
5.3129	0.06424
5.3184	0.06405
5.3238	0.06385
5.3293	0.06362
5.3348	0.06339
5.3403	0.06321
5.3458	0.06301
5.3513	0.06272
5.3568	0.06246
5.3624	0.06224
5.3679	0.06195
5.3735	0.06160
5.379	0.06127
5.3846	0.06091
5.3902	0.06051
5.3958	0.06006
5.4015	0.05965
5.4071	0.05923
5.4127	0.05879
5.4184	0.05835
5.424	0.05785
5.4297	0.05734
5.4354	0.05688
5.4411	0.05641
5.4468	0.05594
5.4526	0.05550
5.4583	0.05508
5.4641	0.05466
5.4698	0.05427
5.4756	0.05397
5.4814	0.05374
5.4872	0.05355
5.493	0.05337
5.4988	0.05320
5.5047	0.05309
5.5105	0.05301
5.5164	0.05294
5.5223	0.05286
5.5281	0.05276
5.534	0.05261
5.54	0.05244
5.5459	0.05226
5.5518	0.05202
5.5578	0.05169
5.5637	0.05124
5.5697	0.05077
5.5757	0.05028
5.5817	0.04961
5.5877	0.04894
5.5937	0.04822
5.5998	0.04745
5.6058	0.04668
5.6119	0.04598
5.618	0.04534
5.6241	0.04475
5.6302	0.04427
5.6363	0.04390
5.6424	0.04362
5.6486	0.04346
5.6547	0.04342
5.6609	0.04337
5.6671	0.04346
5.6733	0.04365
5.6795	0.04390
5.6857	0.04427
5.692	0.04475
5.6982	0.04529
5.7045	0.04587
5.7108	0.04647
5.7171	0.04703
5.7234	0.04763
5.7297	0.04826
5.7361	0.04890
5.7424	0.04956
5.7488	0.05013
5.7551	0.05064
5.7615	0.05117
5.768	0.05163
5.7744	0.05187
5.7808	0.05194
5.7873	0.05195
5.7937	0.05187
5.8002	0.05163
5.8067	0.05133
5.8132	0.05103
5.8197	0.05069
5.8263	0.05026
5.8328	0.04982
5.8394	0.04945
5.846	0.04905
5.8526	0.04865
5.8592	0.04832
5.8658	0.04804
5.8725	0.04775
5.8791	0.04754
5.8858	0.04725
5.8925	0.04690
5.8992	0.04656
5.9059	0.04626
5.9126	0.04604
5.9194	0.04582
5.9262	0.04565
5.9329	0.04552
5.9397	0.04528
5.9465	0.04500
5.9534	0.04477
5.9602	0.04448
5.9671	0.04418
5.974	0.04383
5.9808	0.04354
5.9878	0.04320
5.9947	0.04275
6.0016	0.04237
6.0086	0.04210
6.0155	0.04189
6.0225	0.04177
6.0295	0.04181
6.0365	0.04199
6.0436	0.04242
6.0506	0.04312
6.0577	0.04380
6.0648	0.04466
6.0719	0.04576
6.079	0.04697
6.0861	0.04812
6.0933	0.04930
6.1005	0.05046
6.1076	0.05159
6.1149	0.05265
6.1221	0.05353
6.1293	0.05422
6.1365	0.05492
6.1438	0.05551
6.1511	0.05602
6.1584	0.05646
6.1657	0.05685
6.1731	0.05713
6.1804	0.05736
6.1878	0.05757
6.1952	0.05768
6.2026	0.05777
6.21	0.05797
6.2175	0.05812
6.225	0.05827
6.2324	0.05845
6.2399	0.05877
6.2475	0.05904
6.255	0.05930
6.2625	0.05958
6.2701	0.05993
6.2777	0.06033
6.2853	0.06071
6.2929	0.06107
6.3006	0.06153
6.3083	0.06201
6.3159	0.06248
6.3236	0.06300
6.3314	0.06354
6.3391	0.06410
6.3469	0.06478
6.3546	0.06537
6.3624	0.06598
6.3703	0.06661
6.3781	0.06714
6.3859	0.06760
6.3938	0.06811
6.4017	0.06865
6.4096	0.06925
6.4176	0.06973
6.4255	0.06997
6.4335	0.07023
6.4415	0.07047
6.4495	0.07071
6.4575	0.07097
6.4656	0.07119
6.4736	0.07145
6.4817	0.07164
6.4898	0.07182
6.498	0.07189
6.5061	0.07190
6.5143	0.07202
6.5225	0.07223
6.5307	0.07229
6.5389	0.07237
6.5472	0.07252
6.5555	0.07266
6.5638	0.07277
6.5721	0.07283
6.5804	0.07273
6.5888	0.07263
6.5972	0.07249
6.6056	0.07228
6.614	0.07214
6.6225	0.07218
6.6309	0.07251
6.6394	0.07293
6.6479	0.07314
6.6565	0.07335
6.665	0.07357
6.6736	0.07363
6.6822	0.07362
6.6908	0.07350
6.6995	0.07331
6.7081	0.07311
6.7168	0.07279
6.7255	0.07237
6.7343	0.07188
6.743	0.07138
6.7518	0.07085
6.7606	0.07020
6.7694	0.06948
6.7783	0.06874
6.7871	0.06797
6.796	0.06703
6.805	0.06605
6.8139	0.06516
6.8229	0.06451
6.8319	0.06393
6.8409	0.06338
6.8499	0.06301
6.859	0.06275
6.868	0.06242
6.8772	0.06210
6.8863	0.06195
6.8955	0.06180
6.9046	0.06161
6.9138	0.06138
6.9231	0.06113
6.9323	0.06089
6.9416	0.06061
6.9509	0.06033
6.9602	0.05992
6.9696	0.05938
6.979	0.05885
6.9884	0.05838
6.9978	0.05789
7.0073	0.05733
7.0168	0.05677
7.0263	0.05617
7.0358	0.05554
7.0454	0.05493
7.0549	0.05425
7.0645	0.05358
7.0742	0.05293
7.0839	0.05232
7.0935	0.05167
7.1033	0.05112
7.113	0.05067
7.1228	0.05029
7.1326	0.04990
7.1424	0.04958
7.1522	0.04931
7.1621	0.04908
7.172	0.04888
7.182	0.04857
7.1919	0.04823
7.2019	0.04793
7.2119	0.04755
7.222	0.04709
7.232	0.04664
7.2421	0.04623
7.2523	0.04577
7.2624	0.04532
7.2726	0.04492
7.2828	0.04457
7.2931	0.04421
7.3034	0.04387
7.3136	0.04354
7.324	0.04320
7.3343	0.04284
7.3447	0.04251
7.3551	0.04219
7.3656	0.04183
7.3761	0.04139
7.3866	0.04095
7.3971	0.04049
7.4077	0.03998
7.4183	0.03951
7.4289	0.03906
7.4396	0.03863
7.4503	0.03823
7.461	0.03777
7.4717	0.03731
7.4825	0.03685
7.4933	0.03640
7.5042	0.03592
7.515	0.03548
7.5259	0.03505
7.5369	0.03472
7.5479	0.03437
7.5589	0.03400
7.5699	0.03364
7.581	0.03338
7.592	0.03319
7.6032	0.03300
7.6143	0.03283
7.6255	0.03278
7.6368	0.03274
7.648	0.03274
7.6593	0.03277
7.6707	0.03286
7.682	0.03299
7.6934	0.03320
7.7049	0.03331
7.7163	0.03339
7.7278	0.03348
7.7394	0.03356
7.7509	0.03359
7.7625	0.03361
7.7742	0.03359
7.7858	0.03353
7.7975	0.03343
7.8093	0.03334
7.8211	0.03323
7.8329	0.03312
7.8447	0.03302
7.8566	0.03285
7.8685	0.03273
7.8805	0.03264
7.8925	0.03254
7.9045	0.03249
7.9166	0.03240
7.9287	0.03230
7.9408	0.03222
7.953	0.03217
7.9652	0.03202
7.9775	0.03186
7.9898	0.03170
8.0021	0.03156
8.0145	0.03141
8.0269	0.03127
8.0393	0.03104
8.0518	0.03075
8.0643	0.03041
8.0769	0.03011
8.0895	0.02982
8.1021	0.02951
8.1148	0.02911
8.1275	0.02867
8.1403	0.02830
8.1531	0.02795
8.1659	0.02752
8.1788	0.02711
8.1917	0.02670
8.2047	0.02631
8.2177	0.02595
8.2307	0.02559
8.2438	0.02516
8.257	0.02473
8.2701	0.02439
8.2833	0.02412
8.2966	0.02374
8.3099	0.02336
8.3232	0.02307
8.3366	0.02280
8.35	0.02246
8.3635	0.02209
8.377	0.02176
8.3905	0.02148
8.4042	0.02118
8.4178	0.02085
8.4315	0.02048
8.4452	0.02016
8.459	0.01987
8.4728	0.01963
8.4867	0.01939
8.5006	0.01914
8.5145	0.01887
8.5285	0.01867
8.5426	0.01847
8.5567	0.01834
8.5708	0.01822
8.585	0.01810
8.5993	0.01800
8.6135	0.01790
8.6279	0.01784
8.6423	0.01780
8.6567	0.01780
8.6712	0.01786
8.6857	0.01781
8.7003	0.01781
8.7149	0.01790
8.7295	0.01801
8.7443	0.01809
8.759	0.01817
8.7739	0.01819
8.7887	0.01827
8.8037	0.01843
8.8186	0.01851
8.8337	0.01845
8.8487	0.01848
8.8638	0.01859
8.879	0.01866
8.8943	0.01868
8.9095	0.01871
8.9249	0.01877
8.9403	0.01899
8.9557	0.01926
8.9712	0.01953
8.9868	0.01986
9.0023	0.02023
9.018	0.02055
9.0337	0.02078
9.0495	0.02099
9.0653	0.02133
9.0812	0.02172
9.0971	0.02218
9.1131	0.02277
9.1291	0.02351
9.1452	0.02447
9.1614	0.02557
9.1776	0.02682
9.1939	0.02840
9.2102	0.03036
9.2266	0.03260
9.243	0.03516
9.2596	0.03811
9.2761	0.04155
9.2927	0.04537
9.3094	0.04951
9.3262	0.05404
9.343	0.05898
9.3598	0.06421
9.3768	0.06964
9.3937	0.07525
9.4108	0.08091
9.4279	0.08624
9.4451	0.09070
9.4623	0.09377
9.4796	0.09536
9.497	0.09572
9.5144	0.09522
9.5319	0.09410
9.5494	0.09258
9.5671	0.09090
9.5847	0.08914
9.6025	0.08727
9.6203	0.08549
9.6382	0.08366
9.6561	0.08185
9.6742	0.08007
9.6922	0.07843
9.7104	0.07687
9.7286	0.07535
9.7469	0.07401
9.7652	0.07289
9.7837	0.07211
9.8022	0.07166
9.8207	0.07139
9.8394	0.07146
9.8581	0.07202
9.8768	0.07295
9.8957	0.07423
9.9146	0.07602
9.9336	0.07819
9.9527	0.08065
9.9718	0.08345
9.991	0.08672
10.0103	0.09035
10.0297	0.09411
10.0491	0.09820
10.0686	0.10271
10.0882	0.10759
10.1079	0.11296
10.1276	0.11881
10.1474	0.12535
10.1673	0.13264
10.1873	0.14042
10.2074	0.14790
10.2275	0.15426
10.2477	0.15846
10.268	0.16008
10.2884	0.15902
10.3088	0.15570
10.3294	0.15082
10.35	0.14531
10.3707	0.14027
10.3915	0.13647
10.4123	0.13415
10.4333	0.13384
10.4543	0.13573
10.4755	0.13996
10.4967	0.14701
10.5179	0.15813
10.5393	0.17463
10.5608	0.19478
10.5823	0.21433
10.604	0.23074
10.6257	0.24327
10.6475	0.25255
10.6694	0.25904
10.6914	0.26338
10.7135	0.26631
10.7357	0.26809
10.758	0.26885
10.7803	0.26908
10.8028	0.26863
10.8254	0.26772
10.848	0.26639
10.8708	0.26472
10.8936	0.26291
10.9165	0.26097
10.9395	0.25883
10.9627	0.25690
10.9859	0.25485
11.0092	0.25292
11.0327	0.25086
11.0562	0.24871
11.0798	0.24661
11.1035	0.24461
11.1274	0.24245
11.1513	0.24024
11.1753	0.23774
11.1995	0.23510
11.2237	0.23201
11.248	0.22840
11.2725	0.22405
11.2971	0.21874
11.3217	0.21236
11.3465	0.20502
11.3714	0.19680
11.3964	0.18812
11.4215	0.17908
11.4467	0.16953
11.472	0.15944
11.4975	0.14901
11.523	0.13854
11.5487	0.12846
11.5744	0.11907
11.6003	0.11087
11.6263	0.10396
11.6525	0.09806
11.6787	0.09297
11.7051	0.08848
11.7316	0.08434
11.7582	0.08033
11.7849	0.07623
11.8117	0.07240
11.8387	0.06920
11.8658	0.06783
11.893	0.06958
11.9203	0.07397
11.9478	0.07853
11.9754	0.08082
12.0031	0.07999
12.031	0.07728
12.059	0.07414
12.0871	0.07107
12.1153	0.06827
12.1437	0.06591
12.1722	0.06376
12.2008	0.06172
12.2296	0.05990
12.2585	0.05822
12.2876	0.05673
12.3168	0.05535
12.3461	0.05404
12.3755	0.05280
12.4052	0.05182
12.4349	0.05078
12.4648	0.04977
12.4948	0.04884
12.525	0.04803
12.5553	0.04726
12.5858	0.04653
12.6164	0.04574
12.6472	0.04501
12.6781	0.04438
12.7092	0.04382
12.7404	0.04318
12.7718	0.04243
12.8033	0.04178
12.835	0.04130
12.8669	0.04082
12.8989	0.04036
12.931	0.03979
12.9634	0.03926
12.9959	0.03884
13.0285	0.03832
13.0613	0.03791
13.0943	0.03749
13.1275	0.03695
13.1608	0.03646
13.1943	0.03588
13.228	0.03535
13.2618	0.03493
13.2958	0.03450
13.33	0.03407
13.3643	0.03376
13.3989	0.03330
13.4336	0.03273
13.4685	0.03231
13.5035	0.03213
13.5388	0.03177
13.5742	0.03122
13.6099	0.03073
13.6457	0.03052
13.6817	0.03036
13.7179	0.02993
13.7543	0.02944
13.7908	0.02890
13.8276	0.02833
13.8646	0.02797
13.9018	0.02766
13.9391	0.02730
13.9767	0.02709
14.0145	0.02681
14.0525	0.02643
14.0907	0.02601
14.129	0.02558
14.1677	0.02520
14.2065	0.02482
14.2455	0.02442
14.2847	0.02403
14.3242	0.02372
14.3639	0.02332
14.4038	0.02301
14.4439	0.02270
14.4843	0.02228
14.5248	0.02194
14.5656	0.02171
14.6067	0.02120
14.6479	0.02088
14.6894	0.02062
14.7312	0.02024
14.7731	0.01981
14.8153	0.01956
14.8578	0.01920
14.9005	0.01881
14.9434	0.01845
14.9866	0.01814
15.03	0.01788
15.0737	0.01761
15.1177	0.01714
15.1619	0.01697
15.2064	0.01668
15.2511	0.01640
15.2961	0.01650
15.3413	0.01678
15.3868	0.01722
15.4327	0.01777
15.4787	0.01858
15.525	0.01976
15.5717	0.02138
15.6186	0.02327
15.6658	0.02567
15.7132	0.02842
15.761	0.03131
15.809	0.03453
15.8574	0.03768
15.906	0.04047
15.955	0.04259
16.0042	0.04376
16.0538	0.04463
16.1036	0.04507
16.1538	0.04498
16.2043	0.04428
16.2551	0.04319
16.3062	0.04253
16.3576	0.04172
16.4094	0.04021
16.4615	0.03872
16.5139	0.03763
16.5667	0.03644
16.6198	0.03519
16.6732	0.03388
16.727	0.03273
16.7811	0.03164
16.8356	0.03056
16.8905	0.02958
16.9457	0.02839
17.0012	0.02742
17.0572	0.02668
17.1134	0.02651
17.1701	0.02670
17.2272	0.02745
17.2846	0.02898
17.3424	0.03120
17.4006	0.03415
17.4592	0.03785
17.5182	0.04232
17.5775	0.04789
17.6373	0.05456
17.6975	0.06219
17.7581	0.07053
17.8192	0.07955
17.8806	0.08922
17.9425	0.09910
18.0048	0.10909
18.0675	0.11850
18.1307	0.12668
18.1943	0.13384
18.2584	0.14028
18.3229	0.14597
18.3879	0.15076
18.4533	0.15445
18.5192	0.15677
18.5856	0.15750
18.6524	0.15706
18.7198	0.15621
18.7876	0.15467
18.8559	0.15179
18.9248	0.14866
18.9941	0.14536
19.0639	0.14230
19.1343	0.14008
19.2051	0.13819
19.2765	0.13553
19.3484	0.13185
19.4209	0.12702
19.4939	0.12129
19.5675	0.11601
19.6416	0.11225
19.7163	0.10886
19.7915	0.10567
19.8674	0.10398
19.9438	0.10508
20.0208	0.10743
20.0984	0.11020
20.1766	0.11262
20.2554	0.11262
20.3348	0.11020
20.4149	0.10588
20.4956	0.10051
20.5769	0.09479
20.6589	0.08867
20.7415	0.08263
20.8248	0.07628
20.9088	0.06997
20.9934	0.06523
21.0788	0.06180
21.1648	0.05882
21.2516	0.05731
21.339	0.05720
21.4272	0.05705
21.5161	0.05730
21.6058	0.05847
21.6962	0.05990
21.7873	0.06072
21.8793	0.06138
21.972	0.06234
22.0655	0.06285
22.1598	0.06258
22.2549	0.06208
22.3508	0.06106
22.4475	0.06065
22.5451	0.06195
22.6436	0.06602
22.7429	0.07232
22.8431	0.08047
22.9442	0.08829
23.0462	0.09476
23.149	0.10055
23.2528	0.10820
23.3576	0.11504
23.4633	0.11956
23.5699	0.12541
23.6776	0.13295
23.7862	0.14131
23.8958	0.15248
24.0064	0.16365
24.1181	0.17363
24.2308	0.18040
24.3445	0.18607
24.4594	0.18923
24.5753	0.18710
24.6923	0.18356
24.8104	0.17952
24.9297	0.17443
25.0501	0.16841
25.1717	0.16029
25.2945	0.15004
25.4185	0.13878
25.5437	0.13003
25.6702	0.12422
25.7979	0.11804
25.9269	0.11402
26.0572	0.11212
26.1888	0.10729
26.3217	0.10333
26.456	0.10098
26.5917	0.09759
26.7288	0.09758
26.8672	0.09940
27.0072	0.10165
27.1486	0.10500
27.2915	0.11054
27.4359	0.11491
27.5818	0.11991
27.7293	0.12538
27.8784	0.12860
28.0291	0.12997
28.1814	0.13169
28.3354	0.13233
28.4911	0.13086
28.6485	0.12957
28.8077	0.13020
28.9686	0.12693
29.1313	0.12579
29.2959	0.12564
29.4624	0.12159
29.6307	0.11945
29.801	0.11879
29.9733	0.11438
30.1475	0.11115
30.3238	0.10971
30.5022	0.10717
30.6827	0.10496
30.8653	0.10205
31.0502	0.09650
31.2372	0.09440
31.4265	0.09427
31.6182	0.09171
31.8121	0.08783
32.0085	0.08523
32.2073	0.08363
32.4086	0.08340
32.6124	0.08273
32.8188	0.08205
33.0279	0.07954
33.2396	0.07952
33.4541	0.08183
33.6713	0.08322
33.8914	0.08335
34.1143	0.08495
34.3403	0.08590
34.5692	0.08743
34.8012	0.08984
35.0363	0.09278
35.2747	0.09585
35.5163	0.09483
35.7612	0.09417
36.0096	0.09429
36.2614	0.09114
36.5167	0.08987
36.7757	0.08973
37.0384	0.09149
37.3049	0.09334
37.5752	0.09129
37.8495	0.09115
38.1278	0.09055
38.4102	0.08898
38.6968	0.09122
38.9878	0.09094
39.2832	0.09199
39.583	0.09515
39.8875	0.09302
40.1967	0.09012
40.5108	0.08857
40.8298	0.09042
41.1538	0.09096
41.483	0.08675
41.8176	0.08513
42.1575	0.08446
42.5031	0.08654
42.8544	0.08692
43.2115	0.08312
43.5746	0.08068
43.9439	0.07825
44.3195	0.07783
44.7015	0.07891
45.0902	0.07817
45.4858	0.07737
45.8883	0.07569
46.298	0.07452
46.7151	0.07322
47.1398	0.06984
47.5723	0.07402
48.0128	0.08086
48.4615	0.07683
48.9187	0.07142
49.3846	0.06454
49.8594	0.06908
