Brown University Keck/NASA Relab Spectrum PO-TXH-007/LAPO07
Wavelength(micron)	Reflectance
0.3	0.18572
0.305	0.20048
0.31	0.21752
0.315	0.23742
0.32	0.25851
0.325	0.28609
0.33	0.31651
0.335	0.34819
0.34	0.38079
0.345	0.41101
0.35	0.44141
0.355	0.46602
0.36	0.48889
0.365	0.50565
0.37	0.52073
0.375	0.53083
0.38	0.54060
0.385	0.54751
0.39	0.55935
0.395	0.56640
0.4	0.57052
0.405	0.58639
0.41	0.59633
0.415	0.59962
0.42	0.60347
0.425	0.60693
0.43	0.60957
0.435	0.61449
0.44	0.61896
0.445	0.61933
0.45	0.61976
0.455	0.62519
0.46	0.63196
0.465	0.63767
0.47	0.64245
0.475	0.65234
0.48	0.65851
0.485	0.66136
0.49	0.66319
0.495	0.66753
0.5	0.68096
0.505	0.68949
0.51	0.69584
0.515	0.70070
0.52	0.70322
0.525	0.70898
0.53	0.71150
0.535	0.71725
0.54	0.72230
0.545	0.72674
0.55	0.72959
0.555	0.73334
0.56	0.73469
0.565	0.73548
0.57	0.73532
0.575	0.73620
0.58	0.73533
0.585	0.73534
0.59	0.73312
0.595	0.73278
0.6	0.73124
0.605	0.72996
0.61	0.72604
0.615	0.72349
0.62	0.71930
0.625	0.71409
0.63	0.71288
0.635	0.71230
0.64	0.71342
0.645	0.71457
0.65	0.71572
0.655	0.71763
0.66	0.72012
0.665	0.71962
0.67	0.72043
0.675	0.72174
0.68	0.72021
0.685	0.71641
0.69	0.71544
0.695	0.71245
0.7	0.70842
0.705	0.70635
0.71	0.70049
0.715	0.69696
0.72	0.69223
0.725	0.68082
0.73	0.67590
0.735	0.67026
0.74	0.66408
0.745	0.65803
0.75	0.65075
0.755	0.64459
0.76	0.63739
0.765	0.62963
0.77	0.62283
0.775	0.61587
0.78	0.60897
0.785	0.60256
0.79	0.59666
0.795	0.58984
0.8	0.58295
0.805	0.57841
0.81	0.57249
0.815	0.56812
0.82	0.56344
0.825	0.55873
0.83	0.55517
0.835	0.55222
0.84	0.54786
0.845	0.54490
0.85	0.54225
0.855	0.54104
0.86	0.53803
0.865	0.53499
0.87	0.53344
0.875	0.53037
0.88	0.52845
0.885	0.52434
0.89	0.52201
0.895	0.51751
0.9	0.51632
0.905	0.51057
0.91	0.50768
0.915	0.50175
0.92	0.49805
0.925	0.49221
0.93	0.48719
0.935	0.47976
0.94	0.47530
0.945	0.46792
0.95	0.46130
0.955	0.45524
0.96	0.44681
0.965	0.44160
0.97	0.43385
0.975	0.42875
0.98	0.42049
0.985	0.41605
0.99	0.40911
0.995	0.40433
1	0.39764
1.005	0.39302
1.01	0.38987
1.015	0.38590
1.02	0.38129
1.025	0.37844
1.03	0.37625
1.035	0.37380
1.04	0.37225
1.045	0.37045
1.05	0.37179
1.055	0.37008
1.06	0.37174
1.065	0.37113
1.07	0.37368
1.075	0.37488
1.08	0.37790
1.085	0.37958
1.09	0.38410
1.095	0.38645
1.1	0.39070
1.105	0.39412
1.11	0.39802
1.115	0.40257
1.12	0.40530
1.125	0.41065
1.13	0.41386
1.135	0.41775
1.14	0.42032
1.145	0.42454
1.15	0.42684
1.155	0.43165
1.16	0.43270
1.165	0.43670
1.17	0.43691
1.175	0.44083
1.18	0.44293
1.185	0.44485
1.19	0.44660
1.195	0.44911
1.2	0.45104
1.205	0.45202
1.21	0.45353
1.215	0.45710
1.22	0.45862
1.225	0.46009
1.23	0.46215
1.235	0.46363
1.24	0.46574
1.245	0.46779
1.25	0.47015
1.255	0.47199
1.26	0.47461
1.265	0.47724
1.27	0.48046
1.275	0.48355
1.28	0.48633
1.285	0.48925
1.29	0.49291
1.295	0.49570
1.3	0.49977
1.305	0.50316
1.31	0.50795
1.315	0.51174
1.32	0.51503
1.325	0.51910
1.33	0.52332
1.335	0.52800
1.34	0.53283
1.345	0.53619
1.35	0.54112
1.355	0.54452
1.36	0.54949
1.365	0.55446
1.37	0.55883
1.375	0.56568
1.38	0.57129
1.385	0.57586
1.39	0.58004
1.395	0.58592
1.4	0.59022
1.405	0.59515
1.41	0.60187
1.415	0.60887
1.42	0.61456
1.425	0.62047
1.43	0.62602
1.435	0.63154
1.44	0.63783
1.445	0.64113
1.45	0.64669
1.455	0.65275
1.46	0.65855
1.465	0.66451
1.47	0.66971
1.475	0.67599
1.48	0.68105
1.485	0.68635
1.49	0.69162
1.495	0.69696
1.5	0.70194
1.505	0.70785
1.51	0.71297
1.515	0.71822
1.52	0.72410
1.525	0.72767
1.53	0.73342
1.535	0.73673
1.54	0.74257
1.545	0.74686
1.55	0.75141
1.555	0.75596
1.56	0.76092
1.565	0.76585
1.57	0.76875
1.575	0.77345
1.58	0.77748
1.585	0.78049
1.59	0.78487
1.595	0.78731
1.6	0.79148
1.605	0.79579
1.61	0.79768
1.615	0.80206
1.62	0.80528
1.625	0.80754
1.63	0.81072
1.635	0.81278
1.64	0.81473
1.645	0.81821
1.65	0.82054
1.655	0.82324
1.66	0.82503
1.665	0.82865
1.67	0.83149
1.675	0.83199
1.68	0.83293
1.685	0.83630
1.69	0.83610
1.695	0.83931
1.7	0.84048
1.705	0.84241
1.71	0.84419
1.715	0.84506
1.72	0.84734
1.725	0.84805
1.73	0.84874
1.735	0.84999
1.74	0.85090
1.745	0.85233
1.75	0.85262
1.755	0.85425
1.76	0.85481
1.765	0.85575
1.77	0.85635
1.775	0.85677
1.78	0.85795
1.785	0.85778
1.79	0.85949
1.795	0.85875
1.8	0.85869
1.805	0.86010
1.81	0.86120
1.815	0.85969
1.82	0.85765
1.825	0.86012
1.83	0.86022
1.835	0.86264
1.84	0.86262
1.845	0.86384
1.85	0.86542
1.855	0.86725
1.86	0.86353
1.865	0.86574
1.87	0.86857
1.875	0.86835
1.88	0.86752
1.885	0.87139
1.89	0.86829
1.895	0.86551
1.9	0.86694
1.905	0.86706
1.91	0.86616
1.915	0.86686
1.92	0.86604
1.925	0.87313
1.93	0.86801
1.935	0.86887
1.94	0.86739
1.945	0.86975
1.95	0.86915
1.955	0.86763
1.96	0.86827
1.965	0.86785
1.97	0.86835
1.975	0.86952
1.98	0.86855
1.985	0.87061
1.99	0.86916
1.995	0.86983
2	0.86996
2.005	0.87036
2.01	0.87176
2.015	0.87068
2.02	0.87058
2.025	0.87140
2.03	0.87173
2.035	0.87140
2.04	0.87151
2.045	0.87092
2.05	0.87141
2.055	0.87111
2.06	0.87094
2.065	0.87139
2.07	0.87127
2.075	0.87183
2.08	0.87216
2.085	0.87150
2.09	0.87232
2.095	0.87277
2.1	0.87439
2.105	0.87411
2.11	0.87489
2.115	0.87492
2.12	0.87495
2.125	0.87530
2.13	0.87410
2.135	0.87424
2.14	0.87442
2.145	0.87397
2.15	0.87419
2.155	0.87411
2.16	0.87380
2.165	0.87314
2.17	0.87313
2.175	0.87343
2.18	0.87367
2.185	0.87384
2.19	0.87436
2.195	0.87469
2.2	0.87500
2.205	0.87452
2.21	0.87508
2.215	0.87586
2.22	0.87646
2.225	0.87608
2.23	0.87678
2.235	0.87772
2.24	0.87736
2.245	0.87630
2.25	0.87707
2.255	0.87831
2.26	0.87799
2.265	0.87802
2.27	0.87792
2.275	0.87780
2.28	0.87778
2.285	0.87823
2.29	0.87771
2.295	0.87874
2.3	0.87947
2.305	0.88011
2.31	0.87891
2.315	0.87835
2.32	0.87839
2.325	0.87827
2.33	0.87792
2.335	0.87699
2.34	0.87775
2.345	0.87755
2.35	0.87650
2.355	0.87552
2.36	0.87646
2.365	0.87638
2.37	0.87537
2.375	0.87500
2.38	0.87567
2.385	0.87562
2.39	0.87564
2.395	0.87645
2.4	0.87625
2.405	0.87554
2.41	0.87458
2.415	0.87526
2.42	0.87615
2.425	0.87984
2.43	0.87837
2.435	0.87536
2.44	0.87769
2.445	0.87508
2.45	0.87458
2.455	0.87591
2.46	0.87278
2.465	0.87191
2.47	0.86959
2.475	0.87334
2.48	0.87406
2.485	0.87125
2.49	0.87202
2.495	0.87061
2.5	0.87078
2.505	0.86926
2.51	0.86937
2.515	0.86790
2.52	0.86631
2.525	0.86545
2.53	0.86717
2.535	0.86457
2.54	0.86461
2.545	0.87049
2.55	0.86297
2.555	0.86692
2.56	0.87016
2.565	0.86929
2.57	0.86534
2.575	0.86852
2.5766	0.86811
2.5779	0.86799
2.5792	0.86864
2.5805	0.86705
2.5817	0.86551
2.583	0.86603
2.5843	0.86491
2.5856	0.86646
2.5869	0.86636
2.5882	0.86555
2.5895	0.86656
2.5908	0.86691
2.5921	0.86553
2.5934	0.86374
2.5947	0.86099
2.596	0.86283
2.5973	0.86701
2.5986	0.86699
2.5999	0.86527
2.6012	0.86385
2.6025	0.86337
2.6038	0.86375
2.6051	0.86266
2.6064	0.86305
2.6077	0.86515
2.609	0.86485
2.6103	0.86341
2.6117	0.86402
2.613	0.86376
2.6143	0.86341
2.6156	0.86255
2.6169	0.86122
2.6183	0.86329
2.6196	0.86375
2.6209	0.86059
2.6222	0.86246
2.6236	0.86236
2.6249	0.86156
2.6262	0.86089
2.6275	0.86051
2.6289	0.86180
2.6302	0.85990
2.6315	0.85983
2.6329	0.86184
2.6342	0.86047
2.6356	0.86123
2.6369	0.86106
2.6382	0.85952
2.6396	0.85913
2.6409	0.85925
2.6423	0.85866
2.6436	0.85897
2.645	0.85847
2.6463	0.85776
2.6477	0.85786
2.649	0.85774
2.6504	0.85758
2.6517	0.85672
2.6531	0.85555
2.6544	0.85654
2.6558	0.85600
2.6572	0.85609
2.6585	0.85609
2.6599	0.85495
2.6613	0.85508
2.6626	0.85501
2.664	0.85356
2.6654	0.85124
2.6667	0.85139
2.6681	0.85285
2.6695	0.85197
2.6709	0.84869
2.6722	0.85275
2.6736	0.85371
2.675	0.85079
2.6764	0.84894
2.6778	0.84950
2.6791	0.84956
2.6805	0.84876
2.6819	0.84893
2.6833	0.84733
2.6847	0.84664
2.6861	0.84596
2.6875	0.84567
2.6889	0.84555
2.6903	0.84492
2.6917	0.84394
2.6931	0.84229
2.6945	0.84125
2.6959	0.84212
2.6973	0.84141
2.6987	0.84048
2.7001	0.83897
2.7015	0.83761
2.7029	0.83721
2.7043	0.83672
2.7057	0.83552
2.7071	0.83536
2.7085	0.83331
2.71	0.83145
2.7114	0.83012
2.7128	0.83104
2.7142	0.83042
2.7156	0.82835
2.7171	0.82637
2.7185	0.82537
2.7199	0.82333
2.7213	0.82191
2.7228	0.82442
2.7242	0.82192
2.7256	0.81957
2.7271	0.82036
2.7285	0.81881
2.7299	0.81670
2.7314	0.81561
2.7328	0.81472
2.7342	0.81236
2.7357	0.81107
2.7371	0.81118
2.7386	0.80855
2.74	0.80534
2.7415	0.80555
2.7429	0.80574
2.7444	0.80443
2.7458	0.80218
2.7473	0.80110
2.7487	0.79978
2.7502	0.79889
2.7517	0.79722
2.7531	0.79577
2.7546	0.79358
2.7561	0.79095
2.7575	0.79123
2.759	0.79097
2.7605	0.78914
2.7619	0.78699
2.7634	0.78542
2.7649	0.78459
2.7663	0.78312
2.7678	0.78109
2.7693	0.78002
2.7708	0.77901
2.7723	0.77845
2.7737	0.77788
2.7752	0.77615
2.7767	0.77439
2.7782	0.77259
2.7797	0.77148
2.7812	0.77012
2.7827	0.76910
2.7842	0.76881
2.7857	0.76797
2.7872	0.76637
2.7887	0.76658
2.7902	0.76649
2.7917	0.76570
2.7932	0.76478
2.7947	0.76349
2.7962	0.76184
2.7977	0.76132
2.7992	0.76071
2.8007	0.75988
2.8022	0.75858
2.8038	0.75816
2.8053	0.75787
2.8068	0.75718
2.8083	0.75663
2.8098	0.75637
2.8114	0.75569
2.8129	0.75498
2.8144	0.75404
2.8159	0.75354
2.8175	0.75320
2.819	0.75269
2.8205	0.75247
2.8221	0.75184
2.8236	0.75099
2.8251	0.75076
2.8267	0.75032
2.8282	0.75006
2.8298	0.74971
2.8313	0.74925
2.8329	0.74911
2.8344	0.74888
2.836	0.74837
2.8375	0.74813
2.8391	0.74760
2.8406	0.74750
2.8422	0.74715
2.8437	0.74691
2.8453	0.74665
2.8469	0.74654
2.8484	0.74613
2.85	0.74572
2.8516	0.74518
2.8531	0.74528
2.8547	0.74487
2.8563	0.74477
2.8578	0.74489
2.8594	0.74497
2.861	0.74477
2.8626	0.74462
2.8642	0.74481
2.8657	0.74458
2.8673	0.74400
2.8689	0.74402
2.8705	0.74364
2.8721	0.74368
2.8737	0.74423
2.8753	0.74460
2.8769	0.74440
2.8785	0.74480
2.8801	0.74475
2.8817	0.74476
2.8833	0.74514
2.8849	0.74540
2.8865	0.74487
2.8881	0.74460
2.8897	0.74459
2.8913	0.74502
2.8929	0.74549
2.8945	0.74602
2.8962	0.74572
2.8978	0.74587
2.8994	0.74633
2.901	0.74644
2.9027	0.74633
2.9043	0.74691
2.9059	0.74742
2.9075	0.74762
2.9092	0.74747
2.9108	0.74805
2.9124	0.74840
2.9141	0.74853
2.9157	0.74822
2.9174	0.74787
2.919	0.74821
2.9206	0.74852
2.9223	0.74867
2.9239	0.74918
2.9256	0.74964
2.9272	0.74983
2.9289	0.74972
2.9305	0.75001
2.9322	0.75014
2.9339	0.75072
2.9355	0.75061
2.9372	0.75083
2.9389	0.75098
2.9405	0.75092
2.9422	0.75104
2.9439	0.75165
2.9455	0.75252
2.9472	0.75284
2.9489	0.75259
2.9506	0.75275
2.9522	0.75258
2.9539	0.75280
2.9556	0.75307
2.9573	0.75315
2.959	0.75316
2.9607	0.75350
2.9624	0.75355
2.9641	0.75378
2.9658	0.75373
2.9674	0.75351
2.9691	0.75377
2.9709	0.75423
2.9726	0.75413
2.9743	0.75431
2.976	0.75481
2.9777	0.75513
2.9794	0.75507
2.9811	0.75517
2.9828	0.75491
2.9845	0.75505
2.9863	0.75537
2.988	0.75585
2.9897	0.75575
2.9914	0.75592
2.9931	0.75620
2.9949	0.75645
2.9966	0.75624
2.9983	0.75616
3.0001	0.75604
3.0018	0.75666
3.0036	0.75706
3.0053	0.75708
3.007	0.75719
3.0088	0.75775
3.0105	0.75798
3.0123	0.75806
3.014	0.75834
3.0158	0.75853
3.0175	0.75857
3.0193	0.75897
3.0211	0.75932
3.0228	0.75983
3.0246	0.76021
3.0263	0.76071
3.0281	0.76090
3.0299	0.76076
3.0317	0.76083
3.0334	0.76151
3.0352	0.76160
3.037	0.76206
3.0388	0.76252
3.0405	0.76258
3.0423	0.76294
3.0441	0.76351
3.0459	0.76355
3.0477	0.76364
3.0495	0.76414
3.0513	0.76440
3.0531	0.76415
3.0549	0.76430
3.0567	0.76458
3.0585	0.76469
3.0603	0.76482
3.0621	0.76539
3.0639	0.76571
3.0657	0.76582
3.0675	0.76586
3.0694	0.76594
3.0712	0.76584
3.073	0.76607
3.0748	0.76645
3.0766	0.76684
3.0785	0.76669
3.0803	0.76693
3.0821	0.76692
3.084	0.76686
3.0858	0.76704
3.0876	0.76754
3.0895	0.76754
3.0913	0.76747
3.0932	0.76773
3.095	0.76805
3.0969	0.76812
3.0987	0.76826
3.1006	0.76797
3.1024	0.76833
3.1043	0.76840
3.1061	0.76850
3.108	0.76890
3.1099	0.76916
3.1117	0.76884
3.1136	0.76883
3.1155	0.76905
3.1173	0.76936
3.1192	0.76920
3.1211	0.76931
3.123	0.76950
3.1249	0.76949
3.1267	0.76961
3.1286	0.76993
3.1305	0.77017
3.1324	0.77038
3.1343	0.77023
3.1362	0.77054
3.1381	0.77044
3.14	0.77042
3.1419	0.77068
3.1438	0.77118
3.1457	0.77117
3.1476	0.77130
3.1495	0.77128
3.1514	0.77147
3.1534	0.77140
3.1553	0.77146
3.1572	0.77125
3.1591	0.77146
3.1611	0.77153
3.163	0.77150
3.1649	0.77154
3.1669	0.77174
3.1688	0.77150
3.1707	0.77114
3.1727	0.77117
3.1746	0.77160
3.1766	0.77175
3.1785	0.77182
3.1805	0.77180
3.1824	0.77182
3.1844	0.77190
3.1863	0.77221
3.1883	0.77224
3.1902	0.77197
3.1922	0.77175
3.1942	0.77198
3.1961	0.77220
3.1981	0.77245
3.2001	0.77236
3.2021	0.77229
3.204	0.77225
3.206	0.77249
3.208	0.77229
3.21	0.77239
3.212	0.77225
3.214	0.77222
3.216	0.77202
3.218	0.77200
3.22	0.77197
3.222	0.77197
3.224	0.77174
3.226	0.77168
3.228	0.77165
3.23	0.77158
3.232	0.77151
3.234	0.77166
3.236	0.77181
3.2381	0.77177
3.2401	0.77143
3.2421	0.77115
3.2441	0.77089
3.2462	0.77093
3.2482	0.77099
3.2502	0.77101
3.2523	0.77050
3.2543	0.77050
3.2564	0.77045
3.2584	0.77029
3.2605	0.76999
3.2625	0.76984
3.2646	0.76968
3.2666	0.76937
3.2687	0.76909
3.2707	0.76876
3.2728	0.76849
3.2749	0.76866
3.277	0.76878
3.279	0.76862
3.2811	0.76816
3.2832	0.76816
3.2853	0.76823
3.2873	0.76838
3.2894	0.76794
3.2915	0.76747
3.2936	0.76712
3.2957	0.76682
3.2978	0.76608
3.2999	0.76542
3.302	0.76484
3.3041	0.76476
3.3062	0.76452
3.3083	0.76435
3.3104	0.76416
3.3125	0.76381
3.3147	0.76363
3.3168	0.76357
3.3189	0.76312
3.321	0.76274
3.3232	0.76257
3.3253	0.76207
3.3274	0.76134
3.3296	0.76095
3.3317	0.76061
3.3338	0.76025
3.336	0.75971
3.3381	0.75877
3.3403	0.75821
3.3424	0.75801
3.3446	0.75723
3.3468	0.75669
3.3489	0.75605
3.3511	0.75516
3.3533	0.75388
3.3554	0.75294
3.3576	0.75200
3.3598	0.75114
3.362	0.75029
3.3641	0.74905
3.3663	0.74735
3.3685	0.74582
3.3707	0.74396
3.3729	0.74229
3.3751	0.74099
3.3773	0.73984
3.3795	0.73917
3.3817	0.73902
3.3839	0.73910
3.3861	0.73947
3.3883	0.73984
3.3905	0.73987
3.3928	0.73943
3.395	0.73908
3.3972	0.73801
3.3994	0.73699
3.4017	0.73573
3.4039	0.73413
3.4061	0.73228
3.4084	0.73080
3.4106	0.72945
3.4129	0.72819
3.4151	0.72667
3.4174	0.72607
3.4196	0.72568
3.4219	0.72541
3.4241	0.72573
3.4264	0.72699
3.4287	0.72783
3.4309	0.72852
3.4332	0.72942
3.4355	0.73070
3.4378	0.73151
3.44	0.73214
3.4423	0.73232
3.4446	0.73250
3.4469	0.73256
3.4492	0.73271
3.4515	0.73276
3.4538	0.73264
3.4561	0.73251
3.4584	0.73278
3.4607	0.73246
3.463	0.73205
3.4653	0.73148
3.4676	0.73103
3.47	0.73060
3.4723	0.73003
3.4746	0.72929
3.477	0.72874
3.4793	0.72800
3.4816	0.72750
3.484	0.72681
3.4863	0.72628
3.4887	0.72558
3.491	0.72505
3.4934	0.72423
3.4957	0.72335
3.4981	0.72246
3.5004	0.72177
3.5028	0.72132
3.5052	0.72138
3.5075	0.72134
3.5099	0.72197
3.5123	0.72277
3.5147	0.72411
3.5171	0.72530
3.5194	0.72619
3.5218	0.72661
3.5242	0.72712
3.5266	0.72705
3.529	0.72705
3.5314	0.72703
3.5338	0.72722
3.5362	0.72716
3.5387	0.72675
3.5411	0.72636
3.5435	0.72611
3.5459	0.72575
3.5483	0.72561
3.5508	0.72545
3.5532	0.72518
3.5556	0.72461
3.5581	0.72426
3.5605	0.72402
3.563	0.72387
3.5654	0.72381
3.5679	0.72357
3.5703	0.72311
3.5728	0.72308
3.5753	0.72243
3.5777	0.72187
3.5802	0.72166
3.5827	0.72166
3.5852	0.72116
3.5876	0.72077
3.5901	0.72054
3.5926	0.72023
3.5951	0.72001
3.5976	0.71988
3.6001	0.71941
3.6026	0.71908
3.6051	0.71863
3.6076	0.71819
3.6101	0.71795
3.6126	0.71765
3.6152	0.71713
3.6177	0.71694
3.6202	0.71637
3.6227	0.71601
3.6253	0.71589
3.6278	0.71566
3.6303	0.71485
3.6329	0.71418
3.6354	0.71401
3.638	0.71368
3.6405	0.71323
3.6431	0.71276
3.6457	0.71216
3.6482	0.71218
3.6508	0.71207
3.6534	0.71173
3.6559	0.71126
3.6585	0.71099
3.6611	0.71064
3.6637	0.71058
3.6663	0.71030
3.6689	0.70986
3.6715	0.70919
3.6741	0.70897
3.6767	0.70873
3.6793	0.70845
3.6819	0.70808
3.6845	0.70804
3.6872	0.70733
3.6898	0.70675
3.6924	0.70647
3.695	0.70628
3.6977	0.70560
3.7003	0.70526
3.703	0.70497
3.7056	0.70459
3.7083	0.70403
3.7109	0.70360
3.7136	0.70307
3.7162	0.70281
3.7189	0.70204
3.7216	0.70143
3.7242	0.70127
3.7269	0.70125
3.7296	0.70089
3.7323	0.70062
3.735	0.70013
3.7377	0.69973
3.7404	0.69933
3.7431	0.69891
3.7458	0.69835
3.7485	0.69813
3.7512	0.69773
3.7539	0.69736
3.7566	0.69696
3.7593	0.69679
3.7621	0.69645
3.7648	0.69593
3.7675	0.69550
3.7703	0.69545
3.773	0.69504
3.7758	0.69455
3.7785	0.69447
3.7813	0.69436
3.784	0.69390
3.7868	0.69367
3.7896	0.69336
3.7923	0.69315
3.7951	0.69294
3.7979	0.69274
3.8007	0.69241
3.8035	0.69253
3.8063	0.69238
3.8091	0.69189
3.8119	0.69139
3.8147	0.69122
3.8175	0.69119
3.8203	0.69137
3.8231	0.69133
3.8259	0.69137
3.8288	0.69116
3.8316	0.69107
3.8344	0.69120
3.8373	0.69126
3.8401	0.69103
3.8429	0.69084
3.8458	0.69083
3.8487	0.69127
3.8515	0.69140
3.8544	0.69165
3.8572	0.69166
3.8601	0.69151
3.863	0.69159
3.8659	0.69201
3.8688	0.69210
3.8716	0.69217
3.8745	0.69219
3.8774	0.69225
3.8803	0.69218
3.8832	0.69239
3.8862	0.69254
3.8891	0.69264
3.892	0.69273
3.8949	0.69280
3.8978	0.69294
3.9008	0.69308
3.9037	0.69301
3.9067	0.69318
3.9096	0.69302
3.9126	0.69304
3.9155	0.69309
3.9185	0.69314
3.9214	0.69297
3.9244	0.69286
3.9274	0.69267
3.9304	0.69260
3.9333	0.69230
3.9363	0.69237
3.9393	0.69213
3.9423	0.69176
3.9453	0.69149
3.9483	0.69163
3.9513	0.69134
3.9543	0.69121
3.9574	0.69089
3.9604	0.69045
3.9634	0.69000
3.9664	0.68976
3.9695	0.68929
3.9725	0.68894
3.9756	0.68847
3.9786	0.68810
3.9817	0.68760
3.9847	0.68704
3.9878	0.68642
3.9909	0.68609
3.9939	0.68559
3.997	0.68496
4.0001	0.68450
4.0032	0.68411
4.0063	0.68360
4.0094	0.68334
4.0125	0.68292
4.0156	0.68281
4.0187	0.68257
4.0218	0.68300
4.0249	0.68327
4.0281	0.68366
4.0312	0.68409
4.0343	0.68462
4.0375	0.68510
4.0406	0.68565
4.0438	0.68602
4.0469	0.68647
4.0501	0.68682
4.0533	0.68727
4.0564	0.68745
4.0596	0.68774
4.0628	0.68799
4.066	0.68826
4.0692	0.68824
4.0724	0.68844
4.0756	0.68837
4.0788	0.68829
4.082	0.68802
4.0852	0.68804
4.0884	0.68785
4.0917	0.68789
4.0949	0.68780
4.0981	0.68755
4.1014	0.68716
4.1046	0.68712
4.1079	0.68693
4.1111	0.68679
4.1144	0.68662
4.1177	0.68655
4.1209	0.68621
4.1242	0.68594
4.1275	0.68566
4.1308	0.68561
4.1341	0.68533
4.1374	0.68504
4.1407	0.68466
4.144	0.68467
4.1473	0.68441
4.1506	0.68406
4.154	0.68388
4.1573	0.68375
4.1606	0.68339
4.164	0.68305
4.1673	0.68272
4.1707	0.68262
4.174	0.68230
4.1774	0.68191
4.1808	0.68163
4.1841	0.68146
4.1875	0.68103
4.1909	0.68074
4.1943	0.68029
4.1977	0.67996
4.2011	0.67933
4.2045	0.67867
4.2079	0.67783
4.2113	0.67713
4.2147	0.67605
4.2182	0.67507
4.2216	0.67423
4.225	0.67347
4.2285	0.67262
4.2319	0.67199
4.2354	0.67157
4.2389	0.67123
4.2423	0.67070
4.2458	0.67045
4.2493	0.67037
4.2528	0.67058
4.2563	0.67097
4.2598	0.67091
4.2633	0.66972
4.2668	0.66852
4.2703	0.66767
4.2738	0.66741
4.2773	0.66712
4.2809	0.66706
4.2844	0.66672
4.288	0.66641
4.2915	0.66596
4.2951	0.66600
4.2986	0.66563
4.3022	0.66536
4.3058	0.66531
4.3093	0.66545
4.3129	0.66534
4.3165	0.66514
4.3201	0.66473
4.3237	0.66470
4.3273	0.66451
4.3309	0.66437
4.3346	0.66391
4.3382	0.66358
4.3418	0.66326
4.3455	0.66298
4.3491	0.66254
4.3528	0.66221
4.3564	0.66168
4.3601	0.66132
4.3638	0.66084
4.3674	0.66032
4.3711	0.65971
4.3748	0.65936
4.3785	0.65875
4.3822	0.65812
4.3859	0.65753
4.3896	0.65712
4.3933	0.65646
4.3971	0.65613
4.4008	0.65575
4.4045	0.65541
4.4083	0.65480
4.412	0.65421
4.4158	0.65350
4.4196	0.65308
4.4233	0.65251
4.4271	0.65199
4.4309	0.65141
4.4347	0.65084
4.4385	0.65015
4.4423	0.64973
4.4461	0.64918
4.4499	0.64863
4.4537	0.64782
4.4576	0.64725
4.4614	0.64659
4.4652	0.64601
4.4691	0.64527
4.4729	0.64466
4.4768	0.64382
4.4807	0.64329
4.4845	0.64271
4.4884	0.64231
4.4923	0.64150
4.4962	0.64065
4.5001	0.63974
4.504	0.63918
4.5079	0.63841
4.5119	0.63768
4.5158	0.63687
4.5197	0.63599
4.5237	0.63515
4.5276	0.63461
4.5316	0.63395
4.5356	0.63315
4.5395	0.63205
4.5435	0.63131
4.5475	0.63057
4.5515	0.62970
4.5555	0.62866
4.5595	0.62773
4.5635	0.62677
4.5675	0.62599
4.5715	0.62501
4.5756	0.62413
4.5796	0.62313
4.5837	0.62240
4.5877	0.62160
4.5918	0.62083
4.5959	0.61984
4.5999	0.61891
4.604	0.61791
4.6081	0.61711
4.6122	0.61624
4.6163	0.61564
4.6204	0.61489
4.6246	0.61411
4.6287	0.61326
4.6328	0.61255
4.637	0.61164
4.6411	0.61080
4.6453	0.60990
4.6494	0.60921
4.6536	0.60851
4.6578	0.60774
4.662	0.60666
4.6662	0.60596
4.6704	0.60511
4.6746	0.60429
4.6788	0.60344
4.683	0.60258
4.6873	0.60160
4.6915	0.60085
4.6958	0.59975
4.7	0.59886
4.7043	0.59804
4.7086	0.59718
4.7129	0.59609
4.7171	0.59504
4.7214	0.59411
4.7257	0.59324
4.7301	0.59217
4.7344	0.59129
4.7387	0.59019
4.743	0.58935
4.7474	0.58827
4.7517	0.58704
4.7561	0.58543
4.7605	0.58435
4.7648	0.58322
4.7692	0.58202
4.7736	0.58058
4.778	0.57918
4.7824	0.57753
4.7868	0.57594
4.7913	0.57449
4.7957	0.57303
4.8001	0.57098
4.8046	0.56896
4.809	0.56695
4.8135	0.56514
4.818	0.56287
4.8225	0.56054
4.8269	0.55815
4.8314	0.55573
4.8359	0.55275
4.8405	0.54936
4.845	0.54555
4.8495	0.54149
4.8541	0.53675
4.8586	0.53142
4.8632	0.52519
4.8677	0.51842
4.8723	0.51063
4.8769	0.50229
4.8815	0.49365
4.8861	0.48485
4.8907	0.47595
4.8953	0.46741
4.8999	0.45951
4.9046	0.45220
4.9092	0.44551
4.9139	0.43927
4.9185	0.43318
4.9232	0.42747
4.9279	0.42187
4.9326	0.41667
4.9373	0.41200
4.942	0.40837
4.9467	0.40588
4.9514	0.40475
4.9562	0.40500
4.9609	0.40638
4.9656	0.40819
4.9704	0.41025
4.9752	0.41256
4.98	0.41465
4.9847	0.41653
4.9895	0.41854
4.9943	0.42025
4.9992	0.42177
5.004	0.42335
5.0088	0.42480
5.0137	0.42589
5.0185	0.42674
5.0234	0.42752
5.0283	0.42818
5.0331	0.42856
5.038	0.42888
5.0429	0.42893
5.0478	0.42890
5.0528	0.42872
5.0577	0.42838
5.0626	0.42770
5.0676	0.42675
5.0725	0.42563
5.0775	0.42420
5.0825	0.42269
5.0875	0.42116
5.0925	0.41941
5.0975	0.41762
5.1025	0.41565
5.1075	0.41359
5.1126	0.41135
5.1176	0.40908
5.1227	0.40671
5.1277	0.40428
5.1328	0.40176
5.1379	0.39892
5.143	0.39603
5.1481	0.39309
5.1532	0.39014
5.1583	0.38749
5.1635	0.38476
5.1686	0.38214
5.1738	0.37941
5.179	0.37647
5.1841	0.37350
5.1893	0.37036
5.1945	0.36713
5.1997	0.36393
5.205	0.36078
5.2102	0.35806
5.2154	0.35582
5.2207	0.35430
5.2259	0.35321
5.2312	0.35252
5.2365	0.35211
5.2418	0.35199
5.2471	0.35229
5.2524	0.35245
5.2577	0.35244
5.2631	0.35246
5.2684	0.35261
5.2738	0.35273
5.2792	0.35269
5.2845	0.35250
5.2899	0.35200
5.2953	0.35118
5.3008	0.35049
5.3062	0.34968
5.3116	0.34876
5.3171	0.34795
5.3225	0.34711
5.328	0.34618
5.3335	0.34512
5.339	0.34372
5.3445	0.34175
5.35	0.33935
5.3555	0.33663
5.361	0.33390
5.3666	0.33124
5.3722	0.32868
5.3777	0.32624
5.3833	0.32396
5.3889	0.32186
5.3945	0.31946
5.4001	0.31666
5.4058	0.31372
5.4114	0.31080
5.4171	0.30782
5.4227	0.30501
5.4284	0.30235
5.4341	0.30024
5.4398	0.29838
5.4455	0.29689
5.4512	0.29571
5.457	0.29493
5.4627	0.29444
5.4685	0.29436
5.4743	0.29476
5.4801	0.29492
5.4859	0.29521
5.4917	0.29571
5.4975	0.29604
5.5033	0.29626
5.5092	0.29618
5.515	0.29586
5.5209	0.29525
5.5268	0.29434
5.5327	0.29330
5.5386	0.29217
5.5445	0.29058
5.5505	0.28806
5.5564	0.28461
5.5624	0.28052
5.5684	0.27547
5.5743	0.26951
5.5803	0.26253
5.5864	0.25511
5.5924	0.24816
5.5984	0.24218
5.6045	0.23677
5.6105	0.23264
5.6166	0.22978
5.6227	0.22833
5.6288	0.22765
5.6349	0.22788
5.6411	0.22858
5.6472	0.23066
5.6534	0.23346
5.6595	0.23695
5.6657	0.24135
5.6719	0.24603
5.6781	0.25085
5.6844	0.25659
5.6906	0.26167
5.6969	0.26686
5.7031	0.27185
5.7094	0.27622
5.7157	0.28097
5.722	0.28603
5.7283	0.29046
5.7347	0.29448
5.741	0.29795
5.7474	0.30099
5.7538	0.30326
5.7601	0.30506
5.7666	0.30521
5.773	0.30539
5.7794	0.30536
5.7859	0.30456
5.7923	0.30357
5.7988	0.30234
5.8053	0.30100
5.8118	0.29978
5.8183	0.29833
5.8249	0.29704
5.8314	0.29637
5.838	0.29587
5.8446	0.29515
5.8512	0.29413
5.8578	0.29293
5.8644	0.29176
5.871	0.29087
5.8777	0.28998
5.8844	0.28899
5.8911	0.28995
5.8978	0.28996
5.9045	0.29069
5.9112	0.29151
5.918	0.29175
5.9247	0.29158
5.9315	0.29110
5.9383	0.28948
5.9451	0.28825
5.9519	0.28730
5.9588	0.28597
5.9656	0.28403
5.9725	0.28180
5.9794	0.27987
5.9863	0.27808
5.9932	0.27658
6.0002	0.27650
6.0071	0.27771
6.0141	0.28025
6.0211	0.28530
6.0281	0.29300
6.0351	0.30203
6.0421	0.31211
6.0492	0.32106
6.0562	0.33587
6.0633	0.34921
6.0704	0.35756
6.0775	0.36665
6.0847	0.37668
6.0918	0.38378
6.099	0.38995
6.1062	0.39512
6.1134	0.39882
6.1206	0.40319
6.1278	0.40755
6.1351	0.40995
6.1423	0.41215
6.1496	0.41392
6.1569	0.41551
6.1643	0.41635
6.1716	0.41779
6.1789	0.41831
6.1863	0.41844
6.1937	0.41893
6.2011	0.41939
6.2085	0.41918
6.216	0.41903
6.2235	0.41842
6.2309	0.41804
6.2384	0.41735
6.2459	0.41663
6.2535	0.41575
6.261	0.41524
6.2686	0.41487
6.2762	0.41514
6.2838	0.41557
6.2914	0.41632
6.2991	0.41707
6.3067	0.41841
6.3144	0.41982
6.3221	0.42134
6.3298	0.42256
6.3376	0.42358
6.3453	0.42368
6.3531	0.42451
6.3609	0.42509
6.3687	0.42476
6.3765	0.42421
6.3844	0.42437
6.3923	0.42399
6.4002	0.42377
6.4081	0.42320
6.416	0.42237
6.424	0.42330
6.4319	0.42444
6.4399	0.42475
6.4479	0.42507
6.456	0.42499
6.464	0.42523
6.4721	0.42499
6.4802	0.42467
6.4883	0.42429
6.4964	0.42407
6.5046	0.42437
6.5127	0.42496
6.5209	0.42475
6.5291	0.42493
6.5374	0.42551
6.5456	0.42607
6.5539	0.42645
6.5622	0.42714
6.5705	0.42738
6.5789	0.42801
6.5872	0.42922
6.5956	0.42977
6.604	0.43038
6.6124	0.43044
6.6209	0.43010
6.6293	0.42937
6.6378	0.42801
6.6463	0.42693
6.6549	0.42647
6.6634	0.42520
6.672	0.42334
6.6806	0.42117
6.6892	0.41902
6.6978	0.41699
6.7065	0.41474
6.7152	0.41198
6.7239	0.40950
6.7326	0.40721
6.7414	0.40466
6.7502	0.40208
6.759	0.39941
6.7678	0.39681
6.7766	0.39437
6.7855	0.39202
6.7944	0.39020
6.8033	0.38939
6.8123	0.38931
6.8212	0.38923
6.8302	0.38913
6.8392	0.38954
6.8483	0.39031
6.8573	0.39063
6.8664	0.39050
6.8755	0.39086
6.8846	0.39119
6.8938	0.39075
6.903	0.38969
6.9122	0.38821
6.9214	0.38636
6.9307	0.38411
6.9399	0.38154
6.9492	0.37910
6.9586	0.37649
6.9679	0.37334
6.9773	0.37042
6.9867	0.36762
6.9961	0.36414
7.0056	0.36046
7.0151	0.35713
7.0246	0.35394
7.0341	0.35111
7.0437	0.34899
7.0532	0.34749
7.0629	0.34692
7.0725	0.34715
7.0822	0.34739
7.0918	0.34782
7.1016	0.34805
7.1113	0.34830
7.1211	0.34822
7.1309	0.34767
7.1407	0.34670
7.1505	0.34527
7.1604	0.34356
7.1703	0.34218
7.1802	0.34069
7.1902	0.33952
7.2002	0.33847
7.2102	0.33760
7.2202	0.33695
7.2303	0.33680
7.2404	0.33695
7.2505	0.33722
7.2607	0.33734
7.2709	0.33746
7.2811	0.33715
7.2913	0.33639
7.3016	0.33533
7.3119	0.33378
7.3222	0.33170
7.3326	0.32928
7.343	0.32649
7.3534	0.32376
7.3638	0.32117
7.3743	0.31891
7.3848	0.31675
7.3953	0.31452
7.4059	0.31218
7.4165	0.30995
7.4271	0.30768
7.4378	0.30548
7.4485	0.30310
7.4592	0.30076
7.4699	0.29817
7.4807	0.29562
7.4915	0.29334
7.5024	0.29159
7.5132	0.28965
7.5241	0.28793
7.5351	0.28648
7.546	0.28549
7.557	0.28483
7.5681	0.28477
7.5791	0.28510
7.5902	0.28593
7.6014	0.28697
7.6125	0.28809
7.6237	0.28906
7.635	0.29001
7.6462	0.29089
7.6575	0.29161
7.6688	0.29205
7.6802	0.29232
7.6916	0.29206
7.703	0.29168
7.7145	0.29108
7.726	0.29031
7.7375	0.28927
7.7491	0.28800
7.7607	0.28670
7.7723	0.28552
7.784	0.28417
7.7957	0.28327
7.8074	0.28277
7.8192	0.28244
7.831	0.28220
7.8429	0.28225
7.8548	0.28226
7.8667	0.28243
7.8786	0.28245
7.8906	0.28227
7.9026	0.28174
7.9147	0.28122
7.9268	0.28033
7.939	0.27936
7.9511	0.27820
7.9633	0.27701
7.9756	0.27537
7.9879	0.27346
8.0002	0.27117
8.0126	0.26859
8.025	0.26584
8.0374	0.26315
8.0499	0.26037
8.0624	0.25765
8.075	0.25501
8.0876	0.25266
8.1002	0.25017
8.1129	0.24760
8.1256	0.24483
8.1384	0.24167
8.1512	0.23793
8.164	0.23435
8.1769	0.23071
8.1898	0.22733
8.2027	0.22403
8.2157	0.22141
8.2288	0.21905
8.2419	0.21724
8.255	0.21565
8.2682	0.21431
8.2814	0.21293
8.2946	0.21172
8.3079	0.21036
8.3212	0.20884
8.3346	0.20689
8.348	0.20483
8.3615	0.20250
8.375	0.20004
8.3886	0.19723
8.4022	0.19453
8.4158	0.19159
8.4295	0.18887
8.4432	0.18618
8.457	0.18388
8.4708	0.18181
8.4847	0.18003
8.4986	0.17804
8.5125	0.17633
8.5265	0.17441
8.5406	0.17254
8.5547	0.17032
8.5688	0.16800
8.583	0.16543
8.5972	0.16321
8.6115	0.16051
8.6258	0.15776
8.6402	0.15512
8.6546	0.15263
8.6691	0.15011
8.6836	0.14782
8.6982	0.14521
8.7128	0.14261
8.7275	0.13994
8.7422	0.13749
8.757	0.13501
8.7718	0.13293
8.7867	0.13072
8.8016	0.12863
8.8166	0.12656
8.8316	0.12493
8.8466	0.12330
8.8618	0.12235
8.8769	0.12157
8.8922	0.12128
8.9074	0.12105
8.9228	0.12187
8.9382	0.12340
8.9536	0.12574
8.9691	0.12817
8.9846	0.13145
9.0002	0.13541
9.0159	0.14012
9.0316	0.14522
9.0474	0.15108
9.0632	0.15717
9.079	0.16415
9.095	0.17160
9.111	0.17978
9.127	0.18807
9.1431	0.19673
9.1593	0.20575
9.1755	0.21533
9.1917	0.22498
9.2081	0.23456
9.2244	0.24377
9.2409	0.25268
9.2574	0.26092
9.2739	0.26846
9.2906	0.27527
9.3072	0.28124
9.324	0.28563
9.3408	0.28851
9.3576	0.28924
9.3746	0.28756
9.3915	0.28419
9.4086	0.28000
9.4257	0.27505
9.4429	0.27028
9.4601	0.26562
9.4774	0.26148
9.4948	0.25735
9.5122	0.25337
9.5297	0.24964
9.5472	0.24592
9.5648	0.24161
9.5825	0.23732
9.6003	0.23312
9.6181	0.22928
9.6359	0.22553
9.6539	0.22227
9.6719	0.21939
9.69	0.21678
9.7081	0.21413
9.7263	0.21187
9.7446	0.20993
9.763	0.20827
9.7814	0.20690
9.7999	0.20619
9.8184	0.20552
9.8371	0.20477
9.8558	0.20422
9.8745	0.20393
9.8934	0.20345
9.9123	0.20325
9.9313	0.20310
9.9504	0.20301
9.9695	0.20285
9.9887	0.20258
10.008	0.20225
10.0273	0.20217
10.0468	0.20222
10.0663	0.20298
10.0859	0.20441
10.1055	0.20729
10.1253	0.21105
10.1451	0.21380
10.165	0.21255
10.1849	0.20633
10.205	0.19693
10.2251	0.18721
10.2453	0.17945
10.2656	0.17520
10.286	0.17451
10.3064	0.17727
10.327	0.18318
10.3476	0.19214
10.3683	0.20246
10.389	0.21214
10.4099	0.21890
10.4309	0.22402
10.4519	0.23219
10.473	0.24382
10.4942	0.25318
10.5155	0.25873
10.5369	0.26137
10.5583	0.26180
10.5799	0.26072
10.6015	0.25886
10.6232	0.25630
10.645	0.25306
10.6669	0.24952
10.6889	0.24608
10.711	0.24271
10.7332	0.23912
10.7555	0.23559
10.7778	0.23199
10.8003	0.22827
10.8228	0.22475
10.8455	0.22095
10.8682	0.21736
10.891	0.21375
10.914	0.21047
10.937	0.20727
10.9601	0.20422
10.9833	0.20136
11.0067	0.19848
11.0301	0.19573
11.0536	0.19312
11.0772	0.19024
11.1009	0.18777
11.1248	0.18544
11.1487	0.18321
11.1727	0.18085
11.1968	0.17874
11.2211	0.17641
11.2454	0.17389
11.2699	0.17120
11.2944	0.16868
11.3191	0.16621
11.3438	0.16396
11.3687	0.16103
11.3937	0.15766
11.4188	0.15394
11.444	0.14947
11.4693	0.14371
11.4948	0.13692
11.5203	0.12923
11.546	0.12189
11.5717	0.11513
11.5976	0.10989
11.6236	0.10564
11.6497	0.10246
11.676	0.09946
11.7023	0.09685
11.7288	0.09448
11.7554	0.09241
11.7821	0.08979
11.809	0.08681
11.8359	0.08410
11.863	0.08303
11.8902	0.08360
11.9176	0.08519
11.945	0.08668
11.9726	0.08797
12.0003	0.08867
12.0282	0.08938
12.0561	0.08994
12.0842	0.09086
12.1125	0.09192
12.1408	0.09341
12.1693	0.09477
12.198	0.09625
12.2267	0.09766
12.2556	0.09902
12.2847	0.10029
12.3139	0.10163
12.3432	0.10286
12.3726	0.10432
12.4022	0.10583
12.432	0.10748
12.4619	0.10880
12.4919	0.11030
12.5221	0.11171
12.5524	0.11344
12.5829	0.11487
12.6135	0.11652
12.6442	0.11795
12.6751	0.11925
12.7062	0.12039
12.7374	0.12134
12.7688	0.12195
12.8003	0.12282
12.832	0.12342
12.8639	0.12401
12.8959	0.12444
12.928	0.12493
12.9603	0.12496
12.9928	0.12495
13.0255	0.12487
13.0583	0.12468
13.0913	0.12425
13.1244	0.12387
13.1577	0.12311
13.1912	0.12253
13.2248	0.12197
13.2587	0.12163
13.2927	0.12092
13.3268	0.12061
13.3612	0.12002
13.3957	0.11946
13.4304	0.11901
13.4653	0.11855
13.5004	0.11754
13.5356	0.11645
13.571	0.11567
13.6067	0.11514
13.6425	0.11421
13.6785	0.11334
13.7146	0.11238
13.751	0.11140
13.7876	0.11021
13.8244	0.10904
13.8613	0.10768
13.8985	0.10658
13.9358	0.10513
13.9734	0.10370
14.0112	0.10224
14.0491	0.10055
14.0873	0.09905
14.1257	0.09808
14.1643	0.09661
14.2031	0.09515
14.2421	0.09352
14.2814	0.09207
14.3208	0.09024
14.3605	0.08844
14.4004	0.08661
14.4405	0.08511
14.4808	0.08340
14.5214	0.08203
14.5622	0.08056
14.6032	0.07967
14.6444	0.07847
14.6859	0.07719
14.7277	0.07582
14.7696	0.07496
14.8118	0.07412
14.8543	0.07313
14.8969	0.07192
14.9399	0.07130
14.983	0.07080
15.0265	0.07064
15.0702	0.07092
15.1141	0.07237
15.1583	0.07380
15.2027	0.07557
15.2475	0.07791
15.2924	0.08157
15.3377	0.08569
15.3832	0.08978
15.429	0.09414
15.475	0.09910
15.5214	0.10354
15.568	0.10775
15.6149	0.11067
15.662	0.11283
15.7095	0.11451
15.7572	0.11567
15.8053	0.11557
15.8536	0.11460
15.9023	0.11263
15.9512	0.11008
16.0004	0.10726
16.05	0.10432
16.0998	0.10106
16.15	0.09789
16.2004	0.09401
16.2512	0.09028
16.3023	0.08657
16.3537	0.08331
16.4055	0.08000
16.4576	0.07717
16.51	0.07424
16.5627	0.07169
16.6158	0.06929
16.6692	0.06732
16.723	0.06579
16.7771	0.06509
16.8316	0.06481
16.8864	0.06644
16.9416	0.06864
16.9972	0.07180
17.0531	0.07597
17.1094	0.08153
17.166	0.08753
17.223	0.09370
17.2805	0.10025
17.3382	0.10717
17.3964	0.11453
17.455	0.12229
17.514	0.12944
17.5733	0.13663
17.6331	0.14257
17.6933	0.14722
17.7539	0.15096
17.8149	0.15403
17.8763	0.15575
17.9382	0.15689
18.0005	0.15796
18.0632	0.15953
18.1263	0.16141
18.1899	0.16420
18.254	0.16638
18.3185	0.16711
18.3835	0.16605
18.4489	0.16434
18.5148	0.16372
18.5811	0.16620
18.648	0.17022
18.7153	0.17545
18.7831	0.18152
18.8514	0.18751
18.9202	0.19178
18.9895	0.19340
19.0593	0.19183
19.1297	0.18767
19.2005	0.18197
19.2719	0.17735
19.3438	0.17109
19.4162	0.16472
19.4892	0.16022
19.5628	0.15608
19.6369	0.15127
19.7115	0.14769
19.7868	0.14552
19.8626	0.14483
19.939	0.14240
20.016	0.13734
20.0935	0.12967
20.1717	0.12089
20.2505	0.11198
20.3299	0.10345
20.41	0.09509
20.4907	0.08792
20.572	0.08128
20.6539	0.07723
20.7365	0.07562
20.8198	0.07649
20.9038	0.08002
20.9884	0.08497
21.0737	0.09006
21.1597	0.09458
21.2465	0.09804
21.3339	0.10122
21.422	0.10173
21.5109	0.09790
21.6006	0.09354
21.6909	0.09214
21.7821	0.09393
21.874	0.09940
21.9667	0.10524
22.0601	0.11418
22.1544	0.12599
22.2495	0.13951
22.3454	0.15421
22.4421	0.16618
22.5397	0.17274
22.6381	0.17679
22.7374	0.17874
22.8376	0.18010
22.9387	0.18237
23.0406	0.19015
23.1435	0.20008
23.2472	0.21128
23.352	0.22004
23.4576	0.22593
23.5643	0.23049
23.6718	0.23470
23.7804	0.23752
23.89	0.23759
24.0006	0.23517
24.1123	0.23498
24.2249	0.23254
24.3387	0.22474
24.4535	0.21064
24.5694	0.19619
24.6864	0.18219
24.8045	0.17508
24.9237	0.17143
25.0441	0.17008
25.1657	0.17142
25.2885	0.16933
25.4124	0.16078
25.5376	0.15490
25.664	0.14937
25.7917	0.14403
25.9207	0.13576
