Brown University Keck/NASA Relab Spectrum LR-CMP-169/BKR2LR169
Wavelength(micron)	Reflectance
0.28	0.04018
0.285	0.03828
0.29	0.03762
0.295	0.03736
0.3	0.03709
0.305	0.03704
0.31	0.03741
0.315	0.03822
0.32	0.03932
0.325	0.04051
0.33	0.04177
0.335	0.04325
0.34	0.04505
0.345	0.04736
0.35	0.05060
0.355	0.05533
0.36	0.06138
0.365	0.06879
0.37	0.07739
0.375	0.08688
0.38	0.09664
0.385	0.10562
0.39	0.11478
0.395	0.12283
0.4	0.12772
0.405	0.13199
0.41	0.14753
0.415	0.15685
0.42	0.16274
0.425	0.16595
0.43	0.16887
0.435	0.17261
0.44	0.17686
0.445	0.17853
0.45	0.17505
0.455	0.17491
0.46	0.18117
0.465	0.18919
0.47	0.19380
0.475	0.20231
0.48	0.21532
0.485	0.22015
0.49	0.22219
0.495	0.22275
0.5	0.22908
0.505	0.24184
0.51	0.25429
0.515	0.26503
0.52	0.27291
0.525	0.27825
0.53	0.28524
0.535	0.29462
0.54	0.30416
0.545	0.31288
0.55	0.31949
0.555	0.32591
0.56	0.33106
0.565	0.33419
0.57	0.33547
0.575	0.33664
0.58	0.33679
0.585	0.33697
0.59	0.33712
0.595	0.33700
0.6	0.33659
0.605	0.33566
0.61	0.33470
0.615	0.33373
0.62	0.33358
0.625	0.33432
0.63	0.33628
0.635	0.33979
0.64	0.34426
0.645	0.34918
0.65	0.35330
0.655	0.35666
0.66	0.35933
0.665	0.36159
0.67	0.36336
0.675	0.36509
0.68	0.36673
0.685	0.36602
0.69	0.36340
0.695	0.36060
0.7	0.35767
0.705	0.35442
0.71	0.35083
0.715	0.34648
0.72	0.34188
0.725	0.33681
0.73	0.33092
0.735	0.32465
0.74	0.31784
0.745	0.31133
0.75	0.30398
0.755	0.29580
0.76	0.28830
0.765	0.28051
0.77	0.27169
0.775	0.26313
0.78	0.25389
0.785	0.24502
0.79	0.23617
0.795	0.22740
0.8	0.21936
0.805	0.21104
0.81	0.20278
0.815	0.19516
0.82	0.18829
0.825	0.18158
0.83	0.17540
0.835	0.16956
0.84	0.16462
0.845	0.16010
0.85	0.15480
0.855	0.15103
0.86	0.14692
0.865	0.14323
0.87	0.13952
0.875	0.13688
0.88	0.13385
0.885	0.13161
0.89	0.12921
0.895	0.12692
0.9	0.12512
0.905	0.12317
0.91	0.12155
0.915	0.12002
0.92	0.11818
0.925	0.11686
0.93	0.11555
0.935	0.11369
0.94	0.11221
0.945	0.11087
0.95	0.10909
0.955	0.10722
0.96	0.10560
0.965	0.10373
0.97	0.10202
0.975	0.10085
0.98	0.09919
0.985	0.09788
0.99	0.09667
0.995	0.09540
1	0.09411
1.005	0.09281
1.01	0.09196
1.015	0.09141
1.02	0.09087
1.025	0.09020
1.03	0.08934
1.035	0.08910
1.04	0.08877
1.045	0.08882
1.05	0.08882
1.055	0.08890
1.06	0.08939
1.065	0.08983
1.07	0.09047
1.075	0.09117
1.08	0.09185
1.085	0.09241
1.09	0.09370
1.095	0.09444
1.1	0.09600
1.105	0.09708
1.11	0.09860
1.115	0.09995
1.12	0.10201
1.125	0.10342
1.13	0.10481
1.135	0.10620
1.14	0.10808
1.145	0.10973
1.15	0.11092
1.155	0.11218
1.16	0.11368
1.165	0.11512
1.17	0.11610
1.175	0.11772
1.18	0.11864
1.185	0.11942
1.19	0.12056
1.195	0.12164
1.2	0.12241
1.205	0.12328
1.21	0.12430
1.215	0.12502
1.22	0.12571
1.225	0.12650
1.23	0.12706
1.235	0.12818
1.24	0.12891
1.245	0.12975
1.25	0.13065
1.255	0.13135
1.26	0.13229
1.265	0.13317
1.27	0.13404
1.275	0.13487
1.28	0.13604
1.285	0.13720
1.29	0.13894
1.295	0.14011
1.3	0.14136
1.305	0.14280
1.31	0.14437
1.315	0.14641
1.32	0.14770
1.325	0.14937
1.33	0.15148
1.335	0.15376
1.34	0.15519
1.345	0.15700
1.35	0.15977
1.355	0.16210
1.36	0.16578
1.365	0.16668
1.37	0.16963
1.375	0.17254
1.38	0.17552
1.385	0.17738
1.39	0.18058
1.395	0.18411
1.4	0.18688
1.405	0.19032
1.41	0.19282
1.415	0.19606
1.42	0.19977
1.425	0.20332
1.43	0.20767
1.435	0.21120
1.44	0.21487
1.445	0.21875
1.45	0.22276
1.455	0.22660
1.46	0.23083
1.465	0.23461
1.47	0.23955
1.475	0.24383
1.48	0.24774
1.485	0.25265
1.49	0.25746
1.495	0.26094
1.5	0.26569
1.505	0.27072
1.51	0.27489
1.515	0.27934
1.52	0.28383
1.525	0.28842
1.53	0.29291
1.535	0.29790
1.54	0.30190
1.545	0.30621
1.55	0.31073
1.555	0.31515
1.56	0.31901
1.565	0.32364
1.57	0.32718
1.575	0.33159
1.58	0.33549
1.585	0.33954
1.59	0.34284
1.595	0.34654
1.6	0.35004
1.605	0.35377
1.61	0.35665
1.615	0.35952
1.62	0.36259
1.625	0.36553
1.63	0.36745
1.635	0.37026
1.64	0.37237
1.645	0.37558
1.65	0.37562
1.655	0.37827
1.66	0.37961
1.665	0.38173
1.67	0.38353
1.675	0.38482
1.68	0.38602
1.685	0.38715
1.69	0.38795
1.695	0.38883
1.7	0.39029
1.705	0.39126
1.71	0.39221
1.715	0.39220
1.72	0.39258
1.725	0.39346
1.73	0.39267
1.735	0.39283
1.74	0.39285
1.745	0.39262
1.75	0.39221
1.755	0.39226
1.76	0.39185
1.765	0.39067
1.77	0.39052
1.775	0.39048
1.78	0.38925
1.785	0.38926
1.79	0.38816
1.795	0.38740
1.8	0.38690
1.805	0.38567
1.81	0.38523
1.815	0.38456
1.82	0.38326
1.825	0.38261
1.83	0.38109
1.835	0.38054
1.84	0.37915
1.845	0.37841
1.85	0.37710
1.855	0.37694
1.86	0.37617
1.865	0.37504
1.87	0.37392
1.875	0.37304
1.88	0.37167
1.885	0.37054
1.89	0.36995
1.895	0.36856
1.9	0.36794
1.905	0.36686
1.91	0.36580
1.915	0.36508
1.92	0.36466
1.925	0.36392
1.93	0.36204
1.935	0.36276
1.94	0.36110
1.945	0.36146
1.95	0.36008
1.955	0.35953
1.96	0.35918
1.965	0.35837
1.97	0.35838
1.975	0.35754
1.98	0.35707
1.985	0.35663
1.99	0.35633
1.995	0.35622
2	0.35517
2.005	0.35519
2.01	0.35497
2.015	0.35517
2.02	0.35439
2.025	0.35490
2.03	0.35397
2.035	0.35421
2.04	0.35365
2.045	0.35458
2.05	0.35382
2.055	0.35348
2.06	0.35329
2.065	0.35362
2.07	0.35356
2.075	0.35400
2.08	0.35423
2.085	0.35357
2.09	0.35410
2.095	0.35473
2.1	0.35466
2.105	0.35487
2.11	0.35515
2.115	0.35526
2.12	0.35588
2.125	0.35658
2.13	0.35610
2.135	0.35758
2.14	0.35642
2.145	0.35729
2.15	0.35724
2.155	0.35765
2.16	0.35847
2.165	0.35806
2.17	0.35949
2.175	0.35963
2.18	0.36017
2.185	0.36070
2.19	0.36146
2.195	0.36219
2.2	0.36302
2.205	0.36303
2.21	0.36317
2.215	0.36440
2.22	0.36383
2.225	0.36428
2.23	0.36562
2.235	0.36638
2.24	0.36636
2.245	0.36776
2.25	0.36757
2.255	0.36858
2.26	0.36884
2.265	0.36956
2.27	0.37073
2.275	0.37108
2.28	0.37179
2.285	0.37252
2.29	0.37338
2.295	0.37431
2.3	0.37434
2.305	0.37493
2.31	0.37547
2.315	0.37659
2.32	0.37772
2.325	0.37886
2.33	0.37983
2.335	0.38076
2.34	0.38154
2.345	0.38273
2.35	0.38316
2.355	0.38374
2.36	0.38542
2.365	0.38577
2.37	0.38765
2.375	0.38815
2.38	0.38882
2.385	0.39126
2.39	0.39174
2.395	0.39374
2.4	0.39404
2.405	0.39549
2.41	0.39725
2.415	0.39813
2.42	0.39968
2.425	0.40098
2.43	0.40266
2.435	0.40404
2.44	0.40498
2.445	0.40665
2.45	0.40781
2.455	0.40864
2.46	0.41007
2.465	0.41075
2.47	0.41246
2.475	0.41276
2.48	0.41673
2.485	0.41686
2.49	0.41737
2.495	0.41911
2.5	0.41914
2.505	0.42057
2.51	0.42240
2.515	0.42369
2.52	0.42442
2.525	0.42636
2.53	0.42856
2.535	0.42995
2.54	0.43110
2.545	0.43200
2.55	0.43630
2.5519	0.43658
2.5531	0.43683
2.5544	0.43710
2.5556	0.43738
2.5569	0.43770
2.5582	0.43800
2.5594	0.43822
2.5607	0.43833
2.562	0.43854
2.5632	0.43884
2.5645	0.43911
2.5658	0.43948
2.567	0.43985
2.5683	0.44006
2.5696	0.44020
2.5709	0.44046
2.5721	0.44073
2.5734	0.44091
2.5747	0.44119
2.576	0.44141
2.5772	0.44161
2.5785	0.44189
2.5798	0.44219
2.5811	0.44245
2.5824	0.44269
2.5837	0.44286
2.5849	0.44309
2.5862	0.44333
2.5875	0.44358
2.5888	0.44385
2.5901	0.44412
2.5914	0.44443
2.5927	0.44457
2.594	0.44454
2.5953	0.44469
2.5966	0.44510
2.5979	0.44548
2.5992	0.44569
2.6005	0.44581
2.6018	0.44604
2.6031	0.44629
2.6044	0.44645
2.6057	0.44657
2.607	0.44687
2.6084	0.44711
2.6097	0.44729
2.611	0.44755
2.6123	0.44772
2.6136	0.44784
2.6149	0.44807
2.6163	0.44822
2.6176	0.44845
2.6189	0.44868
2.6202	0.44875
2.6215	0.44900
2.6229	0.44930
2.6242	0.44946
2.6255	0.44957
2.6269	0.44965
2.6282	0.44986
2.6295	0.44998
2.6309	0.45013
2.6322	0.45044
2.6335	0.45066
2.6349	0.45084
2.6362	0.45099
2.6375	0.45112
2.6389	0.45127
2.6402	0.45139
2.6416	0.45150
2.6429	0.45166
2.6443	0.45175
2.6456	0.45184
2.647	0.45207
2.6483	0.45223
2.6497	0.45239
2.651	0.45255
2.6524	0.45264
2.6537	0.45279
2.6551	0.45291
2.6565	0.45302
2.6578	0.45318
2.6592	0.45328
2.6606	0.45335
2.6619	0.45350
2.6633	0.45366
2.6646	0.45360
2.666	0.45360
2.6674	0.45382
2.6688	0.45399
2.6701	0.45383
2.6715	0.45402
2.6729	0.45439
2.6743	0.45444
2.6756	0.45443
2.677	0.45443
2.6784	0.45461
2.6798	0.45476
2.6812	0.45487
2.6826	0.45495
2.684	0.45504
2.6854	0.45506
2.6867	0.45510
2.6881	0.45519
2.6895	0.45523
2.6909	0.45531
2.6923	0.45528
2.6937	0.45523
2.6951	0.45528
2.6965	0.45531
2.6979	0.45544
2.6993	0.45551
2.7007	0.45553
2.7021	0.45556
2.7036	0.45559
2.705	0.45561
2.7064	0.45553
2.7078	0.45531
2.7092	0.45510
2.7106	0.45489
2.712	0.45491
2.7134	0.45498
2.7149	0.45488
2.7163	0.45469
2.7177	0.45466
2.7191	0.45481
2.7206	0.45465
2.722	0.45436
2.7234	0.45414
2.7249	0.45404
2.7263	0.45418
2.7277	0.45421
2.7292	0.45422
2.7306	0.45411
2.732	0.45385
2.7335	0.45372
2.7349	0.45366
2.7364	0.45358
2.7378	0.45336
2.7393	0.45306
2.7407	0.45289
2.7421	0.45283
2.7436	0.45279
2.7451	0.45261
2.7465	0.45238
2.748	0.45215
2.7494	0.45192
2.7509	0.45175
2.7523	0.45153
2.7538	0.45131
2.7553	0.45094
2.7567	0.45069
2.7582	0.45051
2.7597	0.45027
2.7611	0.44996
2.7626	0.44956
2.7641	0.44931
2.7656	0.44909
2.767	0.44883
2.7685	0.44857
2.77	0.44822
2.7715	0.44784
2.7729	0.44757
2.7744	0.44727
2.7759	0.44701
2.7774	0.44674
2.7789	0.44637
2.7804	0.44594
2.7819	0.44562
2.7834	0.44535
2.7849	0.44504
2.7864	0.44465
2.7879	0.44426
2.7894	0.44391
2.7909	0.44361
2.7924	0.44333
2.7939	0.44303
2.7954	0.44271
2.7969	0.44240
2.7984	0.44207
2.7999	0.44176
2.8014	0.44140
2.8029	0.44104
2.8044	0.44074
2.806	0.44048
2.8075	0.44016
2.809	0.43984
2.8105	0.43956
2.812	0.43927
2.8136	0.43895
2.8151	0.43867
2.8166	0.43838
2.8182	0.43810
2.8197	0.43772
2.8212	0.43744
2.8228	0.43722
2.8243	0.43691
2.8258	0.43668
2.8274	0.43641
2.8289	0.43614
2.8305	0.43585
2.832	0.43555
2.8336	0.43530
2.8351	0.43499
2.8367	0.43467
2.8382	0.43438
2.8398	0.43413
2.8413	0.43390
2.8429	0.43360
2.8444	0.43333
2.846	0.43317
2.8476	0.43292
2.8491	0.43262
2.8507	0.43235
2.8523	0.43212
2.8538	0.43188
2.8554	0.43162
2.857	0.43137
2.8586	0.43109
2.8601	0.43085
2.8617	0.43065
2.8633	0.43041
2.8649	0.43022
2.8664	0.42999
2.868	0.42975
2.8696	0.42951
2.8712	0.42931
2.8728	0.42912
2.8744	0.42888
2.876	0.42860
2.8776	0.42841
2.8792	0.42829
2.8808	0.42809
2.8824	0.42783
2.884	0.42758
2.8856	0.42742
2.8872	0.42725
2.8888	0.42710
2.8904	0.42697
2.892	0.42677
2.8936	0.42648
2.8953	0.42634
2.8969	0.42623
2.8985	0.42597
2.9001	0.42574
2.9017	0.42549
2.9034	0.42534
2.905	0.42525
2.9066	0.42510
2.9083	0.42491
2.9099	0.42473
2.9115	0.42459
2.9131	0.42444
2.9148	0.42427
2.9164	0.42418
2.9181	0.42404
2.9197	0.42377
2.9214	0.42359
2.923	0.42340
2.9246	0.42324
2.9263	0.42305
2.9279	0.42290
2.9296	0.42280
2.9313	0.42260
2.9329	0.42248
2.9346	0.42238
2.9362	0.42225
2.9379	0.42211
2.9396	0.42197
2.9412	0.42177
2.9429	0.42158
2.9446	0.42144
2.9463	0.42129
2.9479	0.42117
2.9496	0.42098
2.9513	0.42078
2.953	0.42063
2.9546	0.42049
2.9563	0.42043
2.958	0.42036
2.9597	0.42021
2.9614	0.41998
2.9631	0.41980
2.9648	0.41964
2.9665	0.41944
2.9682	0.41931
2.9699	0.41924
2.9716	0.41917
2.9733	0.41899
2.975	0.41879
2.9767	0.41862
2.9784	0.41846
2.9801	0.41830
2.9818	0.41815
2.9836	0.41806
2.9853	0.41797
2.987	0.41788
2.9887	0.41772
2.9904	0.41755
2.9921	0.41742
2.9939	0.41731
2.9956	0.41713
2.9973	0.41695
2.9991	0.41674
3.0008	0.41664
3.0026	0.41661
3.0043	0.41653
3.006	0.41639
3.0078	0.41621
3.0095	0.41605
3.0113	0.41591
3.013	0.41576
3.0148	0.41566
3.0165	0.41551
3.0183	0.41536
3.02	0.41523
3.0218	0.41511
3.0236	0.41491
3.0253	0.41475
3.0271	0.41465
3.0289	0.41456
3.0306	0.41436
3.0324	0.41421
3.0342	0.41407
3.0359	0.41390
3.0377	0.41377
3.0395	0.41370
3.0413	0.41352
3.0431	0.41333
3.0449	0.41315
3.0466	0.41302
3.0484	0.41287
3.0502	0.41275
3.052	0.41261
3.0538	0.41253
3.0556	0.41238
3.0574	0.41218
3.0592	0.41200
3.061	0.41187
3.0629	0.41168
3.0647	0.41141
3.0665	0.41126
3.0683	0.41123
3.0701	0.41110
3.0719	0.41093
3.0737	0.41079
3.0756	0.41065
3.0774	0.41051
3.0792	0.41036
3.0811	0.41018
3.0829	0.40991
3.0847	0.40975
3.0866	0.40962
3.0884	0.40946
3.0902	0.40939
3.0921	0.40932
3.0939	0.40917
3.0958	0.40901
3.0976	0.40880
3.0995	0.40860
3.1013	0.40847
3.1032	0.40834
3.105	0.40823
3.1069	0.40812
3.1088	0.40793
3.1106	0.40779
3.1125	0.40765
3.1144	0.40750
3.1162	0.40737
3.1181	0.40719
3.12	0.40710
3.1219	0.40697
3.1237	0.40679
3.1256	0.40662
3.1275	0.40645
3.1294	0.40637
3.1313	0.40626
3.1332	0.40605
3.1351	0.40590
3.137	0.40578
3.1389	0.40567
3.1408	0.40542
3.1427	0.40517
3.1446	0.40500
3.1465	0.40489
3.1484	0.40484
3.1503	0.40476
3.1522	0.40459
3.1541	0.40434
3.1561	0.40415
3.158	0.40396
3.1599	0.40376
3.1618	0.40362
3.1638	0.40355
3.1657	0.40346
3.1676	0.40325
3.1696	0.40306
3.1715	0.40292
3.1734	0.40276
3.1754	0.40253
3.1773	0.40235
3.1793	0.40218
3.1812	0.40202
3.1832	0.40188
3.1851	0.40178
3.1871	0.40163
3.1891	0.40144
3.191	0.40125
3.193	0.40098
3.1949	0.40076
3.1969	0.40071
3.1989	0.40062
3.2009	0.40042
3.2028	0.40022
3.2048	0.39998
3.2068	0.39980
3.2088	0.39968
3.2108	0.39943
3.2128	0.39922
3.2148	0.39894
3.2168	0.39867
3.2187	0.39855
3.2207	0.39841
3.2228	0.39821
3.2248	0.39799
3.2268	0.39786
3.2288	0.39767
3.2308	0.39742
3.2328	0.39714
3.2348	0.39693
3.2368	0.39676
3.2389	0.39645
3.2409	0.39615
3.2429	0.39586
3.2449	0.39571
3.247	0.39552
3.249	0.39528
3.251	0.39512
3.2531	0.39489
3.2551	0.39460
3.2572	0.39446
3.2592	0.39423
3.2613	0.39394
3.2633	0.39371
3.2654	0.39340
3.2674	0.39308
3.2695	0.39283
3.2715	0.39265
3.2736	0.39252
3.2757	0.39238
3.2778	0.39209
3.2798	0.39176
3.2819	0.39155
3.284	0.39139
3.2861	0.39113
3.2881	0.39085
3.2902	0.39051
3.2923	0.39016
3.2944	0.38984
3.2965	0.38956
3.2986	0.38916
3.3007	0.38877
3.3028	0.38845
3.3049	0.38817
3.307	0.38798
3.3091	0.38779
3.3112	0.38761
3.3134	0.38734
3.3155	0.38700
3.3176	0.38668
3.3197	0.38638
3.3218	0.38605
3.324	0.38571
3.3261	0.38533
3.3282	0.38488
3.3304	0.38450
3.3325	0.38412
3.3347	0.38370
3.3368	0.38326
3.3389	0.38279
3.3411	0.38229
3.3433	0.38172
3.3454	0.38121
3.3476	0.38065
3.3497	0.38003
3.3519	0.37939
3.3541	0.37868
3.3562	0.37791
3.3584	0.37703
3.3606	0.37596
3.3628	0.37472
3.3649	0.37328
3.3671	0.37163
3.3693	0.36989
3.3715	0.36840
3.3737	0.36738
3.3759	0.36706
3.3781	0.36715
3.3803	0.36734
3.3825	0.36762
3.3847	0.36793
3.3869	0.36802
3.3891	0.36798
3.3914	0.36778
3.3936	0.36732
3.3958	0.36658
3.398	0.36567
3.4003	0.36455
3.4025	0.36337
3.4047	0.36217
3.407	0.36092
3.4092	0.35969
3.4114	0.35850
3.4137	0.35729
3.4159	0.35629
3.4182	0.35566
3.4204	0.35525
3.4227	0.35515
3.425	0.35548
3.4272	0.35601
3.4295	0.35673
3.4318	0.35763
3.434	0.35836
3.4363	0.35887
3.4386	0.35925
3.4409	0.35940
3.4432	0.35942
3.4454	0.35947
3.4477	0.35956
3.45	0.35958
3.4523	0.35962
3.4546	0.35958
3.4569	0.35954
3.4592	0.35950
3.4615	0.35931
3.4639	0.35913
3.4662	0.35890
3.4685	0.35855
3.4708	0.35825
3.4731	0.35787
3.4755	0.35745
3.4778	0.35704
3.4801	0.35652
3.4825	0.35604
3.4848	0.35554
3.4871	0.35501
3.4895	0.35436
3.4919	0.35362
3.4942	0.35276
3.4966	0.35177
3.4989	0.35077
3.5013	0.34981
3.5036	0.34917
3.506	0.34884
3.5084	0.34895
3.5108	0.34951
3.5131	0.35036
3.5155	0.35111
3.5179	0.35158
3.5203	0.35181
3.5227	0.35190
3.5251	0.35188
3.5275	0.35169
3.5299	0.35136
3.5323	0.35113
3.5347	0.35095
3.5371	0.35064
3.5395	0.35030
3.5419	0.35006
3.5444	0.34965
3.5468	0.34925
3.5492	0.34889
3.5516	0.34845
3.5541	0.34804
3.5565	0.34771
3.5589	0.34737
3.5614	0.34699
3.5638	0.34660
3.5663	0.34614
3.5688	0.34565
3.5712	0.34523
3.5737	0.34477
3.5761	0.34431
3.5786	0.34384
3.5811	0.34338
3.5836	0.34299
3.586	0.34258
3.5885	0.34219
3.591	0.34182
3.5935	0.34143
3.596	0.34096
3.5985	0.34048
3.601	0.34001
3.6035	0.33951
3.606	0.33907
3.6085	0.33853
3.611	0.33796
3.6135	0.33752
3.616	0.33718
3.6186	0.33680
3.6211	0.33633
3.6236	0.33579
3.6261	0.33532
3.6287	0.33482
3.6312	0.33436
3.6338	0.33384
3.6363	0.33327
3.6389	0.33274
3.6414	0.33232
3.644	0.33180
3.6466	0.33119
3.6491	0.33067
3.6517	0.33020
3.6543	0.32976
3.6568	0.32933
3.6594	0.32883
3.662	0.32822
3.6646	0.32761
3.6672	0.32711
3.6698	0.32665
3.6724	0.32628
3.675	0.32587
3.6776	0.32534
3.6802	0.32479
3.6828	0.32420
3.6854	0.32373
3.688	0.32332
3.6907	0.32288
3.6933	0.32239
3.6959	0.32193
3.6986	0.32147
3.7012	0.32090
3.7039	0.32028
3.7065	0.31982
3.7091	0.31934
3.7118	0.31880
3.7145	0.31837
3.7171	0.31786
3.7198	0.31725
3.7225	0.31673
3.7251	0.31619
3.7278	0.31555
3.7305	0.31507
3.7332	0.31463
3.7359	0.31410
3.7386	0.31360
3.7413	0.31313
3.744	0.31253
3.7467	0.31183
3.7494	0.31123
3.7521	0.31080
3.7548	0.31028
3.7575	0.30982
3.7603	0.30926
3.763	0.30860
3.7657	0.30806
3.7684	0.30766
3.7712	0.30717
3.7739	0.30658
3.7767	0.30600
3.7794	0.30549
3.7822	0.30496
3.7849	0.30457
3.7877	0.30411
3.7905	0.30350
3.7933	0.30294
3.796	0.30236
3.7988	0.30177
3.8016	0.30131
3.8044	0.30078
3.8072	0.30030
3.81	0.29976
3.8128	0.29922
3.8156	0.29859
3.8184	0.29803
3.8212	0.29753
3.824	0.29708
3.8269	0.29663
3.8297	0.29604
3.8325	0.29544
3.8353	0.29508
3.8382	0.29463
3.841	0.29404
3.8439	0.29358
3.8467	0.29320
3.8496	0.29269
3.8524	0.29205
3.8553	0.29160
3.8582	0.29124
3.861	0.29068
3.8639	0.29012
3.8668	0.28963
3.8697	0.28924
3.8726	0.28869
3.8755	0.28811
3.8784	0.28760
3.8813	0.28711
3.8842	0.28656
3.8871	0.28603
3.89	0.28579
3.8929	0.28535
3.8959	0.28469
3.8988	0.28406
3.9017	0.28369
3.9047	0.28326
3.9076	0.28276
3.9106	0.28229
3.9135	0.28180
3.9164	0.28131
3.9194	0.28079
3.9224	0.28010
3.9254	0.27947
3.9283	0.27906
3.9313	0.27856
3.9343	0.27797
3.9373	0.27752
3.9403	0.27702
3.9433	0.27653
3.9463	0.27602
3.9493	0.27547
3.9523	0.27493
3.9553	0.27441
3.9583	0.27392
3.9614	0.27340
3.9644	0.27286
3.9674	0.27233
3.9705	0.27181
3.9735	0.27125
3.9766	0.27069
3.9796	0.27015
3.9826	0.26963
3.9857	0.26908
3.9888	0.26850
3.9919	0.26794
3.9949	0.26742
3.998	0.26683
4.0011	0.26627
4.0042	0.26571
4.0073	0.26511
4.0104	0.26451
4.0135	0.26395
4.0166	0.26339
4.0197	0.26284
4.0228	0.26226
4.0259	0.26170
4.0291	0.26115
4.0322	0.26060
4.0353	0.26005
4.0385	0.25954
4.0416	0.25903
4.0448	0.25852
4.0479	0.25801
4.0511	0.25751
4.0543	0.25701
4.0574	0.25653
4.0606	0.25607
4.0638	0.25562
4.067	0.25517
4.0702	0.25473
4.0734	0.25428
4.0766	0.25388
4.0798	0.25343
4.083	0.25298
4.0862	0.25252
4.0894	0.25208
4.0927	0.25162
4.0959	0.25115
4.0991	0.25065
4.1024	0.25017
4.1056	0.24970
4.1089	0.24920
4.1121	0.24869
4.1154	0.24820
4.1187	0.24771
4.122	0.24726
4.1252	0.24676
4.1285	0.24628
4.1318	0.24574
4.1351	0.24522
4.1384	0.24474
4.1417	0.24426
4.145	0.24374
4.1483	0.24323
4.1516	0.24269
4.155	0.24214
4.1583	0.24165
4.1616	0.24118
4.165	0.24066
4.1683	0.24016
4.1717	0.23964
4.175	0.23912
4.1784	0.23858
4.1818	0.23809
4.1852	0.23757
4.1885	0.23705
4.1919	0.23651
4.1953	0.23598
4.1987	0.23547
4.2021	0.23497
4.2055	0.23443
4.2089	0.23393
4.2124	0.23338
4.2158	0.23281
4.2192	0.23226
4.2226	0.23170
4.2261	0.23113
4.2295	0.23060
4.233	0.23005
4.2365	0.22954
4.2399	0.22906
4.2434	0.22860
4.2469	0.22813
4.2503	0.22767
4.2538	0.22720
4.2573	0.22674
4.2608	0.22621
4.2643	0.22569
4.2678	0.22514
4.2713	0.22460
4.2749	0.22409
4.2784	0.22357
4.2819	0.22303
4.2855	0.22256
4.289	0.22208
4.2926	0.22160
4.2961	0.22110
4.2997	0.22061
4.3033	0.22012
4.3068	0.21965
4.3104	0.21915
4.314	0.21863
4.3176	0.21813
4.3212	0.21766
4.3248	0.21716
4.3284	0.21668
4.332	0.21620
4.3356	0.21572
4.3393	0.21522
4.3429	0.21472
4.3465	0.21423
4.3502	0.21375
4.3538	0.21325
4.3575	0.21277
4.3611	0.21229
4.3648	0.21180
4.3685	0.21130
4.3722	0.21081
4.3759	0.21032
4.3796	0.20984
4.3833	0.20937
4.387	0.20893
4.3907	0.20844
4.3944	0.20794
4.3981	0.20746
4.4019	0.20699
4.4056	0.20649
4.4094	0.20603
4.4131	0.20556
4.4169	0.20511
4.4206	0.20465
4.4244	0.20419
4.4282	0.20371
4.432	0.20325
4.4358	0.20278
4.4396	0.20231
4.4434	0.20185
4.4472	0.20140
4.451	0.20093
4.4548	0.20046
4.4586	0.20001
4.4625	0.19955
4.4663	0.19908
4.4702	0.19864
4.474	0.19818
4.4779	0.19772
4.4818	0.19723
4.4856	0.19676
4.4895	0.19633
4.4934	0.19586
4.4973	0.19540
4.5012	0.19494
4.5051	0.19444
4.509	0.19400
4.513	0.19355
4.5169	0.19307
4.5208	0.19257
4.5248	0.19210
4.5287	0.19163
4.5327	0.19115
4.5367	0.19065
4.5406	0.19015
4.5446	0.18964
4.5486	0.18912
4.5526	0.18864
4.5566	0.18810
4.5606	0.18757
4.5646	0.18707
4.5686	0.18653
4.5727	0.18599
4.5767	0.18546
4.5808	0.18493
4.5848	0.18440
4.5889	0.18389
4.5929	0.18336
4.597	0.18282
4.6011	0.18225
4.6052	0.18170
4.6093	0.18114
4.6134	0.18059
4.6175	0.18002
4.6216	0.17946
4.6257	0.17890
4.6298	0.17835
4.634	0.17776
4.6381	0.17715
4.6423	0.17658
4.6464	0.17603
4.6506	0.17545
4.6548	0.17486
4.659	0.17426
4.6631	0.17368
4.6673	0.17308
4.6715	0.17248
4.6758	0.17188
4.68	0.17129
4.6842	0.17068
4.6884	0.17008
4.6927	0.16950
4.6969	0.16893
4.7012	0.16833
4.7055	0.16772
4.7097	0.16710
4.714	0.16650
4.7183	0.16590
4.7226	0.16531
4.7269	0.16472
4.7312	0.16415
4.7355	0.16359
4.7399	0.16304
4.7442	0.16248
4.7485	0.16196
4.7529	0.16146
4.7573	0.16094
4.7616	0.16041
4.766	0.15993
4.7704	0.15943
4.7748	0.15895
4.7792	0.15845
4.7836	0.15795
4.788	0.15744
4.7924	0.15693
4.7969	0.15640
4.8013	0.15590
4.8058	0.15539
4.8102	0.15486
4.8147	0.15432
4.8191	0.15378
4.8236	0.15321
4.8281	0.15263
4.8326	0.15207
4.8371	0.15150
4.8416	0.15090
4.8462	0.15030
4.8507	0.14968
4.8553	0.14907
4.8598	0.14848
4.8644	0.14786
4.8689	0.14725
4.8735	0.14665
4.8781	0.14604
4.8827	0.14542
4.8873	0.14476
4.8919	0.14410
4.8965	0.14342
4.9011	0.14269
4.9058	0.14194
4.9104	0.14114
4.9151	0.14031
4.9197	0.13945
4.9244	0.13852
4.9291	0.13756
4.9338	0.13657
4.9385	0.13555
4.9432	0.13452
4.9479	0.13347
4.9526	0.13238
4.9574	0.13128
4.9621	0.13017
4.9669	0.12910
4.9716	0.12804
4.9764	0.12698
4.9812	0.12596
4.986	0.12501
4.9908	0.12410
4.9956	0.12322
5.0004	0.12240
5.0052	0.12166
5.01	0.12097
5.0149	0.12035
5.0198	0.11978
5.0246	0.11930
5.0295	0.11884
5.0344	0.11844
5.0393	0.11807
5.0442	0.11773
5.0491	0.11745
5.054	0.11720
5.0589	0.11694
5.0639	0.11672
5.0688	0.11651
5.0738	0.11632
5.0788	0.11612
5.0837	0.11593
5.0887	0.11575
5.0937	0.11554
5.0987	0.11533
5.1037	0.11514
5.1088	0.11492
5.1138	0.11469
5.1189	0.11443
5.1239	0.11416
5.129	0.11388
5.1341	0.11362
5.1391	0.11330
5.1443	0.11296
5.1494	0.11260
5.1545	0.11224
5.1596	0.11186
5.1647	0.11145
5.1699	0.11101
5.175	0.11059
5.1802	0.11015
5.1854	0.10971
5.1906	0.10926
5.1958	0.10878
5.201	0.10829
5.2062	0.10781
5.2115	0.10736
5.2167	0.10691
5.222	0.10645
5.2272	0.10599
5.2325	0.10554
5.2378	0.10509
5.2431	0.10463
5.2484	0.10416
5.2537	0.10369
5.259	0.10326
5.2644	0.10283
5.2697	0.10243
5.2751	0.10207
5.2805	0.10172
5.2858	0.10144
5.2912	0.10120
5.2966	0.10099
5.302	0.10084
5.3075	0.10070
5.3129	0.10060
5.3184	0.10052
5.3238	0.10046
5.3293	0.10039
5.3348	0.10033
5.3403	0.10028
5.3458	0.10023
5.3513	0.10019
5.3568	0.10013
5.3624	0.10004
5.3679	0.09995
5.3735	0.09984
5.379	0.09969
5.3846	0.09953
5.3902	0.09934
5.3958	0.09912
5.4015	0.09888
5.4071	0.09863
5.4127	0.09834
5.4184	0.09803
5.4241	0.09771
5.4297	0.09737
5.4354	0.09701
5.4411	0.09663
5.4469	0.09625
5.4526	0.09584
5.4583	0.09545
5.4641	0.09512
5.4698	0.09479
5.4756	0.09444
5.4814	0.09410
5.4872	0.09383
5.493	0.09358
5.4988	0.09333
5.5047	0.09311
5.5105	0.09292
5.5164	0.09273
5.5223	0.09258
5.5281	0.09244
5.534	0.09226
5.54	0.09209
5.5459	0.09188
5.5518	0.09164
5.5578	0.09136
5.5637	0.09101
5.5697	0.09061
5.5757	0.09019
5.5817	0.08973
5.5877	0.08919
5.5937	0.08858
5.5998	0.08796
5.6058	0.08731
5.6119	0.08659
5.618	0.08587
5.6241	0.08521
5.6302	0.08453
5.6363	0.08388
5.6424	0.08336
5.6486	0.08295
5.6547	0.08258
5.6609	0.08226
5.6671	0.08207
5.6733	0.08201
5.6795	0.08209
5.6857	0.08225
5.692	0.08254
5.6982	0.08297
5.7045	0.08350
5.7108	0.08408
5.7171	0.08476
5.7234	0.08548
5.7297	0.08622
5.7361	0.08695
5.7424	0.08772
5.7488	0.08846
5.7551	0.08916
5.7615	0.08978
5.768	0.09042
5.7744	0.09098
5.7808	0.09138
5.7873	0.09169
5.7937	0.09191
5.8002	0.09202
5.8067	0.09201
5.8132	0.09191
5.8197	0.09173
5.8263	0.09150
5.8328	0.09123
5.8394	0.09094
5.846	0.09061
5.8526	0.09027
5.8592	0.08993
5.8658	0.08961
5.8725	0.08932
5.8791	0.08900
5.8858	0.08866
5.8925	0.08831
5.8992	0.08799
5.9059	0.08770
5.9126	0.08739
5.9194	0.08712
5.9262	0.08687
5.9329	0.08664
5.9397	0.08646
5.9465	0.08627
5.9534	0.08606
5.9602	0.08589
5.9671	0.08571
5.974	0.08550
5.9808	0.08524
5.9878	0.08497
5.9947	0.08471
6.0016	0.08445
6.0086	0.08418
6.0155	0.08394
6.0225	0.08379
6.0295	0.08377
6.0365	0.08389
6.0436	0.08414
6.0506	0.08470
6.0577	0.08550
6.0648	0.08643
6.0719	0.08760
6.079	0.08897
6.0861	0.09041
6.0933	0.09193
6.1005	0.09347
6.1076	0.09497
6.1149	0.09642
6.1221	0.09776
6.1293	0.09893
6.1365	0.10002
6.1438	0.10098
6.1511	0.10185
6.1584	0.10258
6.1657	0.10324
6.1731	0.10380
6.1804	0.10428
6.1878	0.10475
6.1952	0.10519
6.2026	0.10551
6.21	0.10581
6.2175	0.10607
6.225	0.10633
6.2324	0.10657
6.2399	0.10682
6.2475	0.10705
6.255	0.10726
6.2625	0.10747
6.2701	0.10770
6.2777	0.10789
6.2853	0.10807
6.293	0.10823
6.3006	0.10840
6.3083	0.10855
6.3159	0.10871
6.3236	0.10889
6.3314	0.10905
6.3391	0.10917
6.3469	0.10937
6.3546	0.10956
6.3624	0.10971
6.3703	0.10986
6.3781	0.11002
6.3859	0.11016
6.3938	0.11031
6.4017	0.11037
6.4096	0.11049
6.4176	0.11069
6.4255	0.11084
6.4335	0.11098
6.4415	0.11115
6.4495	0.11126
6.4575	0.11137
6.4656	0.11144
6.4736	0.11151
6.4817	0.11158
6.4898	0.11164
6.498	0.11172
6.5061	0.11180
6.5143	0.11180
6.5225	0.11185
6.5307	0.11189
6.5389	0.11191
6.5472	0.11195
6.5555	0.11195
6.5638	0.11194
6.5721	0.11193
6.5804	0.11196
6.5888	0.11198
6.5972	0.11202
6.6056	0.11210
6.614	0.11220
6.6225	0.11233
6.6309	0.11251
6.6394	0.11275
6.6479	0.11302
6.6565	0.11328
6.665	0.11352
6.6736	0.11376
6.6822	0.11398
6.6908	0.11418
6.6995	0.11434
6.7081	0.11452
6.7168	0.11470
6.7255	0.11478
6.7343	0.11478
6.743	0.11473
6.7518	0.11467
6.7606	0.11452
6.7694	0.11430
6.7783	0.11403
6.7871	0.11371
6.796	0.11335
6.805	0.11294
6.8139	0.11254
6.8229	0.11215
6.8319	0.11175
6.8409	0.11133
6.8499	0.11087
6.859	0.11043
6.868	0.11004
6.8772	0.10963
6.8863	0.10921
6.8955	0.10885
6.9046	0.10858
6.9138	0.10834
6.9231	0.10810
6.9323	0.10788
6.9416	0.10765
6.9509	0.10735
6.9602	0.10708
6.9696	0.10680
6.979	0.10646
6.9884	0.10610
6.9978	0.10567
7.0073	0.10520
7.0168	0.10471
7.0263	0.10418
7.0358	0.10362
7.0454	0.10302
7.0549	0.10237
7.0645	0.10173
7.0742	0.10106
7.0839	0.10038
7.0935	0.09974
7.1033	0.09913
7.113	0.09853
7.1228	0.09795
7.1326	0.09739
7.1424	0.09693
7.1522	0.09651
7.1621	0.09610
7.172	0.09571
7.182	0.09533
7.1919	0.09494
7.2019	0.09460
7.2119	0.09425
7.222	0.09386
7.232	0.09340
7.2421	0.09289
7.2523	0.09240
7.2624	0.09196
7.2726	0.09148
7.2828	0.09095
7.2931	0.09044
7.3033	0.08996
7.3136	0.08944
7.324	0.08892
7.3343	0.08841
7.3447	0.08789
7.3551	0.08734
7.3656	0.08673
7.3761	0.08610
7.3866	0.08548
7.3971	0.08484
7.4077	0.08418
7.4183	0.08347
7.4289	0.08273
7.4396	0.08200
7.4503	0.08129
7.461	0.08055
7.4717	0.07981
7.4825	0.07906
7.4933	0.07833
7.5042	0.07756
7.515	0.07680
7.5259	0.07608
7.5369	0.07538
7.5479	0.07466
7.5589	0.07397
7.5699	0.07331
7.581	0.07270
7.592	0.07213
7.6032	0.07162
7.6143	0.07117
7.6255	0.07076
7.6368	0.07036
7.648	0.07005
7.6593	0.06980
7.6707	0.06963
7.682	0.06946
7.6934	0.06935
7.7049	0.06925
7.7163	0.06916
7.7278	0.06911
7.7394	0.06906
7.7509	0.06894
7.7625	0.06883
7.7742	0.06871
7.7858	0.06854
7.7975	0.06832
7.8093	0.06809
7.8211	0.06787
7.8329	0.06759
7.8447	0.06727
7.8566	0.06689
7.8685	0.06647
7.8805	0.06600
7.8925	0.06550
7.9045	0.06503
7.9166	0.06462
7.9287	0.06428
7.9408	0.06406
7.953	0.06394
7.9652	0.06378
7.9775	0.06357
7.9898	0.06329
8.0021	0.06297
8.0145	0.06261
8.0269	0.06222
8.0393	0.06178
8.0518	0.06130
8.0643	0.06075
8.0769	0.06020
8.0895	0.05962
8.1021	0.05897
8.1148	0.05827
8.1275	0.05756
8.1403	0.05682
8.1531	0.05608
8.1659	0.05527
8.1788	0.05453
8.1917	0.05380
8.2047	0.05302
8.2177	0.05223
8.2307	0.05150
8.2438	0.05077
8.2569	0.05005
8.2701	0.04934
8.2833	0.04869
8.2966	0.04798
8.3099	0.04727
8.3232	0.04664
8.3366	0.04603
8.35	0.04539
8.3635	0.04478
8.377	0.04418
8.3905	0.04360
8.4042	0.04301
8.4178	0.04245
8.4315	0.04194
8.4452	0.04142
8.459	0.04090
8.4728	0.04039
8.4867	0.03986
8.5006	0.03937
8.5145	0.03893
8.5285	0.03856
8.5426	0.03825
8.5567	0.03807
8.5708	0.03793
8.585	0.03793
8.5993	0.03804
8.6135	0.03830
8.6279	0.03870
8.6423	0.03928
8.6567	0.04001
8.6712	0.04089
8.6857	0.04192
8.7003	0.04314
8.7149	0.04449
8.7296	0.04598
8.7443	0.04755
8.759	0.04915
8.7739	0.05077
8.7887	0.05233
8.8037	0.05369
8.8186	0.05479
8.8337	0.05563
8.8487	0.05637
8.8638	0.05724
8.879	0.05838
8.8943	0.05960
8.9095	0.06075
8.9249	0.06171
8.9403	0.06247
8.9557	0.06304
8.9712	0.06353
8.9867	0.06399
9.0023	0.06440
9.018	0.06477
9.0337	0.06511
9.0495	0.06535
9.0653	0.06558
9.0812	0.06585
9.0971	0.06622
9.1131	0.06670
9.1291	0.06725
9.1452	0.06797
9.1614	0.06889
9.1776	0.07000
9.1939	0.07132
9.2102	0.07284
9.2266	0.07461
9.243	0.07670
9.2595	0.07903
9.2761	0.08164
9.2927	0.08468
9.3094	0.08815
9.3262	0.09204
9.343	0.09638
9.3598	0.10127
9.3768	0.10681
9.3937	0.11305
9.4108	0.12000
9.4279	0.12745
9.4451	0.13518
9.4623	0.14289
9.4796	0.15015
9.497	0.15658
9.5144	0.16204
9.5319	0.16633
9.5494	0.16949
9.567	0.17173
9.5847	0.17328
9.6025	0.17434
9.6203	0.17502
9.6382	0.17543
9.6561	0.17577
9.6742	0.17603
9.6922	0.17624
9.7104	0.17634
9.7286	0.17634
9.7469	0.17628
9.7652	0.17615
9.7837	0.17590
9.8022	0.17563
9.8207	0.17530
9.8394	0.17492
9.8581	0.17448
9.8768	0.17406
9.8957	0.17371
9.9146	0.17340
9.9336	0.17314
9.9527	0.17312
9.9718	0.17325
9.991	0.17352
10.0103	0.17398
10.0297	0.17452
10.0491	0.17513
10.0686	0.17581
10.0882	0.17654
10.1079	0.17748
10.1276	0.17867
10.1475	0.18036
10.1673	0.18286
10.1873	0.18643
10.2074	0.19132
10.2275	0.19783
10.2477	0.20562
10.268	0.21401
10.2884	0.22180
10.3088	0.22802
10.3294	0.23200
10.35	0.23337
10.3707	0.23214
10.3915	0.22848
10.4123	0.22277
10.4333	0.21610
10.4543	0.20922
10.4754	0.20291
10.4967	0.19790
10.5179	0.19485
10.5393	0.19487
10.5608	0.19970
10.5823	0.21024
10.604	0.22527
10.6257	0.24194
10.6475	0.25802
10.6694	0.27197
10.6914	0.28305
10.7135	0.29126
10.7357	0.29672
10.758	0.29969
10.7803	0.30082
10.8028	0.30013
10.8254	0.29823
10.848	0.29538
10.8708	0.29186
10.8936	0.28812
10.9165	0.28430
10.9395	0.28059
10.9627	0.27729
10.9859	0.27424
11.0092	0.27160
11.0327	0.26931
11.0562	0.26734
11.0798	0.26569
11.1035	0.26420
11.1274	0.26282
11.1513	0.26146
11.1753	0.25997
11.1995	0.25862
11.2237	0.25710
11.248	0.25524
11.2725	0.25285
11.297	0.24974
11.3217	0.24591
11.3465	0.24121
11.3714	0.23542
11.3964	0.22874
11.4215	0.22126
11.4467	0.21327
11.472	0.20486
11.4975	0.19605
11.523	0.18693
11.5487	0.17771
11.5744	0.16871
11.6003	0.16038
11.6263	0.15286
11.6525	0.14619
11.6787	0.14032
11.7051	0.13498
11.7316	0.13011
11.7582	0.12556
11.7849	0.12103
11.8117	0.11646
11.8387	0.11189
11.8658	0.10803
11.893	0.10594
11.9203	0.10656
11.9478	0.10966
11.9754	0.11298
12.0031	0.11415
12.031	0.11276
12.059	0.10991
12.0871	0.10668
12.1153	0.10362
12.1437	0.10088
12.1722	0.09844
12.2008	0.09624
12.2296	0.09423
12.2585	0.09236
12.2876	0.09059
12.3168	0.08895
12.3461	0.08754
12.3755	0.08620
12.4051	0.08489
12.4349	0.08371
12.4648	0.08258
12.4948	0.08138
12.525	0.08033
12.5553	0.07939
12.5858	0.07852
12.6164	0.07771
12.6472	0.07692
12.6781	0.07612
12.7092	0.07541
12.7404	0.07470
12.7718	0.07402
12.8033	0.07346
12.835	0.07287
12.8669	0.07220
12.8989	0.07168
12.9311	0.07113
12.9634	0.07049
12.9959	0.06998
13.0285	0.06953
13.0613	0.06900
13.0943	0.06842
13.1275	0.06773
13.1608	0.06716
13.1943	0.06659
13.2279	0.06592
13.2618	0.06516
13.2958	0.06434
13.33	0.06349
13.3643	0.06271
13.3988	0.06202
13.4336	0.06126
13.4685	0.06043
13.5035	0.05971
13.5388	0.05906
13.5742	0.05853
13.6099	0.05827
13.6457	0.05814
13.6817	0.05792
13.7179	0.05760
13.7543	0.05717
13.7909	0.05674
13.8276	0.05624
13.8646	0.05561
13.9018	0.05496
13.9392	0.05427
13.9767	0.05345
14.0145	0.05267
14.0525	0.05189
14.0907	0.05099
14.129	0.05017
14.1677	0.04945
14.2065	0.04863
14.2455	0.04773
14.2847	0.04685
14.3242	0.04609
14.3639	0.04531
14.4038	0.04464
14.4439	0.04395
14.4843	0.04312
14.5248	0.04225
14.5656	0.04143
14.6067	0.04065
14.6479	0.03997
14.6894	0.03928
14.7312	0.03873
14.7731	0.03824
14.8153	0.03774
14.8578	0.03716
14.9005	0.03643
14.9434	0.03553
14.9866	0.03477
15.03	0.03400
15.0737	0.03321
15.1177	0.03260
15.1619	0.03212
15.2063	0.03162
15.2511	0.03134
15.2961	0.03139
15.3413	0.03185
15.3868	0.03250
15.4326	0.03339
15.4787	0.03453
15.525	0.03589
15.5717	0.03752
15.6186	0.03955
15.6658	0.04199
15.7132	0.04516
15.761	0.04904
15.809	0.05340
15.8574	0.05818
15.906	0.06331
15.955	0.06839
16.0042	0.07336
16.0538	0.07787
16.1036	0.08180
16.1538	0.08529
16.2043	0.08826
16.2551	0.09079
16.3062	0.09293
16.3576	0.09451
16.4094	0.09573
16.4615	0.09608
16.5139	0.09584
16.5667	0.09544
16.6198	0.09458
16.6732	0.09345
16.727	0.09244
16.7811	0.09156
16.8356	0.09106
16.8905	0.09102
16.9457	0.09105
17.0012	0.09118
17.0572	0.09121
17.1135	0.09086
17.1701	0.09060
17.2272	0.09051
17.2846	0.09061
17.3424	0.09119
17.4006	0.09262
17.4592	0.09486
17.5182	0.09787
17.5775	0.10158
17.6373	0.10606
17.6975	0.11118
17.7581	0.11696
17.8192	0.12319
17.8806	0.12997
17.9425	0.13743
18.0048	0.14504
18.0675	0.15242
18.1307	0.15978
18.1943	0.16713
18.2584	0.17472
18.3229	0.18252
18.3879	0.19026
18.4533	0.19739
18.5192	0.20361
18.5856	0.20871
18.6524	0.21245
18.7198	0.21514
18.7876	0.21703
18.8559	0.21822
18.9248	0.21853
18.9941	0.21852
19.0639	0.21810
19.1343	0.21802
19.2051	0.21770
19.2765	0.21694
19.3484	0.21527
19.4209	0.21229
19.4939	0.20852
19.5675	0.20439
19.6416	0.20019
19.7163	0.19579
19.7915	0.19108
19.8674	0.18666
19.9438	0.18343
20.0208	0.18166
20.0984	0.18142
20.1766	0.18206
20.2554	0.18319
20.3348	0.18320
20.4149	0.18204
20.4956	0.17972
20.5769	0.17569
20.6589	0.17026
20.7416	0.16416
20.8248	0.15741
20.9088	0.15012
20.9934	0.14307
21.0788	0.13635
21.1648	0.12957
21.2516	0.12319
21.339	0.11796
21.4272	0.11404
21.5161	0.11065
21.6058	0.10800
21.6962	0.10608
21.7873	0.10463
21.8793	0.10345
21.972	0.10245
22.0655	0.10125
22.1598	0.09944
22.2549	0.09774
22.3508	0.09671
22.4475	0.09518
22.5451	0.09398
22.6436	0.09394
22.7429	0.09495
22.8431	0.09733
22.9442	0.10146
23.0461	0.10707
23.149	0.11448
23.2528	0.12262
23.3576	0.13081
23.4633	0.13860
23.5699	0.14613
23.6776	0.15339
23.7862	0.16073
23.8958	0.16879
24.0064	0.17719
24.1181	0.18544
24.2308	0.19364
24.3445	0.20158
24.4594	0.20792
24.5753	0.21148
24.6923	0.21297
24.8104	0.21277
24.9297	0.21171
25.0502	0.21060
25.1718	0.20971
25.2946	0.20828
25.4186	0.20569
25.5438	0.20050
25.6702	0.19345
25.7979	0.18494
25.9269	0.17668
26.0572	0.16971
26.1888	0.16291
26.3217	0.15660
26.456	0.15105
26.5917	0.14660
26.7288	0.14380
26.8673	0.14282
27.0072	0.14300
27.1486	0.14488
27.2915	0.14855
27.4359	0.15316
27.5818	0.15873
27.7293	0.16510
27.8784	0.17164
28.0291	0.17751
28.1814	0.18243
28.3354	0.18689
28.4911	0.19057
28.6485	0.19293
28.8077	0.19436
28.9686	0.19479
29.1313	0.19393
29.2959	0.19295
29.4624	0.19174
29.6307	0.19025
29.801	0.18848
29.9733	0.18530
30.1476	0.18244
30.3239	0.17985
30.5023	0.17653
30.6828	0.17301
30.8654	0.16919
31.0502	0.16509
31.2372	0.16160
31.4265	0.15886
31.6182	0.15648
31.8121	0.15318
32.0085	0.15044
32.2073	0.14903
32.4086	0.14791
32.6125	0.14561
32.8189	0.14407
33.0279	0.14167
33.2396	0.13970
33.4541	0.13883
33.6713	0.13844
33.8914	0.13756
34.1143	0.13701
34.3403	0.13686
34.5692	0.13745
34.8012	0.13834
35.0363	0.13886
35.2747	0.13868
35.5163	0.13847
35.7613	0.13849
36.0096	0.13930
36.2614	0.13946
36.5168	0.13957
36.7758	0.13854
37.0385	0.13685
37.3049	0.13534
37.5752	0.13522
37.8495	0.13524
38.1278	0.13521
38.4102	0.13515
38.6968	0.13398
38.9878	0.13391
39.2832	0.13566
39.5831	0.13517
39.8876	0.13449
40.1968	0.13433
40.5108	0.13588
40.8298	0.13671
41.1539	0.13808
41.4831	0.13914
41.8176	0.13771
42.1575	0.13666
42.5031	0.13626
42.8544	0.13575
43.2115	0.13570
43.5746	0.13491
43.9439	0.13417
44.3196	0.13148
44.7016	0.13067
45.0903	0.13189
45.4859	0.13251
45.8884	0.13154
46.2981	0.12966
46.7152	0.13014
47.1398	0.13139
47.5723	0.13010
48.0128	0.13154
48.4615	0.13204
48.9187	0.13074
49.3846	0.13359
49.8594	0.13325
