Brown University Keck/NASA Relab Spectrum PO-JFM-084-E/LEPO84
Wavelength(micron)	Reflectance
0.3	0.15216
0.305	0.16541
0.31	0.18538
0.315	0.20919
0.32	0.23718
0.325	0.26987
0.33	0.30610
0.335	0.34393
0.34	0.38218
0.345	0.41764
0.35	0.45342
0.355	0.48481
0.36	0.50832
0.365	0.52523
0.37	0.53503
0.375	0.53900
0.38	0.54190
0.385	0.54593
0.39	0.55863
0.395	0.57064
0.4	0.57781
0.405	0.60063
0.41	0.61374
0.415	0.62255
0.42	0.62996
0.425	0.63501
0.43	0.64138
0.435	0.64714
0.44	0.65831
0.445	0.65735
0.45	0.66166
0.455	0.66907
0.46	0.68138
0.465	0.69015
0.47	0.69524
0.475	0.70847
0.48	0.71716
0.485	0.71212
0.49	0.71026
0.495	0.71254
0.5	0.73617
0.505	0.74831
0.51	0.75280
0.515	0.75566
0.52	0.75893
0.525	0.76054
0.53	0.76664
0.535	0.77322
0.54	0.77966
0.545	0.78656
0.55	0.79037
0.555	0.79010
0.56	0.79300
0.565	0.79080
0.57	0.78785
0.575	0.78297
0.58	0.77773
0.585	0.77219
0.59	0.76610
0.595	0.75937
0.6	0.75368
0.605	0.74813
0.61	0.73961
0.615	0.73188
0.62	0.72616
0.625	0.72091
0.63	0.71488
0.635	0.71390
0.64	0.71279
0.645	0.71471
0.65	0.71775
0.655	0.72031
0.66	0.72245
0.665	0.72211
0.67	0.72135
0.675	0.71888
0.68	0.71614
0.685	0.71145
0.69	0.70634
0.695	0.70033
0.7	0.69322
0.705	0.68763
0.71	0.67992
0.715	0.67122
0.72	0.66365
0.725	0.65509
0.73	0.64704
0.735	0.63934
0.74	0.62881
0.745	0.62092
0.75	0.61277
0.755	0.60115
0.76	0.59185
0.765	0.58311
0.77	0.57119
0.775	0.56463
0.78	0.55642
0.785	0.54776
0.79	0.54067
0.795	0.53351
0.8	0.52669
0.805	0.52149
0.81	0.51673
0.815	0.51066
0.82	0.50588
0.825	0.49939
0.83	0.49675
0.835	0.49075
0.84	0.48714
0.845	0.48272
0.85	0.47870
0.855	0.47795
0.86	0.47326
0.865	0.46869
0.87	0.46524
0.875	0.46236
0.88	0.45815
0.885	0.45409
0.89	0.45012
0.895	0.44385
0.9	0.43872
0.905	0.43397
0.91	0.42784
0.915	0.42165
0.92	0.41539
0.925	0.40774
0.93	0.40036
0.935	0.39317
0.94	0.38488
0.945	0.37744
0.95	0.36974
0.955	0.36205
0.96	0.35394
0.965	0.34699
0.97	0.34015
0.975	0.33256
0.98	0.32560
0.985	0.31904
0.99	0.31287
0.995	0.30726
1	0.30193
1.005	0.29662
1.01	0.29240
1.015	0.28975
1.02	0.28621
1.025	0.28373
1.03	0.28087
1.035	0.27976
1.04	0.27817
1.045	0.27766
1.05	0.27735
1.055	0.27777
1.06	0.27807
1.065	0.28073
1.07	0.28253
1.075	0.28483
1.08	0.28808
1.085	0.29164
1.09	0.29572
1.095	0.29993
1.1	0.30359
1.105	0.30727
1.11	0.31224
1.115	0.31707
1.12	0.32053
1.125	0.32486
1.13	0.32891
1.135	0.33258
1.14	0.33652
1.145	0.33895
1.15	0.34273
1.155	0.34592
1.16	0.34847
1.165	0.35082
1.17	0.35366
1.175	0.35589
1.18	0.35756
1.185	0.36029
1.19	0.36231
1.195	0.36474
1.2	0.36657
1.205	0.36892
1.21	0.37054
1.215	0.37236
1.22	0.37474
1.225	0.37615
1.23	0.37894
1.235	0.38196
1.24	0.38453
1.245	0.38694
1.25	0.38948
1.255	0.39215
1.26	0.39416
1.265	0.39776
1.27	0.40076
1.275	0.40372
1.28	0.40724
1.285	0.41043
1.29	0.41440
1.295	0.41799
1.3	0.42291
1.305	0.42552
1.31	0.43096
1.315	0.43440
1.32	0.43922
1.325	0.44456
1.33	0.44905
1.335	0.45414
1.34	0.45951
1.345	0.46502
1.35	0.47192
1.355	0.47431
1.36	0.47882
1.365	0.48700
1.37	0.49124
1.375	0.49888
1.38	0.50157
1.385	0.50877
1.39	0.51455
1.395	0.52039
1.4	0.52769
1.405	0.53510
1.41	0.54340
1.415	0.54978
1.42	0.55579
1.425	0.56279
1.43	0.56867
1.435	0.57592
1.44	0.58312
1.445	0.58926
1.45	0.59628
1.455	0.60362
1.46	0.61067
1.465	0.61641
1.47	0.62281
1.475	0.63043
1.48	0.63790
1.485	0.64501
1.49	0.65105
1.495	0.65763
1.5	0.66396
1.505	0.67065
1.51	0.67744
1.515	0.68260
1.52	0.68901
1.525	0.69539
1.53	0.70189
1.535	0.70908
1.54	0.71489
1.545	0.72031
1.55	0.72431
1.555	0.72989
1.56	0.73672
1.565	0.74082
1.57	0.74761
1.575	0.75114
1.58	0.75649
1.585	0.76086
1.59	0.76492
1.595	0.77008
1.6	0.77576
1.605	0.77872
1.61	0.78123
1.615	0.78741
1.62	0.78901
1.625	0.79367
1.63	0.79630
1.635	0.79862
1.64	0.80342
1.645	0.80591
1.65	0.80860
1.655	0.80997
1.66	0.81200
1.665	0.81504
1.67	0.81751
1.675	0.82001
1.68	0.82238
1.685	0.82463
1.69	0.82597
1.695	0.82704
1.7	0.83036
1.705	0.83403
1.71	0.83337
1.715	0.83495
1.72	0.83540
1.725	0.83699
1.73	0.83725
1.735	0.83819
1.74	0.83939
1.745	0.83969
1.75	0.84054
1.755	0.84027
1.76	0.84027
1.765	0.84084
1.77	0.84179
1.775	0.84252
1.78	0.84181
1.785	0.84272
1.79	0.84268
1.795	0.84330
1.8	0.84423
1.8013	0.84460
1.8026	0.84463
1.8038	0.84456
1.8051	0.84456
1.8063	0.84482
1.8076	0.84491
1.8088	0.84476
1.8101	0.84461
1.8114	0.84464
1.8126	0.84458
1.8139	0.84459
1.8152	0.84512
1.8164	0.84553
1.8177	0.84528
1.819	0.84489
1.8203	0.84484
1.8216	0.84540
1.8228	0.84552
1.8241	0.84544
1.8254	0.84529
1.8267	0.84557
1.828	0.84550
1.8293	0.84533
1.8306	0.84579
1.8318	0.84585
1.8331	0.84557
1.8344	0.84563
1.8357	0.84593
1.837	0.84647
1.8383	0.84673
1.8397	0.84636
1.841	0.84636
1.8423	0.84638
1.8436	0.84609
1.8449	0.84556
1.8462	0.84571
1.8475	0.84653
1.8488	0.84715
1.8502	0.84633
1.8515	0.84545
1.8528	0.84542
1.8541	0.84587
1.8555	0.84568
1.8568	0.84559
1.8581	0.84616
1.8594	0.84636
1.8608	0.84645
1.8621	0.84587
1.8635	0.84562
1.8648	0.84566
1.8661	0.84553
1.8675	0.84581
1.8688	0.84639
1.8702	0.84618
1.8715	0.84660
1.8729	0.84691
1.8742	0.84667
1.8756	0.84633
1.8769	0.84625
1.8783	0.84617
1.8797	0.84529
1.881	0.84508
1.8824	0.84517
1.8838	0.84543
1.8851	0.84560
1.8865	0.84531
1.8879	0.84510
1.8893	0.84492
1.8906	0.84526
1.892	0.84527
1.8934	0.84491
1.8948	0.84464
1.8962	0.84435
1.8976	0.84434
1.899	0.84448
1.9003	0.84510
1.9017	0.84503
1.9031	0.84473
1.9045	0.84468
1.9059	0.84480
1.9073	0.84501
1.9087	0.84426
1.9101	0.84357
1.9116	0.84367
1.913	0.84366
1.9144	0.84391
1.9158	0.84393
1.9172	0.84356
1.9186	0.84351
1.92	0.84347
1.9215	0.84390
1.9229	0.84364
1.9243	0.84305
1.9258	0.84284
1.9272	0.84319
1.9286	0.84348
1.9301	0.84350
1.9315	0.84366
1.9329	0.84332
1.9344	0.84289
1.9358	0.84300
1.9373	0.84325
1.9387	0.84352
1.9402	0.84347
1.9416	0.84327
1.9431	0.84314
1.9445	0.84322
1.946	0.84327
1.9475	0.84304
1.9489	0.84269
1.9504	0.84280
1.9519	0.84293
1.9533	0.84305
1.9548	0.84316
1.9563	0.84297
1.9578	0.84297
1.9592	0.84294
1.9607	0.84289
1.9622	0.84274
1.9637	0.84306
1.9652	0.84282
1.9667	0.84255
1.9682	0.84290
1.9697	0.84316
1.9712	0.84304
1.9727	0.84266
1.9742	0.84255
1.9757	0.84284
1.9772	0.84314
1.9787	0.84291
1.9802	0.84257
1.9817	0.84239
1.9832	0.84244
1.9847	0.84260
1.9863	0.84256
1.9878	0.84245
1.9893	0.84264
1.9908	0.84281
1.9924	0.84272
1.9939	0.84255
1.9954	0.84261
1.997	0.84254
1.9985	0.84242
2.0001	0.84249
2.0016	0.84269
2.0031	0.84277
2.0047	0.84291
2.0062	0.84305
2.0078	0.84280
2.0094	0.84264
2.0109	0.84278
2.0125	0.84266
2.014	0.84284
2.0156	0.84310
2.0172	0.84296
2.0187	0.84317
2.0203	0.84310
2.0219	0.84291
2.0235	0.84293
2.0251	0.84319
2.0266	0.84327
2.0282	0.84297
2.0298	0.84296
2.0314	0.84310
2.033	0.84316
2.0346	0.84313
2.0362	0.84308
2.0378	0.84324
2.0394	0.84323
2.041	0.84333
2.0426	0.84360
2.0442	0.84350
2.0458	0.84361
2.0474	0.84363
2.0491	0.84351
2.0507	0.84347
2.0523	0.84357
2.0539	0.84377
2.0556	0.84391
2.0572	0.84400
2.0588	0.84385
2.0605	0.84382
2.0621	0.84371
2.0637	0.84389
2.0654	0.84414
2.067	0.84389
2.0687	0.84392
2.0703	0.84388
2.072	0.84393
2.0737	0.84438
2.0753	0.84441
2.077	0.84394
2.0786	0.84365
2.0803	0.84378
2.082	0.84380
2.0837	0.84341
2.0853	0.84306
2.087	0.84327
2.0887	0.84336
2.0904	0.84329
2.0921	0.84323
2.0938	0.84347
2.0954	0.84351
2.0971	0.84348
2.0988	0.84351
2.1005	0.84358
2.1022	0.84369
2.104	0.84378
2.1057	0.84370
2.1074	0.84321
2.1091	0.84312
2.1108	0.84322
2.1125	0.84321
2.1142	0.84316
2.116	0.84297
2.1177	0.84300
2.1194	0.84330
2.1212	0.84323
2.1229	0.84310
2.1246	0.84292
2.1264	0.84306
2.1281	0.84313
2.1299	0.84286
2.1316	0.84294
2.1334	0.84291
2.1351	0.84301
2.1369	0.84334
2.1387	0.84332
2.1404	0.84316
2.1422	0.84305
2.144	0.84282
2.1458	0.84290
2.1475	0.84309
2.1493	0.84320
2.1511	0.84322
2.1529	0.84319
2.1547	0.84320
2.1565	0.84309
2.1583	0.84319
2.1601	0.84322
2.1619	0.84327
2.1637	0.84313
2.1655	0.84302
2.1673	0.84295
2.1691	0.84294
2.1709	0.84293
2.1727	0.84295
2.1746	0.84289
2.1764	0.84252
2.1782	0.84258
2.18	0.84300
2.1819	0.84281
2.1837	0.84231
2.1856	0.84215
2.1874	0.84212
2.1892	0.84225
2.1911	0.84201
2.193	0.84180
2.1948	0.84186
2.1967	0.84161
2.1985	0.84150
2.2004	0.84152
2.2023	0.84144
2.2041	0.84128
2.206	0.84122
2.2079	0.84112
2.2098	0.84082
2.2117	0.84051
2.2136	0.84077
2.2154	0.84087
2.2173	0.84034
2.2192	0.84015
2.2211	0.84039
2.223	0.84015
2.225	0.83989
2.2269	0.83981
2.2288	0.83979
2.2307	0.83976
2.2326	0.83962
2.2345	0.83932
2.2365	0.83930
2.2384	0.83905
2.2403	0.83858
2.2423	0.83833
2.2442	0.83837
2.2462	0.83838
2.2481	0.83815
2.2501	0.83802
2.252	0.83806
2.254	0.83787
2.2559	0.83781
2.2579	0.83804
2.2599	0.83792
2.2618	0.83773
2.2638	0.83736
2.2658	0.83686
2.2678	0.83649
2.2698	0.83596
2.2718	0.83573
2.2737	0.83567
2.2757	0.83589
2.2777	0.83607
2.2797	0.83587
2.2817	0.83559
2.2838	0.83546
2.2858	0.83526
2.2878	0.83488
2.2898	0.83478
2.2918	0.83446
2.2939	0.83424
2.2959	0.83430
2.2979	0.83410
2.3	0.83370
2.302	0.83377
2.3041	0.83357
2.3061	0.83277
2.3082	0.83195
2.3102	0.83162
2.3123	0.83096
2.3143	0.83001
2.3164	0.82908
2.3185	0.82907
2.3206	0.82954
2.3226	0.82929
2.3247	0.82902
2.3268	0.82887
2.3289	0.82906
2.331	0.82958
2.3331	0.82992
2.3352	0.82957
2.3373	0.82943
2.3394	0.82988
2.3415	0.83022
2.3436	0.83059
2.3458	0.83134
2.3479	0.83252
2.35	0.83349
2.3521	0.83393
2.3543	0.83419
2.3564	0.83420
2.3586	0.83410
2.3607	0.83397
2.3629	0.83393
2.365	0.83370
2.3672	0.83310
2.3693	0.83262
2.3715	0.83224
2.3737	0.83237
2.3759	0.83248
2.378	0.83210
2.3802	0.83175
2.3824	0.83158
2.3846	0.83113
2.3868	0.83077
2.389	0.83070
2.3912	0.83062
2.3934	0.83084
2.3956	0.83079
2.3978	0.83071
2.4001	0.83098
2.4023	0.83075
2.4045	0.83052
2.4067	0.83075
2.409	0.83084
2.4112	0.83078
2.4135	0.83066
2.4157	0.83039
2.418	0.83023
2.4202	0.83015
2.4214	0.83053
2.4225	0.83023
2.4236	0.83020
2.4248	0.82999
2.4259	0.82983
2.427	0.82957
2.4282	0.82939
2.4293	0.82917
2.4304	0.82891
2.4316	0.82862
2.4327	0.82845
2.4339	0.82805
2.435	0.82831
2.4362	0.82764
2.4373	0.82797
2.4384	0.82786
2.4396	0.82815
2.4407	0.82801
2.4419	0.82782
2.443	0.82784
2.4442	0.82794
2.4453	0.82777
2.4465	0.82809
2.4477	0.82822
2.4488	0.82824
2.45	0.82828
2.4511	0.82823
2.4523	0.82836
2.4534	0.82831
2.4546	0.82840
2.4558	0.82851
2.4569	0.82843
2.4581	0.82830
2.4593	0.82839
2.4604	0.82851
2.4616	0.82806
2.4628	0.82763
2.4639	0.82762
2.4651	0.82754
2.4663	0.82742
2.4675	0.82749
2.4686	0.82752
2.4698	0.82702
2.471	0.82681
2.4722	0.82673
2.4733	0.82668
2.4745	0.82668
2.4757	0.82649
2.4769	0.82639
2.4781	0.82609
2.4793	0.82587
2.4804	0.82572
2.4816	0.82541
2.4828	0.82530
2.484	0.82555
2.4852	0.82550
2.4864	0.82579
2.4876	0.82556
2.4888	0.82542
2.49	0.82569
2.4912	0.82551
2.4924	0.82532
2.4936	0.82513
2.4948	0.82492
2.496	0.82441
2.4972	0.82420
2.4984	0.82404
2.4996	0.82381
2.5008	0.82347
2.502	0.82330
2.5032	0.82318
2.5044	0.82285
2.5056	0.82290
2.5068	0.82280
2.508	0.82261
2.5093	0.82269
2.5105	0.82284
2.5117	0.82260
2.5129	0.82277
2.5141	0.82275
2.5153	0.82292
2.5166	0.82310
2.5178	0.82323
2.519	0.82321
2.5202	0.82339
2.5215	0.82346
2.5227	0.82383
2.5239	0.82406
2.5252	0.82400
2.5264	0.82406
2.5276	0.82429
2.5288	0.82448
2.5301	0.82446
2.5313	0.82435
2.5326	0.82413
2.5338	0.82415
2.535	0.82408
2.5363	0.82429
2.5375	0.82416
2.5388	0.82380
2.54	0.82421
2.5412	0.82446
2.5425	0.82469
2.5437	0.82437
2.545	0.82395
2.5462	0.82399
2.5475	0.82438
2.5487	0.82404
2.55	0.82378
2.5512	0.82407
2.5525	0.82388
2.5538	0.82328
2.555	0.82247
2.5563	0.82303
2.5575	0.82340
2.5588	0.82353
2.5601	0.82369
2.5613	0.82395
2.5626	0.82284
2.5639	0.82183
2.5651	0.82179
2.5664	0.82155
2.5677	0.82272
2.5689	0.82394
2.5702	0.82446
2.5715	0.82291
2.5728	0.82328
2.574	0.82458
2.5753	0.82248
2.5766	0.82317
2.5779	0.82405
2.5792	0.82310
2.5805	0.82410
2.5817	0.82481
2.583	0.82399
2.5843	0.82510
2.5856	0.82275
2.5869	0.82285
2.5882	0.82450
2.5895	0.82352
2.5908	0.82374
2.5921	0.82445
2.5934	0.82590
2.5947	0.82810
2.596	0.82528
2.5973	0.81901
2.5986	0.82098
2.5999	0.82380
2.6012	0.82589
2.6025	0.82560
2.6038	0.82503
2.6051	0.82535
2.6064	0.82531
2.6077	0.82243
2.609	0.82295
2.6103	0.82393
2.6117	0.82416
2.613	0.82458
2.6143	0.82510
2.6156	0.82497
2.6169	0.82646
2.6183	0.82403
2.6196	0.82247
2.6209	0.82532
2.6222	0.82306
2.6236	0.82246
2.6249	0.82458
2.6262	0.82560
2.6275	0.82570
2.6289	0.82250
2.6302	0.82467
2.6315	0.82446
2.6329	0.82124
2.6342	0.82283
2.6356	0.82302
2.6369	0.82286
2.6382	0.82355
2.6396	0.82352
2.6409	0.82351
2.6423	0.82316
2.6436	0.82264
2.645	0.82218
2.6463	0.82249
2.6477	0.82094
2.649	0.82051
2.6504	0.82033
2.6517	0.82051
2.6531	0.82026
2.6544	0.81859
2.6558	0.81834
2.6572	0.81816
2.6585	0.81754
2.6599	0.81870
2.6613	0.81733
2.6626	0.81654
2.664	0.81652
2.6654	0.81795
2.6667	0.81511
2.6681	0.81186
2.6695	0.81045
2.6709	0.81346
2.6722	0.80760
2.6736	0.80452
2.675	0.80576
2.6764	0.80471
2.6778	0.80043
2.6791	0.79497
2.6805	0.79125
2.6819	0.78675
2.6833	0.78398
2.6847	0.77939
2.6861	0.77371
2.6875	0.76886
2.6889	0.76340
2.6903	0.75803
2.6917	0.75200
2.6931	0.74594
2.6945	0.73797
2.6959	0.72572
2.6973	0.71177
2.6987	0.69419
2.7001	0.67285
2.7015	0.65525
2.7029	0.64353
2.7043	0.63291
2.7057	0.62100
2.7071	0.60823
2.7085	0.59659
2.71	0.58743
2.7114	0.58210
2.7128	0.58056
2.7142	0.58318
2.7156	0.58904
2.7171	0.59523
2.7185	0.60165
2.7199	0.60588
2.7213	0.61020
2.7228	0.61551
2.7242	0.62289
2.7256	0.62777
2.7271	0.62983
2.7285	0.63292
2.7299	0.63667
2.7314	0.63894
2.7328	0.63962
2.7342	0.64079
2.7357	0.64208
2.7371	0.64195
2.7386	0.64320
2.74	0.64422
2.7415	0.64366
2.7429	0.64395
2.7444	0.64599
2.7458	0.64836
2.7473	0.64938
2.7487	0.65044
2.7502	0.65217
2.7517	0.65463
2.7531	0.65692
2.7546	0.65847
2.7561	0.65960
2.7575	0.65793
2.759	0.65722
2.7605	0.65674
2.7619	0.65721
2.7634	0.65867
2.7649	0.65839
2.7663	0.65722
2.7678	0.65550
2.7693	0.65323
2.7708	0.65362
2.7723	0.65503
2.7737	0.65583
2.7752	0.65641
2.7767	0.65625
2.7782	0.65489
2.7797	0.65299
2.7812	0.65146
2.7827	0.65039
2.7842	0.64956
2.7857	0.64865
2.7872	0.64880
2.7887	0.64892
2.7902	0.64932
2.7917	0.65001
2.7932	0.64985
2.7947	0.64888
2.7962	0.64795
2.7977	0.64651
2.7992	0.64377
2.8007	0.64056
2.8022	0.63955
2.8038	0.64122
2.8053	0.64308
2.8068	0.64536
2.8083	0.64716
2.8098	0.64810
2.8114	0.64889
2.8129	0.64970
2.8144	0.65071
2.8159	0.65147
2.8175	0.65188
2.819	0.65252
2.8205	0.65263
2.8221	0.65224
2.8236	0.65197
2.8251	0.65187
2.8267	0.65193
2.8282	0.65214
2.8298	0.65239
2.8313	0.65263
2.8329	0.65265
2.8344	0.65238
2.836	0.65171
2.8375	0.65126
2.8391	0.65110
2.8406	0.65117
2.8422	0.65157
2.8437	0.65225
2.8453	0.65278
2.8469	0.65330
2.8484	0.65378
2.85	0.65398
2.8516	0.65415
2.8531	0.65446
2.8547	0.65459
2.8563	0.65453
2.8578	0.65457
2.8594	0.65482
2.861	0.65481
2.8626	0.65478
2.8642	0.65487
2.8657	0.65479
2.8673	0.65466
2.8689	0.65459
2.8705	0.65435
2.8721	0.65437
2.8737	0.65399
2.8753	0.65398
2.8769	0.65419
2.8785	0.65434
2.8801	0.65444
2.8817	0.65461
2.8833	0.65457
2.8849	0.65471
2.8865	0.65482
2.8881	0.65495
2.8897	0.65503
2.8913	0.65512
2.8929	0.65516
2.8945	0.65529
2.8962	0.65522
2.8978	0.65543
2.8994	0.65546
2.901	0.65557
2.9027	0.65541
2.9043	0.65542
2.9059	0.65552
2.9075	0.65558
2.9092	0.65561
2.9108	0.65571
2.9124	0.65560
2.9141	0.65584
2.9157	0.65596
2.9174	0.65606
2.919	0.65621
2.9206	0.65630
2.9223	0.65644
2.9239	0.65643
2.9256	0.65652
2.9272	0.65670
2.9289	0.65691
2.9305	0.65693
2.9322	0.65691
2.9339	0.65709
2.9355	0.65722
2.9372	0.65748
2.9389	0.65754
2.9405	0.65760
2.9422	0.65771
2.9439	0.65798
2.9455	0.65818
2.9472	0.65846
2.9489	0.65859
2.9506	0.65874
2.9522	0.65907
2.9539	0.65949
2.9556	0.65965
2.9573	0.65979
2.959	0.66002
2.9607	0.66031
2.9624	0.66051
2.9641	0.66064
2.9658	0.66081
2.9674	0.66108
2.9691	0.66108
2.9709	0.66130
2.9726	0.66159
2.9743	0.66199
2.976	0.66219
2.9777	0.66251
2.9794	0.66271
2.9811	0.66308
2.9828	0.66338
2.9845	0.66347
2.9863	0.66352
2.988	0.66401
2.9897	0.66439
2.9914	0.66460
2.9931	0.66476
2.9949	0.66506
2.9966	0.66516
2.9983	0.66541
3.0001	0.66579
3.0018	0.66607
3.0036	0.66626
3.0053	0.66650
3.007	0.66678
3.0088	0.66686
3.0105	0.66709
3.0123	0.66737
3.014	0.66749
3.0158	0.66778
3.0175	0.66794
3.0193	0.66795
3.0211	0.66819
3.0228	0.66833
3.0246	0.66840
3.0263	0.66839
3.0281	0.66866
3.0299	0.66903
3.0317	0.66904
3.0334	0.66922
3.0352	0.66933
3.037	0.66949
3.0388	0.66955
3.0405	0.66976
3.0423	0.66999
3.0441	0.67010
3.0459	0.67028
3.0477	0.67038
3.0495	0.67048
3.0513	0.67070
3.0531	0.67078
3.0549	0.67079
3.0567	0.67090
3.0585	0.67101
3.0603	0.67110
3.0621	0.67137
3.0639	0.67158
3.0657	0.67169
3.0675	0.67180
3.0694	0.67210
3.0712	0.67224
3.073	0.67236
3.0748	0.67249
3.0766	0.67259
3.0785	0.67270
3.0803	0.67280
3.0821	0.67283
3.084	0.67316
3.0858	0.67337
3.0876	0.67369
3.0895	0.67365
3.0913	0.67380
3.0932	0.67385
3.095	0.67408
3.0969	0.67440
3.0987	0.67465
3.1006	0.67480
3.1024	0.67500
3.1043	0.67528
3.1061	0.67544
3.108	0.67551
3.1099	0.67579
3.1117	0.67602
3.1136	0.67621
3.1155	0.67650
3.1173	0.67666
3.1192	0.67678
3.1211	0.67704
3.123	0.67719
3.1249	0.67741
3.1267	0.67755
3.1286	0.67783
3.1305	0.67800
3.1324	0.67834
3.1343	0.67853
3.1362	0.67869
3.1381	0.67884
3.14	0.67912
3.1419	0.67922
3.1438	0.67949
3.1457	0.67971
3.1476	0.67993
3.1495	0.68006
3.1514	0.68046
3.1534	0.68062
3.1553	0.68074
3.1572	0.68085
3.1591	0.68115
3.1611	0.68136
3.163	0.68160
3.1649	0.68178
3.1669	0.68194
3.1688	0.68209
3.1707	0.68223
3.1727	0.68234
3.1746	0.68262
3.1766	0.68281
3.1785	0.68307
3.1805	0.68329
3.1824	0.68350
3.1844	0.68371
3.1863	0.68385
3.1883	0.68400
3.1902	0.68432
3.1922	0.68456
3.1942	0.68482
3.1961	0.68492
3.1981	0.68507
3.2001	0.68526
3.2021	0.68542
3.204	0.68554
3.206	0.68557
3.208	0.68571
3.21	0.68578
3.212	0.68596
3.214	0.68624
3.216	0.68628
3.218	0.68636
3.22	0.68649
3.222	0.68673
3.224	0.68686
3.226	0.68695
3.228	0.68697
3.23	0.68718
3.232	0.68726
3.234	0.68736
3.236	0.68744
3.2381	0.68752
3.2401	0.68761
3.2421	0.68756
3.2441	0.68766
3.2462	0.68786
3.2482	0.68778
3.2502	0.68779
3.2523	0.68794
3.2543	0.68820
3.2564	0.68828
3.2584	0.68828
3.2605	0.68821
3.2625	0.68822
3.2646	0.68819
3.2666	0.68831
3.2687	0.68842
3.2707	0.68842
3.2728	0.68837
3.2749	0.68836
3.277	0.68834
3.279	0.68825
3.2811	0.68828
3.2832	0.68825
3.2853	0.68812
3.2873	0.68801
3.2894	0.68790
3.2915	0.68798
3.2936	0.68785
3.2957	0.68770
3.2978	0.68747
3.2999	0.68729
3.302	0.68712
3.3041	0.68696
3.3062	0.68663
3.3083	0.68639
3.3104	0.68615
3.3125	0.68599
3.3147	0.68580
3.3168	0.68553
3.3189	0.68514
3.321	0.68498
3.3232	0.68477
3.3253	0.68484
3.3274	0.68484
3.3296	0.68475
3.3317	0.68444
3.3338	0.68424
3.336	0.68403
3.3381	0.68388
3.3403	0.68368
3.3424	0.68338
3.3446	0.68305
3.3468	0.68296
3.3489	0.68281
3.3511	0.68258
3.3533	0.68225
3.3554	0.68196
3.3576	0.68175
3.3598	0.68177
3.362	0.68185
3.3641	0.68180
3.3663	0.68177
3.3685	0.68183
3.3707	0.68177
3.3729	0.68184
3.3751	0.68181
3.3773	0.68183
3.3795	0.68189
3.3817	0.68205
3.3839	0.68215
3.3861	0.68234
3.3883	0.68238
3.3905	0.68250
3.3928	0.68253
3.395	0.68238
3.3972	0.68214
3.3994	0.68193
3.4017	0.68157
3.4039	0.68128
3.4061	0.68092
3.4084	0.68056
3.4106	0.68029
3.4129	0.68002
3.4151	0.67991
3.4174	0.68000
3.4196	0.68014
3.4219	0.68047
3.4241	0.68098
3.4264	0.68164
3.4287	0.68217
3.4309	0.68264
3.4332	0.68293
3.4355	0.68320
3.4378	0.68353
3.44	0.68388
3.4423	0.68406
3.4446	0.68397
3.4469	0.68402
3.4492	0.68406
3.4515	0.68407
3.4538	0.68412
3.4561	0.68417
3.4584	0.68411
3.4607	0.68411
3.463	0.68403
3.4653	0.68385
3.4676	0.68368
3.47	0.68338
3.4723	0.68322
3.4746	0.68295
3.477	0.68287
3.4793	0.68264
3.4816	0.68234
3.484	0.68222
3.4863	0.68215
3.4887	0.68190
3.491	0.68171
3.4934	0.68141
3.4957	0.68106
3.4981	0.68064
3.5004	0.68029
3.5028	0.68012
3.5052	0.68018
3.5075	0.68036
3.5099	0.68065
3.5123	0.68082
3.5147	0.68098
3.5171	0.68116
3.5194	0.68137
3.5218	0.68138
3.5242	0.68133
3.5266	0.68140
3.529	0.68158
3.5314	0.68164
3.5338	0.68171
3.5362	0.68173
3.5387	0.68171
3.5411	0.68162
3.5435	0.68172
3.5459	0.68178
3.5483	0.68160
3.5508	0.68150
3.5532	0.68153
3.5556	0.68147
3.5581	0.68141
3.5605	0.68124
3.563	0.68130
3.5654	0.68124
3.5679	0.68119
3.5703	0.68104
3.5728	0.68090
3.5753	0.68063
3.5777	0.68059
3.5802	0.68044
3.5827	0.68020
3.5852	0.67990
3.5876	0.67965
3.5901	0.67951
3.5926	0.67927
3.5951	0.67894
3.5976	0.67872
3.6001	0.67837
3.6026	0.67812
3.6051	0.67776
3.6076	0.67747
3.6101	0.67722
3.6126	0.67695
3.6152	0.67660
3.6177	0.67631
3.6202	0.67599
3.6227	0.67576
3.6253	0.67542
3.6278	0.67505
3.6303	0.67474
3.6329	0.67448
3.6354	0.67409
3.638	0.67381
3.6405	0.67353
3.6431	0.67325
3.6457	0.67294
3.6482	0.67267
3.6508	0.67243
3.6534	0.67216
3.6559	0.67183
3.6585	0.67165
3.6611	0.67135
3.6637	0.67115
3.6663	0.67092
3.6689	0.67064
3.6715	0.67032
3.6741	0.67002
3.6767	0.66966
3.6793	0.66929
3.6819	0.66887
3.6845	0.66849
3.6872	0.66801
3.6898	0.66749
3.6924	0.66698
3.695	0.66654
3.6977	0.66607
3.7003	0.66567
3.703	0.66510
3.7056	0.66454
3.7083	0.66404
3.7109	0.66363
3.7136	0.66313
3.7162	0.66261
3.7189	0.66218
3.7216	0.66175
3.7242	0.66121
3.7269	0.66077
3.7296	0.66024
3.7323	0.65977
3.735	0.65928
3.7377	0.65892
3.7404	0.65848
3.7431	0.65803
3.7458	0.65754
3.7485	0.65707
3.7512	0.65665
3.7539	0.65621
3.7566	0.65566
3.7593	0.65521
3.7621	0.65466
3.7648	0.65423
3.7675	0.65369
3.7703	0.65320
3.773	0.65260
3.7758	0.65204
3.7785	0.65144
3.7813	0.65089
3.784	0.65031
3.7868	0.64977
3.7896	0.64923
3.7923	0.64868
3.7951	0.64811
3.7979	0.64754
3.8007	0.64704
3.8035	0.64662
3.8063	0.64607
3.8091	0.64559
3.8119	0.64508
3.8147	0.64465
3.8175	0.64417
3.8203	0.64384
3.8231	0.64347
3.8259	0.64310
3.8288	0.64280
3.8316	0.64256
3.8344	0.64224
3.8373	0.64205
3.8401	0.64189
3.8429	0.64183
3.8458	0.64168
3.8487	0.64162
3.8515	0.64150
3.8544	0.64144
3.8572	0.64128
3.8601	0.64118
3.863	0.64102
3.8659	0.64090
3.8688	0.64080
3.8716	0.64078
3.8745	0.64065
3.8774	0.64053
3.8803	0.64044
3.8832	0.64046
3.8862	0.64040
3.8891	0.64044
3.892	0.64029
3.8949	0.64026
3.8978	0.64011
3.9008	0.63997
3.9037	0.63975
3.9067	0.63964
3.9096	0.63944
3.9126	0.63924
3.9155	0.63900
3.9185	0.63880
3.9214	0.63852
3.9244	0.63831
3.9274	0.63809
3.9304	0.63781
3.9333	0.63737
3.9363	0.63707
3.9393	0.63668
3.9423	0.63628
3.9453	0.63576
3.9483	0.63536
3.9513	0.63485
3.9543	0.63427
3.9574	0.63350
3.9604	0.63287
3.9634	0.63218
3.9664	0.63141
3.9695	0.63050
3.9725	0.62962
3.9756	0.62858
3.9786	0.62755
3.9817	0.62649
3.9847	0.62535
3.9878	0.62402
3.9909	0.62274
3.9939	0.62152
3.997	0.62032
4.0001	0.61906
4.0032	0.61794
4.0063	0.61691
4.0094	0.61615
4.0125	0.61565
4.0156	0.61538
4.0187	0.61521
4.0218	0.61537
4.0249	0.61568
4.0281	0.61625
4.0312	0.61689
4.0343	0.61761
4.0375	0.61821
4.0406	0.61888
4.0438	0.61938
4.0469	0.61985
4.0501	0.62023
4.0533	0.62046
4.0564	0.62061
4.0596	0.62070
4.0628	0.62066
4.066	0.62057
4.0692	0.62034
4.0724	0.62011
4.0756	0.61988
4.0788	0.61961
4.082	0.61920
4.0852	0.61885
4.0884	0.61845
4.0917	0.61804
4.0949	0.61758
4.0981	0.61709
4.1014	0.61653
4.1046	0.61599
4.1079	0.61540
4.1111	0.61494
4.1144	0.61433
4.1177	0.61379
4.1209	0.61316
4.1242	0.61263
4.1275	0.61192
4.1308	0.61136
4.1341	0.61071
4.1374	0.61014
4.1407	0.60944
4.144	0.60882
4.1473	0.60815
4.1506	0.60756
4.154	0.60694
4.1573	0.60629
4.1606	0.60567
4.164	0.60502
4.1673	0.60428
4.1707	0.60362
4.174	0.60296
4.1774	0.60232
4.1808	0.60165
4.1841	0.60103
4.1875	0.60033
4.1909	0.59967
4.1943	0.59905
4.1977	0.59833
4.2011	0.59743
4.2045	0.59656
4.2079	0.59555
4.2113	0.59449
4.2147	0.59325
4.2182	0.59198
4.2216	0.59075
4.225	0.58965
4.2285	0.58856
4.2319	0.58761
4.2354	0.58660
4.2389	0.58585
4.2423	0.58507
4.2458	0.58449
4.2493	0.58406
4.2528	0.58396
4.2563	0.58408
4.2598	0.58436
4.2633	0.58391
4.2668	0.58270
4.2703	0.58138
4.2738	0.58026
4.2773	0.57937
4.2809	0.57862
4.2844	0.57788
4.288	0.57721
4.2915	0.57644
4.2951	0.57570
4.2986	0.57497
4.3022	0.57446
4.3058	0.57383
4.3093	0.57331
4.3129	0.57275
4.3165	0.57224
4.3201	0.57174
4.3237	0.57127
4.3273	0.57066
4.3309	0.57013
4.3346	0.56951
4.3382	0.56894
4.3418	0.56830
4.3455	0.56756
4.3491	0.56676
4.3528	0.56606
4.3564	0.56517
4.3601	0.56443
4.3638	0.56368
4.3674	0.56298
4.3711	0.56220
4.3748	0.56151
4.3785	0.56068
4.3822	0.55995
4.3859	0.55912
4.3896	0.55834
4.3933	0.55764
4.3971	0.55689
4.4008	0.55607
4.4045	0.55541
4.4083	0.55463
4.412	0.55398
4.4158	0.55321
4.4196	0.55248
4.4233	0.55170
4.4271	0.55097
4.4309	0.55017
4.4347	0.54944
4.4385	0.54865
4.4423	0.54785
4.4461	0.54698
4.4499	0.54625
4.4537	0.54547
4.4576	0.54471
4.4614	0.54386
4.4652	0.54312
4.4691	0.54225
4.4729	0.54145
4.4768	0.54062
4.4807	0.53983
4.4845	0.53895
4.4884	0.53815
4.4923	0.53727
4.4962	0.53641
4.5001	0.53556
4.504	0.53472
4.5079	0.53378
4.5119	0.53291
4.5158	0.53198
4.5197	0.53102
4.5237	0.53000
4.5276	0.52908
4.5316	0.52807
4.5356	0.52710
4.5395	0.52610
4.5435	0.52514
4.5475	0.52406
4.5515	0.52303
4.5555	0.52197
4.5595	0.52102
4.5635	0.52000
4.5675	0.51900
4.5715	0.51788
4.5756	0.51690
4.5796	0.51592
4.5837	0.51500
4.5877	0.51404
4.5918	0.51317
4.5959	0.51225
4.5999	0.51146
4.604	0.51056
4.6081	0.50971
4.6122	0.50882
4.6163	0.50802
4.6204	0.50712
4.6246	0.50634
4.6287	0.50551
4.6328	0.50478
4.637	0.50404
4.6411	0.50336
4.6453	0.50262
4.6494	0.50192
4.6536	0.50114
4.6578	0.50046
4.662	0.49971
4.6662	0.49897
4.6704	0.49821
4.6746	0.49748
4.6788	0.49661
4.683	0.49585
4.6873	0.49504
4.6915	0.49423
4.6958	0.49333
4.7	0.49251
4.7043	0.49164
4.7086	0.49077
4.7129	0.48977
4.7171	0.48882
4.7214	0.48780
4.7257	0.48682
4.7301	0.48570
4.7344	0.48460
4.7387	0.48345
4.743	0.48228
4.7474	0.48101
4.7517	0.47975
4.7561	0.47836
4.7605	0.47699
4.7648	0.47551
4.7692	0.47406
4.7736	0.47240
4.778	0.47065
4.7824	0.46877
4.7868	0.46684
4.7913	0.46471
4.7957	0.46251
4.8001	0.46018
4.8046	0.45774
4.809	0.45518
4.8135	0.45253
4.818	0.44968
4.8225	0.44655
4.8269	0.44308
4.8314	0.43932
4.8359	0.43494
4.8405	0.43001
4.845	0.42422
4.8495	0.41750
4.8541	0.40964
4.8586	0.40064
4.8632	0.39056
4.8677	0.37949
4.8723	0.36775
4.8769	0.35578
4.8815	0.34382
4.8861	0.33235
4.8907	0.32169
4.8953	0.31211
4.8999	0.30354
4.9046	0.29582
4.9092	0.28879
4.9139	0.28215
4.9185	0.27571
4.9232	0.26943
4.9279	0.26352
4.9326	0.25842
4.9373	0.25464
4.942	0.25273
4.9467	0.25286
4.9514	0.25455
4.9562	0.25715
4.9609	0.26020
4.9656	0.26348
4.9704	0.26678
4.9752	0.26994
4.98	0.27293
4.9847	0.27575
4.9895	0.27835
4.9943	0.28075
4.9992	0.28297
5.004	0.28497
5.0088	0.28673
5.0137	0.28836
5.0185	0.28974
5.0234	0.29088
5.0283	0.29184
5.0331	0.29263
5.038	0.29312
5.0429	0.29336
5.0478	0.29340
5.0528	0.29315
5.0577	0.29271
5.0626	0.29195
5.0676	0.29090
5.0725	0.28955
5.0775	0.28790
5.0825	0.28602
5.0875	0.28394
5.0925	0.28169
5.0975	0.27926
5.1025	0.27676
5.1075	0.27427
5.1126	0.27160
5.1176	0.26896
5.1227	0.26642
5.1277	0.26386
5.1328	0.26110
5.1379	0.25809
5.143	0.25499
5.1481	0.25188
5.1532	0.24882
5.1583	0.24583
5.1635	0.24290
5.1686	0.23997
5.1738	0.23692
5.179	0.23366
5.1841	0.23019
5.1893	0.22654
5.1945	0.22287
5.1997	0.21959
5.205	0.21676
5.2102	0.21459
5.2154	0.21320
5.2207	0.21254
5.2259	0.21261
5.2312	0.21318
5.2365	0.21398
5.2418	0.21478
5.2471	0.21553
5.2524	0.21620
5.2577	0.21684
5.2631	0.21751
5.2684	0.21809
5.2738	0.21846
5.2792	0.21853
5.2845	0.21829
5.2899	0.21784
5.2953	0.21713
5.3008	0.21624
5.3062	0.21548
5.3116	0.21488
5.3171	0.21430
5.3225	0.21374
5.328	0.21300
5.3335	0.21186
5.339	0.21009
5.3445	0.20772
5.35	0.20490
5.3555	0.20164
5.361	0.19842
5.3666	0.19572
5.3722	0.19332
5.3777	0.19115
5.3833	0.18902
5.3889	0.18673
5.3945	0.18412
5.4001	0.18131
5.4058	0.17830
5.4114	0.17536
5.4171	0.17257
5.4227	0.17018
5.4284	0.16790
5.4341	0.16598
5.4398	0.16459
5.4455	0.16350
5.4512	0.16279
5.457	0.16258
5.4627	0.16270
5.4685	0.16314
5.4743	0.16374
5.4801	0.16441
5.4859	0.16503
5.4917	0.16560
5.4975	0.16606
5.5033	0.16631
5.5092	0.16632
5.515	0.16605
5.5209	0.16548
5.5268	0.16466
5.5327	0.16359
5.5386	0.16217
5.5445	0.16016
5.5505	0.15743
5.5564	0.15373
5.5624	0.14908
5.5684	0.14354
5.5743	0.13724
5.5803	0.13045
5.5864	0.12329
5.5924	0.11679
5.5984	0.11171
5.6045	0.10767
5.6105	0.10500
5.6166	0.10358
5.6227	0.10337
5.6288	0.10380
5.6349	0.10484
5.6411	0.10627
5.6472	0.10849
5.6534	0.11115
5.6595	0.11441
5.6657	0.11820
5.6719	0.12234
5.6781	0.12664
5.6844	0.13144
5.6906	0.13600
5.6969	0.14054
5.7031	0.14507
5.7094	0.14943
5.7157	0.15371
5.722	0.15801
5.7283	0.16206
5.7347	0.16592
5.741	0.16919
5.7474	0.17178
5.7538	0.17359
5.7601	0.17454
5.7666	0.17472
5.773	0.17406
5.7794	0.17305
5.7859	0.17210
5.7923	0.17081
5.7988	0.16945
5.8053	0.16794
5.8118	0.16666
5.8183	0.16553
5.8249	0.16447
5.8314	0.16336
5.838	0.16254
5.8446	0.16156
5.8512	0.16050
5.8578	0.15938
5.8644	0.15842
5.871	0.15751
5.8777	0.15712
5.8844	0.15694
5.8911	0.15705
5.8978	0.15751
5.9045	0.15813
5.9112	0.15853
5.918	0.15882
5.9247	0.15839
5.9315	0.15751
5.9383	0.15608
5.9451	0.15406
5.9519	0.15217
5.9588	0.15047
5.9656	0.14844
5.9725	0.14648
5.9794	0.14429
5.9863	0.14298
5.9932	0.14223
6.0002	0.14271
6.0071	0.14453
6.0141	0.14818
6.0211	0.15402
6.0281	0.16237
6.0351	0.17243
6.0421	0.18422
6.0492	0.19584
6.0562	0.21041
6.0633	0.22439
6.0704	0.23523
6.0775	0.24576
6.0847	0.25607
6.0918	0.26445
6.099	0.27175
6.1062	0.27782
6.1134	0.28289
6.1206	0.28703
6.1278	0.29085
6.1351	0.29393
6.1423	0.29640
6.1496	0.29809
6.1569	0.29945
6.1643	0.30024
6.1716	0.30064
6.1789	0.30085
6.1863	0.30082
6.1937	0.29992
6.2011	0.29912
6.2085	0.29845
6.216	0.29734
6.2235	0.29599
6.2309	0.29452
6.2384	0.29303
6.2459	0.29157
6.2535	0.29032
6.261	0.28943
6.2686	0.28899
6.2762	0.28923
6.2838	0.29003
6.2914	0.29148
6.2991	0.29343
6.3067	0.29567
6.3144	0.29796
6.3221	0.30002
6.3298	0.30167
6.3376	0.30291
6.3453	0.30370
6.3531	0.30353
6.3609	0.30323
6.3687	0.30311
6.3765	0.30235
6.3844	0.30165
6.3923	0.30160
6.4002	0.30173
6.4081	0.30203
6.416	0.30220
6.424	0.30181
6.4319	0.30242
6.4399	0.30321
6.4479	0.30344
6.456	0.30357
6.464	0.30337
6.4721	0.30319
6.4802	0.30256
6.4883	0.30181
6.4964	0.30113
6.5046	0.30029
6.5127	0.30017
6.5209	0.30055
6.5291	0.30049
6.5374	0.30076
6.5456	0.30132
6.5539	0.30168
6.5622	0.30203
6.5705	0.30248
6.5789	0.30262
6.5872	0.30258
6.5956	0.30275
6.604	0.30231
6.6124	0.30164
6.6209	0.30056
6.6293	0.29901
6.6378	0.29721
6.6463	0.29435
6.6549	0.29201
6.6634	0.29029
6.672	0.28791
6.6806	0.28503
6.6892	0.28182
6.6978	0.27839
6.7065	0.27539
6.7152	0.27173
6.7239	0.26761
6.7326	0.26375
6.7414	0.25982
6.7502	0.25588
6.759	0.25194
6.7678	0.24828
6.7766	0.24510
6.7855	0.24241
6.7944	0.24048
6.8033	0.23916
6.8123	0.23884
6.8212	0.23907
6.8302	0.23945
6.8392	0.23991
6.8483	0.24051
6.8573	0.24081
6.8664	0.24048
6.8755	0.23941
6.8846	0.23845
6.8938	0.23708
6.903	0.23489
6.9122	0.23217
6.9214	0.22903
6.9307	0.22596
6.9399	0.22282
6.9492	0.21949
6.9586	0.21624
6.9679	0.21248
6.9773	0.20853
6.9867	0.20500
6.9961	0.20100
7.0056	0.19672
7.0151	0.19279
7.0246	0.18932
7.0341	0.18655
7.0437	0.18476
7.0532	0.18367
7.0629	0.18313
7.0725	0.18343
7.0822	0.18380
7.0918	0.18410
7.1016	0.18410
7.1113	0.18375
7.1211	0.18284
7.1309	0.18140
7.1407	0.17962
7.1505	0.17767
7.1604	0.17547
7.1703	0.17356
7.1802	0.17166
7.1902	0.17014
7.2002	0.16899
7.2102	0.16820
7.2202	0.16775
7.2303	0.16778
7.2404	0.16790
7.2505	0.16802
7.2607	0.16793
7.2709	0.16761
7.2811	0.16681
7.2913	0.16552
7.3016	0.16383
7.3119	0.16180
7.3222	0.15920
7.3326	0.15656
7.343	0.15389
7.3534	0.15134
7.3638	0.14902
7.3743	0.14700
7.3848	0.14504
7.3953	0.14320
7.4059	0.14129
7.4165	0.13939
7.4271	0.13731
7.4378	0.13517
7.4485	0.13292
7.4592	0.13078
7.4699	0.12865
7.4807	0.12679
7.4915	0.12511
7.5024	0.12368
7.5132	0.12225
7.5241	0.12094
7.5351	0.11974
7.546	0.11893
7.557	0.11840
7.5681	0.11827
7.5791	0.11838
7.5902	0.11883
7.6014	0.11925
7.6125	0.11987
7.6237	0.12055
7.635	0.12117
7.6462	0.12152
7.6575	0.12184
7.6688	0.12192
7.6802	0.12195
7.6916	0.12167
7.703	0.12122
7.7145	0.12066
7.726	0.12025
7.7375	0.11973
7.7491	0.11912
7.7607	0.11829
7.7723	0.11756
7.784	0.11686
7.7957	0.11638
7.8074	0.11606
7.8192	0.11601
7.831	0.11605
7.8429	0.11619
7.8548	0.11617
7.8667	0.11617
7.8786	0.11601
7.8906	0.11572
7.9026	0.11528
7.9147	0.11476
7.9268	0.11401
7.939	0.11316
7.9511	0.11207
7.9633	0.11081
7.9756	0.10934
7.9879	0.10782
8.0002	0.10632
8.0126	0.10495
8.025	0.10345
8.0374	0.10203
8.0499	0.10051
8.0624	0.09905
8.075	0.09756
8.0876	0.09611
8.1002	0.09441
8.1129	0.09256
8.1256	0.09043
8.1384	0.08809
8.1512	0.08569
8.164	0.08345
8.1769	0.08135
8.1898	0.07962
8.2027	0.07826
8.2157	0.07731
8.2288	0.07656
8.2419	0.07606
8.255	0.07558
8.2682	0.07515
8.2814	0.07458
8.2946	0.07393
8.3079	0.07313
8.3212	0.07224
8.3346	0.07118
8.348	0.07014
8.3615	0.06889
8.375	0.06766
8.3886	0.06621
8.4022	0.06476
8.4158	0.06339
8.4295	0.06225
8.4432	0.06119
8.457	0.06041
8.4708	0.05964
8.4847	0.05904
8.4986	0.05840
8.5125	0.05777
8.5265	0.05693
8.5406	0.05604
8.5547	0.05493
8.5688	0.05387
8.583	0.05275
8.5972	0.05171
8.6115	0.05065
8.6258	0.04974
8.6402	0.04881
8.6546	0.04805
8.6691	0.04715
8.6836	0.04634
8.6982	0.04546
8.7128	0.04462
8.7275	0.04369
8.7422	0.04284
8.757	0.04192
8.7718	0.04109
8.7867	0.04034
8.8016	0.03979
8.8166	0.03920
8.8316	0.03870
8.8466	0.03837
8.8618	0.03838
8.8769	0.03849
8.8922	0.03899
8.9074	0.03977
8.9228	0.04101
8.9382	0.04263
8.9536	0.04459
8.9691	0.04685
8.9846	0.04983
9.0002	0.05317
9.0159	0.05702
9.0316	0.06124
9.0474	0.06595
9.0632	0.07096
9.079	0.07643
9.095	0.08236
9.111	0.08883
9.127	0.09576
9.1431	0.10319
9.1593	0.11079
9.1755	0.11918
9.1917	0.12842
9.2081	0.13833
9.2244	0.14832
9.2409	0.15854
9.2574	0.16916
9.2739	0.18001
9.2906	0.19081
9.3072	0.20124
9.324	0.21051
9.3408	0.21751
9.3576	0.22185
9.3746	0.22387
9.3915	0.22442
9.4086	0.22426
9.4257	0.22370
9.4429	0.22312
9.4601	0.22268
9.4774	0.22230
9.4948	0.22200
9.5122	0.22155
9.5297	0.22101
9.5472	0.22047
9.5648	0.21998
9.5825	0.21934
9.6003	0.21878
9.6181	0.21855
9.6359	0.21853
9.6539	0.21877
9.6719	0.21928
9.69	0.21999
9.7081	0.22094
9.7263	0.22215
9.7446	0.22354
9.763	0.22517
9.7814	0.22689
9.7999	0.22858
9.8184	0.23029
9.8371	0.23201
9.8558	0.23366
9.8745	0.23514
9.8934	0.23636
9.9123	0.23744
9.9313	0.23834
9.9504	0.23914
9.9695	0.23990
9.9887	0.24065
10.008	0.24187
10.0273	0.24395
10.0468	0.24709
10.0663	0.25199
10.0859	0.26017
10.1055	0.27297
10.1253	0.28826
10.1451	0.29908
10.165	0.29937
10.1849	0.28857
10.205	0.27104
10.2251	0.25289
10.2453	0.23900
10.2656	0.23107
10.286	0.22888
10.3064	0.23172
10.327	0.23910
10.3476	0.24990
10.3683	0.26258
10.389	0.27502
10.4099	0.28833
10.4309	0.31107
10.4519	0.34526
10.473	0.37576
10.4942	0.39376
10.5155	0.40222
10.5369	0.40533
10.5583	0.40536
10.5799	0.40388
10.6015	0.40140
10.6232	0.39840
10.645	0.39489
10.6669	0.39122
10.6889	0.38736
10.711	0.38356
10.7332	0.37935
10.7555	0.37511
10.7778	0.37068
10.8003	0.36611
10.8228	0.36140
10.8455	0.35664
10.8682	0.35175
10.891	0.34691
10.914	0.34225
10.937	0.33775
10.9601	0.33325
10.9833	0.32878
11.0067	0.32458
11.0301	0.32059
11.0536	0.31655
11.0772	0.31250
11.1009	0.30849
11.1248	0.30465
11.1487	0.30103
11.1727	0.29754
11.1968	0.29402
11.2211	0.29056
11.2454	0.28688
11.2699	0.28291
11.2944	0.27841
11.3191	0.27346
11.3438	0.26792
11.3687	0.26175
11.3937	0.25447
11.4188	0.24592
11.444	0.23521
11.4693	0.22185
11.4948	0.20602
11.5203	0.18884
11.546	0.17256
11.5717	0.15864
11.5976	0.14720
11.6236	0.13771
11.6497	0.12975
11.676	0.12285
11.7023	0.11676
11.7288	0.11118
11.7554	0.10599
11.7821	0.10090
11.809	0.09670
11.8359	0.09484
11.863	0.09639
11.8902	0.10040
11.9176	0.10454
11.945	0.10670
11.9726	0.10631
12.0003	0.10391
12.0282	0.10087
12.0561	0.09786
12.0842	0.09506
12.1125	0.09250
12.1408	0.09008
12.1693	0.08778
12.198	0.08597
12.2267	0.08430
12.2556	0.08271
12.2847	0.08121
12.3139	0.07987
12.3432	0.07863
12.3726	0.07766
12.4022	0.07668
12.432	0.07571
12.4619	0.07497
12.4919	0.07431
12.5221	0.07348
12.5524	0.07270
12.5829	0.07211
12.6135	0.07159
12.6442	0.07092
12.6751	0.07028
12.7062	0.06974
12.7374	0.06932
12.7688	0.06877
12.8003	0.06834
12.832	0.06787
12.8639	0.06743
12.8959	0.06689
12.928	0.06641
12.9603	0.06567
12.9928	0.06499
13.0255	0.06431
13.0583	0.06377
13.0913	0.06309
13.1244	0.06253
13.1577	0.06190
13.1912	0.06129
13.2248	0.06048
13.2587	0.05986
13.2927	0.05920
13.3268	0.05854
13.3612	0.05778
13.3957	0.05720
13.4304	0.05658
13.4653	0.05586
13.5004	0.05514
13.5356	0.05455
13.571	0.05376
13.6067	0.05301
13.6425	0.05211
13.6785	0.05133
13.7146	0.05064
13.751	0.04989
13.7876	0.04874
13.8244	0.04784
13.8613	0.04689
13.8985	0.04610
13.9358	0.04543
13.9734	0.04478
14.0112	0.04381
14.0491	0.04290
14.0873	0.04196
14.1257	0.04131
14.1643	0.04041
14.2031	0.03937
14.2421	0.03842
14.2814	0.03760
14.3208	0.03639
14.3605	0.03552
14.4004	0.03473
14.4405	0.03393
14.4808	0.03320
14.5214	0.03255
14.5622	0.03187
14.6032	0.03127
14.6444	0.03063
14.6859	0.03025
14.7277	0.02974
14.7696	0.02948
14.8118	0.02901
14.8543	0.02852
14.8969	0.02829
14.9399	0.02828
14.983	0.02836
15.0265	0.02885
15.0702	0.02980
15.1141	0.03138
15.1583	0.03354
15.2027	0.03635
15.2475	0.03977
15.2924	0.04428
15.3377	0.04954
15.3832	0.05569
15.429	0.06218
15.475	0.06902
15.5214	0.07578
15.568	0.08228
15.6149	0.08784
15.662	0.09274
15.7095	0.09694
15.7572	0.10032
15.8053	0.10246
15.8536	0.10386
15.9023	0.10459
15.9512	0.10435
16.0004	0.10304
16.05	0.10155
16.0998	0.09974
16.15	0.09756
16.2004	0.09479
16.2512	0.09153
16.3023	0.08776
16.3537	0.08409
16.4055	0.08026
16.4576	0.07628
16.51	0.07218
16.5627	0.06843
16.6158	0.06506
16.6692	0.06200
16.723	0.05889
16.7771	0.05628
16.8316	0.05456
16.8864	0.05429
16.9416	0.05524
16.9972	0.05792
17.0531	0.06229
17.1094	0.06797
17.166	0.07459
17.223	0.08250
17.2805	0.09109
17.3382	0.10017
17.3964	0.10976
17.455	0.12022
17.514	0.13066
17.5733	0.14114
17.6331	0.15112
17.6933	0.15986
17.7539	0.16753
17.8149	0.17390
17.8763	0.17839
17.9382	0.18224
18.0005	0.18680
18.0632	0.19259
18.1263	0.19945
18.1899	0.20752
18.254	0.21489
18.3185	0.21937
18.3835	0.21965
18.4489	0.21929
18.5148	0.22245
18.5811	0.23060
18.648	0.24328
18.7153	0.25820
18.7831	0.27298
18.8514	0.28517
18.9202	0.29287
18.9895	0.29423
19.0593	0.28932
19.1297	0.28003
19.2005	0.26910
19.2719	0.25785
19.3438	0.24692
19.4162	0.23709
19.4892	0.22787
19.5628	0.21987
19.6369	0.21440
19.7115	0.21239
19.7868	0.21256
19.8626	0.20991
19.939	0.20028
20.016	0.18532
20.0935	0.16633
20.1717	0.14735
20.2505	0.12938
20.3299	0.11289
20.41	0.09955
20.4907	0.08882
20.572	0.08057
20.6539	0.07657
20.7365	0.07793
20.8198	0.08543
20.9038	0.09624
20.9884	0.10789
21.0737	0.11687
21.1597	0.12247
21.2465	0.12519
21.3339	0.12486
21.422	0.12116
21.5109	0.11650
21.6006	0.11319
21.6909	0.11397
21.7821	0.12072
21.874	0.13138
21.9667	0.14388
22.0601	0.15663
22.1544	0.17240
22.2495	0.19452
22.3454	0.21633
22.4421	0.23051
22.5397	0.23631
22.6381	0.23860
22.7374	0.24124
22.8376	0.24633
22.9387	0.26007
23.0406	0.28346
23.1435	0.30934
23.2472	0.33259
23.352	0.35118
23.4576	0.36627
23.5643	0.37680
23.6718	0.38225
23.7804	0.38600
23.89	0.38544
24.0006	0.38391
24.1123	0.37793
24.2249	0.36215
24.3387	0.33578
24.4535	0.30150
24.5694	0.27169
24.6864	0.25211
24.8045	0.24382
24.9237	0.24062
25.0441	0.24078
25.1657	0.23803
25.2885	0.22969
25.4124	0.21520
25.5376	0.19840
25.664	0.17496
25.7917	0.15317
25.9207	0.13799
