Brown University Keck/NASA Relab Spectrum OL-JPE-020-T/BKR1OL020T
Wavelength(micron)	Reflectance
0.32	0.22291
0.33	0.27130
0.34	0.33209
0.35	0.38894
0.36	0.43631
0.37	0.47022
0.38	0.49593
0.39	0.51631
0.4	0.53927
0.41	0.56373
0.42	0.58073
0.43	0.59007
0.44	0.60410
0.45	0.60603
0.46	0.62252
0.47	0.63391
0.48	0.65445
0.49	0.66068
0.5	0.68281
0.51	0.70739
0.52	0.72272
0.53	0.73789
0.54	0.75361
0.55	0.76640
0.56	0.77272
0.57	0.77252
0.58	0.76743
0.59	0.76273
0.6	0.75382
0.61	0.74547
0.62	0.73506
0.63	0.72576
0.64	0.72336
0.65	0.72638
0.66	0.72936
0.67	0.72842
0.68	0.72653
0.69	0.71900
0.7	0.70934
0.71	0.69966
0.72	0.68681
0.73	0.67401
0.74	0.66076
0.75	0.64328
0.76	0.62586
0.77	0.60839
0.78	0.59184
0.79	0.57750
0.8	0.56301
0.81	0.55127
0.82	0.53961
0.83	0.52929
0.84	0.52066
0.85	0.51379
0.86	0.50656
0.87	0.49999
0.88	0.49346
0.89	0.48627
0.9	0.47922
0.91	0.46930
0.92	0.45942
0.93	0.44858
0.94	0.43774
0.95	0.42393
0.96	0.41056
0.97	0.39768
0.98	0.38441
0.99	0.37401
1	0.36356
1.01	0.35439
1.02	0.34750
1.03	0.34239
1.04	0.33908
1.05	0.33789
1.06	0.33809
1.07	0.34003
1.08	0.34465
1.09	0.35083
1.1	0.35870
1.11	0.36533
1.12	0.37384
1.13	0.38152
1.14	0.38830
1.15	0.39410
1.16	0.39920
1.17	0.40381
1.18	0.40985
1.19	0.41302
1.2	0.41720
1.21	0.42036
1.22	0.42395
1.23	0.42813
1.24	0.43322
1.25	0.43711
1.26	0.44161
1.27	0.44708
1.28	0.45286
1.29	0.45928
1.3	0.46608
1.31	0.47299
1.32	0.48142
1.33	0.49067
1.34	0.49978
1.35	0.50843
1.36	0.51691
1.37	0.52942
1.38	0.53790
1.39	0.55004
1.4	0.56120
1.41	0.57199
1.42	0.58360
1.43	0.59607
1.44	0.60797
1.45	0.62015
1.46	0.63171
1.47	0.64281
1.48	0.65545
1.49	0.66757
1.5	0.67894
1.51	0.68976
1.52	0.70013
1.53	0.71148
1.54	0.72269
1.55	0.73151
1.56	0.74119
1.57	0.74943
1.58	0.75865
1.59	0.76655
1.6	0.77415
1.61	0.78031
1.62	0.78712
1.63	0.79298
1.64	0.79816
1.65	0.80325
1.6508	0.80337
1.6513	0.80379
1.6519	0.80440
1.6524	0.80420
1.6529	0.80398
1.6534	0.80431
1.654	0.80415
1.6545	0.80393
1.655	0.80462
1.6556	0.80562
1.6561	0.80570
1.6566	0.80545
1.6572	0.80558
1.6577	0.80570
1.6582	0.80589
1.6587	0.80640
1.6593	0.80714
1.6598	0.80719
1.6603	0.80708
1.6609	0.80782
1.6614	0.80796
1.6619	0.80738
1.6625	0.80749
1.663	0.80779
1.6635	0.80785
1.6641	0.80839
1.6646	0.80905
1.6651	0.80904
1.6657	0.80863
1.6662	0.80847
1.6667	0.80879
1.6673	0.80932
1.6678	0.80999
1.6683	0.81046
1.6689	0.81036
1.6694	0.81005
1.67	0.81029
1.6705	0.81090
1.671	0.81137
1.6716	0.81112
1.6721	0.81095
1.6727	0.81129
1.6732	0.81129
1.6737	0.81156
1.6743	0.81182
1.6748	0.81195
1.6754	0.81157
1.6759	0.81149
1.6764	0.81200
1.677	0.81236
1.6775	0.81254
1.6781	0.81308
1.6786	0.81335
1.6792	0.81313
1.6797	0.81329
1.6803	0.81324
1.6808	0.81327
1.6813	0.81339
1.6819	0.81360
1.6824	0.81383
1.683	0.81399
1.6835	0.81401
1.6841	0.81402
1.6846	0.81433
1.6852	0.81476
1.6857	0.81493
1.6863	0.81501
1.6868	0.81553
1.6873	0.81565
1.6879	0.81544
1.6884	0.81522
1.689	0.81510
1.6896	0.81539
1.6901	0.81581
1.6907	0.81589
1.6912	0.81637
1.6918	0.81647
1.6923	0.81608
1.6929	0.81645
1.6934	0.81724
1.694	0.81742
1.6945	0.81748
1.6951	0.81792
1.6956	0.81778
1.6962	0.81772
1.6967	0.81798
1.6973	0.81761
1.6978	0.81734
1.6984	0.81779
1.699	0.81810
1.6995	0.81809
1.7001	0.81816
1.7006	0.81820
1.7012	0.81829
1.7018	0.81871
1.7023	0.81923
1.7029	0.81933
1.7034	0.81886
1.704	0.81865
1.7046	0.81882
1.7051	0.81889
1.7057	0.81906
1.7062	0.81941
1.7068	0.81980
1.7074	0.81974
1.7079	0.81970
1.7085	0.81977
1.7091	0.82005
1.7096	0.82043
1.7102	0.82060
1.7107	0.82062
1.7113	0.82047
1.7119	0.82043
1.7124	0.82096
1.713	0.82099
1.7136	0.82131
1.7141	0.82155
1.7147	0.82168
1.7153	0.82209
1.7158	0.82227
1.7164	0.82228
1.717	0.82255
1.7175	0.82263
1.7181	0.82275
1.7187	0.82278
1.7193	0.82258
1.7198	0.82299
1.7204	0.82318
1.721	0.82347
1.7215	0.82367
1.7221	0.82381
1.7227	0.82403
1.7233	0.82427
1.7238	0.82447
1.7244	0.82425
1.725	0.82411
1.7255	0.82425
1.7261	0.82438
1.7267	0.82464
1.7273	0.82502
1.7278	0.82508
1.7284	0.82491
1.729	0.82485
1.7296	0.82482
1.7302	0.82488
1.7307	0.82517
1.7313	0.82546
1.7319	0.82561
1.7325	0.82587
1.733	0.82633
1.7336	0.82657
1.7342	0.82650
1.7348	0.82641
1.7354	0.82629
1.7359	0.82643
1.7365	0.82658
1.7371	0.82658
1.7377	0.82697
1.7383	0.82701
1.7388	0.82720
1.7394	0.82702
1.74	0.82714
1.7406	0.82769
1.7412	0.82774
1.7418	0.82779
1.7424	0.82790
1.7429	0.82794
1.7435	0.82763
1.7441	0.82769
1.7447	0.82835
1.7453	0.82854
1.7459	0.82843
1.7465	0.82838
1.7471	0.82845
1.7476	0.82884
1.7482	0.82900
1.7488	0.82863
1.7494	0.82885
1.75	0.82905
1.7506	0.82913
1.7512	0.82944
1.7518	0.82961
1.7524	0.82957
1.753	0.82958
1.7536	0.82979
1.7542	0.82981
1.7547	0.82997
1.7553	0.83023
1.7559	0.83034
1.7565	0.83058
1.7571	0.83057
1.7577	0.83074
1.7583	0.83077
1.7589	0.83058
1.7595	0.83081
1.7601	0.83087
1.7607	0.83074
1.7613	0.83117
1.7619	0.83178
1.7625	0.83207
1.7631	0.83235
1.7637	0.83244
1.7643	0.83236
1.7649	0.83238
1.7655	0.83268
1.7661	0.83274
1.7667	0.83272
1.7673	0.83267
1.7679	0.83259
1.7685	0.83271
1.7691	0.83268
1.7697	0.83267
1.7703	0.83289
1.7709	0.83317
1.7715	0.83333
1.7721	0.83368
1.7727	0.83398
1.7733	0.83395
1.7739	0.83365
1.7746	0.83387
1.7752	0.83424
1.7758	0.83435
1.7764	0.83452
1.777	0.83435
1.7776	0.83421
1.7782	0.83440
1.7788	0.83480
1.7794	0.83477
1.78	0.83490
1.7807	0.83515
1.7813	0.83505
1.7819	0.83532
1.7825	0.83578
1.7831	0.83562
1.7837	0.83557
1.7843	0.83577
1.7849	0.83586
1.7856	0.83566
1.7862	0.83546
1.7868	0.83551
1.7874	0.83577
1.788	0.83580
1.7886	0.83603
1.7893	0.83640
1.7899	0.83638
1.7905	0.83639
1.7911	0.83653
1.7917	0.83664
1.7923	0.83658
1.793	0.83656
1.7936	0.83647
1.7942	0.83640
1.7948	0.83672
1.7954	0.83713
1.7961	0.83709
1.7967	0.83704
1.7973	0.83734
1.7979	0.83744
1.7986	0.83713
1.7992	0.83720
1.7998	0.83763
1.8004	0.83783
1.8011	0.83783
1.8017	0.83790
1.8023	0.83772
1.8029	0.83766
1.8036	0.83790
1.8042	0.83813
1.8048	0.83838
1.8055	0.83855
1.8061	0.83851
1.8067	0.83842
1.8073	0.83868
1.808	0.83862
1.8086	0.83841
1.8092	0.83849
1.8099	0.83851
1.8105	0.83868
1.8111	0.83862
1.8118	0.83888
1.8124	0.83911
1.813	0.83874
1.8137	0.83882
1.8143	0.83934
1.8149	0.83953
1.8156	0.83950
1.8162	0.83956
1.8168	0.83988
1.8175	0.84003
1.8181	0.83991
1.8188	0.83980
1.8194	0.83987
1.82	0.83989
1.8207	0.83987
1.8213	0.83983
1.8219	0.83977
1.8226	0.83983
1.8232	0.84014
1.8239	0.84003
1.8245	0.83990
1.8252	0.84026
1.8258	0.84055
1.8264	0.84043
1.8271	0.84052
1.8277	0.84062
1.8284	0.84091
1.829	0.84115
1.8297	0.84102
1.8303	0.84118
1.831	0.84143
1.8316	0.84129
1.8323	0.84123
1.8329	0.84132
1.8336	0.84134
1.8342	0.84157
1.8348	0.84168
1.8355	0.84134
1.8362	0.84122
1.8368	0.84171
1.8374	0.84210
1.8381	0.84196
1.8388	0.84196
1.8394	0.84188
1.8401	0.84197
1.8407	0.84217
1.8414	0.84219
1.842	0.84235
1.8427	0.84237
1.8433	0.84217
1.844	0.84215
1.8446	0.84228
1.8453	0.84268
1.8459	0.84284
1.8466	0.84271
1.8473	0.84275
1.8479	0.84283
1.8486	0.84297
1.8493	0.84319
1.8499	0.84326
1.8506	0.84333
1.8512	0.84335
1.8519	0.84349
1.8526	0.84348
1.8532	0.84346
1.8539	0.84356
1.8545	0.84365
1.8552	0.84359
1.8559	0.84348
1.8565	0.84370
1.8572	0.84393
1.8579	0.84410
1.8585	0.84431
1.8592	0.84445
1.8599	0.84442
1.8605	0.84403
1.8612	0.84398
1.8619	0.84402
1.8625	0.84409
1.8632	0.84427
1.8639	0.84418
1.8645	0.84421
1.8652	0.84459
1.8659	0.84473
1.8666	0.84477
1.8672	0.84482
1.8679	0.84474
1.8686	0.84494
1.8693	0.84520
1.8699	0.84500
1.8706	0.84489
1.8713	0.84489
1.8719	0.84500
1.8726	0.84506
1.8733	0.84525
1.874	0.84541
1.8747	0.84524
1.8753	0.84520
1.876	0.84547
1.8767	0.84561
1.8774	0.84569
1.8781	0.84574
1.8787	0.84593
1.8794	0.84577
1.8801	0.84567
1.8808	0.84569
1.8815	0.84568
1.8821	0.84554
1.8828	0.84543
1.8835	0.84567
1.8842	0.84601
1.8849	0.84603
1.8856	0.84589
1.8863	0.84578
1.8869	0.84595
1.8876	0.84618
1.8883	0.84625
1.889	0.84638
1.8897	0.84653
1.8904	0.84658
1.8911	0.84653
1.8918	0.84624
1.8924	0.84613
1.8931	0.84628
1.8938	0.84651
1.8945	0.84638
1.8952	0.84625
1.8959	0.84637
1.8966	0.84639
1.8973	0.84650
1.898	0.84654
1.8987	0.84666
1.8994	0.84660
1.9001	0.84655
1.9008	0.84664
1.9015	0.84670
1.9022	0.84676
1.9029	0.84692
1.9036	0.84688
1.9043	0.84669
1.905	0.84664
1.9057	0.84655
1.9064	0.84659
1.9071	0.84664
1.9078	0.84686
1.9085	0.84718
1.9092	0.84721
1.9099	0.84705
1.9106	0.84716
1.9113	0.84711
1.912	0.84714
1.9127	0.84708
1.9134	0.84702
1.9141	0.84741
1.9148	0.84760
1.9155	0.84748
1.9162	0.84750
1.9169	0.84754
1.9176	0.84744
1.9183	0.84752
1.9191	0.84754
1.9198	0.84757
1.9205	0.84768
1.9212	0.84780
1.9219	0.84805
1.9226	0.84815
1.9233	0.84825
1.9241	0.84820
1.9248	0.84814
1.9255	0.84825
1.9262	0.84831
1.9269	0.84833
1.9276	0.84848
1.9283	0.84841
1.9291	0.84823
1.9298	0.84831
1.9305	0.84845
1.9312	0.84855
1.9319	0.84872
1.9327	0.84882
1.9334	0.84890
1.9341	0.84898
1.9348	0.84889
1.9355	0.84885
1.9363	0.84914
1.937	0.84918
1.9377	0.84908
1.9384	0.84912
1.9392	0.84921
1.9399	0.84946
1.9406	0.84962
1.9413	0.84975
1.9421	0.84983
1.9428	0.85001
1.9435	0.85020
1.9443	0.85003
1.945	0.84977
1.9457	0.84975
1.9464	0.84996
1.9472	0.85030
1.9479	0.85037
1.9486	0.85043
1.9494	0.85060
1.9501	0.85067
1.9508	0.85055
1.9516	0.85050
1.9523	0.85065
1.953	0.85075
1.9538	0.85078
1.9545	0.85095
1.9553	0.85106
1.956	0.85087
1.9567	0.85105
1.9575	0.85120
1.9582	0.85105
1.9589	0.85102
1.9597	0.85122
1.9604	0.85141
1.9612	0.85161
1.9619	0.85174
1.9627	0.85159
1.9634	0.85155
1.9641	0.85161
1.9649	0.85157
1.9656	0.85188
1.9664	0.85203
1.9671	0.85195
1.9679	0.85196
1.9686	0.85210
1.9694	0.85221
1.9701	0.85241
1.9708	0.85251
1.9716	0.85234
1.9723	0.85215
1.9731	0.85221
1.9738	0.85237
1.9746	0.85259
1.9754	0.85263
1.9761	0.85269
1.9769	0.85280
1.9776	0.85288
1.9784	0.85288
1.9791	0.85288
1.9799	0.85301
1.9806	0.85303
1.9814	0.85316
1.9822	0.85332
1.9829	0.85308
1.9837	0.85303
1.9844	0.85320
1.9852	0.85322
1.9859	0.85333
1.9867	0.85355
1.9875	0.85376
1.9882	0.85384
1.989	0.85370
1.9898	0.85369
1.9905	0.85382
1.9913	0.85376
1.9921	0.85382
1.9928	0.85397
1.9936	0.85385
1.9943	0.85388
1.9951	0.85405
1.9959	0.85421
1.9967	0.85425
1.9974	0.85435
1.9982	0.85438
1.999	0.85431
1.9997	0.85424
2.0005	0.85446
2.0013	0.85459
2.0021	0.85458
2.0028	0.85453
2.0036	0.85448
2.0044	0.85448
2.0052	0.85458
2.0059	0.85455
2.0067	0.85453
2.0075	0.85457
2.0083	0.85452
2.009	0.85471
2.0098	0.85502
2.0106	0.85504
2.0114	0.85494
2.0122	0.85491
2.0129	0.85504
2.0137	0.85509
2.0145	0.85533
2.0153	0.85521
2.0161	0.85513
2.0168	0.85524
2.0176	0.85519
2.0184	0.85523
2.0192	0.85529
2.02	0.85530
2.0208	0.85538
2.0216	0.85539
2.0224	0.85534
2.0232	0.85513
2.0239	0.85529
2.0247	0.85558
2.0255	0.85563
2.0263	0.85540
2.0271	0.85528
2.0279	0.85532
2.0287	0.85535
2.0295	0.85538
2.0303	0.85554
2.0311	0.85563
2.0319	0.85559
2.0327	0.85550
2.0335	0.85564
2.0343	0.85582
2.0351	0.85580
2.0359	0.85569
2.0367	0.85566
2.0375	0.85558
2.0383	0.85569
2.0391	0.85585
2.0399	0.85570
2.0407	0.85566
2.0415	0.85588
2.0423	0.85589
2.0431	0.85575
2.0439	0.85568
2.0447	0.85577
2.0455	0.85579
2.0463	0.85574
2.0471	0.85572
2.0479	0.85572
2.0487	0.85563
2.0495	0.85559
2.0504	0.85555
2.0512	0.85552
2.052	0.85552
2.0528	0.85562
2.0536	0.85562
2.0544	0.85554
2.0552	0.85547
2.056	0.85559
2.0569	0.85582
2.0577	0.85576
2.0585	0.85566
2.0593	0.85574
2.0601	0.85571
2.0609	0.85563
2.0618	0.85573
2.0626	0.85568
2.0634	0.85551
2.0642	0.85559
2.0651	0.85570
2.0659	0.85571
2.0667	0.85571
2.0675	0.85568
2.0683	0.85574
2.0692	0.85582
2.07	0.85584
2.0708	0.85579
2.0716	0.85557
2.0725	0.85564
2.0733	0.85579
2.0741	0.85578
2.075	0.85569
2.0758	0.85581
2.0766	0.85615
2.0775	0.85610
2.0783	0.85596
2.0791	0.85609
2.08	0.85620
2.0808	0.85626
2.0816	0.85625
2.0825	0.85627
2.0833	0.85641
2.0841	0.85671
2.085	0.85684
2.0858	0.85684
2.0867	0.85679
2.0875	0.85675
2.0883	0.85696
2.0892	0.85705
2.09	0.85688
2.0909	0.85701
2.0917	0.85710
2.0926	0.85701
2.0934	0.85692
2.0942	0.85701
2.0951	0.85712
2.0959	0.85713
2.0968	0.85707
2.0976	0.85713
2.0985	0.85727
2.0993	0.85733
2.1002	0.85724
2.101	0.85724
2.1019	0.85740
2.1027	0.85764
2.1036	0.85765
2.1044	0.85749
2.1053	0.85749
2.1061	0.85749
2.107	0.85749
2.1079	0.85764
2.1087	0.85763
2.1096	0.85779
2.1104	0.85798
2.1113	0.85791
2.1122	0.85796
2.113	0.85806
2.1139	0.85823
2.1147	0.85834
2.1156	0.85829
2.1165	0.85814
2.1173	0.85822
2.1182	0.85838
2.1191	0.85842
2.1199	0.85854
2.1208	0.85863
2.1217	0.85857
2.1225	0.85859
2.1234	0.85871
2.1243	0.85880
2.1251	0.85883
2.126	0.85883
2.1269	0.85901
2.1278	0.85921
2.1286	0.85927
2.1295	0.85918
2.1304	0.85923
2.1313	0.85939
2.1321	0.85951
2.133	0.85946
2.1339	0.85949
2.1348	0.85964
2.1356	0.85978
2.1365	0.85982
2.1374	0.85994
2.1383	0.85995
2.1392	0.85995
2.1401	0.86010
2.1409	0.86026
2.1418	0.86016
2.1427	0.86008
2.1436	0.86022
2.1445	0.86032
2.1454	0.86039
2.1463	0.86041
2.1471	0.86037
2.148	0.86047
2.1489	0.86060
2.1498	0.86063
2.1507	0.86068
2.1516	0.86066
2.1525	0.86071
2.1534	0.86077
2.1543	0.86079
2.1552	0.86093
2.1561	0.86096
2.157	0.86086
2.1579	0.86104
2.1588	0.86134
2.1597	0.86137
2.1606	0.86143
2.1615	0.86146
2.1624	0.86132
2.1633	0.86129
2.1642	0.86144
2.1651	0.86140
2.166	0.86149
2.1669	0.86165
2.1678	0.86155
2.1687	0.86145
2.1696	0.86157
2.1705	0.86172
2.1714	0.86185
2.1723	0.86195
2.1733	0.86199
2.1742	0.86212
2.1751	0.86214
2.176	0.86197
2.1769	0.86197
2.1778	0.86221
2.1787	0.86247
2.1796	0.86247
2.1806	0.86241
2.1815	0.86244
2.1824	0.86234
2.1833	0.86228
2.1842	0.86240
2.1851	0.86250
2.1861	0.86266
2.187	0.86265
2.1879	0.86261
2.1888	0.86263
2.1898	0.86273
2.1907	0.86277
2.1916	0.86272
2.1926	0.86274
2.1935	0.86294
2.1944	0.86295
2.1953	0.86293
2.1963	0.86302
2.1972	0.86299
2.1981	0.86309
2.1991	0.86316
2.2	0.86299
2.2009	0.86305
2.2019	0.86311
2.2028	0.86310
2.2037	0.86311
2.2047	0.86322
2.2056	0.86331
2.2065	0.86331
2.2075	0.86325
2.2084	0.86324
2.2094	0.86324
2.2103	0.86330
2.2113	0.86337
2.2122	0.86358
2.2131	0.86358
2.2141	0.86346
2.215	0.86356
2.216	0.86370
2.2169	0.86365
2.2179	0.86350
2.2188	0.86356
2.2198	0.86362
2.2207	0.86359
2.2217	0.86358
2.2226	0.86364
2.2236	0.86360
2.2245	0.86354
2.2255	0.86362
2.2264	0.86370
2.2274	0.86382
2.2284	0.86375
2.2293	0.86349
2.2303	0.86331
2.2312	0.86331
2.2322	0.86321
2.2331	0.86311
2.2341	0.86295
2.2351	0.86276
2.236	0.86268
2.237	0.86258
2.238	0.86240
2.2389	0.86224
2.2399	0.86205
2.2409	0.86195
2.2418	0.86187
2.2428	0.86176
2.2438	0.86158
2.2448	0.86141
2.2457	0.86130
2.2467	0.86125
2.2477	0.86105
2.2486	0.86086
2.2496	0.86081
2.2506	0.86078
2.2516	0.86068
2.2526	0.86058
2.2535	0.86067
2.2545	0.86071
2.2555	0.86064
2.2565	0.86056
2.2575	0.86066
2.2584	0.86072
2.2594	0.86061
2.2604	0.86055
2.2614	0.86053
2.2624	0.86065
2.2634	0.86069
2.2644	0.86055
2.2654	0.86035
2.2663	0.86044
2.2673	0.86060
2.2683	0.86062
2.2693	0.86049
2.2703	0.86036
2.2713	0.86027
2.2723	0.86029
2.2733	0.86006
2.2743	0.85986
2.2753	0.85980
2.2763	0.85985
2.2773	0.85982
2.2783	0.85969
2.2793	0.85947
2.2803	0.85937
2.2813	0.85929
2.2823	0.85922
2.2833	0.85903
2.2843	0.85889
2.2853	0.85864
2.2863	0.85841
2.2873	0.85828
2.2884	0.85812
2.2894	0.85797
2.2904	0.85786
2.2914	0.85777
2.2924	0.85770
2.2934	0.85756
2.2944	0.85741
2.2954	0.85735
2.2965	0.85748
2.2975	0.85738
2.2985	0.85729
2.2995	0.85722
2.3005	0.85720
2.3016	0.85722
2.3026	0.85735
2.3036	0.85736
2.3046	0.85733
2.3056	0.85735
2.3067	0.85750
2.3077	0.85763
2.3087	0.85764
2.3098	0.85764
2.3108	0.85765
2.3118	0.85764
2.3129	0.85775
2.3139	0.85786
2.3149	0.85795
2.3159	0.85800
2.317	0.85814
2.318	0.85830
2.3191	0.85863
2.3201	0.85903
2.3211	0.85922
2.3222	0.85921
2.3232	0.85947
2.3243	0.85979
2.3253	0.86000
2.3263	0.86021
2.3274	0.86043
2.3284	0.86061
2.3295	0.86071
2.3305	0.86084
2.3316	0.86104
2.3326	0.86108
2.3337	0.86114
2.3347	0.86109
2.3358	0.86103
2.3368	0.86129
2.3379	0.86142
2.3389	0.86144
2.34	0.86151
2.341	0.86146
2.3421	0.86139
2.3432	0.86147
2.3442	0.86158
2.3453	0.86169
2.3463	0.86184
2.3474	0.86187
2.3485	0.86188
2.3495	0.86192
2.3506	0.86214
2.3517	0.86228
2.3527	0.86245
2.3538	0.86256
2.3549	0.86260
2.3559	0.86254
2.357	0.86249
2.3581	0.86254
2.3591	0.86273
2.3602	0.86279
2.3613	0.86278
2.3624	0.86282
2.3634	0.86286
2.3645	0.86283
2.3656	0.86297
2.3667	0.86299
2.3678	0.86290
2.3689	0.86295
2.3699	0.86301
2.371	0.86292
2.3721	0.86288
2.3732	0.86299
2.3743	0.86302
2.3754	0.86303
2.3764	0.86295
2.3775	0.86286
2.3786	0.86287
2.3797	0.86285
2.3808	0.86299
2.3819	0.86301
2.383	0.86302
2.3841	0.86302
2.3852	0.86304
2.3863	0.86302
2.3874	0.86304
2.3885	0.86312
2.3896	0.86324
2.3907	0.86339
2.3918	0.86335
2.3929	0.86329
2.394	0.86333
2.3951	0.86341
2.3962	0.86357
2.3973	0.86365
2.3984	0.86363
2.3996	0.86363
2.4007	0.86377
2.4018	0.86380
2.4029	0.86387
2.404	0.86395
2.4051	0.86402
2.4062	0.86403
2.4074	0.86413
2.4085	0.86418
2.4096	0.86410
2.4107	0.86401
2.4118	0.86417
2.4129	0.86429
2.4141	0.86442
2.4152	0.86441
2.4163	0.86424
2.4174	0.86424
2.4186	0.86435
2.4197	0.86436
2.4208	0.86439
2.422	0.86432
2.4231	0.86433
2.4242	0.86429
2.4254	0.86421
2.4265	0.86416
2.4276	0.86416
2.4288	0.86417
2.4299	0.86427
2.4311	0.86411
2.4322	0.86386
2.4333	0.86383
2.4345	0.86388
2.4356	0.86386
2.4368	0.86383
2.4379	0.86382
2.4391	0.86367
2.4402	0.86355
2.4414	0.86351
2.4425	0.86340
2.4436	0.86337
2.4448	0.86338
2.446	0.86331
2.4471	0.86323
2.4483	0.86318
2.4494	0.86315
2.4506	0.86317
2.4517	0.86323
2.4529	0.86322
2.4541	0.86310
2.4552	0.86310
2.4564	0.86317
2.4576	0.86321
2.4587	0.86317
2.4599	0.86301
2.4611	0.86292
2.4622	0.86292
2.4634	0.86291
2.4646	0.86290
2.4657	0.86292
2.4669	0.86294
2.4681	0.86288
2.4693	0.86282
2.4704	0.86281
2.4716	0.86277
2.4728	0.86273
2.474	0.86286
2.4751	0.86298
2.4763	0.86305
2.4775	0.86300
2.4787	0.86297
2.4799	0.86302
2.4811	0.86308
2.4823	0.86322
2.4834	0.86323
2.4846	0.86325
2.4858	0.86339
2.487	0.86348
2.4882	0.86352
2.4894	0.86355
2.4906	0.86355
2.4918	0.86359
2.493	0.86366
2.4942	0.86371
2.4954	0.86379
2.4966	0.86385
2.4978	0.86387
2.499	0.86402
2.5002	0.86407
2.5014	0.86408
2.5026	0.86421
2.5038	0.86432
2.505	0.86440
2.5063	0.86441
2.5075	0.86451
2.5087	0.86465
2.5099	0.86470
2.5111	0.86467
2.5123	0.86479
2.5135	0.86490
2.5148	0.86497
2.516	0.86506
2.5172	0.86509
2.5184	0.86511
2.5196	0.86522
2.5209	0.86529
2.5221	0.86540
2.5233	0.86551
2.5246	0.86559
2.5258	0.86571
2.527	0.86584
2.5283	0.86593
2.5295	0.86596
2.5307	0.86593
2.5319	0.86598
2.5332	0.86611
2.5344	0.86621
2.5357	0.86620
2.5369	0.86629
2.5381	0.86641
2.5394	0.86647
2.5406	0.86652
2.5419	0.86653
2.5431	0.86666
2.5444	0.86677
2.5456	0.86677
2.5469	0.86677
2.5481	0.86689
2.5494	0.86692
2.5506	0.86697
2.5519	0.86716
2.5531	0.86724
2.5544	0.86719
2.5557	0.86711
2.5569	0.86713
2.5582	0.86717
2.5594	0.86721
2.5607	0.86720
2.562	0.86727
2.5632	0.86732
2.5645	0.86736
2.5658	0.86745
2.5671	0.86755
2.5683	0.86753
2.5696	0.86751
2.5709	0.86758
2.5721	0.86756
2.5734	0.86768
2.5747	0.86788
2.576	0.86774
2.5773	0.86770
2.5785	0.86777
2.5798	0.86782
2.5811	0.86783
2.5824	0.86787
2.5837	0.86786
2.585	0.86791
2.5863	0.86796
2.5875	0.86802
2.5888	0.86808
2.5901	0.86812
2.5914	0.86804
2.5927	0.86800
2.594	0.86795
2.5953	0.86807
2.5966	0.86820
2.5979	0.86808
2.5992	0.86799
2.6005	0.86805
2.6018	0.86806
2.6031	0.86801
2.6044	0.86801
2.6058	0.86806
2.6071	0.86807
2.6084	0.86805
2.6097	0.86799
2.611	0.86793
2.6123	0.86793
2.6136	0.86793
2.6149	0.86792
2.6163	0.86782
2.6176	0.86788
2.6189	0.86778
2.6202	0.86767
2.6216	0.86782
2.6229	0.86785
2.6242	0.86772
2.6255	0.86755
2.6269	0.86746
2.6282	0.86752
2.6295	0.86746
2.6309	0.86745
2.6322	0.86751
2.6335	0.86733
2.6349	0.86719
2.6362	0.86715
2.6376	0.86707
2.6389	0.86693
2.6402	0.86685
2.6416	0.86686
2.6429	0.86682
2.6443	0.86667
2.6456	0.86650
2.647	0.86642
2.6483	0.86633
2.6497	0.86616
2.651	0.86593
2.6524	0.86576
2.6538	0.86570
2.6551	0.86559
2.6565	0.86543
2.6578	0.86525
2.6592	0.86508
2.6606	0.86493
2.6619	0.86475
2.6633	0.86448
2.6647	0.86414
2.666	0.86395
2.6674	0.86346
2.6688	0.86251
2.6701	0.86136
2.6715	0.86064
2.6729	0.86018
2.6743	0.85970
2.6757	0.85913
2.677	0.85837
2.6784	0.85723
2.6798	0.85564
2.6812	0.85382
2.6826	0.85161
2.684	0.84901
2.6854	0.84575
2.6868	0.84194
2.6881	0.83739
2.6895	0.83194
2.6909	0.82569
2.6923	0.81888
2.6937	0.81165
2.6951	0.80445
2.6965	0.79733
2.6979	0.79014
2.6993	0.78307
2.7008	0.77681
2.7021	0.77158
2.7036	0.76723
2.705	0.76323
2.7064	0.75929
2.7078	0.75531
2.7092	0.75131
2.7106	0.74734
2.7121	0.74350
2.7135	0.73972
2.7149	0.73642
2.7163	0.73391
2.7177	0.73254
2.7192	0.73236
2.7206	0.73278
2.722	0.73353
2.7234	0.73433
2.7249	0.73523
2.7263	0.73614
2.7277	0.73674
2.7292	0.73701
2.7306	0.73697
2.7321	0.73678
2.7335	0.73641
2.7349	0.73580
2.7364	0.73490
2.7378	0.73368
2.7393	0.73245
2.7407	0.73124
2.7422	0.72977
2.7436	0.72819
2.7451	0.72662
2.7465	0.72495
2.748	0.72317
2.7494	0.72138
2.7509	0.71955
2.7524	0.71772
2.7538	0.71591
2.7553	0.71416
2.7567	0.71264
2.7582	0.71131
2.7597	0.71001
2.7611	0.70879
2.7626	0.70779
2.7641	0.70701
2.7656	0.70615
2.767	0.70513
2.7685	0.70403
2.77	0.70279
2.7715	0.70148
2.773	0.70022
2.7744	0.69890
2.7759	0.69750
2.7774	0.69601
2.7789	0.69470
2.7804	0.69344
2.7819	0.69227
2.7834	0.69112
2.7849	0.68978
2.7864	0.68837
2.7879	0.68701
2.7894	0.68568
2.7909	0.68443
2.7924	0.68326
2.7939	0.68220
2.7954	0.68140
2.7969	0.68068
2.7984	0.67995
2.7999	0.67939
2.8014	0.67912
2.8029	0.67910
2.8044	0.67910
2.806	0.67911
2.8075	0.67926
2.809	0.67962
2.8105	0.68003
2.8121	0.68040
2.8136	0.68088
2.8151	0.68155
2.8166	0.68223
2.8182	0.68289
2.8197	0.68362
2.8212	0.68446
2.8228	0.68539
2.8243	0.68641
2.8259	0.68737
2.8274	0.68823
2.8289	0.68904
2.8305	0.68985
2.832	0.69069
2.8336	0.69141
2.8351	0.69208
2.8367	0.69265
2.8382	0.69314
2.8398	0.69366
2.8413	0.69409
2.8429	0.69447
2.8444	0.69481
2.846	0.69508
2.8476	0.69521
2.8491	0.69525
2.8507	0.69525
2.8523	0.69525
2.8538	0.69511
2.8554	0.69492
2.857	0.69473
2.8586	0.69450
2.8601	0.69419
2.8617	0.69389
2.8633	0.69359
2.8649	0.69322
2.8665	0.69287
2.8681	0.69243
2.8696	0.69206
2.8712	0.69172
2.8728	0.69131
2.8744	0.69092
2.876	0.69046
2.8776	0.69008
2.8792	0.68973
2.8808	0.68927
2.8824	0.68880
2.884	0.68844
2.8856	0.68810
2.8872	0.68771
2.8888	0.68739
2.8904	0.68700
2.892	0.68660
2.8937	0.68629
2.8953	0.68601
2.8969	0.68561
2.8985	0.68518
2.9001	0.68480
2.9018	0.68438
2.9034	0.68403
2.905	0.68367
2.9066	0.68326
2.9083	0.68292
2.9099	0.68256
2.9115	0.68227
2.9132	0.68198
2.9148	0.68169
2.9164	0.68135
2.9181	0.68098
2.9197	0.68065
2.9214	0.68036
2.923	0.68012
2.9247	0.67987
2.9263	0.67956
2.928	0.67925
2.9296	0.67896
2.9313	0.67864
2.9329	0.67834
2.9346	0.67803
2.9363	0.67782
2.9379	0.67763
2.9396	0.67734
2.9413	0.67706
2.9429	0.67676
2.9446	0.67651
2.9463	0.67633
2.9479	0.67614
2.9496	0.67589
2.9513	0.67563
2.953	0.67539
2.9547	0.67516
2.9564	0.67493
2.958	0.67467
2.9597	0.67445
2.9614	0.67428
2.9631	0.67407
2.9648	0.67383
2.9665	0.67368
2.9682	0.67350
2.9699	0.67333
2.9716	0.67312
2.9733	0.67291
2.975	0.67274
2.9767	0.67258
2.9784	0.67250
2.9801	0.67251
2.9818	0.67242
2.9836	0.67230
2.9853	0.67219
2.987	0.67217
2.9887	0.67220
2.9904	0.67218
2.9922	0.67209
2.9939	0.67201
2.9956	0.67190
2.9974	0.67179
2.9991	0.67169
3.0008	0.67156
3.0026	0.67141
3.0043	0.67119
3.0061	0.67099
3.0078	0.67080
3.0095	0.67050
3.0113	0.67018
3.013	0.66980
3.0148	0.66930
3.0165	0.66876
3.0183	0.66830
3.0201	0.66775
3.0218	0.66717
3.0236	0.66651
3.0253	0.66579
3.0271	0.66510
3.0289	0.66433
3.0306	0.66341
3.0324	0.66251
3.0342	0.66164
3.036	0.66072
3.0377	0.65980
3.0395	0.65879
3.0413	0.65781
3.0431	0.65686
3.0449	0.65585
3.0467	0.65486
3.0485	0.65394
3.0503	0.65314
3.0521	0.65231
3.0538	0.65151
3.0556	0.65082
3.0574	0.65013
3.0593	0.64946
3.0611	0.64885
3.0629	0.64832
3.0647	0.64789
3.0665	0.64749
3.0683	0.64720
3.0701	0.64698
3.0719	0.64680
3.0738	0.64668
3.0756	0.64654
3.0774	0.64651
3.0792	0.64651
3.0811	0.64653
3.0829	0.64663
3.0847	0.64677
3.0866	0.64698
3.0884	0.64721
3.0902	0.64749
3.0921	0.64779
3.0939	0.64809
3.0958	0.64836
3.0976	0.64867
3.0995	0.64902
3.1013	0.64933
3.1032	0.64959
3.1051	0.64986
3.1069	0.65020
3.1088	0.65049
3.1106	0.65068
3.1125	0.65095
3.1144	0.65123
3.1162	0.65144
3.1181	0.65155
3.12	0.65165
3.1219	0.65178
3.1238	0.65193
3.1256	0.65205
3.1275	0.65206
3.1294	0.65210
3.1313	0.65214
3.1332	0.65216
3.1351	0.65222
3.137	0.65223
3.1389	0.65228
3.1408	0.65237
3.1427	0.65242
3.1446	0.65249
3.1465	0.65260
3.1484	0.65279
3.1503	0.65303
3.1522	0.65329
3.1541	0.65356
3.1561	0.65386
3.158	0.65421
3.1599	0.65458
3.1619	0.65497
3.1638	0.65530
3.1657	0.65567
3.1676	0.65607
3.1696	0.65646
3.1715	0.65685
3.1735	0.65725
3.1754	0.65761
3.1773	0.65797
3.1793	0.65838
3.1812	0.65876
3.1832	0.65903
3.1851	0.65934
3.1871	0.65969
3.1891	0.66006
3.191	0.66040
3.193	0.66073
3.195	0.66099
3.1969	0.66125
3.1989	0.66150
3.2009	0.66176
3.2029	0.66202
3.2048	0.66229
3.2068	0.66248
3.2088	0.66274
3.2108	0.66303
3.2128	0.66327
3.2148	0.66345
3.2168	0.66360
3.2188	0.66379
3.2208	0.66398
3.2228	0.66416
3.2248	0.66433
3.2268	0.66447
3.2288	0.66468
3.2308	0.66483
3.2328	0.66500
3.2348	0.66519
3.2368	0.66537
3.2389	0.66552
3.2409	0.66566
3.2429	0.66584
3.2449	0.66606
3.247	0.66624
3.249	0.66644
3.2511	0.66665
3.2531	0.66684
3.2551	0.66702
3.2572	0.66723
3.2592	0.66744
3.2613	0.66769
3.2633	0.66795
3.2654	0.66817
3.2674	0.66843
3.2695	0.66870
3.2716	0.66896
3.2736	0.66922
3.2757	0.66952
3.2778	0.66977
3.2798	0.66997
3.2819	0.67023
3.284	0.67048
3.2861	0.67075
3.2882	0.67102
3.2902	0.67128
3.2923	0.67156
3.2944	0.67184
3.2965	0.67213
3.2986	0.67242
3.3007	0.67266
3.3028	0.67288
3.3049	0.67309
3.307	0.67330
3.3091	0.67347
3.3113	0.67359
3.3134	0.67364
3.3155	0.67374
3.3176	0.67383
3.3197	0.67377
3.3219	0.67373
3.324	0.67375
3.3261	0.67371
3.3283	0.67359
3.3304	0.67347
3.3325	0.67334
3.3347	0.67314
3.3368	0.67290
3.339	0.67267
3.3411	0.67242
3.3433	0.67206
3.3454	0.67162
3.3476	0.67108
3.3498	0.67049
3.3519	0.66983
3.3541	0.66904
3.3563	0.66811
3.3584	0.66708
3.3606	0.66592
3.3628	0.66467
3.365	0.66335
3.3672	0.66195
3.3694	0.66058
3.3715	0.65940
3.3737	0.65846
3.3759	0.65765
3.3781	0.65697
3.3803	0.65655
3.3825	0.65637
3.3847	0.65625
3.3869	0.65610
3.3892	0.65591
3.3914	0.65555
3.3936	0.65494
3.3958	0.65414
3.3981	0.65320
3.4003	0.65210
3.4025	0.65090
3.4047	0.64976
3.407	0.64874
3.4092	0.64783
3.4115	0.64720
3.4137	0.64690
3.416	0.64709
3.4182	0.64784
3.4205	0.64915
3.4227	0.65093
3.425	0.65300
3.4273	0.65500
3.4295	0.65686
3.4318	0.65852
3.4341	0.65992
3.4363	0.66105
3.4386	0.66197
3.4409	0.66271
3.4432	0.66325
3.4455	0.66370
3.4478	0.66421
3.4501	0.66467
3.4523	0.66514
3.4546	0.66570
3.4569	0.66630
3.4593	0.66694
3.4616	0.66765
3.4639	0.66829
3.4662	0.66884
3.4685	0.66929
3.4708	0.66960
3.4732	0.66981
3.4755	0.66996
3.4778	0.67008
3.4801	0.67010
3.4825	0.67006
3.4848	0.66993
3.4872	0.66968
3.4895	0.66929
3.4919	0.66873
3.4942	0.66804
3.4966	0.66734
3.4989	0.66696
3.5013	0.66725
3.5037	0.66833
3.506	0.67006
3.5084	0.67218
3.5108	0.67446
3.5132	0.67671
3.5155	0.67883
3.5179	0.68071
3.5203	0.68232
3.5227	0.68368
3.5251	0.68474
3.5275	0.68564
3.5299	0.68641
3.5323	0.68709
3.5347	0.68770
3.5371	0.68830
3.5395	0.68884
3.5419	0.68932
3.5444	0.68972
3.5468	0.69013
3.5492	0.69052
3.5517	0.69093
3.5541	0.69134
3.5565	0.69169
3.559	0.69202
3.5614	0.69240
3.5639	0.69272
3.5663	0.69301
3.5688	0.69330
3.5712	0.69359
3.5737	0.69382
3.5761	0.69405
3.5786	0.69427
3.5811	0.69450
3.5836	0.69461
3.586	0.69469
3.5885	0.69480
3.591	0.69496
3.5935	0.69507
3.596	0.69509
3.5985	0.69511
3.601	0.69515
3.6035	0.69511
3.606	0.69510
3.6085	0.69505
3.611	0.69499
3.6135	0.69496
3.6161	0.69485
3.6186	0.69472
3.6211	0.69462
3.6236	0.69447
3.6262	0.69439
3.6287	0.69429
3.6313	0.69416
3.6338	0.69408
3.6363	0.69395
3.6389	0.69382
3.6414	0.69374
3.644	0.69364
3.6466	0.69358
3.6491	0.69352
3.6517	0.69346
3.6543	0.69347
3.6569	0.69351
3.6594	0.69354
3.662	0.69358
3.6646	0.69360
3.6672	0.69365
3.6698	0.69374
3.6724	0.69385
3.675	0.69395
3.6776	0.69405
3.6802	0.69416
3.6828	0.69425
3.6854	0.69428
3.6881	0.69429
3.6907	0.69431
3.6933	0.69434
3.6959	0.69434
3.6986	0.69427
3.7012	0.69417
3.7039	0.69411
3.7065	0.69403
3.7092	0.69397
3.7118	0.69384
3.7145	0.69372
3.7171	0.69365
3.7198	0.69354
3.7225	0.69341
3.7252	0.69323
3.7278	0.69300
3.7305	0.69280
3.7332	0.69260
3.7359	0.69243
3.7386	0.69221
3.7413	0.69195
3.744	0.69170
3.7467	0.69149
3.7494	0.69120
3.7521	0.69086
3.7548	0.69055
3.7576	0.69027
3.7603	0.68996
3.763	0.68967
3.7657	0.68936
3.7685	0.68905
3.7712	0.68870
3.774	0.68835
3.7767	0.68802
3.7795	0.68771
3.7822	0.68739
3.785	0.68702
3.7877	0.68665
3.7905	0.68633
3.7933	0.68597
3.7961	0.68564
3.7988	0.68533
3.8016	0.68501
3.8044	0.68471
3.8072	0.68442
3.81	0.68412
3.8128	0.68390
3.8156	0.68363
3.8184	0.68340
3.8212	0.68320
3.8241	0.68300
3.8269	0.68288
3.8297	0.68278
3.8325	0.68266
3.8354	0.68260
3.8382	0.68261
3.8411	0.68260
3.8439	0.68255
3.8468	0.68251
3.8496	0.68254
3.8525	0.68255
3.8553	0.68256
3.8582	0.68259
3.8611	0.68261
3.8639	0.68262
3.8668	0.68258
3.8697	0.68254
3.8726	0.68255
3.8755	0.68259
3.8784	0.68263
3.8813	0.68266
3.8842	0.68266
3.8871	0.68266
3.89	0.68264
3.8929	0.68259
3.8959	0.68255
3.8988	0.68253
3.9017	0.68250
3.9047	0.68246
3.9076	0.68241
3.9106	0.68238
3.9135	0.68233
3.9165	0.68227
3.9194	0.68222
3.9224	0.68219
3.9254	0.68210
3.9284	0.68197
3.9313	0.68181
3.9343	0.68166
3.9373	0.68150
3.9403	0.68132
3.9433	0.68110
3.9463	0.68087
3.9493	0.68059
3.9523	0.68028
3.9553	0.67990
3.9583	0.67954
3.9614	0.67914
3.9644	0.67870
3.9674	0.67820
3.9705	0.67766
3.9735	0.67711
3.9766	0.67653
3.9796	0.67582
3.9826	0.67512
3.9857	0.67441
3.9888	0.67369
3.9919	0.67298
3.9949	0.67224
3.998	0.67155
4.0011	0.67089
4.0042	0.67029
4.0073	0.66984
4.0104	0.66947
4.0135	0.66922
4.0166	0.66910
4.0197	0.66910
4.0228	0.66924
4.0259	0.66950
4.0291	0.66982
4.0322	0.67021
4.0353	0.67056
4.0385	0.67084
4.0416	0.67111
4.0448	0.67140
4.0479	0.67163
4.0511	0.67177
4.0543	0.67182
4.0574	0.67189
4.0606	0.67189
4.0638	0.67183
4.067	0.67176
4.0702	0.67167
4.0734	0.67155
4.0766	0.67142
4.0798	0.67124
4.083	0.67108
4.0862	0.67088
4.0894	0.67068
4.0927	0.67047
4.0959	0.67025
4.0991	0.67002
4.1024	0.66978
4.1056	0.66954
4.1089	0.66929
4.1121	0.66900
4.1154	0.66872
4.1187	0.66844
4.122	0.66813
4.1252	0.66782
4.1285	0.66749
4.1318	0.66716
4.1351	0.66684
4.1384	0.66646
4.1417	0.66609
4.145	0.66571
4.1483	0.66530
4.1516	0.66490
4.155	0.66452
4.1583	0.66412
4.1616	0.66371
4.165	0.66330
4.1683	0.66287
4.1717	0.66241
4.175	0.66196
4.1784	0.66156
4.1818	0.66115
4.1852	0.66071
4.1885	0.66024
4.1919	0.65975
4.1953	0.65933
4.1987	0.65893
4.2021	0.65852
4.2055	0.65809
4.2089	0.65768
4.2124	0.65725
4.2158	0.65678
4.2192	0.65627
4.2226	0.65580
4.2261	0.65527
4.2295	0.65472
4.233	0.65421
4.2365	0.65372
4.2399	0.65321
4.2434	0.65267
4.2469	0.65211
4.2503	0.65155
4.2538	0.65093
4.2573	0.65034
4.2608	0.64978
4.2643	0.64921
4.2678	0.64864
4.2713	0.64813
4.2749	0.64760
4.2784	0.64706
4.2819	0.64647
4.2855	0.64591
4.289	0.64537
4.2926	0.64481
4.2961	0.64429
4.2997	0.64377
4.3033	0.64317
4.3068	0.64261
4.3104	0.64210
4.314	0.64158
4.3176	0.64101
4.3212	0.64039
4.3248	0.63980
4.3284	0.63926
4.332	0.63869
4.3356	0.63812
4.3393	0.63745
4.3429	0.63678
4.3465	0.63616
4.3502	0.63556
4.3538	0.63498
4.3575	0.63438
4.3611	0.63373
4.3648	0.63309
4.3685	0.63243
4.3722	0.63180
4.3759	0.63119
4.3796	0.63058
4.3833	0.62998
4.387	0.62942
4.3907	0.62885
4.3944	0.62828
4.3981	0.62765
4.4019	0.62704
4.4056	0.62644
4.4094	0.62588
4.4131	0.62533
4.4169	0.62475
4.4206	0.62413
4.4244	0.62353
4.4282	0.62288
4.432	0.62225
4.4358	0.62168
4.4396	0.62110
4.4434	0.62047
4.4472	0.61988
4.451	0.61924
4.4548	0.61862
4.4586	0.61798
4.4625	0.61734
4.4663	0.61668
4.4702	0.61604
4.474	0.61539
4.4779	0.61474
4.4818	0.61406
4.4856	0.61338
4.4895	0.61269
4.4934	0.61201
4.4973	0.61133
4.5012	0.61061
4.5051	0.60987
4.509	0.60919
4.513	0.60847
4.5169	0.60772
4.5208	0.60695
4.5248	0.60619
4.5287	0.60542
4.5327	0.60458
4.5367	0.60374
4.5406	0.60295
4.5446	0.60211
4.5486	0.60130
4.5526	0.60044
4.5566	0.59956
4.5606	0.59870
4.5646	0.59788
4.5686	0.59708
4.5727	0.59627
4.5767	0.59541
4.5808	0.59463
4.5848	0.59382
4.5889	0.59302
4.5929	0.59229
4.597	0.59151
4.6011	0.59073
4.6052	0.59000
4.6093	0.58921
4.6134	0.58848
4.6175	0.58776
4.6216	0.58704
4.6257	0.58631
4.6298	0.58557
4.634	0.58487
4.6381	0.58420
4.6423	0.58348
4.6464	0.58280
4.6506	0.58211
4.6548	0.58146
4.659	0.58080
4.6631	0.58013
4.6673	0.57944
4.6715	0.57873
4.6758	0.57801
4.68	0.57729
4.6842	0.57653
4.6884	0.57579
4.6927	0.57504
4.6969	0.57422
4.7012	0.57338
4.7055	0.57261
4.7097	0.57177
4.714	0.57093
4.7183	0.57005
4.7226	0.56917
4.7269	0.56825
4.7312	0.56729
4.7355	0.56632
4.7399	0.56534
4.7442	0.56433
4.7485	0.56336
4.7529	0.56233
4.7573	0.56126
4.7616	0.56015
4.766	0.55900
4.7704	0.55774
4.7748	0.55643
4.7792	0.55507
4.7836	0.55369
4.788	0.55216
4.7924	0.55051
4.7969	0.54880
4.8013	0.54700
4.8058	0.54515
4.8102	0.54324
4.8147	0.54112
4.8191	0.53886
4.8236	0.53642
4.8281	0.53375
4.8326	0.53076
4.8371	0.52739
4.8416	0.52355
4.8462	0.51917
4.8507	0.51411
4.8553	0.50825
4.8598	0.50152
4.8644	0.49393
4.8689	0.48556
4.8735	0.47662
4.8781	0.46737
4.8827	0.45807
4.8873	0.44899
4.8919	0.44049
4.8965	0.43266
4.9011	0.42549
4.9058	0.41895
4.9104	0.41283
4.9151	0.40699
4.9197	0.40137
4.9244	0.39594
4.9291	0.39090
4.9338	0.38657
4.9385	0.38345
4.9432	0.38191
4.9479	0.38195
4.9526	0.38323
4.9574	0.38530
4.9621	0.38773
4.9669	0.39034
4.9716	0.39296
4.9764	0.39550
4.9812	0.39794
4.986	0.40019
4.9908	0.40230
4.9956	0.40423
5.0004	0.40594
5.0052	0.40749
5.01	0.40890
5.0149	0.41014
5.0198	0.41122
5.0246	0.41211
5.0295	0.41281
5.0344	0.41332
5.0393	0.41362
5.0442	0.41375
5.0491	0.41364
5.054	0.41330
5.0589	0.41281
5.0639	0.41212
5.0688	0.41120
5.0738	0.41001
5.0788	0.40861
5.0837	0.40709
5.0887	0.40540
5.0937	0.40356
5.0987	0.40161
5.1037	0.39959
5.1088	0.39748
5.1138	0.39532
5.1189	0.39306
5.1239	0.39071
5.129	0.38820
5.1341	0.38553
5.1391	0.38272
5.1443	0.37988
5.1494	0.37715
5.1545	0.37446
5.1596	0.37173
5.1647	0.36907
5.1699	0.36635
5.175	0.36353
5.1802	0.36059
5.1854	0.35742
5.1906	0.35414
5.1958	0.35096
5.201	0.34801
5.2062	0.34553
5.2115	0.34360
5.2167	0.34227
5.222	0.34155
5.2272	0.34135
5.2325	0.34153
5.2378	0.34194
5.2431	0.34239
5.2484	0.34284
5.2537	0.34330
5.259	0.34372
5.2644	0.34411
5.2697	0.34440
5.2751	0.34449
5.2805	0.34443
5.2858	0.34415
5.2912	0.34364
5.2966	0.34294
5.302	0.34216
5.3075	0.34144
5.3129	0.34078
5.3184	0.34013
5.3238	0.33942
5.3293	0.33841
5.3348	0.33698
5.3403	0.33499
5.3458	0.33253
5.3513	0.32973
5.3568	0.32675
5.3624	0.32389
5.3679	0.32129
5.3735	0.31894
5.379	0.31669
5.3846	0.31434
5.3902	0.31174
5.3958	0.30888
5.4015	0.30582
5.4071	0.30272
5.4127	0.29976
5.4184	0.29704
5.4241	0.29456
5.4297	0.29233
5.4354	0.29047
5.4411	0.28901
5.4469	0.28801
5.4526	0.28747
5.4583	0.28734
5.4641	0.28756
5.4698	0.28803
5.4756	0.28856
5.4814	0.28916
5.4872	0.28973
5.493	0.29016
5.4988	0.29043
5.5047	0.29047
5.5105	0.29029
5.5164	0.28989
5.5223	0.28921
5.5281	0.28822
5.534	0.28685
5.54	0.28493
5.5459	0.28233
5.5518	0.27883
5.5578	0.27429
5.5637	0.26862
5.5697	0.26194
5.5757	0.25458
5.5817	0.24690
5.5877	0.23951
5.5937	0.23300
5.5998	0.22767
5.6058	0.22381
5.6119	0.22137
5.618	0.22017
5.6241	0.21996
5.6302	0.22059
5.6363	0.22200
5.6424	0.22436
5.6486	0.22750
5.6547	0.23138
5.6609	0.23594
5.6671	0.24095
5.6733	0.24628
5.6795	0.25177
5.6857	0.25711
5.692	0.26233
5.6982	0.26737
5.7045	0.27219
5.7108	0.27693
5.7171	0.28151
5.7234	0.28580
5.7297	0.28973
5.736	0.29311
5.7424	0.29590
5.7488	0.29799
5.7551	0.29917
5.7615	0.29948
5.768	0.29918
5.7744	0.29833
5.7808	0.29704
5.7873	0.29555
5.7937	0.29397
5.8002	0.29241
5.8067	0.29096
5.8132	0.28970
5.8197	0.28868
5.8263	0.28777
5.8328	0.28670
5.8394	0.28554
5.846	0.28428
5.8526	0.28297
5.8592	0.28178
5.8658	0.28082
5.8725	0.28017
5.8791	0.27990
5.8858	0.27992
5.8925	0.28005
5.8992	0.28046
5.9059	0.28072
5.9126	0.28074
5.9194	0.28042
5.9262	0.27954
5.9329	0.27819
5.9397	0.27645
5.9465	0.27438
5.9534	0.27212
5.9602	0.26966
5.9671	0.26714
5.974	0.26464
5.9808	0.26245
5.9878	0.26097
5.9947	0.26054
6.0016	0.26151
6.0086	0.26434
6.0155	0.26938
6.0225	0.27680
6.0295	0.28632
6.0365	0.29741
6.0436	0.30916
6.0506	0.32138
6.0577	0.33274
6.0648	0.34270
6.0719	0.35174
6.079	0.35965
6.0861	0.36618
6.0933	0.37164
6.1005	0.37618
6.1076	0.37993
6.1149	0.38298
6.1221	0.38536
6.1293	0.38708
6.1365	0.38840
6.1438	0.38934
6.1511	0.38995
6.1584	0.39024
6.1657	0.39028
6.1731	0.39007
6.1804	0.38971
6.1878	0.38918
6.1952	0.38847
6.2026	0.38761
6.21	0.38662
6.2175	0.38557
6.225	0.38446
6.2324	0.38333
6.2399	0.38229
6.2475	0.38131
6.255	0.38051
6.2625	0.37999
6.2701	0.37986
6.2777	0.38018
6.2853	0.38086
6.293	0.38183
6.3006	0.38308
6.3083	0.38439
6.3159	0.38576
6.3236	0.38704
6.3314	0.38803
6.3391	0.38873
6.3469	0.38921
6.3546	0.38928
6.3624	0.38917
6.3703	0.38899
6.3781	0.38885
6.3859	0.38887
6.3938	0.38916
6.4017	0.38961
6.4096	0.39027
6.4175	0.39114
6.4255	0.39190
6.4335	0.39259
6.4415	0.39325
6.4495	0.39374
6.4575	0.39409
6.4656	0.39436
6.4736	0.39453
6.4817	0.39456
6.4898	0.39451
6.498	0.39443
6.5061	0.39431
6.5143	0.39420
6.5225	0.39425
6.5307	0.39438
6.539	0.39459
6.5472	0.39493
6.5555	0.39530
6.5638	0.39567
6.5721	0.39603
6.5804	0.39619
6.5888	0.39614
6.5972	0.39596
6.6056	0.39559
6.614	0.39502
6.6225	0.39420
6.6309	0.39322
6.6394	0.39211
6.6479	0.39073
6.6565	0.38925
6.665	0.38774
6.6736	0.38614
6.6822	0.38447
6.6908	0.38266
6.6995	0.38064
6.7081	0.37848
6.7168	0.37612
6.7255	0.37354
6.7343	0.37070
6.743	0.36770
6.7518	0.36458
6.7606	0.36143
6.7694	0.35851
6.7783	0.35594
6.7871	0.35375
6.796	0.35202
6.805	0.35082
6.8139	0.35020
6.8229	0.34999
6.8319	0.34992
6.8409	0.34985
6.8499	0.34978
6.859	0.34963
6.868	0.34926
6.8772	0.34857
6.8863	0.34755
6.8955	0.34605
6.9046	0.34401
6.9138	0.34156
6.9231	0.33879
6.9323	0.33574
6.9416	0.33250
6.9509	0.32917
6.9602	0.32567
6.9696	0.32198
6.979	0.31810
6.9884	0.31404
6.9978	0.30984
7.0073	0.30574
7.0168	0.30196
7.0263	0.29869
7.0358	0.29613
7.0454	0.29444
7.0549	0.29339
7.0645	0.29282
7.0742	0.29263
7.0839	0.29261
7.0935	0.29252
7.1033	0.29215
7.113	0.29138
7.1228	0.29020
7.1326	0.28862
7.1424	0.28673
7.1522	0.28464
7.1621	0.28258
7.172	0.28062
7.182	0.27879
7.1919	0.27717
7.2019	0.27594
7.2119	0.27508
7.222	0.27458
7.232	0.27431
7.2421	0.27420
7.2523	0.27409
7.2624	0.27385
7.2726	0.27335
7.2828	0.27243
7.2931	0.27109
7.3033	0.26934
7.3136	0.26719
7.324	0.26483
7.3343	0.26240
7.3447	0.26001
7.3551	0.25774
7.3656	0.25569
7.3761	0.25371
7.3866	0.25176
7.3971	0.24980
7.4077	0.24779
7.4183	0.24562
7.4289	0.24327
7.4396	0.24079
7.4502	0.23832
7.461	0.23588
7.4717	0.23358
7.4825	0.23141
7.4933	0.22938
7.5041	0.22743
7.515	0.22561
7.5259	0.22397
7.5369	0.22260
7.5479	0.22156
7.5589	0.22094
7.5699	0.22077
7.581	0.22089
7.592	0.22122
7.6032	0.22169
7.6144	0.22218
7.6255	0.22267
7.6368	0.22303
7.648	0.22327
7.6593	0.22340
7.6707	0.22338
7.682	0.22308
7.6934	0.22254
7.7049	0.22184
7.7163	0.22094
7.7278	0.21985
7.7394	0.21863
7.7509	0.21728
7.7625	0.21593
7.7742	0.21465
7.7858	0.21355
7.7975	0.21271
7.8093	0.21208
7.8211	0.21159
7.8329	0.21124
7.8447	0.21089
7.8566	0.21045
7.8685	0.20989
7.8805	0.20912
7.8925	0.20818
7.9045	0.20724
7.9166	0.20619
7.9287	0.20505
7.9408	0.20378
7.953	0.20232
7.9652	0.20057
7.9775	0.19854
7.9898	0.19621
8.0021	0.19361
8.0145	0.19083
8.0269	0.18802
8.0393	0.18524
8.0518	0.18253
8.0643	0.17981
8.0769	0.17708
8.0895	0.17422
8.1021	0.17121
8.1148	0.16806
8.1275	0.16478
8.1403	0.16132
8.1531	0.15787
8.1659	0.15462
8.1788	0.15170
8.1917	0.14916
8.2047	0.14697
8.2177	0.14505
8.2307	0.14341
8.2438	0.14190
8.2569	0.14048
8.2701	0.13904
8.2833	0.13752
8.2966	0.13596
8.3099	0.13422
8.3232	0.13226
8.3366	0.13024
8.35	0.12810
8.3635	0.12580
8.377	0.12339
8.3905	0.12100
8.4042	0.11862
8.4178	0.11629
8.4315	0.11411
8.4452	0.11215
8.459	0.11033
8.4728	0.10868
8.4867	0.10705
8.5006	0.10537
8.5145	0.10367
8.5285	0.10188
8.5426	0.09992
8.5567	0.09794
8.5708	0.09593
8.585	0.09396
8.5993	0.09200
8.6135	0.09005
8.6279	0.08810
8.6423	0.08620
8.6567	0.08432
8.6712	0.08249
8.6857	0.08068
8.7003	0.07887
8.7149	0.07704
8.7296	0.07525
8.7443	0.07344
8.759	0.07186
8.7739	0.07044
8.7887	0.06916
8.8037	0.06799
8.8186	0.06704
8.8337	0.06625
8.8487	0.06573
8.8638	0.06552
8.879	0.06563
8.8943	0.06608
8.9095	0.06700
8.9249	0.06845
8.9403	0.07034
8.9557	0.07256
8.9712	0.07525
8.9867	0.07845
9.0023	0.08220
9.018	0.08643
9.0337	0.09122
9.0495	0.09651
9.0653	0.10235
9.0812	0.10872
9.0971	0.11562
9.1131	0.12311
9.1291	0.13125
9.1452	0.14008
9.1614	0.14956
9.1776	0.15965
9.1939	0.17029
9.2102	0.18143
9.2266	0.19302
9.243	0.20500
9.2595	0.21736
9.2761	0.22984
9.2927	0.24199
9.3094	0.25322
9.3262	0.26225
9.343	0.26807
9.3598	0.27072
9.3768	0.27102
9.3938	0.26998
9.4108	0.26841
9.4279	0.26674
9.4451	0.26514
9.4623	0.26363
9.4796	0.26205
9.497	0.26043
9.5144	0.25875
9.5319	0.25689
9.5494	0.25479
9.567	0.25239
9.5847	0.24995
9.6025	0.24757
9.6203	0.24531
9.6382	0.24322
9.6561	0.24116
9.6742	0.23920
9.6922	0.23743
9.7104	0.23564
9.7286	0.23399
9.7469	0.23240
9.7652	0.23088
9.7837	0.22950
9.8022	0.22812
9.8207	0.22668
9.8394	0.22519
9.8581	0.22382
9.8768	0.22258
9.8957	0.22147
9.9146	0.22048
9.9336	0.21960
9.9527	0.21888
9.9718	0.21852
9.991	0.21855
10.0103	0.21922
10.0297	0.22085
10.0491	0.22372
10.0686	0.22851
10.0882	0.23607
10.1079	0.24579
10.1276	0.25398
10.1475	0.25627
10.1673	0.25132
10.1873	0.24104
10.2074	0.22918
10.2275	0.21950
10.2477	0.21388
10.268	0.21237
10.2884	0.21425
10.3088	0.21890
10.3294	0.22584
10.35	0.23412
10.3707	0.24196
10.3915	0.24844
10.4123	0.25867
10.4333	0.28071
10.4543	0.30847
10.4754	0.32951
10.4967	0.34172
10.5179	0.34787
10.5393	0.35011
10.5608	0.35008
10.5823	0.34881
10.604	0.34653
10.6257	0.34369
10.6475	0.34040
10.6694	0.33687
10.6914	0.33322
10.7135	0.32945
10.7357	0.32570
10.758	0.32199
10.7803	0.31829
10.8028	0.31449
10.8254	0.31069
10.848	0.30699
10.8708	0.30339
10.8936	0.29998
10.9165	0.29682
10.9395	0.29386
10.9627	0.29105
10.9859	0.28836
11.0092	0.28572
11.0327	0.28305
11.0562	0.28040
11.0798	0.27774
11.1035	0.27497
11.1274	0.27234
11.1513	0.26992
11.1753	0.26747
11.1995	0.26484
11.2237	0.26209
11.248	0.25891
11.2725	0.25521
11.297	0.25109
11.3217	0.24657
11.3465	0.24179
11.3714	0.23650
11.3964	0.23022
11.4215	0.22246
11.4467	0.21233
11.472	0.19961
11.4975	0.18540
11.523	0.17157
11.5487	0.15954
11.5745	0.14970
11.6003	0.14170
11.6263	0.13519
11.6525	0.12968
11.6787	0.12476
11.7051	0.12005
11.7316	0.11539
11.7582	0.11059
11.7849	0.10593
11.8117	0.10276
11.8387	0.10269
11.8658	0.10605
11.893	0.11081
11.9203	0.11444
11.9478	0.11610
11.9754	0.11619
12.0031	0.11549
12.031	0.11480
12.059	0.11458
12.0871	0.11475
12.1153	0.11519
12.1437	0.11600
12.1722	0.11682
12.2008	0.11773
12.2296	0.11869
12.2585	0.11950
12.2876	0.12033
12.3168	0.12132
12.3461	0.12252
12.3755	0.12398
12.4052	0.12558
12.4349	0.12711
12.4648	0.12848
12.4948	0.12984
12.525	0.13122
12.5553	0.13252
12.5858	0.13370
12.6164	0.13468
12.6472	0.13555
12.6781	0.13637
12.7092	0.13708
12.7404	0.13773
12.7718	0.13832
12.8033	0.13880
12.835	0.13922
12.8669	0.13954
12.8989	0.13953
12.9311	0.13940
12.9634	0.13907
12.9959	0.13849
13.0285	0.13782
13.0613	0.13707
13.0943	0.13618
13.1275	0.13513
13.1608	0.13399
13.1943	0.13284
13.228	0.13183
13.2618	0.13082
13.2958	0.12987
13.33	0.12894
13.3643	0.12786
13.3988	0.12682
13.4336	0.12571
13.4685	0.12469
13.5035	0.12366
13.5388	0.12253
13.5742	0.12121
13.6099	0.11964
13.6457	0.11801
13.6817	0.11642
13.7179	0.11469
13.7543	0.11285
13.7909	0.11094
13.8276	0.10897
13.8646	0.10717
13.9018	0.10538
13.9392	0.10338
13.9767	0.10141
14.0145	0.09954
14.0525	0.09760
14.0907	0.09559
14.129	0.09341
14.1677	0.09117
14.2065	0.08896
14.2455	0.08669
14.2847	0.08446
14.3242	0.08223
14.3639	0.07984
14.4038	0.07752
14.4439	0.07529
14.4843	0.07323
14.5248	0.07128
14.5656	0.06947
14.6067	0.06785
14.6479	0.06621
14.6894	0.06466
14.7312	0.06313
14.7731	0.06147
14.8153	0.06002
14.8578	0.05879
14.9005	0.05791
14.9434	0.05753
14.9866	0.05740
15.03	0.05778
15.0737	0.05880
15.1177	0.06040
15.1619	0.06280
15.2063	0.06612
15.2511	0.07035
15.2961	0.07562
15.3413	0.08195
15.3868	0.08900
15.4326	0.09659
15.4787	0.10457
15.525	0.11207
15.5717	0.11885
15.6186	0.12462
15.6658	0.12925
15.7132	0.13284
15.761	0.13542
15.809	0.13686
15.8574	0.13702
15.906	0.13619
15.955	0.13457
16.0042	0.13217
16.0538	0.12933
16.1036	0.12617
16.1538	0.12252
16.2043	0.11841
16.2551	0.11399
16.3062	0.10955
16.3576	0.10503
16.4094	0.10054
16.4615	0.09623
16.5139	0.09223
16.5667	0.08842
16.6198	0.08497
16.6732	0.08172
16.727	0.07865
16.7811	0.07632
16.8356	0.07498
16.8904	0.07461
16.9456	0.07565
17.0012	0.07786
17.0571	0.08135
17.1134	0.08596
17.1701	0.09140
17.2272	0.09764
17.2846	0.10450
17.3424	0.11184
17.4006	0.11993
17.4592	0.12851
17.5182	0.13711
17.5775	0.14537
17.6373	0.15269
17.6975	0.15882
17.7581	0.16330
17.8192	0.16668
17.8806	0.16965
17.9425	0.17291
18.0048	0.17688
18.0675	0.18141
18.1307	0.18676
18.1943	0.19229
18.2584	0.19601
18.3229	0.19629
18.3879	0.19515
18.4533	0.19518
18.5192	0.19772
18.5856	0.20358
18.6524	0.21277
18.7198	0.22358
18.7876	0.23388
18.8559	0.24132
18.9247	0.24370
18.9941	0.24105
19.0639	0.23506
19.1342	0.22756
19.2051	0.21893
19.2765	0.21032
19.3484	0.20280
19.4209	0.19622
19.4939	0.19034
19.5675	0.18599
19.6416	0.18369
19.7163	0.18380
19.7915	0.18452
19.8674	0.18173
19.9438	0.17333
20.0208	0.16082
20.0984	0.14765
20.1766	0.13490
20.2554	0.12241
20.3348	0.11114
20.4149	0.10116
20.4956	0.09233
20.5769	0.08594
20.6589	0.08366
20.7415	0.08540
20.8248	0.09104
20.9088	0.09918
20.9934	0.10774
21.0788	0.11500
21.1648	0.12033
21.2516	0.12406
21.339	0.12482
21.4272	0.12270
21.5161	0.11870
21.6057	0.11567
21.6962	0.11656
21.7873	0.12159
21.8793	0.13050
21.972	0.14157
22.0655	0.15385
22.1598	0.16826
22.2549	0.18290
22.3508	0.19380
22.4475	0.19914
22.5451	0.20150
22.6436	0.20182
22.7429	0.20391
22.8431	0.21072
22.9442	0.22230
23.0461	0.23790
23.149	0.25352
23.2528	0.26673
23.3576	0.27616
23.4633	0.28204
23.5699	0.28593
23.6775	0.28919
23.7861	0.29181
23.8958	0.29238
24.0064	0.28805
24.118	0.28103
24.2307	0.26870
24.3445	0.24915
24.4594	0.22886
24.5753	0.21264
24.6923	0.20189
24.8104	0.19746
24.9297	0.19471
25.0502	0.19200
