Brown University Keck/NASA Relab Spectrum JB-JLB-967/BKR1JB967
Wavelength(micron)	Reflectance
0.28	0.27000
0.285	0.22926
0.29	0.21333
0.295	0.20834
0.3	0.20650
0.305	0.20817
0.31	0.21064
0.315	0.21428
0.32	0.21856
0.325	0.22394
0.33	0.22882
0.335	0.23541
0.34	0.24196
0.345	0.24889
0.35	0.25637
0.355	0.26486
0.36	0.27330
0.365	0.27603
0.37	0.27608
0.375	0.28145
0.38	0.28779
0.385	0.29493
0.39	0.30564
0.395	0.31661
0.4	0.32853
0.405	0.33886
0.41	0.34870
0.415	0.35644
0.42	0.36149
0.425	0.36507
0.43	0.36515
0.435	0.36636
0.44	0.36593
0.445	0.36242
0.45	0.36451
0.455	0.37915
0.46	0.39905
0.465	0.41211
0.47	0.41949
0.475	0.42533
0.48	0.43069
0.485	0.43482
0.49	0.43899
0.495	0.44404
0.5	0.44962
0.505	0.45579
0.51	0.46102
0.515	0.46819
0.52	0.47514
0.525	0.48334
0.53	0.49183
0.535	0.50266
0.54	0.50990
0.545	0.52138
0.55	0.53063
0.555	0.54061
0.56	0.54900
0.565	0.55672
0.57	0.56279
0.575	0.56785
0.58	0.57109
0.585	0.57347
0.59	0.57495
0.595	0.57596
0.6	0.57554
0.605	0.57498
0.61	0.57531
0.615	0.57464
0.62	0.57432
0.625	0.57367
0.63	0.57411
0.635	0.57422
0.64	0.57459
0.645	0.57548
0.65	0.57724
0.655	0.57841
0.66	0.58062
0.665	0.58243
0.67	0.58405
0.675	0.58687
0.68	0.58968
0.685	0.59240
0.69	0.59446
0.695	0.59781
0.7	0.60148
0.705	0.60416
0.71	0.60697
0.715	0.61081
0.72	0.61429
0.725	0.61742
0.73	0.61985
0.735	0.62170
0.74	0.62296
0.745	0.62496
0.75	0.62538
0.755	0.62653
0.76	0.62521
0.765	0.62562
0.77	0.62364
0.775	0.62188
0.78	0.61979
0.785	0.61730
0.79	0.61435
0.795	0.61116
0.8	0.60798
0.805	0.60510
0.81	0.60182
0.815	0.59846
0.82	0.59476
0.825	0.59179
0.83	0.58841
0.835	0.58522
0.84	0.58263
0.845	0.57812
0.85	0.57539
0.855	0.57156
0.86	0.56925
0.865	0.56533
0.87	0.56546
0.875	0.56301
0.88	0.56088
0.885	0.55876
0.89	0.55740
0.895	0.55511
0.9	0.55363
0.905	0.55210
0.91	0.55105
0.915	0.54981
0.92	0.54775
0.925	0.54875
0.93	0.54592
0.935	0.54480
0.94	0.54258
0.945	0.54155
0.95	0.53943
0.955	0.53833
0.96	0.53614
0.965	0.53579
0.97	0.53412
0.975	0.53342
0.98	0.53142
0.985	0.53090
0.99	0.53087
0.995	0.52963
1	0.52941
1.005	0.52908
1.01	0.52976
1.015	0.52958
1.02	0.52800
1.025	0.52960
1.03	0.53033
1.035	0.53157
1.04	0.53242
1.045	0.53386
1.05	0.53486
1.055	0.53624
1.06	0.53884
1.065	0.54089
1.07	0.54414
1.075	0.54622
1.08	0.55027
1.085	0.55293
1.09	0.55466
1.095	0.55928
1.1	0.56257
1.105	0.56704
1.11	0.56919
1.115	0.57223
1.12	0.57729
1.125	0.58095
1.13	0.58449
1.135	0.58735
1.14	0.59165
1.145	0.59445
1.15	0.59760
1.155	0.60026
1.16	0.60355
1.165	0.60678
1.17	0.61005
1.175	0.61246
1.18	0.61588
1.185	0.61762
1.19	0.62054
1.195	0.62317
1.2	0.62517
1.205	0.62780
1.21	0.62957
1.215	0.63225
1.22	0.63374
1.225	0.63677
1.23	0.63891
1.235	0.64039
1.24	0.64383
1.245	0.64437
1.25	0.64707
1.255	0.64899
1.26	0.65130
1.265	0.65354
1.27	0.65521
1.275	0.65753
1.28	0.65954
1.285	0.66087
1.29	0.66290
1.295	0.66492
1.3	0.66841
1.305	0.66898
1.31	0.67181
1.315	0.67389
1.32	0.67485
1.325	0.67614
1.33	0.67919
1.335	0.68068
1.34	0.68181
1.345	0.68334
1.35	0.68443
1.3507	0.68446
1.351	0.68445
1.3513	0.68445
1.3517	0.68449
1.3521	0.68446
1.3524	0.68450
1.3528	0.68463
1.3531	0.68459
1.3535	0.68454
1.3538	0.68467
1.3542	0.68475
1.3545	0.68489
1.3549	0.68494
1.3552	0.68487
1.3556	0.68504
1.3559	0.68524
1.3563	0.68527
1.3567	0.68526
1.357	0.68535
1.3574	0.68560
1.3577	0.68559
1.3581	0.68557
1.3584	0.68559
1.3588	0.68561
1.3592	0.68566
1.3595	0.68588
1.3599	0.68610
1.3602	0.68619
1.3606	0.68624
1.3609	0.68629
1.3613	0.68630
1.3617	0.68632
1.362	0.68640
1.3624	0.68656
1.3627	0.68670
1.3631	0.68665
1.3634	0.68671
1.3638	0.68687
1.3642	0.68695
1.3645	0.68705
1.3649	0.68717
1.3652	0.68714
1.3656	0.68720
1.3659	0.68732
1.3663	0.68741
1.3667	0.68737
1.367	0.68734
1.3674	0.68744
1.3678	0.68757
1.3681	0.68762
1.3685	0.68768
1.3688	0.68789
1.3692	0.68791
1.3696	0.68788
1.3699	0.68796
1.3703	0.68800
1.3706	0.68788
1.371	0.68791
1.3714	0.68799
1.3717	0.68794
1.3721	0.68782
1.3725	0.68782
1.3728	0.68788
1.3732	0.68794
1.3736	0.68792
1.3739	0.68794
1.3743	0.68784
1.3746	0.68773
1.375	0.68776
1.3754	0.68785
1.3757	0.68783
1.3761	0.68772
1.3765	0.68751
1.3768	0.68743
1.3772	0.68731
1.3776	0.68721
1.3779	0.68703
1.3783	0.68681
1.3787	0.68669
1.379	0.68662
1.3794	0.68648
1.3798	0.68640
1.3801	0.68623
1.3805	0.68618
1.3809	0.68616
1.3812	0.68608
1.3816	0.68596
1.382	0.68579
1.3823	0.68571
1.3827	0.68564
1.3831	0.68548
1.3834	0.68526
1.3838	0.68512
1.3842	0.68488
1.3846	0.68458
1.3849	0.68437
1.3853	0.68422
1.3857	0.68395
1.386	0.68370
1.3864	0.68344
1.3868	0.68316
1.3872	0.68288
1.3875	0.68244
1.3879	0.68214
1.3883	0.68199
1.3886	0.68161
1.389	0.68111
1.3894	0.68069
1.3898	0.68037
1.3901	0.67997
1.3905	0.67957
1.3909	0.67909
1.3912	0.67860
1.3916	0.67826
1.392	0.67790
1.3924	0.67766
1.3927	0.67747
1.3931	0.67727
1.3935	0.67689
1.3939	0.67652
1.3942	0.67626
1.3946	0.67601
1.395	0.67592
1.3954	0.67567
1.3957	0.67526
1.3961	0.67507
1.3965	0.67501
1.3969	0.67490
1.3972	0.67469
1.3976	0.67457
1.398	0.67444
1.3984	0.67438
1.3988	0.67418
1.3991	0.67400
1.3995	0.67390
1.3999	0.67372
1.4003	0.67359
1.4006	0.67345
1.401	0.67322
1.4014	0.67299
1.4018	0.67276
1.4022	0.67258
1.4025	0.67239
1.4029	0.67215
1.4033	0.67190
1.4037	0.67167
1.4041	0.67144
1.4044	0.67129
1.4048	0.67128
1.4052	0.67123
1.4056	0.67110
1.4059	0.67102
1.4063	0.67093
1.4067	0.67078
1.4071	0.67072
1.4075	0.67071
1.4079	0.67053
1.4083	0.67038
1.4086	0.67026
1.409	0.67015
1.4094	0.67003
1.4098	0.66983
1.4102	0.66947
1.4105	0.66913
1.4109	0.66873
1.4113	0.66827
1.4117	0.66771
1.4121	0.66709
1.4125	0.66634
1.4128	0.66522
1.4132	0.66373
1.4136	0.66202
1.414	0.66014
1.4144	0.65826
1.4148	0.65650
1.4152	0.65560
1.4156	0.65600
1.4159	0.65768
1.4163	0.65998
1.4167	0.66244
1.4171	0.66462
1.4175	0.66635
1.4179	0.66757
1.4183	0.66840
1.4187	0.66914
1.419	0.66981
1.4194	0.67026
1.4198	0.67062
1.4202	0.67082
1.4206	0.67097
1.421	0.67112
1.4214	0.67122
1.4218	0.67115
1.4222	0.67105
1.4225	0.67095
1.4229	0.67075
1.4233	0.67053
1.4237	0.67020
1.4241	0.66990
1.4245	0.66962
1.4249	0.66929
1.4253	0.66894
1.4257	0.66863
1.4261	0.66845
1.4264	0.66820
1.4268	0.66786
1.4272	0.66748
1.4276	0.66713
1.428	0.66672
1.4284	0.66629
1.4288	0.66587
1.4292	0.66549
1.4296	0.66522
1.43	0.66488
1.4304	0.66451
1.4308	0.66424
1.4312	0.66400
1.4316	0.66377
1.432	0.66359
1.4324	0.66354
1.4328	0.66351
1.4332	0.66353
1.4336	0.66355
1.4339	0.66370
1.4343	0.66395
1.4347	0.66423
1.4351	0.66455
1.4355	0.66493
1.4359	0.66551
1.4363	0.66621
1.4367	0.66689
1.4371	0.66765
1.4375	0.66856
1.4379	0.66952
1.4383	0.67051
1.4387	0.67156
1.4391	0.67263
1.4395	0.67384
1.4399	0.67510
1.4403	0.67635
1.4407	0.67755
1.4411	0.67886
1.4415	0.68018
1.4419	0.68143
1.4423	0.68267
1.4427	0.68391
1.4431	0.68512
1.4435	0.68624
1.4439	0.68736
1.4443	0.68853
1.4447	0.68960
1.4451	0.69052
1.4455	0.69151
1.4459	0.69249
1.4463	0.69331
1.4468	0.69412
1.4472	0.69484
1.4476	0.69558
1.448	0.69627
1.4484	0.69695
1.4488	0.69760
1.4492	0.69819
1.4496	0.69871
1.45	0.69927
1.4504	0.69968
1.4508	0.70008
1.4512	0.70048
1.4516	0.70088
1.452	0.70119
1.4524	0.70155
1.4528	0.70188
1.4532	0.70214
1.4537	0.70237
1.4541	0.70258
1.4545	0.70284
1.4549	0.70316
1.4553	0.70343
1.4557	0.70353
1.4561	0.70360
1.4565	0.70387
1.4569	0.70405
1.4573	0.70424
1.4577	0.70445
1.4582	0.70461
1.4586	0.70479
1.459	0.70498
1.4594	0.70509
1.4598	0.70526
1.4602	0.70537
1.4606	0.70539
1.461	0.70554
1.4614	0.70578
1.4618	0.70597
1.4623	0.70617
1.4627	0.70630
1.4631	0.70631
1.4635	0.70637
1.4639	0.70651
1.4643	0.70667
1.4647	0.70684
1.4652	0.70696
1.4656	0.70712
1.466	0.70730
1.4664	0.70743
1.4668	0.70765
1.4672	0.70789
1.4676	0.70799
1.4681	0.70809
1.4685	0.70821
1.4689	0.70832
1.4693	0.70857
1.4697	0.70882
1.4701	0.70902
1.4706	0.70924
1.471	0.70946
1.4714	0.70973
1.4718	0.70995
1.4722	0.71006
1.4726	0.71028
1.4731	0.71057
1.4735	0.71073
1.4739	0.71093
1.4743	0.71121
1.4747	0.71147
1.4752	0.71170
1.4756	0.71196
1.476	0.71212
1.4764	0.71230
1.4768	0.71252
1.4773	0.71276
1.4777	0.71299
1.4781	0.71328
1.4785	0.71355
1.4789	0.71376
1.4794	0.71391
1.4798	0.71411
1.4802	0.71437
1.4806	0.71458
1.4811	0.71474
1.4815	0.71487
1.4819	0.71500
1.4823	0.71520
1.4828	0.71543
1.4832	0.71562
1.4836	0.71579
1.484	0.71598
1.4844	0.71622
1.4849	0.71645
1.4853	0.71662
1.4857	0.71672
1.4862	0.71684
1.4866	0.71713
1.487	0.71739
1.4874	0.71752
1.4879	0.71770
1.4883	0.71784
1.4887	0.71799
1.4891	0.71815
1.4896	0.71834
1.49	0.71847
1.4904	0.71854
1.4908	0.71878
1.4913	0.71899
1.4917	0.71916
1.4921	0.71937
1.4926	0.71956
1.493	0.71969
1.4934	0.71978
1.4939	0.71993
1.4943	0.72012
1.4947	0.72025
1.4952	0.72040
1.4956	0.72048
1.496	0.72067
1.4964	0.72081
1.4969	0.72097
1.4973	0.72118
1.4977	0.72125
1.4982	0.72131
1.4986	0.72146
1.499	0.72165
1.4995	0.72183
1.4999	0.72196
1.5003	0.72217
1.5008	0.72225
1.5012	0.72241
1.5017	0.72256
1.5021	0.72267
1.5025	0.72283
1.5029	0.72298
1.5034	0.72304
1.5038	0.72313
1.5043	0.72321
1.5047	0.72332
1.5051	0.72353
1.5056	0.72377
1.506	0.72384
1.5064	0.72396
1.5069	0.72413
1.5073	0.72425
1.5078	0.72436
1.5082	0.72454
1.5086	0.72462
1.5091	0.72468
1.5095	0.72486
1.5099	0.72504
1.5104	0.72507
1.5108	0.72512
1.5113	0.72523
1.5117	0.72539
1.5122	0.72548
1.5126	0.72553
1.513	0.72560
1.5135	0.72576
1.5139	0.72591
1.5144	0.72609
1.5148	0.72625
1.5153	0.72632
1.5157	0.72633
1.5161	0.72639
1.5166	0.72653
1.517	0.72665
1.5175	0.72679
1.5179	0.72695
1.5184	0.72707
1.5188	0.72709
1.5193	0.72723
1.5197	0.72740
1.5201	0.72745
1.5206	0.72756
1.521	0.72767
1.5215	0.72780
1.5219	0.72796
1.5224	0.72803
1.5228	0.72808
1.5233	0.72822
1.5237	0.72828
1.5242	0.72837
1.5246	0.72848
1.5251	0.72861
1.5255	0.72871
1.5259	0.72884
1.5264	0.72894
1.5268	0.72902
1.5273	0.72907
1.5278	0.72919
1.5282	0.72927
1.5287	0.72933
1.5291	0.72939
1.5296	0.72952
1.53	0.72963
1.5305	0.72971
1.5309	0.72986
1.5314	0.72996
1.5318	0.72993
1.5323	0.72995
1.5327	0.73006
1.5332	0.73016
1.5336	0.73027
1.5341	0.73036
1.5345	0.73045
1.535	0.73057
1.5354	0.73059
1.5359	0.73070
1.5363	0.73077
1.5368	0.73090
1.5373	0.73099
1.5377	0.73100
1.5382	0.73106
1.5386	0.73117
1.5391	0.73130
1.5396	0.73144
1.54	0.73148
1.5405	0.73151
1.5409	0.73158
1.5414	0.73165
1.5418	0.73173
1.5423	0.73184
1.5428	0.73189
1.5432	0.73192
1.5437	0.73200
1.5441	0.73211
1.5446	0.73224
1.5451	0.73228
1.5455	0.73223
1.546	0.73230
1.5464	0.73242
1.5469	0.73248
1.5474	0.73255
1.5478	0.73270
1.5483	0.73281
1.5487	0.73287
1.5492	0.73292
1.5497	0.73300
1.5501	0.73314
1.5506	0.73323
1.5511	0.73327
1.5515	0.73330
1.552	0.73338
1.5524	0.73355
1.5529	0.73361
1.5534	0.73366
1.5538	0.73365
1.5543	0.73368
1.5548	0.73379
1.5553	0.73389
1.5557	0.73398
1.5562	0.73411
1.5567	0.73417
1.5571	0.73425
1.5576	0.73430
1.5581	0.73432
1.5585	0.73445
1.559	0.73456
1.5595	0.73463
1.5599	0.73467
1.5604	0.73466
1.5609	0.73475
1.5613	0.73493
1.5618	0.73498
1.5623	0.73496
1.5628	0.73500
1.5632	0.73512
1.5637	0.73522
1.5642	0.73523
1.5646	0.73532
1.5651	0.73539
1.5656	0.73542
1.5661	0.73542
1.5665	0.73551
1.567	0.73566
1.5675	0.73570
1.5679	0.73570
1.5684	0.73577
1.5689	0.73587
1.5694	0.73593
1.5698	0.73597
1.5703	0.73600
1.5708	0.73597
1.5713	0.73607
1.5718	0.73628
1.5722	0.73642
1.5727	0.73641
1.5732	0.73635
1.5737	0.73639
1.5741	0.73640
1.5746	0.73647
1.5751	0.73661
1.5756	0.73666
1.5761	0.73678
1.5765	0.73682
1.577	0.73673
1.5775	0.73673
1.578	0.73681
1.5784	0.73682
1.5789	0.73688
1.5794	0.73694
1.5799	0.73702
1.5804	0.73714
1.5808	0.73722
1.5813	0.73723
1.5818	0.73729
1.5823	0.73733
1.5828	0.73736
1.5833	0.73742
1.5838	0.73745
1.5842	0.73745
1.5847	0.73750
1.5852	0.73754
1.5857	0.73754
1.5862	0.73756
1.5867	0.73768
1.5872	0.73778
1.5876	0.73784
1.5881	0.73789
1.5886	0.73795
1.5891	0.73785
1.5896	0.73781
1.5901	0.73787
1.5906	0.73789
1.591	0.73788
1.5915	0.73799
1.592	0.73811
1.5925	0.73812
1.593	0.73815
1.5935	0.73817
1.594	0.73816
1.5945	0.73821
1.595	0.73828
1.5954	0.73832
1.5959	0.73840
1.5964	0.73844
1.5969	0.73844
1.5974	0.73845
1.5979	0.73847
1.5984	0.73847
1.5989	0.73848
1.5994	0.73853
1.5999	0.73856
1.6004	0.73862
1.6009	0.73865
1.6014	0.73871
1.6019	0.73871
1.6023	0.73871
1.6028	0.73873
1.6033	0.73874
1.6038	0.73882
1.6043	0.73891
1.6048	0.73889
1.6053	0.73888
1.6058	0.73895
1.6063	0.73902
1.6068	0.73903
1.6073	0.73900
1.6078	0.73908
1.6083	0.73917
1.6088	0.73917
1.6093	0.73911
1.6098	0.73913
1.6103	0.73916
1.6108	0.73916
1.6113	0.73922
1.6118	0.73930
1.6123	0.73931
1.6128	0.73930
1.6133	0.73930
1.6138	0.73927
1.6143	0.73933
1.6148	0.73940
1.6153	0.73950
1.6158	0.73953
1.6163	0.73948
1.6168	0.73954
1.6173	0.73956
1.6178	0.73946
1.6184	0.73947
1.6189	0.73959
1.6194	0.73966
1.6199	0.73967
1.6204	0.73970
1.6209	0.73969
1.6214	0.73971
1.6219	0.73970
1.6224	0.73973
1.6229	0.73964
1.6234	0.73964
1.6239	0.73968
1.6244	0.73967
1.6249	0.73976
1.6255	0.73986
1.626	0.73986
1.6265	0.73979
1.627	0.73977
1.6275	0.73979
1.628	0.73983
1.6285	0.73983
1.629	0.73984
1.6296	0.73986
1.6301	0.73987
1.6306	0.73984
1.6311	0.73987
1.6316	0.73994
1.6321	0.73994
1.6326	0.73989
1.6331	0.73994
1.6337	0.74003
1.6342	0.74000
1.6347	0.74000
1.6352	0.74006
1.6357	0.74011
1.6362	0.74004
1.6368	0.74000
1.6373	0.73997
1.6378	0.74000
1.6383	0.74008
1.6388	0.74006
1.6393	0.73999
1.6398	0.73996
1.6404	0.73993
1.6409	0.73999
1.6414	0.74009
1.6419	0.74012
1.6424	0.74012
1.643	0.74023
1.6435	0.74027
1.644	0.74026
1.6445	0.74026
1.6451	0.74032
1.6456	0.74035
1.6461	0.74034
1.6466	0.74031
1.6472	0.74027
1.6477	0.74028
1.6482	0.74036
1.6487	0.74041
1.6492	0.74037
1.6498	0.74040
1.6503	0.74041
1.6508	0.74040
1.6513	0.74046
1.6519	0.74043
1.6524	0.74033
1.6529	0.74033
1.6534	0.74045
1.654	0.74047
1.6545	0.74048
1.655	0.74042
1.6556	0.74042
1.6561	0.74040
1.6566	0.74043
1.6572	0.74045
1.6577	0.74046
1.6582	0.74049
1.6587	0.74043
1.6593	0.74043
1.6598	0.74054
1.6603	0.74049
1.6609	0.74043
1.6614	0.74046
1.6619	0.74053
1.6625	0.74054
1.663	0.74056
1.6635	0.74052
1.6641	0.74046
1.6646	0.74050
1.6651	0.74052
1.6657	0.74052
1.6662	0.74055
1.6667	0.74056
1.6673	0.74060
1.6678	0.74062
1.6683	0.74068
1.6689	0.74067
1.6694	0.74060
1.67	0.74062
1.6705	0.74063
1.671	0.74067
1.6716	0.74075
1.6721	0.74069
1.6727	0.74067
1.6732	0.74070
1.6737	0.74070
1.6743	0.74068
1.6748	0.74071
1.6754	0.74073
1.6759	0.74073
1.6764	0.74078
1.677	0.74079
1.6775	0.74077
1.6781	0.74080
1.6786	0.74073
1.6792	0.74071
1.6797	0.74069
1.6802	0.74069
1.6808	0.74079
1.6813	0.74083
1.6819	0.74073
1.6824	0.74073
1.683	0.74075
1.6835	0.74078
1.6841	0.74083
1.6846	0.74083
1.6852	0.74080
1.6857	0.74082
1.6863	0.74084
1.6868	0.74087
1.6873	0.74081
1.6879	0.74078
1.6884	0.74079
1.689	0.74085
1.6896	0.74088
1.6901	0.74089
1.6907	0.74091
1.6912	0.74092
1.6918	0.74087
1.6923	0.74080
1.6929	0.74071
1.6934	0.74072
1.694	0.74077
1.6945	0.74074
1.6951	0.74075
1.6956	0.74081
1.6962	0.74079
1.6967	0.74077
1.6973	0.74075
1.6978	0.74074
1.6984	0.74077
1.699	0.74078
1.6995	0.74077
1.7001	0.74078
1.7006	0.74077
1.7012	0.74078
1.7018	0.74077
1.7023	0.74079
1.7029	0.74085
1.7034	0.74087
1.704	0.74083
1.7046	0.74080
1.7051	0.74079
1.7057	0.74084
1.7062	0.74080
1.7068	0.74080
1.7073	0.74078
1.7079	0.74080
1.7085	0.74079
1.709	0.74081
1.7096	0.74080
1.7102	0.74080
1.7107	0.74077
1.7113	0.74074
1.7119	0.74079
1.7124	0.74080
1.713	0.74066
1.7136	0.74060
1.7141	0.74066
1.7147	0.74070
1.7153	0.74067
1.7158	0.74071
1.7164	0.74072
1.717	0.74067
1.7175	0.74066
1.7181	0.74067
1.7187	0.74062
1.7192	0.74053
1.7198	0.74050
1.7204	0.74062
1.7209	0.74069
1.7215	0.74067
1.7221	0.74068
1.7227	0.74073
1.7232	0.74071
1.7238	0.74067
1.7244	0.74063
1.725	0.74063
1.7255	0.74061
1.7261	0.74064
1.7267	0.74066
1.7273	0.74063
1.7278	0.74064
1.7284	0.74070
1.729	0.74068
1.7296	0.74066
1.7301	0.74066
1.7307	0.74068
1.7313	0.74068
1.7319	0.74060
1.7325	0.74059
1.733	0.74062
1.7336	0.74061
1.7342	0.74068
1.7348	0.74065
1.7353	0.74059
1.7359	0.74055
1.7365	0.74055
1.7371	0.74055
1.7377	0.74058
1.7383	0.74064
1.7388	0.74066
1.7394	0.74063
1.74	0.74060
1.7406	0.74060
1.7412	0.74066
1.7418	0.74064
1.7423	0.74065
1.7429	0.74069
1.7435	0.74073
1.7441	0.74071
1.7447	0.74071
1.7453	0.74073
1.7459	0.74072
1.7465	0.74074
1.7471	0.74076
1.7476	0.74075
1.7482	0.74081
1.7488	0.74085
1.7494	0.74084
1.75	0.74079
1.7506	0.74076
1.7512	0.74081
1.7518	0.74088
1.7524	0.74077
1.753	0.74075
1.7536	0.74073
1.7541	0.74073
1.7547	0.74076
1.7553	0.74069
1.7559	0.74064
1.7565	0.74062
1.7571	0.74060
1.7577	0.74061
1.7583	0.74063
1.7589	0.74062
1.7595	0.74057
1.7601	0.74050
1.7607	0.74044
1.7613	0.74038
1.7619	0.74038
1.7625	0.74038
1.7631	0.74033
1.7637	0.74025
1.7643	0.74022
1.7649	0.74021
1.7655	0.74019
1.7661	0.74022
1.7667	0.74019
1.7673	0.74015
1.7679	0.74011
1.7685	0.74010
1.7691	0.74003
1.7697	0.74004
1.7703	0.74005
1.7709	0.74004
1.7715	0.73992
1.7721	0.73983
1.7727	0.73992
1.7733	0.73992
1.7739	0.73980
1.7746	0.73977
1.7752	0.73972
1.7758	0.73971
1.7764	0.73965
1.777	0.73958
1.7776	0.73949
1.7782	0.73945
1.7788	0.73943
1.7794	0.73943
1.78	0.73941
1.7807	0.73932
1.7813	0.73927
1.7819	0.73922
1.7825	0.73919
1.7831	0.73917
1.7837	0.73907
1.7843	0.73904
1.7849	0.73903
1.7856	0.73896
1.7862	0.73892
1.7868	0.73888
1.7874	0.73882
1.788	0.73876
1.7886	0.73870
1.7893	0.73863
1.7899	0.73858
1.7905	0.73859
1.7911	0.73851
1.7917	0.73837
1.7923	0.73833
1.793	0.73835
1.7936	0.73831
1.7942	0.73828
1.7948	0.73823
1.7954	0.73817
1.7961	0.73808
1.7967	0.73803
1.7973	0.73799
1.7979	0.73792
1.7986	0.73787
1.7992	0.73778
1.7998	0.73770
1.8004	0.73771
1.8011	0.73763
1.8017	0.73755
1.8023	0.73750
1.8029	0.73745
1.8036	0.73729
1.8042	0.73721
1.8048	0.73719
1.8054	0.73715
1.8061	0.73707
1.8067	0.73697
1.8073	0.73690
1.808	0.73687
1.8086	0.73679
1.8092	0.73673
1.8099	0.73666
1.8105	0.73660
1.8111	0.73651
1.8118	0.73644
1.8124	0.73639
1.813	0.73628
1.8137	0.73617
1.8143	0.73613
1.8149	0.73603
1.8156	0.73593
1.8162	0.73587
1.8168	0.73581
1.8175	0.73578
1.8181	0.73580
1.8188	0.73565
1.8194	0.73553
1.82	0.73554
1.8207	0.73542
1.8213	0.73526
1.8219	0.73528
1.8226	0.73523
1.8232	0.73517
1.8239	0.73509
1.8245	0.73505
1.8252	0.73500
1.8258	0.73492
1.8264	0.73484
1.8271	0.73476
1.8277	0.73469
1.8284	0.73466
1.829	0.73458
1.8297	0.73450
1.8303	0.73444
1.8309	0.73435
1.8316	0.73433
1.8323	0.73425
1.8329	0.73408
1.8335	0.73398
1.8342	0.73392
1.8348	0.73392
1.8355	0.73381
1.8361	0.73367
1.8368	0.73353
1.8374	0.73344
1.8381	0.73331
1.8388	0.73304
1.8394	0.73287
1.8401	0.73274
1.8407	0.73252
1.8414	0.73244
1.842	0.73236
1.8427	0.73215
1.8433	0.73192
1.844	0.73180
1.8446	0.73167
1.8453	0.73149
1.8459	0.73134
1.8466	0.73132
1.8473	0.73134
1.8479	0.73127
1.8486	0.73115
1.8492	0.73101
1.8499	0.73094
1.8506	0.73092
1.8512	0.73086
1.8519	0.73077
1.8525	0.73072
1.8532	0.73072
1.8539	0.73072
1.8545	0.73065
1.8552	0.73059
1.8559	0.73067
1.8565	0.73078
1.8572	0.73088
1.8578	0.73096
1.8585	0.73102
1.8592	0.73105
1.8598	0.73121
1.8605	0.73125
1.8612	0.73129
1.8619	0.73128
1.8625	0.73123
1.8632	0.73124
1.8639	0.73123
1.8645	0.73106
1.8652	0.73089
1.8659	0.73066
1.8666	0.73048
1.8672	0.73026
1.8679	0.72999
1.8686	0.72958
1.8692	0.72920
1.8699	0.72875
1.8706	0.72827
1.8713	0.72782
1.8719	0.72724
1.8726	0.72670
1.8733	0.72616
1.874	0.72538
1.8747	0.72457
1.8753	0.72386
1.876	0.72311
1.8767	0.72232
1.8774	0.72149
1.878	0.72043
1.8787	0.71942
1.8794	0.71839
1.8801	0.71726
1.8808	0.71606
1.8814	0.71490
1.8821	0.71354
1.8828	0.71215
1.8835	0.71082
1.8842	0.70940
1.8849	0.70777
1.8856	0.70608
1.8862	0.70429
1.8869	0.70243
1.8876	0.70046
1.8883	0.69848
1.889	0.69631
1.8897	0.69400
1.8904	0.69159
1.8911	0.68910
1.8918	0.68639
1.8924	0.68348
1.8931	0.68039
1.8938	0.67718
1.8945	0.67383
1.8952	0.67035
1.8959	0.66681
1.8966	0.66327
1.8973	0.65973
1.898	0.65618
1.8987	0.65269
1.8994	0.64948
1.9001	0.64625
1.9008	0.64334
1.9015	0.64080
1.9022	0.63848
1.9029	0.63649
1.9036	0.63475
1.9043	0.63321
1.9049	0.63209
1.9057	0.63119
1.9063	0.63055
1.9071	0.63008
1.9078	0.62972
1.9085	0.62968
1.9092	0.62988
1.9099	0.63019
1.9106	0.63064
1.9113	0.63121
1.912	0.63193
1.9127	0.63263
1.9134	0.63348
1.9141	0.63447
1.9148	0.63547
1.9155	0.63650
1.9162	0.63763
1.9169	0.63879
1.9176	0.63996
1.9183	0.64115
1.9191	0.64238
1.9198	0.64357
1.9205	0.64478
1.9212	0.64604
1.9219	0.64728
1.9226	0.64852
1.9233	0.64968
1.924	0.65074
1.9248	0.65191
1.9255	0.65309
1.9262	0.65418
1.9269	0.65528
1.9276	0.65636
1.9283	0.65733
1.9291	0.65833
1.9298	0.65929
1.9305	0.66018
1.9312	0.66106
1.9319	0.66198
1.9327	0.66281
1.9334	0.66367
1.9341	0.66457
1.9348	0.66536
1.9355	0.66608
1.9363	0.66688
1.937	0.66763
1.9377	0.66831
1.9384	0.66900
1.9392	0.66975
1.9399	0.67046
1.9406	0.67118
1.9413	0.67186
1.9421	0.67247
1.9428	0.67310
1.9435	0.67374
1.9442	0.67436
1.945	0.67499
1.9457	0.67557
1.9464	0.67614
1.9472	0.67665
1.9479	0.67721
1.9486	0.67779
1.9494	0.67833
1.9501	0.67883
1.9508	0.67932
1.9516	0.67981
1.9523	0.68027
1.953	0.68073
1.9538	0.68112
1.9545	0.68148
1.9552	0.68194
1.956	0.68235
1.9567	0.68270
1.9574	0.68304
1.9582	0.68347
1.9589	0.68384
1.9597	0.68416
1.9604	0.68445
1.9612	0.68473
1.9619	0.68496
1.9626	0.68519
1.9634	0.68547
1.9641	0.68577
1.9649	0.68608
1.9656	0.68640
1.9664	0.68655
1.9671	0.68674
1.9678	0.68701
1.9686	0.68728
1.9693	0.68750
1.9701	0.68779
1.9708	0.68808
1.9716	0.68831
1.9723	0.68857
1.9731	0.68888
1.9738	0.68911
1.9746	0.68942
1.9753	0.68974
1.9761	0.69002
1.9769	0.69032
1.9776	0.69066
1.9784	0.69093
1.9791	0.69119
1.9799	0.69156
1.9806	0.69208
1.9814	0.69250
1.9822	0.69277
1.9829	0.69310
1.9837	0.69354
1.9844	0.69400
1.9852	0.69438
1.9859	0.69476
1.9867	0.69523
1.9875	0.69571
1.9882	0.69614
1.989	0.69657
1.9898	0.69707
1.9905	0.69750
1.9913	0.69786
1.9921	0.69821
1.9928	0.69864
1.9936	0.69902
1.9943	0.69933
1.9951	0.69966
1.9959	0.70008
1.9967	0.70046
1.9974	0.70080
1.9982	0.70114
1.999	0.70145
1.9997	0.70174
2.0005	0.70211
2.0013	0.70245
2.0021	0.70278
2.0028	0.70314
2.0036	0.70345
2.0044	0.70374
2.0052	0.70417
2.0059	0.70450
2.0067	0.70472
2.0075	0.70498
2.0083	0.70534
2.009	0.70572
2.0098	0.70601
2.0106	0.70624
2.0114	0.70661
2.0122	0.70694
2.0129	0.70729
2.0137	0.70761
2.0145	0.70792
2.0153	0.70826
2.0161	0.70857
2.0168	0.70886
2.0176	0.70918
2.0184	0.70949
2.0192	0.70986
2.02	0.71010
2.0208	0.71035
2.0216	0.71065
2.0223	0.71095
2.0231	0.71127
2.0239	0.71160
2.0247	0.71191
2.0255	0.71226
2.0263	0.71256
2.0271	0.71281
2.0279	0.71303
2.0287	0.71332
2.0295	0.71357
2.0303	0.71376
2.0311	0.71406
2.0319	0.71443
2.0327	0.71471
2.0335	0.71494
2.0343	0.71519
2.0351	0.71546
2.0358	0.71569
2.0367	0.71595
2.0374	0.71617
2.0383	0.71636
2.0391	0.71654
2.0399	0.71676
2.0407	0.71702
2.0415	0.71726
2.0423	0.71742
2.0431	0.71755
2.0439	0.71772
2.0447	0.71794
2.0455	0.71810
2.0463	0.71827
2.0471	0.71840
2.0479	0.71850
2.0487	0.71866
2.0495	0.71885
2.0503	0.71898
2.0511	0.71914
2.052	0.71927
2.0528	0.71940
2.0536	0.71958
2.0544	0.71966
2.0552	0.71967
2.056	0.71976
2.0569	0.71987
2.0577	0.72001
2.0585	0.72006
2.0593	0.72007
2.0601	0.72007
2.0609	0.72014
2.0618	0.72021
2.0626	0.72022
2.0634	0.72023
2.0642	0.72026
2.065	0.72025
2.0659	0.72023
2.0667	0.72026
2.0675	0.72028
2.0683	0.72023
2.0692	0.72022
2.07	0.72024
2.0708	0.72023
2.0716	0.72015
2.0725	0.72006
2.0733	0.71998
2.0741	0.71993
2.075	0.71986
2.0758	0.71982
2.0766	0.71978
2.0774	0.71980
2.0783	0.71979
2.0791	0.71971
2.0799	0.71955
2.0808	0.71950
2.0816	0.71948
2.0825	0.71940
2.0833	0.71933
2.0841	0.71930
2.085	0.71916
2.0858	0.71904
2.0866	0.71895
2.0875	0.71887
2.0883	0.71879
2.0892	0.71876
2.09	0.71865
2.0909	0.71857
2.0917	0.71849
2.0926	0.71845
2.0934	0.71847
2.0942	0.71841
2.0951	0.71826
2.0959	0.71824
2.0968	0.71816
2.0976	0.71806
2.0985	0.71795
2.0993	0.71790
2.1002	0.71785
2.101	0.71774
2.1019	0.71759
2.1027	0.71751
2.1036	0.71738
2.1044	0.71721
2.1053	0.71701
2.1061	0.71687
2.107	0.71660
2.1079	0.71629
2.1087	0.71606
2.1096	0.71584
2.1104	0.71548
2.1113	0.71514
2.1121	0.71489
2.113	0.71467
2.1139	0.71447
2.1147	0.71434
2.1156	0.71422
2.1165	0.71409
2.1173	0.71393
2.1182	0.71386
2.1191	0.71371
2.1199	0.71355
2.1208	0.71334
2.1217	0.71320
2.1225	0.71312
2.1234	0.71292
2.1243	0.71275
2.1251	0.71261
2.126	0.71237
2.1269	0.71220
2.1278	0.71204
2.1286	0.71197
2.1295	0.71190
2.1304	0.71180
2.1313	0.71167
2.1321	0.71158
2.133	0.71149
2.1339	0.71140
2.1348	0.71136
2.1356	0.71127
2.1365	0.71112
2.1374	0.71107
2.1383	0.71098
2.1392	0.71082
2.1401	0.71065
2.1409	0.71049
2.1418	0.71028
2.1427	0.71003
2.1436	0.70963
2.1445	0.70921
2.1454	0.70876
2.1463	0.70823
2.1471	0.70758
2.148	0.70692
2.1489	0.70616
2.1498	0.70535
2.1507	0.70456
2.1516	0.70379
2.1525	0.70300
2.1534	0.70226
2.1543	0.70157
2.1552	0.70090
2.1561	0.70026
2.157	0.69957
2.1579	0.69891
2.1588	0.69834
2.1597	0.69786
2.1606	0.69744
2.1615	0.69704
2.1624	0.69674
2.1633	0.69648
2.1642	0.69630
2.1651	0.69623
2.166	0.69618
2.1669	0.69607
2.1678	0.69598
2.1687	0.69591
2.1696	0.69582
2.1705	0.69571
2.1714	0.69560
2.1723	0.69550
2.1732	0.69542
2.1741	0.69526
2.1751	0.69509
2.176	0.69488
2.1769	0.69468
2.1778	0.69448
2.1787	0.69428
2.1796	0.69395
2.1806	0.69353
2.1815	0.69310
2.1824	0.69267
2.1833	0.69213
2.1842	0.69154
2.1851	0.69087
2.1861	0.69023
2.187	0.68949
2.1879	0.68863
2.1888	0.68772
2.1898	0.68693
2.1907	0.68615
2.1916	0.68536
2.1925	0.68456
2.1935	0.68387
2.1944	0.68329
2.1953	0.68277
2.1963	0.68216
2.1972	0.68150
2.1981	0.68086
2.1991	0.68010
2.2	0.67911
2.2009	0.67791
2.2019	0.67638
2.2028	0.67448
2.2037	0.67212
2.2047	0.66937
2.2056	0.66614
2.2065	0.66258
2.2075	0.65920
2.2084	0.65673
2.2094	0.65591
2.2103	0.65711
2.2112	0.65994
2.2122	0.66342
2.2131	0.66663
2.2141	0.66932
2.215	0.67135
2.216	0.67275
2.2169	0.67374
2.2179	0.67434
2.2188	0.67449
2.2198	0.67437
2.2207	0.67407
2.2217	0.67360
2.2226	0.67298
2.2236	0.67221
2.2245	0.67123
2.2255	0.67021
2.2264	0.66916
2.2274	0.66809
2.2284	0.66695
2.2293	0.66579
2.2303	0.66459
2.2312	0.66336
2.2322	0.66210
2.2331	0.66086
2.2341	0.65960
2.2351	0.65836
2.236	0.65712
2.237	0.65591
2.238	0.65466
2.2389	0.65355
2.2399	0.65261
2.2409	0.65175
2.2418	0.65098
2.2428	0.65031
2.2438	0.64968
2.2448	0.64914
2.2457	0.64847
2.2467	0.64782
2.2477	0.64719
2.2486	0.64653
2.2496	0.64580
2.2506	0.64502
2.2516	0.64416
2.2526	0.64326
2.2535	0.64228
2.2545	0.64120
2.2555	0.63992
2.2565	0.63850
2.2574	0.63700
2.2584	0.63542
2.2594	0.63373
2.2604	0.63195
2.2614	0.62996
2.2624	0.62780
2.2634	0.62543
2.2644	0.62292
2.2653	0.62031
2.2663	0.61763
2.2673	0.61481
2.2683	0.61186
2.2693	0.60890
2.2703	0.60589
2.2713	0.60278
2.2723	0.59975
2.2733	0.59672
2.2743	0.59383
2.2753	0.59101
2.2763	0.58823
2.2773	0.58554
2.2783	0.58311
2.2793	0.58089
2.2803	0.57887
2.2813	0.57707
2.2823	0.57560
2.2833	0.57436
2.2843	0.57346
2.2853	0.57285
2.2863	0.57265
2.2873	0.57275
2.2883	0.57321
2.2894	0.57399
2.2904	0.57515
2.2914	0.57655
2.2924	0.57812
2.2934	0.57978
2.2944	0.58164
2.2954	0.58355
2.2964	0.58564
2.2975	0.58778
2.2985	0.58993
2.2995	0.59205
2.3005	0.59412
2.3015	0.59614
2.3026	0.59819
2.3036	0.60008
2.3046	0.60186
2.3056	0.60354
2.3067	0.60525
2.3077	0.60676
2.3087	0.60819
2.3098	0.60965
2.3108	0.61119
2.3118	0.61265
2.3128	0.61406
2.3139	0.61549
2.3149	0.61705
2.3159	0.61853
2.317	0.62006
2.318	0.62175
2.3191	0.62349
2.3201	0.62515
2.3211	0.62695
2.3222	0.62871
2.3232	0.63042
2.3242	0.63210
2.3253	0.63382
2.3263	0.63552
2.3274	0.63728
2.3284	0.63900
2.3295	0.64073
2.3305	0.64247
2.3316	0.64425
2.3326	0.64592
2.3337	0.64749
2.3347	0.64894
2.3358	0.65025
2.3368	0.65137
2.3379	0.65231
2.3389	0.65301
2.34	0.65351
2.341	0.65376
2.3421	0.65386
2.3431	0.65374
2.3442	0.65345
2.3453	0.65310
2.3463	0.65262
2.3474	0.65195
2.3485	0.65125
2.3495	0.65059
2.3506	0.64999
2.3516	0.64929
2.3527	0.64849
2.3538	0.64763
2.3549	0.64681
2.3559	0.64592
2.357	0.64504
2.3581	0.64415
2.3591	0.64329
2.3602	0.64246
2.3613	0.64162
2.3624	0.64065
2.3634	0.63953
2.3645	0.63832
2.3656	0.63736
2.3667	0.63677
2.3678	0.63641
2.3688	0.63588
2.3699	0.63513
2.371	0.63427
2.3721	0.63333
2.3732	0.63219
2.3743	0.63093
2.3754	0.62962
2.3764	0.62840
2.3775	0.62708
2.3786	0.62574
2.3797	0.62431
2.3808	0.62291
2.3819	0.62146
2.383	0.62000
2.3841	0.61853
2.3852	0.61719
2.3863	0.61589
2.3874	0.61462
2.3885	0.61331
2.3896	0.61197
2.3907	0.61062
2.3918	0.60934
2.3929	0.60798
2.394	0.60662
2.3951	0.60529
2.3962	0.60406
2.3973	0.60277
2.3984	0.60151
2.3995	0.60041
2.4006	0.59947
2.4018	0.59845
2.4029	0.59752
2.404	0.59675
2.4051	0.59598
2.4062	0.59522
2.4073	0.59467
2.4085	0.59415
2.4096	0.59370
2.4107	0.59322
2.4118	0.59267
2.4129	0.59203
2.4141	0.59155
2.4152	0.59101
2.4163	0.59039
2.4174	0.58962
2.4186	0.58885
2.4197	0.58794
2.4208	0.58700
2.422	0.58603
2.4231	0.58496
2.4242	0.58380
2.4254	0.58265
2.4265	0.58127
2.4276	0.57986
2.4288	0.57845
2.4299	0.57709
2.431	0.57559
2.4322	0.57409
2.4333	0.57258
2.4345	0.57111
2.4356	0.56952
2.4368	0.56802
2.4379	0.56655
2.4391	0.56518
2.4402	0.56374
2.4413	0.56248
2.4425	0.56122
2.4436	0.55991
2.4448	0.55857
2.4459	0.55734
2.4471	0.55617
2.4483	0.55500
2.4494	0.55377
2.4506	0.55268
2.4517	0.55159
2.4529	0.55059
2.4541	0.54962
2.4552	0.54870
2.4564	0.54773
2.4575	0.54688
2.4587	0.54597
2.4599	0.54516
2.461	0.54444
2.4622	0.54380
2.4634	0.54311
2.4646	0.54247
2.4657	0.54171
2.4669	0.54089
2.4681	0.54001
2.4692	0.53933
2.4704	0.53851
2.4716	0.53764
2.4728	0.53668
2.474	0.53576
2.4751	0.53465
2.4763	0.53349
2.4775	0.53234
2.4787	0.53126
2.4799	0.53002
2.4811	0.52883
2.4823	0.52753
2.4834	0.52615
2.4846	0.52459
2.4858	0.52314
2.487	0.52180
2.4882	0.52058
2.4894	0.51914
2.4906	0.51779
2.4918	0.51650
2.493	0.51526
2.4942	0.51405
2.4954	0.51296
2.4966	0.51187
2.4978	0.51107
2.499	0.51039
2.5002	0.50989
2.5014	0.50956
2.5026	0.50960
2.5038	0.50968
2.505	0.50997
2.5062	0.51047
2.5074	0.51128
2.5087	0.51217
2.5099	0.51337
2.5111	0.51460
2.5123	0.51610
2.5135	0.51774
2.5148	0.51950
2.516	0.52123
2.5172	0.52322
2.5184	0.52534
2.5196	0.52770
2.5209	0.53012
2.5221	0.53267
2.5233	0.53517
2.5245	0.53788
2.5258	0.54069
2.527	0.54360
2.5282	0.54647
2.5295	0.54952
2.5307	0.55232
2.5319	0.55511
2.5332	0.55782
2.5344	0.56027
2.5356	0.56240
2.5369	0.56441
2.5381	0.56589
2.5394	0.56723
2.5406	0.56835
2.5419	0.56924
2.5431	0.56992
2.5444	0.57059
2.5456	0.57102
2.5469	0.57139
2.5481	0.57172
2.5494	0.57188
2.5506	0.57205
2.5519	0.57247
2.5531	0.57280
2.5544	0.57302
2.5556	0.57320
2.5569	0.57350
2.5582	0.57364
2.5594	0.57379
2.5607	0.57402
2.562	0.57418
2.5632	0.57392
2.5645	0.57381
2.5658	0.57341
2.567	0.57309
2.5683	0.57280
2.5696	0.57258
2.5709	0.57212
2.5721	0.57170
2.5734	0.57137
2.5747	0.57085
2.576	0.57042
2.5772	0.57007
2.5785	0.56946
2.5798	0.56922
2.5811	0.56884
2.5824	0.56828
2.5837	0.56803
2.5849	0.56776
2.5862	0.56716
2.5875	0.56679
2.5888	0.56616
2.5901	0.56562
2.5914	0.56494
2.5927	0.56449
2.594	0.56437
2.5953	0.56424
2.5966	0.56307
2.5979	0.56224
2.5992	0.56166
2.6005	0.56131
2.6018	0.56055
2.6031	0.55993
2.6044	0.55940
2.6057	0.55873
2.607	0.55784
2.6084	0.55722
2.6097	0.55647
2.611	0.55577
2.6123	0.55490
2.6136	0.55417
2.6149	0.55334
2.6163	0.55308
2.6176	0.55230
2.6189	0.55126
2.6202	0.55048
2.6215	0.54954
2.6229	0.54835
2.6242	0.54750
2.6255	0.54668
2.6269	0.54590
2.6282	0.54460
2.6295	0.54385
2.6309	0.54272
2.6322	0.54115
2.6335	0.53986
2.6349	0.53853
2.6362	0.53699
2.6375	0.53557
2.6389	0.53399
2.6402	0.53271
2.6416	0.53119
2.6429	0.52962
2.6443	0.52786
2.6456	0.52613
2.647	0.52390
2.6483	0.52194
2.6497	0.52004
2.651	0.51839
2.6524	0.51649
2.6537	0.51423
2.6551	0.51187
2.6565	0.50948
2.6578	0.50676
2.6592	0.50434
2.6606	0.50136
2.6619	0.49851
2.6633	0.49573
2.6646	0.49335
2.666	0.49024
2.6674	0.48655
2.6688	0.48267
2.6701	0.47951
2.6715	0.47463
2.6729	0.47041
2.6743	0.46646
2.6756	0.46253
2.677	0.45793
2.6784	0.45311
2.6798	0.44784
2.6812	0.44226
2.6826	0.43666
2.684	0.43050
2.6854	0.42386
2.6867	0.41680
2.6881	0.40847
2.6895	0.39964
2.6909	0.38979
2.6923	0.37992
2.6937	0.36869
2.6951	0.35623
2.6965	0.34355
2.6979	0.33099
2.6993	0.31830
2.7007	0.30587
2.7021	0.29371
2.7036	0.28471
2.705	0.27960
2.7064	0.27840
2.7078	0.27997
2.7092	0.28315
2.7106	0.28651
2.712	0.28946
2.7134	0.29116
2.7149	0.29212
2.7163	0.29198
2.7177	0.29087
2.7191	0.28885
2.7206	0.28586
2.722	0.28095
2.7234	0.27758
2.7249	0.27478
2.7263	0.27271
2.7277	0.27159
2.7292	0.27094
2.7306	0.26992
2.732	0.26851
2.7335	0.26679
2.7349	0.26482
2.7364	0.26267
2.7378	0.26159
2.7393	0.26127
2.7407	0.26103
2.7421	0.26065
2.7436	0.26048
2.7451	0.26028
2.7465	0.25992
2.748	0.25930
2.7494	0.25824
2.7509	0.25673
2.7523	0.25468
2.7538	0.25249
2.7553	0.24995
2.7567	0.24577
2.7582	0.24118
2.7597	0.23604
2.7611	0.23122
2.7626	0.22966
2.7641	0.23295
2.7656	0.23796
2.767	0.24217
2.7685	0.24510
2.77	0.24680
2.7715	0.24806
2.7729	0.24872
2.7744	0.24893
2.7759	0.24872
2.7774	0.24807
2.7789	0.24721
2.7804	0.24681
2.7819	0.24662
2.7834	0.24639
2.7849	0.24619
2.7864	0.24611
2.7879	0.24596
2.7894	0.24557
2.7909	0.24526
2.7924	0.24514
2.7939	0.24486
2.7954	0.24469
2.7969	0.24482
2.7984	0.24523
2.7999	0.24575
2.8014	0.24650
2.8029	0.24758
2.8044	0.24864
2.806	0.24973
2.8075	0.25118
2.809	0.25287
2.8105	0.25489
2.812	0.25710
2.8136	0.25953
2.8151	0.26209
2.8166	0.26471
2.8182	0.26735
2.8197	0.27004
2.8212	0.27255
2.8228	0.27484
2.8243	0.27667
2.8258	0.27839
2.8274	0.28000
2.8289	0.28137
2.8305	0.28240
2.832	0.28329
2.8336	0.28401
2.8351	0.28463
2.8367	0.28506
2.8382	0.28548
2.8398	0.28584
2.8413	0.28644
2.8429	0.28700
2.8444	0.28757
2.846	0.28804
2.8476	0.28860
2.8491	0.28912
2.8507	0.28961
2.8523	0.28992
2.8538	0.29023
2.8554	0.29053
2.857	0.29076
2.8586	0.29095
2.8601	0.29108
2.8617	0.29112
2.8633	0.29131
2.8649	0.29139
2.8664	0.29152
2.868	0.29168
2.8696	0.29183
2.8712	0.29182
2.8728	0.29184
2.8744	0.29179
2.876	0.29188
2.8776	0.29196
2.8792	0.29192
2.8808	0.29192
2.8824	0.29199
2.884	0.29203
2.8856	0.29209
2.8872	0.29191
2.8888	0.29181
2.8904	0.29171
2.892	0.29166
2.8936	0.29160
2.8953	0.29152
2.8969	0.29136
2.8985	0.29132
2.9001	0.29123
2.9017	0.29118
2.9034	0.29105
2.905	0.29092
2.9066	0.29084
2.9083	0.29077
2.9099	0.29065
2.9115	0.29063
2.9131	0.29054
2.9148	0.29059
2.9164	0.29048
2.9181	0.29032
2.9197	0.29027
2.9214	0.29014
2.923	0.28994
2.9246	0.28982
2.9263	0.28973
2.9279	0.28970
2.9296	0.28960
2.9313	0.28960
2.9329	0.28956
2.9346	0.28951
2.9362	0.28935
2.9379	0.28929
2.9396	0.28924
2.9412	0.28928
2.9429	0.28927
2.9446	0.28927
2.9463	0.28916
2.9479	0.28902
2.9496	0.28894
2.9513	0.28892
2.953	0.28883
2.9546	0.28874
2.9563	0.28864
2.958	0.28863
2.9597	0.28853
2.9614	0.28856
2.9631	0.28846
2.9648	0.28830
2.9665	0.28821
2.9682	0.28832
2.9699	0.28838
2.9716	0.28838
2.9733	0.28834
2.975	0.28823
2.9767	0.28811
2.9784	0.28815
2.9801	0.28812
2.9818	0.28814
2.9836	0.28812
2.9853	0.28809
2.987	0.28808
2.9887	0.28807
2.9904	0.28791
2.9921	0.28785
2.9939	0.28788
2.9956	0.28786
2.9973	0.28775
2.9991	0.28778
3.0008	0.28779
3.0026	0.28794
3.0043	0.28799
3.006	0.28790
3.0078	0.28774
3.0095	0.28773
3.0113	0.28778
3.013	0.28778
3.0148	0.28765
3.0165	0.28750
3.0183	0.28738
3.02	0.28738
3.0218	0.28737
3.0236	0.28736
3.0253	0.28727
3.0271	0.28722
3.0289	0.28716
3.0306	0.28713
3.0324	0.28711
3.0342	0.28714
3.0359	0.28710
3.0377	0.28705
3.0395	0.28686
3.0413	0.28663
3.0431	0.28642
3.0449	0.28627
3.0466	0.28608
3.0484	0.28599
3.0502	0.28586
3.052	0.28566
3.0538	0.28556
3.0556	0.28556
3.0574	0.28542
3.0592	0.28529
3.061	0.28519
3.0629	0.28530
3.0647	0.28547
3.0665	0.28567
3.0683	0.28588
3.0701	0.28626
3.0719	0.28665
3.0737	0.28698
3.0756	0.28733
3.0774	0.28777
3.0792	0.28811
3.0811	0.28837
3.0829	0.28852
3.0847	0.28878
3.0866	0.28906
3.0884	0.28933
3.0902	0.28953
3.0921	0.28966
3.0939	0.28974
3.0958	0.28992
3.0976	0.29012
3.0995	0.29036
3.1013	0.29059
3.1032	0.29088
3.105	0.29115
3.1069	0.29131
3.1088	0.29141
3.1106	0.29160
3.1125	0.29180
3.1144	0.29212
3.1162	0.29245
3.1181	0.29267
3.12	0.29290
3.1219	0.29332
3.1237	0.29381
3.1256	0.29436
3.1275	0.29497
3.1294	0.29566
3.1313	0.29644
3.1332	0.29750
3.1351	0.29875
3.137	0.30006
3.1389	0.30136
3.1408	0.30250
3.1427	0.30338
3.1446	0.30428
3.1465	0.30513
3.1484	0.30586
3.1503	0.30656
3.1522	0.30727
3.1541	0.30780
3.1561	0.30850
3.158	0.30916
3.1599	0.30964
3.1618	0.31013
3.1638	0.31066
3.1657	0.31118
3.1676	0.31182
3.1696	0.31246
3.1715	0.31315
3.1734	0.31385
3.1754	0.31452
3.1773	0.31514
3.1793	0.31580
3.1812	0.31634
3.1832	0.31711
3.1851	0.31782
3.1871	0.31852
3.1891	0.31913
3.191	0.31969
3.193	0.32029
3.1949	0.32087
3.1969	0.32140
3.1989	0.32201
3.2009	0.32262
3.2028	0.32320
3.2048	0.32377
3.2068	0.32431
3.2088	0.32487
3.2108	0.32549
3.2128	0.32596
3.2148	0.32634
3.2168	0.32662
3.2187	0.32701
3.2207	0.32723
3.2228	0.32730
3.2248	0.32736
3.2268	0.32728
3.2288	0.32696
3.2308	0.32655
3.2328	0.32598
3.2348	0.32530
3.2368	0.32421
3.2389	0.32277
3.2409	0.32085
3.2429	0.31836
3.2449	0.31502
3.247	0.31034
3.249	0.30381
3.251	0.29425
3.2531	0.27909
3.2551	0.25575
3.2572	0.22693
3.2592	0.20135
3.2613	0.18277
3.2633	0.17003
3.2654	0.16250
3.2674	0.15877
3.2695	0.15653
3.2715	0.15450
3.2736	0.15301
3.2757	0.15330
3.2778	0.15525
3.2798	0.15783
3.2819	0.16028
3.284	0.16256
3.2861	0.16475
3.2881	0.16675
3.2902	0.16867
3.2923	0.17057
3.2944	0.17217
3.2965	0.17344
3.2986	0.17426
3.3007	0.17461
3.3028	0.17477
3.3049	0.17463
3.307	0.17413
3.3091	0.17363
3.3112	0.17337
3.3134	0.17354
3.3155	0.17397
3.3176	0.17463
3.3197	0.17533
3.3218	0.17604
3.324	0.17683
3.3261	0.17770
3.3282	0.17877
3.3304	0.18034
3.3325	0.18214
3.3347	0.18391
3.3368	0.18540
3.3389	0.18657
3.3411	0.18751
3.3433	0.18823
3.3454	0.18883
3.3476	0.18934
3.3497	0.18971
3.3519	0.19001
3.3541	0.19043
3.3562	0.19086
3.3584	0.19110
3.3606	0.19136
3.3628	0.19159
3.365	0.19167
3.3671	0.19169
3.3693	0.19177
3.3715	0.19184
3.3737	0.19178
3.3759	0.19154
3.3781	0.19142
3.3803	0.19114
3.3825	0.19079
3.3847	0.19028
3.3869	0.18951
3.3891	0.18852
3.3914	0.18729
3.3936	0.18563
3.3958	0.18338
3.398	0.18050
3.4003	0.17700
3.4025	0.17266
3.4047	0.16759
3.407	0.16233
3.4092	0.15770
3.4114	0.15375
3.4137	0.15051
3.4159	0.14828
3.4182	0.14702
3.4204	0.14654
3.4227	0.14685
3.425	0.14779
3.4272	0.14898
3.4295	0.15035
3.4318	0.15189
3.434	0.15351
3.4363	0.15531
3.4386	0.15718
3.4409	0.15918
3.4432	0.16144
3.4454	0.16390
3.4477	0.16657
3.45	0.16948
3.4523	0.17251
3.4546	0.17547
3.4569	0.17836
3.4592	0.18120
3.4615	0.18404
3.4639	0.18703
3.4662	0.18997
3.4685	0.19301
3.4708	0.19633
3.4731	0.19979
3.4755	0.20398
3.4778	0.20939
3.4801	0.21638
3.4825	0.22576
3.4848	0.23762
3.4871	0.25160
3.4895	0.26791
3.4919	0.28699
3.4942	0.30747
3.4966	0.32683
3.4989	0.34341
3.5013	0.35715
3.5036	0.36856
3.506	0.37836
3.5084	0.38667
3.5108	0.39333
3.5131	0.39837
3.5155	0.40195
3.5179	0.40327
3.5203	0.40110
3.5227	0.39485
3.5251	0.38750
3.5275	0.38592
3.5299	0.39384
3.5323	0.40649
3.5347	0.41807
3.5371	0.42695
3.5395	0.43357
3.5419	0.43833
3.5444	0.44199
3.5468	0.44489
3.5492	0.44725
3.5516	0.44911
3.5541	0.45067
3.5565	0.45208
3.5589	0.45323
3.5614	0.45418
3.5638	0.45508
3.5663	0.45591
3.5688	0.45656
3.5712	0.45709
3.5737	0.45770
3.5761	0.45823
3.5786	0.45877
3.5811	0.45926
3.5836	0.45974
3.586	0.46014
3.5885	0.46049
3.591	0.46091
3.5935	0.46139
3.596	0.46174
3.5985	0.46220
3.601	0.46252
3.6035	0.46282
3.606	0.46317
3.6085	0.46353
3.611	0.46385
3.6135	0.46418
3.6161	0.46447
3.6186	0.46473
3.6211	0.46500
3.6236	0.46526
3.6262	0.46553
3.6287	0.46578
3.6313	0.46609
3.6338	0.46635
3.6363	0.46659
3.6389	0.46681
3.6414	0.46703
3.644	0.46720
3.6466	0.46727
3.6491	0.46729
3.6517	0.46730
3.6543	0.46719
3.6569	0.46699
3.6594	0.46670
3.662	0.46628
3.6646	0.46570
3.6672	0.46500
3.6698	0.46424
3.6724	0.46342
3.675	0.46245
3.6776	0.46146
3.6802	0.46039
3.6828	0.45924
3.6854	0.45798
3.6881	0.45660
3.6907	0.45501
3.6933	0.45318
3.6959	0.45100
3.6986	0.44833
3.7012	0.44511
3.7039	0.44115
3.7065	0.43612
3.7092	0.42979
3.7118	0.42194
3.7145	0.41241
3.7171	0.40116
3.7198	0.38827
3.7225	0.37424
3.7252	0.35982
3.7278	0.34576
3.7305	0.33259
3.7332	0.32052
3.7359	0.30953
3.7386	0.29953
3.7413	0.29038
3.744	0.28197
3.7467	0.27424
3.7494	0.26697
3.7521	0.26010
3.7548	0.25354
3.7576	0.24726
3.7603	0.24123
3.763	0.23538
3.7657	0.22972
3.7685	0.22428
3.7712	0.21909
3.774	0.21426
3.7767	0.20988
3.7795	0.20611
3.7822	0.20299
3.785	0.20044
3.7877	0.19840
3.7905	0.19675
3.7933	0.19540
3.7961	0.19433
3.7988	0.19359
3.8016	0.19314
3.8044	0.19290
3.8072	0.19270
3.81	0.19234
3.8128	0.19179
3.8156	0.19103
3.8184	0.19016
3.8212	0.18921
3.8241	0.18818
3.8269	0.18715
3.8297	0.18611
3.8325	0.18500
3.8354	0.18386
3.8382	0.18272
3.8411	0.18155
3.8439	0.18039
3.8468	0.17930
3.8496	0.17844
3.8525	0.17786
3.8553	0.17752
3.8582	0.17738
3.8611	0.17724
3.8639	0.17680
3.8668	0.17586
3.8697	0.17414
3.8726	0.17157
3.8755	0.16823
3.8784	0.16433
3.8813	0.16018
3.8842	0.15601
3.8871	0.15203
3.89	0.14839
3.893	0.14506
3.8959	0.14207
3.8988	0.13951
3.9017	0.13732
3.9047	0.13542
3.9076	0.13380
3.9106	0.13243
3.9135	0.13116
3.9165	0.12991
3.9194	0.12877
3.9224	0.12769
3.9254	0.12669
3.9284	0.12581
3.9313	0.12508
3.9343	0.12450
3.9373	0.12411
3.9403	0.12390
3.9433	0.12392
3.9463	0.12427
3.9493	0.12508
3.9523	0.12649
3.9553	0.12872
3.9583	0.13198
3.9614	0.13653
3.9644	0.14259
3.9674	0.15031
3.9705	0.15966
3.9735	0.17038
3.9766	0.18203
3.9796	0.19420
3.9826	0.20668
3.9857	0.21951
3.9888	0.23278
3.9919	0.24662
3.9949	0.26108
3.998	0.27598
4.0011	0.29110
4.0042	0.30611
4.0073	0.32071
4.0104	0.33460
4.0135	0.34765
4.0166	0.35981
4.0197	0.37103
4.0228	0.38135
4.0259	0.39090
4.0291	0.39966
4.0322	0.40770
4.0353	0.41505
4.0385	0.42181
4.0416	0.42798
4.0448	0.43365
4.0479	0.43879
4.0511	0.44340
4.0543	0.44747
4.0574	0.45107
4.0606	0.45425
4.0638	0.45710
4.067	0.45958
4.0702	0.46174
4.0734	0.46361
4.0766	0.46531
4.0798	0.46681
4.083	0.46819
4.0862	0.46945
4.0894	0.47064
4.0927	0.47175
4.0959	0.47285
4.0991	0.47384
4.1024	0.47474
4.1056	0.47545
4.1089	0.47591
4.1121	0.47615
4.1154	0.47657
4.1187	0.47725
4.122	0.47806
4.1252	0.47885
4.1285	0.47964
4.1318	0.48030
4.1351	0.48093
4.1384	0.48158
4.1417	0.48253
4.145	0.48377
4.1483	0.48504
4.1516	0.48609
4.155	0.48695
4.1583	0.48766
4.1616	0.48839
4.165	0.48905
4.1683	0.48968
4.1717	0.49026
4.175	0.49081
4.1784	0.49122
4.1818	0.49155
4.1852	0.49181
4.1885	0.49199
4.1919	0.49191
4.1953	0.49163
4.1987	0.49126
4.2021	0.49122
4.2055	0.49151
4.2089	0.49197
4.2124	0.49236
4.2158	0.49262
4.2192	0.49260
4.2226	0.49223
4.2261	0.49140
4.2295	0.49015
4.233	0.48844
4.2365	0.48650
4.2399	0.48443
4.2434	0.48239
4.2469	0.48031
4.2503	0.47819
4.2538	0.47604
4.2573	0.47424
4.2608	0.47311
4.2643	0.47268
4.2678	0.47252
4.2713	0.47262
4.2749	0.47280
4.2784	0.47287
4.2819	0.47266
4.2855	0.47227
4.289	0.47173
4.2926	0.47111
4.2961	0.47017
4.2997	0.46892
4.3033	0.46746
4.3068	0.46610
4.3104	0.46491
4.314	0.46390
4.3176	0.46312
4.3212	0.46296
4.3248	0.46359
4.3284	0.46454
4.332	0.46483
4.3356	0.46417
4.3393	0.46276
4.3429	0.46092
4.3465	0.45884
4.3502	0.45675
4.3538	0.45457
4.3575	0.45235
4.3611	0.45004
4.3648	0.44782
4.3685	0.44573
4.3722	0.44380
4.3759	0.44193
4.3796	0.44011
4.3833	0.43821
4.387	0.43640
4.3907	0.43468
4.3944	0.43315
4.3981	0.43182
4.4019	0.43079
4.4056	0.42999
4.4094	0.42937
4.4131	0.42880
4.4169	0.42838
4.4206	0.42794
4.4244	0.42757
4.4282	0.42725
4.432	0.42700
4.4358	0.42668
4.4396	0.42627
4.4434	0.42574
4.4472	0.42519
4.451	0.42456
4.4548	0.42392
4.4586	0.42325
4.4625	0.42254
4.4663	0.42174
4.4702	0.42092
4.474	0.41995
4.4779	0.41885
4.4818	0.41755
4.4856	0.41607
4.4895	0.41432
4.4934	0.41235
4.4973	0.41005
4.5012	0.40757
4.5051	0.40490
4.509	0.40205
4.513	0.39897
4.5169	0.39566
4.5208	0.39194
4.5248	0.38782
4.5287	0.38336
4.5327	0.37865
4.5367	0.37387
4.5406	0.36924
4.5446	0.36484
4.5486	0.36082
4.5526	0.35713
4.5566	0.35386
4.5606	0.35094
4.5646	0.34849
4.5686	0.34659
4.5727	0.34531
4.5767	0.34459
4.5808	0.34447
4.5848	0.34495
4.5889	0.34611
4.5929	0.34802
4.597	0.35087
4.6011	0.35466
4.6052	0.35929
4.6093	0.36455
4.6134	0.37048
4.6175	0.37689
4.6216	0.38375
4.6257	0.39090
4.6298	0.39830
4.634	0.40574
4.6381	0.41303
4.6423	0.41976
4.6464	0.42575
4.6506	0.43091
4.6548	0.43535
4.659	0.43911
4.6631	0.44245
4.6673	0.44539
4.6715	0.44806
4.6758	0.45042
4.68	0.45257
4.6842	0.45446
4.6884	0.45615
4.6927	0.45764
4.6969	0.45903
4.7012	0.46017
4.7055	0.46120
4.7097	0.46205
4.714	0.46278
4.7183	0.46338
4.7226	0.46398
4.7269	0.46439
4.7312	0.46475
4.7355	0.46502
4.7399	0.46528
4.7442	0.46540
4.7485	0.46547
4.7529	0.46542
4.7573	0.46546
4.7616	0.46538
4.766	0.46525
4.7704	0.46503
4.7748	0.46485
4.7792	0.46460
4.7836	0.46438
4.788	0.46405
4.7924	0.46369
4.7969	0.46326
4.8013	0.46287
4.8058	0.46244
4.8102	0.46199
4.8147	0.46145
4.8191	0.46091
4.8236	0.46023
4.8281	0.45950
4.8326	0.45871
4.8371	0.45795
4.8416	0.45706
4.8462	0.45612
4.8507	0.45501
4.8553	0.45386
4.8598	0.45253
4.8644	0.45104
4.8689	0.44938
4.8735	0.44766
4.8781	0.44580
4.8827	0.44388
4.8873	0.44181
4.8919	0.43981
4.8965	0.43789
4.9011	0.43607
4.9058	0.43422
4.9104	0.43249
4.9151	0.43072
4.9197	0.42901
4.9244	0.42728
4.9291	0.42561
4.9338	0.42395
4.9385	0.42251
4.9432	0.42126
4.9479	0.42031
4.9526	0.41950
4.9574	0.41890
4.9621	0.41825
4.9669	0.41749
4.9716	0.41662
4.9764	0.41567
4.9812	0.41453
4.986	0.41332
4.9908	0.41184
4.9956	0.41013
5.0004	0.40807
5.0052	0.40557
5.01	0.40259
5.0149	0.39912
5.0198	0.39502
5.0246	0.39031
5.0295	0.38479
5.0344	0.37848
5.0393	0.37129
5.0442	0.36341
5.0491	0.35547
5.054	0.34879
5.0589	0.34515
5.0639	0.34566
5.0688	0.34952
5.0738	0.35490
5.0788	0.35987
5.0837	0.36348
5.0887	0.36541
5.0937	0.36591
5.0987	0.36542
5.1037	0.36422
5.1088	0.36246
5.1138	0.36031
5.1189	0.35780
5.1239	0.35508
5.129	0.35217
5.1341	0.34904
5.1391	0.34566
5.1443	0.34205
5.1494	0.33812
5.1545	0.33378
5.1596	0.32920
5.1647	0.32444
5.1699	0.31950
5.175	0.31434
5.1802	0.30903
5.1854	0.30361
5.1906	0.29811
5.1958	0.29245
5.201	0.28663
5.2062	0.28066
5.2115	0.27486
5.2167	0.26890
5.222	0.26304
5.2272	0.25740
5.2325	0.25239
5.2378	0.24859
5.2431	0.24645
5.2484	0.24571
5.2537	0.24589
5.259	0.24629
5.2644	0.24666
5.2697	0.24684
5.2751	0.24667
5.2805	0.24596
5.2858	0.24466
5.2912	0.24256
5.2966	0.23968
5.302	0.23599
5.3075	0.23161
5.3129	0.22661
5.3184	0.22160
5.3238	0.21670
5.3293	0.21169
5.3348	0.20592
5.3403	0.19930
5.3458	0.19204
5.3513	0.18466
5.3568	0.17738
5.3624	0.17025
5.3679	0.16250
5.3735	0.15447
5.379	0.14609
5.3846	0.13778
5.3902	0.12951
5.3958	0.12174
5.4015	0.11437
5.4071	0.10784
5.4127	0.10189
5.4184	0.09692
5.4241	0.09208
5.4297	0.08817
5.4354	0.08504
5.4411	0.08244
5.4469	0.08028
5.4526	0.07884
5.4583	0.07768
5.4641	0.07696
5.4698	0.07637
5.4756	0.07625
5.4814	0.07630
5.4872	0.07678
5.493	0.07747
5.4988	0.07868
5.5047	0.08020
5.5105	0.08214
5.5164	0.08420
5.5223	0.08669
5.5281	0.08934
5.534	0.09228
5.54	0.09523
5.5459	0.09818
5.5518	0.10098
5.5578	0.10369
5.5637	0.10599
5.5697	0.10798
5.5757	0.10962
5.5817	0.11124
5.5877	0.11239
5.5937	0.11324
5.5998	0.11388
5.6058	0.11434
5.6119	0.11460
5.618	0.11498
5.6241	0.11538
5.6302	0.11591
5.6363	0.11644
5.6424	0.11723
5.6486	0.11822
5.6547	0.11940
5.6609	0.12072
5.6671	0.12192
5.6733	0.12293
5.6795	0.12371
5.6857	0.12419
5.692	0.12469
5.6982	0.12512
5.7045	0.12545
5.7108	0.12555
5.7171	0.12539
5.7234	0.12491
5.7297	0.12423
5.736	0.12339
5.7424	0.12241
5.7488	0.12096
5.7551	0.11908
5.7615	0.11735
5.768	0.11613
5.7744	0.11575
5.7808	0.11569
5.7873	0.11528
5.7937	0.11458
5.8002	0.11349
5.8067	0.11232
5.8132	0.11121
5.8197	0.11004
5.8263	0.10839
5.8328	0.10677
5.8394	0.10482
5.846	0.10286
5.8526	0.10078
5.8592	0.09916
5.8658	0.09784
5.8725	0.09726
5.8791	0.09676
5.8858	0.09647
5.8925	0.09617
5.8992	0.09604
5.9059	0.09574
5.9126	0.09593
5.9194	0.09616
5.9262	0.09665
5.9329	0.09693
5.9397	0.09744
5.9465	0.09750
5.9534	0.09780
5.9602	0.09796
5.9671	0.09860
5.974	0.09939
5.9808	0.10076
5.9878	0.10237
5.9947	0.10461
6.0016	0.10643
6.0086	0.10839
6.0155	0.11027
6.0225	0.11249
6.0295	0.11450
6.0365	0.11723
6.0436	0.12023
6.0506	0.12577
6.0577	0.13081
6.0648	0.13500
6.0719	0.13938
6.079	0.14400
6.0861	0.14717
6.0933	0.15001
6.1005	0.15219
6.1076	0.15479
6.1148	0.15761
6.1221	0.16030
6.1293	0.16200
6.1365	0.16462
6.1438	0.16789
6.1511	0.17195
6.1584	0.17653
6.1657	0.18293
6.1731	0.18964
6.1804	0.19793
6.1878	0.20852
6.1952	0.21907
6.2026	0.22861
6.21	0.23958
6.2175	0.25113
6.225	0.26442
6.2324	0.27897
6.2399	0.29555
6.2475	0.31261
6.255	0.33052
6.2625	0.35114
6.2701	0.37952
6.2777	0.40809
6.2853	0.42197
6.293	0.42343
6.3006	0.42083
6.3083	0.41679
6.3159	0.41216
6.3236	0.40709
6.3314	0.40180
6.3391	0.39668
6.3469	0.39104
6.3546	0.38518
6.3624	0.37978
6.3703	0.37446
6.3781	0.36857
6.3859	0.36315
6.3938	0.35777
6.4017	0.35281
6.4096	0.34830
6.4176	0.34290
6.4255	0.33734
6.4335	0.33221
6.4415	0.32671
6.4495	0.32164
6.4575	0.31643
6.4656	0.31149
6.4736	0.30656
6.4817	0.30168
6.4898	0.29682
6.498	0.29133
6.5061	0.28571
6.5143	0.28105
6.5225	0.27617
6.5307	0.27113
6.539	0.26603
6.5472	0.26087
6.5555	0.25514
6.5638	0.24959
6.5721	0.24344
6.5804	0.23662
6.5888	0.23015
6.5972	0.22415
6.6056	0.21909
6.614	0.21528
6.6225	0.21183
6.6309	0.20912
6.6394	0.20608
6.6479	0.20326
6.6565	0.20062
6.665	0.19848
6.6736	0.19641
6.6822	0.19462
6.6908	0.19249
6.6995	0.19061
6.7081	0.18870
6.7168	0.18702
6.7255	0.18501
6.7343	0.18315
6.743	0.18122
6.7518	0.17959
6.7606	0.17787
6.7694	0.17644
6.7783	0.17495
6.7871	0.17380
6.796	0.17256
6.805	0.17152
6.8139	0.17050
6.8229	0.16982
6.8319	0.16916
6.8409	0.16868
6.8499	0.16826
6.859	0.16835
6.868	0.16859
6.8772	0.16865
6.8863	0.16871
6.8955	0.16903
6.9046	0.16916
6.9138	0.16945
6.9231	0.16984
6.9323	0.17086
6.9416	0.17203
6.9509	0.17322
6.9602	0.17459
6.9696	0.17601
6.979	0.17662
6.9884	0.17663
6.9978	0.17469
7.0073	0.16938
7.0168	0.15972
7.0263	0.14757
7.0358	0.13730
7.0454	0.13174
7.0549	0.13034
7.0645	0.12952
7.0742	0.12735
7.0839	0.12522
7.0935	0.12348
7.1033	0.12246
7.113	0.12175
7.1228	0.12150
7.1326	0.12117
7.1424	0.12118
7.1522	0.12142
7.1621	0.12189
7.172	0.12209
7.182	0.12212
7.1919	0.12203
7.2019	0.12244
7.2119	0.12289
7.222	0.12329
7.232	0.12355
7.2421	0.12382
7.2523	0.12358
7.2624	0.12308
7.2726	0.12255
7.2828	0.12232
7.2931	0.12190
7.3033	0.12149
7.3136	0.12123
7.324	0.12183
7.3343	0.12292
7.3447	0.12417
7.3551	0.12487
7.3656	0.12539
7.3761	0.12573
7.3866	0.12622
7.3971	0.12682
7.4077	0.12789
7.4183	0.12914
7.4289	0.13051
7.4396	0.13164
7.4502	0.13273
7.461	0.13371
7.4717	0.13472
7.4825	0.13560
7.4933	0.13652
7.5041	0.13724
7.515	0.13791
7.5259	0.13840
7.5369	0.13895
7.5479	0.13950
7.5589	0.14025
7.5699	0.14103
7.581	0.14204
7.592	0.14301
7.6032	0.14387
7.6144	0.14448
7.6255	0.14491
7.6368	0.14519
7.648	0.14558
7.6593	0.14609
7.6707	0.14678
7.682	0.14737
7.6934	0.14796
7.7049	0.14853
7.7163	0.14922
7.7278	0.14990
7.7394	0.15064
7.7509	0.15132
7.7625	0.15185
7.7742	0.15196
7.7858	0.15190
7.7975	0.15160
7.8093	0.15113
7.8211	0.15050
7.8329	0.14982
7.8447	0.14892
7.8566	0.14783
7.8685	0.14629
7.8805	0.14446
7.8925	0.14219
7.9045	0.13950
7.9166	0.13644
7.9287	0.13332
7.9408	0.13021
7.953	0.12745
7.9652	0.12477
7.9775	0.12219
7.9898	0.11952
8.0021	0.11722
8.0145	0.11552
8.0269	0.11471
8.0393	0.11472
8.0518	0.11557
8.0643	0.11688
8.0769	0.11849
8.0895	0.11991
8.1021	0.12079
8.1148	0.12023
8.1275	0.11827
8.1403	0.11561
8.1531	0.11338
8.1659	0.11225
8.1788	0.11331
8.1917	0.11609
8.2047	0.11907
8.2177	0.12137
8.2307	0.12317
8.2438	0.12437
8.257	0.12507
8.2701	0.12529
8.2833	0.12574
8.2966	0.12669
8.3099	0.12822
8.3232	0.12971
8.3366	0.13089
8.35	0.13142
8.3635	0.13132
8.377	0.13068
8.3905	0.12951
8.4042	0.12772
8.4178	0.12695
8.4315	0.12794
8.4452	0.13010
8.459	0.13251
8.4728	0.13483
8.4867	0.13689
8.5006	0.13884
8.5145	0.14005
8.5285	0.14070
8.5426	0.14104
8.5567	0.14121
8.5708	0.14119
8.585	0.14063
8.5993	0.13919
8.6135	0.13745
8.6279	0.13589
8.6423	0.13448
8.6567	0.13292
8.6712	0.13164
8.6857	0.13107
8.7003	0.13063
8.7149	0.12934
8.7295	0.12744
8.7443	0.12546
8.759	0.12420
8.7739	0.12345
8.7887	0.12261
8.8037	0.12171
8.8186	0.12117
8.8337	0.12096
8.8487	0.12086
8.8638	0.12084
8.879	0.12131
8.8943	0.12179
8.9095	0.12217
8.9249	0.12190
8.9403	0.12074
8.9557	0.11831
8.9712	0.11470
8.9868	0.11108
9.0023	0.10878
9.018	0.10720
9.0337	0.10666
9.0495	0.10716
9.0653	0.10865
9.0812	0.11094
9.0971	0.11332
9.1131	0.11469
9.1291	0.11521
9.1452	0.11618
9.1614	0.11911
9.1776	0.12274
9.1939	0.12593
9.2102	0.12840
9.2266	0.13010
9.243	0.13118
9.2595	0.13241
9.2761	0.13398
9.2927	0.13559
9.3094	0.13675
9.3262	0.13753
9.343	0.13827
9.3598	0.13894
9.3768	0.13945
9.3938	0.14009
9.4108	0.14068
9.4279	0.14110
9.4451	0.14138
9.4623	0.14166
9.4796	0.14170
9.497	0.14155
9.5144	0.14119
9.5319	0.14063
9.5494	0.13993
9.567	0.13921
9.5847	0.13838
9.6025	0.13777
9.6203	0.13740
9.6382	0.13711
9.6561	0.13658
9.6742	0.13602
9.6922	0.13544
9.7104	0.13495
9.7286	0.13441
9.7469	0.13399
9.7652	0.13367
9.7837	0.13343
9.8022	0.13319
9.8207	0.13300
9.8394	0.13257
9.8581	0.13213
9.8768	0.13174
9.8957	0.13143
9.9146	0.13113
9.9336	0.13085
9.9527	0.13048
9.9718	0.13018
9.991	0.12985
10.0103	0.12963
10.0297	0.12951
10.0491	0.12953
10.0686	0.12964
10.0882	0.12981
10.1079	0.13003
10.1276	0.13025
10.1475	0.13001
10.1673	0.12916
10.1873	0.12790
10.2074	0.12680
10.2275	0.12610
10.2477	0.12599
10.268	0.12632
10.2884	0.12695
10.3088	0.12760
10.3294	0.12833
10.35	0.12901
10.3707	0.12959
10.3915	0.12984
10.4123	0.13009
10.4333	0.13131
10.4543	0.13386
10.4754	0.13634
10.4967	0.13798
10.5179	0.13885
10.5393	0.13915
10.5608	0.13898
10.5823	0.13856
10.604	0.13790
10.6257	0.13729
10.6475	0.13670
10.6694	0.13627
10.6914	0.13611
10.7135	0.13633
10.7357	0.13689
10.758	0.13792
10.7803	0.13939
10.8028	0.14127
10.8254	0.14360
10.848	0.14659
10.8708	0.15041
10.8936	0.15530
10.9165	0.16140
10.9395	0.16908
10.9627	0.17871
10.9859	0.19040
11.0092	0.20232
11.0327	0.20929
11.0562	0.20968
11.0798	0.20534
11.1035	0.19768
11.1274	0.18796
11.1513	0.17737
11.1753	0.16676
11.1995	0.15632
11.2237	0.14519
11.248	0.13155
11.2725	0.11706
11.2971	0.10649
11.3217	0.09965
11.3465	0.09446
11.3714	0.09178
11.3964	0.09225
11.4215	0.09502
11.4467	0.09870
11.472	0.10386
11.4975	0.11011
11.523	0.11646
11.5487	0.12248
11.5744	0.12769
11.6003	0.13125
11.6263	0.13037
11.6525	0.11588
11.6787	0.09628
11.7051	0.10077
11.7316	0.12013
11.7582	0.13724
11.7849	0.14604
11.8117	0.14875
11.8387	0.14978
11.8658	0.15024
11.893	0.15084
11.9203	0.15165
11.9478	0.15293
11.9754	0.15414
12.0031	0.15502
12.031	0.15552
12.059	0.15582
12.0871	0.15597
12.1153	0.15618
12.1437	0.15631
12.1722	0.15661
12.2008	0.15679
12.2296	0.15704
12.2585	0.15729
12.2876	0.15750
12.3168	0.15767
12.3461	0.15781
12.3755	0.15775
12.4052	0.15749
12.4349	0.15687
12.4648	0.15592
12.4948	0.15482
12.525	0.15360
12.5553	0.15226
12.5858	0.15098
12.6164	0.14958
12.6472	0.14808
12.6781	0.14635
12.7092	0.14448
12.7404	0.14242
12.7718	0.14016
12.8033	0.13742
12.835	0.13420
12.8669	0.13018
12.8989	0.12544
12.9311	0.11989
12.9634	0.11360
12.9959	0.10648
13.0285	0.09864
13.0613	0.08985
13.0943	0.08040
13.1275	0.07024
13.1608	0.05978
13.1943	0.04949
13.228	0.04100
13.2618	0.03729
13.2958	0.04210
13.33	0.05129
13.3643	0.05664
13.3988	0.05731
13.4336	0.05784
13.4685	0.06022
13.5035	0.06441
13.5388	0.06935
13.5742	0.07453
13.6099	0.07930
13.6457	0.08368
13.6817	0.08750
13.7179	0.09093
13.7543	0.09359
13.7908	0.09559
13.8276	0.09737
13.8646	0.09873
13.9018	0.09966
13.9392	0.10029
13.9767	0.10036
14.0145	0.09997
14.0525	0.09911
14.0907	0.09793
14.129	0.09659
14.1676	0.09552
14.2065	0.09454
14.2455	0.09391
14.2847	0.09340
14.3242	0.09304
14.3639	0.09271
14.4038	0.09241
14.4439	0.09188
14.4843	0.09144
14.5248	0.09097
14.5656	0.09057
14.6067	0.09000
14.6479	0.08954
14.6894	0.08924
14.7312	0.08912
14.7731	0.08898
14.8153	0.08886
14.8578	0.08861
14.9005	0.08843
14.9434	0.08811
14.9866	0.08718
15.03	0.08563
15.0737	0.08431
15.1177	0.08274
15.1619	0.08125
15.2063	0.08006
15.2511	0.07930
15.2961	0.07898
15.3413	0.07911
15.3868	0.07929
15.4326	0.07952
15.4787	0.07931
15.525	0.07886
15.5717	0.07785
15.6186	0.07629
15.6658	0.07453
15.7132	0.07298
15.761	0.07115
15.809	0.06962
15.8574	0.06840
15.906	0.06748
15.955	0.06634
16.0042	0.06514
16.0538	0.06363
16.1036	0.06193
16.1538	0.06001
16.2043	0.05798
16.2551	0.05598
16.3062	0.05453
16.3576	0.05320
16.4094	0.05163
16.4615	0.04993
16.5139	0.04873
16.5667	0.04746
16.6198	0.04636
16.6732	0.04534
16.727	0.04441
16.7811	0.04338
16.8356	0.04257
16.8905	0.04168
16.9457	0.04134
17.0012	0.04120
17.0572	0.04117
17.1134	0.04121
17.1701	0.04169
17.2272	0.04227
17.2846	0.04284
17.3424	0.04317
17.4006	0.04361
17.4592	0.04374
17.5182	0.04439
17.5775	0.04537
17.6373	0.04620
17.6975	0.04607
17.7581	0.04568
17.8192	0.04550
17.8806	0.04577
17.9425	0.04609
18.0048	0.04649
18.0675	0.04647
18.1307	0.04692
18.1943	0.04734
18.2584	0.04726
18.3229	0.04675
18.3879	0.04647
18.4533	0.04579
18.5192	0.04547
18.5856	0.04562
18.6524	0.04588
18.7198	0.04632
18.7876	0.04675
18.8559	0.04660
18.9248	0.04626
18.9941	0.04609
19.0639	0.04506
19.1343	0.04444
19.2051	0.04399
19.2765	0.04364
19.3485	0.04350
19.4209	0.04342
19.4939	0.04426
19.5675	0.04553
19.6416	0.04700
19.7163	0.04971
19.7916	0.05278
19.8674	0.05536
19.9438	0.05865
20.0208	0.06244
20.0984	0.06665
20.1766	0.07129
20.2554	0.07654
20.3348	0.08218
20.4149	0.08838
20.4956	0.09525
20.5769	0.10223
20.6589	0.10872
20.7416	0.11578
20.8248	0.12307
20.9088	0.13003
20.9934	0.13577
21.0788	0.14013
21.1648	0.14461
21.2516	0.14872
21.339	0.15203
21.4272	0.15593
21.5161	0.15897
21.6058	0.16146
21.6962	0.16400
21.7873	0.16708
21.8793	0.16904
21.972	0.17028
22.0655	0.17213
22.1598	0.17511
22.2549	0.17775
22.3508	0.18001
22.4475	0.18135
22.5451	0.18269
22.6436	0.18406
22.7429	0.18460
22.8431	0.18600
22.9442	0.18785
23.0462	0.18831
23.1491	0.18925
23.2529	0.19034
23.3576	0.19121
23.4633	0.19196
23.5699	0.19209
23.6776	0.19207
23.7862	0.19237
23.8958	0.19217
24.0064	0.19237
24.1181	0.19185
24.2308	0.19074
24.3445	0.18864
24.4593	0.18672
24.5753	0.18556
24.6923	0.18542
24.8104	0.18604
24.9297	0.18749
25.0501	0.18874
25.1717	0.18978
25.2946	0.18995
25.4186	0.19012
25.5438	0.18981
25.6702	0.18927
25.7979	0.18871
25.9269	0.18837
26.0572	0.18786
26.1888	0.18764
26.3217	0.18783
26.456	0.18831
26.5917	0.18808
26.7288	0.18757
26.8672	0.18640
27.0072	0.18568
27.1486	0.18331
27.2915	0.17982
27.4359	0.17488
27.5818	0.16817
27.7293	0.16139
27.8784	0.15462
28.0291	0.14658
28.1814	0.13881
28.3354	0.13160
28.4911	0.12571
28.6485	0.12027
28.8077	0.11620
28.9686	0.11191
29.1313	0.10796
29.296	0.10518
29.4624	0.10374
29.6308	0.10255
29.8011	0.10172
29.9733	0.09981
30.1476	0.09809
30.3239	0.09684
30.5022	0.09672
30.6827	0.09479
30.8653	0.09294
31.0502	0.08942
31.2372	0.08635
31.4265	0.08385
31.6182	0.08121
31.8122	0.07483
32.0086	0.06775
32.2074	0.06403
32.4087	0.07292
32.6125	0.08889
32.8189	0.09851
33.0279	0.10107
33.2396	0.09710
33.4541	0.09345
33.6713	0.09269
33.8914	0.09316
34.1143	0.09234
34.3403	0.09161
34.5692	0.09323
34.8013	0.09648
35.0364	0.09783
35.2747	0.09957
35.5164	0.10574
35.7613	0.11575
36.0096	0.13302
36.2614	0.14691
36.5167	0.15474
36.7757	0.15908
37.0384	0.16027
37.3049	0.15702
37.5752	0.15394
37.8495	0.14856
38.1278	0.14427
38.4103	0.14005
38.6969	0.13574
38.9879	0.13128
39.2832	0.12523
39.5831	0.11440
39.8876	0.11054
40.1968	0.10771
40.5108	0.09871
40.8298	0.08863
41.1538	0.07905
41.483	0.07182
41.8176	0.06514
42.1575	0.07337
42.5031	0.11560
42.8544	0.16255
43.2116	0.18758
43.5747	0.19999
43.944	0.20324
44.3196	0.17671
44.7016	0.15514
45.0903	0.14042
45.4858	0.13414
45.8883	0.13039
46.298	0.12564
46.7151	0.12572
47.1398	0.13135
47.5723	0.13084
48.0128	0.13115
48.4616	0.13451
48.9188	0.13411
49.3847	0.13028
49.8595	0.13409
50.3436	0.13560
50.8372	0.13526
51.3405	0.13600
51.8538	0.13502
52.3776	0.13564
52.912	0.13824
53.4575	0.14321
54.0144	0.14378
54.5829	0.14343
55.1636	0.13939
55.7569	0.13626
56.363	0.13566
56.9823	0.13937
57.6155	0.14291
58.2628	0.14166
58.9249	0.14563
59.6022	0.14442
60.2951	0.13798
61.0044	0.13489
61.7307	0.14249
62.4744	0.14762
63.2363	0.14115
64.017	0.14515
64.8172	0.15910
65.6379	0.17031
66.4794	0.15345
67.3428	0.14017
68.2289	0.13814
69.1386	0.13919
70.0729	0.12905
71.0328	0.12682
72.0191	0.15064
73.0335	0.14991
74.0768	0.15600
75.1504	0.17285
76.2555	0.16622
77.3937	0.15101
78.5663	0.16054
79.7754	0.16455
81.0219	0.17894
82.3079	0.20178
83.6355	0.19507
85.0065	0.19467
86.4233	0.18455
87.8881	0.16967
89.4031	0.17920
90.9715	0.18493
92.596	0.18491
94.2796	0.20288
96.0255	0.21357
97.8373	0.19085
99.7188	0.17731
