Brown University Keck/NASA Relab Spectrum CK-JFM-060/BKR1CK060
Wavelength(micron)	Reflectance
0.35	.307061
0.351	.306041
0.352	.302387
0.353	.304215
0.354	.310212
0.355	.310664
0.356	.316440
0.357	.318731
0.358	.313096
0.359	.312577
0.36	.319418
0.361	.324105
0.362	.317592
0.363	.323554
0.364	.325728
0.365	.321008
0.366	.322139
0.367	.329528
0.368	.335718
0.369	.335465
0.37	.331791
0.371	.331633
0.372	.334854
0.373	.337925
0.374	.339625
0.375	.340574
0.376	.342134
0.377	.346519
0.378	.344694
0.379	.343352
0.38	.348336
0.381	.351247
0.382	.351308
0.383	.350460
0.384	.351988
0.385	.355335
0.386	.358328
0.387	.359527
0.388	.358679
0.389	.358569
0.39	.359796
0.391	.361792
0.392	.362570
0.393	.363788
0.394	.365587
0.395	.366857
0.396	.367452
0.397	.368886
0.398	.371488
0.399	.372586
0.4	.373801
0.401	.375307
0.402	.376786
0.403	.378153
0.404	.379643
0.405	.380959
0.406	.381343
0.407	.384067
0.408	.385843
0.409	.384760
0.41	.385606
0.411	.387965
0.412	.390251
0.413	.390747
0.414	.391610
0.415	.392360
0.416	.392987
0.417	.394381
0.418	.396175
0.419	.397768
0.42	.398759
0.421	.399599
0.422	.400785
0.423	.401764
0.424	.401582
0.425	.402666
0.426	.404028
0.427	.404929
0.428	.405844
0.429	.406525
0.43	.407250
0.431	.408313
0.432	.409215
0.433	.410391
0.434	.411605
0.435	.412052
0.436	.412943
0.437	.414130
0.438	.415154
0.439	.415384
0.44	.415952
0.441	.417043
0.442	.418266
0.443	.418699
0.444	.419322
0.445	.420369
0.446	.420819
0.447	.421278
0.448	.421884
0.449	.422599
0.45	.423261
0.451	.423895
0.452	.424382
0.453	.424574
0.454	.425658
0.455	.426817
0.456	.427476
0.457	.428265
0.458	.428854
0.459	.429352
0.46	.430022
0.461	.430850
0.462	.431652
0.463	.432301
0.464	.432759
0.465	.433436
0.466	.434352
0.467	.435348
0.468	.436073
0.469	.436664
0.47	.437257
0.471	.437959
0.472	.438675
0.473	.439555
0.474	.440569
0.475	.441273
0.476	.442094
0.477	.443016
0.478	.443875
0.479	.444641
0.48	.445387
0.481	.446060
0.482	.446464
0.483	.447179
0.484	.447937
0.485	.448468
0.486	.449057
0.487	.449852
0.488	.450697
0.489	.451232
0.49	.451639
0.491	.452209
0.492	.453027
0.493	.453819
0.494	.454680
0.495	.455388
0.496	.455772
0.497	.456456
0.498	.457547
0.499	.458797
0.5	.459649
0.501	.460437
0.502	.461185
0.503	.461918
0.504	.462879
0.505	.463848
0.506	.464621
0.507	.465060
0.508	.465641
0.509	.466471
0.51	.467414
0.511	.468070
0.512	.468630
0.513	.469108
0.514	.469548
0.515	.470389
0.516	.471243
0.517	.471898
0.518	.472363
0.519	.472894
0.52	.473435
0.521	.473915
0.522	.474364
0.523	.474987
0.524	.475701
0.525	.476292
0.526	.476774
0.527	.477263
0.528	.477833
0.529	.478458
0.53	.479026
0.531	.479610
0.532	.480271
0.533	.480801
0.534	.481299
0.535	.481803
0.536	.482286
0.537	.482871
0.538	.483532
0.539	.484175
0.54	.484644
0.541	.485134
0.542	.485643
0.543	.486099
0.544	.486611
0.545	.487020
0.546	.487342
0.547	.487896
0.548	.488425
0.549	.488916
0.55	.489398
0.551	.489813
0.552	.490201
0.553	.490604
0.554	.491071
0.555	.491506
0.556	.491894
0.557	.492272
0.558	.492715
0.559	.493132
0.56	.493523
0.561	.493940
0.562	.494407
0.563	.494844
0.564	.495239
0.565	.495705
0.566	.496023
0.567	.496257
0.568	.496540
0.569	.497009
0.57	.497456
0.571	.497808
0.572	.498123
0.573	.498485
0.574	.498858
0.575	.499216
0.576	.499568
0.577	.499951
0.578	.500323
0.579	.500649
0.58	.501107
0.581	.501559
0.582	.501942
0.583	.502316
0.584	.502628
0.585	.502940
0.586	.503299
0.587	.503569
0.588	.503874
0.589	.504220
0.59	.504508
0.591	.504753
0.592	.504932
0.593	.505078
0.594	.505391
0.595	.505671
0.596	.505903
0.597	.506162
0.598	.506360
0.599	.506571
0.6	.506827
0.601	.507111
0.602	.507349
0.603	.507547
0.604	.507724
0.605	.507903
0.606	.508111
0.607	.508323
0.608	.508499
0.609	.508662
0.61	.508859
0.611	.509083
0.612	.509229
0.613	.509437
0.614	.509678
0.615	.509883
0.616	.510084
0.617	.510286
0.618	.510494
0.619	.510754
0.62	.510919
0.621	.511003
0.622	.511084
0.623	.511253
0.624	.511520
0.625	.511780
0.626	.511917
0.627	.512109
0.628	.512328
0.629	.512539
0.63	.512684
0.631	.512859
0.632	.513055
0.633	.513232
0.634	.513355
0.635	.513478
0.636	.513638
0.637	.513872
0.638	.514125
0.639	.514363
0.64	.514590
0.641	.514893
0.642	.515155
0.643	.515405
0.644	.515689
0.645	.515909
0.646	.516168
0.647	.516471
0.648	.516667
0.649	.516976
0.65	.517318
0.651	.517602
0.652	.517916
0.653	.518209
0.654	.518468
0.655	.518719
0.656	.519023
0.657	.519348
0.658	.519628
0.659	.519756
0.66	.519975
0.661	.520248
0.662	.520466
0.663	.520624
0.664	.520798
0.665	.521042
0.666	.521355
0.667	.521644
0.668	.521876
0.669	.522062
0.67	.522312
0.671	.522537
0.672	.522751
0.673	.522998
0.674	.523198
0.675	.523336
0.676	.523427
0.677	.523569
0.678	.523743
0.679	.523952
0.68	.524176
0.681	.524285
0.682	.524378
0.683	.524497
0.684	.524655
0.685	.524786
0.686	.524819
0.687	.524788
0.688	.524876
0.689	.524970
0.69	.525048
0.691	.525136
0.692	.525327
0.693	.525407
0.694	.525395
0.695	.525434
0.696	.525516
0.697	.525582
0.698	.525609
0.699	.525624
0.7	.525711
0.701	.525806
0.702	.525832
0.703	.525877
0.704	.525902
0.705	.525896
0.706	.525896
0.707	.525941
0.708	.525999
0.709	.526026
0.71	.525985
0.711	.525987
0.712	.526004
0.713	.525978
0.714	.525906
0.715	.525858
0.716	.525847
0.717	.525837
0.718	.525786
0.719	.525769
0.72	.525779
0.721	.525672
0.722	.525574
0.723	.525501
0.724	.525442
0.725	.525382
0.726	.525289
0.727	.525187
0.728	.525115
0.729	.525002
0.73	.524882
0.731	.524751
0.732	.524552
0.733	.524424
0.734	.524307
0.735	.524111
0.736	.523881
0.737	.523748
0.738	.523667
0.739	.523488
0.74	.523341
0.741	.523220
0.742	.523080
0.743	.522876
0.744	.522672
0.745	.522518
0.746	.522393
0.747	.522238
0.748	.522031
0.749	.521778
0.75	.521495
0.751	.521237
0.752	.521025
0.753	.520831
0.754	.520593
0.755	.520302
0.756	.520032
0.757	.519829
0.758	.519617
0.759	.519329
0.76	.519011
0.761	.518763
0.762	.518505
0.763	.518273
0.764	.518057
0.765	.517769
0.766	.517477
0.767	.517217
0.768	.516982
0.769	.516709
0.77	.516414
0.771	.516123
0.772	.515856
0.773	.515561
0.774	.515235
0.775	.514905
0.776	.514633
0.777	.514329
0.778	.514017
0.779	.513711
0.78	.513416
0.781	.513145
0.782	.512882
0.783	.512621
0.784	.512362
0.785	.512072
0.786	.511758
0.787	.511456
0.788	.511176
0.789	.510930
0.79	.510698
0.791	.510426
0.792	.510142
0.793	.509822
0.794	.509466
0.795	.509134
0.796	.508823
0.797	.508548
0.798	.508295
0.799	.507979
0.8	.507690
0.801	.507437
0.802	.507217
0.803	.506940
0.804	.506628
0.805	.506318
0.806	.506092
0.807	.505875
0.808	.505662
0.809	.505430
0.81	.505167
0.811	.504874
0.812	.504593
0.813	.504342
0.814	.504049
0.815	.503805
0.816	.503623
0.817	.503420
0.818	.503216
0.819	.503005
0.82	.502774
0.821	.502519
0.822	.502276
0.823	.502026
0.824	.501778
0.825	.501680
0.826	.501493
0.827	.501258
0.828	.501078
0.829	.500835
0.83	.500595
0.831	.500380
0.832	.500181
0.833	.499977
0.834	.499809
0.835	.499666
0.836	.499498
0.837	.499281
0.838	.499085
0.839	.498933
0.84	.498690
0.841	.498532
0.842	.498420
0.843	.498267
0.844	.498158
0.845	.497995
0.846	.497809
0.847	.497660
0.848	.497493
0.849	.497296
0.85	.497115
0.851	.497029
0.852	.496924
0.853	.496799
0.854	.496640
0.855	.496417
0.856	.496245
0.857	.496122
0.858	.496009
0.859	.495904
0.86	.495778
0.861	.495645
0.862	.495516
0.863	.495322
0.864	.495181
0.865	.495064
0.866	.494900
0.867	.494779
0.868	.494678
0.869	.494554
0.87	.494342
0.871	.494261
0.872	.494146
0.873	.493970
0.874	.493889
0.875	.493741
0.876	.493590
0.877	.493473
0.878	.493306
0.879	.493197
0.88	.493074
0.881	.492865
0.882	.492612
0.883	.492413
0.884	.492251
0.885	.492068
0.886	.491880
0.887	.491683
0.888	.491495
0.889	.491320
0.89	.491171
0.891	.490965
0.892	.490718
0.893	.490487
0.894	.490347
0.895	.490141
0.896	.489876
0.897	.489695
0.898	.489541
0.899	.489361
0.9	.489114
0.901	.488766
0.902	.488481
0.903	.488268
0.904	.488060
0.905	.487761
0.906	.487402
0.907	.487081
0.908	.486844
0.909	.486594
0.91	.486273
0.911	.485910
0.912	.485574
0.913	.485304
0.914	.485055
0.915	.484767
0.916	.484426
0.917	.484129
0.918	.483771
0.919	.483387
0.92	.483066
0.921	.482738
0.922	.482313
0.923	.481839
0.924	.481412
0.925	.480925
0.926	.480523
0.927	.480185
0.928	.479762
0.929	.479189
0.93	.478724
0.931	.478347
0.932	.477807
0.933	.477394
0.934	.476936
0.935	.476429
0.936	.476050
0.937	.475574
0.938	.475013
0.939	.474438
0.94	.473941
0.941	.473389
0.942	.472840
0.943	.472329
0.944	.471791
0.945	.471285
0.946	.470755
0.947	.470172
0.948	.469567
0.949	.468972
0.95	.468355
0.951	.467735
0.952	.467216
0.953	.466643
0.954	.466038
0.955	.465430
0.956	.464741
0.957	.464192
0.958	.463615
0.959	.462934
0.96	.462354
0.961	.461717
0.962	.461065
0.963	.460447
0.964	.459860
0.965	.459319
0.966	.458752
0.967	.458085
0.968	.457355
0.969	.456810
0.97	.456269
0.971	.455566
0.972	.454779
0.973	.454165
0.974	.453657
0.975	.453079
0.976	.452254
0.977	.451644
0.978	.451218
0.979	.450783
0.98	.450154
0.981	.449521
0.982	.448839
0.983	.448091
0.984	.447396
0.985	.446860
0.986	.446333
0.987	.445736
0.988	.445195
0.989	.444714
0.99	.444128
0.991	.443472
0.992	.443052
0.993	.442411
0.994	.441912
0.995	.441533
0.996	.440708
0.997	.440150
0.998	.439674
0.999	.439205
1	.438855
1.001	.440623
1.002	.440125
1.003	.439619
1.004	.439161
1.005	.438829
1.006	.438327
1.007	.437757
1.008	.437198
1.009	.436619
1.01	.436193
1.011	.435762
1.012	.435348
1.013	.434950
1.014	.434508
1.015	.434126
1.016	.433821
1.017	.433480
1.018	.433215
1.019	.432854
1.02	.432396
1.021	.431987
1.022	.431641
1.023	.431214
1.024	.431008
1.025	.430827
1.026	.430613
1.027	.430408
1.028	.430163
1.029	.429883
1.03	.429634
1.031	.429379
1.032	.429129
1.033	.428869
1.034	.428637
1.035	.428407
1.036	.428208
1.037	.428068
1.038	.427860
1.039	.427786
1.04	.427720
1.041	.427650
1.042	.427665
1.043	.427621
1.044	.427553
1.045	.427443
1.046	.427267
1.047	.427157
1.048	.426967
1.049	.426951
1.05	.427131
1.051	.427188
1.052	.427244
1.053	.427315
1.054	.427382
1.055	.427544
1.056	.427649
1.057	.427854
1.058	.427951
1.059	.427902
1.06	.427989
1.061	.428122
1.062	.428263
1.063	.428450
1.064	.428652
1.065	.428913
1.066	.429132
1.067	.429337
1.068	.429569
1.069	.429773
1.07	.429970
1.071	.430242
1.072	.430562
1.073	.430902
1.074	.431313
1.075	.431684
1.076	.432063
1.077	.432446
1.078	.432842
1.079	.433201
1.08	.433504
1.081	.433879
1.082	.434225
1.083	.434635
1.084	.435171
1.085	.435645
1.086	.436102
1.087	.436515
1.088	.437038
1.089	.437582
1.09	.438110
1.091	.438729
1.092	.439243
1.093	.439668
1.094	.440120
1.095	.440516
1.096	.440982
1.097	.441453
1.098	.441961
1.099	.442553
1.1	.443104
1.101	.443651
1.102	.444205
1.103	.444778
1.104	.445340
1.105	.445938
1.106	.446592
1.107	.447169
1.108	.447742
1.109	.448261
1.11	.448690
1.111	.449202
1.112	.449754
1.113	.450251
1.114	.450704
1.115	.451232
1.116	.451758
1.117	.452294
1.118	.452886
1.119	.453511
1.12	.454056
1.121	.454525
1.122	.454992
1.123	.455407
1.124	.455888
1.125	.456356
1.126	.456890
1.127	.457511
1.128	.458091
1.129	.458692
1.13	.459237
1.131	.459741
1.132	.460236
1.133	.460686
1.134	.461165
1.135	.461669
1.136	.462152
1.137	.462564
1.138	.463048
1.139	.463479
1.14	.463906
1.141	.464402
1.142	.465010
1.143	.465450
1.144	.465860
1.145	.466268
1.146	.466552
1.147	.466951
1.148	.467425
1.149	.467878
1.15	.468382
1.151	.468818
1.152	.469235
1.153	.469596
1.154	.469962
1.155	.470293
1.156	.470705
1.157	.471182
1.158	.471569
1.159	.471935
1.16	.472287
1.161	.472579
1.162	.472930
1.163	.473322
1.164	.473672
1.165	.474035
1.166	.474346
1.167	.474572
1.168	.474902
1.169	.475254
1.17	.475603
1.171	.476016
1.172	.476430
1.173	.476772
1.174	.477061
1.175	.477352
1.176	.477689
1.177	.478067
1.178	.478397
1.179	.478685
1.18	.478948
1.181	.479225
1.182	.479481
1.183	.479778
1.184	.480148
1.185	.480435
1.186	.480673
1.187	.480923
1.188	.481138
1.189	.481377
1.19	.481643
1.191	.481958
1.192	.482226
1.193	.482519
1.194	.482803
1.195	.483029
1.196	.483308
1.197	.483582
1.198	.483905
1.199	.484282
1.2	.484602
1.201	.484906
1.202	.485182
1.203	.485376
1.204	.485625
1.205	.485902
1.206	.486157
1.207	.486418
1.208	.486654
1.209	.486874
1.21	.487142
1.211	.487384
1.212	.487630
1.213	.487906
1.214	.488143
1.215	.488413
1.216	.488711
1.217	.488984
1.218	.489277
1.219	.489589
1.22	.489833
1.221	.490050
1.222	.490347
1.223	.490610
1.224	.490853
1.225	.491099
1.226	.491378
1.227	.491612
1.228	.491777
1.229	.492020
1.23	.492332
1.231	.492553
1.232	.492759
1.233	.493073
1.234	.493338
1.235	.493539
1.236	.493847
1.237	.494167
1.238	.494398
1.239	.494675
1.24	.495004
1.241	.495280
1.242	.495600
1.243	.495972
1.244	.496326
1.245	.496629
1.246	.496938
1.247	.497251
1.248	.497566
1.249	.497868
1.25	.498223
1.251	.498542
1.252	.498842
1.253	.499199
1.254	.499560
1.255	.499898
1.256	.500204
1.257	.500443
1.258	.500699
1.259	.501014
1.26	.501390
1.261	.501758
1.262	.502026
1.263	.502273
1.264	.502555
1.265	.502866
1.266	.503239
1.267	.503587
1.268	.503918
1.269	.504252
1.27	.504555
1.271	.504886
1.272	.505235
1.273	.505612
1.274	.505964
1.275	.506352
1.276	.506776
1.277	.507182
1.278	.507604
1.279	.508080
1.28	.508484
1.281	.508858
1.282	.509293
1.283	.509707
1.284	.510124
1.285	.510560
1.286	.510950
1.287	.511322
1.288	.511721
1.289	.512157
1.29	.512588
1.291	.512938
1.292	.513314
1.293	.513718
1.294	.514071
1.295	.514449
1.296	.514901
1.297	.515289
1.298	.515606
1.299	.516018
1.3	.516498
1.301	.516923
1.302	.517391
1.303	.517875
1.304	.518251
1.305	.518693
1.306	.519205
1.307	.519639
1.308	.520115
1.309	.520618
1.31	.521078
1.311	.521588
1.312	.522095
1.313	.522579
1.314	.523017
1.315	.523410
1.316	.523867
1.317	.524351
1.318	.524849
1.319	.525384
1.32	.525831
1.321	.526230
1.322	.526707
1.323	.527223
1.324	.527693
1.325	.528182
1.326	.528682
1.327	.529155
1.328	.529602
1.329	.530113
1.33	.530645
1.331	.531125
1.332	.531595
1.333	.532065
1.334	.532529
1.335	.532969
1.336	.533411
1.337	.533902
1.338	.534392
1.339	.534917
1.34	.535490
1.341	.536034
1.342	.536580
1.343	.537150
1.344	.537727
1.345	.538292
1.346	.538879
1.347	.539483
1.348	.540060
1.349	.540577
1.35	.541100
1.351	.541663
1.352	.542169
1.353	.542683
1.354	.543250
1.355	.543802
1.356	.544313
1.357	.544907
1.358	.545574
1.359	.546183
1.36	.546758
1.361	.547378
1.362	.547945
1.363	.548463
1.364	.548979
1.365	.549480
1.366	.549994
1.367	.550520
1.368	.551097
1.369	.551630
1.37	.552104
1.371	.552623
1.372	.553104
1.373	.553592
1.374	.554142
1.375	.554685
1.376	.555252
1.377	.555861
1.378	.556432
1.379	.556971
1.38	.557552
1.381	.558131
1.382	.558689
1.383	.559261
1.384	.559849
1.385	.560440
1.386	.561040
1.387	.561674
1.388	.562274
1.389	.562838
1.39	.563427
1.391	.564031
1.392	.564606
1.393	.565189
1.394	.565754
1.395	.566310
1.396	.566875
1.397	.567408
1.398	.567883
1.399	.568392
1.4	.568876
1.401	.569377
1.402	.569971
1.403	.570480
1.404	.570949
1.405	.571481
1.406	.572024
1.407	.572606
1.408	.573213
1.409	.573786
1.41	.574342
1.411	.574896
1.412	.575473
1.413	.576069
1.414	.576585
1.415	.577093
1.416	.577677
1.417	.578272
1.418	.578876
1.419	.579501
1.42	.580063
1.421	.580564
1.422	.581130
1.423	.581705
1.424	.582249
1.425	.582831
1.426	.583423
1.427	.583992
1.428	.584520
1.429	.585096
1.43	.585672
1.431	.586253
1.432	.586867
1.433	.587476
1.434	.588094
1.435	.588659
1.436	.589174
1.437	.589692
1.438	.590188
1.439	.590685
1.44	.591190
1.441	.591713
1.442	.592251
1.443	.592788
1.444	.593281
1.445	.593780
1.446	.594293
1.447	.594758
1.448	.595267
1.449	.595851
1.45	.596358
1.451	.596836
1.452	.597359
1.453	.597893
1.454	.598433
1.455	.598947
1.456	.599434
1.457	.599924
1.458	.600411
1.459	.600935
1.46	.601472
1.461	.602007
1.462	.602526
1.463	.603070
1.464	.603617
1.465	.604087
1.466	.604591
1.467	.605119
1.468	.605574
1.469	.606026
1.47	.606473
1.471	.606878
1.472	.607346
1.473	.607859
1.474	.608371
1.475	.608848
1.476	.609311
1.477	.609800
1.478	.610269
1.479	.610708
1.48	.611165
1.481	.611648
1.482	.612138
1.483	.612574
1.484	.612993
1.485	.613424
1.486	.613853
1.487	.614275
1.488	.614734
1.489	.615221
1.49	.615652
1.491	.616063
1.492	.616513
1.493	.616945
1.494	.617370
1.495	.617819
1.496	.618231
1.497	.618577
1.498	.618966
1.499	.619391
1.5	.619780
1.501	.620149
1.502	.620602
1.503	.621002
1.504	.621417
1.505	.621899
1.506	.622317
1.507	.622744
1.508	.623195
1.509	.623586
1.51	.623951
1.511	.624360
1.512	.624746
1.513	.625095
1.514	.625530
1.515	.625989
1.516	.626373
1.517	.626737
1.518	.627083
1.519	.627366
1.52	.627679
1.521	.628106
1.522	.628517
1.523	.628854
1.524	.629205
1.525	.629539
1.526	.629902
1.527	.630341
1.528	.630752
1.529	.631119
1.53	.631533
1.531	.631937
1.532	.632297
1.533	.632705
1.534	.633075
1.535	.633461
1.536	.633867
1.537	.634174
1.538	.634420
1.539	.634714
1.54	.635066
1.541	.635462
1.542	.635837
1.543	.636085
1.544	.636283
1.545	.636562
1.546	.636914
1.547	.637259
1.548	.637633
1.549	.637986
1.55	.638287
1.551	.638611
1.552	.638965
1.553	.639269
1.554	.639617
1.555	.640040
1.556	.640413
1.557	.640729
1.558	.641010
1.559	.641258
1.56	.641545
1.561	.641894
1.562	.642245
1.563	.642533
1.564	.642768
1.565	.643025
1.566	.643274
1.567	.643519
1.568	.643769
1.569	.643986
1.57	.644203
1.571	.644458
1.572	.644725
1.573	.644967
1.574	.645211
1.575	.645450
1.576	.645693
1.577	.645955
1.578	.646234
1.579	.646565
1.58	.646871
1.581	.647139
1.582	.647440
1.583	.647714
1.584	.647996
1.585	.648299
1.586	.648569
1.587	.648813
1.588	.649015
1.589	.649238
1.59	.649476
1.591	.649662
1.592	.649930
1.593	.650177
1.594	.650335
1.595	.650575
1.596	.650825
1.597	.651004
1.598	.651228
1.599	.651483
1.6	.651699
1.601	.651897
1.602	.652138
1.603	.652330
1.604	.652484
1.605	.652676
1.606	.652910
1.607	.653177
1.608	.653404
1.609	.653625
1.61	.653859
1.611	.654058
1.612	.654236
1.613	.654468
1.614	.654677
1.615	.654853
1.616	.655062
1.617	.655272
1.618	.655461
1.619	.655662
1.62	.655847
1.621	.655991
1.622	.656088
1.623	.656185
1.624	.656318
1.625	.656440
1.626	.656541
1.627	.656661
1.628	.656777
1.629	.656894
1.63	.657064
1.631	.657276
1.632	.657489
1.633	.657712
1.634	.658011
1.635	.658280
1.636	.658405
1.637	.658584
1.638	.658801
1.639	.658923
1.64	.659125
1.641	.659468
1.642	.659685
1.643	.659928
1.644	.660255
1.645	.660406
1.646	.660564
1.647	.660804
1.648	.661036
1.649	.661314
1.65	.661599
1.651	.661751
1.652	.661881
1.653	.662028
1.654	.662204
1.655	.662306
1.656	.662395
1.657	.662464
1.658	.662460
1.659	.662493
1.66	.662557
1.661	.662567
1.662	.662510
1.663	.662520
1.664	.662540
1.665	.662584
1.666	.662700
1.667	.662766
1.668	.662785
1.669	.662850
1.67	.662931
1.671	.663018
1.672	.663148
1.673	.663240
1.674	.663332
1.675	.663392
1.676	.663436
1.677	.663524
1.678	.663622
1.679	.663758
1.68	.663885
1.681	.663929
1.682	.664014
1.683	.664028
1.684	.663978
1.685	.664053
1.686	.664084
1.687	.664098
1.688	.664200
1.689	.664253
1.69	.664310
1.691	.664403
1.692	.664491
1.693	.664599
1.694	.664631
1.695	.664684
1.696	.664802
1.697	.664861
1.698	.664961
1.699	.665052
1.7	.665064
1.701	.665104
1.702	.665152
1.703	.665196
1.704	.665260
1.705	.665319
1.706	.665341
1.707	.665353
1.708	.665402
1.709	.665491
1.71	.665537
1.711	.665584
1.712	.665610
1.713	.665547
1.714	.665583
1.715	.665720
1.716	.665750
1.717	.665770
1.718	.665803
1.719	.665771
1.72	.665769
1.721	.665810
1.722	.665819
1.723	.665798
1.724	.665773
1.725	.665779
1.726	.665744
1.727	.665638
1.728	.665612
1.729	.665598
1.73	.665607
1.731	.665673
1.732	.665705
1.733	.665772
1.734	.665872
1.735	.665902
1.736	.665886
1.737	.665961
1.738	.666000
1.739	.665994
1.74	.666090
1.741	.666112
1.742	.666130
1.743	.666264
1.744	.666353
1.745	.666433
1.746	.666455
1.747	.666492
1.748	.666509
1.749	.666535
1.75	.666600
1.751	.666629
1.752	.666616
1.753	.666631
1.754	.666628
1.755	.666664
1.756	.666765
1.757	.666798
1.758	.666837
1.759	.666830
1.76	.666741
1.761	.666702
1.762	.666647
1.763	.666640
1.764	.666675
1.765	.666691
1.766	.666737
1.767	.666731
1.768	.666684
1.769	.666663
1.77	.666606
1.771	.666670
1.772	.666809
1.773	.666946
1.774	.666997
1.775	.666961
1.776	.666960
1.777	.666983
1.778	.666994
1.779	.666979
1.78	.667001
1.781	.667052
1.782	.667081
1.783	.667117
1.784	.667175
1.785	.667221
1.786	.667292
1.787	.667430
1.788	.667510
1.789	.667545
1.79	.667620
1.791	.667696
1.792	.667774
1.793	.667891
1.794	.667956
1.795	.667992
1.796	.668025
1.797	.668020
1.798	.668069
1.799	.668128
1.8	.668199
1.801	.668320
1.802	.668359
1.803	.668366
1.804	.668330
1.805	.668353
1.806	.668462
1.807	.668512
1.808	.668571
1.809	.668596
1.81	.668521
1.811	.668520
1.812	.668554
1.813	.668585
1.814	.668659
1.815	.668704
1.816	.668729
1.817	.668764
1.818	.668803
1.819	.668837
1.82	.668867
1.821	.668898
1.822	.668925
1.823	.668966
1.824	.669005
1.825	.669074
1.826	.669149
1.827	.669270
1.828	.669505
1.829	.669666
1.83	.669781
1.831	.669229
1.832	.669336
1.833	.669432
1.834	.669542
1.835	.669481
1.836	.669503
1.837	.669680
1.838	.669635
1.839	.669626
1.84	.669721
1.841	.669781
1.842	.669778
1.843	.669933
1.844	.670062
1.845	.670108
1.846	.670170
1.847	.670088
1.848	.670042
1.849	.670114
1.85	.670119
1.851	.670062
1.852	.669958
1.853	.669904
1.854	.669832
1.855	.669764
1.856	.669844
1.857	.669834
1.858	.669637
1.859	.669519
1.86	.669403
1.861	.669304
1.862	.669173
1.863	.669230
1.864	.669314
1.865	.669357
1.866	.669470
1.867	.669537
1.868	.669504
1.869	.669429
1.87	.669346
1.871	.669330
1.872	.669330
1.873	.669339
1.874	.669394
1.875	.669514
1.876	.669612
1.877	.669657
1.878	.669649
1.879	.669644
1.88	.669659
1.881	.669628
1.882	.669633
1.883	.669689
1.884	.669775
1.885	.669746
1.886	.669605
1.887	.669508
1.888	.669373
1.889	.669347
1.89	.669460
1.891	.669525
1.892	.669674
1.893	.669743
1.894	.669733
1.895	.669694
1.896	.669587
1.897	.669465
1.898	.669385
1.899	.669471
1.9	.669482
1.901	.669497
1.902	.669548
1.903	.669653
1.904	.669598
1.905	.669645
1.906	.669855
1.907	.669847
1.908	.669907
1.909	.670057
1.91	.669985
1.911	.670024
1.912	.670205
1.913	.670236
1.914	.670141
1.915	.670229
1.916	.670131
1.917	.669900
1.918	.669808
1.919	.669694
1.92	.669651
1.921	.669712
1.922	.669777
1.923	.669885
1.924	.669989
1.925	.670170
1.926	.670282
1.927	.670282
1.928	.670245
1.929	.670302
1.93	.670350
1.931	.670320
1.932	.670270
1.933	.670276
1.934	.670189
1.935	.670152
1.936	.670203
1.937	.670309
1.938	.670236
1.939	.670195
1.94	.670351
1.941	.670428
1.942	.670444
1.943	.670422
1.944	.670487
1.945	.670483
1.946	.670545
1.947	.670722
1.948	.670914
1.949	.670925
1.95	.670833
1.951	.670874
1.952	.670858
1.953	.670822
1.954	.670771
1.955	.670854
1.956	.670946
1.957	.671037
1.958	.671366
1.959	.671459
1.96	.671326
1.961	.671280
1.962	.671348
1.963	.671418
1.964	.671479
1.965	.671691
1.966	.671718
1.967	.671547
1.968	.671562
1.969	.671669
1.97	.671690
1.971	.671715
1.972	.671716
1.973	.671820
1.974	.671905
1.975	.672006
1.976	.672299
1.977	.672364
1.978	.672206
1.979	.672224
1.98	.672210
1.981	.672296
1.982	.672566
1.983	.672714
1.984	.672889
1.985	.672953
1.986	.673037
1.987	.673057
1.988	.673087
1.989	.673146
1.99	.673165
1.991	.673131
1.992	.673105
1.993	.673055
1.994	.673025
1.995	.672945
1.996	.672933
1.997	.672991
1.998	.673043
1.999	.673069
2	.673093
2.001	.673176
2.002	.673303
2.003	.673353
2.004	.673431
2.005	.673473
2.006	.673368
2.007	.673382
2.008	.673475
2.009	.673584
2.01	.673762
2.011	.673958
2.012	.674018
2.013	.673999
2.014	.674038
2.015	.673977
2.016	.674025
2.017	.674253
2.018	.674307
2.019	.674242
2.02	.674261
2.021	.674202
2.022	.674230
2.023	.674364
2.024	.674517
2.025	.674612
2.026	.674716
2.027	.674785
2.028	.674812
2.029	.674848
2.03	.674900
2.031	.674894
2.032	.674769
2.033	.674778
2.034	.674884
2.035	.674898
2.036	.674889
2.037	.674960
2.038	.675040
2.039	.675035
2.04	.675136
2.041	.675436
2.042	.675510
2.043	.675426
2.044	.675483
2.045	.675530
2.046	.675604
2.047	.675719
2.048	.675887
2.049	.676243
2.05	.676328
2.051	.676184
2.052	.676282
2.053	.676309
2.054	.676139
2.055	.676109
2.056	.676323
2.057	.676319
2.058	.676126
2.059	.676055
2.06	.675973
2.061	.675954
2.062	.675975
2.063	.676026
2.064	.676208
2.065	.676269
2.066	.676296
2.067	.676302
2.068	.676315
2.069	.676215
2.07	.676272
2.071	.676419
2.072	.676537
2.073	.676780
2.074	.676862
2.075	.676815
2.076	.676864
2.077	.676941
2.078	.676926
2.079	.676897
2.08	.676893
2.081	.676866
2.082	.676676
2.083	.676731
2.084	.676985
2.085	.677053
2.086	.677155
2.087	.677166
2.088	.676998
2.089	.676975
2.09	.677019
2.091	.677019
2.092	.677031
2.093	.677064
2.094	.677053
2.095	.677089
2.096	.677172
2.097	.677280
2.098	.677412
2.099	.677659
2.1	.677639
2.101	.677454
2.102	.677473
2.103	.677398
2.104	.677417
2.105	.677732
2.106	.677797
2.107	.677582
2.108	.677606
2.109	.677757
2.11	.677812
2.111	.677990
2.112	.678046
2.113	.678021
2.114	.677815
2.115	.677766
2.116	.677745
2.117	.677677
2.118	.677673
2.119	.677535
2.12	.677193
2.121	.677099
2.122	.677023
2.123	.677043
2.124	.677325
2.125	.677439
2.126	.677547
2.127	.677580
2.128	.677404
2.129	.677421
2.13	.677528
2.131	.677600
2.132	.677710
2.133	.678010
2.134	.678039
2.135	.677838
2.136	.677893
2.137	.678023
2.138	.678026
2.139	.678104
2.14	.678117
2.141	.677904
2.142	.677871
2.143	.677963
2.144	.678041
2.145	.678264
2.146	.678297
2.147	.678130
2.148	.678140
2.149	.678177
2.15	.678106
2.151	.678227
2.152	.678636
2.153	.678728
2.154	.678735
2.155	.678716
2.156	.678518
2.157	.678498
2.158	.678479
2.159	.678572
2.16	.678894
2.161	.679000
2.162	.679013
2.163	.679125
2.164	.679228
2.165	.679262
2.166	.679357
2.167	.679422
2.168	.679354
2.169	.679312
2.17	.679284
2.171	.679313
2.172	.679323
2.173	.679281
2.174	.679315
2.175	.679498
2.176	.679440
2.177	.679229
2.178	.679173
2.179	.679090
2.18	.678977
2.181	.678887
2.182	.678898
2.183	.678900
2.184	.678890
2.185	.679007
2.186	.679103
2.187	.679140
2.188	.679154
2.189	.679181
2.19	.679257
2.191	.679304
2.192	.679335
2.193	.679425
2.194	.679632
2.195	.679753
2.196	.679876
2.197	.679888
2.198	.679783
2.199	.679854
2.2	.679988
2.201	.679967
2.202	.679958
2.203	.680000
2.204	.679963
2.205	.679868
2.206	.679870
2.207	.679810
2.208	.679423
2.209	.679343
2.21	.679555
2.211	.679636
2.212	.679880
2.213	.679919
2.214	.679775
2.215	.679634
2.216	.679431
2.217	.679019
2.218	.679002
2.219	.679133
2.22	.679205
2.221	.679530
2.222	.679574
2.223	.679380
2.224	.679396
2.225	.679467
2.226	.679476
2.227	.679528
2.228	.679552
2.229	.679547
2.23	.679477
2.231	.679353
2.232	.679299
2.233	.679235
2.234	.679117
2.235	.679068
2.236	.678949
2.237	.678688
2.238	.678474
2.239	.678267
2.24	.678080
2.241	.677825
2.242	.677681
2.243	.677595
2.244	.677634
2.245	.677555
2.246	.677478
2.247	.677479
2.248	.677462
2.249	.677456
2.25	.677533
2.251	.677609
2.252	.677650
2.253	.677705
2.254	.677865
2.255	.677915
2.256	.677891
2.257	.677841
2.258	.677715
2.259	.677687
2.26	.677677
2.261	.677628
2.262	.677633
2.263	.677598
2.264	.677505
2.265	.677383
2.266	.677218
2.267	.677114
2.268	.676993
2.269	.676866
2.27	.676710
2.271	.676714
2.272	.676861
2.273	.676890
2.274	.677002
2.275	.677065
2.276	.677044
2.277	.676925
2.278	.676479
2.279	.676537
2.28	.676651
2.281	.676806
2.282	.676915
2.283	.677423
2.284	.677365
2.285	.676811
2.286	.676743
2.287	.676653
2.288	.676762
2.289	.677207
2.29	.677445
2.291	.677661
2.292	.677903
2.293	.678212
2.294	.678318
2.295	.678347
2.296	.678376
2.297	.678156
2.298	.678169
2.299	.678370
2.3	.678442
2.301	.678570
2.302	.678617
2.303	.678626
2.304	.678509
2.305	.678265
2.306	.678063
2.307	.677552
2.308	.677490
2.309	.677821
2.31	.677934
2.311	.678206
2.312	.678417
2.313	.678406
2.314	.678529
2.315	.678887
2.316	.679057
2.317	.679221
2.318	.679239
2.319	.679034
2.32	.678856
2.321	.678402
2.322	.678254
2.323	.678323
2.324	.678436
2.325	.678501
2.326	.678490
2.327	.678164
2.328	.677783
2.329	.677892
2.33	.678089
2.331	.678121
2.332	.678319
2.333	.678391
2.334	.678184
2.335	.678336
2.336	.678599
2.337	.678735
2.338	.679026
2.339	.678747
2.34	.678044
2.341	.677856
2.342	.677478
2.343	.677409
2.344	.677831
2.345	.677853
2.346	.677737
2.347	.677746
2.348	.677857
2.349	.677763
2.35	.677359
2.351	.677381
2.352	.677522
2.353	.677654
2.354	.678285
2.355	.678397
2.356	.678133
2.357	.678012
2.358	.677834
2.359	.677420
2.36	.676599
2.361	.676566
2.362	.676732
2.363	.676854
2.364	.677708
2.365	.677895
2.366	.677650
2.367	.677482
2.368	.676986
2.369	.677020
2.37	.677335
2.371	.677383
2.372	.677709
2.373	.677851
2.374	.677402
2.375	.677343
2.376	.677547
2.377	.677938
2.378	.678774
2.379	.679018
2.38	.679257
2.381	.679092
2.382	.678072
2.383	.677733
2.384	.677677
2.385	.677733
2.386	.678192
2.387	.678071
2.388	.677465
2.389	.677216
2.39	.677053
2.391	.676943
2.392	.677068
2.393	.677127
2.394	.676631
2.395	.676744
2.396	.677709
2.397	.678357
2.398	.679145
2.399	.679484
2.4	.679649
2.40052	.679694
2.40107	.679725
2.40163	.679799
2.40219	.679721
2.40274	.679644
2.4033	.679697
2.40386	.679625
2.40441	.679649
2.40497	.680004
2.40553	.680219
2.40609	.680135
2.40665	.680026
2.40721	.680023
2.40776	.680019
2.40832	.679980
2.40888	.680137
2.40944	.680237
2.41	.680164
2.41056	.680178
2.41112	.680387
2.41168	.680423
2.41224	.680318
2.41281	.680333
2.41337	.680273
2.41393	.680345
2.41449	.680648
2.41505	.680662
2.41562	.680535
2.41618	.680583
2.41674	.680648
2.41731	.680630
2.41787	.680574
2.41843	.680604
2.419	.680583
2.41956	.680697
2.42013	.680879
2.42069	.681029
2.42126	.681129
2.42182	.680916
2.42239	.680747
2.42295	.680762
2.42352	.680693
2.42409	.680580
2.42465	.680650
2.42522	.680819
2.42579	.680966
2.42636	.681040
2.42692	.681133
2.42749	.680974
2.42806	.680885
2.42863	.680962
2.4292	.680952
2.42977	.680912
2.43034	.681086
2.43091	.681119
2.43148	.681007
2.43205	.681097
2.43262	.681248
2.43319	.681143
2.43376	.681140
2.43433	.681257
2.4349	.681110
2.43547	.681048
2.43605	.681140
2.43662	.681298
2.43719	.681422
2.43776	.681348
2.43834	.681183
2.43891	.681207
2.43948	.681269
2.44006	.681255
2.44063	.681219
2.44121	.681327
2.44178	.681265
2.44236	.681222
2.44293	.681233
2.44351	.681271
2.44408	.681353
2.44466	.681486
2.44524	.681510
2.44581	.681501
2.44639	.681384
2.44697	.681350
2.44755	.681446
2.44812	.681474
2.4487	.681470
2.44928	.681477
2.44986	.681584
2.45044	.681603
2.45102	.681376
2.4516	.681302
2.45218	.681402
2.45276	.681533
2.45334	.681726
2.45392	.681667
2.4545	.681681
2.45508	.681708
2.45566	.681686
2.45624	.681694
2.45682	.681646
2.45741	.681715
2.45799	.681676
2.45857	.681682
2.45915	.681751
2.45974	.681755
2.46032	.681917
2.46091	.681950
2.46149	.681810
2.46207	.681760
2.46266	.682008
2.46324	.682103
2.46383	.682049
2.46441	.682110
2.465	.682191
2.46559	.682117
2.46617	.682025
2.46676	.682025
2.46735	.681962
2.46793	.681796
2.46852	.681839
2.46911	.682141
2.4697	.682318
2.47028	.682255
2.47087	.682143
2.47146	.682093
2.47205	.682020
2.47264	.682117
2.47323	.682193
2.47382	.682118
2.47441	.682294
2.475	.682498
2.47559	.682287
2.47618	.682146
2.47678	.682286
2.47737	.682444
2.47796	.682625
2.47855	.682730
2.47914	.682730
2.47974	.682749
2.48033	.682806
2.48092	.682806
2.48152	.682816
2.48211	.682896
2.48271	.682951
2.4833	.682844
2.48389	.682797
2.48449	.682959
2.48509	.683094
2.48568	.683023
2.48628	.683056
2.48687	.683137
2.48747	.683211
2.48807	.683139
2.48866	.683144
2.48926	.683197
2.48986	.683015
2.49046	.682934
2.49105	.683166
2.49165	.683373
2.49225	.683347
2.49285	.683278
2.49345	.683271
2.49405	.683326
2.49465	.683392
2.49525	.683397
2.49585	.683506
2.49645	.683500
2.49705	.683449
2.49765	.683413
2.49826	.683349
2.49886	.683254
2.49946	.683364
2.50006	.683613
2.50067	.683809
2.50127	.683866
2.50187	.683737
2.50248	.683654
2.50308	.683728
2.50369	.683904
2.50429	.683792
2.5049	.683749
2.5055	.683904
2.50611	.684145
2.50671	.684066
2.50732	.683905
2.50792	.683971
2.50853	.684169
2.50914	.684255
2.50975	.684295
2.51035	.684231
2.51096	.684035
2.51157	.684088
2.51218	.684197
2.51279	.684204
2.5134	.684260
2.514	.684321
2.51461	.684522
2.51522	.684581
2.51583	.684533
2.51644	.684552
2.51706	.684503
2.51767	.684340
2.51828	.684324
2.51889	.684590
2.5195	.684734
2.52011	.684686
2.52073	.684746
2.52134	.684665
2.52195	.684619
2.52257	.684896
2.52318	.684996
2.52379	.684976
2.52441	.684917
2.52502	.684907
2.52564	.684988
2.52625	.685031
2.52687	.684905
2.52749	.684957
2.5281	.685129
2.52872	.685139
2.52933	.685157
2.52995	.685096
2.53057	.685003
2.53119	.685091
2.5318	.685143
2.53242	.685139
2.53304	.685208
2.53366	.685267
2.53428	.685267
2.5349	.685251
2.53552	.685310
2.53614	.685265
2.53676	.685317
2.53738	.685572
2.538	.685568
2.53862	.685429
2.53924	.685338
2.53987	.685405
2.54049	.685606
2.54111	.685643
2.54173	.685477
2.54236	.685258
2.54298	.685255
2.5436	.685377
2.54423	.685531
2.54485	.685691
2.54548	.685705
2.5461	.685620
2.54673	.685525
2.54735	.685506
2.54798	.685667
2.54861	.685779
2.54923	.685777
2.54986	.685613
2.55049	.685524
2.55111	.685553
2.55174	.685649
2.55237	.685636
2.553	.685627
2.55363	.685818
2.55426	.685932
2.55489	.685934
2.55551	.685873
2.55614	.685794
2.55678	.685834
2.55741	.685958
2.55804	.685918
2.55867	.686048
2.5593	.686027
2.55993	.685929
2.56056	.685784
2.5612	.685655
2.56183	.685799
2.56246	.685882
2.56309	.685953
2.56373	.686015
2.56436	.685987
2.565	.686104
2.56563	.686237
2.56627	.686066
2.5669	.685996
2.56754	.686116
2.56817	.686104
2.56881	.686191
2.56945	.686187
2.57008	.686220
2.57072	.686347
2.57136	.686318
2.57199	.686203
2.57263	.686191
2.57327	.686163
2.57391	.686196
2.57455	.686266
2.57519	.686184
2.57583	.686237
2.57647	.686406
2.57711	.686520
2.57775	.686504
2.57839	.686632
2.57903	.686659
2.57967	.686547
2.58031	.686556
2.58096	.686596
2.5816	.686580
2.58224	.686577
2.58289	.686403
2.58353	.686251
2.58417	.686294
2.58482	.686592
2.58546	.686625
2.58611	.686373
2.58675	.686384
2.5874	.686542
2.58804	.686608
2.58869	.686525
2.58934	.686459
2.58998	.686585
2.59063	.686670
2.59128	.686671
2.59192	.686627
2.59257	.686635
2.59322	.686794
2.59387	.686683
2.59452	.686409
2.59517	.686678
2.59582	.686740
2.59647	.686680
2.59712	.686747
2.59777	.686706
2.59842	.686864
2.59907	.686871
2.59972	.686709
2.60037	.686606
2.60103	.686668
2.60168	.686854
2.60233	.687038
2.60298	.686851
2.60364	.686485
2.60429	.686504
2.60495	.686546
2.6056	.686523
2.60626	.686745
2.60691	.686851
2.60757	.686790
2.60822	.686780
2.60888	.686799
2.60953	.686735
2.61019	.686721
2.61085	.686861
2.61151	.686799
2.61216	.686666
2.61282	.686778
2.61348	.686838
2.61414	.686871
2.6148	.686902
2.61546	.686866
2.61612	.686795
2.61678	.686754
2.61744	.686723
2.6181	.686721
2.61876	.686825
2.61942	.686909
2.62008	.686678
2.62075	.686689
2.62141	.686935
2.62207	.686747
2.62274	.686663
2.6234	.686747
2.62406	.686863
2.62473	.686944
2.62539	.686778
2.62606	.686539
2.62672	.686440
2.62739	.686645
2.62805	.686887
2.62872	.686802
2.62939	.686699
2.63005	.686506
2.63072	.686413
2.63139	.686704
2.63206	.686821
2.63272	.686837
2.63339	.686859
2.63406	.686811
2.63473	.686883
2.6354	.686913
2.63607	.686859
2.63674	.686820
2.63741	.686795
2.63808	.686685
2.63875	.686737
2.63942	.686733
2.6401	.686677
2.64077	.686768
2.64144	.686778
2.64211	.686683
2.64279	.686656
2.64346	.686620
2.64414	.686597
2.64481	.686535
2.64549	.686368
2.64616	.686328
2.64684	.686375
2.64751	.686454
2.64819	.686447
2.64886	.686421
2.64954	.686304
2.65022	.686127
2.6509	.686218
2.65157	.686275
2.65225	.686066
2.65293	.686056
2.65361	.686265
2.65429	.686170
2.65497	.685937
2.65565	.685903
2.65633	.685965
2.65701	.685903
2.65769	.685789
2.65837	.685768
2.65905	.685917
2.65973	.685948
2.66042	.685896
2.6611	.685811
2.66178	.685667
2.66247	.685612
2.66315	.685756
2.66383	.685742
2.66452	.685458
2.6652	.685367
2.66589	.685637
2.66657	.685381
2.66726	.685325
2.66795	.685767
2.66863	.685770
2.66932	.685475
2.67001	.684977
2.67069	.684660
2.67138	.684653
2.67207	.684335
2.67276	.683949
2.67345	.683607
2.67414	.683280
2.67483	.682873
2.67552	.682527
2.67621	.682180
2.6769	.681843
2.67759	.681377
2.67828	.680855
2.67897	.680144
2.67967	.679430
2.68036	.678730
2.68105	.678001
2.68175	.677309
2.68244	.676449
2.68313	.675418
2.68383	.674533
2.68452	.673602
2.68522	.672659
2.68591	.671722
2.68661	.670764
2.68731	.670049
2.688	.669511
2.6887	.668784
2.6894	.668000
2.69009	.667405
2.69079	.666807
2.69149	.666092
2.69219	.665313
2.69289	.664622
2.69359	.663659
2.69429	.662904
2.69499	.662283
2.69569	.661417
2.69639	.660560
2.69709	.659731
2.69779	.658868
2.69849	.658008
2.6992	.657114
2.6999	.656200
2.7006	.655251
2.70131	.654231
2.70201	.653276
2.70271	.652385
2.70342	.651525
2.70412	.650631
2.70483	.649641
2.70554	.648506
2.70624	.647394
2.70695	.646374
2.70766	.645347
2.70836	.644235
2.70907	.643153
2.70978	.642181
2.71049	.641125
2.71119	.640053
2.7119	.639097
2.71261	.637971
2.71332	.636743
2.71403	.635600
2.71474	.634552
2.71545	.633537
2.71617	.632398
2.71688	.631371
2.71759	.630363
2.7183	.629307
2.71901	.628321
2.71973	.627197
2.72044	.626110
2.72115	.625157
2.72187	.624023
2.72258	.622744
2.7233	.621574
2.72401	.620390
2.72473	.619275
2.72545	.618223
2.72616	.617047
2.72688	.615810
2.7276	.614628
2.72831	.613378
2.72903	.612220
2.72975	.610947
2.73047	.609663
2.73119	.608384
2.73191	.607099
2.73263	.605727
2.73335	.604445
2.73407	.603389
2.73479	.602122
2.73551	.600898
2.73623	.599558
2.73696	.598041
2.73768	.596506
2.7384	.595091
2.73912	.593647
2.73985	.592113
2.74057	.590703
2.7413	.589354
2.74202	.587882
2.74275	.586605
2.74347	.585403
2.7442	.584167
2.74493	.582804
2.74565	.581480
2.74638	.580247
2.74711	.578832
2.74783	.577391
2.74856	.576081
2.74929	.574611
2.75002	.573083
2.75075	.571789
2.75148	.570420
2.75221	.568997
2.75294	.567577
2.75367	.566095
2.7544	.564706
2.75514	.563296
2.75587	.561947
2.7566	.560708
2.75733	.559359
2.75807	.557909
2.7588	.556657
2.75953	.555466
2.76027	.554056
2.761	.552541
2.76174	.551201
2.76247	.549769
2.76321	.548349
2.76395	.547053
2.76468	.545665
2.76542	.544404
2.76616	.542984
2.7669	.541445
2.76764	.540161
2.76837	.539055
2.76911	.537999
2.76985	.536887
2.77059	.535932
2.77133	.535005
2.77208	.533870
2.77282	.532906
2.77356	.532026
2.7743	.531057
2.77504	.530106
2.77579	.529106
2.77653	.528148
2.77727	.527195
2.77802	.526196
2.77876	.525227
2.77951	.524374
2.78025	.523470
2.781	.522741
2.78174	.521932
2.78249	.520979
2.78324	.520119
2.78398	.519325
2.78473	.518548
2.78548	.517771
2.78623	.516816
2.78698	.515996
2.78773	.515265
2.78847	.514464
2.78922	.513840
2.78998	.513092
2.79073	.512270
2.79148	.511524
2.79223	.510748
2.79298	.509899
2.79373	.509165
2.79449	.508572
2.79524	.507929
2.79599	.507312
2.79675	.506633
2.7975	.506014
2.79826	.505385
2.79901	.504824
2.79977	.504386
2.80052	.503805
2.80128	.503221
2.80204	.502754
2.80279	.502339
2.80355	.502037
2.80431	.501582
2.80507	.501072
2.80583	.500595
2.80659	.500245
2.80735	.499819
2.80811	.499304
2.80887	.498964
2.80963	.498775
2.81039	.498430
2.81115	.497965
2.81192	.497570
2.81268	.497326
2.81344	.497065
2.81421	.496614
2.81497	.496249
2.81573	.495957
2.8165	.495652
2.81726	.495394
2.81803	.494951
2.81879	.494589
2.81956	.494387
2.82033	.494157
2.8211	.493855
2.82186	.493548
2.82263	.493255
2.8234	.493000
2.82417	.492816
2.82494	.492564
2.82571	.492209
2.82648	.491973
2.82725	.491768
2.82802	.491622
2.82879	.491463
2.82956	.491249
2.83034	.491018
2.83111	.490825
2.83188	.490657
2.83265	.490419
2.83343	.490191
2.8342	.490090
2.83498	.489886
2.83575	.489600
2.83653	.489502
2.8373	.489409
2.83808	.489097
2.83886	.488845
2.83964	.488663
2.84041	.488582
2.84119	.488496
2.84197	.488337
2.84275	.488106
2.84353	.487867
2.84431	.487686
2.84509	.487563
2.84587	.487484
2.84665	.487325
2.84743	.487088
2.84822	.486884
2.849	.486746
2.84978	.486727
2.85056	.486708
2.85135	.486559
2.85213	.486405
2.85292	.486267
2.8537	.486105
2.85449	.485936
2.85527	.485892
2.85606	.485750
2.85685	.485516
2.85763	.485447
2.85842	.485409
2.85921	.485285
2.86	.485164
2.86079	.485083
2.86158	.485120
2.86237	.484896
2.86316	.484634
2.86395	.484510
2.86474	.484511
2.86553	.484435
2.86632	.484361
2.86712	.484279
2.86791	.484148
2.8687	.484025
2.8695	.483960
2.87029	.483901
2.87108	.483877
2.87188	.483751
2.87268	.483605
2.87347	.483429
2.87427	.483274
2.87506	.483200
2.87586	.483245
2.87666	.483310
2.87746	.483312
2.87826	.483195
2.87906	.483112
2.87986	.482979
2.88066	.482893
2.88146	.482809
2.88226	.482700
2.88306	.482592
2.88386	.482497
2.88466	.482395
2.88547	.482435
2.88627	.482459
2.88707	.482333
2.88788	.482188
2.88868	.482104
2.88949	.482083
2.89029	.482162
2.8911	.482231
2.8919	.482169
2.89271	.482090
2.89352	.481902
2.89432	.481675
2.89513	.481680
2.89594	.481706
2.89675	.481702
2.89756	.481675
2.89837	.481627
2.89918	.481527
2.89999	.481401
2.9008	.481380
2.90161	.481318
2.90243	.481284
2.90324	.481340
2.90405	.481327
2.90486	.481370
2.90568	.481377
2.90649	.481347
2.90731	.481275
2.90812	.481289
2.90894	.481322
2.90976	.481258
2.91057	.481223
2.91139	.481251
2.91221	.481275
2.91303	.481297
2.91384	.481265
2.91466	.481241
2.91548	.481237
2.9163	.481299
2.91712	.481392
2.91794	.481378
2.91877	.481330
2.91959	.481273
2.92041	.481194
2.92123	.481239
2.92205	.481303
2.92288	.481306
2.9237	.481308
2.92453	.481337
2.92535	.481403
2.92618	.481370
2.927	.481318
2.92783	.481304
2.92866	.481351
2.92948	.481340
2.93031	.481356
2.93114	.481353
2.93197	.481365
2.9328	.481373
2.93363	.481330
2.93446	.481385
2.93529	.481496
2.93612	.481530
2.93695	.481577
2.93778	.481606
2.93862	.481635
2.93945	.481661
2.94028	.481682
2.94112	.481723
2.94195	.481751
2.94279	.481847
2.94362	.481845
2.94446	.481776
2.94529	.481785
2.94613	.481932
2.94697	.481935
2.9478	.481916
2.94864	.482049
2.94948	.482078
2.95032	.482028
2.95116	.482028
2.952	.482080
2.95284	.482078
2.95368	.482040
2.95452	.482159
2.95537	.482228
2.95621	.482262
2.95705	.482225
2.9579	.482343
2.95874	.482576
2.95958	.482617
2.96043	.482514
2.96127	.482562
2.96212	.482609
2.96297	.482664
2.96381	.482791
2.96466	.482929
2.96551	.482917
2.96636	.482962
2.96721	.483065
2.96806	.483021
2.9689	.483040
2.96976	.483114
2.97061	.483245
2.97146	.483474
2.97231	.483593
2.97316	.483607
2.97401	.483629
2.97487	.483658
2.97572	.483777
2.97657	.483991
2.97743	.484001
2.97828	.484068
2.97914	.484284
2.98	.484386
2.98085	.484487
2.98171	.484541
2.98257	.484534
2.98343	.484635
2.98428	.484670
2.98514	.484730
2.986	.484909
2.98686	.485027
2.98772	.485063
2.98859	.485145
2.98945	.485301
2.99031	.485454
2.99117	.485628
2.99203	.485712
2.9929	.485797
2.99376	.485847
2.99463	.485954
2.99549	.486066
2.99636	.486200
2.99722	.486376
2.99809	.486484
2.99896	.486626
2.99982	.486762
3.00069	.486817
3.00156	.486907
3.00243	.487095
3.0033	.487169
3.00417	.487207
3.00504	.487288
3.00591	.487456
3.00678	.487629
3.00766	.487777
3.00853	.487911
3.0094	.487994
3.01027	.487984
3.01115	.488066
3.01202	.488192
3.0129	.488278
3.01377	.488439
3.01465	.488544
3.01553	.488680
3.0164	.488928
3.01728	.489066
3.01816	.489054
3.01904	.489064
3.01992	.489240
3.0208	.489455
3.02168	.489507
3.02256	.489602
3.02344	.489841
3.02432	.490034
3.0252	.490081
3.02609	.490102
3.02697	.490188
3.02785	.490322
3.02874	.490419
3.02962	.490624
3.03051	.490813
3.0314	.490905
3.03228	.490951
3.03317	.491003
3.03406	.491186
3.03494	.491318
3.03583	.491441
3.03672	.491523
3.03761	.491647
3.0385	.491754
3.03939	.491809
3.04028	.491952
3.04117	.492035
3.04207	.492163
3.04296	.492349
3.04385	.492478
3.04475	.492549
3.04564	.492654
3.04653	.492793
3.04743	.492871
3.04833	.492878
3.04922	.492992
3.05012	.493116
3.05102	.493204
3.05191	.493381
3.05281	.493428
3.05371	.493495
3.05461	.493603
3.05551	.493683
3.05641	.493893
3.05731	.494045
3.05821	.494020
3.05912	.494058
3.06002	.494189
3.06092	.494310
3.06183	.494348
3.06273	.494427
3.06364	.494539
3.06454	.494698
3.06545	.494763
3.06635	.494830
3.06726	.494965
3.06817	.495025
3.06908	.495137
3.06999	.495289
3.07089	.495344
3.0718	.495506
3.07271	.495689
3.07363	.495771
3.07454	.495832
3.07545	.495882
3.07636	.495933
3.07727	.496033
3.07819	.496211
3.0791	.496417
3.08002	.496478
3.08093	.496474
3.08185	.496578
3.08276	.496669
3.08368	.496788
3.0846	.497003
3.08551	.497115
3.08643	.497126
3.08735	.497138
3.08827	.497308
3.08919	.497501
3.09011	.497560
3.09103	.497613
3.09195	.497762
3.09288	.497922
3.0938	.497982
3.09472	.498012
3.09565	.498132
3.09657	.498334
3.0975	.498446
3.09842	.498534
3.09935	.498622
3.10027	.498742
3.1012	.498949
3.10213	.499075
3.10306	.499061
3.10399	.499128
3.10492	.499252
3.10585	.499407
3.10678	.499581
3.10771	.499723
3.10864	.499830
3.10957	.499947
3.1105	.500048
3.11144	.500198
3.11237	.500293
3.11331	.500409
3.11424	.500614
3.11518	.500769
3.11611	.500774
3.11705	.500834
3.11799	.501125
3.11892	.501356
3.11986	.501460
3.1208	.501527
3.12174	.501636
3.12268	.501789
3.12362	.501944
3.12456	.502022
3.12551	.502135
3.12645	.502263
3.12739	.502458
3.12833	.502687
3.12928	.502795
3.13022	.502933
3.13117	.503090
3.13211	.503204
3.13306	.503343
3.13401	.503474
3.13495	.503619
3.1359	.503760
3.13685	.503990
3.1378	.504202
3.13875	.504308
3.1397	.504360
3.14065	.504512
3.1416	.504636
3.14255	.504746
3.14351	.504882
3.14446	.505029
3.14541	.505206
3.14637	.505375
3.14732	.505485
3.14828	.505616
3.14924	.505785
3.15019	.505971
3.15115	.506140
3.15211	.506276
3.15307	.506388
3.15402	.506530
3.15498	.506709
3.15594	.506900
3.15691	.507023
3.15787	.507141
3.15883	.507343
3.15979	.507548
3.16075	.507696
3.16172	.507801
3.16268	.507969
3.16365	.508174
3.16461	.508324
3.16558	.508467
3.16655	.508572
3.16751	.508734
3.16848	.508944
3.16945	.509058
3.17042	.509223
3.17139	.509444
3.17236	.509611
3.17333	.509768
3.1743	.509925
3.17527	.510068
3.17624	.510216
3.17722	.510409
3.17819	.510500
3.17917	.510647
3.18014	.510948
3.18112	.511124
3.18209	.511188
3.18307	.511355
3.18405	.511541
3.18502	.511622
3.186	.511698
3.18698	.511918
3.18796	.512153
3.18894	.512315
3.18992	.512460
3.1909	.512634
3.19189	.512790
3.19287	.512892
3.19385	.513023
3.19484	.513190
3.19582	.513375
3.19681	.513562
3.19779	.513714
3.19878	.513893
3.19977	.514067
3.20075	.514241
3.20174	.514364
3.20273	.514450
3.20372	.514638
3.20471	.514891
3.2057	.515067
3.20669	.515234
3.20769	.515401
3.20868	.515548
3.20967	.515648
3.21067	.515816
3.21166	.515992
3.21265	.516199
3.21365	.516411
3.21465	.516621
3.21564	.516775
3.21664	.516931
3.21764	.517028
3.21864	.517073
3.21964	.517305
3.22064	.517481
3.22164	.517595
3.22264	.517741
3.22364	.517974
3.22464	.518224
3.22565	.518286
3.22665	.518317
3.22765	.518486
3.22866	.518753
3.22966	.518934
3.23067	.519063
3.23168	.519215
3.23268	.519410
3.23369	.519571
3.2347	.519684
3.23571	.519832
3.23672	.520033
3.23773	.520219
3.23874	.520381
3.23976	.520445
3.24077	.520543
3.24178	.520764
3.24279	.520931
3.24381	.521067
3.24482	.521176
3.24584	.521362
3.24686	.521553
3.24787	.521764
3.24889	.521889
3.24991	.521920
3.25093	.522089
3.25195	.522363
3.25297	.522541
3.25399	.522720
3.25501	.522904
3.25603	.523077
3.25705	.523199
3.25808	.523282
3.2591	.523478
3.26013	.523635
3.26115	.523690
3.26218	.523814
3.2632	.523990
3.26423	.524145
3.26526	.524350
3.26629	.524554
3.26732	.524714
3.26835	.524934
3.26938	.525153
3.27041	.525250
3.27144	.525334
3.27247	.525422
3.2735	.525567
3.27454	.525817
3.27557	.526017
3.27661	.526165
3.27764	.526266
3.27868	.526403
3.27972	.526615
3.28075	.526763
3.28179	.526909
3.28283	.527087
3.28387	.527207
3.28491	.527328
3.28595	.527524
3.28699	.527633
3.28804	.527809
3.28908	.528002
3.29012	.528128
3.29117	.528234
3.29221	.528424
3.29326	.528569
3.2943	.528648
3.29535	.528784
3.2964	.528915
3.29745	.529096
3.2985	.529172
3.29955	.529298
3.3006	.529482
3.30165	.529625
3.3027	.529773
3.30375	.529844
3.3048	.530073
3.30586	.530275
3.30691	.530395
3.30797	.530542
3.30902	.530652
3.31008	.530731
3.31113	.530850
3.31219	.530995
3.31325	.531088
3.31431	.531192
3.31537	.531378
3.31643	.531590
3.31749	.531745
3.31855	.531874
3.31961	.531953
3.32068	.532019
3.32174	.532107
3.32281	.532193
3.32387	.532386
3.32494	.532558
3.326	.532655
3.32707	.532701
3.32814	.532810
3.32921	.532922
3.33028	.532979
3.33134	.533084
3.33242	.533275
3.33349	.533427
3.33456	.533453
3.33563	.533537
3.3367	.533661
3.33778	.533802
3.33885	.533976
3.33993	.534088
3.34101	.534173
3.34208	.534237
3.34316	.534340
3.34424	.534440
3.34532	.534505
3.3464	.534605
3.34748	.534752
3.34856	.534860
3.34964	.534929
3.35072	.534964
3.3518	.534998
3.35289	.535136
3.35397	.535305
3.35506	.535434
3.35614	.535495
3.35723	.535558
3.35832	.535705
3.35941	.535822
3.36049	.535836
3.36158	.535848
3.36267	.535920
3.36376	.535965
3.36486	.536025
3.36595	.536105
3.36704	.536174
3.36813	.536256
3.36923	.536349
3.37032	.536423
3.37142	.536494
3.37252	.536599
3.37361	.536727
3.37471	.536892
3.37581	.537077
3.37691	.537237
3.37801	.537428
3.37911	.537678
3.38021	.537837
3.38131	.538033
3.38242	.538329
3.38352	.538526
3.38463	.538691
3.38573	.538857
3.38684	.539034
3.38794	.539196
3.38905	.539293
3.39016	.539419
3.39127	.539581
3.39238	.539761
3.39349	.539879
3.3946	.539977
3.39571	.540049
3.39682	.540082
3.39793	.540115
3.39905	.540232
3.40016	.540289
3.40128	.540365
3.40239	.540409
3.40351	.540423
3.40463	.540489
3.40575	.540597
3.40687	.540658
3.40798	.540733
3.40911	.540852
3.41023	.540906
3.41135	.541014
3.41247	.541149
3.41359	.541243
3.41472	.541409
3.41584	.541561
3.41697	.541702
3.41809	.541964
3.41922	.542264
3.42035	.542574
3.42148	.542888
3.42261	.543134
3.42374	.543342
3.42487	.543644
3.426	.543952
3.42713	.544240
3.42827	.544523
3.4294	.544725
3.43053	.544964
3.43167	.545193
3.4328	.545424
3.43394	.545688
3.43508	.545957
3.43622	.546236
3.43736	.546500
3.4385	.546698
3.43964	.546984
3.44078	.547277
3.44192	.547515
3.44306	.547749
3.44421	.547971
3.44535	.548225
3.4465	.548469
3.44764	.548645
3.44879	.548921
3.44994	.549207
3.45108	.549402
3.45223	.549557
3.45338	.549743
3.45453	.549991
3.45568	.550261
3.45684	.550494
3.45799	.550627
3.45914	.550806
3.4603	.551039
3.46145	.551256
3.46261	.551485
3.46376	.551661
3.46492	.551828
3.46608	.551962
3.46724	.552023
3.4684	.552136
3.46956	.552309
3.47072	.552460
3.47188	.552603
3.47305	.552736
3.47421	.552907
3.47537	.553108
3.47654	.553262
3.4777	.553389
3.47887	.553499
3.48004	.553667
3.48121	.553853
3.48238	.554060
3.48355	.554178
3.48472	.554308
3.48589	.554470
3.48706	.554604
3.48823	.554732
3.48941	.554856
3.49058	.554947
3.49176	.555111
3.49293	.555214
3.49411	.555314
3.49529	.555497
3.49647	.555640
3.49765	.555717
3.49883	.555881
3.50001	.556069
3.50119	.556233
3.50237	.556450
3.50356	.556688
3.50474	.556934
3.50592	.557241
3.50711	.557591
3.5083	.557889
3.50948	.558151
3.51067	.558413
3.51186	.558697
3.51305	.559019
3.51424	.559283
3.51543	.559512
3.51662	.559836
3.51782	.560189
3.51901	.560491
3.52021	.560653
3.5214	.560867
3.5226	.561201
3.52379	.561430
3.52499	.561692
3.52619	.561990
3.52739	.562157
3.52859	.562357
3.52979	.562619
3.53099	.562871
3.5322	.563071
3.5334	.563310
3.5346	.563503
3.53581	.563710
3.53702	.563851
3.53822	.563949
3.53943	.564177
3.54064	.564432
3.54185	.564696
3.54306	.564871
3.54427	.564932
3.54548	.565080
3.54669	.565297
3.54791	.565514
3.54912	.565716
3.55034	.565895
3.55155	.566093
3.55277	.566243
3.55399	.566338
3.55521	.566528
3.55643	.566772
3.55765	.566922
3.55887	.567039
3.56009	.567189
3.56131	.567441
3.56253	.567710
3.56376	.567898
3.56498	.568051
3.56621	.568201
3.56744	.568347
3.56866	.568471
3.56989	.568625
3.57112	.568806
3.57235	.568983
3.57358	.569173
3.57482	.569302
3.57605	.569433
3.57728	.569543
3.57852	.569659
3.57975	.569814
3.58099	.569991
3.58223	.570126
3.58346	.570301
3.5847	.570484
3.58594	.570632
3.58718	.570731
3.58842	.570865
3.58967	.571053
3.59091	.571173
3.59215	.571311
3.5934	.571482
3.59464	.571696
3.59589	.571852
3.59714	.571925
3.59839	.572039
3.59964	.572233
3.60089	.572423
3.60214	.572506
3.60339	.572662
3.60464	.572840
3.60589	.572998
3.60715	.573157
3.6084	.573319
3.60966	.573433
3.61092	.573560
3.61217	.573691
3.61343	.573777
3.61469	.573931
3.61595	.574132
3.61721	.574262
3.61848	.574346
3.61974	.574530
3.621	.574692
3.62227	.574792
3.62353	.574906
3.6248	.574973
3.62607	.575097
3.62734	.575256
3.62861	.575423
3.62988	.575499
3.63115	.575592
3.63242	.575690
3.63369	.575813
3.63497	.575966
3.63624	.576104
3.63752	.576195
3.63879	.576267
3.64007	.576376
3.64135	.576517
3.64263	.576635
3.64391	.576752
3.64519	.576929
3.64647	.577052
3.64775	.577145
3.64904	.577293
3.65032	.577444
3.65161	.577584
3.65289	.577705
3.65418	.577794
3.65547	.577879
3.65676	.578032
3.65805	.578217
3.65934	.578344
3.66063	.578401
3.66192	.578491
3.66322	.578603
3.66451	.578666
3.66581	.578799
3.6671	.578963
3.6684	.579064
3.6697	.579120
3.671	.579216
3.6723	.579338
3.6736	.579512
3.6749	.579626
3.6762	.579702
3.67751	.579797
3.67881	.579997
3.68012	.580147
3.68142	.580260
3.68273	.580298
3.68404	.580309
3.68535	.580390
3.68666	.580515
3.68797	.580614
3.68928	.580683
3.69059	.580703
3.69191	.580788
3.69322	.580889
3.69454	.580953
3.69586	.580969
3.69717	.581070
3.69849	.581244
3.69981	.581334
3.70113	.581391
3.70245	.581527
3.70378	.581586
3.7051	.581563
3.70642	.581651
3.70775	.581725
3.70907	.581842
3.7104	.581930
3.71173	.582013
3.71306	.582116
3.71439	.582151
3.71572	.582202
3.71705	.582311
3.71839	.582358
3.71972	.582411
3.72105	.582532
3.72239	.582638
3.72373	.582692
3.72506	.582733
3.7264	.582794
3.72774	.582862
3.72908	.582900
3.73043	.582937
3.73177	.582993
3.73311	.583092
3.73446	.583123
3.7358	.583145
3.73715	.583236
3.73849	.583330
3.73984	.583369
3.74119	.583393
3.74254	.583466
3.74389	.583531
3.74525	.583619
3.7466	.583714
3.74795	.583753
3.74931	.583736
3.75066	.583731
3.75202	.583781
3.75338	.583874
3.75474	.583955
3.7561	.584000
3.75746	.584007
3.75882	.584034
3.76018	.584058
3.76155	.584069
3.76291	.584089
3.76428	.584126
3.76565	.584186
3.76701	.584238
3.76838	.584301
3.76975	.584382
3.77112	.584417
3.7725	.584388
3.77387	.584384
3.77524	.584413
3.77662	.584474
3.77799	.584527
3.77937	.584569
3.78075	.584648
3.78213	.584617
3.78351	.584538
3.78489	.584596
3.78627	.584694
3.78765	.584791
3.78904	.584844
3.79042	.584836
3.79181	.584889
3.7932	.584855
3.79458	.584879
3.79597	.584887
3.79736	.584894
3.79875	.584924
3.80015	.584980
3.80154	.584994
3.80293	.585086
3.80433	.585148
3.80572	.585141
3.80712	.585154
3.80852	.585184
3.80992	.585215
3.81132	.585234
3.81272	.585241
3.81412	.585258
3.81553	.585261
3.81693	.585297
3.81834	.585337
3.81974	.585387
3.82115	.585444
3.82256	.585446
3.82397	.585494
3.82538	.585542
3.82679	.585553
3.8282	.585577
3.82962	.585675
3.83103	.585711
3.83245	.585639
3.83387	.585673
3.83528	.585827
3.8367	.585852
3.83812	.585895
3.83954	.586009
3.84097	.586120
3.84239	.586187
3.84381	.586242
3.84524	.586250
3.84667	.586240
3.84809	.586306
3.84952	.586318
3.85095	.586325
3.85238	.586385
3.85381	.586464
3.85525	.586507
3.85668	.586516
3.85812	.586597
3.85955	.586668
3.86099	.586728
3.86243	.586738
3.86387	.586800
3.86531	.586873
3.86675	.586942
3.86819	.586960
3.86963	.586995
3.87108	.587067
3.87252	.587102
3.87397	.587103
3.87542	.587152
3.87687	.587229
3.87832	.587190
3.87977	.587179
3.88122	.587265
3.88267	.587350
3.88413	.587376
3.88558	.587396
3.88704	.587460
3.8885	.587527
3.88996	.587560
3.89142	.587560
3.89288	.587579
3.89434	.587555
3.8958	.587572
3.89726	.587631
3.89873	.587689
3.9002	.587732
3.90166	.587748
3.90313	.587726
3.9046	.587745
3.90607	.587796
3.90755	.587817
3.90902	.587815
3.91049	.587803
3.91197	.587803
3.91344	.587867
3.91492	.587889
3.9164	.587879
3.91788	.587869
3.91936	.587877
3.92084	.587863
3.92233	.587857
3.92381	.587812
3.9253	.587822
3.92678	.587838
3.92827	.587807
3.92976	.587795
3.93125	.587817
3.93274	.587791
3.93423	.587684
3.93572	.587674
3.93722	.587677
3.93871	.587603
3.94021	.587534
3.94171	.587491
3.94321	.587443
3.94471	.587427
3.94621	.587417
3.94771	.587434
3.94921	.587402
3.95072	.587302
3.95222	.587241
3.95373	.587222
3.95524	.587102
3.95675	.586976
3.95826	.586861
3.95977	.586805
3.96128	.586742
3.9628	.586669
3.96431	.586587
3.96583	.586456
3.96735	.586345
3.96886	.586314
3.97038	.586204
3.97191	.586094
3.97343	.586020
3.97495	.585832
3.97647	.585682
3.978	.585647
3.97953	.585559
3.98105	.585428
3.98258	.585218
3.98411	.585020
3.98564	.584918
3.98718	.584793
3.98871	.584617
3.99025	.584415
3.99178	.584220
3.99332	.584079
3.99486	.583945
3.9964	.583753
3.99794	.583536
3.99948	.583383
4.00102	.583323
4.00257	.583168
4.00411	.583006
4.00566	.582935
4.00721	.582821
4.00876	.582682
4.01031	.582606
4.01186	.582563
4.01341	.582518
4.01496	.582458
4.01652	.582451
4.01808	.582489
4.01963	.582471
4.02119	.582430
4.02275	.582445
4.02431	.582447
4.02588	.582492
4.02744	.582537
4.029	.582552
4.03057	.582587
4.03214	.582671
4.03371	.582795
4.03528	.582811
4.03685	.582840
4.03842	.582895
4.03999	.582949
4.04157	.583059
4.04314	.583140
4.04472	.583186
4.0463	.583186
4.04788	.583199
4.04946	.583249
4.05104	.583281
4.05262	.583247
4.05421	.583238
4.05579	.583298
4.05738	.583285
4.05897	.583230
4.06056	.583257
4.06215	.583324
4.06374	.583304
4.06533	.583200
4.06693	.583168
4.06852	.583145
4.07012	.583135
4.07172	.583099
4.07332	.583033
4.07492	.583014
4.07652	.582969
4.07812	.582885
4.07973	.582804
4.08133	.582701
4.08294	.582604
4.08455	.582588
4.08616	.582571
4.08777	.582535
4.08938	.582459
4.091	.582378
4.09261	.582283
4.09423	.582127
4.09584	.581987
4.09746	.581984
4.09908	.581913
4.1007	.581761
4.10232	.581615
4.10395	.581517
4.10557	.581451
4.1072	.581368
4.10883	.581248
4.11046	.581184
4.11209	.581139
4.11372	.581024
4.11535	.580907
4.11698	.580819
4.11862	.580764
4.12025	.580636
4.12189	.580533
4.12353	.580417
4.12517	.580247
4.12681	.580119
4.12846	.580040
4.1301	.579957
4.13175	.579769
4.13339	.579640
4.13504	.579564
4.13669	.579431
4.13834	.579342
4.13999	.579285
4.14165	.579154
4.1433	.579052
4.14496	.578968
4.14662	.578859
4.14828	.578677
4.14994	.578518
4.1516	.578389
4.15326	.578249
4.15492	.578137
4.15659	.578001
4.15826	.577924
4.15992	.577832
4.16159	.577679
4.16326	.577548
4.16494	.577426
4.16661	.577331
4.16828	.577246
4.16996	.577098
4.17164	.576943
4.17332	.576872
4.175	.576769
4.17668	.576557
4.17836	.576412
4.18005	.576366
4.18173	.576267
4.18342	.576159
4.18511	.576062
4.1868	.575881
4.18849	.575744
4.19018	.575707
4.19188	.575666
4.19357	.575544
4.19527	.575433
4.19697	.575318
4.19867	.575203
4.20037	.575137
4.20207	.574978
4.20377	.574808
4.20548	.574579
4.20718	.574382
4.20889	.574294
4.2106	.574229
4.21231	.574096
4.21402	.573924
4.21573	.573715
4.21745	.573484
4.21916	.573338
4.22088	.573219
4.2226	.573076
4.22432	.572897
4.22604	.572676
4.22777	.572442
4.22949	.572292
4.23122	.572145
4.23294	.571966
4.23467	.571789
4.2364	.571578
4.23813	.571434
4.23987	.571241
4.2416	.570984
4.24334	.570827
4.24507	.570655
4.24681	.570441
4.24855	.570252
4.25029	.570010
4.25203	.569759
4.25378	.569511
4.25552	.569261
4.25727	.569018
4.25902	.568656
4.26077	.568290
4.26252	.568023
4.26428	.567810
4.26603	.567625
4.26779	.567444
4.26954	.567449
4.2713	.567493
4.27306	.567532
4.27482	.567651
4.27659	.567736
4.27835	.567810
4.28012	.567863
4.28188	.567930
4.28365	.567972
4.28542	.567906
4.2872	.567879
4.28897	.567844
4.29074	.567787
4.29252	.567749
4.2943	.567682
4.29608	.567634
4.29786	.567553
4.29964	.567480
4.30142	.567418
4.30321	.567348
4.30499	.567260
4.30678	.567153
4.30857	.566988
4.31036	.566926
4.31215	.566901
4.31395	.566862
4.31574	.566784
4.31754	.566677
4.31934	.566571
4.32114	.566491
4.32294	.566334
4.32474	.566245
4.32655	.566110
4.32835	.565931
4.33016	.565761
4.33197	.565630
4.33378	.565531
4.33559	.565450
4.3374	.565326
4.33922	.565163
4.34104	.565047
4.34285	.564927
4.34468	.564759
4.3465	.564553
4.34832	.564432
4.35014	.564353
4.35197	.564172
4.3538	.563943
4.35563	.563794
4.35746	.563715
4.35929	.563581
4.36112	.563400
4.36296	.563167
4.36479	.562955
4.36663	.562821
4.36847	.562716
4.37031	.562626
4.37215	.562476
4.374	.562321
4.37584	.562202
4.37769	.562078
4.37954	.561907
4.38139	.561737
4.38324	.561595
4.38509	.561420
4.38695	.561235
4.38881	.561113
4.39067	.560956
4.39252	.560798
4.39439	.560625
4.39625	.560489
4.39811	.560410
4.39998	.560284
4.40185	.560048
4.40372	.559879
4.40559	.559769
4.40746	.559646
4.40933	.559519
4.41121	.559397
4.41309	.559195
4.41497	.559028
4.41685	.558924
4.41873	.558785
4.42061	.558619
4.4225	.558461
4.42438	.558288
4.42627	.558085
4.42816	.557935
4.43006	.557861
4.43195	.557744
4.43385	.557546
4.43574	.557380
4.43764	.557189
4.43954	.557068
4.44144	.556982
4.44334	.556881
4.44525	.556717
4.44716	.556465
4.44906	.556262
4.45097	.556159
4.45288	.556007
4.4548	.555810
4.45671	.555655
4.45863	.555481
4.46055	.555335
4.46247	.555242
4.46439	.555042
4.46631	.554795
4.46823	.554678
4.47016	.554573
4.47209	.554430
4.47402	.554216
4.47595	.554006
4.47788	.553863
4.47982	.553706
4.48175	.553560
4.48369	.553443
4.48563	.553250
4.48757	.553015
4.48951	.552829
4.49146	.552643
4.4934	.552466
4.49535	.552269
4.4973	.552069
4.49925	.551938
4.50121	.551802
4.50316	.551633
4.50512	.551430
4.50707	.551190
4.50903	.551042
4.511	.550880
4.51296	.550639
4.51493	.550425
4.51689	.550294
4.51886	.550124
4.52083	.549884
4.5228	.549631
4.52478	.549402
4.52675	.549193
4.52873	.549050
4.53071	.548850
4.53269	.548586
4.53467	.548293
4.53665	.548028
4.53864	.547830
4.54063	.547596
4.54262	.547349
4.54461	.547206
4.5466	.547051
4.54859	.546792
4.55059	.546503
4.55259	.546265
4.55459	.546081
4.55659	.545824
4.55859	.545543
4.5606	.545364
4.5626	.545166
4.56461	.544945
4.56662	.544700
4.56863	.544423
4.57065	.544154
4.57266	.543916
4.57468	.543723
4.5767	.543553
4.57872	.543318
4.58074	.543034
4.58277	.542757
4.58479	.542541
4.58682	.542340
4.58885	.542086
4.59088	.541819
4.59292	.541543
4.59495	.541330
4.59699	.541130
4.59903	.540942
4.60107	.540701
4.60311	.540394
4.60515	.540196
4.6072	.540011
4.60925	.539765
4.6113	.539498
4.61335	.539303
4.6154	.539082
4.61746	.538827
4.61952	.538612
4.62157	.538460
4.62363	.538260
4.6257	.538005
4.62776	.537778
4.62983	.537576
4.6319	.537368
4.63397	.537171
4.63604	.537004
4.63811	.536747
4.64019	.536449
4.64226	.536220
4.64434	.536037
4.64642	.535810
4.64851	.535574
4.65059	.535405
4.65268	.535214
4.65477	.535012
4.65686	.534805
4.65895	.534562
4.66104	.534349
4.66314	.534156
4.66524	.533956
4.66734	.533745
4.66944	.533527
4.67154	.533292
4.67365	.532992
4.67575	.532701
4.67786	.532465
4.67997	.532198
4.68209	.531926
4.6842	.531729
4.68632	.531510
4.68844	.531228
4.69056	.530995
4.69268	.530750
4.69481	.530440
4.69693	.530196
4.69906	.529990
4.70119	.529672
4.70333	.529399
4.70546	.529148
4.7076	.528905
4.70973	.528603
4.71187	.528262
4.71402	.527941
4.71616	.527643
4.71831	.527328
4.72045	.527085
4.7226	.526813
4.72476	.526465
4.72691	.526142
4.72906	.525865
4.73122	.525560
4.73338	.525227
4.73554	.524865
4.73771	.524504
4.73987	.524199
4.74204	.523880
4.74421	.523513
4.74638	.523170
4.74855	.522820
4.75073	.522461
4.75291	.522137
4.75509	.521801
4.75727	.521429
4.75945	.521022
4.76164	.520619
4.76382	.520225
4.76601	.519921
4.76821	.519568
4.7704	.519123
4.77259	.518720
4.77479	.518295
4.77699	.517874
4.77919	.517466
4.7814	.517038
4.7836	.516490
4.78581	.515997
4.78802	.515477
4.79023	.514939
4.79245	.514383
4.79466	.513840
4.79688	.513276
4.7991	.512670
4.80132	.512087
4.80355	.511498
4.80577	.510834
4.808	.510171
4.81023	.509518
4.81246	.508849
4.8147	.508170
4.81694	.507417
4.81917	.506652
4.82141	.505894
4.82366	.505103
4.8259	.504227
4.82815	.503333
4.8304	.502432
4.83265	.501394
4.8349	.500340
4.83716	.499237
4.83942	.498058
4.84168	.496829
4.84394	.495535
4.8462	.494113
4.84847	.492552
4.85073	.490872
4.853	.489112
4.85528	.487207
4.85755	.485194
4.85983	.483064
4.86211	.480739
4.86439	.478254
4.86667	.475662
4.86895	.472912
4.87124	.470024
4.87353	.467072
4.87582	.464061
4.87812	.460899
4.88041	.457671
4.88271	.454456
4.88501	.451271
4.88731	.448095
4.88962	.444936
4.89192	.441846
4.89423	.438782
4.89654	.435808
4.89886	.433051
4.90117	.430411
4.90349	.427760
4.90581	.425196
4.90813	.422752
4.91045	.420383
4.91278	.418077
4.91511	.415785
4.91744	.413590
4.91977	.411375
4.92211	.409206
4.92444	.407091
4.92678	.404996
4.92912	.402914
4.93147	.401011
4.93381	.399324
4.93616	.397760
4.93851	.396393
4.94086	.395335
4.94322	.394616
4.94558	.394161
4.94794	.393944
4.9503	.394039
4.95266	.394404
4.95503	.394897
4.9574	.395485
4.95977	.396215
4.96214	.397025
4.96452	.397887
4.9669	.398811
4.96927	.399690
4.97166	.400598
4.97404	.401504
4.97643	.402399
4.97882	.403324
4.98121	.404249
4.9836	.405130
4.986	.405914
4.9884	.406653
4.9908	.407420
4.9932	.408227
4.99561	.408926
4.99801	.409511
5.00042	.410086
5.00283	.410681
5.00525	.411274
5.00767	.411822
5.01009	.412335
5.01251	.412783
5.01493	.413259
5.01736	.413709
5.01978	.414057
5.02222	.414358
5.02465	.414680
5.02709	.414961
5.02952	.415168
5.03196	.415353
5.03441	.415485
5.03685	.415664
5.0393	.415842
5.04175	.415864
5.0442	.415775
5.04665	.415733
5.04911	.415658
5.05157	.415547
5.05403	.415378
5.0565	.415184
5.05896	.415020
5.06143	.414820
5.06391	.414512
5.06638	.414120
5.06886	.413700
5.07133	.413310
5.07381	.412912
5.0763	.412454
5.07878	.411887
5.08127	.411253
5.08376	.410629
5.08625	.409957
5.08875	.409297
5.09125	.408675
5.09375	.407961
5.09625	.407203
5.09876	.406393
5.10127	.405613
5.10378	.404897
5.10629	.404124
5.10881	.403283
5.11132	.402416
5.11384	.401580
5.11637	.400765
5.11889	.399860
5.12142	.398957
5.12395	.398032
5.12648	.397106
5.12902	.396100
5.13156	.395061
5.1341	.394077
5.13664	.392991
5.13919	.391811
5.14173	.390701
5.14428	.389629
5.14684	.388545
5.14939	.387451
5.15195	.386362
5.15451	.385248
5.15707	.384132
5.15964	.383050
5.16221	.382010
5.16478	.380976
5.16735	.379922
5.16993	.378845
5.17251	.377790
5.17509	.376630
5.17767	.375422
5.18026	.374228
5.18285	.373039
5.18544	.371784
5.18803	.370454
5.19063	.369120
5.19323	.367826
5.19583	.366544
5.19843	.365289
5.20104	.364150
5.20365	.363049
5.20626	.361917
5.20888	.360985
5.2115	.360156
5.21412	.359387
5.21674	.358736
5.21936	.358183
5.22199	.357800
5.22462	.357559
5.22725	.357395
5.22989	.357330
5.23253	.357355
5.23517	.357397
5.23781	.357421
5.24046	.357469
5.24311	.357605
5.24576	.357786
5.24842	.357919
5.25107	.358015
5.25373	.358121
5.2564	.358262
5.25906	.358370
5.26173	.358462
5.2644	.358591
5.26708	.358701
5.26975	.358836
5.27243	.358853
5.27511	.358820
5.2778	.358800
5.28048	.358720
5.28317	.358600
5.28587	.358439
5.28856	.358238
5.29126	.358040
5.29396	.357822
5.29667	.357514
5.29937	.357171
5.30208	.356821
5.30479	.356458
5.30751	.356142
5.31023	.355872
5.31295	.355575
5.31567	.355215
5.3184	.354793
5.32112	.354433
5.32386	.354097
5.32659	.353685
5.32933	.353235
5.33207	.352685
5.33481	.352046
5.33756	.351334
5.34031	.350478
5.34306	.349551
5.34581	.348539
5.34857	.347457
5.35133	.346270
5.35409	.344979
5.35685	.343726
5.35962	.342470
5.36239	.341234
5.36517	.340080
5.36795	.339001
5.37073	.337937
5.37351	.336886
5.3763	.335876
5.37908	.334860
5.38188	.333798
5.38467	.332707
5.38747	.331644
5.39027	.330520
5.39307	.329330
5.39588	.328080
5.39868	.326741
5.4015	.325354
5.40431	.323977
5.40713	.322614
5.40995	.321253
5.41277	.319938
5.4156	.318688
5.41843	.317451
5.42126	.316212
5.4241	.315085
5.42694	.314058
5.42978	.313083
5.43262	.312185
5.43547	.311349
5.43832	.310517
5.44117	.309788
5.44403	.309247
5.44689	.308755
5.44975	.308319
5.45261	.307958
5.45548	.307763
5.45835	.307663
5.46123	.307553
5.46411	.307559
5.46699	.307754
5.46987	.307873
5.47276	.307973
5.47565	.308140
5.47854	.308364
5.48143	.308561
5.48433	.308695
5.48723	.308867
5.49014	.309017
5.49304	.309093
5.49596	.309205
5.49887	.309326
5.50179	.309340
5.50471	.309283
5.50763	.309278
5.51056	.309241
5.51349	.309023
5.51642	.308714
5.51936	.308416
5.5223	.308064
5.52524	.307706
5.52818	.307246
5.53113	.306710
5.53408	.306091
5.53704	.305331
5.53999	.304489
5.54296	.303577
5.54592	.302403
5.54889	.300975
5.55186	.299367
5.55483	.297551
5.55781	.295526
5.56079	.293220
5.56377	.290676
5.56676	.287938
5.56975	.284948
5.57274	.281812
5.57574	.278515
5.57873	.275098
5.58174	.271645
5.58474	.268188
5.58775	.264844
5.59076	.261667
5.59378	.258677
5.5968	.255904
5.59982	.253336
5.60285	.251098
5.60588	.249190
5.60891	.247538
5.61194	.246178
5.61498	.245073
5.61802	.244241
5.62107	.243774
5.62412	.243558
5.62717	.243419
5.63022	.243424
5.63328	.243676
5.63634	.244182
5.63941	.244910
5.64248	.245914
5.64555	.247129
5.64862	.248489
5.6517	.250093
5.65478	.251916
5.65787	.253898
5.66095	.255980
5.66405	.258224
5.66714	.260600
5.67024	.263090
5.67334	.265594
5.67645	.268158
5.67955	.270717
5.68267	.273239
5.68578	.275774
5.6889	.278284
5.69202	.280735
5.69515	.283151
5.69828	.285472
5.70141	.287787
5.70455	.290096
5.70769	.292308
5.71083	.294543
5.71398	.296720
5.71713	.298867
5.72028	.300987
5.72344	.302967
5.7266	.304847
5.72976	.306636
5.73293	.308331
5.7361	.309853
5.73928	.311263
5.74245	.312524
5.74563	.313582
5.74882	.314554
5.75201	.315338
5.7552	.315883
5.75839	.316262
5.76159	.316414
5.76479	.316421
5.768	.316359
5.77121	.316159
5.77442	.315805
5.77764	.315318
5.78086	.314773
5.78409	.314213
5.78731	.313575
5.79055	.312848
5.79378	.312119
5.79702	.311387
5.80026	.310636
5.80351	.309898
5.80676	.309210
5.81001	.308549
5.81327	.307911
5.81653	.307337
5.81979	.306748
5.82306	.306200
5.82633	.305691
5.82961	.305126
5.83288	.304530
5.83617	.303897
5.83945	.303229
5.84274	.302557
5.84604	.301805
5.84933	.300994
5.85263	.300218
5.85594	.299534
5.85925	.298857
5.86256	.298157
5.86587	.297492
5.86919	.296934
5.87252	.296429
5.87584	.295976
5.87917	.295550
5.88251	.295309
5.88585	.295138
5.88919	.294862
5.89254	.294590
5.89589	.294433
5.89924	.294468
5.9026	.294371
5.90596	.294185
5.90932	.293980
5.91269	.293753
5.91607	.293466
5.91944	.293077
5.92283	.292567
5.92621	.292028
5.9296	.291435
5.93299	.290604
5.93639	.289748
5.93979	.288948
5.94319	.287911
5.9466	.286825
5.95001	.285786
5.95342	.284743
5.95684	.283627
5.96027	.282410
5.96369	.281181
5.96713	.279977
5.97056	.278808
5.974	.277636
5.97744	.276477
5.98089	.275460
5.98434	.274565
5.9878	.273837
5.99126	.273290
5.99472	.272937
5.99819	.272899
6.00166	.273158
6.00513	.273768
6.00861	.274846
6.01209	.276335
6.01558	.278348
6.01907	.280847
6.02257	.283820
6.02607	.287282
6.02957	.291152
6.03308	.295310
6.03659	.299681
6.04011	.304180
6.04363	.308797
6.04715	.313348
6.05068	.317878
6.05421	.322369
6.05775	.326462
6.06129	.330296
6.06483	.333977
6.06838	.337407
6.07193	.340586
6.07549	.343573
6.07905	.346414
6.08262	.348920
6.08619	.351131
6.08976	.353180
6.09334	.355048
6.09692	.356778
6.10051	.358384
6.1041	.359739
6.10769	.360966
6.11129	.362043
6.1149	.363077
6.1185	.364050
6.12211	.364866
6.12573	.365519
6.12935	.366092
6.13298	.366608
6.13661	.367045
6.14024	.367380
6.14388	.367654
6.14752	.367838
6.15117	.367962
6.15482	.368081
6.15847	.368140
6.16213	.368059
6.16579	.367978
6.16946	.367943
6.17313	.367761
6.17681	.367521
6.18049	.367244
6.18417	.366823
6.18786	.366577
6.19156	.366291
6.19526	.365855
6.19896	.365355
6.20267	.364802
6.20638	.364190
6.2101	.363576
6.21382	.363008
6.21754	.362317
6.22127	.361555
6.22501	.360769
6.22875	.359994
6.23249	.359236
6.23624	.358407
6.23999	.357485
6.24375	.356556
6.24751	.355618
6.25127	.354715
6.25505	.353873
6.25882	.353027
6.2626	.352170
6.26638	.351376
6.27017	.350607
6.27396	.349890
6.27776	.349173
6.28156	.348510
6.28537	.347939
6.28918	.347462
6.293	.346952
6.29682	.346444
6.30064	.345959
6.30447	.345430
6.30831	.344939
6.31215	.344462
6.31599	.343986
6.31984	.343497
6.3237	.342888
6.32756	.342237
6.33142	.341617
6.33528	.340983
6.33916	.340207
6.34303	.339363
6.34692	.338606
6.3508	.337805
6.35469	.336897
6.35859	.335895
6.36249	.334873
6.3664	.333867
6.37031	.332809
6.37422	.331770
6.37815	.330745
6.38207	.329738
6.386	.328683
6.38993	.327613
6.39387	.326688
6.39782	.325818
6.40177	.324930
6.40572	.324046
6.40968	.323184
6.41364	.322359
6.41761	.321520
6.42158	.320739
6.42556	.319933
6.42955	.319066
6.43354	.318216
6.43753	.317558
6.44153	.316831
6.44553	.316024
6.44954	.315211
6.45355	.314442
6.45757	.313741
6.46159	.313010
6.46562	.312231
6.46966	.311428
6.47369	.310658
6.47774	.309979
6.48179	.309250
6.48584	.308556
6.4899	.307871
6.49397	.307170
6.49803	.306543
6.50211	.305959
6.50619	.305354
6.51027	.304749
6.51436	.304171
6.51845	.303651
6.52255	.303210
6.52666	.302736
6.53077	.302236
6.53488	.301823
6.539	.301456
6.54313	.301058
6.54726	.300734
6.5514	.300478
6.55554	.300167
6.55968	.299912
6.56384	.299715
6.56799	.299500
6.57215	.299248
6.57632	.299090
6.58049	.298914
6.58467	.298697
6.58885	.298488
6.59304	.298293
6.59724	.298038
6.60144	.297756
6.60564	.297527
6.60985	.297349
6.61407	.297135
6.61829	.296858
6.62252	.296549
6.62675	.296282
6.63098	.295969
6.63523	.295569
6.63947	.295191
6.64373	.294861
6.64799	.294540
6.65225	.294135
6.65652	.293708
6.66079	.293294
6.66507	.292834
6.66936	.292391
6.67365	.291995
6.67795	.291533
6.68225	.290985
6.68656	.290509
6.69088	.289915
6.6952	.289244
6.69952	.288640
6.70385	.288033
6.70819	.287375
6.71253	.286687
6.71688	.285927
6.72123	.285205
6.72559	.284447
6.72995	.283639
6.73432	.282796
6.7387	.281865
6.74308	.281004
6.74747	.280257
6.75186	.279480
6.75626	.278689
6.76066	.277922
6.76507	.277195
6.76949	.276547
6.77391	.275927
6.77834	.275312
6.78277	.274683
6.78721	.274031
6.79165	.273542
6.7961	.273159
6.80056	.272728
6.80502	.272251
6.80949	.271822
6.81397	.271531
6.81845	.271284
6.82293	.271022
6.82742	.270735
6.83192	.270466
6.83642	.270173
6.84093	.269887
6.84545	.269611
6.84997	.269378
6.8545	.269127
6.85903	.268789
6.86357	.268427
6.86812	.268112
6.87267	.267746
6.87723	.267304
6.88179	.266773
6.88636	.266208
6.89093	.265642
6.89552	.265060
6.9001	.264388
6.9047	.263681
6.9093	.262983
6.9139	.262225
6.91851	.261456
6.92313	.260698
6.92776	.259907
6.93239	.259109
6.93702	.258318
6.94167	.257541
6.94632	.256712
6.95098	.255835
6.95564	.254992
6.96031	.254112
6.96498	.253279
6.96966	.252408
6.97435	.251503
6.97904	.250645
6.98374	.249762
6.98845	.248792
6.99316	.247812
6.99788	.246845
7.0026	.245873
7.00734	.244903
7.01207	.243953
7.01682	.243097
7.02157	.242330
7.02633	.241606
7.03109	.240991
7.03586	.240517
7.04063	.240214
7.04542	.240086
7.05021	.240112
7.055	.240160
7.0598	.240312
7.06461	.240603
7.06943	.240911
7.07425	.241248
7.07908	.241644
7.08391	.242042
7.08876	.242428
7.09361	.242783
7.09846	.243133
7.10332	.243488
7.10819	.243715
7.11307	.243879
7.11795	.244105
7.12284	.244258
7.12773	.244362
7.13263	.244422
7.13754	.244420
7.14246	.244389
7.14738	.244349
7.15231	.244355
7.15725	.244343
7.16219	.244248
7.16714	.244136
7.1721	.244082
7.17706	.244065
7.18203	.244017
7.18701	.244075
7.19199	.244106
7.19698	.244175
7.20198	.244258
7.20698	.244394
7.21199	.244632
7.21701	.244956
7.22204	.245287
7.22707	.245583
7.23211	.245873
7.23716	.246262
7.24222	.246678
7.24728	.247150
7.25234	.247631
7.25742	.248020
7.2625	.248361
7.26759	.248727
7.27269	.249123
7.27779	.249450
7.2829	.249618
7.28802	.249697
7.29314	.249762
7.29828	.249743
7.30342	.249590
7.30856	.249330
7.31372	.248987
7.31888	.248501
7.32405	.248027
7.32922	.247553
7.33441	.246972
7.3396	.246347
7.34479	.245761
7.35	.245156
7.35521	.244580
7.36043	.244025
7.36566	.243460
7.37089	.242814
7.37614	.242221
7.38139	.241684
7.38664	.241073
7.39191	.240465
7.39718	.239862
7.40246	.239161
7.40775	.238427
7.41305	.237737
7.41835	.236981
7.42366	.236191
7.42897	.235397
7.4343	.234506
7.43963	.233610
7.44497	.232714
7.45032	.231764
7.45568	.230856
7.46104	.229965
7.46642	.229107
7.47179	.228226
7.47718	.227368
7.48258	.226496
7.48798	.225616
7.49339	.224768
7.49881	.224025
7.50423	.223260
7.50967	.222507
7.51511	.221766
7.52055	.221025
7.52601	.220265
7.53148	.219608
7.53695	.219060
7.54243	.218543
7.54792	.218025
7.55342	.217628
7.55893	.217368
7.56444	.217211
7.56996	.217149
7.57549	.217110
7.58103	.217070
7.58657	.217144
7.59213	.217275
7.59769	.217389
7.60326	.217499
7.60884	.217621
7.61442	.217720
7.62002	.217806
7.62563	.217883
7.63124	.217978
7.63686	.218025
7.64248	.218071
7.64812	.218088
7.65376	.218049
7.65941	.217988
7.66508	.217811
7.67074	.217549
7.67642	.217344
7.68211	.217089
7.6878	.216808
7.6935	.216412
7.69921	.215967
7.70494	.215574
7.71066	.215150
7.7164	.214676
7.72215	.214123
7.7279	.213542
7.73367	.212918
7.73944	.212241
7.74522	.211590
7.75101	.210976
7.7568	.210378
7.76261	.209661
7.76842	.209022
7.77425	.208400
7.78008	.207743
7.78592	.207204
7.79177	.206725
7.79763	.206215
7.8035	.205786
7.80937	.205388
7.81526	.205067
7.82115	.204731
7.82705	.204468
7.83296	.204223
7.83888	.204002
7.84481	.203735
7.85075	.203420
7.8567	.203070
7.86265	.202679
7.86862	.202258
7.87459	.201803
7.88058	.201317
7.88657	.200821
7.89257	.200297
7.89859	.199715
7.90461	.199074
7.91064	.198402
7.91668	.197719
7.92272	.197033
7.92878	.196418
7.93484	.195777
7.94092	.194998
7.947	.194142
7.9531	.193263
7.9592	.192396
7.96532	.191465
7.97144	.190536
7.97757	.189544
7.98372	.188420
7.98987	.187209
7.99603	.185954
8.0022	.184753
8.00837	.183574
8.01456	.182337
8.02076	.181036
8.02697	.179635
8.03319	.178279
8.03941	.176971
8.04565	.175647
8.0519	.174322
8.05815	.173012
8.06442	.171734
8.0707	.170546
8.07698	.169276
8.08328	.168006
8.08958	.166703
8.09589	.165366
8.10222	.164022
8.10855	.162685
8.1149	.161342
8.12125	.159898
8.12762	.158332
8.13399	.156810
8.14038	.155211
8.14677	.153650
8.15318	.152138
8.15959	.150544
8.16602	.149004
8.17245	.147665
8.1789	.146398
8.18535	.145073
8.19182	.143811
8.1983	.142660
8.20478	.141587
8.21128	.140594
8.21778	.139557
8.2243	.138573
8.23082	.137704
8.23736	.136839
8.24391	.135957
8.25047	.135116
8.25704	.134263
8.26362	.133454
8.27021	.132598
8.27681	.131683
8.28342	.130759
8.29004	.129879
8.29667	.129038
8.30332	.128114
8.30997	.127052
8.31663	.126032
8.3233	.125041
8.32999	.123892
8.33668	.122789
8.34339	.121686
8.35011	.120456
8.35684	.119260
8.36358	.118093
8.37033	.116840
8.37709	.115570
8.38386	.114257
8.39065	.112915
8.39744	.111667
8.40424	.110407
8.41106	.109106
8.41789	.107857
8.42473	.106640
8.43158	.105455
8.43844	.104276
8.44531	.103114
8.45219	.102079
8.45908	.101024
8.46599	.099966
8.4729	.098915
8.47983	.097851
8.48677	.096812
8.49372	.095830
8.50068	.094843
8.50766	.093774
8.51464	.092690
8.52164	.091665
8.52865	.090583
8.53567	.089481
8.5427	.088287
8.54974	.087074
8.5568	.086000
8.56386	.084934
8.57094	.083726
8.57803	.082604
8.58513	.081530
8.59225	.080333
8.59937	.079112
8.6065	.077935
8.61365	.076745
8.62081	.075650
8.62798	.074553
8.63517	.073441
8.64236	.072328
8.64957	.071273
8.65679	.070155
8.66402	.069067
8.67127	.068013
8.67852	.066977
8.68579	.065948
8.69307	.064883
8.70037	.063824
8.70767	.062726
8.71499	.061654
8.72232	.060685
8.72966	.059696
8.73702	.058662
8.74438	.057577
8.75176	.056624
8.75915	.055757
8.76655	.054788
8.77397	.053853
8.7814	.052989
8.78884	.052143
8.79629	.051285
8.80376	.050504
8.81124	.049703
8.81874	.048812
8.82624	.048068
8.83376	.047314
8.84129	.046634
8.84883	.045943
8.85639	.045193
8.86396	.044564
8.87154	.044107
8.87913	.043515
8.88674	.042956
8.89436	.042520
8.902	.042179
8.90965	.041857
8.91731	.041540
8.92498	.041338
8.93267	.041169
8.94037	.041016
8.94809	.040995
8.95581	.041076
8.96355	.041124
8.97131	.041161
8.97908	.041333
8.98686	.041381
8.99465	.041552
9.00246	.041867
9.01028	.042203
9.01812	.042498
9.02596	.042948
9.03382	.043547
9.0417	.044261
9.04959	.044881
9.05749	.045512
9.06541	.046267
9.07334	.047097
9.08129	.048045
9.08925	.049002
9.09722	.050017
9.10521	.051149
9.11321	.052272
9.12122	.053530
9.12925	.054849
9.1373	.056210
9.14536	.057568
9.15343	.059021
9.16151	.060496
9.16961	.062123
9.17773	.063939
9.18586	.065764
9.194	.067572
9.20215	.069500
9.21033	.071494
9.21851	.073484
9.22671	.075500
9.23493	.077532
9.24316	.079540
9.25141	.081573
9.25967	.083640
9.26794	.085625
9.27623	.087600
9.28454	.089530
9.29286	.091449
9.30119	.093111
9.30954	.094546
9.31791	.095914
9.32629	.097179
9.33468	.098179
9.34309	.098798
9.35152	.099159
9.35996	.099313
9.36841	.099239
9.37688	.099113
9.38536	.098818
9.39386	.098413
9.40238	.097834
9.41091	.097186
9.41946	.096599
9.42803	.096059
9.43661	.095441
9.4452	.094815
9.45381	.094220
9.46243	.093633
9.47108	.093075
9.47973	.092535
9.4884	.092018
9.49709	.091306
9.50579	.090474
9.51451	.089755
9.52325	.089147
9.532	.088454
9.54077	.087658
9.54956	.086912
9.55836	.086102
9.56718	.085222
9.57601	.084472
9.58487	.083655
9.59373	.082687
9.60261	.081821
9.61152	.081006
9.62043	.080064
9.62937	.079094
9.63831	.078272
9.64728	.077460
9.65626	.076510
9.66526	.075640
9.67427	.074894
9.68331	.074115
9.69236	.073296
9.70142	.072450
9.71051	.071708
9.71961	.070992
9.72872	.070301
9.73786	.069574
9.74701	.068861
9.75618	.068254
9.76537	.067684
9.77457	.067115
9.7838	.066577
9.79303	.066016
9.80229	.065500
9.81157	.065050
9.82086	.064680
9.83017	.064289
9.83949	.063918
9.84884	.063548
9.8582	.063131
9.86757	.062867
9.87697	.062636
9.88639	.062319
9.89582	.062248
9.90527	.062154
9.91474	.061895
9.92423	.061776
9.93374	.061675
9.94326	.061540
9.9528	.061490
9.96237	.061407
9.97194	.061252
9.98154	.061192
9.99116	.061268
10.0008	.061416
10.01045	.061502
10.02012	.061600
10.02981	.061750
10.03952	.061997
10.04925	.062359
10.059	.062721
10.06876	.063129
10.07854	.063729
10.08834	.064346
10.09817	.065083
10.10801	.065972
10.11787	.066870
10.12775	.067677
10.13766	.068214
10.14757	.068428
10.15751	.068404
10.16747	.068140
10.17745	.067661
10.18745	.066963
10.19746	.066138
10.20749	.065324
10.21755	.064727
10.22763	.064266
10.23772	.064060
10.24784	.064156
10.25798	.064549
10.26813	.064992
10.27831	.065586
10.28851	.066346
10.29873	.067127
10.30896	.067966
10.31922	.068964
10.3295	.070129
10.3398	.071230
10.35012	.072152
10.36046	.072991
10.37082	.073681
10.3812	.074091
10.3916	.074118
10.40203	.073775
10.41247	.073558
10.42293	.074013
10.43341	.075530
10.44392	.077889
10.45445	.080644
10.465	.083231
10.47557	.085551
10.48616	.087565
10.49678	.089264
10.50741	.090665
10.51807	.091772
10.52875	.092645
10.53945	.093197
10.55017	.093593
10.56091	.093841
10.57168	.093864
10.58247	.093803
10.59328	.093743
10.60411	.093588
10.61496	.093164
10.62584	.092613
10.63674	.092242
10.64765	.091966
10.65859	.091470
10.66956	.090867
10.68055	.090338
10.69156	.089852
10.70259	.089361
10.71365	.088832
10.72473	.088308
10.73583	.087800
10.74696	.087315
10.75811	.086838
10.76928	.086354
10.78047	.085794
10.79169	.085296
10.80292	.084742
10.81419	.084153
10.82548	.083686
10.83679	.083267
10.84812	.082766
10.85948	.082240
10.87087	.081725
10.88228	.081299
10.89371	.080941
10.90516	.080572
10.91664	.080122
10.92814	.079728
10.93967	.079409
10.95122	.079128
10.9628	.078821
10.9744	.078363
10.98603	.077899
10.99768	.077658
11.00935	.077494
11.02105	.077294
11.03278	.077005
11.04452	.076708
11.05629	.076383
11.06809	.076174
11.07992	.076000
11.09177	.075762
11.10364	.075583
11.11554	.075480
11.12748	.075282
11.13943	.075090
11.15141	.075008
11.16341	.074923
11.17544	.074894
11.18749	.074927
11.19958	.074851
11.21169	.074780
11.22382	.074739
11.23598	.074680
11.24817	.074696
11.26038	.074660
11.27262	.074646
11.28489	.074668
11.29717	.074682
11.30949	.074742
11.32184	.074816
11.33421	.074863
11.34661	.074856
11.35904	.074773
11.37149	.074706
11.38398	.074596
11.39649	.074503
11.40903	.074294
11.42159	.073932
11.43418	.073517
11.4468	.072909
11.45945	.072218
11.47213	.071330
11.48484	.070332
11.49757	.069178
11.51033	.067958
11.52312	.066732
11.53594	.065626
11.54878	.064768
11.56165	.064054
11.57455	.063393
11.58749	.062665
11.60045	.062057
11.61344	.061587
11.62646	.060925
11.63951	.060413
11.65259	.060055
11.6657	.059722
11.67883	.059267
11.692	.058816
11.7052	.058424
11.71842	.058075
11.73168	.057668
11.74496	.056977
11.75827	.056086
11.77162	.054971
11.78499	.053749
11.7984	.052581
11.81184	.051299
11.82531	.050070
11.83881	.049150
11.85234	.048419
11.8659	.048090
11.87949	.048233
11.89312	.048653
11.90677	.049412
11.92046	.050437
11.93418	.051507
11.94793	.052753
11.96171	.054039
11.97552	.055309
11.98937	.056832
12.00324	.058144
12.01715	.059305
12.03108	.060697
12.04506	.062133
12.05906	.063408
12.0731	.064866
12.08717	.066445
12.10127	.067796
12.11541	.069240
12.12959	.070782
12.14379	.072259
12.15803	.073898
12.1723	.075411
12.1866	.076626
12.20094	.077884
12.21531	.079269
12.22972	.080472
12.24416	.081656
12.25863	.082828
12.27314	.083979
12.28768	.085172
12.30225	.086242
12.31686	.087300
12.3315	.088392
12.34618	.089378
12.36089	.090371
12.37564	.091556
12.39043	.092968
12.40525	.094203
12.42011	.095344
12.43501	.096611
12.44993	.097750
12.4649	.098916
12.4799	.100028
12.49493	.100960
12.51	.102049
12.52511	.103238
12.54026	.104140
12.55545	.104984
12.57066	.105875
12.58592	.106620
12.60121	.107457
12.61654	.108277
12.63191	.109060
12.6473	.109646
12.66275	.110213
12.67823	.110666
12.69374	.111157
12.7093	.111698
12.72489	.112134
12.74053	.112625
12.7562	.113273
12.77191	.113563
12.78766	.113866
12.80345	.114200
12.81927	.114483
12.83514	.114853
12.85104	.114955
12.86698	.115012
12.88296	.115183
12.89898	.115045
12.91505	.114957
12.93115	.114876
12.94729	.114652
12.96348	.114395
12.97971	.114278
12.99597	.114021
13.01228	.113702
13.02863	.113354
13.04501	.112958
13.06144	.112530
13.07791	.112027
13.09443	.111574
13.11099	.111140
13.12758	.110564
13.14422	.110083
13.1609	.109480
13.17762	.108777
13.19439	.108374
13.21118	.107946
13.22804	.107386
13.24493	.106861
13.26187	.106309
13.27885	.105775
13.29587	.105293
13.31294	.104870
13.33006	.104465
13.34721	.103909
13.36441	.103381
13.38166	.102925
13.39894	.102235
13.41628	.101612
13.43366	.101086
13.45109	.100467
13.46855	.099825
13.48607	.099247
13.50363	.098711
13.52123	.098105
13.53889	.097433
13.55658	.096673
13.57432	.095966
13.59211	.095339
13.60994	.094665
13.62783	.093783
13.64576	.092985
13.66374	.092301
13.68176	.091524
13.69984	.090753
13.71796	.089752
13.73613	.088847
13.75435	.087929
13.77262	.086976
13.79093	.086230
13.80929	.085413
13.82769	.084498
13.84616	.083621
13.86467	.082807
13.88323	.082045
13.90184	.081170
13.9205	.080241
13.93921	.079302
13.95797	.078533
13.97678	.077684
13.99565	.076619
14.01456	.075669
14.03352	.074877
14.05254	.073948
14.0716	.072929
14.09073	.071913
14.1099	.071135
14.12913	.070360
14.1484	.069391
14.16773	.068492
14.18711	.067579
14.20654	.066455
14.22602	.065426
14.24556	.064494
14.26515	.063524
14.2848	.062503
14.30451	.061513
14.32426	.060525
14.34407	.059617
14.36395	.058724
14.38387	.057625
14.40385	.056493
14.42388	.055591
14.44397	.054730
14.46411	.053780
14.48432	.052831
14.50458	.051978
14.52489	.051176
14.54527	.050387
14.56569	.049439
14.58618	.048478
14.60672	.047763
14.62733	.047025
14.64797	.046234
14.66869	.045305
14.68947	.044530
14.7103	.043889
14.7312	.043130
14.75215	.042217
14.77317	.041311
14.79425	.040687
14.81538	.039861
14.83658	.039146
14.85783	.038714
14.87915	.038128
14.90053	.037269
14.92196	.036568
14.94347	.035827
14.96504	.035153
14.98666	.034712
15.00835	.034495
15.0301	.034259
15.05192	.033854
15.07379	.033402
15.09572	.033147
15.11773	.033156
15.13979	.033127
15.16193	.032961
15.18413	.033068
15.20639	.033259
15.22872	.033394
15.25112	.033492
15.27358	.033768
15.29611	.034173
15.31871	.034757
15.34137	.035444
15.36409	.036344
15.38689	.037180
15.40974	.037873
15.43267	.038719
15.45567	.039522
15.47873	.040304
15.50187	.041047
15.52508	.041893
15.54835	.042786
15.57171	.043556
15.59512	.044109
15.61861	.044831
15.64216	.045441
15.66579	.045984
15.68949	.046546
15.71326	.046744
15.73712	.046975
15.76103	.047120
15.78502	.047213
15.80908	.047080
15.83322	.046920
15.85743	.046766
15.88171	.046660
15.90605	.046596
15.93049	.046665
15.955	.046491
15.97958	.045888
16.00424	.045307
16.02897	.044914
16.05379	.044344
16.07869	.043673
16.10365	.043337
16.1287	.043084
16.15382	.042581
16.17902	.041945
16.2043	.041448
16.22966	.040866
16.2551	.040323
16.28062	.039930
16.30622	.039368
16.3319	.038610
16.35766	.037983
16.3835	.037655
16.40942	.037197
16.43541	.036895
16.4615	.036499
16.48767	.036104
16.51392	.035737
16.54026	.035472
16.56668	.035210
16.59319	.035077
16.61979	.034853
16.64646	.034354
16.67323	.033900
16.70008	.033968
16.72701	.034145
16.75403	.033821
16.78114	.033315
16.80835	.033227
16.83564	.033239
16.86301	.033423
16.89047	.033499
16.91803	.033666
16.94567	.033664
16.9734	.033663
17.00121	.033738
17.02913	.033659
17.05713	.033935
17.08523	.034355
17.11343	.034524
17.14171	.034521
17.17009	.034731
17.19858	.035574
17.22715	.036177
17.25581	.036594
17.28457	.037282
17.31342	.038119
17.34238	.039255
17.37142	.040371
17.40055	.041507
17.4298	.042689
17.45914	.043899
17.48858	.045153
17.51812	.046289
17.54776	.048050
17.5775	.049705
17.60736	.050749
17.6373	.052002
17.66735	.053308
17.6975	.054352
17.72775	.054945
17.7581	.055533
17.78856	.056625
17.81914	.057640
17.84981	.058242
17.88058	.058885
17.91146	.059484
17.94245	.059441
17.97355	.059791
18.00475	.060494
18.03604	.060970
18.06746	.061230
18.09899	.061554
18.13063	.061928
18.16239	.062130
18.19425	.062498
18.22622	.063110
18.25832	.063543
18.29053	.063450
18.32284	.063284
18.35527	.063010
18.38781	.062364
18.42047	.061673
18.45325	.061881
18.48615	.062274
18.51917	.062622
18.55229	.062815
18.58554	.062755
18.61891	.063381
18.65239	.064378
18.686	.065409
18.71971	.066326
18.75356	.067222
18.78753	.068149
18.82163	.069088
18.85585	.069903
18.89019	.070582
18.92466	.071077
18.95927	.070896
18.994	.070501
19.02885	.070296
19.06382	.070182
19.09893	.070069
19.13417	.069528
19.16954	.068661
19.20505	.067996
19.24068	.067418
19.27644	.066707
19.31234	.066315
19.34837	.065909
19.38453	.065561
19.42083	.064727
19.45724	.063973
19.49381	.063325
19.53052	.062817
19.56737	.062148
19.60436	.061861
19.64149	.061282
19.67876	.060816
19.71618	.060792
19.75374	.060987
19.79144	.061440
19.82928	.061299
19.86727	.060925
19.9054	.060422
19.94368	.059550
19.98211	.058841
20.02069	.057907
20.05941	.056220
20.09829	.054750
20.13732	.053916
20.17649	.052443
20.21582	.050761
20.25531	.049569
20.29496	.047800
20.33475	.046056
20.3747	.044199
20.41481	.042546
20.45507	.041676
20.4955	.040645
20.53609	.039203
20.57684	.037511
20.61775	.036242
20.65882	.034641
20.70005	.033725
20.74146	.033971
20.78302	.034154
20.82472	.034417
20.86662	.034600
20.90869	.035594
20.95093	.036354
20.99334	.036154
21.03592	.037001
21.07868	.038371
21.12162	.038919
21.16472	.038686
21.20801	.039094
21.25146	.039417
21.2951	.039734
21.33892	.040013
21.38292	.039682
21.42711	.038884
21.47147	.038112
21.51602	.037447
21.56075	.036554
21.60567	.035503
21.65077	.034519
21.69607	.034660
21.74156	.035682
21.78724	.035836
21.83311	.035932
21.87917	.036771
21.92542	.037833
21.97188	.039218
22.01853	.040771
22.06538	.042527
22.11243	.045026
22.15968	.047211
22.20713	.049515
22.25479	.052710
22.30265	.055055
22.35071	.056587
22.399	.057988
22.44748	.058959
22.49617	.060015
22.54508	.060844
22.5942	.061575
22.64353	.062636
22.69308	.063064
22.74285	.061902
22.79284	.062564
22.84304	.064473
22.89347	.064959
22.94412	.064990
22.99499	.066472
23.0461	.068821
23.09738	.070134
23.14894	.070589
23.20072	.071241
23.25274	.072018
23.305	.072228
23.35749	.072045
23.41021	.071880
23.46319	.071616
23.51639	.072262
23.56984	.073700
23.62353	.073605
23.67746	.072688
23.73165	.073538
23.78608	.074709
23.84077	.073751
23.8957	.072395
23.95089	.072128
24.00633	.071942
24.06203	.071706
24.11799	.071837
24.17421	.071048
24.2307	.069283
24.28745	.068847
24.34446	.067678
24.40174	.065685
24.45929	.063475
24.51712	.061276
24.57522	.059838
24.6336	.059834
24.69225	.059112
24.75119	.057808
24.8104	.055514
24.8699	.052477
24.92968	.049570
24.98975	.048421
25.05013	.048197
25.11078	.046885
25.17173	.044929
25.23298	.045343
25.29452	.047258
25.35637	.044829
25.41852	.039982
25.48091	.039604
25.54368	.042217
25.60675	.042803
25.67013	.040921
25.73383	.036842
25.79785	.031636
25.86218	.029892
25.92685	.029742
25.99183	.027383
26.05713	.026763
26.12277	.026215
26.18874	.023666
26.25504	.022604
26.32168	.025019
26.38866	.023793
26.45598	.020445
26.52365	.021033
26.59166	.020936
26.66002	.017939
26.72873	.014675
26.7978	.013557
26.86721	.014179
26.937	.014944
27.00715	.015130
27.07767	.018561
27.14855	.019608
27.21981	.015951
27.29144	.011463
27.36345	.009402
27.43583	.009985
27.50861	.014627
27.58177	.013181
27.65532	.008973
27.72927	.009823
27.80361	.012008
27.87835	.011660
27.9535	.012177
28.02912	.011725
28.10508	.007763
28.18145	.003066
28.25824	-.002430
28.33545	-.002252
28.41308	.003024
28.49114	.006585
28.56963	.005189
