Brown University Keck/NASA Relab Spectrum DD-MDD-047/BKR1DD047
Wavelength(micron)	Reflectance
0.3	0.23514
0.305	0.24822
0.31	0.25709
0.315	0.27416
0.32	0.29323
0.325	0.31616
0.33	0.34277
0.335	0.37041
0.34	0.39726
0.345	0.42377
0.35	0.44867
0.355	0.47267
0.36	0.49250
0.365	0.50929
0.37	0.52242
0.375	0.53460
0.38	0.54436
0.385	0.55298
0.39	0.56384
0.395	0.57352
0.4	0.58031
0.405	0.59682
0.41	0.60549
0.415	0.61380
0.42	0.62050
0.425	0.62388
0.43	0.62979
0.435	0.63529
0.44	0.64145
0.445	0.64197
0.45	0.64315
0.455	0.64821
0.46	0.65582
0.465	0.66200
0.47	0.66600
0.475	0.67645
0.48	0.68389
0.485	0.68567
0.49	0.68871
0.495	0.69247
0.5	0.70704
0.505	0.71919
0.51	0.72606
0.515	0.73179
0.52	0.73635
0.525	0.74234
0.53	0.74868
0.535	0.75374
0.54	0.76108
0.545	0.76693
0.55	0.77151
0.555	0.77556
0.56	0.77574
0.565	0.77765
0.57	0.77755
0.575	0.77656
0.58	0.77465
0.585	0.77353
0.59	0.77120
0.595	0.76823
0.6	0.76607
0.605	0.76348
0.61	0.75966
0.615	0.75653
0.62	0.75185
0.625	0.74856
0.63	0.74620
0.635	0.74422
0.64	0.74402
0.645	0.74406
0.65	0.74772
0.655	0.74885
0.66	0.74989
0.665	0.75262
0.67	0.75051
0.675	0.74919
0.68	0.75063
0.685	0.74716
0.69	0.74256
0.695	0.73988
0.7	0.73539
0.705	0.73000
0.71	0.72536
0.715	0.72042
0.72	0.71636
0.725	0.70984
0.73	0.70435
0.735	0.69835
0.74	0.69021
0.745	0.68266
0.75	0.67531
0.755	0.66824
0.76	0.66041
0.765	0.65382
0.77	0.64611
0.775	0.64010
0.78	0.63233
0.785	0.62550
0.79	0.61871
0.795	0.61281
0.8	0.60640
0.805	0.60134
0.81	0.59657
0.815	0.59088
0.82	0.58656
0.825	0.58190
0.83	0.57750
0.835	0.57402
0.84	0.57078
0.845	0.56700
0.85	0.56390
0.855	0.56130
0.86	0.55774
0.865	0.55594
0.87	0.55321
0.875	0.55045
0.88	0.54685
0.885	0.54423
0.89	0.54178
0.895	0.53900
0.9	0.53552
0.905	0.53082
0.91	0.52752
0.915	0.52359
0.92	0.51893
0.925	0.51437
0.93	0.50919
0.935	0.50254
0.94	0.49763
0.945	0.49145
0.95	0.48530
0.955	0.47966
0.96	0.47461
0.965	0.46828
0.97	0.46277
0.975	0.45518
0.98	0.44947
0.985	0.44450
0.99	0.43995
0.995	0.43430
1	0.42890
1.005	0.42451
1.01	0.42161
1.015	0.41685
1.02	0.41424
1.025	0.41140
1.03	0.40862
1.035	0.40742
1.04	0.40613
1.045	0.40403
1.05	0.40366
1.055	0.40340
1.06	0.40407
1.065	0.40444
1.07	0.40565
1.075	0.40740
1.08	0.40927
1.085	0.41141
1.09	0.41471
1.095	0.41770
1.1	0.42145
1.105	0.42437
1.11	0.42758
1.115	0.43102
1.12	0.43565
1.125	0.43910
1.13	0.44230
1.135	0.44472
1.14	0.44819
1.145	0.45202
1.15	0.45469
1.155	0.45750
1.16	0.45931
1.165	0.46163
1.17	0.46469
1.175	0.46591
1.18	0.46832
1.185	0.47158
1.19	0.47251
1.195	0.47465
1.2	0.47609
1.205	0.47702
1.21	0.47943
1.215	0.48038
1.22	0.48235
1.225	0.48390
1.23	0.48598
1.235	0.48750
1.24	0.48889
1.245	0.49131
1.25	0.49292
1.255	0.49558
1.26	0.49724
1.265	0.49968
1.27	0.50212
1.275	0.50383
1.28	0.50588
1.285	0.50953
1.29	0.51248
1.295	0.51543
1.3	0.51805
1.305	0.52108
1.31	0.52416
1.315	0.52785
1.32	0.53159
1.325	0.53536
1.33	0.53855
1.335	0.54327
1.34	0.54741
1.345	0.55086
1.35	0.55489
1.355	0.55883
1.36	0.56338
1.365	0.56779
1.37	0.57147
1.375	0.57698
1.38	0.58186
1.385	0.58720
1.39	0.59201
1.395	0.59649
1.4	0.60101
1.405	0.60605
1.41	0.61144
1.415	0.61744
1.42	0.62274
1.425	0.62827
1.43	0.63282
1.435	0.63831
1.44	0.64352
1.445	0.64921
1.45	0.65491
1.455	0.65967
1.46	0.66465
1.465	0.67100
1.47	0.67606
1.475	0.68047
1.48	0.68693
1.485	0.69180
1.49	0.69728
1.495	0.70261
1.5	0.70756
1.505	0.71294
1.51	0.71811
1.515	0.72400
1.52	0.72839
1.525	0.73335
1.53	0.73751
1.535	0.74262
1.54	0.74703
1.545	0.75109
1.55	0.75580
1.555	0.76153
1.56	0.76544
1.565	0.76975
1.57	0.77357
1.575	0.77758
1.58	0.78131
1.585	0.78501
1.59	0.78933
1.595	0.79253
1.6	0.79507
1.605	0.79903
1.61	0.80240
1.615	0.80505
1.62	0.80770
1.625	0.81153
1.63	0.81344
1.635	0.81547
1.64	0.81811
1.645	0.82044
1.65	0.82220
1.655	0.82547
1.66	0.82675
1.665	0.82928
1.67	0.83243
1.675	0.83366
1.68	0.83511
1.685	0.83686
1.69	0.83762
1.695	0.83852
1.7	0.84088
1.705	0.84208
1.71	0.84327
1.715	0.84401
1.72	0.84495
1.725	0.84636
1.73	0.84650
1.735	0.84697
1.74	0.84800
1.745	0.84869
1.75	0.84957
1.755	0.85050
1.76	0.85147
1.765	0.85121
1.77	0.85295
1.775	0.85239
1.78	0.85298
1.785	0.85370
1.79	0.85462
1.795	0.85448
1.8	0.85563
1.8011	0.85577
1.8017	0.85588
1.8023	0.85585
1.8029	0.85580
1.8036	0.85572
1.8042	0.85557
1.8048	0.85555
1.8055	0.85567
1.8061	0.85578
1.8067	0.85560
1.8073	0.85553
1.808	0.85572
1.8086	0.85585
1.8092	0.85588
1.8099	0.85588
1.8105	0.85591
1.8111	0.85588
1.8118	0.85576
1.8124	0.85578
1.813	0.85587
1.8137	0.85596
1.8143	0.85593
1.8149	0.85608
1.8156	0.85606
1.8162	0.85589
1.8168	0.85575
1.8175	0.85575
1.8181	0.85595
1.8188	0.85597
1.8194	0.85587
1.82	0.85598
1.8207	0.85599
1.8213	0.85583
1.8219	0.85588
1.8226	0.85594
1.8232	0.85603
1.8239	0.85609
1.8245	0.85617
1.8252	0.85623
1.8258	0.85623
1.8264	0.85612
1.8271	0.85611
1.8277	0.85610
1.8284	0.85609
1.829	0.85625
1.8297	0.85630
1.8303	0.85625
1.831	0.85626
1.8316	0.85624
1.8323	0.85623
1.8329	0.85617
1.8336	0.85605
1.8342	0.85607
1.8348	0.85600
1.8355	0.85598
1.8362	0.85610
1.8368	0.85632
1.8374	0.85657
1.8381	0.85638
1.8388	0.85619
1.8394	0.85632
1.8401	0.85632
1.8407	0.85625
1.8414	0.85632
1.842	0.85645
1.8427	0.85658
1.8433	0.85662
1.844	0.85638
1.8446	0.85624
1.8453	0.85622
1.8459	0.85628
1.8466	0.85642
1.8473	0.85642
1.8479	0.85651
1.8486	0.85649
1.8493	0.85631
1.8499	0.85643
1.8506	0.85650
1.8512	0.85633
1.8519	0.85620
1.8526	0.85624
1.8532	0.85638
1.8539	0.85646
1.8545	0.85634
1.8552	0.85635
1.8559	0.85635
1.8565	0.85640
1.8572	0.85621
1.8579	0.85625
1.8585	0.85643
1.8592	0.85642
1.8599	0.85627
1.8605	0.85610
1.8612	0.85625
1.8619	0.85646
1.8625	0.85640
1.8632	0.85630
1.8639	0.85638
1.8645	0.85646
1.8652	0.85653
1.8659	0.85648
1.8666	0.85651
1.8672	0.85659
1.8679	0.85650
1.8686	0.85628
1.8693	0.85629
1.8699	0.85639
1.8706	0.85644
1.8713	0.85625
1.8719	0.85620
1.8726	0.85643
1.8733	0.85627
1.874	0.85620
1.8747	0.85631
1.8753	0.85622
1.876	0.85607
1.8767	0.85609
1.8774	0.85614
1.8781	0.85622
1.8787	0.85622
1.8794	0.85610
1.8801	0.85603
1.8808	0.85612
1.8815	0.85616
1.8821	0.85613
1.8828	0.85602
1.8835	0.85605
1.8842	0.85613
1.8849	0.85590
1.8856	0.85574
1.8863	0.85585
1.8869	0.85598
1.8876	0.85599
1.8883	0.85582
1.889	0.85579
1.8897	0.85590
1.8904	0.85585
1.8911	0.85571
1.8918	0.85572
1.8924	0.85572
1.8931	0.85558
1.8938	0.85540
1.8945	0.85529
1.8952	0.85543
1.8959	0.85542
1.8966	0.85521
1.8973	0.85517
1.898	0.85520
1.8987	0.85521
1.8994	0.85521
1.9001	0.85507
1.9008	0.85498
1.9015	0.85487
1.9022	0.85493
1.9029	0.85514
1.9036	0.85507
1.9043	0.85493
1.905	0.85497
1.9057	0.85486
1.9064	0.85470
1.9071	0.85474
1.9078	0.85477
1.9085	0.85471
1.9092	0.85458
1.9099	0.85457
1.9106	0.85443
1.9113	0.85445
1.912	0.85461
1.9127	0.85463
1.9134	0.85457
1.9141	0.85446
1.9148	0.85440
1.9155	0.85443
1.9162	0.85455
1.9169	0.85449
1.9176	0.85439
1.9183	0.85425
1.9191	0.85425
1.9198	0.85426
1.9205	0.85424
1.9212	0.85416
1.9219	0.85426
1.9226	0.85432
1.9233	0.85420
1.9241	0.85422
1.9248	0.85420
1.9255	0.85431
1.9262	0.85433
1.9269	0.85427
1.9276	0.85424
1.9283	0.85417
1.9291	0.85430
1.9298	0.85446
1.9305	0.85447
1.9312	0.85438
1.9319	0.85431
1.9327	0.85439
1.9334	0.85435
1.9341	0.85421
1.9348	0.85436
1.9355	0.85456
1.9363	0.85460
1.937	0.85457
1.9377	0.85454
1.9384	0.85453
1.9392	0.85438
1.9399	0.85415
1.9406	0.85423
1.9413	0.85437
1.9421	0.85437
1.9428	0.85439
1.9435	0.85447
1.9443	0.85445
1.945	0.85458
1.9457	0.85466
1.9464	0.85459
1.9472	0.85466
1.9479	0.85469
1.9486	0.85453
1.9494	0.85451
1.9501	0.85450
1.9508	0.85445
1.9516	0.85451
1.9523	0.85457
1.953	0.85460
1.9538	0.85467
1.9545	0.85467
1.9553	0.85471
1.956	0.85475
1.9567	0.85477
1.9575	0.85468
1.9582	0.85457
1.9589	0.85452
1.9597	0.85445
1.9604	0.85445
1.9612	0.85455
1.9619	0.85460
1.9627	0.85469
1.9634	0.85468
1.9641	0.85459
1.9649	0.85464
1.9656	0.85479
1.9664	0.85487
1.9671	0.85481
1.9679	0.85475
1.9686	0.85485
1.9694	0.85494
1.9701	0.85495
1.9708	0.85492
1.9716	0.85491
1.9723	0.85490
1.9731	0.85493
1.9738	0.85486
1.9746	0.85476
1.9754	0.85500
1.9761	0.85508
1.9769	0.85495
1.9776	0.85485
1.9784	0.85485
1.9791	0.85490
1.9799	0.85507
1.9806	0.85509
1.9814	0.85504
1.9822	0.85498
1.9829	0.85496
1.9837	0.85495
1.9844	0.85499
1.9852	0.85506
1.9859	0.85490
1.9867	0.85480
1.9875	0.85493
1.9882	0.85502
1.989	0.85490
1.9898	0.85484
1.9905	0.85484
1.9913	0.85501
1.9921	0.85502
1.9928	0.85496
1.9936	0.85491
1.9943	0.85497
1.9951	0.85506
1.9959	0.85506
1.9967	0.85500
1.9974	0.85501
1.9982	0.85493
1.999	0.85496
1.9997	0.85509
2.0005	0.85521
2.0013	0.85521
2.0021	0.85511
2.0028	0.85509
2.0036	0.85505
2.0044	0.85488
2.0052	0.85493
2.0059	0.85505
2.0067	0.85502
2.0075	0.85506
2.0083	0.85518
2.009	0.85526
2.0098	0.85518
2.0106	0.85515
2.0114	0.85521
2.0122	0.85520
2.0129	0.85517
2.0137	0.85523
2.0145	0.85523
2.0153	0.85529
2.0161	0.85540
2.0168	0.85531
2.0176	0.85517
2.0184	0.85510
2.0192	0.85527
2.02	0.85530
2.0208	0.85522
2.0216	0.85534
2.0224	0.85546
2.0232	0.85542
2.0239	0.85539
2.0247	0.85536
2.0255	0.85530
2.0263	0.85532
2.0271	0.85540
2.0279	0.85551
2.0287	0.85556
2.0295	0.85554
2.0303	0.85555
2.0311	0.85549
2.0319	0.85543
2.0327	0.85543
2.0335	0.85545
2.0343	0.85534
2.0351	0.85522
2.0359	0.85526
2.0367	0.85538
2.0375	0.85545
2.0383	0.85554
2.0391	0.85561
2.0399	0.85550
2.0407	0.85550
2.0415	0.85548
2.0423	0.85550
2.0431	0.85551
2.0439	0.85548
2.0447	0.85548
2.0455	0.85544
2.0463	0.85541
2.0471	0.85555
2.0479	0.85561
2.0487	0.85553
2.0495	0.85556
2.0504	0.85554
2.0512	0.85548
2.052	0.85545
2.0528	0.85553
2.0536	0.85561
2.0544	0.85558
2.0552	0.85551
2.056	0.85543
2.0569	0.85539
2.0577	0.85551
2.0585	0.85562
2.0593	0.85558
2.0601	0.85565
2.0609	0.85564
2.0618	0.85559
2.0626	0.85570
2.0634	0.85570
2.0642	0.85555
2.0651	0.85546
2.0659	0.85551
2.0667	0.85555
2.0675	0.85544
2.0683	0.85541
2.0692	0.85556
2.07	0.85559
2.0708	0.85549
2.0716	0.85539
2.0725	0.85548
2.0733	0.85556
2.0741	0.85547
2.075	0.85542
2.0758	0.85539
2.0766	0.85550
2.0775	0.85552
2.0783	0.85545
2.0791	0.85556
2.08	0.85554
2.0808	0.85544
2.0816	0.85549
2.0825	0.85555
2.0833	0.85545
2.0841	0.85535
2.085	0.85529
2.0858	0.85526
2.0867	0.85535
2.0875	0.85540
2.0883	0.85535
2.0892	0.85536
2.09	0.85535
2.0909	0.85528
2.0917	0.85525
2.0926	0.85531
2.0934	0.85536
2.0942	0.85538
2.0951	0.85532
2.0959	0.85532
2.0968	0.85540
2.0976	0.85541
2.0985	0.85543
2.0993	0.85532
2.1002	0.85524
2.101	0.85533
2.1019	0.85536
2.1027	0.85533
2.1036	0.85527
2.1044	0.85531
2.1053	0.85542
2.1061	0.85555
2.107	0.85557
2.1079	0.85551
2.1087	0.85550
2.1096	0.85557
2.1104	0.85570
2.1113	0.85571
2.1122	0.85565
2.113	0.85554
2.1139	0.85550
2.1147	0.85558
2.1156	0.85559
2.1165	0.85568
2.1173	0.85575
2.1182	0.85565
2.1191	0.85558
2.1199	0.85556
2.1208	0.85547
2.1217	0.85531
2.1225	0.85530
2.1234	0.85543
2.1243	0.85548
2.1251	0.85542
2.126	0.85535
2.1269	0.85536
2.1278	0.85531
2.1286	0.85519
2.1295	0.85513
2.1304	0.85521
2.1313	0.85524
2.1321	0.85526
2.133	0.85522
2.1339	0.85523
2.1348	0.85531
2.1356	0.85530
2.1365	0.85529
2.1374	0.85522
2.1383	0.85507
2.1392	0.85504
2.1401	0.85512
2.1409	0.85509
2.1418	0.85509
2.1427	0.85521
2.1436	0.85521
2.1445	0.85515
2.1454	0.85510
2.1463	0.85509
2.1471	0.85505
2.148	0.85499
2.1489	0.85496
2.1498	0.85493
2.1507	0.85492
2.1516	0.85493
2.1525	0.85482
2.1534	0.85475
2.1543	0.85476
2.1552	0.85474
2.1561	0.85472
2.157	0.85472
2.1579	0.85468
2.1588	0.85468
2.1597	0.85468
2.1606	0.85463
2.1615	0.85450
2.1624	0.85445
2.1633	0.85442
2.1642	0.85438
2.1651	0.85433
2.166	0.85430
2.1669	0.85425
2.1678	0.85429
2.1687	0.85423
2.1696	0.85416
2.1705	0.85418
2.1714	0.85418
2.1723	0.85414
2.1733	0.85412
2.1742	0.85404
2.1751	0.85386
2.176	0.85377
2.1769	0.85379
2.1778	0.85376
2.1787	0.85377
2.1796	0.85382
2.1806	0.85380
2.1815	0.85366
2.1824	0.85362
2.1833	0.85359
2.1842	0.85350
2.1851	0.85347
2.1861	0.85342
2.187	0.85330
2.1879	0.85327
2.1888	0.85328
2.1898	0.85319
2.1907	0.85315
2.1916	0.85324
2.1926	0.85318
2.1935	0.85300
2.1944	0.85290
2.1953	0.85291
2.1963	0.85282
2.1972	0.85274
2.1981	0.85274
2.1991	0.85277
2.2	0.85275
2.2009	0.85281
2.2019	0.85276
2.2028	0.85267
2.2037	0.85267
2.2047	0.85261
2.2056	0.85255
2.2065	0.85261
2.2075	0.85267
2.2084	0.85272
2.2094	0.85271
2.2103	0.85256
2.2113	0.85251
2.2122	0.85259
2.2131	0.85258
2.2141	0.85249
2.215	0.85254
2.216	0.85265
2.2169	0.85262
2.2179	0.85255
2.2188	0.85256
2.2198	0.85258
2.2207	0.85254
2.2217	0.85256
2.2226	0.85261
2.2236	0.85263
2.2245	0.85265
2.2255	0.85264
2.2264	0.85260
2.2274	0.85247
2.2284	0.85245
2.2293	0.85257
2.2303	0.85256
2.2312	0.85252
2.2322	0.85251
2.2331	0.85250
2.2341	0.85239
2.2351	0.85233
2.236	0.85234
2.237	0.85231
2.238	0.85226
2.2389	0.85232
2.2399	0.85229
2.2409	0.85223
2.2418	0.85214
2.2428	0.85209
2.2438	0.85207
2.2448	0.85201
2.2457	0.85201
2.2467	0.85202
2.2477	0.85199
2.2486	0.85196
2.2496	0.85187
2.2506	0.85184
2.2516	0.85179
2.2526	0.85165
2.2535	0.85162
2.2545	0.85166
2.2555	0.85158
2.2565	0.85154
2.2575	0.85147
2.2584	0.85141
2.2594	0.85138
2.2604	0.85131
2.2614	0.85122
2.2624	0.85118
2.2634	0.85119
2.2644	0.85111
2.2654	0.85096
2.2663	0.85093
2.2673	0.85096
2.2683	0.85092
2.2693	0.85080
2.2703	0.85081
2.2713	0.85079
2.2723	0.85085
2.2733	0.85089
2.2743	0.85089
2.2753	0.85075
2.2763	0.85069
2.2773	0.85070
2.2783	0.85068
2.2793	0.85066
2.2803	0.85060
2.2813	0.85060
2.2823	0.85061
2.2833	0.85051
2.2843	0.85043
2.2853	0.85035
2.2863	0.85032
2.2873	0.85035
2.2884	0.85033
2.2894	0.85024
2.2904	0.85017
2.2914	0.85016
2.2924	0.85014
2.2934	0.85003
2.2944	0.84992
2.2954	0.84986
2.2965	0.84979
2.2975	0.84974
2.2985	0.84973
2.2995	0.84967
2.3005	0.84960
2.3016	0.84954
2.3026	0.84950
2.3036	0.84943
2.3046	0.84937
2.3056	0.84942
2.3067	0.84939
2.3077	0.84931
2.3087	0.84940
2.3098	0.84950
2.3108	0.84959
2.3118	0.84961
2.3129	0.84969
2.3139	0.84976
2.3149	0.84982
2.3159	0.84988
2.317	0.84993
2.318	0.85002
2.3191	0.85010
2.3201	0.85015
2.3211	0.85027
2.3222	0.85040
2.3232	0.85048
2.3243	0.85040
2.3253	0.85037
2.3263	0.85041
2.3274	0.85041
2.3284	0.85040
2.3295	0.85043
2.3305	0.85045
2.3316	0.85046
2.3326	0.85050
2.3337	0.85049
2.3347	0.85041
2.3358	0.85037
2.3368	0.85036
2.3379	0.85039
2.3389	0.85033
2.34	0.85025
2.341	0.85017
2.3421	0.85011
2.3432	0.85007
2.3442	0.85006
2.3453	0.85012
2.3463	0.85021
2.3474	0.85015
2.3485	0.85011
2.3495	0.85016
2.3506	0.85021
2.3517	0.85026
2.3527	0.85036
2.3538	0.85043
2.3549	0.85050
2.3559	0.85054
2.357	0.85051
2.3581	0.85046
2.3591	0.85042
2.3602	0.85041
2.3613	0.85047
2.3624	0.85055
2.3634	0.85054
2.3645	0.85050
2.3656	0.85048
2.3667	0.85045
2.3678	0.85035
2.3689	0.85026
2.3699	0.85031
2.371	0.85035
2.3721	0.85038
2.3732	0.85035
2.3743	0.85029
2.3754	0.85025
2.3764	0.85025
2.3775	0.85025
2.3786	0.85022
2.3797	0.85021
2.3808	0.85019
2.3819	0.85015
2.383	0.85008
2.3841	0.85005
2.3852	0.85009
2.3863	0.85006
2.3874	0.85000
2.3885	0.84996
2.3896	0.84993
2.3907	0.84995
2.3918	0.85000
2.3929	0.85002
2.394	0.85001
2.3951	0.84997
2.3962	0.84995
2.3973	0.84997
2.3984	0.84994
2.3996	0.84997
2.4007	0.84996
2.4018	0.84992
2.4029	0.84992
2.404	0.84992
2.4051	0.84989
2.4062	0.84987
2.4074	0.84977
2.4085	0.84974
2.4096	0.84972
2.4107	0.84978
2.4118	0.84978
2.4129	0.84969
2.4141	0.84967
2.4152	0.84970
2.4163	0.84961
2.4174	0.84949
2.4186	0.84950
2.4197	0.84952
2.4208	0.84949
2.422	0.84947
2.4231	0.84943
2.4242	0.84942
2.4254	0.84942
2.4265	0.84935
2.4276	0.84929
2.4288	0.84918
2.4299	0.84911
2.4311	0.84904
2.4322	0.84898
2.4333	0.84895
2.4345	0.84897
2.4356	0.84894
2.4368	0.84894
2.4379	0.84890
2.4391	0.84881
2.4402	0.84875
2.4414	0.84870
2.4425	0.84871
2.4436	0.84869
2.4448	0.84860
2.446	0.84852
2.4471	0.84846
2.4483	0.84836
2.4494	0.84831
2.4506	0.84827
2.4517	0.84820
2.4529	0.84811
2.4541	0.84805
2.4552	0.84797
2.4564	0.84790
2.4576	0.84790
2.4587	0.84786
2.4599	0.84781
2.4611	0.84782
2.4622	0.84780
2.4634	0.84767
2.4646	0.84760
2.4657	0.84758
2.4669	0.84749
2.4681	0.84743
2.4693	0.84749
2.4704	0.84752
2.4716	0.84744
2.4728	0.84735
2.474	0.84727
2.4751	0.84728
2.4763	0.84730
2.4775	0.84730
2.4787	0.84722
2.4799	0.84716
2.4811	0.84711
2.4823	0.84714
2.4834	0.84715
2.4846	0.84702
2.4858	0.84698
2.487	0.84689
2.4882	0.84679
2.4894	0.84674
2.4906	0.84666
2.4918	0.84669
2.493	0.84672
2.4942	0.84666
2.4954	0.84660
2.4966	0.84649
2.4978	0.84643
2.499	0.84636
2.5002	0.84639
2.5014	0.84645
2.5026	0.84646
2.5038	0.84634
2.505	0.84629
2.5063	0.84628
2.5075	0.84625
2.5087	0.84621
2.5099	0.84621
2.5111	0.84624
2.5123	0.84622
2.5135	0.84623
2.5148	0.84619
2.516	0.84612
2.5172	0.84613
2.5184	0.84615
2.5196	0.84609
2.5209	0.84605
2.5221	0.84601
2.5233	0.84599
2.5246	0.84597
2.5258	0.84599
2.527	0.84600
2.5283	0.84602
2.5295	0.84603
2.5307	0.84600
2.5319	0.84601
2.5332	0.84592
2.5344	0.84586
2.5357	0.84591
2.5369	0.84589
2.5381	0.84582
2.5394	0.84579
2.5406	0.84574
2.5419	0.84580
2.5431	0.84582
2.5444	0.84572
2.5456	0.84567
2.5469	0.84568
2.5481	0.84564
2.5494	0.84554
2.5506	0.84553
2.5519	0.84560
2.5531	0.84562
2.5544	0.84545
2.5557	0.84538
2.5569	0.84540
2.5582	0.84546
2.5594	0.84552
2.5607	0.84568
2.562	0.84569
2.5632	0.84556
2.5645	0.84534
2.5658	0.84502
2.5671	0.84500
2.5683	0.84518
2.5696	0.84529
2.5709	0.84507
2.5721	0.84514
2.5734	0.84523
2.5747	0.84479
2.576	0.84491
2.5773	0.84493
2.5785	0.84466
2.5798	0.84475
2.5811	0.84480
2.5824	0.84476
2.5837	0.84504
2.585	0.84464
2.5863	0.84458
2.5875	0.84460
2.5888	0.84433
2.5901	0.84421
2.5914	0.84420
2.5927	0.84450
2.594	0.84529
2.5953	0.84519
2.5966	0.84419
2.5979	0.84388
2.5992	0.84376
2.6005	0.84385
2.6018	0.84395
2.6031	0.84399
2.6044	0.84419
2.6058	0.84407
2.6071	0.84350
2.6084	0.84348
2.6097	0.84348
2.611	0.84329
2.6123	0.84314
2.6136	0.84308
2.6149	0.84304
2.6163	0.84340
2.6176	0.84310
2.6189	0.84291
2.6202	0.84317
2.6216	0.84258
2.6229	0.84223
2.6242	0.84219
2.6255	0.84231
2.6269	0.84243
2.6282	0.84203
2.6295	0.84235
2.6309	0.84226
2.6322	0.84167
2.6335	0.84157
2.6349	0.84130
2.6362	0.84105
2.6376	0.84102
2.6389	0.84090
2.6402	0.84075
2.6416	0.84068
2.6429	0.84050
2.6443	0.84030
2.6456	0.84018
2.647	0.83984
2.6483	0.83969
2.6497	0.83953
2.651	0.83953
2.6524	0.83940
2.6538	0.83897
2.6551	0.83870
2.6565	0.83840
2.6578	0.83812
2.6592	0.83797
2.6606	0.83756
2.6619	0.83712
2.6633	0.83688
2.6647	0.83705
2.666	0.83663
2.6674	0.83576
2.6688	0.83503
2.6701	0.83514
2.6715	0.83356
2.6729	0.83225
2.6743	0.83141
2.6757	0.83081
2.677	0.82989
2.6784	0.82865
2.6798	0.82719
2.6812	0.82553
2.6826	0.82411
2.684	0.82233
2.6854	0.82019
2.6868	0.81782
2.6881	0.81504
2.6895	0.81199
2.6909	0.80846
2.6923	0.80505
2.6937	0.80123
2.6951	0.79655
2.6965	0.79168
2.6979	0.78693
2.6993	0.78240
2.7008	0.77826
2.7021	0.77406
2.7036	0.77038
2.705	0.76721
2.7064	0.76427
2.7078	0.76180
2.7092	0.75976
2.7106	0.75758
2.7121	0.75509
2.7135	0.75303
2.7149	0.75131
2.7163	0.74959
2.7177	0.74826
2.7192	0.74749
2.7206	0.74658
2.722	0.74412
2.7234	0.74262
2.7249	0.74103
2.7263	0.73880
2.7277	0.73686
2.7292	0.73510
2.7306	0.73314
2.7321	0.73112
2.7335	0.72924
2.7349	0.72742
2.7364	0.72503
2.7378	0.72323
2.7393	0.72152
2.7407	0.71929
2.7422	0.71675
2.7436	0.71453
2.7451	0.71251
2.7465	0.71051
2.748	0.70859
2.7494	0.70681
2.7509	0.70511
2.7524	0.70351
2.7538	0.70220
2.7553	0.70117
2.7567	0.69922
2.7582	0.69768
2.7597	0.69655
2.7611	0.69568
2.7626	0.69499
2.7641	0.69409
2.7656	0.69312
2.767	0.69239
2.7685	0.69152
2.77	0.69072
2.7715	0.68970
2.773	0.68841
2.7744	0.68714
2.7759	0.68597
2.7774	0.68470
2.7789	0.68345
2.7804	0.68258
2.7819	0.68188
2.7834	0.68098
2.7849	0.68019
2.7864	0.67958
2.7879	0.67857
2.7894	0.67726
2.7909	0.67635
2.7924	0.67555
2.7939	0.67480
2.7954	0.67394
2.7969	0.67305
2.7984	0.67218
2.7999	0.67145
2.8014	0.67098
2.8029	0.67069
2.8044	0.67006
2.806	0.66933
2.8075	0.66870
2.809	0.66821
2.8105	0.66781
2.8121	0.66746
2.8136	0.66707
2.8151	0.66658
2.8166	0.66602
2.8182	0.66559
2.8197	0.66501
2.8212	0.66441
2.8228	0.66403
2.8243	0.66372
2.8259	0.66339
2.8274	0.66294
2.8289	0.66251
2.8305	0.66222
2.832	0.66190
2.8336	0.66158
2.8351	0.66115
2.8367	0.66068
2.8382	0.66019
2.8398	0.65996
2.8413	0.65980
2.8429	0.65947
2.8444	0.65905
2.846	0.65870
2.8476	0.65843
2.8491	0.65825
2.8507	0.65796
2.8523	0.65761
2.8538	0.65719
2.8554	0.65674
2.857	0.65652
2.8586	0.65630
2.8601	0.65595
2.8617	0.65564
2.8633	0.65540
2.8649	0.65518
2.8665	0.65485
2.8681	0.65449
2.8696	0.65419
2.8712	0.65392
2.8728	0.65350
2.8744	0.65315
2.876	0.65301
2.8776	0.65285
2.8792	0.65259
2.8808	0.65222
2.8824	0.65169
2.884	0.65136
2.8856	0.65129
2.8872	0.65128
2.8888	0.65108
2.8904	0.65086
2.892	0.65075
2.8936	0.65059
2.8953	0.65037
2.8969	0.65019
2.8985	0.65006
2.9001	0.64995
2.9018	0.64974
2.9034	0.64954
2.905	0.64940
2.9066	0.64924
2.9083	0.64895
2.9099	0.64863
2.9115	0.64844
2.9132	0.64851
2.9148	0.64842
2.9164	0.64827
2.9181	0.64826
2.9197	0.64827
2.9214	0.64824
2.923	0.64816
2.9247	0.64806
2.9263	0.64802
2.928	0.64794
2.9296	0.64777
2.9313	0.64770
2.9329	0.64768
2.9346	0.64764
2.9363	0.64769
2.9379	0.64760
2.9396	0.64721
2.9413	0.64703
2.9429	0.64742
2.9446	0.64768
2.9463	0.64766
2.9479	0.64741
2.9496	0.64746
2.9513	0.64783
2.953	0.64795
2.9547	0.64800
2.9563	0.64810
2.958	0.64819
2.9597	0.64830
2.9614	0.64838
2.9631	0.64848
2.9648	0.64859
2.9665	0.64848
2.9682	0.64835
2.9699	0.64860
2.9716	0.64899
2.9733	0.64932
2.975	0.64949
2.9767	0.64967
2.9784	0.64991
2.9801	0.65011
2.9819	0.65024
2.9836	0.65025
2.9853	0.65037
2.987	0.65078
2.9887	0.65107
2.9904	0.65124
2.9922	0.65143
2.9939	0.65159
2.9956	0.65168
2.9974	0.65209
2.9991	0.65252
3.0008	0.65277
3.0026	0.65296
3.0043	0.65317
3.0061	0.65330
3.0078	0.65345
3.0095	0.65377
3.0113	0.65406
3.013	0.65431
3.0148	0.65452
3.0165	0.65471
3.0183	0.65494
3.0201	0.65511
3.0218	0.65514
3.0236	0.65505
3.0253	0.65508
3.0271	0.65555
3.0289	0.65613
3.0306	0.65633
3.0324	0.65640
3.0342	0.65650
3.036	0.65664
3.0377	0.65673
3.0395	0.65701
3.0413	0.65731
3.0431	0.65747
3.0449	0.65768
3.0467	0.65784
3.0485	0.65799
3.0503	0.65819
3.0521	0.65832
3.0538	0.65835
3.0556	0.65834
3.0574	0.65833
3.0593	0.65862
3.0611	0.65893
3.0629	0.65907
3.0647	0.65922
3.0665	0.65938
3.0683	0.65949
3.0701	0.65955
3.0719	0.65964
3.0738	0.65981
3.0756	0.65996
3.0774	0.66007
3.0792	0.66015
3.0811	0.66030
3.0829	0.66053
3.0847	0.66074
3.0866	0.66094
3.0884	0.66108
3.0902	0.66118
3.0921	0.66113
3.0939	0.66133
3.0958	0.66178
3.0976	0.66209
3.0995	0.66233
3.1013	0.66252
3.1032	0.66276
3.1051	0.66300
3.1069	0.66323
3.1088	0.66348
3.1106	0.66376
3.1125	0.66405
3.1144	0.66428
3.1162	0.66450
3.1181	0.66478
3.12	0.66509
3.1219	0.66539
3.1238	0.66567
3.1256	0.66598
3.1275	0.66627
3.1294	0.66651
3.1313	0.66675
3.1332	0.66709
3.1351	0.66741
3.137	0.66767
3.1389	0.66796
3.1408	0.66830
3.1427	0.66862
3.1446	0.66888
3.1465	0.66918
3.1484	0.66952
3.1503	0.66981
3.1522	0.67009
3.1541	0.67039
3.1561	0.67070
3.158	0.67102
3.1599	0.67132
3.1618	0.67163
3.1638	0.67197
3.1657	0.67231
3.1676	0.67259
3.1696	0.67280
3.1715	0.67293
3.1735	0.67326
3.1754	0.67378
3.1773	0.67413
3.1793	0.67442
3.1812	0.67476
3.1832	0.67507
3.1851	0.67527
3.1871	0.67561
3.1891	0.67603
3.191	0.67635
3.193	0.67667
3.195	0.67701
3.1969	0.67732
3.1989	0.67762
3.2009	0.67790
3.2029	0.67808
3.2048	0.67813
3.2068	0.67834
3.2088	0.67862
3.2108	0.67910
3.2128	0.67964
3.2148	0.67995
3.2168	0.68010
3.2188	0.68048
3.2208	0.68088
3.2228	0.68117
3.2248	0.68141
3.2268	0.68165
3.2288	0.68201
3.2308	0.68234
3.2328	0.68262
3.2348	0.68276
3.2368	0.68293
3.2389	0.68329
3.2409	0.68345
3.2429	0.68357
3.2449	0.68388
3.247	0.68403
3.249	0.68422
3.2511	0.68466
3.2531	0.68501
3.2551	0.68519
3.2572	0.68535
3.2592	0.68543
3.2613	0.68562
3.2633	0.68595
3.2654	0.68620
3.2674	0.68639
3.2695	0.68657
3.2716	0.68670
3.2736	0.68686
3.2757	0.68700
3.2778	0.68709
3.2798	0.68731
3.2819	0.68749
3.284	0.68750
3.2861	0.68751
3.2882	0.68761
3.2902	0.68789
3.2923	0.68810
3.2944	0.68811
3.2965	0.68814
3.2986	0.68826
3.3007	0.68829
3.3028	0.68837
3.3049	0.68837
3.307	0.68836
3.3091	0.68839
3.3113	0.68839
3.3134	0.68828
3.3155	0.68806
3.3176	0.68776
3.3197	0.68757
3.3219	0.68752
3.324	0.68751
3.3261	0.68735
3.3283	0.68705
3.3304	0.68664
3.3325	0.68611
3.3347	0.68541
3.3368	0.68460
3.339	0.68371
3.3411	0.68257
3.3433	0.68140
3.3454	0.68030
3.3476	0.67898
3.3498	0.67755
3.3519	0.67602
3.3541	0.67432
3.3563	0.67241
3.3584	0.67035
3.3606	0.66806
3.3628	0.66579
3.365	0.66380
3.3672	0.66203
3.3694	0.66052
3.3715	0.65958
3.3737	0.65938
3.3759	0.65977
3.3781	0.66063
3.3803	0.66185
3.3825	0.66315
3.3847	0.66426
3.3869	0.66485
3.3892	0.66488
3.3914	0.66410
3.3936	0.66255
3.3958	0.66043
3.3981	0.65787
3.4003	0.65508
3.4025	0.65208
3.4047	0.64907
3.407	0.64623
3.4092	0.64357
3.4115	0.64122
3.4137	0.63937
3.416	0.63861
3.4182	0.63921
3.4205	0.64121
3.4227	0.64427
3.425	0.64775
3.4273	0.65102
3.4295	0.65374
3.4318	0.65579
3.4341	0.65759
3.4363	0.65907
3.4386	0.66013
3.4409	0.66099
3.4432	0.66167
3.4455	0.66224
3.4478	0.66281
3.4501	0.66331
3.4524	0.66372
3.4546	0.66414
3.4569	0.66450
3.4593	0.66463
3.4616	0.66450
3.4639	0.66408
3.4662	0.66338
3.4685	0.66241
3.4708	0.66139
3.4732	0.66055
3.4755	0.66004
3.4778	0.65976
3.4801	0.65960
3.4825	0.65976
3.4848	0.65994
3.4872	0.65975
3.4895	0.65935
3.4919	0.65872
3.4942	0.65788
3.4966	0.65688
3.4989	0.65635
3.5013	0.65703
3.5037	0.65923
3.506	0.66255
3.5084	0.66637
3.5108	0.67005
3.5132	0.67341
3.5155	0.67632
3.5179	0.67875
3.5203	0.68066
3.5227	0.68217
3.5251	0.68357
3.5275	0.68471
3.5299	0.68556
3.5323	0.68630
3.5347	0.68687
3.5371	0.68735
3.5395	0.68774
3.5419	0.68807
3.5444	0.68836
3.5468	0.68862
3.5492	0.68878
3.5517	0.68899
3.5541	0.68919
3.5565	0.68930
3.559	0.68937
3.5614	0.68954
3.5639	0.68965
3.5663	0.68973
3.5688	0.68977
3.5712	0.68981
3.5737	0.68979
3.5761	0.68987
3.5786	0.68993
3.5811	0.68992
3.5836	0.68983
3.586	0.68978
3.5885	0.68981
3.591	0.68981
3.5935	0.68974
3.596	0.68969
3.5985	0.68961
3.601	0.68951
3.6035	0.68930
3.606	0.68917
3.6085	0.68904
3.611	0.68886
3.6135	0.68865
3.6161	0.68845
3.6186	0.68821
3.6211	0.68799
3.6236	0.68773
3.6262	0.68749
3.6287	0.68723
3.6313	0.68700
3.6338	0.68675
3.6363	0.68648
3.6389	0.68618
3.6414	0.68596
3.644	0.68575
3.6466	0.68554
3.6491	0.68533
3.6517	0.68514
3.6543	0.68494
3.6569	0.68479
3.6594	0.68460
3.662	0.68441
3.6646	0.68415
3.6672	0.68391
3.6698	0.68370
3.6724	0.68354
3.675	0.68334
3.6776	0.68314
3.6802	0.68290
3.6828	0.68263
3.6854	0.68230
3.6881	0.68201
3.6907	0.68168
3.6933	0.68136
3.6959	0.68102
3.6986	0.68071
3.7012	0.68033
3.7039	0.67996
3.7065	0.67957
3.7092	0.67921
3.7118	0.67884
3.7145	0.67849
3.7171	0.67813
3.7198	0.67778
3.7225	0.67742
3.7252	0.67709
3.7278	0.67670
3.7305	0.67634
3.7332	0.67593
3.7359	0.67558
3.7386	0.67522
3.7413	0.67484
3.744	0.67441
3.7467	0.67403
3.7494	0.67367
3.7521	0.67329
3.7548	0.67284
3.7576	0.67244
3.7603	0.67202
3.763	0.67159
3.7657	0.67116
3.7685	0.67077
3.7712	0.67030
3.774	0.66990
3.7767	0.66946
3.7795	0.66904
3.7822	0.66860
3.785	0.66817
3.7877	0.66769
3.7905	0.66722
3.7933	0.66676
3.7961	0.66636
3.7988	0.66594
3.8016	0.66556
3.8044	0.66513
3.8072	0.66471
3.81	0.66429
3.8128	0.66392
3.8156	0.66351
3.8184	0.66314
3.8212	0.66273
3.8241	0.66239
3.8269	0.66206
3.8297	0.66178
3.8325	0.66147
3.8354	0.66121
3.8382	0.66098
3.8411	0.66079
3.8439	0.66054
3.8468	0.66036
3.8496	0.66019
3.8525	0.66002
3.8553	0.65982
3.8582	0.65965
3.8611	0.65945
3.8639	0.65929
3.8668	0.65910
3.8697	0.65891
3.8726	0.65869
3.8755	0.65850
3.8784	0.65834
3.8813	0.65820
3.8842	0.65798
3.8871	0.65780
3.89	0.65762
3.893	0.65745
3.8959	0.65721
3.8988	0.65700
3.9017	0.65675
3.9047	0.65651
3.9076	0.65624
3.9106	0.65602
3.9135	0.65576
3.9165	0.65547
3.9194	0.65512
3.9224	0.65484
3.9254	0.65447
3.9284	0.65412
3.9313	0.65377
3.9343	0.65344
3.9373	0.65304
3.9403	0.65266
3.9433	0.65221
3.9463	0.65176
3.9493	0.65127
3.9523	0.65073
3.9553	0.65016
3.9583	0.64960
3.9614	0.64895
3.9644	0.64831
3.9674	0.64757
3.9705	0.64685
3.9735	0.64607
3.9766	0.64530
3.9796	0.64444
3.9826	0.64358
3.9857	0.64263
3.9888	0.64170
3.9919	0.64076
3.9949	0.63987
3.998	0.63897
4.0011	0.63814
4.0042	0.63733
4.0073	0.63666
4.0104	0.63609
4.0135	0.63567
4.0166	0.63533
4.0197	0.63520
4.0228	0.63518
4.0259	0.63528
4.0291	0.63542
4.0322	0.63565
4.0353	0.63587
4.0385	0.63614
4.0416	0.63631
4.0448	0.63647
4.0479	0.63660
4.0511	0.63666
4.0543	0.63661
4.0574	0.63653
4.0606	0.63638
4.0638	0.63622
4.067	0.63598
4.0702	0.63574
4.0734	0.63539
4.0766	0.63505
4.0798	0.63466
4.083	0.63426
4.0862	0.63379
4.0894	0.63337
4.0927	0.63290
4.0959	0.63246
4.0991	0.63197
4.1024	0.63148
4.1056	0.63092
4.1089	0.63042
4.1121	0.62984
4.1154	0.62925
4.1187	0.62866
4.122	0.62815
4.1252	0.62754
4.1285	0.62694
4.1318	0.62635
4.1351	0.62579
4.1384	0.62516
4.1417	0.62457
4.145	0.62394
4.1483	0.62335
4.1516	0.62272
4.155	0.62209
4.1583	0.62141
4.1616	0.62077
4.165	0.62011
4.1683	0.61954
4.1717	0.61889
4.175	0.61826
4.1784	0.61762
4.1818	0.61701
4.1852	0.61635
4.1885	0.61570
4.1919	0.61500
4.1953	0.61437
4.1987	0.61373
4.2021	0.61312
4.2055	0.61245
4.2089	0.61184
4.2124	0.61119
4.2158	0.61061
4.2192	0.60995
4.2226	0.60934
4.2261	0.60864
4.2295	0.60798
4.233	0.60723
4.2365	0.60655
4.2399	0.60579
4.2434	0.60502
4.2469	0.60415
4.2503	0.60336
4.2538	0.60255
4.2573	0.60190
4.2608	0.60123
4.2643	0.60057
4.2678	0.59985
4.2713	0.59920
4.2749	0.59854
4.2784	0.59793
4.2819	0.59728
4.2855	0.59672
4.289	0.59610
4.2926	0.59556
4.2961	0.59495
4.2997	0.59435
4.3033	0.59370
4.3068	0.59315
4.3104	0.59252
4.314	0.59188
4.3176	0.59120
4.3212	0.59058
4.3248	0.58990
4.3284	0.58923
4.332	0.58850
4.3356	0.58785
4.3393	0.58711
4.3429	0.58644
4.3465	0.58572
4.3502	0.58508
4.3538	0.58436
4.3575	0.58367
4.3611	0.58298
4.3648	0.58232
4.3685	0.58155
4.3722	0.58087
4.3759	0.58016
4.3796	0.57949
4.3833	0.57875
4.387	0.57807
4.3907	0.57735
4.3944	0.57669
4.3981	0.57599
4.4019	0.57536
4.4056	0.57465
4.4094	0.57398
4.4131	0.57329
4.4169	0.57264
4.4206	0.57193
4.4244	0.57129
4.4282	0.57061
4.432	0.56996
4.4358	0.56925
4.4396	0.56861
4.4434	0.56792
4.4472	0.56726
4.451	0.56654
4.4548	0.56586
4.4586	0.56512
4.4625	0.56444
4.4663	0.56373
4.4702	0.56308
4.474	0.56234
4.4779	0.56165
4.4818	0.56091
4.4856	0.56021
4.4895	0.55946
4.4934	0.55874
4.4973	0.55796
4.5012	0.55725
4.5051	0.55647
4.509	0.55570
4.513	0.55490
4.5169	0.55414
4.5209	0.55334
4.5248	0.55259
4.5287	0.55178
4.5327	0.55098
4.5367	0.55009
4.5406	0.54926
4.5446	0.54838
4.5486	0.54752
4.5526	0.54664
4.5566	0.54583
4.5606	0.54494
4.5646	0.54415
4.5686	0.54331
4.5727	0.54250
4.5767	0.54164
4.5808	0.54083
4.5848	0.54000
4.5889	0.53924
4.5929	0.53843
4.597	0.53770
4.6011	0.53688
4.6052	0.53612
4.6093	0.53535
4.6134	0.53463
4.6175	0.53387
4.6216	0.53318
4.6257	0.53244
4.6298	0.53176
4.634	0.53100
4.6381	0.53030
4.6423	0.52956
4.6464	0.52886
4.6506	0.52813
4.6548	0.52747
4.659	0.52674
4.6631	0.52608
4.6673	0.52533
4.6715	0.52465
4.6758	0.52392
4.68	0.52325
4.6842	0.52251
4.6884	0.52177
4.6927	0.52095
4.6969	0.52021
4.7012	0.51939
4.7055	0.51863
4.7097	0.51777
4.714	0.51693
4.7183	0.51606
4.7226	0.51519
4.7269	0.51424
4.7312	0.51337
4.7355	0.51237
4.7399	0.51141
4.7442	0.51038
4.7485	0.50938
4.7529	0.50832
4.7573	0.50726
4.7616	0.50608
4.766	0.50493
4.7704	0.50365
4.7748	0.50239
4.7792	0.50102
4.7836	0.49960
4.788	0.49804
4.7924	0.49647
4.7969	0.49477
4.8013	0.49304
4.8058	0.49113
4.8102	0.48915
4.8147	0.48700
4.8191	0.48479
4.8236	0.48235
4.8281	0.47972
4.8326	0.47677
4.8371	0.47355
4.8416	0.46984
4.8462	0.46561
4.8507	0.46070
4.8553	0.45511
4.8598	0.44868
4.8644	0.44147
4.8689	0.43347
4.8735	0.42501
4.8781	0.41616
4.8827	0.40729
4.8873	0.39854
4.8919	0.39030
4.8965	0.38269
4.9011	0.37578
4.9058	0.36943
4.9104	0.36361
4.9151	0.35810
4.9197	0.35290
4.9244	0.34788
4.9291	0.34319
4.9338	0.33904
4.9385	0.33589
4.9432	0.33407
4.9479	0.33365
4.9526	0.33434
4.9574	0.33583
4.9621	0.33774
4.9669	0.33993
4.9716	0.34219
4.9764	0.34443
4.9812	0.34658
4.986	0.34862
4.9908	0.35049
4.9956	0.35225
5.0004	0.35384
5.0052	0.35530
5.01	0.35662
5.0149	0.35780
5.0198	0.35879
5.0246	0.35962
5.0295	0.36026
5.0344	0.36080
5.0393	0.36112
5.0442	0.36125
5.0491	0.36121
5.054	0.36098
5.0589	0.36051
5.0639	0.35988
5.0688	0.35903
5.0738	0.35802
5.0788	0.35681
5.0837	0.35542
5.0887	0.35383
5.0937	0.35218
5.0987	0.35037
5.1037	0.34847
5.1088	0.34646
5.1138	0.34444
5.1189	0.34235
5.1239	0.34017
5.129	0.33785
5.1341	0.33539
5.1391	0.33279
5.1443	0.33020
5.1494	0.32755
5.1545	0.32494
5.1596	0.32239
5.1647	0.31985
5.1699	0.31729
5.175	0.31467
5.1802	0.31194
5.1854	0.30908
5.1906	0.30607
5.1958	0.30317
5.201	0.30042
5.2062	0.29802
5.2115	0.29615
5.2167	0.29472
5.222	0.29378
5.2272	0.29339
5.2325	0.29335
5.2378	0.29356
5.2431	0.29383
5.2484	0.29414
5.2537	0.29445
5.259	0.29477
5.2644	0.29503
5.2697	0.29524
5.2751	0.29532
5.2805	0.29526
5.2858	0.29499
5.2912	0.29454
5.2966	0.29387
5.302	0.29313
5.3075	0.29241
5.3129	0.29178
5.3184	0.29111
5.3238	0.29039
5.3293	0.28944
5.3348	0.28815
5.3403	0.28646
5.3458	0.28442
5.3513	0.28195
5.3568	0.27925
5.3624	0.27663
5.3679	0.27423
5.3735	0.27207
5.379	0.27001
5.3846	0.26792
5.3902	0.26565
5.3958	0.26318
5.4015	0.26054
5.4071	0.25780
5.4127	0.25513
5.4184	0.25280
5.4241	0.25053
5.4297	0.24840
5.4354	0.24668
5.4411	0.24533
5.4469	0.24436
5.4526	0.24378
5.4583	0.24361
5.4641	0.24379
5.4698	0.24408
5.4756	0.24448
5.4814	0.24492
5.4872	0.24527
5.493	0.24562
5.4988	0.24582
5.5047	0.24581
5.5105	0.24559
5.5164	0.24520
5.5223	0.24454
5.5281	0.24362
5.534	0.24239
5.54	0.24078
5.5459	0.23860
5.5518	0.23566
5.5578	0.23178
5.5637	0.22702
5.5697	0.22158
5.5757	0.21563
5.5817	0.20912
5.5877	0.20284
5.5937	0.19753
5.5998	0.19309
5.6058	0.18981
5.6119	0.18765
5.618	0.18662
5.6241	0.18630
5.6302	0.18677
5.6363	0.18787
5.6424	0.18993
5.6486	0.19244
5.6547	0.19565
5.6609	0.19945
5.6671	0.20368
5.6733	0.20832
5.6795	0.21326
5.6857	0.21782
5.692	0.22253
5.6982	0.22707
5.7045	0.23149
5.7108	0.23602
5.7171	0.24034
5.7234	0.24426
5.7297	0.24796
5.7361	0.25122
5.7424	0.25396
5.7488	0.25603
5.7551	0.25720
5.7615	0.25778
5.768	0.25766
5.7744	0.25669
5.7808	0.25559
5.7873	0.25435
5.7937	0.25305
5.8002	0.25172
5.8067	0.25045
5.8132	0.24946
5.8197	0.24870
5.8263	0.24769
5.8328	0.24660
5.8394	0.24544
5.846	0.24425
5.8526	0.24305
5.8592	0.24204
5.8658	0.24114
5.8725	0.24058
5.8791	0.24054
5.8858	0.24036
5.8925	0.24029
5.8992	0.24057
5.9059	0.24049
5.9126	0.24046
5.9194	0.24001
5.9262	0.23921
5.9329	0.23816
5.9397	0.23642
5.9465	0.23428
5.9534	0.23232
5.9602	0.23031
5.9671	0.22844
5.974	0.22627
5.9808	0.22465
5.9878	0.22375
5.9947	0.22369
6.0016	0.22478
6.0086	0.22767
6.0155	0.23256
6.0225	0.23934
6.0295	0.24782
6.0365	0.25790
6.0436	0.26849
6.0506	0.28129
6.0577	0.29195
6.0648	0.30090
6.0719	0.31011
6.079	0.31849
6.0861	0.32497
6.0933	0.33086
6.1005	0.33583
6.1076	0.34026
6.1148	0.34401
6.1221	0.34674
6.1293	0.34864
6.1365	0.35057
6.1438	0.35199
6.1511	0.35308
6.1584	0.35381
6.1657	0.35423
6.1731	0.35421
6.1804	0.35444
6.1878	0.35416
6.1952	0.35346
6.2026	0.35271
6.21	0.35204
6.2175	0.35118
6.225	0.35028
6.2324	0.34921
6.2399	0.34828
6.2475	0.34736
6.255	0.34674
6.2625	0.34627
6.2701	0.34623
6.2777	0.34651
6.2853	0.34726
6.2929	0.34834
6.3006	0.34979
6.3083	0.35130
6.3159	0.35288
6.3236	0.35429
6.3314	0.35556
6.3391	0.35670
6.3469	0.35740
6.3546	0.35724
6.3624	0.35722
6.3703	0.35708
6.3781	0.35654
6.3859	0.35606
6.3938	0.35581
6.4017	0.35579
6.4096	0.35645
6.4176	0.35664
6.4255	0.35616
6.4335	0.35596
6.4415	0.35572
6.4495	0.35549
6.4575	0.35514
6.4656	0.35468
6.4736	0.35428
6.4817	0.35383
6.4898	0.35349
6.498	0.35264
6.5061	0.35147
6.5143	0.35090
6.5225	0.35055
6.5307	0.35004
6.5389	0.34983
6.5472	0.34983
6.5555	0.34988
6.5638	0.34993
6.5721	0.35012
6.5804	0.34983
6.5888	0.34947
6.5972	0.34897
6.6056	0.34817
6.614	0.34729
6.6225	0.34619
6.6309	0.34514
6.6394	0.34347
6.6479	0.34105
6.6565	0.33890
6.665	0.33691
6.6736	0.33479
6.6822	0.33243
6.6908	0.32970
6.6995	0.32718
6.7081	0.32459
6.7168	0.32162
6.7255	0.31839
6.7343	0.31512
6.743	0.31188
6.7518	0.30872
6.7606	0.30564
6.7694	0.30291
6.7783	0.30052
6.7871	0.29860
6.796	0.29676
6.805	0.29537
6.8139	0.29477
6.8229	0.29473
6.8319	0.29465
6.8409	0.29464
6.8499	0.29496
6.859	0.29535
6.868	0.29508
6.8772	0.29411
6.8863	0.29302
6.8955	0.29163
6.9046	0.28988
6.9138	0.28772
6.9231	0.28541
6.9323	0.28299
6.9416	0.28041
6.9509	0.27803
6.9602	0.27541
6.9696	0.27230
6.979	0.26920
6.9884	0.26600
6.9978	0.26256
7.0073	0.25916
7.0168	0.25598
7.0263	0.25324
7.0358	0.25113
7.0454	0.24980
7.0549	0.24869
7.0645	0.24812
7.0742	0.24794
7.0839	0.24795
7.0935	0.24787
7.1033	0.24770
7.113	0.24715
7.1228	0.24626
7.1326	0.24498
7.1424	0.24362
7.1522	0.24197
7.1621	0.24030
7.172	0.23858
7.182	0.23697
7.1919	0.23553
7.2019	0.23450
7.2119	0.23364
7.222	0.23301
7.232	0.23258
7.2421	0.23234
7.2523	0.23210
7.2624	0.23185
7.2726	0.23136
7.2828	0.23058
7.2931	0.22936
7.3034	0.22779
7.3136	0.22575
7.324	0.22348
7.3343	0.22108
7.3447	0.21864
7.3551	0.21615
7.3656	0.21391
7.3761	0.21178
7.3866	0.20976
7.3971	0.20772
7.4077	0.20576
7.4183	0.20373
7.4289	0.20174
7.4396	0.19964
7.4502	0.19763
7.461	0.19554
7.4717	0.19361
7.4825	0.19168
7.4933	0.18986
7.5041	0.18813
7.515	0.18656
7.5259	0.18502
7.5369	0.18380
7.5479	0.18273
7.5589	0.18207
7.5699	0.18174
7.581	0.18177
7.592	0.18186
7.6032	0.18210
7.6144	0.18231
7.6255	0.18259
7.6368	0.18272
7.648	0.18280
7.6593	0.18269
7.6707	0.18248
7.682	0.18205
7.6934	0.18155
7.7049	0.18084
7.7163	0.18002
7.7278	0.17901
7.7394	0.17801
7.7509	0.17688
7.7625	0.17571
7.7742	0.17454
7.7858	0.17361
7.7975	0.17279
7.8093	0.17228
7.8211	0.17187
7.8329	0.17158
7.8447	0.17124
7.8566	0.17086
7.8685	0.17030
7.8805	0.16973
7.8925	0.16889
7.9045	0.16798
7.9166	0.16691
7.9287	0.16578
7.9408	0.16449
7.953	0.16310
7.9652	0.16145
7.9775	0.15967
7.9898	0.15755
8.0021	0.15531
8.0145	0.15295
8.0269	0.15063
8.0393	0.14826
8.0518	0.14596
8.0643	0.14366
8.0769	0.14147
8.0895	0.13911
8.1021	0.13669
8.1148	0.13405
8.1275	0.13135
8.1403	0.12843
8.1531	0.12555
8.1659	0.12273
8.1788	0.12020
8.1917	0.11788
8.2047	0.11587
8.2177	0.11401
8.2307	0.11244
8.2438	0.11088
8.257	0.10949
8.2701	0.10801
8.2833	0.10657
8.2966	0.10498
8.3099	0.10340
8.3232	0.10162
8.3366	0.09983
8.35	0.09785
8.3635	0.09583
8.377	0.09368
8.3905	0.09161
8.4042	0.08950
8.4178	0.08760
8.4315	0.08571
8.4452	0.08406
8.459	0.08250
8.4728	0.08111
8.4867	0.07963
8.5006	0.07831
8.5145	0.07688
8.5285	0.07545
8.5426	0.07384
8.5567	0.07226
8.5708	0.07060
8.585	0.06905
8.5993	0.06743
8.6135	0.06595
8.6279	0.06442
8.6423	0.06295
8.6567	0.06137
8.6712	0.05990
8.6857	0.05837
8.7003	0.05693
8.7149	0.05535
8.7295	0.05393
8.7443	0.05249
8.759	0.05125
8.7739	0.04999
8.7887	0.04889
8.8037	0.04779
8.8186	0.04686
8.8337	0.04602
8.8487	0.04548
8.8638	0.04501
8.879	0.04486
8.8943	0.04489
8.9095	0.04540
8.9249	0.04621
8.9403	0.04747
8.9557	0.04901
8.9712	0.05107
8.9868	0.05349
9.0023	0.05642
9.018	0.05973
9.0337	0.06368
9.0495	0.06808
9.0653	0.07308
9.0812	0.07860
9.0971	0.08478
9.1131	0.09144
9.1291	0.09880
9.1452	0.10665
9.1614	0.11524
9.1776	0.12460
9.1939	0.13470
9.2102	0.14522
9.2266	0.15608
9.243	0.16710
9.2595	0.17816
9.2761	0.18892
9.2927	0.19915
9.3094	0.20841
9.3262	0.21593
9.343	0.22095
9.3598	0.22331
9.3768	0.22347
9.3937	0.22221
9.4108	0.22015
9.4279	0.21779
9.4451	0.21533
9.4623	0.21272
9.4796	0.20990
9.497	0.20691
9.5144	0.20357
9.5319	0.19992
9.5494	0.19587
9.567	0.19149
9.5847	0.18688
9.6025	0.18215
9.6203	0.17742
9.6382	0.17269
9.6561	0.16794
9.6742	0.16335
9.6922	0.15890
9.7104	0.15458
9.7286	0.15046
9.7469	0.14674
9.7652	0.14326
9.7837	0.14018
9.8022	0.13736
9.8207	0.13494
9.8394	0.13292
9.8581	0.13139
9.8768	0.13018
9.8957	0.12940
9.9146	0.12889
9.9336	0.12875
9.9527	0.12904
9.9718	0.12989
9.991	0.13119
10.0103	0.13325
10.0297	0.13616
10.0491	0.14008
10.0686	0.14536
10.0882	0.15252
10.1079	0.16098
10.1276	0.16853
10.1475	0.17203
10.1673	0.17053
10.1873	0.16547
10.2074	0.15931
10.2275	0.15437
10.2477	0.15177
10.268	0.15155
10.2884	0.15377
10.3088	0.15816
10.3294	0.16458
10.35	0.17211
10.3707	0.17938
10.3915	0.18476
10.4123	0.18959
10.4333	0.19973
10.4543	0.21519
10.4754	0.22930
10.4967	0.23935
10.5179	0.24549
10.5393	0.24855
10.5608	0.24933
10.5823	0.24849
10.604	0.24678
10.6257	0.24446
10.6475	0.24173
10.6694	0.23897
10.6914	0.23611
10.7135	0.23330
10.7357	0.23052
10.758	0.22756
10.7803	0.22449
10.8028	0.22132
10.8254	0.21798
10.848	0.21460
10.8708	0.21108
10.8936	0.20767
10.9165	0.20435
10.9395	0.20108
10.9627	0.19792
10.9859	0.19480
11.0092	0.19167
11.0327	0.18878
11.0562	0.18594
11.0798	0.18318
11.1035	0.18057
11.1273	0.17805
11.1513	0.17580
11.1753	0.17369
11.1995	0.17162
11.2237	0.16977
11.248	0.16792
11.2725	0.16604
11.297	0.16408
11.3217	0.16211
11.3465	0.16008
11.3714	0.15773
11.3964	0.15478
11.4215	0.15087
11.4467	0.14539
11.472	0.13833
11.4975	0.13031
11.523	0.12240
11.5487	0.11541
11.5745	0.10962
11.6003	0.10477
11.6263	0.10081
11.6525	0.09728
11.6787	0.09417
11.7051	0.09120
11.7316	0.08820
11.7582	0.08491
11.7849	0.08146
11.8117	0.07847
11.8387	0.07737
11.8658	0.07846
11.893	0.08091
11.9203	0.08333
11.9478	0.08513
11.9754	0.08630
12.0031	0.08705
12.031	0.08776
12.059	0.08867
12.0871	0.08969
12.1153	0.09109
12.1437	0.09247
12.1722	0.09386
12.2008	0.09531
12.2296	0.09664
12.2585	0.09773
12.2876	0.09872
12.3168	0.09966
12.3461	0.10077
12.3755	0.10188
12.4052	0.10321
12.4349	0.10459
12.4648	0.10576
12.4948	0.10686
12.525	0.10793
12.5553	0.10888
12.5858	0.10990
12.6164	0.11076
12.6472	0.11138
12.6781	0.11171
12.7092	0.11217
12.7404	0.11261
12.7718	0.11292
12.8033	0.11305
12.835	0.11301
12.8669	0.11304
12.8989	0.11314
12.931	0.11285
12.9634	0.11238
12.9959	0.11175
13.0285	0.11114
13.0613	0.11043
13.0943	0.10961
13.1275	0.10856
13.1608	0.10750
13.1943	0.10647
13.228	0.10549
13.2618	0.10447
13.2958	0.10362
13.33	0.10279
13.3643	0.10179
13.3989	0.10084
13.4336	0.09992
13.4685	0.09887
13.5035	0.09775
13.5388	0.09661
13.5742	0.09550
13.6099	0.09424
13.6457	0.09276
13.6817	0.09111
13.7179	0.08962
13.7543	0.08801
13.7908	0.08645
13.8276	0.08487
13.8646	0.08316
13.9018	0.08143
13.9391	0.07969
13.9767	0.07793
14.0145	0.07625
14.0525	0.07450
14.0907	0.07271
14.129	0.07101
14.1677	0.06931
14.2065	0.06740
14.2455	0.06553
14.2847	0.06353
14.3242	0.06166
14.3639	0.05980
14.4038	0.05783
14.4439	0.05587
14.4843	0.05416
14.5248	0.05254
14.5656	0.05097
14.6067	0.04944
14.6479	0.04808
14.6894	0.04658
14.7311	0.04512
14.7731	0.04382
14.8153	0.04265
14.8578	0.04143
14.9005	0.04045
14.9434	0.03970
14.9866	0.03938
15.03	0.03955
15.0737	0.04007
15.1177	0.04094
15.1619	0.04247
15.2063	0.04482
15.2511	0.04809
15.2961	0.05220
15.3413	0.05731
15.3868	0.06310
15.4326	0.06947
15.4787	0.07608
15.5251	0.08225
15.5717	0.08747
15.6186	0.09234
15.6658	0.09623
15.7132	0.09885
15.761	0.10039
15.809	0.10090
15.8574	0.10021
15.906	0.09878
15.955	0.09667
16.0042	0.09375
16.0538	0.09062
16.1036	0.08726
16.1538	0.08359
16.2043	0.07996
16.2551	0.07625
16.3062	0.07255
16.3576	0.06891
16.4094	0.06549
16.4615	0.06222
16.5139	0.05959
16.5667	0.05734
16.6198	0.05526
16.6732	0.05330
16.727	0.05161
16.7811	0.05031
16.8356	0.04973
16.8904	0.04972
16.9457	0.05050
17.0012	0.05224
17.0571	0.05469
17.1134	0.05777
17.1701	0.06184
17.2272	0.06670
17.2846	0.07236
17.3424	0.07879
17.4006	0.08590
17.4592	0.09374
17.5182	0.10197
17.5775	0.10978
17.6373	0.11686
17.6975	0.12221
17.7581	0.12584
17.8192	0.12801
17.8806	0.12913
17.9425	0.12995
18.0048	0.13085
18.0675	0.13290
18.1307	0.13618
18.1943	0.13976
18.2583	0.14242
18.3229	0.14266
18.3879	0.14115
18.4533	0.14023
18.5192	0.14065
18.5856	0.14332
18.6524	0.14903
18.7198	0.15672
18.7876	0.16511
18.8559	0.17194
18.9248	0.17568
18.9941	0.17532
19.0639	0.17257
19.1343	0.16906
19.2051	0.16458
19.2765	0.15982
19.3484	0.15520
19.4209	0.15041
19.4939	0.14573
19.5675	0.14171
19.6416	0.13918
19.7163	0.13833
19.7915	0.13793
19.8674	0.13611
19.9438	0.13120
20.0208	0.12343
20.0984	0.11473
20.1766	0.10561
20.2554	0.09648
20.3348	0.08803
20.4149	0.07976
20.4956	0.07250
20.5769	0.06653
20.6589	0.06255
20.7415	0.06188
20.8248	0.06510
20.9088	0.07081
20.9934	0.07644
21.0788	0.08158
21.1648	0.08527
21.2516	0.08687
21.3391	0.08670
21.4272	0.08455
21.5161	0.08126
21.6058	0.07844
21.6962	0.07806
21.7873	0.08186
21.8793	0.08981
21.972	0.09923
22.0655	0.11122
22.1598	0.12427
22.2549	0.13734
22.3508	0.14850
22.4475	0.15541
22.5451	0.15861
22.6436	0.15905
22.7429	0.15910
22.8431	0.16266
22.9442	0.16945
23.0462	0.17748
23.149	0.18691
23.2528	0.19562
23.3576	0.20197
23.4633	0.20657
23.5699	0.20983
23.6776	0.21267
23.7862	0.21903
23.8958	0.22212
24.0064	0.21492
24.1181	0.20920
24.2308	0.20274
24.3445	0.19353
24.4594	0.18257
24.5753	0.17244
24.6923	0.16521
24.8104	0.16153
24.9297	0.16209
25.0502	0.16636
25.1717	0.16625
25.2945	0.16022
25.4185	0.15174
25.5437	0.14153
25.6702	0.13211
25.7979	0.12360
25.9269	0.11765
26.0572	0.11411
26.1888	0.11405
26.3218	0.11618
26.456	0.11875
26.5917	0.12274
26.7288	0.12123
26.8673	0.11729
27.0072	0.12027
27.1486	0.12506
27.2915	0.12980
27.4359	0.13425
27.5818	0.13811
27.7293	0.14125
27.8784	0.14504
28.0291	0.14805
28.1814	0.15266
28.3354	0.15627
28.4911	0.15546
28.6485	0.14578
28.8077	0.13617
28.9686	0.13296
29.1314	0.13139
29.296	0.12951
29.4624	0.12696
29.6308	0.12518
29.8011	0.12587
29.9733	0.12160
30.1475	0.11714
30.3238	0.11909
30.5022	0.12537
30.6827	0.11981
30.8653	0.11628
31.0502	0.10556
31.2372	0.09623
31.4266	0.09174
31.6182	0.09065
31.8122	0.08986
32.0086	0.08847
32.2074	0.08955
32.4087	0.09343
32.6125	0.10092
32.8189	0.11748
33.0279	0.14847
33.2396	0.14439
33.4541	0.14173
33.6713	0.14630
33.8914	0.15154
34.1143	0.15751
34.3403	0.16855
34.5692	0.17756
34.8012	0.17059
35.0363	0.16786
35.2747	0.17780
35.5163	0.19094
35.7612	0.19981
36.0096	0.19234
36.2614	0.16460
36.5167	0.15677
36.7757	0.15674
37.0384	0.15838
37.3049	0.16258
37.5752	0.16858
37.8495	0.16649
38.1278	0.16619
38.4102	0.16807
38.6968	0.17025
38.9878	0.17759
39.2832	0.20475
39.583	0.20123
39.8875	0.18772
40.1967	0.20598
40.5108	0.22140
40.8298	0.21111
41.1538	0.20014
41.483	0.19928
41.8176	0.20271
42.1575	0.20825
42.5031	0.21490
42.8544	0.22058
43.2115	0.22829
43.5746	0.24254
43.9439	0.27339
44.3195	0.26914
44.7015	0.26616
45.0902	0.27195
45.4858	0.27231
45.8883	0.27671
46.298	0.28331
46.7151	0.28921
47.1398	0.29747
47.5723	0.29985
48.0128	0.30190
48.4615	0.32001
48.9187	0.30314
49.3846	0.27750
49.8594	0.30976
