Brown University Keck/NASA Relab Spectrum JB-JLB-958/BKR1JB958
Wavelength(micron)	Reflectance
0.28	0.60976
0.285	0.55741
0.29	0.53871
0.295	0.53371
0.3	0.53776
0.305	0.54338
0.31	0.55458
0.315	0.56676
0.32	0.58066
0.325	0.59544
0.33	0.61152
0.335	0.62920
0.34	0.64692
0.345	0.66709
0.35	0.68384
0.355	0.69770
0.36	0.71118
0.365	0.72305
0.37	0.73199
0.375	0.74067
0.38	0.74743
0.385	0.75407
0.39	0.76491
0.395	0.76857
0.4	0.77392
0.405	0.78129
0.41	0.78661
0.415	0.79081
0.42	0.79397
0.425	0.79833
0.43	0.79861
0.435	0.80441
0.44	0.80675
0.445	0.80744
0.45	0.81123
0.455	0.81269
0.46	0.81689
0.465	0.81886
0.47	0.82235
0.475	0.82498
0.48	0.82866
0.485	0.83076
0.49	0.83060
0.495	0.83272
0.5	0.83920
0.505	0.84344
0.51	0.84787
0.515	0.85083
0.52	0.85092
0.525	0.85395
0.53	0.85766
0.535	0.86064
0.54	0.86263
0.545	0.86480
0.55	0.86697
0.555	0.86846
0.56	0.87024
0.565	0.87162
0.57	0.87260
0.575	0.87304
0.58	0.87358
0.585	0.87371
0.59	0.87346
0.595	0.87307
0.6	0.87238
0.605	0.87162
0.61	0.87026
0.615	0.86894
0.62	0.86786
0.625	0.86705
0.63	0.86702
0.635	0.86668
0.64	0.86679
0.645	0.86586
0.65	0.86658
0.655	0.86721
0.66	0.86885
0.665	0.86908
0.67	0.86720
0.675	0.86700
0.68	0.86551
0.685	0.86381
0.69	0.86211
0.695	0.86117
0.7	0.86081
0.705	0.86078
0.71	0.85709
0.715	0.85689
0.72	0.85567
0.725	0.85333
0.73	0.85111
0.735	0.84909
0.74	0.84665
0.745	0.84415
0.75	0.84137
0.755	0.83918
0.76	0.83431
0.765	0.83031
0.77	0.82636
0.775	0.82368
0.78	0.81801
0.785	0.81572
0.79	0.81290
0.795	0.80939
0.8	0.80598
0.805	0.80403
0.81	0.79960
0.815	0.79554
0.82	0.79462
0.825	0.79108
0.83	0.78888
0.835	0.78596
0.84	0.78404
0.845	0.78107
0.85	0.77899
0.855	0.77445
0.86	0.77469
0.865	0.77041
0.87	0.76902
0.875	0.76504
0.88	0.76572
0.885	0.76186
0.89	0.76147
0.895	0.75643
0.9	0.75580
0.905	0.75222
0.91	0.74941
0.915	0.74732
0.92	0.74394
0.925	0.74228
0.93	0.73763
0.935	0.73332
0.94	0.73126
0.945	0.72534
0.95	0.72256
0.955	0.71809
0.96	0.71519
0.965	0.71102
0.97	0.70804
0.975	0.70498
0.98	0.70222
0.985	0.69832
0.99	0.69550
0.995	0.69149
1	0.68990
1.005	0.68616
1.01	0.68444
1.015	0.68192
1.02	0.67978
1.025	0.67865
1.03	0.67753
1.035	0.67696
1.04	0.67606
1.045	0.67517
1.05	0.67486
1.055	0.67485
1.06	0.67610
1.065	0.67616
1.07	0.67813
1.075	0.67885
1.08	0.68017
1.085	0.68055
1.09	0.68288
1.095	0.68444
1.1	0.68688
1.105	0.68919
1.11	0.69117
1.115	0.69234
1.12	0.69397
1.125	0.69797
1.13	0.69880
1.135	0.70048
1.14	0.70128
1.145	0.70300
1.15	0.70487
1.155	0.70563
1.16	0.70742
1.165	0.70775
1.17	0.71001
1.175	0.71120
1.18	0.71270
1.185	0.71339
1.19	0.71480
1.195	0.71610
1.2	0.71684
1.205	0.71791
1.21	0.71839
1.215	0.71896
1.22	0.72256
1.225	0.72375
1.23	0.72503
1.235	0.72510
1.24	0.72803
1.245	0.73014
1.25	0.73008
1.255	0.73199
1.26	0.73426
1.265	0.73500
1.27	0.73823
1.275	0.73783
1.28	0.74259
1.285	0.74317
1.29	0.74554
1.295	0.74695
1.3	0.75117
1.305	0.75285
1.31	0.75535
1.315	0.75743
1.32	0.76027
1.325	0.76247
1.33	0.76611
1.335	0.76873
1.34	0.77212
1.345	0.77397
1.35	0.77742
1.355	0.78140
1.36	0.78110
1.365	0.78498
1.37	0.78837
1.375	0.78871
1.38	0.79101
1.385	0.79570
1.39	0.80001
1.395	0.80289
1.4	0.80506
1.405	0.80683
1.41	0.81227
1.415	0.81317
1.42	0.81535
1.425	0.81784
1.43	0.82076
1.435	0.82338
1.44	0.82689
1.445	0.82973
1.45	0.83103
1.455	0.83472
1.46	0.83730
1.465	0.83984
1.47	0.84241
1.475	0.84451
1.48	0.84797
1.485	0.84982
1.49	0.85271
1.495	0.85545
1.5	0.85928
1.505	0.86046
1.51	0.86214
1.515	0.86556
1.52	0.86664
1.525	0.86856
1.53	0.87120
1.535	0.87323
1.54	0.87553
1.545	0.87679
1.55	0.87848
1.555	0.88096
1.56	0.88175
1.565	0.88368
1.57	0.88511
1.575	0.88700
1.58	0.88892
1.585	0.89026
1.59	0.89008
1.595	0.89159
1.6	0.89326
1.605	0.89414
1.61	0.89481
1.615	0.89655
1.62	0.89683
1.625	0.89737
1.63	0.89644
1.635	0.89733
1.64	0.89862
1.645	0.90027
1.65	0.90110
1.655	0.90143
1.66	0.90122
1.665	0.90089
1.67	0.90155
1.675	0.90117
1.68	0.90115
1.685	0.90050
1.69	0.89976
1.695	0.90040
1.7	0.90122
1.705	0.90185
1.71	0.90281
1.715	0.90315
1.72	0.90335
1.725	0.90458
1.73	0.90389
1.735	0.90435
1.74	0.90629
1.745	0.90684
1.75	0.90808
1.755	0.90788
1.76	0.90942
1.7607	0.90934
1.7613	0.90930
1.7619	0.90935
1.7625	0.90934
1.7631	0.90918
1.7637	0.90903
1.7643	0.90898
1.7649	0.90900
1.7655	0.90899
1.7661	0.90901
1.7667	0.90900
1.7673	0.90908
1.7679	0.90909
1.7685	0.90898
1.7691	0.90888
1.7697	0.90887
1.7703	0.90885
1.7709	0.90882
1.7715	0.90877
1.7721	0.90874
1.7727	0.90865
1.7733	0.90865
1.7739	0.90865
1.7746	0.90853
1.7752	0.90835
1.7758	0.90814
1.7764	0.90809
1.777	0.90814
1.7776	0.90807
1.7782	0.90803
1.7788	0.90811
1.7794	0.90811
1.78	0.90805
1.7807	0.90786
1.7813	0.90775
1.7819	0.90777
1.7825	0.90774
1.7831	0.90771
1.7837	0.90765
1.7843	0.90753
1.7849	0.90736
1.7856	0.90733
1.7862	0.90728
1.7868	0.90715
1.7874	0.90702
1.788	0.90704
1.7886	0.90706
1.7893	0.90690
1.7899	0.90661
1.7905	0.90651
1.7911	0.90639
1.7917	0.90630
1.7923	0.90630
1.793	0.90626
1.7936	0.90611
1.7942	0.90595
1.7948	0.90587
1.7954	0.90575
1.7961	0.90556
1.7967	0.90540
1.7973	0.90528
1.7979	0.90516
1.7986	0.90504
1.7992	0.90492
1.7998	0.90477
1.8004	0.90462
1.8011	0.90444
1.8017	0.90422
1.8023	0.90410
1.8029	0.90404
1.8036	0.90389
1.8042	0.90372
1.8048	0.90348
1.8054	0.90335
1.8061	0.90318
1.8067	0.90300
1.8073	0.90282
1.808	0.90268
1.8086	0.90253
1.8092	0.90235
1.8099	0.90209
1.8105	0.90190
1.8111	0.90175
1.8118	0.90162
1.8124	0.90144
1.813	0.90122
1.8137	0.90105
1.8143	0.90090
1.8149	0.90070
1.8156	0.90061
1.8162	0.90044
1.8168	0.90018
1.8175	0.89989
1.8181	0.89972
1.8188	0.89964
1.8194	0.89957
1.82	0.89957
1.8207	0.89951
1.8213	0.89922
1.8219	0.89899
1.8226	0.89878
1.8232	0.89861
1.8239	0.89844
1.8245	0.89830
1.8252	0.89812
1.8258	0.89811
1.8264	0.89802
1.8271	0.89761
1.8277	0.89747
1.8284	0.89743
1.829	0.89721
1.8297	0.89698
1.8303	0.89688
1.8309	0.89678
1.8316	0.89659
1.8323	0.89636
1.8329	0.89619
1.8335	0.89607
1.8342	0.89590
1.8348	0.89575
1.8355	0.89557
1.8361	0.89536
1.8368	0.89504
1.8374	0.89479
1.8381	0.89454
1.8388	0.89418
1.8394	0.89409
1.8401	0.89394
1.8407	0.89351
1.8414	0.89342
1.842	0.89325
1.8427	0.89267
1.8433	0.89233
1.844	0.89224
1.8446	0.89203
1.8453	0.89177
1.8459	0.89168
1.8466	0.89182
1.8473	0.89170
1.8479	0.89144
1.8486	0.89136
1.8492	0.89121
1.8499	0.89119
1.8506	0.89121
1.8512	0.89133
1.8519	0.89150
1.8525	0.89165
1.8532	0.89194
1.8539	0.89234
1.8545	0.89255
1.8552	0.89292
1.8559	0.89340
1.8565	0.89404
1.8572	0.89457
1.8578	0.89513
1.8585	0.89589
1.8592	0.89680
1.8598	0.89777
1.8605	0.89839
1.8612	0.89913
1.8619	0.89993
1.8625	0.90069
1.8632	0.90124
1.8639	0.90191
1.8645	0.90256
1.8652	0.90298
1.8659	0.90333
1.8666	0.90371
1.8672	0.90427
1.8679	0.90479
1.8686	0.90492
1.8692	0.90516
1.8699	0.90536
1.8706	0.90562
1.8713	0.90576
1.8719	0.90559
1.8726	0.90598
1.8733	0.90619
1.874	0.90598
1.8747	0.90603
1.8753	0.90612
1.876	0.90608
1.8767	0.90621
1.8774	0.90616
1.878	0.90602
1.8787	0.90607
1.8794	0.90603
1.8801	0.90603
1.8808	0.90603
1.8814	0.90600
1.8821	0.90596
1.8828	0.90593
1.8835	0.90584
1.8842	0.90581
1.8849	0.90561
1.8856	0.90548
1.8862	0.90540
1.8869	0.90537
1.8876	0.90532
1.8883	0.90526
1.889	0.90515
1.8897	0.90528
1.8904	0.90522
1.8911	0.90496
1.8918	0.90497
1.8924	0.90492
1.8931	0.90479
1.8938	0.90471
1.8945	0.90448
1.8952	0.90434
1.8959	0.90417
1.8966	0.90412
1.8973	0.90413
1.898	0.90399
1.8987	0.90386
1.8994	0.90389
1.9001	0.90363
1.9008	0.90323
1.9015	0.90309
1.9022	0.90313
1.9029	0.90312
1.9036	0.90288
1.9043	0.90265
1.9049	0.90262
1.9057	0.90235
1.9063	0.90209
1.9071	0.90200
1.9078	0.90173
1.9085	0.90148
1.9092	0.90118
1.9099	0.90097
1.9106	0.90093
1.9113	0.90074
1.912	0.90043
1.9127	0.90025
1.9134	0.90013
1.9141	0.89978
1.9148	0.89948
1.9155	0.89931
1.9162	0.89916
1.9169	0.89886
1.9176	0.89855
1.9183	0.89829
1.9191	0.89813
1.9198	0.89799
1.9205	0.89774
1.9212	0.89733
1.9219	0.89704
1.9226	0.89688
1.9233	0.89674
1.924	0.89650
1.9248	0.89614
1.9255	0.89581
1.9262	0.89552
1.9269	0.89531
1.9276	0.89510
1.9283	0.89491
1.9291	0.89467
1.9298	0.89445
1.9305	0.89421
1.9312	0.89389
1.9319	0.89367
1.9327	0.89345
1.9334	0.89328
1.9341	0.89314
1.9348	0.89286
1.9355	0.89261
1.9363	0.89251
1.937	0.89225
1.9377	0.89202
1.9384	0.89183
1.9392	0.89167
1.9399	0.89152
1.9406	0.89141
1.9413	0.89131
1.9421	0.89110
1.9428	0.89088
1.9435	0.89071
1.9442	0.89059
1.945	0.89046
1.9457	0.89028
1.9464	0.89009
1.9472	0.88991
1.9479	0.88986
1.9486	0.88984
1.9494	0.88965
1.9501	0.88942
1.9508	0.88935
1.9516	0.88922
1.9523	0.88901
1.953	0.88889
1.9538	0.88875
1.9545	0.88859
1.9552	0.88841
1.956	0.88822
1.9567	0.88813
1.9574	0.88787
1.9582	0.88756
1.9589	0.88744
1.9597	0.88737
1.9604	0.88720
1.9612	0.88695
1.9619	0.88673
1.9626	0.88648
1.9634	0.88625
1.9641	0.88598
1.9649	0.88570
1.9656	0.88547
1.9664	0.88526
1.9671	0.88502
1.9678	0.88489
1.9686	0.88482
1.9693	0.88463
1.9701	0.88446
1.9708	0.88441
1.9716	0.88442
1.9723	0.88438
1.9731	0.88442
1.9738	0.88449
1.9746	0.88463
1.9753	0.88471
1.9761	0.88478
1.9769	0.88490
1.9776	0.88511
1.9784	0.88540
1.9791	0.88569
1.9799	0.88603
1.9806	0.88639
1.9814	0.88673
1.9822	0.88720
1.9829	0.88786
1.9837	0.88851
1.9844	0.88906
1.9852	0.88974
1.9859	0.89050
1.9867	0.89125
1.9875	0.89191
1.9882	0.89261
1.989	0.89332
1.9898	0.89398
1.9905	0.89456
1.9913	0.89517
1.9921	0.89569
1.9928	0.89619
1.9936	0.89663
1.9943	0.89708
1.9951	0.89749
1.9959	0.89789
1.9967	0.89829
1.9974	0.89856
1.9982	0.89873
1.999	0.89897
1.9997	0.89924
2.0005	0.89938
2.0013	0.89948
2.0021	0.89968
2.0028	0.89988
2.0036	0.90014
2.0044	0.90028
2.0052	0.90038
2.0059	0.90048
2.0067	0.90066
2.0075	0.90079
2.0083	0.90085
2.009	0.90096
2.0098	0.90112
2.0106	0.90113
2.0114	0.90114
2.0122	0.90124
2.0129	0.90136
2.0137	0.90139
2.0145	0.90138
2.0153	0.90140
2.0161	0.90153
2.0168	0.90158
2.0176	0.90158
2.0184	0.90170
2.0192	0.90176
2.02	0.90174
2.0208	0.90183
2.0216	0.90183
2.0223	0.90184
2.0231	0.90190
2.0239	0.90194
2.0247	0.90193
2.0255	0.90189
2.0263	0.90187
2.0271	0.90190
2.0279	0.90192
2.0287	0.90192
2.0295	0.90190
2.0303	0.90190
2.0311	0.90188
2.0319	0.90190
2.0327	0.90188
2.0335	0.90193
2.0343	0.90192
2.0351	0.90181
2.0358	0.90177
2.0367	0.90178
2.0374	0.90178
2.0383	0.90175
2.0391	0.90172
2.0399	0.90171
2.0407	0.90163
2.0415	0.90152
2.0423	0.90140
2.0431	0.90140
2.0439	0.90147
2.0447	0.90146
2.0455	0.90133
2.0463	0.90118
2.0471	0.90112
2.0479	0.90110
2.0487	0.90101
2.0495	0.90095
2.0503	0.90085
2.0511	0.90075
2.052	0.90064
2.0528	0.90053
2.0536	0.90044
2.0544	0.90036
2.0552	0.90022
2.056	0.90009
2.0569	0.90001
2.0577	0.89987
2.0585	0.89971
2.0593	0.89958
2.0601	0.89947
2.0609	0.89934
2.0618	0.89918
2.0626	0.89899
2.0634	0.89879
2.0642	0.89861
2.065	0.89851
2.0659	0.89846
2.0667	0.89835
2.0675	0.89809
2.0683	0.89772
2.0692	0.89745
2.07	0.89730
2.0708	0.89720
2.0716	0.89701
2.0725	0.89684
2.0733	0.89666
2.0741	0.89636
2.075	0.89613
2.0758	0.89597
2.0766	0.89572
2.0774	0.89548
2.0783	0.89527
2.0791	0.89503
2.0799	0.89484
2.0808	0.89467
2.0816	0.89440
2.0825	0.89421
2.0833	0.89400
2.0841	0.89381
2.085	0.89367
2.0858	0.89345
2.0866	0.89324
2.0875	0.89309
2.0883	0.89286
2.0892	0.89264
2.09	0.89247
2.0909	0.89236
2.0917	0.89216
2.0926	0.89189
2.0934	0.89165
2.0942	0.89145
2.0951	0.89120
2.0959	0.89100
2.0968	0.89078
2.0976	0.89061
2.0985	0.89039
2.0993	0.89015
2.1002	0.88989
2.101	0.88967
2.1019	0.88950
2.1027	0.88929
2.1036	0.88900
2.1044	0.88873
2.1053	0.88845
2.1061	0.88815
2.107	0.88791
2.1079	0.88761
2.1087	0.88726
2.1096	0.88698
2.1104	0.88664
2.1113	0.88630
2.1121	0.88605
2.113	0.88577
2.1139	0.88546
2.1147	0.88514
2.1156	0.88478
2.1165	0.88445
2.1173	0.88421
2.1182	0.88393
2.1191	0.88361
2.1199	0.88331
2.1208	0.88296
2.1217	0.88263
2.1225	0.88237
2.1234	0.88204
2.1243	0.88171
2.1251	0.88149
2.126	0.88116
2.1269	0.88082
2.1278	0.88058
2.1286	0.88042
2.1295	0.88027
2.1304	0.88016
2.1313	0.88017
2.1321	0.88023
2.133	0.88028
2.1339	0.88036
2.1348	0.88057
2.1356	0.88093
2.1365	0.88133
2.1374	0.88176
2.1383	0.88218
2.1392	0.88261
2.1401	0.88305
2.1409	0.88354
2.1418	0.88402
2.1427	0.88448
2.1436	0.88494
2.1445	0.88539
2.1454	0.88574
2.1463	0.88608
2.1471	0.88639
2.148	0.88664
2.1489	0.88688
2.1498	0.88706
2.1507	0.88720
2.1516	0.88739
2.1525	0.88753
2.1534	0.88776
2.1543	0.88781
2.1552	0.88775
2.1561	0.88774
2.157	0.88771
2.1579	0.88763
2.1588	0.88764
2.1597	0.88761
2.1606	0.88759
2.1615	0.88760
2.1624	0.88747
2.1633	0.88730
2.1642	0.88717
2.1651	0.88710
2.166	0.88703
2.1669	0.88678
2.1678	0.88646
2.1687	0.88611
2.1696	0.88583
2.1705	0.88548
2.1714	0.88509
2.1723	0.88468
2.1732	0.88424
2.1741	0.88373
2.1751	0.88322
2.176	0.88269
2.1769	0.88226
2.1778	0.88181
2.1787	0.88135
2.1796	0.88086
2.1806	0.88033
2.1815	0.87987
2.1824	0.87942
2.1833	0.87886
2.1842	0.87826
2.1851	0.87766
2.1861	0.87712
2.187	0.87649
2.1879	0.87590
2.1888	0.87525
2.1898	0.87455
2.1907	0.87391
2.1916	0.87334
2.1925	0.87265
2.1935	0.87194
2.1944	0.87118
2.1953	0.87034
2.1963	0.86946
2.1972	0.86861
2.1981	0.86779
2.1991	0.86698
2.2	0.86605
2.2009	0.86512
2.2019	0.86412
2.2028	0.86317
2.2037	0.86212
2.2047	0.86103
2.2056	0.85990
2.2065	0.85880
2.2075	0.85774
2.2084	0.85660
2.2094	0.85539
2.2103	0.85424
2.2112	0.85294
2.2122	0.85163
2.2131	0.85027
2.2141	0.84899
2.215	0.84777
2.216	0.84654
2.2169	0.84523
2.2179	0.84381
2.2188	0.84241
2.2198	0.84102
2.2207	0.83954
2.2217	0.83811
2.2226	0.83663
2.2236	0.83505
2.2245	0.83334
2.2255	0.83161
2.2264	0.82987
2.2274	0.82818
2.2284	0.82638
2.2293	0.82449
2.2303	0.82254
2.2312	0.82069
2.2322	0.81875
2.2331	0.81665
2.2341	0.81449
2.2351	0.81231
2.236	0.81002
2.237	0.80764
2.238	0.80520
2.2389	0.80280
2.2399	0.80033
2.2409	0.79788
2.2418	0.79543
2.2428	0.79299
2.2438	0.79063
2.2448	0.78837
2.2457	0.78614
2.2467	0.78413
2.2477	0.78208
2.2486	0.78002
2.2496	0.77810
2.2506	0.77635
2.2516	0.77462
2.2526	0.77302
2.2535	0.77144
2.2545	0.76993
2.2555	0.76846
2.2565	0.76709
2.2574	0.76585
2.2584	0.76473
2.2594	0.76356
2.2604	0.76246
2.2614	0.76142
2.2624	0.76034
2.2634	0.75933
2.2644	0.75857
2.2653	0.75780
2.2663	0.75699
2.2673	0.75618
2.2683	0.75560
2.2693	0.75504
2.2703	0.75445
2.2713	0.75387
2.2723	0.75335
2.2733	0.75285
2.2743	0.75235
2.2753	0.75186
2.2763	0.75143
2.2773	0.75097
2.2783	0.75056
2.2793	0.75007
2.2803	0.74949
2.2813	0.74883
2.2823	0.74826
2.2833	0.74765
2.2843	0.74700
2.2853	0.74636
2.2863	0.74560
2.2873	0.74477
2.2883	0.74408
2.2894	0.74335
2.2904	0.74265
2.2914	0.74185
2.2924	0.74110
2.2934	0.74034
2.2944	0.73954
2.2954	0.73870
2.2964	0.73798
2.2975	0.73736
2.2985	0.73689
2.2995	0.73650
2.3005	0.73631
2.3015	0.73631
2.3026	0.73653
2.3036	0.73693
2.3046	0.73756
2.3056	0.73834
2.3067	0.73943
2.3077	0.74062
2.3087	0.74194
2.3098	0.74354
2.3108	0.74543
2.3118	0.74747
2.3128	0.74967
2.3139	0.75214
2.3149	0.75474
2.3159	0.75759
2.317	0.76082
2.318	0.76408
2.3191	0.76751
2.3201	0.77117
2.3211	0.77500
2.3222	0.77905
2.3232	0.78338
2.3242	0.78778
2.3253	0.79217
2.3263	0.79664
2.3274	0.80145
2.3284	0.80647
2.3295	0.81163
2.3305	0.81688
2.3316	0.82233
2.3326	0.82777
2.3337	0.83315
2.3347	0.83840
2.3358	0.84353
2.3368	0.84834
2.3379	0.85286
2.3389	0.85696
2.34	0.86067
2.341	0.86378
2.3421	0.86629
2.3431	0.86829
2.3442	0.87001
2.3453	0.87135
2.3463	0.87227
2.3474	0.87300
2.3485	0.87365
2.3495	0.87406
2.3506	0.87438
2.3516	0.87456
2.3527	0.87459
2.3538	0.87450
2.3549	0.87419
2.3559	0.87380
2.357	0.87333
2.3581	0.87269
2.3591	0.87185
2.3602	0.87062
2.3613	0.86903
2.3624	0.86694
2.3634	0.86448
2.3645	0.86207
2.3656	0.86068
2.3667	0.86075
2.3678	0.86167
2.3688	0.86242
2.3699	0.86281
2.371	0.86281
2.3721	0.86260
2.3732	0.86206
2.3743	0.86126
2.3754	0.86037
2.3764	0.85943
2.3775	0.85834
2.3786	0.85717
2.3797	0.85581
2.3808	0.85454
2.3819	0.85322
2.383	0.85172
2.3841	0.85005
2.3852	0.84847
2.3863	0.84687
2.3874	0.84520
2.3885	0.84353
2.3896	0.84191
2.3907	0.84021
2.3918	0.83850
2.3929	0.83662
2.394	0.83480
2.3951	0.83299
2.3962	0.83103
2.3973	0.82910
2.3984	0.82722
2.3995	0.82533
2.4006	0.82342
2.4018	0.82125
2.4029	0.81904
2.404	0.81688
2.4051	0.81474
2.4062	0.81245
2.4073	0.81008
2.4085	0.80762
2.4096	0.80523
2.4107	0.80278
2.4118	0.80025
2.4129	0.79762
2.4141	0.79481
2.4152	0.79193
2.4163	0.78919
2.4174	0.78632
2.4186	0.78339
2.4197	0.78036
2.4208	0.77729
2.422	0.77404
2.4231	0.77067
2.4242	0.76726
2.4254	0.76387
2.4265	0.76035
2.4276	0.75670
2.4288	0.75301
2.4299	0.74930
2.431	0.74558
2.4322	0.74195
2.4333	0.73832
2.4345	0.73483
2.4356	0.73140
2.4368	0.72789
2.4379	0.72438
2.4391	0.72114
2.4402	0.71797
2.4413	0.71501
2.4425	0.71193
2.4436	0.70893
2.4448	0.70608
2.4459	0.70343
2.4471	0.70084
2.4483	0.69844
2.4494	0.69592
2.4506	0.69357
2.4517	0.69138
2.4529	0.68944
2.4541	0.68760
2.4552	0.68597
2.4564	0.68433
2.4575	0.68293
2.4587	0.68159
2.4599	0.68047
2.461	0.67939
2.4622	0.67838
2.4634	0.67740
2.4646	0.67652
2.4657	0.67548
2.4669	0.67455
2.4681	0.67355
2.4692	0.67259
2.4704	0.67153
2.4716	0.67058
2.4728	0.66940
2.474	0.66802
2.4751	0.66661
2.4763	0.66550
2.4775	0.66432
2.4787	0.66311
2.4799	0.66168
2.4811	0.66044
2.4823	0.65904
2.4834	0.65768
2.4846	0.65610
2.4858	0.65449
2.487	0.65302
2.4882	0.65149
2.4894	0.64969
2.4906	0.64792
2.4918	0.64604
2.493	0.64428
2.4942	0.64237
2.4954	0.64061
2.4966	0.63889
2.4978	0.63757
2.499	0.63672
2.5002	0.63612
2.5014	0.63563
2.5026	0.63573
2.5038	0.63612
2.505	0.63705
2.5062	0.63817
2.5074	0.63990
2.5087	0.64221
2.5099	0.64506
2.5111	0.64802
2.5123	0.65123
2.5135	0.65455
2.5148	0.65863
2.516	0.66297
2.5172	0.66784
2.5184	0.67311
2.5196	0.67895
2.5209	0.68511
2.5221	0.69187
2.5233	0.69898
2.5245	0.70686
2.5258	0.71502
2.527	0.72371
2.5282	0.73289
2.5295	0.74268
2.5307	0.75257
2.5319	0.76273
2.5332	0.77267
2.5344	0.78204
2.5356	0.79084
2.5369	0.79911
2.5381	0.80624
2.5394	0.81277
2.5406	0.81846
2.5419	0.82352
2.5431	0.82796
2.5444	0.83164
2.5456	0.83469
2.5469	0.83730
2.5481	0.83918
2.5494	0.84079
2.5506	0.84236
2.5519	0.84399
2.5531	0.84584
2.5544	0.84781
2.5556	0.85002
2.5569	0.85242
2.5582	0.85456
2.5594	0.85675
2.5607	0.85884
2.562	0.86041
2.5632	0.86181
2.5645	0.86307
2.5658	0.86351
2.567	0.86439
2.5683	0.86551
2.5696	0.86637
2.5709	0.86627
2.5721	0.86688
2.5734	0.86770
2.5747	0.86724
2.576	0.86766
2.5772	0.86815
2.5785	0.86780
2.5798	0.86834
2.5811	0.86880
2.5824	0.86853
2.5837	0.86890
2.5849	0.86810
2.5862	0.86811
2.5875	0.86831
2.5888	0.86783
2.5901	0.86779
2.5914	0.86765
2.5927	0.86818
2.594	0.86932
2.5953	0.86861
2.5966	0.86638
2.5979	0.86627
2.5992	0.86629
2.6005	0.86647
2.6018	0.86623
2.6031	0.86596
2.6044	0.86615
2.6057	0.86570
2.607	0.86445
2.6084	0.86430
2.6097	0.86392
2.611	0.86325
2.6123	0.86278
2.6136	0.86237
2.6149	0.86187
2.6163	0.86265
2.6176	0.86145
2.6189	0.86045
2.6202	0.86054
2.6215	0.85897
2.6229	0.85824
2.6242	0.85826
2.6255	0.85803
2.6269	0.85742
2.6282	0.85577
2.6295	0.85611
2.6309	0.85523
2.6322	0.85346
2.6335	0.85309
2.6349	0.85231
2.6362	0.85122
2.6375	0.85044
2.6389	0.84894
2.6402	0.84766
2.6416	0.84656
2.6429	0.84506
2.6443	0.84373
2.6456	0.84257
2.647	0.84049
2.6483	0.83900
2.6497	0.83722
2.651	0.83554
2.6524	0.83374
2.6537	0.83123
2.6551	0.82919
2.6565	0.82687
2.6578	0.82472
2.6592	0.82339
2.6606	0.82102
2.6619	0.81844
2.6633	0.81635
2.6646	0.81495
2.666	0.81215
2.6674	0.80905
2.6688	0.80649
2.6701	0.80548
2.6715	0.80109
2.6729	0.79812
2.6743	0.79627
2.6756	0.79465
2.677	0.79201
2.6784	0.78920
2.6798	0.78635
2.6812	0.78377
2.6826	0.78227
2.684	0.78029
2.6854	0.77820
2.6867	0.77631
2.6881	0.77388
2.6895	0.77205
2.6909	0.77030
2.6923	0.76890
2.6937	0.76753
2.6951	0.76539
2.6965	0.76274
2.6979	0.76041
2.6993	0.75809
2.7007	0.75581
2.7021	0.75309
2.7036	0.75045
2.705	0.74842
2.7064	0.74648
2.7078	0.74481
2.7092	0.74328
2.7106	0.74097
2.712	0.73776
2.7134	0.73529
2.7149	0.73331
2.7163	0.73111
2.7177	0.72902
2.7191	0.72719
2.7206	0.72474
2.722	0.71969
2.7234	0.71699
2.7249	0.71340
2.7263	0.70862
2.7277	0.70461
2.7292	0.70047
2.7306	0.69599
2.732	0.69156
2.7335	0.68719
2.7349	0.68264
2.7364	0.67749
2.7378	0.67374
2.7393	0.66995
2.7407	0.66492
2.7421	0.65972
2.7436	0.65538
2.7451	0.65113
2.7465	0.64687
2.748	0.64257
2.7494	0.63824
2.7509	0.63421
2.7523	0.63021
2.7538	0.62650
2.7553	0.62316
2.7567	0.61844
2.7582	0.61496
2.7597	0.61216
2.7611	0.61021
2.7626	0.60899
2.7641	0.60835
2.7656	0.60895
2.767	0.61061
2.7685	0.61325
2.77	0.61699
2.7715	0.62176
2.7729	0.62695
2.7744	0.63235
2.7759	0.63830
2.7774	0.64435
2.7789	0.65032
2.7804	0.65634
2.7819	0.66181
2.7834	0.66695
2.7849	0.67156
2.7864	0.67595
2.7879	0.67953
2.7894	0.68223
2.7909	0.68456
2.7924	0.68664
2.7939	0.68820
2.7954	0.68956
2.7969	0.69044
2.7984	0.69111
2.7999	0.69123
2.8014	0.69131
2.8029	0.69090
2.8044	0.68980
2.806	0.68893
2.8075	0.68808
2.809	0.68716
2.8105	0.68611
2.812	0.68496
2.8136	0.68416
2.8151	0.68357
2.8166	0.68325
2.8182	0.68325
2.8197	0.68350
2.8212	0.68369
2.8228	0.68384
2.8243	0.68391
2.8258	0.68402
2.8274	0.68386
2.8289	0.68346
2.8305	0.68303
2.832	0.68239
2.8336	0.68158
2.8351	0.68085
2.8367	0.68008
2.8382	0.67911
2.8398	0.67808
2.8413	0.67720
2.8429	0.67633
2.8444	0.67526
2.846	0.67411
2.8476	0.67298
2.8491	0.67174
2.8507	0.67061
2.8523	0.66971
2.8538	0.66883
2.8554	0.66759
2.857	0.66626
2.8586	0.66516
2.8601	0.66404
2.8617	0.66270
2.8633	0.66133
2.8649	0.66000
2.8664	0.65869
2.868	0.65742
2.8696	0.65639
2.8712	0.65534
2.8728	0.65408
2.8744	0.65261
2.876	0.65131
2.8776	0.64996
2.8792	0.64853
2.8808	0.64723
2.8824	0.64606
2.884	0.64487
2.8856	0.64360
2.8872	0.64220
2.8888	0.64083
2.8904	0.63963
2.892	0.63841
2.8936	0.63716
2.8953	0.63575
2.8969	0.63448
2.8985	0.63340
2.9001	0.63223
2.9017	0.63099
2.9034	0.62978
2.905	0.62876
2.9066	0.62769
2.9083	0.62655
2.9099	0.62540
2.9115	0.62432
2.9131	0.62322
2.9148	0.62215
2.9164	0.62105
2.9181	0.61997
2.9197	0.61904
2.9214	0.61822
2.923	0.61726
2.9246	0.61627
2.9263	0.61546
2.9279	0.61475
2.9296	0.61386
2.9313	0.61297
2.9329	0.61209
2.9346	0.61125
2.9362	0.61057
2.9379	0.60999
2.9396	0.60951
2.9412	0.60908
2.9429	0.60843
2.9446	0.60758
2.9463	0.60696
2.9479	0.60640
2.9496	0.60570
2.9513	0.60512
2.953	0.60468
2.9546	0.60440
2.9563	0.60413
2.958	0.60375
2.9597	0.60342
2.9614	0.60310
2.9631	0.60287
2.9648	0.60257
2.9665	0.60219
2.9682	0.60190
2.9699	0.60178
2.9716	0.60160
2.9733	0.60127
2.975	0.60084
2.9767	0.60036
2.9784	0.59984
2.9801	0.59921
2.9818	0.59875
2.9836	0.59808
2.9853	0.59735
2.987	0.59673
2.9887	0.59602
2.9904	0.59526
2.9921	0.59440
2.9939	0.59362
2.9956	0.59298
2.9973	0.59220
2.9991	0.59140
3.0008	0.59063
3.0026	0.58977
3.0043	0.58898
3.006	0.58822
3.0078	0.58724
3.0095	0.58626
3.0113	0.58517
3.013	0.58404
3.0148	0.58281
3.0165	0.58146
3.0183	0.58022
3.02	0.57893
3.0218	0.57778
3.0236	0.57691
3.0253	0.57596
3.0271	0.57501
3.0289	0.57402
3.0306	0.57308
3.0324	0.57217
3.0342	0.57122
3.0359	0.57026
3.0377	0.56934
3.0395	0.56831
3.0413	0.56719
3.0431	0.56614
3.0449	0.56506
3.0466	0.56395
3.0484	0.56303
3.0502	0.56202
3.052	0.56115
3.0538	0.56044
3.0556	0.55974
3.0574	0.55912
3.0592	0.55867
3.061	0.55852
3.0629	0.55862
3.0647	0.55906
3.0665	0.55980
3.0683	0.56080
3.0701	0.56210
3.0719	0.56360
3.0737	0.56523
3.0756	0.56668
3.0774	0.56824
3.0792	0.56984
3.0811	0.57107
3.0829	0.57186
3.0847	0.57268
3.0866	0.57348
3.0884	0.57417
3.0902	0.57474
3.0921	0.57529
3.0939	0.57594
3.0958	0.57649
3.0976	0.57701
3.0995	0.57773
3.1013	0.57843
3.1032	0.57914
3.105	0.57984
3.1069	0.58040
3.1088	0.58088
3.1106	0.58125
3.1125	0.58146
3.1144	0.58182
3.1162	0.58221
3.1181	0.58266
3.12	0.58317
3.1219	0.58375
3.1237	0.58471
3.1256	0.58590
3.1275	0.58728
3.1294	0.58916
3.1313	0.59172
3.1332	0.59518
3.1351	0.59951
3.137	0.60427
3.1389	0.60894
3.1408	0.61292
3.1427	0.61595
3.1446	0.61822
3.1465	0.61994
3.1484	0.62132
3.1503	0.62243
3.1522	0.62335
3.1541	0.62403
3.1561	0.62454
3.158	0.62504
3.1599	0.62570
3.1618	0.62610
3.1638	0.62626
3.1657	0.62653
3.1676	0.62673
3.1696	0.62704
3.1715	0.62755
3.1734	0.62790
3.1754	0.62822
3.1773	0.62851
3.1793	0.62877
3.1812	0.62898
3.1832	0.62925
3.1851	0.62956
3.1871	0.62971
3.1891	0.62969
3.191	0.62980
3.193	0.62989
3.1949	0.62977
3.1969	0.62950
3.1989	0.62884
3.2009	0.62784
3.2028	0.62704
3.2048	0.62681
3.2068	0.62676
3.2088	0.62639
3.2108	0.62567
3.2128	0.62466
3.2148	0.62343
3.2168	0.62195
3.2187	0.62000
3.2207	0.61759
3.2228	0.61500
3.2248	0.61193
3.2268	0.60836
3.2288	0.60438
3.2308	0.59970
3.2328	0.59429
3.2348	0.58807
3.2368	0.58083
3.2389	0.57237
3.2409	0.56224
3.2429	0.55027
3.2449	0.53584
3.247	0.51788
3.249	0.49501
3.251	0.46477
3.2531	0.42289
3.2551	0.36671
3.2572	0.30606
3.2592	0.25797
3.2613	0.22589
3.2633	0.20510
3.2654	0.19314
3.2674	0.18704
3.2695	0.18324
3.2715	0.17954
3.2736	0.17677
3.2757	0.17699
3.2778	0.17980
3.2798	0.18328
3.2819	0.18647
3.284	0.18928
3.2861	0.19197
3.2881	0.19453
3.2902	0.19698
3.2923	0.19924
3.2944	0.20114
3.2965	0.20248
3.2986	0.20335
3.3007	0.20367
3.3028	0.20343
3.3049	0.20271
3.307	0.20160
3.3091	0.20043
3.3112	0.19972
3.3134	0.19951
3.3155	0.19973
3.3176	0.20008
3.3197	0.20067
3.3218	0.20158
3.324	0.20232
3.3261	0.20303
3.3282	0.20420
3.3304	0.20593
3.3325	0.20816
3.3347	0.21029
3.3368	0.21195
3.3389	0.21313
3.3411	0.21416
3.3433	0.21494
3.3454	0.21540
3.3476	0.21578
3.3497	0.21614
3.3519	0.21633
3.3541	0.21647
3.3562	0.21655
3.3584	0.21652
3.3606	0.21650
3.3628	0.21647
3.365	0.21622
3.3671	0.21603
3.3693	0.21583
3.3715	0.21567
3.3737	0.21530
3.3759	0.21484
3.3781	0.21423
3.3803	0.21349
3.3825	0.21253
3.3847	0.21135
3.3869	0.20980
3.3891	0.20803
3.3914	0.20594
3.3936	0.20322
3.3958	0.19978
3.398	0.19555
3.4003	0.19037
3.4025	0.18424
3.4047	0.17730
3.407	0.17016
3.4092	0.16361
3.4114	0.15827
3.4137	0.15415
3.4159	0.15097
3.4182	0.14886
3.4204	0.14792
3.4227	0.14800
3.425	0.14887
3.4272	0.15022
3.4295	0.15189
3.4318	0.15366
3.434	0.15541
3.4363	0.15730
3.4386	0.15932
3.4409	0.16165
3.4432	0.16424
3.4454	0.16724
3.4477	0.17062
3.45	0.17396
3.4523	0.17758
3.4546	0.18121
3.4569	0.18472
3.4592	0.18819
3.4615	0.19170
3.4639	0.19527
3.4662	0.19894
3.4685	0.20282
3.4708	0.20702
3.4731	0.21160
3.4755	0.21699
3.4778	0.22405
3.4801	0.23384
3.4825	0.24698
3.4848	0.26371
3.4871	0.28411
3.4895	0.30895
3.4919	0.33895
3.4942	0.37273
3.4966	0.40632
3.4989	0.43646
3.5013	0.46230
3.5036	0.48467
3.506	0.50438
3.5084	0.52142
3.5108	0.53561
3.5131	0.54670
3.5155	0.55384
3.5179	0.55528
3.5203	0.54805
3.5227	0.53163
3.5251	0.51350
3.5275	0.50934
3.5299	0.52692
3.5323	0.55651
3.5347	0.58488
3.5371	0.60720
3.5395	0.62436
3.5419	0.63732
3.5444	0.64690
3.5468	0.65409
3.5492	0.65955
3.5516	0.66386
3.5541	0.66746
3.5565	0.67029
3.5589	0.67245
3.5614	0.67414
3.5638	0.67537
3.5663	0.67612
3.5688	0.67684
3.5712	0.67753
3.5737	0.67794
3.5761	0.67814
3.5786	0.67850
3.5811	0.67869
3.5836	0.67859
3.586	0.67848
3.5885	0.67823
3.591	0.67810
3.5935	0.67801
3.596	0.67784
3.5985	0.67761
3.601	0.67724
3.6035	0.67693
3.606	0.67664
3.6085	0.67634
3.611	0.67602
3.6135	0.67566
3.6161	0.67533
3.6186	0.67489
3.6211	0.67439
3.6236	0.67387
3.6262	0.67340
3.6287	0.67284
3.6313	0.67228
3.6338	0.67160
3.6363	0.67083
3.6389	0.66996
3.6414	0.66906
3.644	0.66806
3.6466	0.66688
3.6491	0.66548
3.6517	0.66388
3.6543	0.66201
3.6569	0.65990
3.6594	0.65746
3.662	0.65473
3.6646	0.65168
3.6672	0.64838
3.6698	0.64486
3.6724	0.64123
3.675	0.63743
3.6776	0.63360
3.6802	0.62964
3.6828	0.62555
3.6854	0.62120
3.6881	0.61654
3.6907	0.61146
3.6933	0.60587
3.6959	0.59946
3.6986	0.59200
3.7012	0.58317
3.7039	0.57273
3.7065	0.56020
3.7092	0.54531
3.7118	0.52778
3.7145	0.50761
3.7171	0.48487
3.7198	0.46017
3.7225	0.43453
3.7252	0.40937
3.7278	0.38574
3.7305	0.36437
3.7332	0.34540
3.7359	0.32863
3.7386	0.31363
3.7413	0.30021
3.744	0.28805
3.7467	0.27694
3.7494	0.26661
3.7521	0.25700
3.7548	0.24794
3.7576	0.23935
3.7603	0.23120
3.763	0.22343
3.7657	0.21592
3.7685	0.20881
3.7712	0.20211
3.774	0.19589
3.7767	0.19027
3.7795	0.18548
3.7822	0.18159
3.785	0.17846
3.7877	0.17589
3.7905	0.17380
3.7933	0.17208
3.7961	0.17076
3.7988	0.16984
3.8016	0.16931
3.8044	0.16898
3.8072	0.16869
3.81	0.16819
3.8128	0.16742
3.8156	0.16644
3.8184	0.16534
3.8212	0.16416
3.8241	0.16294
3.8269	0.16170
3.8297	0.16047
3.8325	0.15916
3.8354	0.15782
3.8382	0.15645
3.8411	0.15507
3.8439	0.15369
3.8468	0.15245
3.8496	0.15145
3.8525	0.15079
3.8553	0.15046
3.8582	0.15028
3.8611	0.15004
3.8639	0.14947
3.8668	0.14829
3.8697	0.14623
3.8726	0.14317
3.8755	0.13928
3.8784	0.13480
3.8813	0.13003
3.8842	0.12530
3.8871	0.12087
3.89	0.11683
3.893	0.11319
3.8959	0.10998
3.8988	0.10719
3.9017	0.10481
3.9047	0.10278
3.9076	0.10102
3.9106	0.09952
3.9135	0.09814
3.9165	0.09683
3.9194	0.09562
3.9224	0.09448
3.9254	0.09343
3.9284	0.09252
3.9313	0.09176
3.9343	0.09116
3.9373	0.09077
3.9403	0.09061
3.9433	0.09067
3.9463	0.09103
3.9493	0.09181
3.9523	0.09326
3.9553	0.09563
3.9583	0.09914
3.9614	0.10403
3.9644	0.11058
3.9674	0.11907
3.9705	0.12959
3.9735	0.14187
3.9766	0.15546
3.9796	0.16988
3.9826	0.18495
3.9857	0.20066
3.9888	0.21719
3.9919	0.23481
3.9949	0.25365
3.998	0.27348
4.0011	0.29398
4.0042	0.31473
4.0073	0.33529
4.0104	0.35527
4.0135	0.37450
4.0166	0.39276
4.0197	0.41000
4.0228	0.42618
4.0259	0.44138
4.0291	0.45561
4.0322	0.46899
4.0353	0.48147
4.0385	0.49316
4.0416	0.50401
4.0448	0.51410
4.0479	0.52332
4.0511	0.53181
4.0543	0.53947
4.0574	0.54639
4.0606	0.55250
4.0638	0.55800
4.067	0.56286
4.0702	0.56723
4.0734	0.57111
4.0766	0.57455
4.0798	0.57758
4.083	0.58038
4.0862	0.58297
4.0894	0.58555
4.0927	0.58794
4.0959	0.59026
4.0991	0.59237
4.1024	0.59428
4.1056	0.59582
4.1089	0.59682
4.1121	0.59742
4.1154	0.59846
4.1187	0.60005
4.122	0.60197
4.1252	0.60384
4.1285	0.60563
4.1318	0.60725
4.1351	0.60882
4.1384	0.61045
4.1417	0.61275
4.145	0.61568
4.1483	0.61873
4.1516	0.62127
4.155	0.62342
4.1583	0.62530
4.1616	0.62714
4.165	0.62892
4.1683	0.63072
4.1717	0.63235
4.175	0.63392
4.1784	0.63530
4.1818	0.63659
4.1852	0.63757
4.1885	0.63828
4.1919	0.63848
4.1953	0.63818
4.1987	0.63773
4.2021	0.63813
4.2055	0.63936
4.2089	0.64095
4.2124	0.64235
4.2158	0.64339
4.2192	0.64368
4.2226	0.64312
4.2261	0.64143
4.2295	0.63875
4.233	0.63509
4.2365	0.63092
4.2399	0.62663
4.2434	0.62251
4.2469	0.61825
4.2503	0.61398
4.2538	0.60987
4.2573	0.60679
4.2608	0.60522
4.2643	0.60497
4.2678	0.60523
4.2713	0.60581
4.2749	0.60645
4.2784	0.60682
4.2819	0.60657
4.2855	0.60599
4.289	0.60512
4.2926	0.60401
4.2961	0.60217
4.2997	0.59957
4.3033	0.59656
4.3068	0.59391
4.3104	0.59163
4.314	0.58973
4.3176	0.58836
4.3212	0.58849
4.3248	0.59038
4.3284	0.59286
4.332	0.59378
4.3356	0.59261
4.3393	0.58978
4.3429	0.58603
4.3465	0.58175
4.3502	0.57749
4.3538	0.57315
4.3575	0.56864
4.3611	0.56404
4.3648	0.55977
4.3685	0.55581
4.3722	0.55224
4.3759	0.54876
4.3796	0.54533
4.3833	0.54191
4.387	0.53860
4.3907	0.53546
4.3944	0.53275
4.3981	0.53045
4.4019	0.52874
4.4056	0.52747
4.4094	0.52662
4.4131	0.52589
4.4169	0.52531
4.4206	0.52480
4.4244	0.52446
4.4282	0.52414
4.432	0.52384
4.4358	0.52340
4.4396	0.52293
4.4434	0.52226
4.4472	0.52151
4.451	0.52067
4.4548	0.51981
4.4586	0.51883
4.4625	0.51782
4.4663	0.51666
4.4702	0.51537
4.474	0.51376
4.4779	0.51198
4.4818	0.50983
4.4856	0.50725
4.4895	0.50408
4.4934	0.50053
4.4973	0.49645
4.5012	0.49205
4.5051	0.48724
4.509	0.48213
4.513	0.47660
4.5169	0.47065
4.5209	0.46413
4.5248	0.45706
4.5287	0.44931
4.5327	0.44127
4.5367	0.43315
4.5406	0.42538
4.5446	0.41814
4.5486	0.41157
4.5526	0.40563
4.5566	0.40044
4.5606	0.39593
4.5646	0.39223
4.5686	0.38936
4.5727	0.38742
4.5767	0.38641
4.5808	0.38646
4.5848	0.38747
4.5889	0.38955
4.5929	0.39286
4.597	0.39780
4.6011	0.40429
4.6052	0.41229
4.6093	0.42159
4.6134	0.43208
4.6175	0.44357
4.6216	0.45610
4.6257	0.46952
4.6298	0.48380
4.634	0.49858
4.6381	0.51351
4.6423	0.52773
4.6464	0.54081
4.6506	0.55245
4.6548	0.56277
4.659	0.57185
4.6631	0.58005
4.6673	0.58734
4.6715	0.59418
4.6758	0.60043
4.68	0.60624
4.6842	0.61147
4.6884	0.61622
4.6927	0.62046
4.6969	0.62443
4.7012	0.62784
4.7055	0.63098
4.7097	0.63369
4.714	0.63621
4.7183	0.63836
4.7226	0.64033
4.7269	0.64198
4.7312	0.64352
4.7355	0.64473
4.7399	0.64585
4.7442	0.64675
4.7485	0.64757
4.7529	0.64818
4.7573	0.64882
4.7616	0.64919
4.766	0.64962
4.7704	0.64986
4.7748	0.65012
4.7792	0.65020
4.7836	0.65025
4.788	0.65015
4.7924	0.65013
4.7969	0.65001
4.8013	0.65000
4.8058	0.64975
4.8102	0.64954
4.8147	0.64910
4.8191	0.64861
4.8236	0.64797
4.8281	0.64728
4.8326	0.64632
4.8371	0.64538
4.8416	0.64424
4.8462	0.64306
4.8507	0.64158
4.8553	0.63997
4.8598	0.63800
4.8644	0.63588
4.8689	0.63346
4.8735	0.63101
4.8781	0.62829
4.8827	0.62552
4.8873	0.62261
4.8919	0.61982
4.8965	0.61698
4.9011	0.61432
4.9058	0.61164
4.9104	0.60916
4.9151	0.60666
4.9197	0.60420
4.9244	0.60160
4.9291	0.59911
4.9338	0.59659
4.9385	0.59442
4.9432	0.59251
4.9479	0.59103
4.9526	0.58983
4.9574	0.58890
4.9621	0.58777
4.9669	0.58663
4.9716	0.58525
4.9764	0.58363
4.9812	0.58151
4.986	0.57908
4.9908	0.57603
4.9956	0.57235
5.0004	0.56774
5.0052	0.56234
5.01	0.55579
5.0149	0.54812
5.0198	0.53901
5.0246	0.52847
5.0295	0.51640
5.0344	0.50279
5.0393	0.48765
5.0442	0.47152
5.0491	0.45565
5.054	0.44298
5.0589	0.43697
5.0639	0.43975
5.0688	0.44991
5.0738	0.46361
5.0788	0.47670
5.0837	0.48707
5.0887	0.49385
5.0937	0.49748
5.0987	0.49870
5.1037	0.49823
5.1088	0.49642
5.1138	0.49360
5.1189	0.48992
5.1239	0.48573
5.129	0.48094
5.1341	0.47571
5.1391	0.46989
5.1443	0.46337
5.1494	0.45598
5.1545	0.44785
5.1596	0.43921
5.1647	0.43008
5.1699	0.42053
5.175	0.41065
5.1802	0.40057
5.1854	0.39027
5.1906	0.37980
5.1958	0.36930
5.201	0.35845
5.2062	0.34754
5.2115	0.33713
5.2167	0.32630
5.222	0.31588
5.2272	0.30616
5.2325	0.29763
5.2378	0.29151
5.2431	0.28841
5.2484	0.28765
5.2537	0.28828
5.259	0.28934
5.2644	0.29037
5.2697	0.29090
5.2751	0.29074
5.2805	0.28963
5.2858	0.28751
5.2912	0.28412
5.2966	0.27927
5.302	0.27314
5.3075	0.26582
5.3129	0.25763
5.3184	0.24971
5.3238	0.24198
5.3293	0.23406
5.3348	0.22503
5.3403	0.21470
5.3458	0.20374
5.3513	0.19292
5.3568	0.18225
5.3624	0.17192
5.3679	0.16088
5.3735	0.14953
5.379	0.13799
5.3846	0.12680
5.3902	0.11590
5.3958	0.10591
5.4015	0.09677
5.4071	0.08893
5.4127	0.08196
5.4184	0.07637
5.4241	0.07100
5.4297	0.06652
5.4354	0.06302
5.4411	0.06035
5.4468	0.05823
5.4526	0.05687
5.4583	0.05587
5.4641	0.05543
5.4698	0.05495
5.4756	0.05493
5.4814	0.05506
5.4872	0.05557
5.493	0.05636
5.4988	0.05776
5.5047	0.05938
5.5105	0.06149
5.5164	0.06388
5.5223	0.06684
5.5281	0.06989
5.534	0.07321
5.54	0.07662
5.5459	0.08025
5.5518	0.08377
5.5578	0.08716
5.5637	0.09009
5.5697	0.09277
5.5757	0.09516
5.5817	0.09749
5.5877	0.09904
5.5937	0.10023
5.5998	0.10118
5.6058	0.10180
5.6119	0.10218
5.618	0.10266
5.6241	0.10310
5.6302	0.10374
5.6363	0.10451
5.6424	0.10559
5.6486	0.10652
5.6547	0.10767
5.6609	0.10905
5.6671	0.11024
5.6733	0.11120
5.6795	0.11174
5.6857	0.11190
5.692	0.11216
5.6982	0.11221
5.7045	0.11223
5.7108	0.11209
5.7171	0.11140
5.7234	0.11018
5.7297	0.10870
5.736	0.10713
5.7424	0.10563
5.7488	0.10352
5.7551	0.10062
5.7615	0.09827
5.768	0.09685
5.7744	0.09600
5.7808	0.09575
5.7873	0.09514
5.7937	0.09416
5.8002	0.09279
5.8067	0.09145
5.8132	0.09022
5.8198	0.08910
5.8263	0.08716
5.8328	0.08501
5.8394	0.08251
5.846	0.08019
5.8526	0.07788
5.8592	0.07635
5.8658	0.07523
5.8725	0.07497
5.8791	0.07517
5.8858	0.07548
5.8925	0.07541
5.8992	0.07600
5.9059	0.07597
5.9126	0.07682
5.9194	0.07807
5.9262	0.07979
5.9329	0.08140
5.9397	0.08359
5.9465	0.08452
5.9534	0.08607
5.9602	0.08763
5.9671	0.09024
5.974	0.09335
5.9808	0.09716
5.9878	0.10173
5.9947	0.10732
6.0016	0.11175
6.0086	0.11645
6.0155	0.12114
6.0225	0.12591
6.0295	0.13030
6.0365	0.13608
6.0436	0.14274
6.0506	0.15413
6.0577	0.16321
6.0648	0.17039
6.0719	0.17846
6.079	0.18635
6.0861	0.19117
6.0933	0.19483
6.1005	0.19743
6.1076	0.20110
6.1148	0.20516
6.1221	0.20791
6.1293	0.20917
6.1365	0.21181
6.1438	0.21546
6.1511	0.22011
6.1584	0.22559
6.1657	0.23373
6.1731	0.24285
6.1804	0.25423
6.1878	0.26873
6.1952	0.28259
6.2026	0.29492
6.21	0.30882
6.2175	0.32325
6.225	0.34013
6.2324	0.35931
6.2399	0.38102
6.2475	0.40345
6.255	0.42716
6.2625	0.45490
6.2701	0.49297
6.2777	0.52894
6.2853	0.53863
6.293	0.52923
6.3006	0.51485
6.3083	0.50024
6.3159	0.48589
6.3236	0.47228
6.3314	0.45944
6.3391	0.44816
6.3469	0.43559
6.3546	0.42401
6.3624	0.41428
6.3703	0.40460
6.3781	0.39455
6.3859	0.38611
6.3938	0.37780
6.4017	0.37058
6.4096	0.36434
6.4175	0.35644
6.4255	0.34844
6.4335	0.34173
6.4415	0.33462
6.4495	0.32834
6.4575	0.32174
6.4656	0.31578
6.4736	0.30997
6.4817	0.30438
6.4898	0.29874
6.498	0.29238
6.5061	0.28609
6.5143	0.28134
6.5225	0.27609
6.5307	0.27057
6.539	0.26518
6.5472	0.25984
6.5555	0.25371
6.5638	0.24783
6.5721	0.24112
6.5804	0.23350
6.5888	0.22644
6.5972	0.21977
6.6056	0.21419
6.614	0.21008
6.6225	0.20631
6.6309	0.20363
6.6394	0.20039
6.6479	0.19718
6.6565	0.19447
6.665	0.19248
6.6736	0.19050
6.6822	0.18873
6.6908	0.18637
6.6995	0.18450
6.7081	0.18275
6.7168	0.18108
6.7255	0.17901
6.7343	0.17717
6.743	0.17527
6.7518	0.17376
6.7606	0.17205
6.7694	0.17074
6.7783	0.16936
6.7871	0.16835
6.796	0.16700
6.805	0.16579
6.8139	0.16471
6.8229	0.16414
6.8319	0.16337
6.8409	0.16274
6.8499	0.16234
6.859	0.16266
6.868	0.16276
6.8772	0.16255
6.8863	0.16236
6.8955	0.16250
6.9046	0.16254
6.9138	0.16276
6.9231	0.16304
6.9323	0.16386
6.9416	0.16462
6.9509	0.16556
6.9602	0.16662
6.9696	0.16735
6.979	0.16737
6.9884	0.16717
6.9978	0.16506
7.0073	0.15962
7.0168	0.14977
7.0263	0.13729
7.0358	0.12680
7.0454	0.12130
7.0549	0.11985
7.0645	0.11893
7.0742	0.11661
7.0839	0.11439
7.0935	0.11261
7.1033	0.11160
7.113	0.11099
7.1228	0.11101
7.1326	0.11101
7.1424	0.11142
7.1522	0.11176
7.1621	0.11233
7.172	0.11291
7.182	0.11346
7.1919	0.11383
7.2019	0.11469
7.2119	0.11552
7.222	0.11637
7.232	0.11705
7.2421	0.11768
7.2523	0.11782
7.2624	0.11775
7.2726	0.11735
7.2828	0.11711
7.2931	0.11672
7.3033	0.11651
7.3136	0.11654
7.324	0.11744
7.3343	0.11894
7.3447	0.12064
7.3551	0.12178
7.3656	0.12267
7.3761	0.12340
7.3866	0.12445
7.3971	0.12574
7.4077	0.12747
7.4183	0.12928
7.4289	0.13129
7.4396	0.13315
7.4502	0.13493
7.461	0.13656
7.4717	0.13823
7.4825	0.13985
7.4933	0.14160
7.5041	0.14313
7.515	0.14441
7.5259	0.14534
7.5369	0.14624
7.5479	0.14715
7.5589	0.14821
7.5699	0.14935
7.581	0.15090
7.592	0.15246
7.6032	0.15381
7.6144	0.15476
7.6255	0.15556
7.6368	0.15632
7.648	0.15734
7.6593	0.15850
7.6707	0.15983
7.682	0.16106
7.6934	0.16229
7.7049	0.16350
7.7163	0.16481
7.7278	0.16611
7.7394	0.16748
7.7509	0.16870
7.7625	0.16965
7.7742	0.17018
7.7858	0.17041
7.7975	0.17033
7.8093	0.16993
7.8211	0.16925
7.8329	0.16854
7.8447	0.16758
7.8566	0.16637
7.8685	0.16463
7.8805	0.16232
7.8925	0.15937
7.9045	0.15579
7.9166	0.15169
7.9287	0.14754
7.9408	0.14344
7.953	0.13975
7.9652	0.13622
7.9775	0.13274
7.9898	0.12929
8.0021	0.12649
8.0145	0.12463
8.0269	0.12394
8.0393	0.12436
8.0518	0.12608
8.0643	0.12849
8.0769	0.13115
8.0895	0.13354
8.1021	0.13505
8.1148	0.13449
8.1275	0.13189
8.1403	0.12842
8.1531	0.12567
8.1659	0.12475
8.1788	0.12707
8.1917	0.13173
8.2047	0.13654
8.2177	0.14042
8.2307	0.14360
8.2438	0.14594
8.257	0.14746
8.2701	0.14830
8.2833	0.14957
8.2966	0.15181
8.3099	0.15492
8.3232	0.15799
8.3366	0.16047
8.35	0.16201
8.3635	0.16264
8.377	0.16234
8.3905	0.16109
8.4042	0.15904
8.4178	0.15868
8.4315	0.16136
8.4452	0.16598
8.459	0.17114
8.4728	0.17627
8.4867	0.18119
8.5006	0.18592
8.5145	0.18941
8.5285	0.19195
8.5426	0.19404
8.5567	0.19573
8.5708	0.19728
8.585	0.19775
8.5993	0.19645
8.6135	0.19451
8.6279	0.19279
8.6423	0.19100
8.6567	0.18901
8.6712	0.18760
8.6857	0.18775
8.7003	0.18788
8.7149	0.18618
8.7295	0.18329
8.7443	0.18049
8.759	0.17892
8.7739	0.17835
8.7887	0.17767
8.8037	0.17716
8.8186	0.17741
8.8337	0.17850
8.8487	0.18010
8.8638	0.18218
8.879	0.18530
8.8943	0.18900
8.9095	0.19263
8.9249	0.19540
8.9403	0.19620
8.9557	0.19355
8.9712	0.18710
8.9868	0.17976
9.0023	0.17415
9.018	0.16963
9.0337	0.16707
9.0495	0.16693
9.0653	0.16928
9.0812	0.17411
9.0971	0.17919
9.1131	0.18181
9.1291	0.18227
9.1452	0.18458
9.1614	0.19180
9.1776	0.20089
9.1939	0.20884
9.2102	0.21500
9.2266	0.21892
9.243	0.22139
9.2595	0.22460
9.2761	0.22912
9.2927	0.23369
9.3094	0.23732
9.3262	0.24000
9.343	0.24301
9.3598	0.24613
9.3768	0.24966
9.3937	0.25371
9.4108	0.25745
9.4279	0.26057
9.4451	0.26378
9.4623	0.26718
9.4796	0.27003
9.497	0.27202
9.5144	0.27350
9.5319	0.27453
9.5494	0.27536
9.5671	0.27576
9.5847	0.27612
9.6025	0.27729
9.6203	0.27945
9.6382	0.28152
9.6561	0.28309
9.6742	0.28425
9.6922	0.28528
9.7104	0.28602
9.7286	0.28667
9.7469	0.28706
9.7652	0.28725
9.7837	0.28727
9.8022	0.28710
9.8207	0.28657
9.8394	0.28600
9.8581	0.28535
9.8768	0.28490
9.8957	0.28473
9.9146	0.28463
9.9336	0.28438
9.9527	0.28407
9.9718	0.28354
9.991	0.28305
10.0103	0.28258
10.0297	0.28225
10.0491	0.28197
10.0686	0.28177
10.0882	0.28145
10.1079	0.28118
10.1276	0.28064
10.1474	0.27937
10.1673	0.27723
10.1873	0.27498
10.2074	0.27322
10.2275	0.27241
10.2477	0.27246
10.268	0.27304
10.2884	0.27356
10.3088	0.27400
10.3294	0.27423
10.35	0.27446
10.3707	0.27483
10.3915	0.27512
10.4123	0.27547
10.4333	0.27751
10.4543	0.28174
10.4755	0.28655
10.4967	0.29028
10.518	0.29276
10.5393	0.29376
10.5608	0.29357
10.5823	0.29232
10.604	0.29060
10.6257	0.28859
10.6475	0.28668
10.6694	0.28486
10.6914	0.28357
10.7135	0.28296
10.7357	0.28311
10.758	0.28397
10.7803	0.28553
10.8028	0.28761
10.8254	0.29053
10.848	0.29452
10.8708	0.30023
10.8936	0.30781
10.9165	0.31748
10.9395	0.32915
10.9627	0.34338
10.9859	0.36094
11.0092	0.37724
11.0327	0.37883
11.0562	0.36260
11.0798	0.33495
11.1035	0.30201
11.1274	0.26904
11.1513	0.23979
11.1753	0.21566
11.1995	0.19624
11.2237	0.17910
11.248	0.16042
11.2725	0.14105
11.2971	0.12711
11.3217	0.11846
11.3465	0.11232
11.3714	0.10977
11.3964	0.11221
11.4215	0.11930
11.4467	0.13027
11.472	0.14595
11.4974	0.16458
11.523	0.18327
11.5487	0.20130
11.5744	0.21798
11.6003	0.23064
11.6263	0.23021
11.6525	0.19340
11.6787	0.14417
11.7051	0.15672
11.7316	0.21003
11.7582	0.26252
11.7849	0.29313
11.8117	0.30580
11.8387	0.31185
11.8658	0.31533
11.893	0.31838
11.9203	0.32214
11.9478	0.32671
11.9754	0.33154
12.0031	0.33598
12.031	0.33977
12.059	0.34276
12.0871	0.34511
12.1153	0.34696
12.1437	0.34856
12.1722	0.34983
12.2008	0.35070
12.2296	0.35112
12.2585	0.35132
12.2876	0.35088
12.3168	0.34990
12.3461	0.34822
12.3755	0.34605
12.4052	0.34365
12.4349	0.34104
12.4648	0.33801
12.4948	0.33455
12.525	0.33060
12.5553	0.32642
12.5858	0.32167
12.6164	0.31639
12.6472	0.31050
12.6781	0.30391
12.7092	0.29653
12.7404	0.28812
12.7718	0.27831
12.8033	0.26739
12.835	0.25519
12.8669	0.24169
12.8989	0.22693
12.9311	0.21066
12.9634	0.19320
12.9959	0.17474
13.0285	0.15518
13.0613	0.13471
13.0943	0.11376
13.1275	0.09258
13.1608	0.07218
13.1943	0.05358
13.228	0.03921
13.2618	0.03262
13.2958	0.03716
13.33	0.04747
13.3643	0.05386
13.3988	0.05547
13.4336	0.05810
13.4685	0.06349
13.5035	0.07126
13.5388	0.08040
13.5742	0.09020
13.6099	0.09997
13.6457	0.10937
13.6817	0.11777
13.7179	0.12535
13.7543	0.13201
13.7908	0.13756
13.8276	0.14223
13.8646	0.14637
13.9018	0.14981
13.9392	0.15235
13.9767	0.15383
14.0145	0.15470
14.0525	0.15489
14.0907	0.15463
14.129	0.15408
14.1676	0.15390
14.2065	0.15421
14.2455	0.15522
14.2847	0.15648
14.3242	0.15762
14.3639	0.15848
14.4038	0.15930
14.4439	0.15980
14.4843	0.16012
14.5248	0.16036
14.5656	0.16077
14.6067	0.16112
14.6479	0.16146
14.6894	0.16174
14.7312	0.16208
14.7731	0.16251
14.8153	0.16309
14.8578	0.16332
14.9005	0.16286
14.9434	0.16165
14.9866	0.15921
15.03	0.15571
15.0737	0.15181
15.1177	0.14762
15.1619	0.14377
15.2063	0.14058
15.2511	0.13839
15.2961	0.13741
15.3413	0.13729
15.3868	0.13740
15.4326	0.13754
15.4787	0.13675
15.525	0.13494
15.5717	0.13182
15.6186	0.12758
15.6658	0.12246
15.7132	0.11777
15.761	0.11417
15.809	0.11144
15.8574	0.10907
15.906	0.10687
15.955	0.10427
16.0042	0.10154
16.0538	0.09854
16.1036	0.09524
16.1538	0.09151
16.2043	0.08764
16.2551	0.08399
16.3062	0.08087
16.3576	0.07764
16.4094	0.07403
16.4615	0.07054
16.5139	0.06777
16.5667	0.06535
16.6198	0.06328
16.6732	0.06095
16.727	0.05871
16.7811	0.05642
16.8356	0.05419
16.8905	0.05236
16.9457	0.05105
17.0012	0.04977
17.0572	0.04942
17.1134	0.04931
17.1701	0.04901
17.2272	0.04851
17.2846	0.04839
17.3424	0.04843
17.4006	0.04890
17.4592	0.04888
17.5182	0.04871
17.5775	0.04850
17.6373	0.04809
17.6975	0.04698
17.7581	0.04596
17.8192	0.04473
17.8806	0.04368
17.9425	0.04287
18.0048	0.04239
18.0675	0.04217
18.1307	0.04220
18.1943	0.04202
18.2584	0.04153
18.3229	0.04031
18.3879	0.03933
18.4533	0.03793
18.5192	0.03684
18.5856	0.03638
18.6524	0.03709
18.7198	0.03802
18.7876	0.03859
18.8559	0.03870
18.9247	0.03889
18.9941	0.03892
19.0639	0.03862
19.1342	0.03791
19.2051	0.03739
19.2765	0.03675
19.3484	0.03683
19.4209	0.03754
19.4939	0.03811
19.5675	0.03830
19.6416	0.03990
19.7163	0.04280
19.7915	0.04680
19.8673	0.05199
19.9438	0.05797
20.0208	0.06399
20.0984	0.07060
20.1766	0.07776
20.2554	0.08666
20.3348	0.09712
20.4149	0.10790
20.4956	0.11798
20.5769	0.12858
20.6589	0.13969
20.7415	0.15092
20.8248	0.16110
20.9088	0.17029
20.9934	0.17829
21.0788	0.18316
21.1648	0.18643
21.2516	0.18973
21.3391	0.19183
21.4272	0.19406
21.5161	0.19570
21.6058	0.19676
21.6962	0.19721
21.7873	0.19791
21.8793	0.19802
21.972	0.19792
22.0655	0.19871
22.1598	0.19994
22.2549	0.20127
22.3508	0.20338
22.4476	0.20516
22.5452	0.20606
22.6436	0.20606
22.7429	0.20609
22.8431	0.20590
22.9442	0.20680
23.0462	0.20715
23.149	0.20713
23.2528	0.20792
23.3576	0.20809
23.4633	0.20822
23.5699	0.20804
23.6776	0.20753
23.7862	0.20826
23.8958	0.20839
24.0064	0.20678
24.1181	0.20503
24.2308	0.20305
24.3446	0.20182
24.4594	0.20026
24.5753	0.19823
24.6923	0.19757
24.8104	0.19751
24.9297	0.19957
25.0502	0.20216
25.1718	0.20360
25.2946	0.20275
25.4185	0.20160
25.5437	0.20073
25.6702	0.19981
25.7979	0.19982
25.9269	0.20046
26.0572	0.19965
26.1888	0.19930
26.3218	0.20096
26.456	0.20231
26.5917	0.20265
26.7288	0.20375
26.8673	0.20316
27.0072	0.20205
27.1486	0.19940
27.2915	0.19630
27.4359	0.19035
27.5818	0.18257
27.7293	0.17412
27.8784	0.16485
28.0291	0.15514
28.1814	0.14734
28.3354	0.13989
28.4911	0.13260
28.6485	0.12640
28.8077	0.12248
28.9686	0.11782
29.1314	0.11442
29.296	0.11255
29.4624	0.11096
29.6307	0.10881
29.801	0.10843
29.9733	0.10715
30.1475	0.10556
30.3238	0.10384
30.5022	0.10293
30.6828	0.10219
30.8654	0.10200
31.0502	0.09973
31.2373	0.09597
31.4266	0.09127
31.6182	0.08572
31.8122	0.07695
32.0085	0.06727
32.2073	0.06092
32.4086	0.06947
32.6124	0.08809
32.8188	0.10221
33.0279	0.10785
33.2396	0.10362
33.4541	0.10100
33.6713	0.10126
33.8914	0.10242
34.1144	0.10508
34.3403	0.10659
34.5692	0.10742
34.8013	0.11065
35.0363	0.11541
35.2747	0.12197
35.5163	0.13702
35.7612	0.15591
36.0096	0.18116
36.2614	0.19855
36.5167	0.20525
36.7758	0.20342
37.0385	0.19669
37.3049	0.18693
37.5753	0.17602
37.8495	0.16690
38.1279	0.16151
38.4103	0.15513
38.6968	0.14758
38.9878	0.14297
39.2832	0.13686
39.583	0.12189
39.8875	0.11338
40.1967	0.10829
40.5108	0.10287
40.8298	0.09587
41.1539	0.08706
41.4831	0.07691
41.8176	0.06343
42.1576	0.06787
42.5032	0.11411
42.8544	0.16444
43.2115	0.19070
43.5746	0.20046
43.9439	0.19768
44.3195	0.17904
44.7015	0.15874
45.0902	0.14375
45.4858	0.13644
45.8884	0.13379
46.2981	0.13184
46.7152	0.12955
47.1399	0.13128
47.5724	0.13682
48.0129	0.14222
48.4616	0.14460
48.9187	0.14700
49.3846	0.15625
49.8594	0.16469
50.3435	0.16570
50.837	0.16760
51.3404	0.16682
51.8538	0.16545
52.3777	0.16345
52.9122	0.16484
53.4576	0.16473
54.0145	0.16116
54.5831	0.17324
55.1637	0.17743
55.7569	0.16721
56.3628	0.17060
56.9822	0.16299
57.6153	0.16115
58.2627	0.17101
58.9247	0.17843
59.602	0.17355
60.2951	0.16937
61.0046	0.17077
61.7309	0.17634
62.4746	0.17625
63.2365	0.18515
64.0172	0.19757
64.8174	0.18617
65.6379	0.15526
66.4792	0.14723
67.3426	0.19200
68.2286	0.19297
69.1384	0.18204
70.0727	0.17203
71.0326	0.15535
72.0191	0.15867
73.0338	0.18416
74.0771	0.19579
75.1507	0.20249
76.2558	0.19136
77.394	0.19158
78.5666	0.20486
79.7754	0.21195
81.0215	0.19643
82.3076	0.18918
83.6351	0.23280
85.0062	0.23959
86.423	0.22336
87.8878	0.23063
89.403	0.25007
90.9715	0.25145
92.596	0.23712
94.2796	0.23960
96.0255	0.28048
97.8373	0.27563
99.7188	0.29274
