Brown University Keck/NASA Relab Spectrum EF-CMP-003-B/BKR1EF003B
Wavelength(micron)	Reflectance	Standard Deviation
0.3	.187049	.009309
0.305	.176143	.006131
0.31	.179886	.004404
0.315	.194517	.003023
0.32	.215717	.002734
0.325	.244288	.002347
0.33	.275578	.002545
0.335	.313367	.002763
0.34	.352085	.002918
0.345	.389503	.002916
0.35	.422911	.002583
0.355	.455625	.002755
0.36	.481628	.002805
0.365	.507304	.003114
0.37	.524860	.003248
0.375	.539291	.002870
0.38	.549718	.003194
0.385	.558157	.003188
0.39	.566375	.003165
0.395	.576684	.003533
0.4	.583257	.003191
0.405	.600309	.003502
0.41	.612297	.003240
0.415	.621029	.003690
0.42	.625067	.003455
0.425	.629019	.003420
0.43	.630781	.003660
0.435	.634710	.003462
0.44	.638647	.003576
0.445	.639819	.003252
0.45	.636568	.003336
0.455	.641571	.003260
0.46	.649046	.003433
0.465	.656884	.003862
0.47	.660772	.003655
0.475	.671501	.003736
0.48	.680700	.003940
0.485	.683404	.003800
0.49	.684923	.003914
0.495	.689097	.004171
0.5	.704634	.003868
0.505	.719182	.004651
0.51	.726351	.004394
0.515	.732531	.004765
0.52	.737185	.004663
0.525	.742662	.004687
0.53	.746069	.004586
0.535	.754557	.004338
0.54	.760091	.004686
0.545	.766470	.004974
0.55	.769622	.005242
0.555	.773193	.005095
0.56	.774150	.005488
0.565	.774047	.004694
0.57	.772382	.004599
0.575	.771757	.004692
0.58	.768982	.004710
0.585	.767019	.004749
0.59	.763151	.004578
0.595	.760908	.005164
0.6	.757082	.005177
0.605	.753758	.004992
0.61	.747858	.005068
0.615	.743016	.005282
0.62	.737902	.004657
0.625	.733269	.004407
0.63	.728846	.004386
0.635	.725906	.004851
0.64	.725355	.004666
0.645	.726367	.004756
0.65	.726965	.005734
0.655	.729168	.005519
0.66	.729126	.005401
0.665	.729999	.005247
0.67	.728257	.005735
0.675	.728711	.004848
0.68	.726523	.005119
0.685	.722793	.004723
0.69	.718280	.004928
0.695	.714380	.004416
0.7	.710951	.004964
0.705	.706246	.004583
0.71	.701066	.004675
0.715	.696029	.004779
0.72	.689948	.004550
0.725	.684768	.004889
0.73	.677910	.004819
0.735	.671121	.004312
0.74	.663419	.004517
0.745	.657052	.004901
0.75	.646293	.005087
0.755	.640317	.004982
0.76	.630336	.005045
0.765	.623403	.004313
0.77	.613809	.004545
0.775	.607290	.004254
0.78	.598428	.005511
0.785	.591378	.004843
0.79	.583005	.004878
0.795	.577500	.004684
0.8	.570045	.005784
0.805	.564135	.004759
0.81	.558252	.005325
0.815	.553607	.004709
0.82	.548016	.005483
0.825	.544064	.004501
0.83	.540371	.005137
0.835	.535103	.004866
0.84	.529853	.004318
0.845	.528253	.005182
0.85	.522923	.005024
0.855	.520696	.005021
0.86	.517570	.003683
0.865	.514054	.004059
0.87	.510794	.003885
0.875	.507582	.003819
0.88	.503536	.003525
0.885	.500353	.003053
0.89	.495368	.003636
0.895	.492509	.003633
0.9	.487726	.003970
0.905	.483603	.003588
0.91	.477814	.003720
0.915	.473989	.003309
0.92	.467162	.002802
0.925	.461627	.002876
0.93	.454421	.002458
0.935	.447657	.003042
0.94	.440401	.002913
0.945	.433091	.002916
0.95	.425895	.003413
0.955	.418654	.002812
0.96	.411078	.003480
0.965	.403903	.002547
0.97	.397671	.002350
0.975	.390199	.002978
0.98	.382046	.002782
0.985	.374691	.002160
0.99	.368585	.003058
0.995	.362089	.002479
1	.356562	.002853
1.005	.352075	.002210
1.01	.346956	.003102
1.015	.342950	.002616
1.02	.338570	.002358
1.025	.335731	.003110
1.03	.334053	.002736
1.035	.331243	.002392
1.04	.329435	.003199
1.045	.328046	.002623
1.05	.328271	.003326
1.055	.327746	.003017
1.06	.328354	.003431
1.065	.329019	.002995
1.07	.329362	.002185
1.075	.332934	.002288
1.08	.334516	.001902
1.085	.337635	.002190
1.09	.340389	.001754
1.095	.344482	.002099
1.1	.347027	.002409
1.105	.352116	.002750
1.11	.356860	.003039
1.115	.360828	.002682
1.12	.365971	.003284
1.125	.369854	.003912
1.13	.373509	.003370
1.135	.377651	.002462
1.14	.380331	.002162
1.145	.384301	.002309
1.15	.386675	.002773
1.155	.389953	.002933
1.16	.392996	.003656
1.165	.396357	.003212
1.17	.399809	.003476
1.175	.401968	.003380
1.18	.404815	.003537
1.185	.407798	.003717
1.19	.409320	.003064
1.195	.411773	.003119
1.2	.412500	.002955
1.205	.414604	.002882
1.21	.415598	.003125
1.215	.417414	.002815
1.22	.419381	.004062
1.225	.422954	.004487
1.23	.424121	.003660
1.235	.427016	.004088
1.24	.429302	.003435
1.245	.431351	.003446
1.25	.432781	.003496
1.255	.436001	.003611
1.26	.437610	.004182
1.265	.440453	.003868
1.27	.444581	.004268
1.275	.447018	.004136
1.28	.450791	.005084
1.285	.454343	.004731
1.29	.457975	.004975
1.295	.461994	.005536
1.3	.465152	.005082
1.305	.468231	.004738
1.31	.472075	.005599
1.315	.476283	.004958
1.32	.481653	.005863
1.325	.486289	.004608
1.33	.491203	.005567
1.335	.496946	.004809
1.34	.502016	.004781
1.345	.505616	.005100
1.35	.509680	.004214
1.355	.515004	.004623
1.36	.518121	.004310
1.365	.525546	.004621
1.37	.529195	.004850
1.375	.535027	.004885
1.38	.539117	.005777
1.385	.547200	.005384
1.39	.552023	.006034
1.395	.557878	.005527
1.4	.563739	.005737
1.405	.570401	.005058
1.41	.577132	.004777
1.415	.582366	.005013
1.42	.588606	.004777
1.425	.594260	.005318
1.43	.600073	.004973
1.435	.606818	.004630
1.44	.612102	.005040
1.445	.618309	.005397
1.45	.623662	.006266
1.455	.630019	.005880
1.46	.636012	.006584
1.465	.641794	.005891
1.47	.647841	.006037
1.475	.654563	.006249
1.48	.659350	.006471
1.485	.665732	.006342
1.49	.672034	.005716
1.495	.677422	.006468
1.5	.683224	.005739
1.505	.688258	.006441
1.51	.693354	.006467
1.515	.698157	.006442
1.52	.703399	.007715
1.525	.709348	.007108
1.53	.714556	.008041
1.535	.720130	.006830
1.54	.725423	.007934
1.545	.729898	.007720
1.55	.734241	.007652
1.555	.739026	.007765
1.56	.743950	.008001
1.565	.748156	.007524
1.57	.751526	.007747
1.575	.755854	.007596
1.58	.760612	.008817
1.585	.764421	.008568
1.59	.767776	.008465
1.595	.772359	.007927
1.6	.775693	.008286
1.605	.778387	.008801
1.61	.781301	.007922
1.615	.785081	.008915
1.62	.789296	.008124
1.625	.791154	.008803
1.63	.793585	.008207
1.635	.796678	.008231
1.64	.798978	.008336
1.645	.801419	.008276
1.65	.804307	.009494
1.655	.809058	.009834
1.66	.810393	.009613
1.665	.812747	.010002
1.67	.814842	.008019
1.675	.817087	.009141
1.68	.819283	.008713
1.685	.821568	.008993
1.69	.822881	.009210
1.695	.824926	.009085
1.7	.825336	.009870
1.705	.826118	.009231
1.71	.828196	.010123
1.715	.829889	.009662
1.72	.830992	.010543
1.725	.831106	.010459
1.73	.832601	.010140
1.735	.832586	.010284
1.74	.833221	.010461
1.745	.834305	.011197
1.75	.835053	.009897
1.755	.834949	.010336
1.76	.836029	.009137
1.765	.837233	.009264
1.77	.837552	.009294
1.775	.837858	.008913
1.78	.839362	.009335
1.785	.839773	.009242
1.79	.839941	.009678
1.795	.840882	.009633
1.8	.841038	.009500
1.805	.841813	.009635
1.81	.841067	.009095
1.815	.841026	.009999
1.82	.842414	.008963
1.825	.841857	.008919
1.83	.842703	.009095
1.835	.843014	.009246
1.84	.843552	.009437
1.845	.843921	.009482
1.85	.844772	.009465
1.855	.844137	.009267
1.86	.843715	.009108
1.865	.844198	.008942
1.87	.844212	.008821
1.875	.843500	.008918
1.88	.843568	.009069
1.885	.843262	.009094
1.89	.841509	.009107
1.895	.840636	.009336
1.9	.840559	.009152
1.905	.840108	.009136
1.91	.839741	.009300
1.915	.840314	.009374
1.92	.839986	.009331
1.925	.839516	.009611
1.93	.839643	.009536
1.935	.839145	.009358
1.94	.838837	.009203
1.945	.839140	.009485
1.95	.839422	.009185
1.955	.839033	.009263
1.96	.839350	.009368
1.965	.839892	.008634
1.97	.839828	.009216
1.975	.840414	.009595
1.98	.840452	.009792
1.985	.839969	.009849
1.99	.840717	.009922
1.995	.840956	.010076
2	.841339	.008633
2.005	.841979	.009125
2.01	.841559	.009269
2.015	.841807	.009298
2.02	.841872	.009928
2.025	.841762	.009372
2.03	.843327	.010033
2.035	.841598	.009942
2.04	.842695	.009050
2.045	.841910	.008937
2.05	.841987	.009114
2.055	.841317	.009076
2.06	.840478	.009767
2.065	.840699	.008973
2.07	.840586	.009623
2.075	.839676	.009787
2.08	.840352	.008656
2.085	.841070	.009146
2.09	.840129	.008908
2.095	.839290	.008851
2.1	.838946	.009015
2.105	.839341	.009589
2.11	.840742	.010311
2.115	.839818	.010016
2.12	.840468	.010132
2.125	.840537	.010492
2.13	.840978	.009158
2.135	.840850	.009356
2.14	.841145	.009797
2.145	.841484	.009362
2.15	.841303	.010069
2.155	.842026	.009483
2.16	.842467	.010478
2.165	.843220	.010266
2.17	.842264	.008851
2.175	.841767	.009647
2.18	.841864	.008924
2.185	.842396	.008276
2.19	.842005	.009465
2.195	.841727	.009099
2.2	.841962	.010243
2.205	.842263	.009134
2.21	.841416	.009687
2.215	.842322	.009942
2.22	.842127	.009533
2.225	.841267	.009796
2.23	.841525	.009212
2.235	.841004	.008614
2.24	.840761	.009473
2.245	.841311	.009121
2.25	.840675	.009403
2.255	.841165	.008363
2.26	.841084	.008803
2.265	.840674	.009390
2.27	.840843	.008314
2.275	.840116	.008973
2.28	.839805	.008890
2.285	.840674	.008800
2.29	.839654	.008672
2.295	.839327	.009002
2.3	.837798	.008736
2.305	.839137	.009008
2.31	.838565	.008421
2.315	.838770	.007923
2.32	.838508	.008989
2.325	.838592	.008601
2.33	.837382	.008619
2.335	.838790	.009454
2.34	.837244	.009102
2.345	.837812	.009423
2.35	.837565	.008959
2.355	.837174	.008940
2.36	.837396	.008212
2.365	.837202	.008391
2.37	.836616	.008358
2.375	.836454	.008413
2.38	.836644	.009518
2.385	.836458	.009372
2.39	.836261	.008886
2.395	.836371	.009421
2.4	.835556	.008043
2.405	.835908	.008489
2.41	.836079	.008135
2.415	.835822	.007951
2.42	.836047	.008630
2.425	.834826	.008008
2.43	.834043	.008948
2.435	.835106	.008560
2.44	.835322	.008461
2.445	.835282	.008457
2.45	.834112	.008110
2.455	.835321	.008460
2.46	.834103	.008425
2.465	.834028	.007875
2.47	.833330	.008811
2.475	.834365	.007633
2.48	.833442	.008779
2.485	.833597	.008171
2.49	.832721	.008006
2.495	.833246	.008039
2.5	.831952	.007561
2.50021	.831957	.000000
2.50142	.831951	.000000
2.50262	.832033	.000000
2.50383	.832136	.000000
2.50504	.832206	.000000
2.50625	.832288	.000000
2.50746	.832371	.000000
2.50868	.832385	.000000
2.50989	.832521	.000000
2.51111	.832550	.000000
2.51232	.832577	.000000
2.51354	.832562	.000000
2.51476	.832593	.000000
2.51598	.832661	.000000
2.5172	.832748	.000000
2.51842	.832840	.000000
2.51965	.832988	.000000
2.52087	.833100	.000000
2.5221	.833108	.000000
2.52333	.833079	.000000
2.52455	.833147	.000000
2.52578	.833205	.000000
2.52701	.833240	.000000
2.52825	.833262	.000000
2.52948	.833347	.000000
2.53071	.833342	.000000
2.53195	.833369	.000000
2.53319	.833458	.000000
2.53443	.833577	.000000
2.53566	.833674	.000000
2.53691	.833703	.000000
2.53815	.833707	.000000
2.53939	.833791	.000000
2.54063	.833841	.000000
2.54188	.833791	.000000
2.54313	.833725	.000000
2.54437	.833872	.000000
2.54562	.833956	.000000
2.54687	.834005	.000000
2.54813	.834047	.000000
2.54938	.834180	.000000
2.55063	.834164	.000000
2.55189	.834230	.000000
2.55314	.834263	.000000
2.5544	.834390	.000000
2.55566	.834489	.000000
2.55692	.834576	.000000
2.55818	.834588	.000000
2.55944	.834569	.000000
2.56071	.834304	.000000
2.56197	.834191	.000000
2.56324	.834273	.000000
2.56451	.834440	.000000
2.56578	.834796	.000000
2.56705	.834952	.000000
2.56832	.834790	.000000
2.56959	.834652	.000000
2.57086	.834895	.000000
2.57214	.834979	.000000
2.57342	.834633	.000000
2.57469	.834977	.000000
2.57597	.835024	.000000
2.57725	.834996	.000000
2.57853	.835290	.000000
2.57982	.835383	.000000
2.5811	.835210	.000000
2.58239	.835222	.000000
2.58367	.834784	.000000
2.58496	.835020	.000000
2.58625	.835327	.000000
2.58754	.835317	.000000
2.58883	.835473	.000000
2.59013	.835677	.000000
2.59142	.835887	.000000
2.59272	.835656	.000000
2.59401	.834541	.000000
2.59531	.834160	.000000
2.59661	.835282	.000000
2.59791	.836087	.000000
2.59922	.836272	.000000
2.60052	.836153	.000000
2.60182	.836058	.000000
2.60313	.835918	.000000
2.60444	.835527	.000000
2.60575	.835337	.000000
2.60706	.835834	.000000
2.60837	.836081	.000000
2.60968	.836165	.000000
2.61099	.836375	.000000
2.61231	.836424	.000000
2.61363	.836375	.000000
2.61494	.836451	.000000
2.61626	.835959	.000000
2.61758	.835939	.000000
2.61891	.836332	.000000
2.62023	.835924	.000000
2.62155	.836286	.000000
2.62288	.836797	.000000
2.62421	.836809	.000000
2.62554	.836603	.000000
2.62687	.836286	.000000
2.6282	.836653	.000000
2.62953	.836328	.000000
2.63086	.835978	.000000
2.6322	.836568	.000000
2.63354	.836616	.000000
2.63487	.836686	.000000
2.63621	.836935	.000000
2.63756	.837017	.000000
2.6389	.837030	.000000
2.64024	.836939	.000000
2.64159	.836865	.000000
2.64293	.836997	.000000
2.64428	.837085	.000000
2.64563	.836890	.000000
2.64698	.836902	.000000
2.64833	.837044	.000000
2.64968	.837081	.000000
2.65104	.836898	.000000
2.6524	.836657	.000000
2.65375	.836805	.000000
2.65511	.836857	.000000
2.65647	.836873	.000000
2.65783	.837015	.000000
2.6592	.836865	.000000
2.66056	.836848	.000000
2.66193	.836916	.000000
2.66329	.836846	.000000
2.66466	.836225	.000000
2.66603	.836044	.000000
2.6674	.836387	.000000
2.66878	.836663	.000000
2.67015	.835722	.000000
2.67153	.835957	.000000
2.6729	.836768	.000000
2.67428	.836583	.000000
2.67566	.836004	.000000
2.67704	.835420	.000000
2.67843	.835208	.000000
2.67981	.834833	.000000
2.6812	.834677	.000000
2.68258	.833911	.000000
2.68397	.833081	.000000
2.68536	.832367	.000000
2.68675	.831658	.000000
2.68815	.831086	.000000
2.68954	.830582	.000000
2.69094	.830028	.000000
2.69233	.829237	.000000
2.69373	.828321	.000000
2.69513	.827854	.000000
2.69653	.827471	.000000
2.69794	.827059	.000000
2.69934	.826370	.000000
2.70075	.825519	.000000
2.70215	.824826	.000000
2.70356	.824247	.000000
2.70497	.823463	.000000
2.70638	.822740	.000000
2.7078	.821787	.000000
2.70921	.820628	.000000
2.71063	.819366	.000000
2.71205	.818810	.000000
2.71347	.818458	.000000
2.71489	.817651	.000000
2.71631	.816747	.000000
2.71773	.815827	.000000
2.71916	.814769	.000000
2.72058	.813390	.000000
2.72201	.812896	.000000
2.72344	.812072	.000000
2.72487	.810940	.000000
2.7263	.810575	.000000
2.72774	.810046	.000000
2.72917	.809190	.000000
2.73061	.808286	.000000
2.73205	.807423	.000000
2.73349	.806211	.000000
2.73493	.804994	.000000
2.73638	.804125	.000000
2.73782	.802863	.000000
2.73927	.801116	.000000
2.74071	.799850	.000000
2.74216	.798981	.000000
2.74361	.798028	.000000
2.74507	.796817	.000000
2.74652	.795565	.000000
2.74798	.794194	.000000
2.74943	.792846	.000000
2.75089	.791452	.000000
2.75235	.789935	.000000
2.75381	.788092	.000000
2.75528	.786118	.000000
2.75674	.785033	.000000
2.75821	.784158	.000000
2.75968	.782822	.000000
2.76115	.781144	.000000
2.76262	.779254	.000000
2.76409	.777894	.000000
2.76556	.776772	.000000
2.76704	.775409	.000000
2.76852	.773951	.000000
2.77	.772444	.000000
2.77148	.770927	.000000
2.77296	.769624	.000000
2.77444	.768193	.000000
2.77593	.766497	.000000
2.77741	.764574	.000000
2.7789	.762908	.000000
2.78039	.761735	.000000
2.78188	.761000	.000000
2.78338	.760292	.000000
2.78487	.759341	.000000
2.78637	.758033	.000000
2.78787	.756899	.000000
2.78937	.755915	.000000
2.79087	.754851	.000000
2.79237	.753601	.000000
2.79387	.752252	.000000
2.79538	.750729	.000000
2.79689	.749014	.000000
2.7984	.747223	.000000
2.79991	.745903	.000000
2.80142	.745082	.000000
2.80294	.744592	.000000
2.80445	.744236	.000000
2.80597	.743633	.000000
2.80749	.742889	.000000
2.80901	.742346	.000000
2.81053	.741918	.000000
2.81206	.741527	.000000
2.81358	.740934	.000000
2.81511	.740320	.000000
2.81664	.739643	.000000
2.81817	.738908	.000000
2.8197	.738128	.000000
2.82123	.737461	.000000
2.82277	.736787	.000000
2.82431	.736145	.000000
2.82585	.735536	.000000
2.82739	.734881	.000000
2.82893	.734177	.000000
2.83047	.733512	.000000
2.83202	.732779	.000000
2.83357	.731991	.000000
2.83512	.731173	.000000
2.83667	.730488	.000000
2.83822	.729848	.000000
2.83978	.729372	.000000
2.84133	.728981	.000000
2.84289	.728699	.000000
2.84445	.728431	.000000
2.84601	.728022	.000000
2.84757	.727492	.000000
2.84914	.727132	.000000
2.8507	.726825	.000000
2.85227	.726558	.000000
2.85384	.726173	.000000
2.85541	.725773	.000000
2.85699	.725393	.000000
2.85856	.725041	.000000
2.86014	.724664	.000000
2.86172	.724295	.000000
2.8633	.723906	.000000
2.86488	.723612	.000000
2.86646	.723317	.000000
2.86805	.723009	.000000
2.86963	.722669	.000000
2.87122	.722327	.000000
2.87281	.722010	.000000
2.87441	.721778	.000000
2.876	.721493	.000000
2.8776	.721246	.000000
2.87919	.720987	.000000
2.88079	.720756	.000000
2.8824	.720511	.000000
2.884	.720345	.000000
2.8856	.720161	.000000
2.88721	.719937	.000000
2.88882	.719746	.000000
2.89043	.719604	.000000
2.89204	.719426	.000000
2.89366	.719266	.000000
2.89527	.719029	.000000
2.89689	.718827	.000000
2.89851	.718661	.000000
2.90013	.718496	.000000
2.90175	.718311	.000000
2.90338	.718187	.000000
2.905	.718074	.000000
2.90663	.717977	.000000
2.90826	.717819	.000000
2.90989	.717677	.000000
2.91153	.717520	.000000
2.91316	.717432	.000000
2.9148	.717357	.000000
2.91644	.717261	.000000
2.91808	.717156	.000000
2.91972	.717152	.000000
2.92137	.717065	.000000
2.92302	.716935	.000000
2.92466	.716882	.000000
2.92631	.716851	.000000
2.92797	.716824	.000000
2.92962	.716769	.000000
2.93128	.716639	.000000
2.93294	.716583	.000000
2.93459	.716544	.000000
2.93626	.716561	.000000
2.93792	.716590	.000000
2.93959	.716563	.000000
2.94125	.716528	.000000
2.94292	.716518	.000000
2.94459	.716522	.000000
2.94627	.716480	.000000
2.94794	.716394	.000000
2.94962	.716437	.000000
2.9513	.716499	.000000
2.95298	.716571	.000000
2.95466	.716590	.000000
2.95635	.716653	.000000
2.95803	.716693	.000000
2.95972	.716734	.000000
2.96141	.716802	.000000
2.9631	.716907	.000000
2.9648	.716999	.000000
2.96649	.717018	.000000
2.96819	.716981	.000000
2.96989	.717059	.000000
2.97159	.717226	.000000
2.9733	.717382	.000000
2.975	.717442	.000000
2.97671	.717485	.000000
2.97842	.717617	.000000
2.98013	.717794	.000000
2.98184	.717907	.000000
2.98356	.718045	.000000
2.98528	.718160	.000000
2.987	.718333	.000000
2.98872	.718578	.000000
2.99044	.718790	.000000
2.99217	.718893	.000000
2.9939	.719019	.000000
2.99563	.719157	.000000
2.99736	.719356	.000000
2.99909	.719515	.000000
3.00083	.719671	.000000
3.00256	.719842	.000000
3.0043	.720011	.000000
3.00605	.720182	.000000
3.00779	.720363	.000000
3.00953	.720538	.000000
3.01128	.720750	.000000
3.01303	.720971	.000000
3.01478	.721185	.000000
3.01654	.721283	.000000
3.01829	.721393	.000000
3.02005	.721535	.000000
3.02181	.721732	.000000
3.02357	.721829	.000000
3.02534	.721950	.000000
3.0271	.722123	.000000
3.02887	.722354	.000000
3.03064	.722552	.000000
3.03241	.722737	.000000
3.03419	.722844	.000000
3.03596	.722984	.000000
3.03774	.723136	.000000
3.03952	.723350	.000000
3.04131	.723517	.000000
3.04309	.723645	.000000
3.04488	.723764	.000000
3.04667	.723853	.000000
3.04846	.723941	.000000
3.05025	.724118	.000000
3.05205	.724289	.000000
3.05384	.724462	.000000
3.05564	.724536	.000000
3.05745	.724567	.000000
3.05925	.724699	.000000
3.06106	.724896	.000000
3.06286	.725001	.000000
3.06467	.725123	.000000
3.06649	.725290	.000000
3.0683	.725417	.000000
3.07012	.725489	.000000
3.07194	.725559	.000000
3.07376	.725701	.000000
3.07558	.725856	.000000
3.0774	.725998	.000000
3.07923	.726158	.000000
3.08106	.726278	.000000
3.08289	.726432	.000000
3.08473	.726500	.000000
3.08656	.726587	.000000
3.0884	.726735	.000000
3.09024	.726910	.000000
3.09209	.727091	.000000
3.09393	.727295	.000000
3.09578	.727449	.000000
3.09763	.727583	.000000
3.09948	.727707	.000000
3.10133	.727894	.000000
3.10319	.728098	.000000
3.10505	.728332	.000000
3.10691	.728524	.000000
3.10877	.728726	.000000
3.11063	.728925	.000000
3.1125	.729098	.000000
3.11437	.729261	.000000
3.11624	.729496	.000000
3.11812	.729736	.000000
3.11999	.729932	.000000
3.12187	.730123	.000000
3.12375	.730385	.000000
3.12563	.730624	.000000
3.12752	.730838	.000000
3.12941	.731038	.000000
3.1313	.731248	.000000
3.13319	.731447	.000000
3.13508	.731727	.000000
3.13698	.731989	.000000
3.13888	.732252	.000000
3.14078	.732514	.000000
3.14268	.732740	.000000
3.14459	.732981	.000000
3.1465	.733222	.000000
3.14841	.733444	.000000
3.15032	.733685	.000000
3.15224	.733897	.000000
3.15415	.734132	.000000
3.15607	.734408	.000000
3.15799	.734684	.000000
3.15992	.734908	.000000
3.16185	.735169	.000000
3.16377	.735460	.000000
3.16571	.735717	.000000
3.16764	.735943	.000000
3.16958	.736174	.000000
3.17151	.736359	.000000
3.17346	.736598	.000000
3.1754	.736886	.000000
3.17734	.737179	.000000
3.17929	.737430	.000000
3.18124	.737658	.000000
3.1832	.737877	.000000
3.18515	.738122	.000000
3.18711	.738389	.000000
3.18907	.738679	.000000
3.19103	.738920	.000000
3.193	.739141	.000000
3.19496	.739386	.000000
3.19693	.739663	.000000
3.19891	.739906	.000000
3.20088	.740133	.000000
3.20286	.740324	.000000
3.20484	.740580	.000000
3.20682	.740818	.000000
3.2088	.741047	.000000
3.21079	.741296	.000000
3.21278	.741564	.000000
3.21477	.741798	.000000
3.21677	.742027	.000000
3.21876	.742249	.000000
3.22076	.742430	.000000
3.22276	.742626	.000000
3.22477	.742906	.000000
3.22677	.743141	.000000
3.22878	.743342	.000000
3.23079	.743534	.000000
3.23281	.743762	.000000
3.23482	.743964	.000000
3.23684	.744170	.000000
3.23887	.744361	.000000
3.24089	.744530	.000000
3.24292	.744689	.000000
3.24495	.744856	.000000
3.24698	.744996	.000000
3.24901	.745125	.000000
3.25105	.745276	.000000
3.25309	.745467	.000000
3.25513	.745599	.000000
3.25718	.745761	.000000
3.25922	.745891	.000000
3.26127	.745990	.000000
3.26333	.746124	.000000
3.26538	.746295	.000000
3.26744	.746441	.000000
3.2695	.746589	.000000
3.27156	.746706	.000000
3.27363	.746832	.000000
3.27569	.746894	.000000
3.27777	.746929	.000000
3.27984	.747042	.000000
3.28191	.747143	.000000
3.28399	.747114	.000000
3.28607	.747151	.000000
3.28816	.747235	.000000
3.29024	.747320	.000000
3.29233	.747324	.000000
3.29443	.747316	.000000
3.29652	.747316	.000000
3.29862	.747332	.000000
3.30072	.747314	.000000
3.30282	.747287	.000000
3.30492	.747223	.000000
3.30703	.747176	.000000
3.30914	.747128	.000000
3.31125	.747058	.000000
3.31337	.746922	.000000
3.31549	.746820	.000000
3.31761	.746700	.000000
3.31973	.746542	.000000
3.32186	.746430	.000000
3.32399	.746369	.000000
3.32612	.746200	.000000
3.32826	.745986	.000000
3.33039	.745823	.000000
3.33253	.745673	.000000
3.33468	.745426	.000000
3.33682	.745177	.000000
3.33897	.744882	.000000
3.34112	.744561	.000000
3.34328	.744172	.000000
3.34544	.743810	.000000
3.34759	.743431	.000000
3.34976	.742982	.000000
3.35192	.742439	.000000
3.35409	.741907	.000000
3.35626	.741315	.000000
3.35844	.740740	.000000
3.36061	.740094	.000000
3.36279	.739338	.000000
3.36497	.738486	.000000
3.36716	.737632	.000000
3.36935	.736829	.000000
3.37154	.736127	.000000
3.37373	.735456	.000000
3.37593	.734852	.000000
3.37813	.734366	.000000
3.38033	.734045	.000000
3.38253	.733938	.000000
3.38474	.734004	.000000
3.38695	.734119	.000000
3.38917	.734270	.000000
3.39138	.734161	.000000
3.3936	.733691	.000000
3.39582	.732913	.000000
3.39805	.731974	.000000
3.40028	.730916	.000000
3.40251	.729771	.000000
3.40474	.728495	.000000
3.40698	.727151	.000000
3.40922	.725839	.000000
3.41146	.724610	.000000
3.41371	.723459	.000000
3.41596	.722502	.000000
3.41821	.721710	.000000
3.42046	.721201	.000000
3.42272	.721034	.000000
3.42498	.721193	.000000
3.42725	.721570	.000000
3.42951	.722348	.000000
3.43178	.723628	.000000
3.43405	.725275	.000000
3.43633	.726863	.000000
3.43861	.728100	.000000
3.44089	.728946	.000000
3.44318	.729572	.000000
3.44546	.730068	.000000
3.44775	.730519	.000000
3.45005	.730910	.000000
3.45234	.731245	.000000
3.45465	.731532	.000000
3.45695	.731842	.000000
3.45925	.732096	.000000
3.46156	.732405	.000000
3.46388	.732654	.000000
3.46619	.732806	.000000
3.46851	.732866	.000000
3.47083	.732849	.000000
3.47316	.732798	.000000
3.47548	.732738	.000000
3.47782	.732567	.000000
3.48015	.732413	.000000
3.48249	.732355	.000000
3.48483	.732314	.000000
3.48717	.732102	.000000
3.48952	.731707	.000000
3.49187	.731027	.000000
3.49422	.730136	.000000
3.49658	.729090	.000000
3.49893	.728096	.000000
3.5013	.727225	.000000
3.50366	.726428	.000000
3.50603	.725745	.000000
3.5084	.725411	.000000
3.51078	.725953	.000000
3.51316	.727770	.000000
3.51554	.730161	.000000
3.51792	.732316	.000000
3.52031	.733934	.000000
3.5227	.735167	.000000
3.5251	.736186	.000000
3.5275	.736965	.000000
3.5299	.737504	.000000
3.5323	.737984	.000000
3.53471	.738369	.000000
3.53712	.738640	.000000
3.53954	.738844	.000000
3.54195	.739023	.000000
3.54438	.739174	.000000
3.5468	.739340	.000000
3.54923	.739437	.000000
3.55166	.739511	.000000
3.55409	.739567	.000000
3.55653	.739694	.000000
3.55897	.739746	.000000
3.56142	.739731	.000000
3.56386	.739703	.000000
3.56631	.739676	.000000
3.56877	.739678	.000000
3.57123	.739672	.000000
3.57369	.739604	.000000
3.57615	.739544	.000000
3.57862	.739470	.000000
3.58109	.739349	.000000
3.58357	.739202	.000000
3.58604	.739066	.000000
3.58853	.738937	.000000
3.59101	.738803	.000000
3.5935	.738618	.000000
3.59599	.738430	.000000
3.59849	.738179	.000000
3.60099	.737932	.000000
3.60349	.737691	.000000
3.60599	.737461	.000000
3.6085	.737234	.000000
3.61102	.737008	.000000
3.61353	.736738	.000000
3.61605	.736485	.000000
3.61858	.736172	.000000
3.6211	.735867	.000000
3.62363	.735567	.000000
3.62617	.735235	.000000
3.62871	.734858	.000000
3.63125	.734533	.000000
3.63379	.734243	.000000
3.63634	.733930	.000000
3.63889	.733549	.000000
3.64145	.733222	.000000
3.644	.732919	.000000
3.64657	.732612	.000000
3.64913	.732283	.000000
3.6517	.732013	.000000
3.65428	.731758	.000000
3.65685	.731525	.000000
3.65943	.731250	.000000
3.66202	.731005	.000000
3.66461	.730747	.000000
3.6672	.730494	.000000
3.66979	.730235	.000000
3.67239	.729953	.000000
3.675	.729619	.000000
3.6776	.729277	.000000
3.68021	.728901	.000000
3.68283	.728549	.000000
3.68544	.728229	.000000
3.68806	.727896	.000000
3.69069	.727511	.000000
3.69332	.727163	.000000
3.69595	.726735	.000000
3.69859	.726292	.000000
3.70123	.725864	.000000
3.70387	.725461	.000000
3.70652	.725057	.000000
3.70917	.724637	.000000
3.71183	.724213	.000000
3.71448	.723807	.000000
3.71715	.723387	.000000
3.71981	.722994	.000000
3.72248	.722582	.000000
3.72516	.722158	.000000
3.72783	.721714	.000000
3.73052	.721318	.000000
3.7332	.720923	.000000
3.73589	.720522	.000000
3.73859	.720067	.000000
3.74128	.719641	.000000
3.74398	.719229	.000000
3.74669	.718792	.000000
3.7494	.718356	.000000
3.75211	.717905	.000000
3.75483	.717432	.000000
3.75755	.716987	.000000
3.76027	.716530	.000000
3.763	.716077	.000000
3.76574	.715608	.000000
3.76847	.715157	.000000
3.77121	.714681	.000000
3.77396	.714183	.000000
3.77671	.713722	.000000
3.77946	.713308	.000000
3.78222	.712832	.000000
3.78498	.712363	.000000
3.78774	.711898	.000000
3.79051	.711453	.000000
3.79328	.711015	.000000
3.79606	.710582	.000000
3.79884	.710107	.000000
3.80163	.709674	.000000
3.80441	.709257	.000000
3.80721	.708861	.000000
3.81001	.708435	.000000
3.81281	.708048	.000000
3.81561	.707663	.000000
3.81842	.707325	.000000
3.82124	.706984	.000000
3.82405	.706644	.000000
3.82688	.706315	.000000
3.8297	.706022	.000000
3.83253	.705763	.000000
3.83537	.705563	.000000
3.83821	.705339	.000000
3.84105	.705127	.000000
3.8439	.704933	.000000
3.84675	.704781	.000000
3.8496	.704624	.000000
3.85246	.704482	.000000
3.85533	.704299	.000000
3.8582	.704169	.000000
3.86107	.703994	.000000
3.86395	.703819	.000000
3.86683	.703638	.000000
3.86971	.703480	.000000
3.8726	.703309	.000000
3.8755	.703152	.000000
3.8784	.702988	.000000
3.8813	.702844	.000000
3.88421	.702656	.000000
3.88712	.702498	.000000
3.89003	.702308	.000000
3.89295	.702142	.000000
3.89588	.701958	.000000
3.89881	.701765	.000000
3.90174	.701551	.000000
3.90468	.701333	.000000
3.90762	.701046	.000000
3.91057	.700828	.000000
3.91352	.700559	.000000
3.91648	.700260	.000000
3.91944	.699999	.000000
3.9224	.699764	.000000
3.92537	.699461	.000000
3.92835	.699171	.000000
3.93132	.698879	.000000
3.93431	.698553	.000000
3.93729	.698162	.000000
3.94029	.697775	.000000
3.94328	.697363	.000000
3.94628	.696954	.000000
3.94929	.696495	.000000
3.9523	.696019	.000000
3.95531	.695465	.000000
3.95833	.694924	.000000
3.96136	.694337	.000000
3.96439	.693726	.000000
3.96742	.693048	.000000
3.97046	.692326	.000000
3.9735	.691543	.000000
3.97655	.690747	.000000
3.9796	.689864	.000000
3.98265	.688968	.000000
3.98571	.688066	.000000
3.98878	.687177	.000000
3.99185	.686240	.000000
3.99493	.685318	.000000
3.99801	.684398	.000000
4.00109	.683547	.000000
4.00418	.682743	.000000
4.00728	.682082	.000000
4.01038	.681540	.000000
4.01348	.681118	.000000
4.01659	.680834	.000000
4.0197	.680733	.000000
4.02282	.680770	.000000
4.02594	.680947	.000000
4.02907	.681180	.000000
4.0322	.681514	.000000
4.03534	.681837	.000000
4.03849	.682160	.000000
4.04163	.682475	.000000
4.04479	.682728	.000000
4.04794	.682911	.000000
4.05111	.683068	.000000
4.05427	.683130	.000000
4.05745	.683138	.000000
4.06062	.683062	.000000
4.0638	.682961	.000000
4.06699	.682802	.000000
4.07018	.682615	.000000
4.07338	.682366	.000000
4.07658	.682102	.000000
4.07979	.681773	.000000
4.083	.681415	.000000
4.08622	.681024	.000000
4.08944	.680645	.000000
4.09267	.680241	.000000
4.0959	.679827	.000000
4.09914	.679372	.000000
4.10238	.678950	.000000
4.10563	.678495	.000000
4.10889	.678026	.000000
4.11214	.677509	.000000
4.11541	.676982	.000000
4.11868	.676472	.000000
4.12195	.675992	.000000
4.12523	.675440	.000000
4.12851	.674903	.000000
4.1318	.674380	.000000
4.1351	.673845	.000000
4.1384	.673273	.000000
4.1417	.672692	.000000
4.14502	.672109	.000000
4.14833	.671572	.000000
4.15165	.670985	.000000
4.15498	.670386	.000000
4.15831	.669787	.000000
4.16165	.669221	.000000
4.16499	.668614	.000000
4.16834	.668037	.000000
4.17169	.667448	.000000
4.17505	.666845	.000000
4.17841	.666221	.000000
4.18178	.665647	.000000
4.18516	.665058	.000000
4.18854	.664511	.000000
4.19193	.663945	.000000
4.19532	.663397	.000000
4.19871	.662827	.000000
4.20212	.662213	.000000
4.20552	.661629	.000000
4.20894	.661073	.000000
4.21236	.660422	.000000
4.21578	.659796	.000000
4.21921	.659125	.000000
4.22265	.658470	.000000
4.22609	.657768	.000000
4.22954	.657058	.000000
4.23299	.656381	.000000
4.23645	.655769	.000000
4.23991	.655113	.000000
4.24338	.654497	.000000
4.24686	.653878	.000000
4.25034	.653278	.000000
4.25383	.652683	.000000
4.25732	.652019	.000000
4.26082	.651218	.000000
4.26432	.650442	.000000
4.26783	.649680	.000000
4.27134	.648996	.000000
4.27486	.648325	.000000
4.27839	.647741	.000000
4.28192	.647154	.000000
4.28546	.646571	.000000
4.28901	.645984	.000000
4.29256	.645408	.000000
4.29612	.644782	.000000
4.29968	.644237	.000000
4.30325	.643656	.000000
4.30682	.643059	.000000
4.3104	.642448	.000000
4.31399	.641816	.000000
4.31758	.641142	.000000
4.32118	.640480	.000000
4.32478	.639808	.000000
4.32839	.639180	.000000
4.33201	.638456	.000000
4.33563	.637748	.000000
4.33926	.637017	.000000
4.34289	.636290	.000000
4.34653	.635555	.000000
4.35018	.634837	.000000
4.35383	.634096	.000000
4.35749	.633375	.000000
4.36115	.632615	.000000
4.36482	.631870	.000000
4.3685	.631125	.000000
4.37218	.630396	.000000
4.37587	.629645	.000000
4.37957	.628922	.000000
4.38327	.628173	.000000
4.38698	.627464	.000000
4.39069	.626717	.000000
4.39441	.626040	.000000
4.39814	.625344	.000000
4.40188	.624656	.000000
4.40562	.623963	.000000
4.40936	.623279	.000000
4.41311	.622567	.000000
4.41687	.621885	.000000
4.42064	.621177	.000000
4.42441	.620500	.000000
4.42819	.619796	.000000
4.43197	.619100	.000000
4.43577	.618369	.000000
4.43956	.617636	.000000
4.44337	.616881	.000000
4.44718	.616187	.000000
4.451	.615464	.000000
4.45482	.614742	.000000
4.45865	.613998	.000000
4.46249	.613268	.000000
4.46633	.612529	.000000
4.47018	.611810	.000000
4.47404	.611042	.000000
4.4779	.610313	.000000
4.48177	.609554	.000000
4.48565	.608817	.000000
4.48953	.608051	.000000
4.49342	.607285	.000000
4.49732	.606517	.000000
4.50122	.605758	.000000
4.50513	.604957	.000000
4.50905	.604172	.000000
4.51297	.603367	.000000
4.51691	.602583	.000000
4.52084	.601764	.000000
4.52479	.600953	.000000
4.52874	.600108	.000000
4.5327	.599271	.000000
4.53667	.598410	.000000
4.54064	.597591	.000000
4.54462	.596718	.000000
4.5486	.595868	.000000
4.5526	.595017	.000000
4.5566	.594144	.000000
4.56061	.593228	.000000
4.56462	.592357	.000000
4.56864	.591489	.000000
4.57267	.590647	.000000
4.57671	.589784	.000000
4.58075	.588950	.000000
4.5848	.588096	.000000
4.58886	.587277	.000000
4.59292	.586478	.000000
4.59699	.585661	.000000
4.60107	.584802	.000000
4.60516	.584024	.000000
4.60925	.583235	.000000
4.61335	.582476	.000000
4.61746	.581698	.000000
4.62157	.580952	.000000
4.6257	.580244	.000000
4.62983	.579565	.000000
4.63396	.578844	.000000
4.63811	.578171	.000000
4.64226	.577446	.000000
4.64642	.576738	.000000
4.65059	.576042	.000000
4.65476	.575357	.000000
4.65895	.574640	.000000
4.66314	.573936	.000000
4.66733	.573216	.000000
4.67154	.572510	.000000
4.67575	.571764	.000000
4.67997	.571033	.000000
4.6842	.570266	.000000
4.68843	.569500	.000000
4.69268	.568697	.000000
4.69693	.567886	.000000
4.70119	.567048	.000000
4.70545	.566239	.000000
4.70972	.565368	.000000
4.71401	.564491	.000000
4.7183	.563558	.000000
4.72259	.562632	.000000
4.7269	.561706	.000000
4.73121	.560777	.000000
4.73553	.559756	.000000
4.73986	.558753	.000000
4.74419	.557712	.000000
4.74854	.556674	.000000
4.75289	.555579	.000000
4.75725	.554473	.000000
4.76162	.553316	.000000
4.766	.552120	.000000
4.77038	.550817	.000000
4.77477	.549485	.000000
4.77917	.548025	.000000
4.78358	.546512	.000000
4.788	.544904	.000000
4.79243	.543218	.000000
4.79686	.541386	.000000
4.8013	.539439	.000000
4.80575	.537394	.000000
4.81021	.535303	.000000
4.81467	.533015	.000000
4.81915	.530557	.000000
4.82363	.527898	.000000
4.82812	.525013	.000000
4.83262	.521728	.000000
4.83713	.518010	.000000
4.84165	.513783	.000000
4.84617	.508943	.000000
4.85071	.503302	.000000
4.85525	.496780	.000000
4.8598	.489256	.000000
4.86436	.480743	.000000
4.86892	.471335	.000000
4.8735	.461218	.000000
4.87809	.450589	.000000
4.88268	.439798	.000000
4.88728	.429171	.000000
4.89189	.419089	.000000
4.89651	.409747	.000000
4.90114	.401222	.000000
4.90577	.393425	.000000
4.91042	.386177	.000000
4.91507	.379307	.000000
4.91974	.372760	.000000
4.92441	.366432	.000000
4.92909	.360492	.000000
4.93378	.355302	.000000
4.93848	.351412	.000000
4.94319	.349244	.000000
4.9479	.348857	.000000
4.95263	.349989	.000000
4.95736	.352169	.000000
4.96211	.354920	.000000
4.96686	.357948	.000000
4.97162	.361052	.000000
4.97639	.364099	.000000
4.98117	.367029	.000000
4.98596	.369792	.000000
4.99076	.372357	.000000
4.99557	.374728	.000000
5.00039	.376863	.000000
5.00522	.378844	.000000
5.01005	.380618	.000000
5.0149	.382193	.000000
5.01975	.383575	.000000
5.02462	.384775	.000000
5.02949	.385753	.000000
5.03437	.386523	.000000
5.03926	.387046	.000000
5.04417	.387369	.000000
5.04908	.387422	.000000
5.054	.387210	.000000
5.05893	.386729	.000000
5.06387	.386000	.000000
5.06882	.385053	.000000
5.07378	.383881	.000000
5.07875	.382436	.000000
5.08373	.380797	.000000
5.08872	.378980	.000000
5.09371	.376987	.000000
5.09872	.374870	.000000
5.10374	.372663	.000000
5.10877	.370376	.000000
5.11381	.368013	.000000
5.11886	.365563	.000000
5.12391	.363062	.000000
5.12898	.360387	.000000
5.13406	.357497	.000000
5.13915	.354407	.000000
5.14425	.351230	.000000
5.14936	.348099	.000000
5.15447	.345089	.000000
5.1596	.342112	.000000
5.16474	.339142	.000000
5.16989	.336122	.000000
5.17505	.333019	.000000
5.18022	.329696	.000000
5.1854	.326135	.000000
5.19059	.322448	.000000
5.19579	.318814	.000000
5.201	.315442	.000000
5.20622	.312535	.000000
5.21146	.310184	.000000
5.2167	.308545	.000000
5.22195	.307600	.000000
5.22722	.307252	.000000
5.23249	.307368	.000000
5.23778	.307782	.000000
5.24307	.308356	.000000
5.24838	.308945	.000000
5.2537	.309505	.000000
5.25903	.310091	.000000
5.26437	.310639	.000000
5.26971	.311065	.000000
5.27508	.311296	.000000
5.28045	.311294	.000000
5.28583	.311040	.000000
5.29122	.310536	.000000
5.29663	.309867	.000000
5.30204	.309095	.000000
5.30747	.308329	.000000
5.31291	.307619	.000000
5.31836	.306892	.000000
5.32382	.306075	.000000
5.32929	.304978	.000000
5.33477	.303411	.000000
5.34027	.301288	.000000
5.34577	.298589	.000000
5.35129	.295462	.000000
5.35682	.292189	.000000
5.36235	.288977	.000000
5.36791	.286001	.000000
5.37347	.283295	.000000
5.37904	.280732	.000000
5.38463	.278107	.000000
5.39023	.275234	.000000
5.39583	.272069	.000000
5.40146	.268668	.000000
5.40709	.265191	.000000
5.41273	.261833	.000000
5.41839	.258706	.000000
5.42406	.255880	.000000
5.42974	.253479	.000000
5.43543	.251443	.000000
5.44113	.249809	.000000
5.44685	.248598	.000000
5.45257	.247952	.000000
5.45831	.247758	.000000
5.46406	.247943	.000000
5.46983	.248452	.000000
5.4756	.249057	.000000
5.48139	.249728	.000000
5.48719	.250430	.000000
5.49301	.250996	.000000
5.49883	.251388	.000000
5.50467	.251532	.000000
5.51052	.251439	.000000
5.51638	.251075	.000000
5.52225	.250428	.000000
5.52814	.249492	.000000
5.53404	.248188	.000000
5.53995	.246313	.000000
5.54588	.243645	.000000
5.55181	.239980	.000000
5.55777	.235235	.000000
5.56373	.229343	.000000
5.56971	.222399	.000000
5.5757	.214609	.000000
5.5817	.206457	.000000
5.58771	.198640	.000000
5.59374	.191677	.000000
5.59978	.185822	.000000
5.60583	.181429	.000000
5.6119	.178462	.000000
5.61798	.176824	.000000
5.62407	.176212	.000000
5.63018	.176529	.000000
5.6363	.177649	.000000
5.64243	.179850	.000000
5.64858	.183020	.000000
5.65474	.187037	.000000
5.66091	.191846	.000000
5.6671	.197281	.000000
5.6733	.203091	.000000
5.67951	.209293	.000000
5.68574	.215354	.000000
5.69198	.221341	.000000
5.69824	.227233	.000000
5.7045	.232901	.000000
5.71079	.238541	.000000
5.71708	.244155	.000000
5.72339	.249370	.000000
5.72972	.254218	.000000
5.73606	.258560	.000000
5.74241	.262186	.000000
5.74877	.264979	.000000
5.75515	.266898	.000000
5.76155	.267583	.000000
5.76796	.267569	.000000
5.77438	.267165	.000000
5.78082	.266163	.000000
5.78727	.264814	.000000
5.79374	.263318	.000000
5.80022	.261698	.000000
5.80671	.260149	.000000
5.81322	.258698	.000000
5.81974	.257391	.000000
5.82628	.256361	.000000
5.83284	.255377	.000000
5.8394	.254163	.000000
5.84599	.252775	.000000
5.85259	.251289	.000000
5.8592	.249907	.000000
5.86583	.248753	.000000
5.87247	.247931	.000000
5.87913	.247334	.000000
5.8858	.247348	.000000
5.89249	.247482	.000000
5.89919	.247886	.000000
5.90591	.248394	.000000
5.91265	.248619	.000000
5.9194	.248382	.000000
5.92616	.247579	.000000
5.93294	.246074	.000000
5.93974	.244293	.000000
5.94655	.242373	.000000
5.95338	.240159	.000000
5.96022	.237648	.000000
5.96708	.234982	.000000
5.97395	.232417	.000000
5.98084	.230232	.000000
5.98775	.228623	.000000
5.99467	.228242	.000000
6.00161	.229425	.000000
6.00856	.232546	.000000
6.01553	.238298	.000000
6.02252	.246904	.000000
6.02952	.257975	.000000
6.03654	.271087	.000000
6.04358	.284881	.000000
6.05063	.300259	.000000
6.0577	.315236	.000000
6.06478	.328006	.000000
6.07188	.339854	.000000
6.079	.350868	.000000
6.08614	.360095	.000000
6.09329	.367906	.000000
6.10046	.374510	.000000
6.10764	.379945	.000000
6.11485	.384635	.000000
6.12206	.388851	.000000
6.1293	.392013	.000000
6.13655	.394556	.000000
6.14383	.396503	.000000
6.15111	.398039	.000000
6.15842	.399044	.000000
6.16574	.399832	.000000
6.17308	.400190	.000000
6.18044	.400102	.000000
6.18781	.399847	.000000
6.19521	.399645	.000000
6.20262	.399035	.000000
6.21005	.398228	.000000
6.21749	.397178	.000000
6.22496	.396071	.000000
6.23244	.394757	.000000
6.23994	.393411	.000000
6.24745	.392120	.000000
6.25499	.391093	.000000
6.26254	.390284	.000000
6.27012	.389940	.000000
6.27771	.390051	.000000
6.28532	.390681	.000000
6.29294	.391694	.000000
6.30059	.393057	.000000
6.30825	.394517	.000000
6.31594	.395949	.000000
6.32364	.397191	.000000
6.33136	.398173	.000000
6.3391	.398601	.000000
6.34686	.398943	.000000
6.35464	.399159	.000000
6.36244	.398871	.000000
6.37025	.398317	.000000
6.37809	.397843	.000000
6.38594	.397347	.000000
6.39382	.396995	.000000
6.40171	.396672	.000000
6.40962	.396229	.000000
6.41756	.396246	.000000
6.42551	.396573	.000000
6.43348	.396629	.000000
6.44147	.396602	.000000
6.44948	.396324	.000000
6.45752	.395894	.000000
6.46556	.395212	.000000
6.47364	.394331	.000000
6.48173	.393335	.000000
6.48984	.392314	.000000
6.49797	.391768	.000000
6.50613	.391698	.000000
6.5143	.391531	.000000
6.52249	.391519	.000000
6.53071	.391733	.000000
6.53894	.391943	.000000
6.5472	.392151	.000000
6.55548	.392423	.000000
6.56378	.392643	.000000
6.57209	.392734	.000000
6.58044	.392997	.000000
6.5888	.393032	.000000
6.59718	.392746	.000000
6.60558	.392168	.000000
6.61401	.391212	.000000
6.62246	.389924	.000000
6.63092	.388172	.000000
6.63941	.386230	.000000
6.64793	.384450	.000000
6.65646	.382389	.000000
6.66502	.379943	.000000
6.67359	.377291	.000000
6.68219	.374498	.000000
6.69082	.371655	.000000
6.69946	.368639	.000000
6.70813	.365244	.000000
6.71681	.361730	.000000
6.72552	.358111	.000000
6.73426	.354304	.000000
6.74302	.350351	.000000
6.7518	.346415	.000000
6.7606	.342635	.000000
6.76942	.339136	.000000
6.77827	.335996	.000000
6.78715	.333342	.000000
6.79604	.331584	.000000
6.80496	.330674	.000000
6.8139	.330168	.000000
6.82287	.329954	.000000
6.83186	.330079	.000000
6.84087	.330487	.000000
6.84991	.330845	.000000
6.85897	.330800	.000000
6.86805	.330516	.000000
6.87716	.329863	.000000
6.88629	.328558	.000000
6.89545	.326687	.000000
6.90463	.324270	.000000
6.91384	.321569	.000000
6.92307	.318610	.000000
6.93233	.315415	.000000
6.94161	.312099	.000000
6.95091	.308689	.000000
6.96024	.305076	.000000
6.9696	.301470	.000000
6.97898	.297682	.000000
6.98838	.293655	.000000
6.99781	.289447	.000000
7.00726	.285315	.000000
7.01675	.281375	.000000
7.02625	.277943	.000000
7.03579	.275256	.000000
7.04535	.273461	.000000
7.05493	.272541	.000000
7.06454	.272246	.000000
7.07418	.272224	.000000
7.08385	.272388	.000000
7.09354	.272495	.000000
7.10325	.272351	.000000
7.113	.271761	.000000
7.12277	.270770	.000000
7.13257	.269331	.000000
7.14239	.267542	.000000
7.15224	.265599	.000000
7.16212	.263662	.000000
7.17203	.261710	.000000
7.18196	.259952	.000000
7.19192	.258395	.000000
7.20191	.257119	.000000
7.21193	.256219	.000000
7.22197	.255756	.000000
7.23204	.255454	.000000
7.24215	.255295	.000000
7.25227	.255163	.000000
7.26243	.254931	.000000
7.27262	.254371	.000000
7.28283	.253418	.000000
7.29307	.251974	.000000
7.30334	.250039	.000000
7.31364	.247565	.000000
7.32397	.244728	.000000
7.33433	.241718	.000000
7.34472	.238799	.000000
7.35514	.236011	.000000
7.36558	.233415	.000000
7.37606	.230959	.000000
7.38657	.228647	.000000
7.39711	.226348	.000000
7.40767	.224028	.000000
7.41827	.221559	.000000
7.4289	.218957	.000000
7.43956	.216213	.000000
7.45025	.213481	.000000
7.46097	.210778	.000000
7.47171	.208307	.000000
7.4825	.206018	.000000
7.49331	.203914	.000000
7.50415	.201929	.000000
7.51503	.200138	.000000
7.52594	.198508	.000000
7.53687	.197149	.000000
7.54785	.196159	.000000
7.55885	.195655	.000000
7.56989	.195550	.000000
7.58095	.195860	.000000
7.59205	.196394	.000000
7.60318	.197110	.000000
7.61435	.197886	.000000
7.62554	.198664	.000000
7.63677	.199358	.000000
7.64804	.199935	.000000
7.65933	.200305	.000000
7.67067	.200492	.000000
7.68203	.200394	.000000
7.69343	.200101	.000000
7.70486	.199572	.000000
7.71632	.198889	.000000
7.72782	.197979	.000000
7.73935	.196914	.000000
7.75092	.195727	.000000
7.76253	.194572	.000000
7.77416	.193497	.000000
7.78583	.192614	.000000
7.79754	.191912	.000000
7.80929	.191523	.000000
7.82106	.191383	.000000
7.83288	.191416	.000000
7.84473	.191484	.000000
7.85661	.191496	.000000
7.86854	.191241	.000000
7.8805	.190796	.000000
7.89249	.190139	.000000
7.90452	.189363	.000000
7.91659	.188490	.000000
7.9287	.187564	.000000
7.94084	.186481	.000000
7.95302	.185252	.000000
7.96523	.183733	.000000
7.97749	.181942	.000000
7.98978	.179846	.000000
8.00211	.177511	.000000
8.01447	.174967	.000000
8.02688	.172424	.000000
8.03932	.169861	.000000
8.05181	.167393	.000000
8.06433	.164939	.000000
8.07689	.162538	.000000
8.08949	.160027	.000000
8.10213	.157400	.000000
8.11481	.154586	.000000
8.12753	.151584	.000000
8.14028	.148403	.000000
8.15308	.145272	.000000
8.16592	.142256	.000000
8.1788	.139592	.000000
8.19172	.137307	.000000
8.20468	.135417	.000000
8.21769	.133803	.000000
8.23073	.132436	.000000
8.24382	.131201	.000000
8.25695	.130110	.000000
8.27012	.128963	.000000
8.28333	.127777	.000000
8.29658	.126466	.000000
8.30987	.125047	.000000
8.32321	.123435	.000000
8.33659	.121706	.000000
8.35002	.119808	.000000
8.36348	.117778	.000000
8.377	.115571	.000000
8.39055	.113362	.000000
8.40415	.111104	.000000
8.41779	.108944	.000000
8.43148	.106923	.000000
8.44521	.105101	.000000
8.45899	.103433	.000000
8.47281	.101947	.000000
8.48667	.100512	.000000
8.50059	.099081	.000000
8.51455	.097537	.000000
8.52855	.095925	.000000
8.5426	.094120	.000000
8.5567	.092263	.000000
8.57084	.090332	.000000
8.58503	.088411	.000000
8.59927	.086441	.000000
8.61355	.084495	.000000
8.62788	.082535	.000000
8.64226	.080596	.000000
8.65669	.078671	.000000
8.67117	.076841	.000000
8.68569	.074988	.000000
8.70026	.073195	.000000
8.71488	.071402	.000000
8.72955	.069685	.000000
8.74428	.067912	.000000
8.75905	.066208	.000000
8.77387	.064522	.000000
8.78874	.062961	.000000
8.80366	.061467	.000000
8.81863	.060155	.000000
8.83365	.058943	.000000
8.84872	.057924	.000000
8.86385	.057098	.000000
8.87903	.056544	.000000
8.89426	.056149	.000000
8.90954	.056182	.000000
8.92488	.056762	.000000
8.94027	.057819	.000000
8.95571	.059148	.000000
8.9712	.060816	.000000
8.98675	.062759	.000000
9.00235	.065150	.000000
9.018	.067980	.000000
9.03371	.071340	.000000
9.04948	.075110	.000000
9.0653	.079379	.000000
9.08118	.084112	.000000
9.09711	.089382	.000000
9.11309	.095161	.000000
9.12914	.101541	.000000
9.14524	.108355	.000000
9.16139	.115861	.000000
9.17761	.124201	.000000
9.19388	.133142	.000000
9.21021	.142357	.000000
9.2266	.151940	.000000
9.24304	.161826	.000000
9.25955	.171895	.000000
9.27611	.181845	.000000
9.29274	.191506	.000000
9.30942	.200478	.000000
9.32616	.208104	.000000
9.34297	.213586	.000000
9.35983	.216806	.000000
9.37676	.218199	.000000
9.39374	.218541	.000000
9.41079	.218498	.000000
9.4279	.218508	.000000
9.44507	.218597	.000000
9.46231	.218708	.000000
9.47961	.218792	.000000
9.49697	.218877	.000000
9.5144	.218794	.000000
9.53188	.218457	.000000
9.54944	.217823	.000000
9.56706	.216952	.000000
9.58474	.215850	.000000
9.60249	.214658	.000000
9.62031	.213485	.000000
9.63819	.212264	.000000
9.65614	.210934	.000000
9.67415	.209532	.000000
9.69223	.208110	.000000
9.71038	.206642	.000000
9.7286	.205063	.000000
9.74688	.203451	.000000
9.76524	.201794	.000000
9.78366	.200116	.000000
9.80216	.198428	.000000
9.82073	.196756	.000000
9.83936	.195132	.000000
9.85807	.193590	.000000
9.87684	.191988	.000000
9.89569	.190349	.000000
9.91462	.188558	.000000
9.93361	.186621	.000000
9.95268	.184620	.000000
9.97182	.182516	.000000
9.99103	.180548	.000000
10.01032	.179204	.000000
10.02968	.178697	.000000
10.04912	.179261	.000000
10.06863	.181423	.000000
10.08821	.186156	.000000
10.10788	.193470	.000000
10.12762	.200818	.000000
10.14744	.204219	.000000
10.16734	.201678	.000000
10.18731	.194172	.000000
10.20737	.184482	.000000
10.2275	.175415	.000000
10.24772	.168813	.000000
10.26801	.165219	.000000
10.28838	.164393	.000000
10.30884	.166118	.000000
10.32937	.170230	.000000
10.34999	.176083	.000000
10.37069	.182485	.000000
10.39148	.188453	.000000
10.41234	.197839	.000000
10.43329	.217878	.000000
10.45433	.244328	.000000
10.47545	.265333	.000000
10.49665	.277735	.000000
10.51794	.284072	.000000
10.53932	.286783	.000000
10.56079	.287357	.000000
10.58234	.286713	.000000
10.60398	.285313	.000000
10.62571	.283324	.000000
10.64753	.280920	.000000
10.66944	.278223	.000000
10.69144	.275384	.000000
10.71353	.272512	.000000
10.73571	.269521	.000000
10.75798	.266431	.000000
10.78034	.263260	.000000
10.8028	.260051	.000000
10.82536	.256849	.000000
10.848	.253642	.000000
10.87075	.250572	.000000
10.89358	.247859	.000000
10.91652	.245467	.000000
10.93955	.243293	.000000
10.96268	.241216	.000000
10.9859	.239215	.000000
11.00923	.237242	.000000
11.03265	.235342	.000000
11.05617	.233401	.000000
11.0798	.231348	.000000
11.10352	.229203	.000000
11.12735	.227208	.000000
11.15128	.225368	.000000
11.17532	.223620	.000000
11.19945	.221724	.000000
11.2237	.219535	.000000
11.24804	.216946	.000000
11.2725	.213798	.000000
11.29705	.209993	.000000
11.32172	.205670	.000000
11.3465	.200676	.000000
11.37138	.195006	.000000
11.39637	.188396	.000000
11.42148	.180204	.000000
11.44669	.169937	.000000
11.47201	.157715	.000000
11.49745	.144566	.000000
11.523	.132203	.000000
11.54867	.121537	.000000
11.57445	.112662	.000000
11.60034	.105385	.000000
11.62635	.099522	.000000
11.65248	.094593	.000000
11.67872	.090255	.000000
11.70508	.086274	.000000
11.73156	.082451	.000000
11.75816	.078543	.000000
11.78488	.074848	.000000
11.81173	.072139	.000000
11.8387	.071573	.000000
11.86579	.073335	.000000
11.89301	.076164	.000000
11.92035	.078377	.000000
11.94782	.079178	.000000
11.97541	.078758	.000000
12.00313	.077881	.000000
12.03098	.076948	.000000
12.05896	.076145	.000000
12.08707	.075495	.000000
12.11531	.075134	.000000
12.14369	.075040	.000000
12.17219	.075138	.000000
12.20083	.075278	.000000
12.22961	.075577	.000000
12.25852	.075949	.000000
12.28756	.076376	.000000
12.31675	.076913	.000000
12.34607	.077687	.000000
12.37554	.078646	.000000
12.40515	.079816	.000000
12.43489	.080991	.000000
12.46479	.082226	.000000
12.49483	.083435	.000000
12.52501	.084722	.000000
12.55534	.086010	.000000
12.58581	.087227	.000000
12.61643	.088304	.000000
12.64721	.089378	.000000
12.67813	.090301	.000000
12.70921	.091204	.000000
12.74043	.092108	.000000
12.77181	.092971	.000000
12.80335	.093753	.000000
12.83504	.094358	.000000
12.86689	.094750	.000000
12.8989	.095102	.000000
12.93105	.095231	.000000
12.96338	.095274	.000000
12.99587	.095143	.000000
13.02853	.094745	.000000
13.06134	.094260	.000000
13.09433	.093807	.000000
13.12748	.093216	.000000
13.1608	.092534	.000000
13.19429	.091713	.000000
13.22795	.090953	.000000
13.26178	.090463	.000000
13.29579	.090130	.000000
13.32996	.089749	.000000
13.36432	.089273	.000000
13.39886	.088722	.000000
13.43357	.088195	.000000
13.46846	.087602	.000000
13.50354	.087038	.000000
13.5388	.086410	.000000
13.57424	.085580	.000000
13.60987	.084559	.000000
13.64567	.083509	.000000
13.68167	.082416	.000000
13.71787	.081218	.000000
13.75426	.079756	.000000
13.79084	.078371	.000000
13.82761	.077041	.000000
13.86459	.075583	.000000
13.90176	.074080	.000000
13.93913	.072602	.000000
13.97671	.071077	.000000
14.01448	.069586	.000000
14.05246	.068079	.000000
14.09065	.066572	.000000
14.12904	.065162	.000000
14.16765	.063680	.000000
14.20647	.061971	.000000
14.2455	.060312	.000000
14.28474	.058706	.000000
14.3242	.057051	.000000
14.36388	.055367	.000000
14.40378	.053790	.000000
14.44391	.052256	.000000
14.48426	.050576	.000000
14.52483	.049092	.000000
14.56563	.047910	.000000
14.60666	.046625	.000000
14.64792	.045314	.000000
14.68942	.044223	.000000
14.73114	.043204	.000000
14.77311	.042168	.000000
14.81532	.041085	.000000
14.85777	.039974	.000000
14.90046	.039183	.000000
14.94341	.038833	.000000
14.98659	.038728	.000000
15.03004	.038841	.000000
15.07373	.039290	.000000
15.11768	.040062	.000000
15.16189	.041219	.000000
15.20635	.043035	.000000
15.25107	.045637	.000000
15.29606	.048701	.000000
15.34133	.052312	.000000
15.38685	.056738	.000000
15.43264	.061656	.000000
15.47871	.066650	.000000
15.52506	.071604	.000000
15.57168	.076318	.000000
15.61858	.080625	.000000
15.66575	.084417	.000000
15.71322	.087863	.000000
15.76099	.090756	.000000
15.80904	.092956	.000000
15.85738	.094342	.000000
15.90603	.095215	.000000
15.95497	.095270	.000000
16.00422	.094389	.000000
16.05377	.092895	.000000
16.10363	.091213	.000000
16.1538	.089251	.000000
16.20428	.086638	.000000
16.25507	.083406	.000000
16.30619	.080149	.000000
16.35764	.076719	.000000
16.4094	.073232	.000000
16.4615	.069858	.000000
16.51393	.066500	.000000
16.56669	.063186	.000000
16.61979	.060184	.000000
16.67322	.056939	.000000
16.72699	.053773	.000000
16.78112	.051109	.000000
16.83561	.048937	.000000
16.89045	.047367	.000000
16.94565	.046922	.000000
17.00121	.047636	.000000
17.05713	.049143	.000000
17.11344	.051255	.000000
17.1701	.054041	.000000
17.22715	.057786	.000000
17.28457	.062702	.000000
17.34238	.067768	.000000
17.40058	.073115	.000000
17.45917	.079027	.000000
17.51816	.085438	.000000
17.57754	.091801	.000000
17.63733	.097673	.000000
17.69753	.102875	.000000
17.75814	.107553	.000000
17.81916	.111583	.000000
17.88061	.115295	.000000
17.94246	.118723	.000000
18.00476	.122637	.000000
18.0675	.127497	.000000
18.13067	.132658	.000000
18.19429	.137249	.000000
18.25835	.140059	.000000
18.32287	.140982	.000000
18.38786	.141229	.000000
18.45329	.142098	.000000
18.5192	.145200	.000000
18.58558	.150991	.000000
18.65243	.159454	.000000
18.71977	.169762	.000000
18.7876	.179809	.000000
18.85593	.188101	.000000
18.92475	.192871	.000000
18.99407	.192842	.000000
19.0639	.189273	.000000
19.13425	.183834	.000000
19.20512	.178067	.000000
19.27651	.172511	.000000
19.34842	.167065	.000000
19.42089	.161511	.000000
19.4939	.155983	.000000
19.56746	.151432	.000000
19.64158	.148646	.000000
19.71626	.147880	.000000
19.79152	.147769	.000000
19.86737	.145056	.000000
19.94378	.138318	.000000
20.02078	.128053	.000000
20.09838	.116366	.000000
20.17659	.104473	.000000
20.2554	.093533	.000000
20.33483	.083530	.000000
20.41487	.074858	.000000
20.49556	.067334	.000000
20.57689	.061316	.000000
20.65887	.057662	.000000
20.74151	.057874	.000000
20.82481	.061602	.000000
20.90878	.067037	.000000
20.99345	.071960	.000000
21.07879	.076326	.000000
21.16483	.080400	.000000
21.25157	.083011	.000000
21.33902	.083309	.000000
21.4272	.081214	.000000
21.51611	.077549	.000000
21.60574	.075647	.000000
21.69614	.075871	.000000
21.7873	.078906	.000000
21.87923	.086369	.000000
21.97194	.095307	.000000
22.06544	.105792	.000000
22.15973	.119551	.000000
22.25486	.134935	.000000
22.35079	.148397	.000000
22.44754	.158398	.000000
22.54514	.165064	.000000
22.64359	.169400	.000000
22.74291	.172807	.000000
22.8431	.178901	.000000
22.94415	.189612	.000000
23.04612	.203550	.000000
23.14901	.220935	.000000
23.25281	.238270	.000000
23.35756	.252506	.000000
23.46325	.263546	.000000
23.5699	.272454	.000000
23.67752	.278875	.000000
23.78613	.282873	.000000
23.89575	.285539	.000000
24.00638	.285696	.000000
24.11803	.279124	.000000
24.23073	.265197	.000000
24.34452	.244246	.000000
24.45936	.221866	.000000
24.57528	.205682	.000000
24.6923	.194514	.000000
24.81045	.185847	.000000
24.92973	.181398	.000000
25.05016	.179331	.000000
