Brown University Keck/NASA Relab Spectrum JB-JLB-E64-B/BKR1JBE64B
Wavelength(micron)	Reflectance
0.3	0.89068
0.305	0.88998
0.31	0.88807
0.315	0.88744
0.32	0.88688
0.325	0.88648
0.33	0.88696
0.335	0.88666
0.34	0.88610
0.345	0.88494
0.35	0.88438
0.355	0.88445
0.36	0.88516
0.365	0.88615
0.37	0.88729
0.375	0.88837
0.38	0.88926
0.385	0.89017
0.39	0.89153
0.395	0.89270
0.4	0.89313
0.405	0.89441
0.41	0.89621
0.415	0.89642
0.42	0.89859
0.425	0.90084
0.43	0.90278
0.435	0.90341
0.44	0.90541
0.445	0.90458
0.45	0.90654
0.455	0.90743
0.46	0.90984
0.465	0.90819
0.47	0.91174
0.475	0.91176
0.48	0.91140
0.485	0.91180
0.49	0.91252
0.495	0.91381
0.5	0.91346
0.505	0.91535
0.51	0.91613
0.515	0.91529
0.52	0.91747
0.525	0.91896
0.53	0.91890
0.535	0.92078
0.54	0.92077
0.545	0.92107
0.55	0.92391
0.555	0.92500
0.56	0.92554
0.565	0.92708
0.57	0.92772
0.575	0.92797
0.58	0.92934
0.585	0.93035
0.59	0.93086
0.595	0.93152
0.6	0.93173
0.605	0.93204
0.61	0.93265
0.615	0.93350
0.62	0.93368
0.625	0.93410
0.63	0.93381
0.635	0.93481
0.64	0.93500
0.645	0.93624
0.65	0.93567
0.655	0.93594
0.66	0.93744
0.665	0.93800
0.67	0.93830
0.675	0.93969
0.68	0.94045
0.685	0.94032
0.69	0.94095
0.695	0.94065
0.7	0.94102
0.705	0.94055
0.71	0.94003
0.715	0.94032
0.72	0.94083
0.725	0.93981
0.73	0.93984
0.735	0.93960
0.74	0.93978
0.745	0.93955
0.75	0.93971
0.755	0.93860
0.76	0.93893
0.765	0.93982
0.77	0.94006
0.775	0.94029
0.78	0.94060
0.785	0.94063
0.79	0.94052
0.795	0.94077
0.8	0.94085
0.805	0.94082
0.81	0.94101
0.815	0.94102
0.82	0.94094
0.825	0.94137
0.83	0.94123
0.835	0.94126
0.84	0.94111
0.845	0.94054
0.85	0.93982
0.855	0.93989
0.86	0.93930
0.865	0.93900
0.87	0.93926
0.875	0.93896
0.88	0.93819
0.885	0.93805
0.89	0.93788
0.895	0.93864
0.9	0.93912
0.9002	0.94009
0.9003	0.94034
0.9005	0.94051
0.9007	0.94118
0.9008	0.94166
0.901	0.94061
0.9011	0.94026
0.9013	0.94196
0.9014	0.94240
0.9016	0.94094
0.9018	0.94136
0.9019	0.94222
0.9021	0.94117
0.9022	0.93917
0.9024	0.94028
0.9025	0.94111
0.9027	0.94040
0.9028	0.94059
0.903	0.94096
0.9032	0.94049
0.9033	0.94095
0.9035	0.94042
0.9036	0.94031
0.9038	0.94187
0.904	0.94222
0.9041	0.94120
0.9043	0.94019
0.9044	0.94011
0.9046	0.94147
0.9047	0.94222
0.9049	0.94161
0.905	0.94185
0.9052	0.94252
0.9054	0.94220
0.9055	0.94216
0.9057	0.94106
0.9058	0.94113
0.906	0.94248
0.9062	0.94248
0.9063	0.94130
0.9065	0.94059
0.9066	0.94135
0.9068	0.94201
0.907	0.94209
0.9071	0.94257
0.9073	0.94191
0.9074	0.94173
0.9076	0.94047
0.9077	0.94017
0.9079	0.94162
0.9081	0.94168
0.9082	0.94142
0.9084	0.94270
0.9085	0.94288
0.9087	0.94181
0.9089	0.94223
0.909	0.94238
0.9092	0.94217
0.9093	0.94300
0.9095	0.94260
0.9097	0.94148
0.9098	0.94115
0.91	0.94183
0.9101	0.94250
0.9103	0.94218
0.9105	0.94248
0.9106	0.94328
0.9108	0.94408
0.9109	0.94300
0.9111	0.94097
0.9113	0.94105
0.9114	0.94187
0.9116	0.94054
0.9117	0.94026
0.9119	0.94117
0.9121	0.94146
0.9122	0.94164
0.9124	0.94137
0.9125	0.94147
0.9127	0.94186
0.9129	0.94161
0.913	0.94044
0.9132	0.94031
0.9133	0.94110
0.9135	0.94197
0.9137	0.94142
0.9138	0.94125
0.914	0.94220
0.9142	0.94227
0.9143	0.94181
0.9145	0.94112
0.9146	0.94094
0.9148	0.94142
0.915	0.94177
0.9151	0.94187
0.9153	0.94143
0.9154	0.94044
0.9156	0.93975
0.9158	0.94075
0.9159	0.94117
0.9161	0.94145
0.9163	0.94233
0.9164	0.94226
0.9166	0.94205
0.9167	0.94300
0.9169	0.94405
0.9171	0.94311
0.9172	0.94264
0.9174	0.94280
0.9175	0.94270
0.9177	0.94251
0.9179	0.94260
0.918	0.94165
0.9182	0.94113
0.9184	0.94177
0.9185	0.94195
0.9187	0.94106
0.9188	0.94112
0.919	0.94179
0.9192	0.94224
0.9193	0.94221
0.9195	0.94199
0.9197	0.94132
0.9198	0.94132
0.92	0.94168
0.9202	0.94069
0.9203	0.93989
0.9205	0.94063
0.9206	0.94137
0.9208	0.94126
0.921	0.94131
0.9211	0.94105
0.9213	0.94101
0.9215	0.94139
0.9216	0.94179
0.9218	0.94222
0.922	0.94147
0.9221	0.94150
0.9223	0.94200
0.9224	0.94127
0.9226	0.94163
0.9228	0.94149
0.9229	0.94054
0.9231	0.94110
0.9233	0.94095
0.9234	0.94045
0.9236	0.94035
0.9238	0.93968
0.9239	0.94024
0.9241	0.94133
0.9243	0.94127
0.9244	0.94114
0.9246	0.94095
0.9247	0.94048
0.9249	0.93974
0.9251	0.94002
0.9252	0.94075
0.9254	0.94061
0.9256	0.94007
0.9257	0.94005
0.9259	0.93911
0.9261	0.93873
0.9262	0.93985
0.9264	0.94093
0.9266	0.94103
0.9267	0.94043
0.9269	0.94033
0.9271	0.93978
0.9272	0.93950
0.9274	0.93889
0.9276	0.93850
0.9277	0.93824
0.9279	0.93872
0.928	0.93862
0.9282	0.93847
0.9284	0.93881
0.9285	0.93839
0.9287	0.93778
0.9289	0.93818
0.929	0.93892
0.9292	0.93921
0.9294	0.93923
0.9295	0.93921
0.9297	0.93968
0.9299	0.93961
0.93	0.93900
0.9302	0.93875
0.9304	0.93881
0.9305	0.93839
0.9307	0.93761
0.9309	0.93720
0.931	0.93774
0.9312	0.93863
0.9314	0.93882
0.9316	0.93813
0.9317	0.93760
0.9319	0.93773
0.9321	0.93813
0.9322	0.93782
0.9324	0.93761
0.9326	0.93825
0.9327	0.93867
0.9329	0.93798
0.9331	0.93831
0.9332	0.93877
0.9334	0.93884
0.9336	0.93805
0.9337	0.93702
0.9339	0.93769
0.9341	0.93898
0.9342	0.93838
0.9344	0.93728
0.9346	0.93741
0.9348	0.93810
0.9349	0.93851
0.9351	0.93851
0.9353	0.93810
0.9354	0.93780
0.9356	0.93764
0.9358	0.93790
0.9359	0.93835
0.9361	0.93805
0.9363	0.93847
0.9364	0.93787
0.9366	0.93718
0.9368	0.93759
0.9369	0.93768
0.9371	0.93697
0.9373	0.93714
0.9375	0.93756
0.9376	0.93736
0.9378	0.93722
0.938	0.93771
0.9381	0.93798
0.9383	0.93775
0.9385	0.93726
0.9386	0.93673
0.9388	0.93689
0.939	0.93752
0.9392	0.93708
0.9393	0.93703
0.9395	0.93703
0.9397	0.93733
0.9398	0.93766
0.94	0.93775
0.9402	0.93805
0.9403	0.93817
0.9405	0.93753
0.9407	0.93759
0.9408	0.93807
0.941	0.93782
0.9412	0.93711
0.9414	0.93722
0.9415	0.93797
0.9417	0.93856
0.9419	0.93886
0.942	0.93915
0.9422	0.93907
0.9424	0.93947
0.9426	0.93983
0.9427	0.93911
0.9429	0.93846
0.9431	0.93801
0.9433	0.93851
0.9434	0.93880
0.9436	0.93843
0.9438	0.93921
0.9439	0.94005
0.9441	0.94027
0.9443	0.94003
0.9445	0.93978
0.9446	0.93986
0.9448	0.94020
0.945	0.93979
0.9451	0.93917
0.9453	0.93918
0.9455	0.93925
0.9457	0.93949
0.9458	0.93966
0.946	0.93927
0.9462	0.93947
0.9463	0.94059
0.9465	0.94051
0.9467	0.93997
0.9469	0.94020
0.947	0.94026
0.9472	0.93996
0.9474	0.94031
0.9476	0.94061
0.9477	0.94047
0.9479	0.94063
0.9481	0.94107
0.9483	0.94093
0.9484	0.94094
0.9486	0.94085
0.9488	0.94123
0.949	0.94184
0.9491	0.94126
0.9493	0.94081
0.9495	0.94111
0.9496	0.94094
0.9498	0.94068
0.95	0.94169
0.9502	0.94263
0.9503	0.94232
0.9505	0.94140
0.9507	0.94088
0.9509	0.94110
0.951	0.94103
0.9512	0.94131
0.9514	0.94165
0.9516	0.94171
0.9517	0.94126
0.9519	0.94025
0.9521	0.93983
0.9523	0.94122
0.9524	0.94260
0.9526	0.94317
0.9528	0.94350
0.953	0.94307
0.9531	0.94225
0.9533	0.94188
0.9535	0.94194
0.9537	0.94195
0.9538	0.94232
0.954	0.94208
0.9542	0.94161
0.9544	0.94223
0.9545	0.94218
0.9547	0.94215
0.9549	0.94255
0.9551	0.94276
0.9552	0.94288
0.9554	0.94265
0.9556	0.94277
0.9558	0.94285
0.956	0.94217
0.9561	0.94216
0.9563	0.94265
0.9565	0.94239
0.9567	0.94236
0.9568	0.94294
0.957	0.94279
0.9572	0.94217
0.9574	0.94220
0.9575	0.94253
0.9577	0.94208
0.9579	0.94197
0.9581	0.94284
0.9582	0.94254
0.9584	0.94199
0.9586	0.94226
0.9588	0.94211
0.959	0.94181
0.9591	0.94244
0.9593	0.94269
0.9595	0.94257
0.9597	0.94188
0.9598	0.94180
0.96	0.94252
0.9602	0.94266
0.9604	0.94255
0.9605	0.94286
0.9607	0.94261
0.9609	0.94228
0.9611	0.94214
0.9613	0.94245
0.9614	0.94316
0.9616	0.94304
0.9618	0.94265
0.962	0.94227
0.9622	0.94196
0.9623	0.94221
0.9625	0.94245
0.9627	0.94155
0.9629	0.94123
0.963	0.94148
0.9632	0.94168
0.9634	0.94216
0.9636	0.94262
0.9638	0.94203
0.9639	0.94147
0.9641	0.94171
0.9643	0.94223
0.9645	0.94255
0.9647	0.94286
0.9648	0.94322
0.965	0.94244
0.9652	0.94173
0.9654	0.94201
0.9656	0.94164
0.9657	0.94126
0.9659	0.94148
0.9661	0.94183
0.9663	0.94163
0.9665	0.94154
0.9666	0.94172
0.9668	0.94174
0.967	0.94203
0.9672	0.94200
0.9674	0.94185
0.9675	0.94200
0.9677	0.94098
0.9679	0.94024
0.9681	0.94110
0.9683	0.94167
0.9684	0.94170
0.9686	0.94213
0.9688	0.94247
0.969	0.94195
0.9692	0.94139
0.9693	0.94132
0.9695	0.94136
0.9697	0.94105
0.9699	0.94115
0.9701	0.94144
0.9703	0.94168
0.9704	0.94150
0.9706	0.94149
0.9708	0.94128
0.971	0.94104
0.9712	0.94100
0.9713	0.94084
0.9715	0.94059
0.9717	0.94045
0.9719	0.94053
0.9721	0.94088
0.9723	0.94138
0.9724	0.94093
0.9726	0.94034
0.9728	0.94047
0.973	0.94094
0.9732	0.94071
0.9733	0.94001
0.9735	0.94021
0.9737	0.94053
0.9739	0.94069
0.9741	0.94071
0.9743	0.94027
0.9745	0.93958
0.9746	0.93940
0.9748	0.93965
0.975	0.93986
0.9752	0.94008
0.9754	0.94011
0.9755	0.94010
0.9757	0.93967
0.9759	0.93953
0.9761	0.93972
0.9763	0.93936
0.9765	0.93938
0.9767	0.93926
0.9768	0.93916
0.977	0.93889
0.9772	0.93891
0.9774	0.93902
0.9776	0.93925
0.9778	0.93908
0.9779	0.93911
0.9781	0.93920
0.9783	0.93880
0.9785	0.93855
0.9787	0.93884
0.9789	0.93902
0.979	0.93906
0.9792	0.93843
0.9794	0.93820
0.9796	0.93876
0.9798	0.93874
0.98	0.93851
0.9802	0.93838
0.9803	0.93826
0.9805	0.93808
0.9807	0.93816
0.9809	0.93809
0.9811	0.93826
0.9813	0.93837
0.9815	0.93812
0.9817	0.93780
0.9818	0.93787
0.982	0.93787
0.9822	0.93785
0.9824	0.93813
0.9826	0.93795
0.9828	0.93808
0.983	0.93810
0.9831	0.93806
0.9833	0.93788
0.9835	0.93724
0.9837	0.93694
0.9839	0.93703
0.9841	0.93695
0.9843	0.93719
0.9844	0.93713
0.9846	0.93702
0.9848	0.93720
0.985	0.93741
0.9852	0.93729
0.9854	0.93674
0.9856	0.93672
0.9858	0.93714
0.9859	0.93692
0.9861	0.93646
0.9863	0.93698
0.9865	0.93718
0.9867	0.93687
0.9869	0.93695
0.9871	0.93702
0.9873	0.93692
0.9874	0.93688
0.9876	0.93690
0.9878	0.93712
0.988	0.93711
0.9882	0.93652
0.9884	0.93613
0.9886	0.93577
0.9888	0.93604
0.989	0.93624
0.9891	0.93641
0.9893	0.93669
0.9895	0.93645
0.9897	0.93650
0.9899	0.93649
0.9901	0.93654
0.9903	0.93645
0.9905	0.93617
0.9907	0.93649
0.9908	0.93685
0.991	0.93654
0.9912	0.93593
0.9914	0.93628
0.9916	0.93654
0.9918	0.93631
0.992	0.93607
0.9922	0.93602
0.9924	0.93592
0.9925	0.93583
0.9927	0.93555
0.9929	0.93565
0.9931	0.93544
0.9933	0.93514
0.9935	0.93607
0.9937	0.93629
0.9939	0.93621
0.9941	0.93619
0.9943	0.93592
0.9945	0.93632
0.9946	0.93649
0.9948	0.93577
0.995	0.93565
0.9952	0.93568
0.9954	0.93553
0.9956	0.93561
0.9958	0.93554
0.996	0.93527
0.9962	0.93555
0.9964	0.93599
0.9965	0.93622
0.9967	0.93642
0.9969	0.93631
0.9971	0.93631
0.9973	0.93674
0.9975	0.93687
0.9977	0.93613
0.9979	0.93563
0.9981	0.93589
0.9983	0.93630
0.9985	0.93628
0.9987	0.93615
0.9989	0.93626
0.999	0.93658
0.9992	0.93639
0.9994	0.93629
0.9996	0.93652
0.9998	0.93633
1	0.93622
1.0002	0.93627
1.0004	0.93611
1.0006	0.93634
1.0008	0.93673
1.001	0.93682
1.0012	0.93700
1.0014	0.93754
1.0016	0.93798
1.0018	0.93797
1.0019	0.93783
1.0021	0.93769
1.0023	0.93791
1.0025	0.93740
1.0027	0.93740
1.0029	0.93753
1.0031	0.93746
1.0033	0.93756
1.0035	0.93758
1.0037	0.93745
1.0039	0.93758
1.0041	0.93815
1.0043	0.93814
1.0045	0.93857
1.0047	0.93899
1.0049	0.93860
1.005	0.93838
1.0053	0.93869
1.0054	0.93884
1.0056	0.93883
1.0058	0.93862
1.006	0.93868
1.0062	0.93919
1.0064	0.93948
1.0066	0.93933
1.0068	0.93929
1.007	0.93923
1.0072	0.93946
1.0074	0.93952
1.0076	0.93938
1.0078	0.93970
1.008	0.93979
1.0082	0.93964
1.0084	0.93985
1.0086	0.94000
1.0088	0.94003
1.009	0.94025
1.0092	0.94010
1.0094	0.94006
1.0095	0.94012
1.0098	0.93989
1.01	0.93992
1.0101	0.94026
1.0103	0.94074
1.0105	0.94091
1.0107	0.94095
1.0109	0.94134
1.0111	0.94123
1.0113	0.94082
1.0115	0.94046
1.0117	0.94095
1.0119	0.94103
1.0121	0.94074
1.0123	0.94077
1.0125	0.94110
1.0127	0.94115
1.0129	0.94145
1.0131	0.94166
1.0133	0.94164
1.0135	0.94214
1.0137	0.94241
1.0139	0.94211
1.0141	0.94178
1.0143	0.94188
1.0145	0.94220
1.0147	0.94227
1.0149	0.94216
1.0151	0.94197
1.0153	0.94181
1.0155	0.94227
1.0157	0.94249
1.0159	0.94208
1.0161	0.94166
1.0163	0.94197
1.0165	0.94245
1.0167	0.94252
1.0169	0.94245
1.0171	0.94247
1.0173	0.94232
1.0175	0.94253
1.0177	0.94285
1.0179	0.94248
1.0181	0.94247
1.0183	0.94249
1.0185	0.94267
1.0187	0.94299
1.0189	0.94296
1.0191	0.94286
1.0193	0.94292
1.0195	0.94317
1.0197	0.94297
1.0199	0.94254
1.0201	0.94253
1.0203	0.94328
1.0205	0.94354
1.0207	0.94347
1.0209	0.94372
1.0211	0.94378
1.0213	0.94349
1.0215	0.94329
1.0217	0.94334
1.0219	0.94335
1.0221	0.94376
1.0223	0.94374
1.0225	0.94322
1.0227	0.94377
1.0229	0.94441
1.0231	0.94431
1.0233	0.94418
1.0235	0.94429
1.0237	0.94444
1.0239	0.94434
1.0241	0.94414
1.0243	0.94421
1.0245	0.94451
1.0247	0.94486
1.0249	0.94500
1.0251	0.94481
1.0253	0.94475
1.0255	0.94513
1.0257	0.94530
1.0259	0.94514
1.0261	0.94533
1.0263	0.94532
1.0265	0.94522
1.0268	0.94560
1.0269	0.94562
1.0272	0.94493
1.0274	0.94420
1.0276	0.94453
1.0278	0.94516
1.028	0.94558
1.0282	0.94564
1.0284	0.94530
1.0286	0.94575
1.0288	0.94598
1.029	0.94597
1.0292	0.94597
1.0294	0.94566
1.0296	0.94561
1.0298	0.94597
1.03	0.94612
1.0302	0.94615
1.0304	0.94605
1.0306	0.94591
1.0308	0.94611
1.031	0.94659
1.0312	0.94682
1.0314	0.94683
1.0317	0.94668
1.0318	0.94639
1.0321	0.94605
1.0323	0.94593
1.0325	0.94615
1.0327	0.94650
1.0329	0.94652
1.0331	0.94658
1.0333	0.94707
1.0335	0.94690
1.0337	0.94685
1.0339	0.94730
1.0341	0.94745
1.0343	0.94728
1.0345	0.94728
1.0347	0.94692
1.0349	0.94676
1.0352	0.94697
1.0354	0.94668
1.0356	0.94686
1.0358	0.94721
1.036	0.94706
1.0362	0.94682
1.0364	0.94704
1.0366	0.94711
1.0368	0.94698
1.037	0.94692
1.0372	0.94705
1.0374	0.94733
1.0376	0.94717
1.0378	0.94683
1.0381	0.94704
1.0383	0.94769
1.0385	0.94787
1.0387	0.94767
1.0389	0.94766
1.0391	0.94788
1.0393	0.94791
1.0395	0.94776
1.0397	0.94754
1.0399	0.94744
1.0401	0.94761
1.0403	0.94792
1.0406	0.94806
1.0408	0.94790
1.041	0.94783
1.0412	0.94807
1.0414	0.94797
1.0416	0.94744
1.0418	0.94744
1.042	0.94767
1.0422	0.94791
1.0424	0.94823
1.0426	0.94832
1.0428	0.94829
1.0431	0.94824
1.0433	0.94835
1.0435	0.94857
1.0437	0.94860
1.0439	0.94850
1.0441	0.94855
1.0443	0.94828
1.0445	0.94817
1.0448	0.94838
1.045	0.94846
1.0452	0.94861
1.0454	0.94842
1.0456	0.94821
1.0458	0.94869
1.046	0.94911
1.0462	0.94891
1.0464	0.94867
1.0466	0.94842
1.0469	0.94829
1.0471	0.94834
1.0473	0.94847
1.0475	0.94838
1.0477	0.94859
1.0479	0.94881
1.0481	0.94882
1.0483	0.94895
1.0486	0.94906
1.0488	0.94919
1.049	0.94875
1.0492	0.94864
1.0494	0.94891
1.0496	0.94925
1.0498	0.94926
1.05	0.94928
1.0503	0.94926
1.0505	0.94920
1.0507	0.94916
1.0509	0.94936
1.0511	0.94918
1.0513	0.94888
1.0515	0.94899
1.0517	0.94916
1.0519	0.94933
1.0522	0.94938
1.0524	0.94946
1.0526	0.94975
1.0528	0.94968
1.053	0.94951
1.0532	0.94925
1.0534	0.94964
1.0537	0.95005
1.0539	0.94962
1.0541	0.94935
1.0543	0.94952
1.0545	0.94983
1.0547	0.94998
1.0549	0.94998
1.0552	0.95005
1.0554	0.95010
1.0556	0.95015
1.0558	0.95006
1.056	0.94956
1.0562	0.94927
1.0564	0.94957
1.0567	0.94980
1.0569	0.94991
1.0571	0.94998
1.0573	0.94974
1.0575	0.94966
1.0578	0.94930
1.058	0.94956
1.0582	0.94994
1.0584	0.94991
1.0586	0.95007
1.0588	0.95022
1.059	0.95000
1.0593	0.94993
1.0595	0.95014
1.0597	0.95031
1.0599	0.95014
1.0601	0.94990
1.0603	0.94992
1.0606	0.95019
1.0608	0.95009
1.061	0.94990
1.0612	0.94988
1.0614	0.94978
1.0617	0.95003
1.0619	0.95028
1.0621	0.95040
1.0623	0.95058
1.0625	0.95065
1.0627	0.95057
1.0629	0.95021
1.0632	0.95002
1.0634	0.95019
1.0636	0.95022
1.0638	0.95009
1.064	0.95016
1.0643	0.95044
1.0645	0.95051
1.0647	0.95000
1.0649	0.94986
1.0651	0.95005
1.0653	0.94997
1.0656	0.95005
1.0658	0.95021
1.066	0.95006
1.0662	0.94982
1.0664	0.94996
1.0667	0.95034
1.0669	0.95024
1.0671	0.94999
1.0673	0.95012
1.0676	0.95034
1.0678	0.95041
1.068	0.95037
1.0682	0.95022
1.0684	0.94992
1.0687	0.94965
1.0689	0.94986
1.0691	0.95020
1.0693	0.95038
1.0695	0.95046
1.0698	0.95058
1.07	0.95060
1.0702	0.95030
1.0704	0.94990
1.0706	0.94984
1.0708	0.94989
1.0711	0.95005
1.0713	0.95037
1.0715	0.95051
1.0717	0.95046
1.072	0.95024
1.0722	0.95006
1.0724	0.95015
1.0726	0.95028
1.0728	0.95042
1.0731	0.95028
1.0733	0.95031
1.0735	0.95022
1.0737	0.95019
1.074	0.95057
1.0742	0.95066
1.0744	0.95026
1.0746	0.95006
1.0748	0.95039
1.0751	0.95067
1.0753	0.95050
1.0755	0.95048
1.0757	0.95025
1.076	0.95018
1.0762	0.95033
1.0764	0.95026
1.0766	0.95029
1.0769	0.95032
1.0771	0.95035
1.0773	0.95045
1.0775	0.95046
1.0778	0.95040
1.078	0.95048
1.0782	0.95040
1.0784	0.95046
1.0787	0.95048
1.0789	0.95028
1.0791	0.95016
1.0793	0.95013
1.0796	0.95031
1.0798	0.95066
1.08	0.95086
1.0802	0.95080
1.0804	0.95049
1.0807	0.95058
1.0809	0.95066
1.0811	0.95040
1.0813	0.95043
1.0816	0.95057
1.0818	0.95053
1.082	0.95045
1.0823	0.95046
1.0825	0.95049
1.0827	0.95059
1.0829	0.95059
1.0832	0.95047
1.0834	0.95029
1.0836	0.95032
1.0838	0.95048
1.0841	0.95076
1.0843	0.95104
1.0845	0.95083
1.0848	0.95042
1.085	0.95038
1.0852	0.95058
1.0854	0.95071
1.0857	0.95076
1.0859	0.95066
1.0861	0.95044
1.0863	0.95042
1.0866	0.95043
1.0868	0.95062
1.087	0.95065
1.0873	0.95073
1.0875	0.95079
1.0877	0.95052
1.0879	0.95050
1.0882	0.95060
1.0884	0.95044
1.0886	0.95040
1.0888	0.95060
1.0891	0.95082
1.0893	0.95073
1.0895	0.95032
1.0898	0.95024
1.09	0.95042
1.0902	0.95062
1.0904	0.95071
1.0907	0.95070
1.0909	0.95060
1.0911	0.95054
1.0914	0.95043
1.0916	0.95017
1.0918	0.95035
1.0921	0.95046
1.0923	0.95027
1.0925	0.95047
1.0928	0.95087
1.093	0.95082
1.0932	0.95057
1.0934	0.95035
1.0937	0.95034
1.0939	0.95045
1.0941	0.95056
1.0944	0.95039
1.0946	0.95015
1.0948	0.95026
1.0951	0.95019
1.0953	0.95022
1.0955	0.95042
1.0958	0.95028
1.096	0.95033
1.0962	0.95041
1.0964	0.95022
1.0967	0.95017
1.0969	0.95008
1.0971	0.94994
1.0974	0.94988
1.0976	0.94986
1.0978	0.94996
1.0981	0.95005
1.0983	0.94993
1.0985	0.94972
1.0988	0.94978
1.099	0.94986
1.0992	0.94968
1.0995	0.94961
1.0997	0.94972
1.0999	0.94976
1.1002	0.94988
1.1004	0.95004
1.1006	0.94996
1.1009	0.94998
1.1011	0.95002
1.1013	0.94990
1.1016	0.94987
1.1018	0.94998
1.102	0.94988
1.1023	0.94980
1.1025	0.94982
1.1027	0.94976
1.103	0.94965
1.1032	0.94958
1.1034	0.94952
1.1037	0.94967
1.1039	0.94976
1.1042	0.94970
1.1044	0.94967
1.1046	0.94953
1.1049	0.94962
1.1051	0.94956
1.1053	0.94928
1.1056	0.94956
1.1058	0.94982
1.106	0.94983
1.1063	0.94994
1.1065	0.94997
1.1067	0.94971
1.107	0.94972
1.1072	0.94972
1.1074	0.94972
1.1077	0.94978
1.1079	0.94970
1.1082	0.94958
1.1084	0.94973
1.1086	0.94973
1.1089	0.94950
1.1091	0.94928
1.1093	0.94918
1.1096	0.94935
1.1098	0.94944
1.1101	0.94938
1.1103	0.94935
1.1105	0.94935
1.1108	0.94929
1.111	0.94932
1.1113	0.94939
1.1115	0.94931
1.1117	0.94919
1.112	0.94928
1.1122	0.94915
1.1124	0.94893
1.1127	0.94905
1.1129	0.94906
1.1132	0.94903
1.1134	0.94905
1.1136	0.94915
1.1139	0.94903
1.1141	0.94886
1.1143	0.94897
1.1146	0.94883
1.1148	0.94889
1.1151	0.94907
1.1153	0.94936
1.1156	0.94941
1.1158	0.94945
1.116	0.94947
1.1163	0.94921
1.1165	0.94929
1.1168	0.94913
1.117	0.94880
1.1172	0.94880
1.1175	0.94886
1.1177	0.94891
1.118	0.94888
1.1182	0.94891
1.1184	0.94892
1.1187	0.94886
1.1189	0.94874
1.1192	0.94855
1.1194	0.94868
1.1197	0.94867
1.1199	0.94861
1.1201	0.94868
1.1204	0.94865
1.1206	0.94868
1.1209	0.94860
1.1211	0.94845
1.1213	0.94845
1.1216	0.94860
1.1218	0.94880
1.1221	0.94887
1.1223	0.94887
1.1226	0.94867
1.1228	0.94834
1.123	0.94813
1.1233	0.94820
1.1235	0.94840
1.1238	0.94833
1.124	0.94823
1.1243	0.94822
1.1245	0.94821
1.1248	0.94822
1.125	0.94813
1.1252	0.94784
1.1255	0.94795
1.1257	0.94830
1.126	0.94834
1.1262	0.94818
1.1265	0.94805
1.1267	0.94799
1.1269	0.94785
1.1272	0.94794
1.1274	0.94800
1.1277	0.94783
1.1279	0.94766
1.1282	0.94792
1.1284	0.94811
1.1287	0.94802
1.1289	0.94783
1.1292	0.94766
1.1294	0.94768
1.1297	0.94795
1.1299	0.94796
1.1301	0.94787
1.1304	0.94774
1.1306	0.94769
1.1309	0.94794
1.1311	0.94786
1.1314	0.94782
1.1316	0.94800
1.1319	0.94797
1.1321	0.94787
1.1324	0.94780
1.1326	0.94768
1.1329	0.94756
1.1331	0.94760
1.1333	0.94770
1.1336	0.94778
1.1338	0.94769
1.1341	0.94756
1.1343	0.94765
1.1346	0.94787
1.1348	0.94772
1.1351	0.94733
1.1353	0.94720
1.1356	0.94730
1.1358	0.94735
1.1361	0.94745
1.1363	0.94755
1.1366	0.94759
1.1368	0.94759
1.1371	0.94744
1.1373	0.94744
1.1376	0.94732
1.1378	0.94723
1.1381	0.94730
1.1383	0.94712
1.1386	0.94714
1.1388	0.94715
1.1391	0.94691
1.1393	0.94677
1.1396	0.94679
1.1398	0.94687
1.1401	0.94691
1.1403	0.94677
1.1406	0.94666
1.1408	0.94661
1.1411	0.94654
1.1413	0.94650
1.1416	0.94643
1.1418	0.94637
1.1421	0.94648
1.1423	0.94633
1.1426	0.94609
1.1428	0.94611
1.1431	0.94590
1.1433	0.94607
1.1436	0.94603
1.1439	0.94555
1.1441	0.94539
1.1444	0.94549
1.1446	0.94557
1.1449	0.94562
1.1451	0.94529
1.1454	0.94497
1.1456	0.94492
1.1459	0.94510
1.1461	0.94520
1.1464	0.94510
1.1466	0.94489
1.1469	0.94443
1.1472	0.94445
1.1474	0.94458
1.1477	0.94437
1.1479	0.94415
1.1482	0.94426
1.1484	0.94442
1.1487	0.94422
1.1489	0.94400
1.1492	0.94373
1.1494	0.94353
1.1497	0.94318
1.1499	0.94278
1.1502	0.94295
1.1504	0.94330
1.1507	0.94323
1.151	0.94285
1.1512	0.94253
1.1515	0.94234
1.1517	0.94216
1.152	0.94193
1.1522	0.94172
1.1525	0.94153
1.1528	0.94140
1.153	0.94142
1.1533	0.94143
1.1535	0.94124
1.1538	0.94103
1.154	0.94075
1.1543	0.94038
1.1546	0.94032
1.1548	0.94032
1.1551	0.94002
1.1553	0.93988
1.1556	0.93996
1.1558	0.93986
1.1561	0.93945
1.1564	0.93912
1.1566	0.93879
1.1569	0.93855
1.1571	0.93840
1.1574	0.93813
1.1577	0.93806
1.1579	0.93810
1.1582	0.93773
1.1584	0.93746
1.1587	0.93747
1.1589	0.93718
1.1592	0.93668
1.1595	0.93646
1.1597	0.93610
1.16	0.93581
1.1602	0.93564
1.1605	0.93551
1.1608	0.93540
1.161	0.93516
1.1613	0.93475
1.1615	0.93457
1.1618	0.93443
1.1621	0.93384
1.1623	0.93353
1.1626	0.93346
1.1628	0.93316
1.1631	0.93265
1.1634	0.93237
1.1636	0.93248
1.1639	0.93230
1.1642	0.93172
1.1644	0.93146
1.1647	0.93112
1.1649	0.93061
1.1652	0.93024
1.1654	0.93023
1.1657	0.93009
1.166	0.92957
1.1662	0.92921
1.1665	0.92905
1.1668	0.92896
1.167	0.92862
1.1673	0.92811
1.1676	0.92785
1.1678	0.92744
1.1681	0.92692
1.1683	0.92669
1.1686	0.92683
1.1689	0.92670
1.1691	0.92645
1.1694	0.92623
1.1697	0.92602
1.1699	0.92573
1.1702	0.92538
1.1704	0.92516
1.1707	0.92489
1.171	0.92443
1.1713	0.92382
1.1715	0.92384
1.1718	0.92379
1.172	0.92344
1.1723	0.92316
1.1726	0.92295
1.1728	0.92287
1.1731	0.92279
1.1734	0.92265
1.1736	0.92264
1.1739	0.92243
1.1742	0.92204
1.1744	0.92179
1.1747	0.92164
1.175	0.92134
1.1752	0.92122
1.1755	0.92129
1.1758	0.92119
1.176	0.92098
1.1763	0.92099
1.1766	0.92080
1.1768	0.92041
1.1771	0.92029
1.1774	0.92020
1.1776	0.92017
1.1779	0.91994
1.1782	0.91962
1.1784	0.91961
1.1787	0.91960
1.179	0.91950
1.1792	0.91939
1.1795	0.91913
1.1798	0.91896
1.18	0.91885
1.1803	0.91884
1.1806	0.91886
1.1808	0.91861
1.1811	0.91857
1.1814	0.91864
1.1817	0.91861
1.1819	0.91844
1.1822	0.91830
1.1825	0.91846
1.1827	0.91859
1.183	0.91865
1.1833	0.91871
1.1835	0.91875
1.1838	0.91869
1.1841	0.91873
1.1844	0.91866
1.1846	0.91876
1.1849	0.91869
1.1852	0.91844
1.1854	0.91844
1.1857	0.91862
1.186	0.91866
1.1863	0.91873
1.1865	0.91880
1.1868	0.91887
1.1871	0.91896
1.1873	0.91909
1.1876	0.91923
1.1879	0.91921
1.1882	0.91896
1.1884	0.91901
1.1887	0.91909
1.189	0.91905
1.1893	0.91905
1.1895	0.91913
1.1898	0.91905
1.1901	0.91893
1.1903	0.91890
1.1906	0.91889
1.1909	0.91904
1.1912	0.91905
1.1914	0.91897
1.1917	0.91879
1.192	0.91878
1.1923	0.91875
1.1925	0.91863
1.1928	0.91869
1.1931	0.91878
1.1933	0.91879
1.1936	0.91855
1.1939	0.91862
1.1942	0.91874
1.1944	0.91859
1.1947	0.91855
1.195	0.91846
1.1953	0.91844
1.1956	0.91833
1.1958	0.91831
1.1961	0.91850
1.1964	0.91855
1.1967	0.91838
1.1969	0.91824
1.1972	0.91818
1.1975	0.91828
1.1978	0.91836
1.198	0.91843
1.1983	0.91838
1.1986	0.91834
1.1989	0.91842
1.1992	0.91830
1.1994	0.91816
1.1997	0.91818
1.2	0.91813
1.2003	0.91823
1.2005	0.91828
1.2008	0.91806
1.2011	0.91803
1.2014	0.91821
1.2017	0.91831
1.2019	0.91827
1.2022	0.91812
1.2025	0.91781
1.2028	0.91784
1.203	0.91787
1.2033	0.91770
1.2036	0.91748
1.2039	0.91728
1.2042	0.91702
1.2044	0.91693
1.2047	0.91706
1.205	0.91693
1.2053	0.91678
1.2056	0.91679
1.2058	0.91675
1.2061	0.91669
1.2064	0.91680
1.2067	0.91673
1.207	0.91666
1.2072	0.91665
1.2075	0.91671
1.2078	0.91668
1.2081	0.91670
1.2084	0.91653
1.2087	0.91650
1.2089	0.91683
1.2092	0.91708
1.2095	0.91708
1.2098	0.91711
1.2101	0.91745
1.2103	0.91784
1.2106	0.91808
1.2109	0.91815
1.2112	0.91839
1.2115	0.91867
1.2118	0.91872
1.212	0.91895
1.2123	0.91939
1.2126	0.91973
1.2129	0.91995
1.2132	0.92015
1.2135	0.92019
1.2137	0.92034
1.214	0.92047
1.2143	0.92073
1.2146	0.92113
1.2149	0.92134
1.2152	0.92154
1.2154	0.92173
1.2157	0.92197
1.216	0.92215
1.2163	0.92212
1.2166	0.92211
1.2169	0.92235
1.2172	0.92260
1.2174	0.92281
1.2177	0.92290
1.218	0.92280
1.2183	0.92286
1.2186	0.92304
1.2189	0.92323
1.2192	0.92341
1.2194	0.92341
1.2197	0.92339
1.22	0.92348
1.2203	0.92349
1.2206	0.92354
1.2209	0.92370
1.2212	0.92375
1.2215	0.92371
1.2218	0.92371
1.222	0.92371
1.2223	0.92364
1.2226	0.92379
1.2229	0.92405
1.2232	0.92389
1.2235	0.92384
1.2238	0.92402
1.2241	0.92407
1.2243	0.92398
1.2246	0.92402
1.2249	0.92391
1.2252	0.92388
1.2255	0.92403
1.2258	0.92403
1.2261	0.92392
1.2264	0.92402
1.2267	0.92409
1.227	0.92419
1.2273	0.92418
1.2275	0.92408
1.2278	0.92424
1.2281	0.92428
1.2284	0.92418
1.2287	0.92421
1.229	0.92425
1.2293	0.92420
1.2296	0.92422
1.2299	0.92430
1.2302	0.92442
1.2304	0.92465
1.2307	0.92471
1.231	0.92464
1.2313	0.92453
1.2316	0.92451
1.2319	0.92446
1.2322	0.92449
1.2325	0.92452
1.2328	0.92455
1.2331	0.92457
1.2334	0.92463
1.2337	0.92476
1.234	0.92487
1.2343	0.92483
1.2346	0.92476
1.2348	0.92491
1.2351	0.92511
1.2354	0.92511
1.2357	0.92531
1.236	0.92568
1.2363	0.92562
1.2366	0.92565
1.2369	0.92569
1.2372	0.92579
1.2375	0.92610
1.2378	0.92642
1.2381	0.92656
1.2384	0.92670
1.2387	0.92678
1.239	0.92680
1.2393	0.92694
1.2396	0.92713
1.2399	0.92731
1.2402	0.92740
1.2405	0.92743
1.2408	0.92778
1.2411	0.92821
1.2413	0.92814
1.2417	0.92819
1.2419	0.92857
1.2422	0.92875
1.2425	0.92896
1.2428	0.92912
1.2431	0.92936
1.2434	0.92951
1.2437	0.92956
1.244	0.92962
1.2443	0.92995
1.2446	0.93017
1.2449	0.93015
1.2452	0.93024
1.2455	0.93049
1.2458	0.93072
1.2461	0.93086
1.2464	0.93089
1.2467	0.93097
1.247	0.93123
1.2473	0.93128
1.2476	0.93130
1.2479	0.93145
1.2482	0.93157
1.2485	0.93173
1.2488	0.93181
1.2491	0.93193
1.2494	0.93211
1.2497	0.93210
1.25	0.93220
1.2503	0.93246
1.2506	0.93257
1.2509	0.93263
1.2512	0.93254
1.2515	0.93254
1.2518	0.93257
1.2521	0.93257
1.2524	0.93276
1.2528	0.93285
1.2531	0.93293
1.2533	0.93299
1.2537	0.93311
1.254	0.93330
1.2543	0.93341
1.2546	0.93346
1.2549	0.93330
1.2552	0.93324
1.2555	0.93329
1.2558	0.93319
1.2561	0.93320
1.2564	0.93336
1.2567	0.93346
1.257	0.93350
1.2573	0.93362
1.2576	0.93366
1.2579	0.93352
1.2582	0.93345
1.2585	0.93349
1.2588	0.93364
1.2591	0.93367
1.2594	0.93350
1.2598	0.93367
1.2601	0.93385
1.2604	0.93398
1.2607	0.93392
1.261	0.93387
1.2613	0.93386
1.2616	0.93388
1.2619	0.93385
1.2622	0.93384
1.2625	0.93391
1.2628	0.93408
1.2631	0.93418
1.2634	0.93413
1.2637	0.93404
1.2641	0.93403
1.2644	0.93406
1.2647	0.93408
1.265	0.93419
1.2653	0.93429
1.2656	0.93419
1.2659	0.93433
1.2662	0.93444
1.2665	0.93455
1.2668	0.93455
1.2671	0.93449
1.2674	0.93465
1.2678	0.93460
1.2681	0.93457
1.2684	0.93468
1.2687	0.93483
1.269	0.93482
1.2693	0.93472
1.2696	0.93480
1.2699	0.93485
1.2702	0.93492
1.2706	0.93510
1.2709	0.93523
1.2712	0.93511
1.2715	0.93485
1.2718	0.93493
1.2721	0.93507
1.2724	0.93515
1.2727	0.93518
1.2731	0.93520
1.2734	0.93526
1.2737	0.93538
1.274	0.93535
1.2743	0.93533
1.2746	0.93531
1.2749	0.93536
1.2752	0.93551
1.2756	0.93560
1.2759	0.93558
1.2762	0.93548
1.2765	0.93557
1.2768	0.93570
1.2771	0.93580
1.2774	0.93581
1.2778	0.93576
1.2781	0.93568
1.2784	0.93573
1.2787	0.93575
1.279	0.93581
1.2793	0.93589
1.2797	0.93580
1.28	0.93570
1.2803	0.93573
1.2806	0.93578
1.2809	0.93582
1.2812	0.93584
1.2816	0.93584
1.2819	0.93583
1.2822	0.93581
1.2825	0.93589
1.2828	0.93594
1.2831	0.93574
1.2834	0.93570
1.2838	0.93578
1.2841	0.93579
1.2844	0.93578
1.2847	0.93575
1.285	0.93580
1.2854	0.93592
1.2857	0.93592
1.286	0.93583
1.2863	0.93583
1.2866	0.93593
1.2869	0.93602
1.2873	0.93604
1.2876	0.93591
1.2879	0.93586
1.2882	0.93600
1.2886	0.93611
1.2889	0.93599
1.2892	0.93576
1.2895	0.93552
1.2898	0.93546
1.2902	0.93565
1.2905	0.93566
1.2908	0.93576
1.2911	0.93592
1.2914	0.93590
1.2918	0.93583
1.2921	0.93582
1.2924	0.93590
1.2927	0.93598
1.2931	0.93588
1.2934	0.93563
1.2937	0.93563
1.294	0.93575
1.2943	0.93580
1.2947	0.93566
1.295	0.93550
1.2953	0.93549
1.2956	0.93556
1.296	0.93556
1.2963	0.93548
1.2966	0.93549
1.2969	0.93544
1.2973	0.93535
1.2976	0.93535
1.2979	0.93537
1.2982	0.93533
1.2986	0.93514
1.2989	0.93494
1.2992	0.93500
1.2995	0.93509
1.2999	0.93509
1.3002	0.93498
1.3005	0.93492
1.3008	0.93494
1.3012	0.93477
1.3015	0.93478
1.3018	0.93483
1.3021	0.93463
1.3025	0.93453
1.3028	0.93454
1.3031	0.93451
1.3034	0.93448
1.3038	0.93454
1.3041	0.93444
1.3044	0.93432
1.3048	0.93429
1.3051	0.93421
1.3054	0.93415
1.3058	0.93414
1.3061	0.93408
1.3064	0.93396
1.3067	0.93386
1.3071	0.93389
1.3074	0.93380
1.3077	0.93359
1.3081	0.93357
1.3084	0.93359
1.3087	0.93342
1.3091	0.93329
1.3094	0.93321
1.3097	0.93310
1.31	0.93305
1.3104	0.93298
1.3107	0.93305
1.311	0.93298
1.3114	0.93279
1.3117	0.93267
1.312	0.93253
1.3124	0.93230
1.3127	0.93204
1.313	0.93198
1.3134	0.93187
1.3137	0.93180
1.314	0.93181
1.3144	0.93169
1.3147	0.93151
1.315	0.93146
1.3154	0.93139
1.3157	0.93125
1.316	0.93117
1.3164	0.93095
1.3167	0.93073
1.317	0.93051
1.3174	0.93020
1.3177	0.93008
1.318	0.93010
1.3184	0.92999
1.3187	0.92970
1.319	0.92949
1.3194	0.92946
1.3197	0.92935
1.3201	0.92930
1.3204	0.92920
1.3207	0.92898
1.3211	0.92876
1.3214	0.92851
1.3217	0.92834
1.3221	0.92819
1.3224	0.92808
1.3227	0.92804
1.3231	0.92791
1.3234	0.92768
1.3238	0.92764
1.3241	0.92748
1.3244	0.92727
1.3248	0.92698
1.3251	0.92675
1.3254	0.92671
1.3258	0.92664
1.3261	0.92642
1.3265	0.92606
1.3268	0.92592
1.3271	0.92593
1.3275	0.92585
1.3278	0.92576
1.3282	0.92553
1.3285	0.92524
1.3288	0.92510
1.3292	0.92496
1.3295	0.92467
1.3299	0.92447
1.3302	0.92428
1.3306	0.92402
1.3309	0.92383
1.3312	0.92377
1.3316	0.92351
1.3319	0.92326
1.3323	0.92316
1.3326	0.92303
1.3329	0.92275
1.3333	0.92245
1.3336	0.92231
1.334	0.92211
1.3343	0.92183
1.3347	0.92168
1.335	0.92143
1.3353	0.92092
1.3357	0.92062
1.336	0.92047
1.3364	0.92026
1.3367	0.91996
1.3371	0.91976
1.3374	0.91961
1.3378	0.91931
1.3381	0.91904
1.3384	0.91883
1.3388	0.91854
1.3391	0.91811
1.3395	0.91776
1.3398	0.91769
1.3402	0.91748
1.3405	0.91701
1.3409	0.91671
1.3412	0.91657
1.3416	0.91632
1.3419	0.91593
1.3423	0.91558
1.3426	0.91530
1.3429	0.91500
1.3433	0.91472
1.3437	0.91438
1.344	0.91406
1.3443	0.91368
1.3447	0.91339
1.345	0.91317
1.3454	0.91292
1.3457	0.91269
1.3461	0.91240
1.3464	0.91205
1.3468	0.91163
1.3471	0.91128
1.3475	0.91099
1.3478	0.91075
1.3482	0.91036
1.3485	0.91001
1.3489	0.90965
1.3492	0.90917
1.3496	0.90879
1.3499	0.90838
1.3503	0.90810
1.3507	0.90778
1.351	0.90740
1.3513	0.90726
1.3517	0.90691
1.3521	0.90642
1.3524	0.90619
1.3528	0.90584
1.3531	0.90559
1.3535	0.90529
1.3538	0.90492
1.3542	0.90467
1.3545	0.90434
1.3549	0.90396
1.3552	0.90360
1.3556	0.90327
1.3559	0.90302
1.3563	0.90269
1.3567	0.90250
1.357	0.90224
1.3574	0.90181
1.3577	0.90147
1.3581	0.90123
1.3584	0.90107
1.3588	0.90080
1.3592	0.90038
1.3595	0.90014
1.3599	0.89999
1.3602	0.89972
1.3606	0.89941
1.3609	0.89912
1.3613	0.89883
1.3617	0.89856
1.362	0.89848
1.3624	0.89837
1.3627	0.89809
1.3631	0.89793
1.3634	0.89766
1.3638	0.89736
1.3642	0.89716
1.3645	0.89691
1.3649	0.89660
1.3652	0.89632
1.3656	0.89612
1.3659	0.89585
1.3663	0.89559
1.3667	0.89537
1.367	0.89501
1.3674	0.89468
1.3678	0.89453
1.3681	0.89438
1.3685	0.89408
1.3688	0.89379
1.3692	0.89350
1.3696	0.89329
1.3699	0.89309
1.3703	0.89284
1.3707	0.89261
1.371	0.89238
1.3714	0.89209
1.3717	0.89177
1.3721	0.89151
1.3725	0.89118
1.3728	0.89093
1.3732	0.89084
1.3736	0.89067
1.3739	0.89028
1.3743	0.88998
1.3746	0.88977
1.375	0.88955
1.3754	0.88944
1.3757	0.88928
1.3761	0.88899
1.3765	0.88867
1.3768	0.88840
1.3772	0.88823
1.3776	0.88805
1.3779	0.88771
1.3783	0.88754
1.3787	0.88750
1.379	0.88735
1.3794	0.88705
1.3798	0.88685
1.3801	0.88670
1.3805	0.88670
1.3809	0.88666
1.3812	0.88656
1.3816	0.88647
1.382	0.88632
1.3823	0.88613
1.3827	0.88597
1.3831	0.88594
1.3834	0.88586
1.3838	0.88570
1.3842	0.88570
1.3846	0.88561
1.3849	0.88540
1.3853	0.88527
1.3857	0.88519
1.386	0.88503
1.3864	0.88486
1.3868	0.88459
1.3872	0.88447
1.3875	0.88442
1.3879	0.88419
1.3883	0.88401
1.3886	0.88390
1.389	0.88378
1.3894	0.88355
1.3898	0.88340
1.3901	0.88334
1.3905	0.88307
1.3909	0.88281
1.3912	0.88261
1.3916	0.88243
1.392	0.88224
1.3924	0.88198
1.3927	0.88171
1.3931	0.88140
1.3935	0.88130
1.3939	0.88110
1.3942	0.88077
1.3946	0.88042
1.395	0.88009
1.3954	0.87989
1.3957	0.87950
1.3961	0.87903
1.3965	0.87858
1.3969	0.87813
1.3972	0.87771
1.3976	0.87738
1.398	0.87693
1.3984	0.87640
1.3988	0.87603
1.3991	0.87554
1.3995	0.87508
1.3999	0.87459
1.4003	0.87397
1.4006	0.87342
1.401	0.87277
1.4014	0.87203
1.4018	0.87133
1.4022	0.87065
1.4025	0.86995
1.4029	0.86929
1.4033	0.86851
1.4037	0.86774
1.4041	0.86711
1.4044	0.86643
1.4048	0.86555
1.4052	0.86462
1.4056	0.86377
1.406	0.86300
1.4063	0.86217
1.4067	0.86130
1.4071	0.86035
1.4075	0.85932
1.4079	0.85843
1.4083	0.85765
1.4086	0.85673
1.409	0.85565
1.4094	0.85464
1.4098	0.85363
1.4102	0.85269
1.4106	0.85174
1.4109	0.85060
1.4113	0.84944
1.4117	0.84839
1.4121	0.84738
1.4125	0.84631
1.4128	0.84519
1.4132	0.84395
1.4136	0.84282
1.414	0.84162
1.4144	0.84020
1.4148	0.83897
1.4152	0.83781
1.4156	0.83657
1.4159	0.83533
1.4163	0.83405
1.4167	0.83265
1.4171	0.83127
1.4175	0.82992
1.4179	0.82845
1.4183	0.82707
1.4187	0.82575
1.419	0.82439
1.4194	0.82285
1.4198	0.82135
1.4202	0.82012
1.4206	0.81867
1.421	0.81704
1.4214	0.81561
1.4218	0.81422
1.4222	0.81287
1.4225	0.81156
1.4229	0.81017
1.4233	0.80870
1.4237	0.80730
1.4241	0.80614
1.4245	0.80503
1.4249	0.80392
1.4253	0.80285
1.4257	0.80179
1.4261	0.80077
1.4265	0.79981
1.4268	0.79890
1.4272	0.79801
1.4276	0.79723
1.428	0.79651
1.4284	0.79559
1.4288	0.79464
1.4292	0.79390
1.4296	0.79303
1.43	0.79202
1.4304	0.79101
1.4308	0.78985
1.4312	0.78855
1.4316	0.78729
1.432	0.78598
1.4324	0.78446
1.4328	0.78279
1.4332	0.78106
1.4336	0.77928
1.4339	0.77759
1.4343	0.77571
1.4348	0.77351
1.4351	0.77132
1.4355	0.76910
1.4359	0.76679
1.4363	0.76441
1.4367	0.76200
1.4371	0.75958
1.4375	0.75711
1.4379	0.75455
1.4383	0.75182
1.4387	0.74916
1.4391	0.74645
1.4395	0.74367
1.4399	0.74086
1.4403	0.73806
1.4407	0.73536
1.4411	0.73256
1.4415	0.72977
1.4419	0.72717
1.4423	0.72471
1.4427	0.72229
1.4431	0.71997
1.4435	0.71772
1.4439	0.71573
1.4443	0.71396
1.4447	0.71237
1.4451	0.71109
1.4456	0.71008
1.4459	0.70928
1.4463	0.70883
1.4468	0.70876
1.4472	0.70911
1.4476	0.70963
1.448	0.71040
1.4484	0.71150
1.4488	0.71290
1.4492	0.71452
1.4496	0.71632
1.45	0.71826
1.4504	0.72044
1.4508	0.72267
1.4512	0.72481
1.4516	0.72687
1.452	0.72904
1.4524	0.73124
1.4528	0.73340
1.4532	0.73547
1.4537	0.73752
1.4541	0.73936
1.4545	0.74109
1.4549	0.74279
1.4553	0.74442
1.4557	0.74603
1.4561	0.74736
1.4565	0.74861
1.4569	0.74996
1.4573	0.75115
1.4577	0.75218
1.4582	0.75325
1.4586	0.75440
1.459	0.75546
1.4594	0.75636
1.4598	0.75723
1.4602	0.75804
1.4606	0.75875
1.461	0.75947
1.4614	0.76024
1.4618	0.76098
1.4623	0.76172
1.4627	0.76243
1.4631	0.76297
1.4635	0.76351
1.4639	0.76409
1.4643	0.76465
1.4647	0.76514
1.4652	0.76562
1.4656	0.76601
1.466	0.76640
1.4664	0.76685
1.4668	0.76732
1.4672	0.76783
1.4676	0.76821
1.4681	0.76848
1.4685	0.76883
1.4689	0.76913
1.4693	0.76941
1.4697	0.76983
1.4701	0.77021
1.4706	0.77046
1.471	0.77066
1.4714	0.77094
1.4718	0.77127
1.4722	0.77159
1.4726	0.77193
1.4731	0.77227
1.4735	0.77254
1.4739	0.77292
1.4743	0.77317
1.4747	0.77336
1.4752	0.77364
1.4756	0.77389
1.476	0.77426
1.4764	0.77467
1.4768	0.77494
1.4773	0.77514
1.4777	0.77527
1.4781	0.77544
1.4785	0.77567
1.4789	0.77569
1.4794	0.77556
1.4798	0.77543
1.4802	0.77528
1.4806	0.77506
1.4811	0.77473
1.4815	0.77438
1.4819	0.77387
1.4823	0.77330
1.4828	0.77278
1.4832	0.77220
1.4836	0.77151
1.484	0.77071
1.4844	0.76992
1.4849	0.76919
1.4853	0.76851
1.4857	0.76777
1.4862	0.76699
1.4866	0.76629
1.487	0.76563
1.4874	0.76507
1.4879	0.76455
1.4883	0.76404
1.4887	0.76369
1.4891	0.76334
1.4896	0.76305
1.49	0.76291
1.4904	0.76287
1.4908	0.76288
1.4913	0.76298
1.4917	0.76312
1.4921	0.76339
1.4926	0.76380
1.493	0.76431
1.4934	0.76478
1.4939	0.76543
1.4943	0.76628
1.4947	0.76710
1.4952	0.76804
1.4956	0.76914
1.496	0.77013
1.4964	0.77123
1.4969	0.77238
1.4973	0.77351
1.4977	0.77477
1.4982	0.77607
1.4986	0.77734
1.499	0.77863
1.4995	0.77996
1.4999	0.78129
1.5003	0.78257
1.5008	0.78396
1.5012	0.78531
1.5017	0.78655
1.5021	0.78770
1.5025	0.78884
1.5029	0.79006
1.5034	0.79108
1.5038	0.79203
1.5043	0.79300
1.5047	0.79400
1.5051	0.79503
1.5056	0.79591
1.506	0.79675
1.5064	0.79751
1.5069	0.79831
1.5073	0.79909
1.5078	0.79972
1.5082	0.80036
1.5086	0.80101
1.5091	0.80156
1.5095	0.80199
1.51	0.80245
1.5104	0.80293
1.5108	0.80337
1.5113	0.80384
1.5117	0.80426
1.5122	0.80454
1.5126	0.80470
1.513	0.80500
1.5135	0.80538
1.5139	0.80563
1.5144	0.80586
1.5148	0.80603
1.5153	0.80617
1.5157	0.80646
1.5161	0.80664
1.5166	0.80666
1.517	0.80673
1.5175	0.80673
1.5179	0.80672
1.5184	0.80680
1.5188	0.80676
1.5193	0.80679
1.5197	0.80678
1.5201	0.80674
1.5206	0.80674
1.521	0.80675
1.5215	0.80665
1.5219	0.80639
1.5224	0.80625
1.5228	0.80615
1.5233	0.80599
1.5237	0.80569
1.5242	0.80545
1.5246	0.80530
1.5251	0.80518
1.5255	0.80496
1.5259	0.80466
1.5264	0.80435
1.5268	0.80416
1.5273	0.80398
1.5278	0.80363
1.5282	0.80330
1.5287	0.80295
1.5291	0.80259
1.5296	0.80238
1.53	0.80210
1.5305	0.80172
1.5309	0.80141
1.5314	0.80104
1.5318	0.80067
1.5323	0.80038
1.5327	0.80009
1.5332	0.79988
1.5336	0.79966
1.5341	0.79943
1.5345	0.79910
1.535	0.79887
1.5354	0.79869
1.5359	0.79842
1.5363	0.79825
1.5368	0.79822
1.5373	0.79820
1.5377	0.79826
1.5382	0.79834
1.5386	0.79844
1.5391	0.79853
1.5396	0.79870
1.54	0.79905
1.5405	0.79943
1.5409	0.79978
1.5414	0.80017
1.5418	0.80071
1.5423	0.80132
1.5428	0.80188
1.5432	0.80247
1.5437	0.80316
1.5441	0.80388
1.5446	0.80472
1.5451	0.80554
1.5455	0.80629
1.546	0.80716
1.5464	0.80816
1.5469	0.80916
1.5474	0.81011
1.5478	0.81102
1.5483	0.81200
1.5488	0.81303
1.5492	0.81394
1.5497	0.81490
1.5501	0.81597
1.5506	0.81703
1.5511	0.81804
1.5515	0.81908
1.552	0.81996
1.5524	0.82086
1.5529	0.82192
1.5534	0.82296
1.5538	0.82402
1.5543	0.82501
1.5548	0.82587
1.5553	0.82669
1.5557	0.82762
1.5562	0.82867
1.5567	0.82958
1.5571	0.83042
1.5576	0.83122
1.5581	0.83204
1.5585	0.83295
1.559	0.83382
1.5595	0.83459
1.5599	0.83534
1.5604	0.83613
1.5609	0.83689
1.5613	0.83760
1.5618	0.83841
1.5623	0.83919
1.5628	0.83984
1.5632	0.84048
1.5637	0.84115
1.5642	0.84181
1.5646	0.84255
1.5651	0.84320
1.5656	0.84373
1.5661	0.84431
1.5665	0.84503
1.567	0.84576
1.5675	0.84631
1.5679	0.84686
1.5684	0.84747
1.5689	0.84806
1.5694	0.84862
1.5698	0.84916
1.5703	0.84960
1.5708	0.85013
1.5713	0.85083
1.5718	0.85143
1.5722	0.85187
1.5727	0.85227
1.5732	0.85282
1.5737	0.85334
1.5741	0.85383
1.5746	0.85430
1.5751	0.85483
1.5756	0.85527
1.5761	0.85576
1.5765	0.85627
1.577	0.85667
1.5775	0.85706
1.578	0.85754
1.5784	0.85797
1.5789	0.85832
1.5794	0.85881
1.5799	0.85929
1.5804	0.85966
1.5809	0.86014
1.5813	0.86064
1.5818	0.86107
1.5823	0.86143
1.5828	0.86180
1.5833	0.86225
1.5838	0.86267
1.5842	0.86304
1.5847	0.86345
1.5852	0.86380
1.5857	0.86420
1.5862	0.86455
1.5867	0.86493
1.5872	0.86543
1.5876	0.86583
1.5881	0.86620
1.5886	0.86663
1.5891	0.86700
1.5896	0.86735
1.5901	0.86791
1.5906	0.86844
1.591	0.86872
1.5915	0.86907
1.592	0.86953
1.5925	0.86997
1.593	0.87036
1.5935	0.87079
1.594	0.87119
1.5945	0.87168
1.595	0.87224
1.5954	0.87264
1.5959	0.87310
1.5964	0.87356
1.5969	0.87395
1.5974	0.87439
1.5979	0.87488
1.5984	0.87532
1.5989	0.87576
1.5994	0.87628
1.5999	0.87678
1.6004	0.87723
1.6009	0.87760
1.6014	0.87799
1.6019	0.87852
1.6023	0.87907
1.6028	0.87950
1.6033	0.87994
1.6038	0.88033
1.6043	0.88071
1.6048	0.88117
1.6053	0.88160
1.6058	0.88207
1.6063	0.88257
1.6068	0.88299
1.6073	0.88340
1.6078	0.88371
1.6083	0.88410
1.6088	0.88457
1.6093	0.88493
1.6098	0.88543
1.6103	0.88597
1.6108	0.88633
1.6113	0.88662
1.6118	0.88703
1.6123	0.88750
1.6128	0.88794
1.6133	0.88825
1.6138	0.88855
1.6143	0.88894
1.6148	0.88933
1.6153	0.88970
1.6158	0.89006
1.6163	0.89038
1.6168	0.89069
1.6173	0.89101
1.6178	0.89133
1.6184	0.89161
1.6189	0.89194
1.6194	0.89233
1.6199	0.89270
1.6204	0.89298
1.6209	0.89320
1.6214	0.89351
1.6219	0.89391
1.6224	0.89425
1.6229	0.89445
1.6234	0.89477
1.6239	0.89511
1.6244	0.89547
1.6249	0.89578
1.6255	0.89605
1.626	0.89644
1.6265	0.89672
1.627	0.89699
1.6275	0.89728
1.628	0.89755
1.6285	0.89790
1.629	0.89821
1.6296	0.89852
1.6301	0.89886
1.6306	0.89914
1.6311	0.89938
1.6316	0.89973
1.6321	0.90001
1.6326	0.90033
1.6331	0.90076
1.6337	0.90107
1.6342	0.90130
1.6347	0.90165
1.6352	0.90202
1.6357	0.90235
1.6362	0.90262
1.6368	0.90298
1.6373	0.90338
1.6378	0.90366
1.6383	0.90388
1.6388	0.90407
1.6393	0.90438
1.6398	0.90467
1.6404	0.90493
1.6409	0.90524
1.6414	0.90549
1.6419	0.90571
1.6424	0.90605
1.643	0.90641
1.6435	0.90663
1.644	0.90686
1.6445	0.90706
1.6451	0.90723
1.6456	0.90751
1.6461	0.90785
1.6466	0.90806
1.6472	0.90825
1.6477	0.90847
1.6482	0.90867
1.6487	0.90879
1.6492	0.90899
1.6498	0.90935
1.6503	0.90953
1.6508	0.90970
1.6513	0.90990
1.6519	0.91003
1.6524	0.91015
1.6529	0.91032
1.6534	0.91062
1.654	0.91088
1.6545	0.91102
1.655	0.91108
1.6556	0.91120
1.6561	0.91143
1.6566	0.91160
1.6572	0.91176
1.6577	0.91189
1.6582	0.91198
1.6587	0.91209
1.6593	0.91219
1.6598	0.91232
1.6603	0.91250
1.6609	0.91263
1.6614	0.91275
1.6619	0.91288
1.6625	0.91302
1.663	0.91313
1.6635	0.91317
1.6641	0.91333
1.6646	0.91346
1.6651	0.91355
1.6657	0.91358
1.6662	0.91356
1.6667	0.91359
1.6673	0.91364
1.6678	0.91366
1.6683	0.91381
1.6689	0.91398
1.6694	0.91398
1.67	0.91392
1.6705	0.91389
1.671	0.91384
1.6716	0.91390
1.6721	0.91393
1.6727	0.91391
1.6732	0.91385
1.6737	0.91382
1.6743	0.91391
1.6748	0.91384
1.6754	0.91372
1.6759	0.91363
1.6764	0.91360
1.677	0.91355
1.6775	0.91338
1.6781	0.91318
1.6786	0.91304
1.6792	0.91307
1.6797	0.91299
1.6802	0.91282
1.6808	0.91270
1.6813	0.91254
1.6819	0.91242
1.6824	0.91224
1.683	0.91200
1.6835	0.91181
1.6841	0.91158
1.6846	0.91133
1.6852	0.91115
1.6857	0.91096
1.6863	0.91069
1.6868	0.91045
1.6873	0.91018
1.6879	0.90985
1.6884	0.90958
1.689	0.90934
1.6896	0.90901
1.6901	0.90863
1.6907	0.90825
1.6912	0.90790
1.6918	0.90763
1.6923	0.90714
1.6929	0.90660
1.6934	0.90614
1.694	0.90578
1.6945	0.90536
1.6951	0.90489
1.6956	0.90440
1.6962	0.90389
1.6967	0.90325
1.6973	0.90257
1.6978	0.90198
1.6984	0.90139
1.699	0.90068
1.6995	0.89995
1.7001	0.89927
1.7006	0.89869
1.7012	0.89803
1.7018	0.89718
1.7023	0.89639
1.7029	0.89563
1.7034	0.89486
1.704	0.89401
1.7046	0.89313
1.7051	0.89225
1.7057	0.89132
1.7062	0.89035
1.7068	0.88932
1.7074	0.88825
1.7079	0.88728
1.7085	0.88629
1.709	0.88521
1.7096	0.88412
1.7102	0.88306
1.7107	0.88192
1.7113	0.88072
1.7119	0.87950
1.7124	0.87833
1.713	0.87711
1.7136	0.87585
1.7141	0.87458
1.7147	0.87332
1.7153	0.87193
1.7158	0.87065
1.7164	0.86934
1.717	0.86796
1.7175	0.86664
1.7181	0.86521
1.7187	0.86372
1.7192	0.86240
1.7198	0.86100
1.7204	0.85958
1.721	0.85816
1.7215	0.85666
1.7221	0.85521
1.7227	0.85371
1.7232	0.85215
1.7238	0.85072
1.7244	0.84931
1.725	0.84783
1.7255	0.84629
1.7261	0.84478
1.7267	0.84322
1.7273	0.84169
1.7278	0.84018
1.7284	0.83873
1.729	0.83729
1.7296	0.83578
1.7302	0.83426
1.7307	0.83271
1.7313	0.83111
1.7319	0.82959
1.7325	0.82810
1.733	0.82661
1.7336	0.82519
1.7342	0.82371
1.7348	0.82215
1.7354	0.82069
1.7359	0.81928
1.7365	0.81793
1.7371	0.81657
1.7377	0.81520
1.7383	0.81387
1.7388	0.81264
1.7394	0.81150
1.74	0.81025
1.7406	0.80909
1.7412	0.80803
1.7418	0.80697
1.7423	0.80596
1.7429	0.80498
1.7435	0.80413
1.7441	0.80333
1.7447	0.80256
1.7453	0.80183
1.7459	0.80118
1.7465	0.80056
1.7471	0.80005
1.7476	0.79980
1.7482	0.79956
1.7488	0.79934
1.7494	0.79926
1.75	0.79930
1.7506	0.79943
1.7512	0.79974
1.7518	0.80013
1.7524	0.80050
1.753	0.80090
1.7536	0.80149
1.7541	0.80226
1.7547	0.80298
1.7553	0.80363
1.7559	0.80434
1.7565	0.80517
1.7571	0.80603
1.7577	0.80685
1.7583	0.80764
1.7589	0.80854
1.7595	0.80934
1.7601	0.80999
1.7607	0.81066
1.7613	0.81139
1.7619	0.81209
1.7625	0.81270
1.7631	0.81322
1.7637	0.81368
1.7643	0.81414
1.7649	0.81463
1.7655	0.81500
1.7661	0.81528
1.7667	0.81549
1.7673	0.81587
1.7679	0.81621
1.7685	0.81651
1.7691	0.81675
1.7697	0.81691
1.7703	0.81712
1.7709	0.81730
1.7715	0.81745
1.7721	0.81757
1.7727	0.81774
1.7733	0.81787
1.7739	0.81803
1.7746	0.81827
1.7752	0.81857
1.7758	0.81886
1.7764	0.81911
1.777	0.81938
1.7776	0.81980
1.7782	0.82020
1.7788	0.82061
1.7794	0.82105
1.78	0.82157
1.7807	0.82210
1.7813	0.82268
1.7819	0.82335
1.7825	0.82405
1.7831	0.82489
1.7837	0.82577
1.7843	0.82654
1.7849	0.82745
1.7856	0.82840
1.7862	0.82926
1.7868	0.83008
1.7874	0.83111
1.788	0.83220
1.7886	0.83316
1.7893	0.83409
1.7899	0.83508
1.7905	0.83612
1.7911	0.83717
1.7917	0.83820
1.7923	0.83913
1.793	0.84008
1.7936	0.84098
1.7942	0.84186
1.7948	0.84276
1.7954	0.84369
1.7961	0.84454
1.7967	0.84532
1.7973	0.84612
1.7979	0.84684
1.7986	0.84752
1.7992	0.84824
1.7998	0.84905
1.8004	0.84974
1.8011	0.85030
1.8017	0.85093
1.8023	0.85155
1.8029	0.85213
1.8036	0.85273
1.8042	0.85317
1.8048	0.85361
1.8054	0.85418
1.8061	0.85471
1.8067	0.85517
1.8073	0.85557
1.808	0.85592
1.8086	0.85632
1.8092	0.85669
1.8099	0.85703
1.8105	0.85745
1.8111	0.85787
1.8118	0.85819
1.8124	0.85851
1.813	0.85892
1.8137	0.85925
1.8143	0.85951
1.8149	0.85978
1.8156	0.86010
1.8162	0.86043
1.8168	0.86069
1.8175	0.86091
1.8181	0.86117
1.8188	0.86147
1.8194	0.86174
1.82	0.86193
1.8207	0.86216
1.8213	0.86239
1.8219	0.86258
1.8226	0.86287
1.8232	0.86308
1.8239	0.86319
1.8245	0.86334
1.8252	0.86342
1.8258	0.86358
1.8264	0.86376
1.8271	0.86389
1.8277	0.86391
1.8284	0.86387
1.829	0.86391
1.8297	0.86394
1.8303	0.86391
1.831	0.86393
1.8316	0.86390
1.8323	0.86378
1.8329	0.86375
1.8336	0.86379
1.8342	0.86368
1.8348	0.86352
1.8355	0.86345
1.8361	0.86332
1.8368	0.86318
1.8374	0.86306
1.8381	0.86289
1.8388	0.86269
1.8394	0.86244
1.8401	0.86229
1.8407	0.86213
1.8414	0.86185
1.842	0.86155
1.8427	0.86124
1.8433	0.86088
1.844	0.86055
1.8446	0.86022
1.8453	0.85979
1.8459	0.85927
1.8466	0.85883
1.8473	0.85840
1.8479	0.85783
1.8486	0.85722
1.8492	0.85665
1.8499	0.85600
1.8506	0.85525
1.8512	0.85452
1.8519	0.85373
1.8526	0.85287
1.8532	0.85202
1.8539	0.85110
1.8545	0.85003
1.8552	0.84891
1.8559	0.84786
1.8565	0.84671
1.8572	0.84540
1.8579	0.84403
1.8585	0.84270
1.8592	0.84127
1.8599	0.83983
1.8605	0.83829
1.8612	0.83660
1.8619	0.83489
1.8625	0.83319
1.8632	0.83137
1.8639	0.82950
1.8645	0.82756
1.8652	0.82547
1.8659	0.82329
1.8666	0.82113
1.8672	0.81904
1.8679	0.81683
1.8686	0.81440
1.8692	0.81198
1.8699	0.80958
1.8706	0.80713
1.8713	0.80458
1.8719	0.80194
1.8726	0.79933
1.8733	0.79661
1.874	0.79373
1.8747	0.79091
1.8753	0.78800
1.876	0.78499
1.8767	0.78199
1.8774	0.77893
1.878	0.77583
1.8787	0.77263
1.8794	0.76932
1.8801	0.76603
1.8808	0.76261
1.8814	0.75915
1.8821	0.75572
1.8828	0.75221
1.8835	0.74872
1.8842	0.74514
1.8849	0.74163
1.8856	0.73821
1.8862	0.73465
1.8869	0.73108
1.8876	0.72753
1.8883	0.72388
1.889	0.72030
1.8897	0.71683
1.8904	0.71333
1.8911	0.70971
1.8918	0.70608
1.8924	0.70243
1.8931	0.69887
1.8938	0.69527
1.8945	0.69162
1.8952	0.68797
1.8959	0.68425
1.8966	0.68062
1.8973	0.67696
1.898	0.67315
1.8987	0.66928
1.8994	0.66539
1.9001	0.66147
1.9008	0.65750
1.9015	0.65352
1.9022	0.64959
1.9029	0.64551
1.9036	0.64140
1.9043	0.63731
1.905	0.63324
1.9057	0.62916
1.9064	0.62502
1.9071	0.62098
1.9078	0.61692
1.9085	0.61285
1.9092	0.60878
1.9099	0.60466
1.9106	0.60056
1.9113	0.59638
1.912	0.59216
1.9127	0.58800
1.9134	0.58378
1.9141	0.57943
1.9148	0.57507
1.9155	0.57072
1.9162	0.56628
1.9169	0.56168
1.9176	0.55705
1.9183	0.55234
1.9191	0.54756
1.9198	0.54266
1.9205	0.53771
1.9212	0.53270
1.9219	0.52744
1.9226	0.52207
1.9233	0.51666
1.924	0.51124
1.9248	0.50570
1.9255	0.49992
1.9262	0.49400
1.9269	0.48815
1.9276	0.48231
1.9283	0.47636
1.9291	0.47035
1.9298	0.46430
1.9305	0.45848
1.9312	0.45283
1.9319	0.44735
1.9327	0.44201
1.9334	0.43698
1.9341	0.43241
1.9348	0.42815
1.9355	0.42420
1.9363	0.42073
1.937	0.41761
1.9377	0.41491
1.9384	0.41260
1.9392	0.41068
1.9399	0.40909
1.9406	0.40784
1.9413	0.40702
1.9421	0.40651
1.9428	0.40626
1.9435	0.40613
1.9442	0.40622
1.945	0.40644
1.9457	0.40678
1.9464	0.40735
1.9472	0.40809
1.9479	0.40900
1.9486	0.41010
1.9494	0.41159
1.9501	0.41350
1.9508	0.41574
1.9516	0.41843
1.9523	0.42171
1.953	0.42572
1.9538	0.43026
1.9545	0.43533
1.9552	0.44095
1.956	0.44692
1.9567	0.45317
1.9575	0.45946
1.9582	0.46558
1.9589	0.47137
1.9597	0.47676
1.9604	0.48156
1.9612	0.48560
1.9619	0.48899
1.9626	0.49174
1.9634	0.49383
1.9641	0.49537
1.9649	0.49647
1.9656	0.49713
1.9664	0.49754
1.9671	0.49788
1.9679	0.49809
1.9686	0.49830
1.9693	0.49863
1.9701	0.49903
1.9708	0.49948
1.9716	0.50006
1.9723	0.50087
1.9731	0.50187
1.9738	0.50307
1.9746	0.50451
1.9753	0.50607
1.9761	0.50774
1.9769	0.50948
1.9776	0.51126
1.9784	0.51307
1.9791	0.51500
1.9799	0.51698
1.9806	0.51889
1.9814	0.52069
1.9822	0.52259
1.9829	0.52450
1.9837	0.52634
1.9844	0.52826
1.9852	0.53026
1.9859	0.53242
1.9867	0.53474
1.9875	0.53725
1.9882	0.54000
1.989	0.54309
1.9898	0.54665
1.9905	0.55055
1.9913	0.55487
1.9921	0.55973
1.9928	0.56516
1.9936	0.57098
1.9943	0.57711
1.9951	0.58362
1.9959	0.59042
1.9967	0.59729
1.9974	0.60416
1.9982	0.61107
1.999	0.61784
1.9997	0.62445
2.0005	0.63089
2.0013	0.63710
2.0021	0.64304
2.0028	0.64873
2.0036	0.65415
2.0044	0.65931
2.0052	0.66421
2.0059	0.66884
2.0067	0.67329
2.0075	0.67752
2.0083	0.68158
2.009	0.68544
2.0098	0.68904
2.0106	0.69244
2.0114	0.69567
2.0122	0.69882
2.0129	0.70194
2.0137	0.70483
2.0145	0.70754
2.0153	0.71019
2.0161	0.71269
2.0168	0.71507
2.0176	0.71742
2.0184	0.71966
2.0192	0.72178
2.02	0.72372
2.0208	0.72569
2.0216	0.72754
2.0223	0.72932
2.0231	0.73106
2.0239	0.73268
2.0247	0.73429
2.0255	0.73577
2.0263	0.73727
2.0271	0.73873
2.0279	0.74005
2.0287	0.74139
2.0295	0.74270
2.0303	0.74387
2.0311	0.74505
2.0319	0.74626
2.0327	0.74737
2.0335	0.74841
2.0343	0.74949
2.0351	0.75051
2.0358	0.75152
2.0367	0.75249
2.0374	0.75343
2.0383	0.75438
2.0391	0.75521
2.0399	0.75605
2.0407	0.75686
2.0415	0.75768
2.0423	0.75852
2.0431	0.75930
2.0439	0.76003
2.0447	0.76065
2.0455	0.76123
2.0463	0.76188
2.0471	0.76255
2.0479	0.76316
2.0487	0.76362
2.0495	0.76399
2.0504	0.76439
2.0512	0.76474
2.052	0.76497
2.0528	0.76516
2.0536	0.76526
2.0544	0.76537
2.0552	0.76546
2.056	0.76545
2.0569	0.76534
2.0577	0.76511
2.0585	0.76490
2.0593	0.76470
2.0601	0.76450
2.0609	0.76429
2.0618	0.76396
2.0626	0.76366
2.0634	0.76341
2.0642	0.76320
2.0651	0.76305
2.0659	0.76294
2.0667	0.76289
2.0675	0.76291
2.0683	0.76298
2.0692	0.76310
2.07	0.76321
2.0708	0.76341
2.0716	0.76365
2.0725	0.76383
2.0733	0.76398
2.0741	0.76408
2.075	0.76414
2.0758	0.76410
2.0766	0.76411
2.0775	0.76412
2.0783	0.76401
2.0791	0.76389
2.08	0.76386
2.0808	0.76369
2.0816	0.76340
2.0825	0.76321
2.0833	0.76300
2.0841	0.76264
2.085	0.76228
2.0858	0.76183
2.0866	0.76137
2.0875	0.76091
2.0883	0.76037
2.0892	0.75983
2.09	0.75936
2.0909	0.75880
2.0917	0.75819
2.0926	0.75760
2.0934	0.75696
2.0942	0.75627
2.0951	0.75557
2.0959	0.75492
2.0968	0.75418
2.0976	0.75342
2.0985	0.75264
2.0993	0.75179
2.1002	0.75095
2.101	0.75012
2.1019	0.74930
2.1027	0.74850
2.1036	0.74768
2.1044	0.74678
2.1053	0.74585
2.1061	0.74498
2.107	0.74410
2.1079	0.74325
2.1087	0.74232
2.1096	0.74135
2.1104	0.74046
2.1113	0.73951
2.1122	0.73856
2.113	0.73769
2.1139	0.73680
2.1147	0.73590
2.1156	0.73491
2.1165	0.73403
2.1173	0.73315
2.1182	0.73219
2.1191	0.73127
2.1199	0.73035
2.1208	0.72952
2.1217	0.72864
2.1225	0.72772
2.1234	0.72681
2.1243	0.72593
2.1251	0.72505
2.126	0.72421
2.1269	0.72344
2.1278	0.72272
2.1286	0.72197
2.1295	0.72110
2.1304	0.72034
2.1313	0.71966
2.1321	0.71896
2.133	0.71829
2.1339	0.71766
2.1348	0.71698
2.1356	0.71637
2.1365	0.71570
2.1374	0.71508
2.1383	0.71443
2.1392	0.71372
2.1401	0.71317
2.1409	0.71258
2.1418	0.71188
2.1427	0.71117
2.1436	0.71051
2.1445	0.70976
2.1454	0.70895
2.1463	0.70824
2.1471	0.70752
2.148	0.70664
2.1489	0.70561
2.1498	0.70466
2.1507	0.70382
2.1516	0.70296
2.1525	0.70205
2.1534	0.70108
2.1543	0.70004
2.1552	0.69906
2.1561	0.69819
2.157	0.69736
2.1579	0.69644
2.1588	0.69554
2.1597	0.69462
2.1606	0.69366
2.1615	0.69270
2.1624	0.69184
2.1633	0.69093
2.1642	0.69000
2.1651	0.68910
2.166	0.68824
2.1669	0.68729
2.1678	0.68637
2.1687	0.68552
2.1696	0.68464
2.1705	0.68378
2.1714	0.68299
2.1723	0.68220
2.1732	0.68138
2.1741	0.68072
2.1751	0.68020
2.176	0.67972
2.1769	0.67936
2.1778	0.67916
2.1787	0.67881
2.1796	0.67855
2.1806	0.67848
2.1815	0.67833
2.1824	0.67823
2.1833	0.67808
2.1842	0.67794
2.1851	0.67784
2.1861	0.67762
2.187	0.67737
2.1879	0.67711
2.1888	0.67677
2.1898	0.67635
2.1907	0.67585
2.1916	0.67531
2.1925	0.67476
2.1935	0.67411
2.1944	0.67338
2.1953	0.67265
2.1963	0.67190
2.1972	0.67107
2.1981	0.67016
2.1991	0.66920
2.2	0.66820
2.2009	0.66720
2.2019	0.66605
2.2028	0.66492
2.2037	0.66373
2.2047	0.66250
2.2056	0.66120
2.2065	0.65989
2.2075	0.65861
2.2084	0.65746
2.2094	0.65624
2.2103	0.65485
2.2112	0.65357
2.2122	0.65233
2.2131	0.65115
2.2141	0.65024
2.215	0.64941
2.216	0.64869
2.2169	0.64822
2.2179	0.64808
2.2188	0.64821
2.2198	0.64875
2.2207	0.64972
2.2217	0.65099
2.2226	0.65266
2.2236	0.65462
2.2245	0.65679
2.2255	0.65908
2.2264	0.66133
2.2274	0.66350
2.2284	0.66561
2.2293	0.66758
2.2303	0.66944
2.2312	0.67119
2.2322	0.67265
2.2331	0.67394
2.2341	0.67520
2.2351	0.67637
2.236	0.67733
2.237	0.67813
2.238	0.67886
2.2389	0.67956
2.2399	0.68029
2.2409	0.68091
2.2418	0.68132
2.2428	0.68160
2.2438	0.68180
2.2448	0.68200
2.2457	0.68218
2.2467	0.68238
2.2477	0.68240
2.2486	0.68237
2.2496	0.68234
2.2506	0.68217
2.2516	0.68188
2.2526	0.68158
2.2535	0.68122
2.2545	0.68079
2.2555	0.68031
2.2565	0.67970
2.2575	0.67893
2.2584	0.67806
2.2594	0.67716
2.2604	0.67622
2.2614	0.67523
2.2624	0.67414
2.2634	0.67301
2.2644	0.67201
2.2654	0.67109
2.2663	0.67030
2.2673	0.66967
2.2683	0.66937
2.2693	0.66946
2.2703	0.67003
2.2713	0.67081
2.2723	0.67184
2.2733	0.67327
2.2743	0.67490
2.2753	0.67666
2.2763	0.67846
2.2773	0.68020
2.2783	0.68197
2.2793	0.68371
2.2803	0.68528
2.2813	0.68671
2.2823	0.68809
2.2833	0.68941
2.2843	0.69065
2.2853	0.69169
2.2863	0.69258
2.2873	0.69344
2.2883	0.69426
2.2894	0.69506
2.2904	0.69581
2.2914	0.69648
2.2924	0.69699
2.2934	0.69747
2.2944	0.69798
2.2954	0.69843
2.2964	0.69884
2.2975	0.69926
2.2985	0.69968
2.2995	0.69994
2.3005	0.70015
2.3016	0.70036
2.3026	0.70053
2.3036	0.70072
2.3046	0.70091
2.3056	0.70097
2.3067	0.70108
2.3077	0.70122
2.3087	0.70128
2.3098	0.70129
2.3108	0.70134
2.3118	0.70135
2.3128	0.70138
2.3139	0.70134
2.3149	0.70124
2.3159	0.70122
2.317	0.70112
2.318	0.70096
2.3191	0.70078
2.3201	0.70060
2.3211	0.70038
2.3222	0.70012
2.3232	0.69990
2.3243	0.69955
2.3253	0.69909
2.3263	0.69868
2.3274	0.69826
2.3284	0.69776
2.3295	0.69714
2.3305	0.69645
2.3316	0.69576
2.3326	0.69509
2.3337	0.69437
2.3347	0.69357
2.3358	0.69262
2.3368	0.69162
2.3379	0.69053
2.3389	0.68946
2.34	0.68844
2.341	0.68729
2.3421	0.68618
2.3431	0.68506
2.3442	0.68388
2.3453	0.68263
2.3463	0.68137
2.3474	0.68013
2.3485	0.67876
2.3495	0.67733
2.3506	0.67593
2.3517	0.67446
2.3527	0.67295
2.3538	0.67143
2.3549	0.66988
2.3559	0.66831
2.357	0.66665
2.3581	0.66484
2.3591	0.66299
2.3602	0.66117
2.3613	0.65921
2.3624	0.65715
2.3634	0.65509
2.3645	0.65295
2.3656	0.65063
2.3667	0.64824
2.3678	0.64589
2.3689	0.64355
2.3699	0.64106
2.371	0.63841
2.3721	0.63579
2.3732	0.63304
2.3743	0.63018
2.3754	0.62723
2.3764	0.62416
2.3775	0.62107
2.3786	0.61798
2.3797	0.61476
2.3808	0.61136
2.3819	0.60791
2.383	0.60440
2.3841	0.60079
2.3852	0.59706
2.3863	0.59317
2.3874	0.58928
2.3885	0.58524
2.3896	0.58116
2.3907	0.57703
2.3918	0.57281
2.3929	0.56850
2.394	0.56413
2.3951	0.55984
2.3962	0.55550
2.3973	0.55109
2.3984	0.54661
2.3995	0.54222
2.4006	0.53792
2.4018	0.53362
2.4029	0.52946
2.404	0.52544
2.4051	0.52149
2.4062	0.51766
2.4073	0.51401
2.4085	0.51048
2.4096	0.50708
2.4107	0.50387
2.4118	0.50085
2.4129	0.49792
2.4141	0.49526
2.4152	0.49293
2.4163	0.49070
2.4174	0.48858
2.4186	0.48668
2.4197	0.48503
2.4208	0.48346
2.422	0.48199
2.4231	0.48065
2.4242	0.47940
2.4254	0.47821
2.4265	0.47699
2.4276	0.47576
2.4288	0.47454
2.4299	0.47340
2.4311	0.47225
2.4322	0.47125
2.4333	0.47030
2.4345	0.46935
2.4356	0.46846
2.4368	0.46771
2.4379	0.46710
2.4391	0.46649
2.4402	0.46591
2.4414	0.46538
2.4425	0.46504
2.4436	0.46477
2.4448	0.46442
2.4459	0.46418
2.4471	0.46390
2.4483	0.46368
2.4494	0.46342
2.4506	0.46306
2.4517	0.46265
2.4529	0.46221
2.4541	0.46171
2.4552	0.46108
2.4564	0.46030
2.4576	0.45943
2.4587	0.45843
2.4599	0.45724
2.4611	0.45603
2.4622	0.45473
2.4634	0.45326
2.4646	0.45180
2.4657	0.45027
2.4669	0.44876
2.4681	0.44721
2.4693	0.44576
2.4704	0.44444
2.4716	0.44305
2.4728	0.44174
2.474	0.44059
2.4751	0.43961
2.4763	0.43874
2.4775	0.43792
2.4787	0.43723
2.4799	0.43677
2.4811	0.43640
2.4823	0.43607
2.4834	0.43587
2.4846	0.43578
2.4858	0.43577
2.487	0.43574
2.4882	0.43586
2.4894	0.43603
2.4906	0.43626
2.4918	0.43657
2.493	0.43686
2.4942	0.43730
2.4954	0.43784
2.4966	0.43834
2.4978	0.43889
2.499	0.43952
2.5002	0.44016
2.5014	0.44082
2.5026	0.44154
2.5038	0.44236
2.505	0.44317
2.5063	0.44388
2.5075	0.44459
2.5087	0.44530
2.5099	0.44608
2.5111	0.44687
2.5123	0.44757
2.5135	0.44818
2.5148	0.44887
2.516	0.44959
2.5172	0.45025
2.5184	0.45084
2.5196	0.45139
2.5209	0.45191
2.5221	0.45234
2.5233	0.45271
2.5246	0.45311
2.5258	0.45343
2.527	0.45368
2.5282	0.45384
2.5295	0.45392
2.5307	0.45399
2.5319	0.45404
2.5332	0.45391
2.5344	0.45372
2.5357	0.45350
2.5369	0.45322
2.5381	0.45290
2.5394	0.45253
2.5406	0.45209
2.5419	0.45165
2.5431	0.45123
2.5444	0.45068
2.5456	0.45000
2.5469	0.44932
2.5481	0.44870
2.5494	0.44816
2.5506	0.44752
2.5519	0.44670
2.5531	0.44587
2.5544	0.44514
2.5556	0.44431
2.5569	0.44352
2.5582	0.44286
2.5594	0.44222
2.5607	0.44144
2.562	0.44071
2.5632	0.43999
2.5645	0.43928
2.5658	0.43853
2.567	0.43782
2.5683	0.43727
2.5696	0.43689
2.5709	0.43638
2.5721	0.43589
2.5734	0.43560
2.5747	0.43534
2.576	0.43504
2.5773	0.43486
2.5785	0.43471
2.5798	0.43455
2.5811	0.43439
2.5824	0.43422
2.5837	0.43417
2.585	0.43405
2.5862	0.43393
2.5875	0.43387
2.5888	0.43364
2.5901	0.43343
2.5914	0.43320
2.5927	0.43292
2.594	0.43274
2.5953	0.43263
2.5966	0.43222
2.5979	0.43160
2.5992	0.43107
2.6005	0.43070
2.6018	0.43023
2.6031	0.42967
2.6044	0.42909
2.6057	0.42863
2.6071	0.42802
2.6084	0.42731
2.6097	0.42667
2.611	0.42596
2.6123	0.42527
2.6136	0.42461
2.6149	0.42395
2.6163	0.42339
2.6176	0.42276
2.6189	0.42202
2.6202	0.42130
2.6216	0.42060
2.6229	0.41983
2.6242	0.41911
2.6255	0.41845
2.6269	0.41782
2.6282	0.41705
2.6295	0.41637
2.6309	0.41565
2.6322	0.41477
2.6335	0.41382
2.6349	0.41288
2.6362	0.41190
2.6376	0.41087
2.6389	0.40965
2.6402	0.40840
2.6416	0.40695
2.6429	0.40536
2.6443	0.40372
2.6456	0.40196
2.647	0.39995
2.6483	0.39795
2.6497	0.39581
2.651	0.39349
2.6524	0.39100
2.6538	0.38837
2.6551	0.38557
2.6565	0.38270
2.6578	0.37982
2.6592	0.37692
2.6606	0.37386
2.6619	0.37072
2.6633	0.36743
2.6647	0.36429
2.666	0.36108
2.6674	0.35780
2.6688	0.35449
2.6701	0.35139
2.6715	0.34827
2.6729	0.34503
2.6743	0.34185
2.6756	0.33891
2.677	0.33602
2.6784	0.33311
2.6798	0.33027
2.6812	0.32734
2.6826	0.32448
2.684	0.32169
2.6854	0.31865
2.6868	0.31551
2.6881	0.31234
2.6895	0.30899
2.6909	0.30540
2.6923	0.30170
2.6937	0.29778
2.6951	0.29355
2.6965	0.28909
2.6979	0.28454
2.6993	0.27976
2.7007	0.27482
2.7021	0.26977
2.7036	0.26456
2.705	0.25915
2.7064	0.25372
2.7078	0.24825
2.7092	0.24278
2.7106	0.23714
2.712	0.23157
2.7135	0.22605
2.7149	0.22065
2.7163	0.21546
2.7177	0.21027
2.7191	0.20530
2.7206	0.20053
2.722	0.19571
2.7234	0.19122
2.7249	0.18673
2.7263	0.18217
2.7277	0.17775
2.7292	0.17339
2.7306	0.16912
2.732	0.16481
2.7335	0.16049
2.7349	0.15618
2.7364	0.15176
2.7378	0.14728
2.7393	0.14280
2.7407	0.13844
2.7422	0.13401
2.7436	0.12947
2.7451	0.12503
2.7465	0.12057
2.748	0.11606
2.7494	0.11166
2.7509	0.10729
2.7523	0.10300
2.7538	0.09878
2.7553	0.09482
2.7567	0.09102
2.7582	0.08747
2.7597	0.08412
2.7611	0.08099
2.7626	0.07796
2.7641	0.07512
2.7656	0.07260
2.767	0.07032
2.7685	0.06813
2.77	0.06609
2.7715	0.06412
2.7729	0.06227
2.7744	0.06062
2.7759	0.05916
2.7774	0.05783
2.7789	0.05644
2.7804	0.05507
2.7819	0.05381
2.7834	0.05252
2.7849	0.05128
2.7864	0.05021
2.7879	0.04912
2.7894	0.04796
2.7909	0.04687
2.7924	0.04581
2.7939	0.04469
2.7954	0.04348
2.7969	0.04246
2.7984	0.04157
2.7999	0.04070
2.8014	0.03980
2.8029	0.03893
2.8044	0.03807
2.806	0.03732
2.8075	0.03667
2.809	0.03608
2.8105	0.03549
2.8121	0.03513
2.8136	0.03478
2.8151	0.03441
2.8166	0.03410
2.8182	0.03387
2.8197	0.03373
2.8212	0.03360
2.8228	0.03352
2.8243	0.03354
2.8258	0.03356
2.8274	0.03360
2.8289	0.03369
2.8305	0.03398
2.832	0.03419
2.8336	0.03426
2.8351	0.03447
2.8367	0.03468
2.8382	0.03483
2.8398	0.03503
2.8413	0.03520
2.8429	0.03537
2.8444	0.03542
2.846	0.03533
2.8476	0.03521
2.8491	0.03507
2.8507	0.03479
2.8523	0.03451
2.8538	0.03418
2.8554	0.03376
2.857	0.03348
2.8586	0.03326
2.8601	0.03315
2.8617	0.03323
2.8633	0.03343
2.8649	0.03372
2.8664	0.03434
2.868	0.03497
2.8696	0.03565
2.8712	0.03649
2.8728	0.03731
2.8744	0.03808
2.876	0.03879
2.8776	0.03944
2.8792	0.04006
2.8808	0.04055
2.8824	0.04090
2.884	0.04126
2.8856	0.04156
2.8872	0.04168
2.8888	0.04180
2.8904	0.04194
2.892	0.04207
2.8936	0.04222
2.8953	0.04234
2.8969	0.04247
2.8985	0.04263
2.9001	0.04287
2.9017	0.04319
2.9034	0.04349
2.905	0.04381
2.9066	0.04420
2.9083	0.04467
2.9099	0.04529
2.9115	0.04584
2.9131	0.04631
2.9148	0.04677
2.9164	0.04728
2.9181	0.04781
2.9197	0.04828
2.9214	0.04860
2.923	0.04884
2.9247	0.04898
2.9263	0.04918
2.928	0.04919
2.9296	0.04907
2.9313	0.04890
2.9329	0.04871
2.9346	0.04848
2.9363	0.04814
2.9379	0.04784
2.9396	0.04762
2.9412	0.04748
2.9429	0.04743
2.9446	0.04751
2.9463	0.04760
2.9479	0.04771
2.9496	0.04802
2.9513	0.04851
2.953	0.04907
2.9546	0.04986
2.9563	0.05069
2.958	0.05141
2.9597	0.05214
2.9614	0.05304
2.9631	0.05397
2.9648	0.05476
2.9665	0.05550
2.9682	0.05628
2.9699	0.05704
2.9716	0.05767
2.9733	0.05837
2.975	0.05900
2.9767	0.05951
2.9784	0.06002
2.9801	0.06047
2.9818	0.06094
2.9836	0.06128
2.9853	0.06160
2.987	0.06200
2.9887	0.06233
2.9904	0.06272
2.9922	0.06322
2.9939	0.06375
2.9956	0.06424
2.9974	0.06472
2.9991	0.06521
3.0008	0.06564
3.0026	0.06618
3.0043	0.06678
3.006	0.06723
3.0078	0.06768
3.0095	0.06832
3.0113	0.06903
3.013	0.06971
3.0148	0.07035
3.0165	0.07103
3.0183	0.07172
3.02	0.07242
3.0218	0.07326
3.0236	0.07407
3.0253	0.07486
3.0271	0.07562
3.0289	0.07653
3.0306	0.07751
3.0324	0.07839
3.0342	0.07923
3.036	0.08003
3.0377	0.08082
3.0395	0.08166
3.0413	0.08245
3.0431	0.08325
3.0449	0.08405
3.0467	0.08473
3.0484	0.08528
3.0502	0.08589
3.052	0.08662
3.0538	0.08721
3.0556	0.08768
3.0574	0.08827
3.0592	0.08880
3.0611	0.08934
3.0629	0.08985
3.0647	0.09032
3.0665	0.09062
3.0683	0.09069
3.0701	0.09038
3.0719	0.08983
3.0738	0.08900
3.0756	0.08793
3.0774	0.08690
3.0792	0.08610
3.0811	0.08589
3.0829	0.08628
3.0847	0.08734
3.0866	0.08915
3.0884	0.09152
3.0902	0.09410
3.0921	0.09674
3.0939	0.09962
3.0958	0.10242
3.0976	0.10487
3.0995	0.10723
3.1013	0.10957
3.1032	0.11184
3.105	0.11382
3.1069	0.11565
3.1088	0.11730
3.1106	0.11883
3.1125	0.12045
3.1144	0.12204
3.1162	0.12351
3.1181	0.12475
3.12	0.12607
3.1219	0.12760
3.1237	0.12907
3.1256	0.13046
3.1275	0.13184
3.1294	0.13344
3.1313	0.13525
3.1332	0.13714
3.1351	0.13898
3.137	0.14100
3.1389	0.14327
3.1408	0.14549
3.1427	0.14787
3.1446	0.15044
3.1465	0.15310
3.1484	0.15582
3.1503	0.15873
3.1522	0.16165
3.1541	0.16465
3.1561	0.16791
3.158	0.17118
3.1599	0.17434
3.1618	0.17746
3.1638	0.18069
3.1657	0.18393
3.1676	0.18711
3.1696	0.19016
3.1715	0.19310
3.1734	0.19620
3.1754	0.19939
3.1773	0.20228
3.1793	0.20508
3.1812	0.20801
3.1832	0.21099
3.1851	0.21392
3.1871	0.21675
3.1891	0.21948
3.191	0.22208
3.193	0.22476
3.1949	0.22742
3.1969	0.23003
3.1989	0.23252
3.2009	0.23503
3.2029	0.23751
3.2048	0.23991
3.2068	0.24248
3.2088	0.24490
3.2108	0.24718
3.2128	0.24965
3.2148	0.25206
3.2168	0.25435
3.2188	0.25675
3.2208	0.25910
3.2228	0.26142
3.2248	0.26371
3.2268	0.26595
3.2288	0.26822
3.2308	0.27049
3.2328	0.27280
3.2348	0.27510
3.2368	0.27743
3.2389	0.27978
3.2409	0.28210
3.2429	0.28444
3.2449	0.28699
3.247	0.28948
3.249	0.29183
3.251	0.29431
3.2531	0.29678
3.2551	0.29910
3.2572	0.30148
3.2592	0.30385
3.2613	0.30629
3.2633	0.30862
3.2654	0.31088
3.2674	0.31309
3.2695	0.31529
3.2716	0.31756
3.2736	0.32003
3.2757	0.32252
3.2778	0.32508
3.2798	0.32777
3.2819	0.33049
3.284	0.33334
3.2861	0.33629
3.2881	0.33933
3.2902	0.34244
3.2923	0.34569
3.2944	0.34884
3.2965	0.35196
3.2986	0.35511
3.3007	0.35827
3.3028	0.36150
3.3049	0.36470
3.307	0.36777
3.3091	0.37086
3.3112	0.37390
3.3134	0.37688
3.3155	0.37981
3.3176	0.38259
3.3197	0.38532
3.3219	0.38813
3.324	0.39087
3.3261	0.39353
3.3283	0.39607
3.3304	0.39858
3.3325	0.40103
3.3347	0.40346
3.3368	0.40582
3.339	0.40802
3.3411	0.41014
3.3433	0.41237
3.3454	0.41450
3.3476	0.41667
3.3498	0.41886
3.3519	0.42093
3.3541	0.42298
3.3563	0.42514
3.3584	0.42729
3.3606	0.42940
3.3628	0.43156
3.365	0.43378
3.3671	0.43596
3.3693	0.43810
3.3715	0.44038
3.3737	0.44291
3.3759	0.44537
3.3781	0.44786
3.3803	0.45051
3.3825	0.45315
3.3847	0.45572
3.3869	0.45840
3.3891	0.46080
3.3914	0.46288
3.3936	0.46493
3.3958	0.46710
3.398	0.46911
3.4003	0.47105
3.4025	0.47301
3.4047	0.47480
3.407	0.47658
3.4092	0.47839
3.4114	0.48017
3.4137	0.48196
3.4159	0.48365
3.4182	0.48534
3.4204	0.48711
3.4227	0.48895
3.425	0.49079
3.4272	0.49247
3.4295	0.49408
3.4318	0.49579
3.434	0.49747
3.4363	0.49906
3.4386	0.50084
3.4409	0.50261
3.4432	0.50433
3.4454	0.50610
3.4477	0.50779
3.45	0.50946
3.4523	0.51123
3.4546	0.51291
3.4569	0.51440
3.4592	0.51584
3.4616	0.51729
3.4639	0.51877
3.4662	0.52025
3.4685	0.52159
3.4708	0.52295
3.4731	0.52443
3.4755	0.52579
3.4778	0.52714
3.4801	0.52856
3.4825	0.52998
3.4848	0.53126
3.4872	0.53239
3.4895	0.53365
3.4919	0.53508
3.4942	0.53649
3.4966	0.53775
3.4989	0.53911
3.5013	0.54045
3.5036	0.54180
3.506	0.54318
3.5084	0.54462
3.5108	0.54610
3.5131	0.54740
3.5155	0.54851
3.5179	0.54961
3.5203	0.55070
3.5227	0.55161
3.5251	0.55248
3.5275	0.55337
3.5299	0.55438
3.5323	0.55533
3.5347	0.55620
3.5371	0.55707
3.5395	0.55805
3.5419	0.55910
3.5444	0.56012
3.5468	0.56123
3.5492	0.56239
3.5516	0.56333
3.5541	0.56421
3.5565	0.56528
3.559	0.56644
3.5614	0.56744
3.5639	0.56847
3.5663	0.56966
3.5688	0.57087
3.5712	0.57201
3.5737	0.57326
3.5761	0.57451
3.5786	0.57557
3.5811	0.57681
3.5836	0.57813
3.586	0.57950
3.5885	0.58097
3.591	0.58263
3.5935	0.58435
3.596	0.58593
3.5985	0.58747
3.601	0.58909
3.6035	0.59082
3.606	0.59253
3.6085	0.59420
3.611	0.59572
3.6135	0.59723
3.616	0.59872
3.6186	0.60005
3.6211	0.60155
3.6236	0.60289
3.6261	0.60412
3.6287	0.60537
3.6312	0.60651
3.6338	0.60765
3.6363	0.60882
3.6389	0.61009
3.6414	0.61117
3.644	0.61237
3.6466	0.61375
3.6491	0.61490
3.6517	0.61592
3.6543	0.61719
3.6569	0.61841
3.6594	0.61956
3.662	0.62071
3.6646	0.62186
3.6672	0.62291
3.6698	0.62394
3.6724	0.62499
3.675	0.62599
3.6776	0.62696
3.6802	0.62788
3.6828	0.62873
3.6854	0.62961
3.6881	0.63042
3.6907	0.63115
3.6933	0.63189
3.6959	0.63260
3.6986	0.63328
3.7012	0.63385
3.7039	0.63435
3.7065	0.63483
3.7092	0.63522
3.7118	0.63546
3.7145	0.63564
3.7171	0.63577
3.7198	0.63598
3.7225	0.63622
3.7252	0.63643
3.7278	0.63663
3.7305	0.63687
3.7332	0.63722
3.7359	0.63764
3.7386	0.63808
3.7413	0.63854
3.744	0.63901
3.7467	0.63945
3.7494	0.63980
3.7521	0.64011
3.7548	0.64037
3.7576	0.64057
3.7603	0.64079
3.763	0.64103
3.7657	0.64117
3.7685	0.64132
3.7712	0.64142
3.774	0.64146
3.7767	0.64149
3.7795	0.64149
3.7822	0.64151
3.785	0.64161
3.7877	0.64168
3.7905	0.64172
3.7933	0.64179
3.7961	0.64192
3.7988	0.64210
3.8016	0.64233
3.8044	0.64257
3.8072	0.64278
3.81	0.64294
3.8128	0.64303
3.8156	0.64305
3.8184	0.64299
3.8212	0.64285
3.8241	0.64265
3.8269	0.64238
3.8297	0.64206
3.8325	0.64171
3.8354	0.64134
3.8382	0.64095
3.8411	0.64041
3.8439	0.63971
3.8468	0.63884
3.8496	0.63773
3.8525	0.63626
3.8553	0.63435
3.8582	0.63195
3.8611	0.62895
3.8639	0.62537
3.8668	0.62163
3.8697	0.61867
3.8726	0.61747
3.8755	0.61840
3.8784	0.62078
3.8813	0.62355
3.8842	0.62598
3.8871	0.62781
3.89	0.62891
3.893	0.62940
3.8959	0.62954
3.8988	0.62940
3.9017	0.62898
3.9047	0.62841
3.9076	0.62767
3.9106	0.62684
3.9135	0.62587
3.9165	0.62477
3.9194	0.62363
3.9224	0.62241
3.9254	0.62105
3.9284	0.61963
3.9313	0.61810
3.9343	0.61650
3.9373	0.61474
3.9403	0.61280
3.9433	0.61067
3.9463	0.60842
3.9493	0.60591
3.9523	0.60314
3.9553	0.60004
3.9583	0.59649
3.9614	0.59254
3.9644	0.58835
3.9674	0.58425
3.9705	0.58081
3.9735	0.57849
3.9766	0.57766
3.9796	0.57818
3.9826	0.57942
3.9857	0.58077
3.9888	0.58178
3.9919	0.58233
3.9949	0.58240
3.998	0.58202
4.0011	0.58130
4.0042	0.58026
4.0073	0.57899
4.0104	0.57761
4.0135	0.57609
4.0166	0.57442
4.0197	0.57268
4.0228	0.57084
4.0259	0.56895
4.0291	0.56693
4.0322	0.56490
4.0353	0.56283
4.0385	0.56063
4.0416	0.55835
4.0448	0.55602
4.0479	0.55367
4.0511	0.55138
4.0543	0.54898
4.0574	0.54653
4.0606	0.54403
4.0638	0.54152
4.067	0.53894
4.0702	0.53634
4.0734	0.53373
4.0766	0.53110
4.0798	0.52840
4.083	0.52569
4.0862	0.52295
4.0894	0.52020
4.0927	0.51744
4.0959	0.51469
4.0991	0.51195
4.1024	0.50915
4.1056	0.50629
4.1089	0.50348
4.1121	0.50064
4.1154	0.49778
4.1187	0.49493
4.122	0.49207
4.1252	0.48917
4.1285	0.48629
4.1318	0.48340
4.1351	0.48050
4.1384	0.47752
4.1417	0.47455
4.145	0.47151
4.1483	0.46845
4.1516	0.46538
4.155	0.46228
4.1583	0.45915
4.1616	0.45593
4.165	0.45256
4.1683	0.44909
4.1717	0.44553
4.175	0.44190
4.1784	0.43825
4.1818	0.43464
4.1852	0.43100
4.1885	0.42738
4.1919	0.42375
4.1953	0.42006
4.1987	0.41640
4.2021	0.41271
4.2055	0.40903
4.2089	0.40540
4.2124	0.40177
4.2158	0.39811
4.2192	0.39433
4.2226	0.39048
4.2261	0.38655
4.2295	0.38252
4.233	0.37834
4.2365	0.37405
4.2399	0.36960
4.2434	0.36498
4.2469	0.36022
4.2503	0.35536
4.2538	0.35036
4.2573	0.34532
4.2608	0.34040
4.2643	0.33549
4.2678	0.33051
4.2714	0.32556
4.2749	0.32059
4.2784	0.31554
4.2819	0.31041
4.2855	0.30518
4.289	0.29990
4.2926	0.29453
4.2961	0.28897
4.2997	0.28336
4.3033	0.27779
4.3068	0.27229
4.3104	0.26685
4.314	0.26152
4.3176	0.25634
4.3212	0.25138
4.3248	0.24665
4.3284	0.24214
4.332	0.23794
4.3356	0.23402
4.3393	0.23028
4.3429	0.22674
4.3465	0.22344
4.3502	0.22039
4.3538	0.21753
4.3575	0.21478
4.3611	0.21213
4.3648	0.20962
4.3685	0.20712
4.3722	0.20456
4.3759	0.20204
4.3796	0.19958
4.3833	0.19714
4.387	0.19468
4.3907	0.19218
4.3944	0.18957
4.3981	0.18688
4.4019	0.18420
4.4056	0.18145
4.4094	0.17867
4.4131	0.17594
4.4169	0.17322
4.4206	0.17051
4.4244	0.16788
4.4282	0.16529
4.432	0.16280
4.4358	0.16046
4.4396	0.15821
4.4434	0.15615
4.4472	0.15434
4.451	0.15278
4.4548	0.15153
4.4586	0.15052
4.4625	0.14975
4.4663	0.14919
4.4702	0.14881
4.474	0.14855
4.4779	0.14850
4.4818	0.14860
4.4856	0.14876
4.4895	0.14901
4.4934	0.14928
4.4973	0.14952
4.5012	0.14979
4.5051	0.15007
4.509	0.15035
4.513	0.15067
4.5169	0.15099
4.5209	0.15129
4.5248	0.15160
4.5287	0.15204
4.5327	0.15260
4.5367	0.15327
4.5406	0.15417
4.5446	0.15540
4.5486	0.15699
4.5526	0.15895
4.5566	0.16131
4.5606	0.16405
4.5646	0.16712
4.5686	0.17048
4.5727	0.17405
4.5767	0.17764
4.5808	0.18128
4.5848	0.18483
4.5889	0.18818
4.5929	0.19141
4.597	0.19450
4.6011	0.19740
4.6052	0.20010
4.6093	0.20263
4.6134	0.20496
4.6175	0.20708
4.6216	0.20895
4.6257	0.21055
4.6298	0.21190
4.634	0.21296
4.6381	0.21371
4.6423	0.21407
4.6464	0.21390
4.6506	0.21321
4.6548	0.21198
4.659	0.21029
4.6631	0.20835
4.6673	0.20633
4.6715	0.20450
4.6758	0.20297
4.68	0.20171
4.6842	0.20072
4.6884	0.20000
4.6927	0.19954
4.6969	0.19946
4.7012	0.19970
4.7055	0.20000
4.7097	0.20011
4.714	0.19982
4.7183	0.19906
4.7226	0.19788
4.7269	0.19688
4.7312	0.19700
4.7355	0.19910
4.7399	0.20345
4.7442	0.20990
4.7485	0.21833
4.7529	0.22830
4.7573	0.23934
4.7616	0.25105
4.766	0.26299
4.7704	0.27478
4.7748	0.28615
4.7792	0.29679
4.7836	0.30661
4.788	0.31553
4.7924	0.32361
4.7969	0.33086
4.8013	0.33734
4.8058	0.34319
4.8102	0.34860
4.8147	0.35355
4.8191	0.35817
4.8236	0.36247
4.8281	0.36635
4.8326	0.36990
4.8371	0.37318
4.8416	0.37617
4.8462	0.37898
4.8507	0.38155
4.8553	0.38396
4.8598	0.38629
4.8644	0.38861
4.8689	0.39089
4.8735	0.39313
4.8781	0.39534
4.8827	0.39765
4.8873	0.39996
4.8919	0.40224
4.8965	0.40442
4.9011	0.40649
4.9058	0.40845
4.9104	0.41025
4.9151	0.41179
4.9197	0.41319
4.9244	0.41451
4.9291	0.41589
4.9338	0.41727
4.9385	0.41854
4.9432	0.41953
4.9479	0.42025
4.9526	0.42056
4.9574	0.42031
4.9621	0.41914
4.9669	0.41692
4.9716	0.41418
4.9764	0.41294
4.9812	0.41476
4.986	0.41833
4.9908	0.42143
4.9956	0.42345
5.0004	0.42469
5.0052	0.42539
5.01	0.42576
5.0149	0.42598
5.0198	0.42614
5.0246	0.42621
5.0295	0.42621
5.0344	0.42625
5.0393	0.42625
5.0442	0.42636
5.0491	0.42653
5.054	0.42671
5.0589	0.42691
5.0639	0.42716
5.0688	0.42743
5.0738	0.42792
5.0788	0.42849
5.0837	0.42908
5.0887	0.42963
5.0937	0.43020
5.0987	0.43077
5.1037	0.43137
5.1088	0.43194
5.1138	0.43253
5.1189	0.43307
5.1239	0.43366
5.129	0.43429
5.1341	0.43496
5.1391	0.43566
5.1443	0.43646
5.1494	0.43727
5.1545	0.43807
5.1596	0.43890
5.1647	0.43986
5.1699	0.44077
5.175	0.44165
5.1802	0.44254
5.1854	0.44339
5.1906	0.44414
5.1958	0.44484
5.201	0.44539
5.2062	0.44581
5.2115	0.44614
5.2167	0.44638
5.222	0.44640
5.2272	0.44631
5.2325	0.44607
5.2378	0.44573
5.2431	0.44518
5.2484	0.44454
5.2537	0.44382
5.259	0.44301
5.2644	0.44208
5.2697	0.44112
5.2751	0.44016
5.2805	0.43925
5.2858	0.43838
5.2912	0.43758
5.2966	0.43672
5.302	0.43593
5.3075	0.43521
5.3129	0.43452
5.3184	0.43376
5.3238	0.43303
5.3293	0.43220
5.3348	0.43133
5.3403	0.43042
5.3458	0.42957
5.3513	0.42865
5.3568	0.42762
5.3624	0.42661
5.3679	0.42567
5.3735	0.42480
5.379	0.42409
5.3846	0.42337
5.3902	0.42268
5.3958	0.42202
5.4015	0.42132
5.4071	0.42051
5.4127	0.41966
5.4184	0.41870
5.4241	0.41764
5.4297	0.41628
5.4354	0.41486
5.4411	0.41341
5.4469	0.41190
5.4526	0.41020
5.4583	0.40843
5.4641	0.40655
5.4698	0.40449
5.4756	0.40227
5.4814	0.39994
5.4872	0.39735
5.493	0.39473
5.4988	0.39193
5.5047	0.38895
5.5105	0.38572
5.5164	0.38244
5.5223	0.37900
5.5281	0.37549
5.534	0.37199
5.54	0.36873
5.5459	0.36561
5.5518	0.36274
5.5578	0.36005
5.5637	0.35764
5.5697	0.35541
5.5757	0.35348
5.5817	0.35163
5.5877	0.34974
5.5937	0.34785
5.5998	0.34604
5.6058	0.34402
5.6119	0.34186
5.618	0.33952
5.6241	0.33706
5.6302	0.33458
5.6363	0.33219
5.6424	0.32978
5.6486	0.32722
5.6547	0.32463
5.6609	0.32204
5.6671	0.31936
5.6733	0.31678
5.6795	0.31394
5.6857	0.31095
5.692	0.30789
5.6982	0.30473
5.7045	0.30141
5.7108	0.29804
5.7171	0.29435
5.7234	0.29053
5.7297	0.28655
5.736	0.28254
5.7424	0.27848
5.7488	0.27447
5.7551	0.27022
5.7615	0.26612
5.768	0.26185
5.7744	0.25719
5.7808	0.25249
5.7873	0.24787
5.7937	0.24310
5.8002	0.23822
5.8067	0.23303
5.8132	0.22769
5.8198	0.22201
5.8263	0.21574
5.8328	0.20886
5.8394	0.20167
5.846	0.19389
5.8526	0.18559
5.8592	0.17670
5.8658	0.16723
5.8725	0.15714
5.8791	0.14667
5.8858	0.13540
5.8925	0.12402
5.8992	0.11239
5.9059	0.10100
5.9126	0.09043
5.9194	0.08117
5.9262	0.07422
5.9329	0.07058
5.9397	0.07070
5.9465	0.07444
5.9534	0.08099
5.9602	0.08914
5.9671	0.09784
5.974	0.10619
5.9808	0.11360
5.9878	0.12001
5.9947	0.12532
6.0016	0.12928
6.0086	0.13206
6.0155	0.13364
6.0225	0.13398
6.0295	0.13320
6.0365	0.13149
6.0436	0.12894
6.0506	0.12544
6.0577	0.12076
6.0648	0.11554
6.0719	0.10979
6.079	0.10339
6.0861	0.09653
6.0933	0.08950
6.1005	0.08251
6.1076	0.07581
6.1148	0.06963
6.1221	0.06452
6.1293	0.06092
6.1365	0.05884
6.1438	0.05781
6.1511	0.05703
6.1584	0.05609
6.1657	0.05541
6.1731	0.05582
6.1804	0.05799
6.1878	0.06215
6.1952	0.06784
6.2026	0.07458
6.21	0.08202
6.2175	0.08969
6.225	0.09739
6.2324	0.10501
6.2399	0.11254
6.2475	0.11979
6.255	0.12684
6.2625	0.13362
6.2701	0.14014
6.2777	0.14636
6.2853	0.15226
6.2929	0.15780
6.3006	0.16306
6.3083	0.16796
6.3159	0.17248
6.3236	0.17669
6.3314	0.18071
6.3391	0.18461
6.3469	0.18836
6.3546	0.19155
6.3624	0.19461
6.3703	0.19753
6.3781	0.20010
6.3859	0.20233
6.3938	0.20431
6.4017	0.20606
6.4096	0.20776
6.4176	0.20909
6.4255	0.20987
6.4335	0.21046
6.4415	0.21098
6.4495	0.21143
6.4575	0.21192
6.4656	0.21241
6.4736	0.21291
6.4817	0.21338
6.4898	0.21392
6.498	0.21440
6.5061	0.21475
6.5143	0.21521
6.5225	0.21586
6.5307	0.21649
6.539	0.21732
6.5472	0.21836
6.5555	0.21957
6.5638	0.22092
6.5721	0.22261
6.5804	0.22424
6.5888	0.22582
6.5972	0.22747
6.6056	0.22904
6.614	0.23047
6.6225	0.23171
6.6309	0.23284
6.6394	0.23378
6.6479	0.23419
6.6565	0.23442
6.665	0.23472
6.6736	0.23497
6.6822	0.23510
6.6908	0.23498
6.6995	0.23475
6.7081	0.23460
6.7168	0.23431
6.7255	0.23390
6.7343	0.23339
6.743	0.23283
6.7518	0.23225
6.7606	0.23162
6.7694	0.23092
6.7783	0.23013
6.7871	0.22925
6.796	0.22814
6.805	0.22691
6.8139	0.22600
6.8229	0.22547
6.8319	0.22497
6.8409	0.22422
6.8499	0.22346
6.859	0.22266
6.868	0.22145
6.8772	0.21990
6.8863	0.21870
6.8955	0.21800
6.9046	0.21754
6.9138	0.21686
6.9231	0.21602
6.9323	0.21505
6.9416	0.21407
6.9509	0.21322
6.9602	0.21233
6.9696	0.21117
6.979	0.20988
6.9884	0.20857
6.9978	0.20716
7.0073	0.20569
7.0168	0.20426
7.0263	0.20288
7.0358	0.20149
7.0454	0.20009
7.0549	0.19850
7.0645	0.19679
7.0742	0.19517
7.0839	0.19349
7.0935	0.19175
7.1033	0.19000
7.113	0.18818
7.1228	0.18629
7.1326	0.18434
7.1424	0.18241
7.1522	0.18048
7.1621	0.17854
7.172	0.17656
7.182	0.17447
7.1919	0.17235
7.2019	0.17027
7.2119	0.16809
7.222	0.16577
7.232	0.16339
7.2421	0.16096
7.2523	0.15850
7.2624	0.15605
7.2726	0.15353
7.2828	0.15094
7.2931	0.14829
7.3033	0.14563
7.3136	0.14295
7.324	0.14024
7.3343	0.13747
7.3447	0.13460
7.3551	0.13159
7.3656	0.12858
7.3761	0.12549
7.3866	0.12239
7.3971	0.11930
7.4077	0.11624
7.4183	0.11320
7.4289	0.11021
7.4396	0.10724
7.4502	0.10425
7.461	0.10130
7.4717	0.09842
7.4825	0.09550
7.4933	0.09258
7.5041	0.08976
7.515	0.08701
7.5259	0.08436
7.5369	0.08179
7.5479	0.07927
7.5589	0.07687
7.5699	0.07460
7.581	0.07242
7.592	0.07030
7.6032	0.06817
7.6144	0.06604
7.6255	0.06397
7.6368	0.06185
7.648	0.05965
7.6593	0.05740
7.6707	0.05511
7.682	0.05280
7.6934	0.05054
7.7049	0.04833
7.7163	0.04619
7.7278	0.04409
7.7394	0.04213
7.7509	0.04024
7.7625	0.03844
7.7742	0.03667
7.7858	0.03508
7.7975	0.03360
7.8093	0.03222
7.8211	0.03093
7.8329	0.02980
7.8447	0.02879
7.8566	0.02787
7.8685	0.02711
7.8805	0.02654
7.8925	0.02616
7.9045	0.02607
7.9166	0.02626
7.9287	0.02678
7.9408	0.02753
7.953	0.02859
7.9652	0.03001
7.9775	0.03171
7.9898	0.03363
8.0021	0.03584
8.0145	0.03832
8.0269	0.04114
8.0393	0.04442
8.0518	0.04822
8.0643	0.05236
8.0769	0.05671
8.0895	0.06124
8.1021	0.06607
8.1148	0.07120
8.1275	0.07674
8.1403	0.08294
8.1531	0.08982
8.1659	0.09735
8.1788	0.10554
8.1917	0.11436
8.2047	0.12387
8.2177	0.13415
8.2307	0.14515
8.2438	0.15658
8.257	0.16810
8.2701	0.17949
8.2833	0.19052
8.2966	0.20100
8.3099	0.21021
8.3232	0.21687
8.3366	0.22060
8.35	0.22184
8.3635	0.22092
8.377	0.21831
8.3905	0.21421
8.4042	0.20908
8.4178	0.20334
8.4315	0.19717
8.4452	0.19080
8.459	0.18448
8.4728	0.17875
8.4867	0.17421
8.5006	0.17110
8.5145	0.16937
8.5285	0.16850
8.5426	0.16784
8.5567	0.16706
8.5708	0.16585
8.585	0.16425
8.5993	0.16250
8.6135	0.16086
8.6279	0.15948
8.6423	0.15842
8.6567	0.15753
8.6712	0.15665
8.6857	0.15574
8.7003	0.15458
8.7149	0.15315
8.7295	0.15156
8.7443	0.14980
8.759	0.14780
8.7739	0.14551
8.7887	0.14317
8.8037	0.14080
8.8186	0.13846
8.8337	0.13627
8.8487	0.13412
8.8638	0.13190
8.879	0.12956
8.8943	0.12708
8.9095	0.12456
8.9249	0.12206
8.9403	0.11955
8.9557	0.11697
8.9712	0.11421
8.9868	0.11119
9.0023	0.10784
9.018	0.10412
9.0337	0.10034
9.0495	0.09699
9.0653	0.09437
9.0812	0.09246
9.0971	0.09121
9.1131	0.09050
9.1291	0.09015
9.1452	0.09008
9.1614	0.09035
9.1776	0.09089
9.1939	0.09156
9.2102	0.09226
9.2266	0.09303
9.243	0.09373
9.2595	0.09441
9.2761	0.09507
9.2927	0.09572
9.3094	0.09636
9.3262	0.09696
9.343	0.09751
9.3598	0.09802
9.3768	0.09846
9.3938	0.09891
9.4108	0.09924
9.4279	0.09952
9.4451	0.09984
9.4623	0.10017
9.4796	0.10043
9.497	0.10064
9.5144	0.10083
9.5319	0.10094
9.5494	0.10106
9.567	0.10112
9.5847	0.10119
9.6025	0.10133
9.6203	0.10140
9.6382	0.10145
9.6561	0.10152
9.6742	0.10159
9.6922	0.10163
9.7104	0.10165
9.7286	0.10165
9.7469	0.10161
9.7652	0.10154
9.7837	0.10146
9.8022	0.10137
9.8207	0.10110
9.8394	0.10047
9.8581	0.09983
9.8768	0.09967
9.8957	0.09948
9.9146	0.09835
9.9336	0.09582
9.9527	0.09374
9.9718	0.09538
9.991	0.09863
10.0103	0.10052
10.0297	0.10146
10.0491	0.10188
10.0686	0.10197
10.0882	0.10186
10.1079	0.10178
10.1276	0.10199
10.1475	0.10241
10.1673	0.10271
10.1873	0.10298
10.2074	0.10323
10.2275	0.10341
10.2477	0.10363
10.268	0.10388
10.2884	0.10416
10.3088	0.10447
10.3294	0.10474
10.35	0.10491
10.3707	0.10513
10.3915	0.10539
10.4123	0.10570
10.4333	0.10587
10.4543	0.10591
10.4754	0.10608
10.4967	0.10632
10.5179	0.10651
10.5393	0.10671
10.5608	0.10680
10.5823	0.10683
10.604	0.10697
10.6257	0.10717
10.6475	0.10742
10.6694	0.10768
10.6914	0.10782
10.7135	0.10798
10.7357	0.10821
10.758	0.10841
10.7803	0.10855
10.8028	0.10872
10.8254	0.10880
10.848	0.10890
10.8708	0.10897
10.8936	0.10905
10.9165	0.10908
10.9395	0.10913
10.9627	0.10919
10.9859	0.10927
11.0092	0.10937
11.0327	0.10940
11.0562	0.10945
11.0798	0.10949
11.1035	0.10948
11.1274	0.10942
11.1513	0.10941
11.1753	0.10942
11.1995	0.10942
11.2237	0.10940
11.248	0.10941
11.2725	0.10948
11.2971	0.10942
11.3217	0.10925
11.3465	0.10914
11.3714	0.10910
11.3964	0.10914
11.4215	0.10930
11.4467	0.10944
11.472	0.10957
11.4975	0.10964
11.523	0.10984
11.5487	0.11007
11.5744	0.11007
11.6003	0.10997
11.6263	0.11002
11.6525	0.11004
11.6787	0.10992
11.7051	0.10980
11.7316	0.10979
11.7582	0.10970
11.7849	0.10954
11.8117	0.10940
11.8387	0.10930
11.8658	0.10926
11.893	0.10922
11.9203	0.10917
11.9478	0.10906
11.9754	0.10884
12.0031	0.10869
12.031	0.10850
12.059	0.10828
12.0871	0.10808
12.1153	0.10789
12.1437	0.10775
12.1722	0.10747
12.2008	0.10710
12.2296	0.10687
12.2585	0.10659
12.2876	0.10631
12.3168	0.10614
12.3461	0.10589
12.3755	0.10554
12.4052	0.10540
12.4349	0.10514
12.4648	0.10470
12.4948	0.10433
12.525	0.10413
12.5553	0.10385
12.5858	0.10348
12.6164	0.10311
12.6472	0.10267
12.6781	0.10229
12.7092	0.10197
12.7404	0.10154
12.7718	0.10110
12.8033	0.10059
12.835	0.10002
12.8669	0.09939
12.8989	0.09875
12.9311	0.09803
12.9634	0.09731
12.9959	0.09655
13.0285	0.09569
13.0613	0.09485
13.0943	0.09411
13.1275	0.09308
13.1608	0.09193
13.1943	0.09089
13.228	0.08988
13.2618	0.08882
13.2958	0.08766
13.33	0.08646
13.3643	0.08532
13.3988	0.08417
13.4336	0.08313
13.4685	0.08194
13.5035	0.08072
13.5388	0.07939
13.5742	0.07814
13.6099	0.07700
13.6457	0.07567
13.6817	0.07426
13.7179	0.07293
13.7543	0.07149
13.7908	0.07008
13.8276	0.06875
13.8646	0.06757
13.9018	0.06638
13.9392	0.06518
13.9767	0.06409
14.0145	0.06323
14.0525	0.06238
14.0907	0.06176
14.129	0.06174
14.1676	0.06217
14.2065	0.06295
14.2455	0.06441
14.2847	0.06713
14.3242	0.07152
14.3639	0.07749
14.4038	0.08403
14.4439	0.09070
14.4843	0.09788
14.5248	0.10554
14.5656	0.11288
14.6067	0.11861
14.6479	0.12182
14.6894	0.12201
14.7312	0.11927
14.7731	0.11410
14.8153	0.10749
14.8578	0.10071
14.9005	0.09421
14.9434	0.08827
14.9866	0.08339
15.03	0.07978
15.0737	0.07720
15.1177	0.07541
15.1619	0.07417
15.2063	0.07261
15.2511	0.07032
15.2961	0.06762
15.3413	0.06470
15.3868	0.06152
15.4326	0.05839
15.4787	0.05542
15.525	0.05237
15.5717	0.04959
15.6186	0.04714
15.6658	0.04476
15.7132	0.04253
15.761	0.04051
15.809	0.03875
15.8574	0.03770
15.906	0.03734
15.955	0.03775
16.0042	0.03908
16.0538	0.04093
16.1036	0.04324
16.1538	0.04610
16.2043	0.05006
16.2551	0.05499
16.3062	0.06021
16.3576	0.06526
16.4094	0.06894
16.4615	0.07058
16.5139	0.07073
16.5667	0.06985
16.6198	0.06864
16.6732	0.06754
16.727	0.06656
16.7811	0.06550
16.8356	0.06447
16.8905	0.06281
16.9457	0.06126
17.0012	0.06045
17.0572	0.06000
17.1134	0.05963
17.1701	0.05953
17.2272	0.05940
17.2846	0.05953
17.3424	0.05978
17.4006	0.06002
17.4592	0.05992
17.5182	0.05999
17.5775	0.06078
17.6373	0.06148
17.6975	0.06178
17.7581	0.06209
17.8192	0.06251
17.8806	0.06311
17.9425	0.06378
18.0048	0.06430
18.0675	0.06485
18.1307	0.06595
18.1943	0.06685
18.2584	0.06750
18.3229	0.06798
18.3879	0.06883
18.4533	0.06975
18.5192	0.07029
18.5856	0.07113
18.6524	0.07203
18.7198	0.07285
18.7876	0.07391
18.8559	0.07499
18.9247	0.07615
18.9941	0.07682
19.0639	0.07767
19.1342	0.07861
19.2051	0.07926
19.2765	0.07976
19.3484	0.08019
19.4209	0.08041
19.4939	0.08066
19.5675	0.08102
19.6416	0.08229
19.7163	0.08378
19.7915	0.08482
19.8673	0.08571
19.9438	0.08594
20.0208	0.08613
20.0984	0.08549
20.1766	0.08522
20.2554	0.08485
20.3349	0.08474
20.4149	0.08511
20.4956	0.08492
20.5769	0.08387
20.6589	0.08354
20.7416	0.08322
20.8248	0.08196
20.9088	0.08155
20.9935	0.08138
21.0788	0.08105
21.1648	0.08034
21.2516	0.07945
21.3391	0.07892
21.4272	0.07823
21.5161	0.07705
21.6058	0.07709
21.6962	0.07739
21.7873	0.07608
21.8793	0.07486
21.972	0.07490
22.0655	0.07429
22.1598	0.07329
22.2549	0.07255
22.3508	0.07210
22.4476	0.07135
22.5452	0.07051
22.6436	0.07015
22.7429	0.06973
22.8431	0.06816
22.9442	0.06643
23.0462	0.06588
23.1491	0.06553
23.2529	0.06483
23.3576	0.06442
23.4633	0.06314
23.5699	0.06273
23.6776	0.06303
23.7862	0.06261
23.8958	0.06244
24.0064	0.06260
24.1181	0.06173
24.2308	0.06156
24.3445	0.06202
24.4593	0.06231
24.5753	0.06183
24.6923	0.06152
24.8104	0.06156
24.9297	0.06147
25.0501	0.06155
25.1717	0.06150
25.2945	0.06117
25.4185	0.06082
25.5437	0.06039
25.6702	0.06014
25.7979	0.05984
25.9269	0.05951
26.0572	0.05978
26.1888	0.06022
26.3217	0.06023
26.456	0.06011
26.5917	0.05955
26.7288	0.05970
26.8672	0.05962
27.0072	0.05927
27.1486	0.05925
27.2915	0.05900
27.4359	0.05909
27.5818	0.05923
27.7293	0.05903
27.8784	0.05888
28.0291	0.05898
28.1814	0.05977
28.3354	0.05960
28.4911	0.05907
28.6485	0.05953
28.8077	0.06001
28.9686	0.06052
29.1313	0.06070
29.2959	0.06131
29.4624	0.06223
29.6307	0.06203
29.801	0.06164
29.9733	0.06220
30.1475	0.06253
30.3238	0.06281
30.5022	0.06398
30.6827	0.06495
30.8653	0.06590
31.0502	0.06723
31.2372	0.06876
31.4265	0.07028
31.6182	0.07136
31.8121	0.07255
32.0085	0.07478
32.2073	0.07753
32.4086	0.07927
32.6124	0.08037
32.8188	0.08200
33.0279	0.08340
33.2396	0.08234
33.4541	0.08293
33.6713	0.08408
33.8914	0.08505
34.1143	0.08627
34.3403	0.08752
34.5692	0.08810
34.8012	0.08830
35.0363	0.08799
35.2747	0.08818
35.5163	0.08917
35.7612	0.09002
36.0096	0.09075
36.2614	0.09023
36.5167	0.09208
36.7757	0.09426
37.0384	0.09530
37.3049	0.09720
37.5752	0.09969
37.8495	0.10143
38.1278	0.10333
38.4102	0.10555
38.6968	0.10908
38.9878	0.11091
39.2832	0.11490
39.583	0.12074
39.8875	0.12231
40.1967	0.12369
40.5108	0.12397
40.8297	0.12415
41.1538	0.12648
41.483	0.13045
41.8176	0.13240
42.1575	0.13342
42.5031	0.13614
42.8544	0.13837
43.2115	0.13821
43.5746	0.13836
43.9439	0.14021
44.3195	0.13960
44.7015	0.13872
45.0902	0.13815
45.4858	0.13680
45.8883	0.13685
46.298	0.13695
46.7151	0.13232
47.1398	0.12905
47.5723	0.13331
48.0128	0.13677
48.4615	0.13244
48.9186	0.12678
49.3846	0.12001
49.8594	0.11748
50.3435	0.11474
50.837	0.11274
51.3404	0.11164
51.8538	0.10878
52.3776	0.10682
52.912	0.10772
53.4575	0.10756
54.0144	0.11872
54.5829	0.12535
55.1636	0.12405
55.7568	0.12590
56.3628	0.13265
56.9822	0.13588
57.6153	0.13503
58.2627	0.13187
58.9247	0.13757
59.602	0.14424
60.2951	0.14186
61.0044	0.14137
61.7307	0.14181
62.4744	0.14425
63.2363	0.14582
64.017	0.14693
64.8172	0.14539
65.6377	0.14296
66.4792	0.14398
67.3426	0.14835
68.2286	0.14175
69.1384	0.14158
70.0727	0.14628
71.0326	0.14613
72.0191	0.13624
73.0335	0.12710
74.0768	0.11450
75.1504	0.10462
76.2555	0.12020
77.3937	0.13315
78.5663	0.14233
79.775	0.14797
81.0215	0.15759
82.3076	0.16158
83.6351	0.16175
85.0062	0.15174
86.423	0.14552
87.8878	0.15015
89.403	0.16329
90.9715	0.17288
92.596	0.16832
94.2796	0.16693
96.0255	0.17594
97.8373	0.16617
99.7188	0.17952
