Brown University Keck/NASA Relab Spectrum JB-JLB-E72/BKR1JBE72
Wavelength(micron)	Reflectance
0.3	0.25606
0.305	0.26629
0.31	0.27483
0.315	0.28318
0.32	0.28843
0.325	0.29346
0.33	0.29719
0.335	0.30168
0.34	0.30491
0.345	0.30767
0.35	0.30953
0.355	0.31208
0.36	0.31560
0.365	0.31960
0.37	0.32268
0.375	0.32574
0.38	0.32963
0.385	0.33216
0.39	0.33626
0.395	0.33860
0.4	0.34172
0.405	0.34387
0.41	0.34574
0.415	0.34757
0.42	0.34878
0.425	0.35031
0.43	0.35239
0.435	0.35386
0.44	0.35510
0.445	0.35585
0.45	0.35695
0.455	0.35816
0.46	0.35901
0.465	0.35974
0.47	0.36121
0.475	0.36151
0.48	0.36259
0.485	0.36348
0.49	0.36504
0.495	0.36593
0.5	0.36644
0.505	0.36683
0.51	0.36789
0.515	0.36879
0.52	0.37002
0.525	0.37079
0.53	0.37168
0.535	0.37255
0.54	0.37318
0.545	0.37339
0.55	0.37478
0.555	0.37551
0.56	0.37643
0.565	0.37691
0.57	0.37769
0.575	0.37841
0.58	0.37926
0.585	0.38031
0.59	0.38105
0.595	0.38248
0.6	0.38292
0.605	0.38382
0.61	0.38440
0.615	0.38494
0.62	0.38549
0.625	0.38640
0.63	0.38723
0.635	0.38815
0.64	0.38848
0.645	0.38904
0.65	0.38984
0.655	0.39028
0.66	0.39110
0.665	0.39240
0.67	0.39333
0.675	0.39368
0.68	0.39479
0.685	0.39573
0.69	0.39656
0.695	0.39746
0.7	0.39787
0.705	0.39867
0.71	0.39920
0.715	0.39944
0.72	0.40026
0.725	0.40046
0.73	0.40117
0.735	0.40187
0.74	0.40194
0.745	0.40236
0.75	0.40232
0.755	0.40229
0.76	0.40246
0.765	0.40310
0.77	0.40280
0.775	0.40297
0.78	0.40267
0.785	0.40198
0.79	0.40120
0.795	0.39999
0.8	0.39911
0.805	0.39903
0.81	0.39724
0.815	0.39550
0.82	0.39434
0.825	0.39280
0.83	0.39223
0.835	0.38966
0.84	0.38738
0.845	0.38530
0.85	0.38312
0.855	0.38070
0.86	0.37874
0.865	0.37692
0.87	0.37460
0.875	0.37219
0.88	0.36969
0.885	0.36669
0.89	0.36372
0.895	0.36023
0.9	0.35768
0.9002	0.35774
0.9003	0.35760
0.9005	0.35835
0.9007	0.35844
0.9008	0.35709
0.901	0.35645
0.9011	0.35848
0.9013	0.35932
0.9014	0.35791
0.9016	0.35597
0.9018	0.35551
0.9019	0.35655
0.9021	0.35647
0.9022	0.35538
0.9024	0.35490
0.9025	0.35551
0.9027	0.35630
0.9028	0.35683
0.903	0.35620
0.9032	0.35588
0.9033	0.35601
0.9035	0.35556
0.9036	0.35532
0.9038	0.35629
0.904	0.35616
0.9041	0.35551
0.9043	0.35549
0.9044	0.35572
0.9046	0.35534
0.9047	0.35449
0.9049	0.35468
0.905	0.35512
0.9052	0.35536
0.9054	0.35553
0.9055	0.35559
0.9057	0.35526
0.9058	0.35514
0.906	0.35532
0.9062	0.35509
0.9063	0.35418
0.9065	0.35417
0.9066	0.35409
0.9068	0.35351
0.907	0.35317
0.9071	0.35250
0.9073	0.35332
0.9074	0.35388
0.9076	0.35312
0.9077	0.35316
0.9079	0.35335
0.9081	0.35301
0.9082	0.35272
0.9084	0.35302
0.9085	0.35322
0.9087	0.35248
0.9089	0.35246
0.909	0.35344
0.9092	0.35347
0.9093	0.35282
0.9095	0.35263
0.9097	0.35248
0.9098	0.35221
0.91	0.35271
0.9101	0.35341
0.9103	0.35265
0.9105	0.35306
0.9106	0.35265
0.9108	0.35147
0.9109	0.35180
0.9111	0.35142
0.9113	0.35055
0.9114	0.35078
0.9116	0.35084
0.9117	0.35063
0.9119	0.35102
0.9121	0.35084
0.9122	0.34990
0.9124	0.34975
0.9125	0.35010
0.9127	0.34976
0.9129	0.35073
0.913	0.35205
0.9132	0.35158
0.9133	0.35029
0.9135	0.35007
0.9137	0.35045
0.9138	0.34968
0.914	0.34899
0.9142	0.34987
0.9143	0.35090
0.9145	0.35012
0.9146	0.34941
0.9148	0.34883
0.915	0.34899
0.9151	0.34952
0.9153	0.34914
0.9154	0.34852
0.9156	0.34835
0.9158	0.34834
0.9159	0.34827
0.9161	0.34823
0.9163	0.34854
0.9164	0.34874
0.9166	0.34865
0.9167	0.34827
0.9169	0.34856
0.9171	0.34875
0.9172	0.34857
0.9174	0.34789
0.9175	0.34760
0.9177	0.34685
0.9179	0.34683
0.918	0.34701
0.9182	0.34660
0.9184	0.34681
0.9185	0.34767
0.9187	0.34785
0.9188	0.34769
0.919	0.34724
0.9192	0.34625
0.9193	0.34573
0.9195	0.34659
0.9197	0.34716
0.9198	0.34690
0.92	0.34652
0.9202	0.34725
0.9203	0.34737
0.9205	0.34620
0.9206	0.34595
0.9208	0.34621
0.921	0.34657
0.9211	0.34610
0.9213	0.34535
0.9215	0.34529
0.9216	0.34556
0.9218	0.34576
0.922	0.34573
0.9221	0.34562
0.9223	0.34440
0.9224	0.34448
0.9226	0.34441
0.9228	0.34400
0.9229	0.34455
0.9231	0.34499
0.9233	0.34522
0.9234	0.34550
0.9236	0.34498
0.9238	0.34389
0.9239	0.34295
0.9241	0.34377
0.9243	0.34429
0.9244	0.34413
0.9246	0.34455
0.9247	0.34425
0.9249	0.34374
0.9251	0.34389
0.9252	0.34364
0.9254	0.34348
0.9256	0.34307
0.9257	0.34248
0.9259	0.34279
0.9261	0.34299
0.9262	0.34284
0.9264	0.34280
0.9266	0.34231
0.9267	0.34222
0.9269	0.34266
0.9271	0.34274
0.9272	0.34222
0.9274	0.34166
0.9276	0.34144
0.9277	0.34126
0.9279	0.34108
0.928	0.34096
0.9282	0.34125
0.9284	0.34106
0.9285	0.34083
0.9287	0.34014
0.9289	0.33966
0.929	0.34027
0.9292	0.34126
0.9294	0.34185
0.9295	0.34148
0.9297	0.34098
0.9299	0.34137
0.93	0.34100
0.9302	0.34027
0.9304	0.33984
0.9305	0.33974
0.9307	0.33977
0.9309	0.33977
0.931	0.33898
0.9312	0.33873
0.9314	0.33976
0.9316	0.33955
0.9317	0.33929
0.9319	0.33912
0.9321	0.33859
0.9322	0.33905
0.9324	0.33969
0.9326	0.34000
0.9327	0.33982
0.9329	0.33912
0.9331	0.33861
0.9332	0.33864
0.9334	0.33839
0.9336	0.33811
0.9337	0.33866
0.9339	0.33894
0.9341	0.33763
0.9342	0.33670
0.9344	0.33708
0.9346	0.33733
0.9348	0.33746
0.9349	0.33741
0.9351	0.33694
0.9353	0.33664
0.9354	0.33719
0.9356	0.33757
0.9358	0.33699
0.9359	0.33688
0.9361	0.33682
0.9363	0.33661
0.9364	0.33655
0.9366	0.33705
0.9368	0.33652
0.9369	0.33588
0.9371	0.33600
0.9373	0.33635
0.9375	0.33587
0.9376	0.33566
0.9378	0.33585
0.938	0.33517
0.9381	0.33452
0.9383	0.33493
0.9385	0.33537
0.9386	0.33533
0.9388	0.33500
0.939	0.33418
0.9392	0.33403
0.9393	0.33491
0.9395	0.33505
0.9397	0.33467
0.9398	0.33490
0.94	0.33522
0.9402	0.33489
0.9403	0.33455
0.9405	0.33420
0.9407	0.33430
0.9408	0.33470
0.941	0.33499
0.9412	0.33450
0.9414	0.33379
0.9415	0.33368
0.9417	0.33377
0.9419	0.33346
0.942	0.33363
0.9422	0.33342
0.9424	0.33374
0.9426	0.33364
0.9427	0.33277
0.9429	0.33257
0.9431	0.33313
0.9433	0.33327
0.9434	0.33287
0.9436	0.33207
0.9438	0.33258
0.9439	0.33253
0.9441	0.33212
0.9443	0.33290
0.9445	0.33362
0.9446	0.33362
0.9448	0.33287
0.945	0.33233
0.9451	0.33200
0.9453	0.33231
0.9455	0.33232
0.9457	0.33200
0.9458	0.33201
0.946	0.33196
0.9462	0.33160
0.9463	0.33103
0.9465	0.33101
0.9467	0.33076
0.9469	0.33059
0.947	0.33100
0.9472	0.33111
0.9474	0.33071
0.9476	0.33059
0.9477	0.33077
0.9479	0.33043
0.9481	0.33011
0.9483	0.33077
0.9484	0.33119
0.9486	0.33030
0.9488	0.32961
0.949	0.32964
0.9491	0.32989
0.9493	0.32974
0.9495	0.32918
0.9496	0.32952
0.9498	0.32984
0.95	0.33000
0.9502	0.33001
0.9503	0.32937
0.9505	0.32912
0.9507	0.32922
0.9509	0.32933
0.951	0.32898
0.9512	0.32855
0.9514	0.32893
0.9516	0.32975
0.9517	0.32938
0.9519	0.32862
0.9521	0.32889
0.9523	0.32901
0.9524	0.32878
0.9526	0.32877
0.9528	0.32920
0.953	0.32882
0.9531	0.32817
0.9533	0.32815
0.9535	0.32797
0.9537	0.32802
0.9538	0.32822
0.954	0.32761
0.9542	0.32751
0.9544	0.32774
0.9545	0.32786
0.9547	0.32782
0.9549	0.32756
0.9551	0.32755
0.9552	0.32744
0.9554	0.32716
0.9556	0.32699
0.9558	0.32726
0.956	0.32754
0.9561	0.32681
0.9563	0.32623
0.9565	0.32649
0.9567	0.32643
0.9568	0.32622
0.957	0.32615
0.9572	0.32551
0.9574	0.32556
0.9575	0.32554
0.9577	0.32558
0.9579	0.32580
0.9581	0.32518
0.9582	0.32433
0.9584	0.32467
0.9586	0.32561
0.9588	0.32591
0.959	0.32522
0.9591	0.32512
0.9593	0.32592
0.9595	0.32602
0.9597	0.32582
0.9598	0.32533
0.96	0.32461
0.9602	0.32462
0.9604	0.32452
0.9605	0.32423
0.9607	0.32442
0.9609	0.32439
0.9611	0.32431
0.9613	0.32450
0.9614	0.32445
0.9616	0.32373
0.9618	0.32326
0.962	0.32352
0.9622	0.32356
0.9623	0.32373
0.9625	0.32404
0.9627	0.32354
0.9629	0.32336
0.963	0.32324
0.9632	0.32273
0.9634	0.32311
0.9636	0.32367
0.9638	0.32344
0.9639	0.32320
0.9641	0.32249
0.9643	0.32175
0.9645	0.32185
0.9647	0.32236
0.9648	0.32265
0.965	0.32250
0.9652	0.32211
0.9654	0.32232
0.9656	0.32235
0.9657	0.32223
0.9659	0.32219
0.9661	0.32225
0.9663	0.32256
0.9665	0.32208
0.9666	0.32146
0.9668	0.32144
0.967	0.32118
0.9672	0.32070
0.9674	0.32048
0.9675	0.32057
0.9677	0.32048
0.9679	0.32062
0.9681	0.32067
0.9683	0.32091
0.9684	0.32084
0.9686	0.32075
0.9688	0.32093
0.969	0.32085
0.9692	0.32036
0.9693	0.32032
0.9695	0.32038
0.9697	0.32032
0.9699	0.32041
0.9701	0.32008
0.9703	0.31978
0.9704	0.31996
0.9706	0.31986
0.9708	0.31942
0.971	0.31946
0.9712	0.31935
0.9713	0.31893
0.9715	0.31879
0.9717	0.31904
0.9719	0.31921
0.9721	0.31876
0.9723	0.31867
0.9724	0.31880
0.9726	0.31883
0.9728	0.31918
0.973	0.31930
0.9732	0.31907
0.9733	0.31867
0.9735	0.31789
0.9737	0.31792
0.9739	0.31823
0.9741	0.31858
0.9743	0.31849
0.9745	0.31779
0.9746	0.31772
0.9748	0.31771
0.975	0.31734
0.9752	0.31742
0.9754	0.31734
0.9755	0.31714
0.9757	0.31727
0.9759	0.31725
0.9761	0.31750
0.9763	0.31752
0.9765	0.31724
0.9767	0.31696
0.9768	0.31688
0.977	0.31727
0.9772	0.31766
0.9774	0.31780
0.9776	0.31739
0.9778	0.31670
0.9779	0.31648
0.9781	0.31641
0.9783	0.31633
0.9785	0.31637
0.9787	0.31652
0.9789	0.31655
0.979	0.31637
0.9792	0.31602
0.9794	0.31587
0.9796	0.31599
0.9798	0.31590
0.98	0.31572
0.9802	0.31581
0.9803	0.31621
0.9805	0.31614
0.9807	0.31596
0.9809	0.31567
0.9811	0.31507
0.9813	0.31481
0.9815	0.31475
0.9817	0.31467
0.9818	0.31457
0.982	0.31421
0.9822	0.31426
0.9824	0.31446
0.9826	0.31434
0.9828	0.31435
0.983	0.31466
0.9831	0.31495
0.9833	0.31449
0.9835	0.31384
0.9837	0.31397
0.9839	0.31400
0.9841	0.31364
0.9843	0.31389
0.9844	0.31399
0.9846	0.31351
0.9848	0.31311
0.985	0.31385
0.9852	0.31412
0.9854	0.31355
0.9856	0.31304
0.9858	0.31298
0.9859	0.31314
0.9861	0.31349
0.9863	0.31348
0.9865	0.31340
0.9867	0.31338
0.9869	0.31291
0.9871	0.31262
0.9873	0.31262
0.9874	0.31225
0.9876	0.31231
0.9878	0.31261
0.988	0.31292
0.9882	0.31279
0.9884	0.31243
0.9886	0.31224
0.9888	0.31211
0.989	0.31215
0.9891	0.31181
0.9893	0.31172
0.9895	0.31213
0.9897	0.31223
0.9899	0.31191
0.9901	0.31167
0.9903	0.31158
0.9905	0.31154
0.9907	0.31149
0.9908	0.31140
0.991	0.31108
0.9912	0.31104
0.9914	0.31090
0.9916	0.31103
0.9918	0.31164
0.992	0.31184
0.9922	0.31171
0.9924	0.31114
0.9925	0.31104
0.9927	0.31119
0.9929	0.31086
0.9931	0.31080
0.9933	0.31076
0.9935	0.31090
0.9937	0.31096
0.9939	0.31084
0.9941	0.31071
0.9943	0.31019
0.9945	0.31005
0.9946	0.31043
0.9948	0.31015
0.995	0.30977
0.9952	0.30967
0.9954	0.30954
0.9956	0.30995
0.9958	0.31015
0.996	0.30968
0.9962	0.30937
0.9964	0.30960
0.9965	0.30991
0.9967	0.30956
0.9969	0.30923
0.9971	0.30960
0.9973	0.30942
0.9975	0.30912
0.9977	0.30914
0.9979	0.30922
0.9981	0.30939
0.9983	0.30918
0.9985	0.30872
0.9987	0.30869
0.9989	0.30857
0.999	0.30880
0.9992	0.30913
0.9994	0.30909
0.9996	0.30887
0.9998	0.30858
1	0.30866
1.0002	0.30887
1.0004	0.30878
1.0006	0.30881
1.0008	0.30855
1.001	0.30856
1.0012	0.30831
1.0014	0.30804
1.0016	0.30795
1.0018	0.30809
1.0019	0.30832
1.0021	0.30828
1.0023	0.30822
1.0025	0.30810
1.0027	0.30793
1.0029	0.30794
1.0031	0.30795
1.0033	0.30791
1.0035	0.30760
1.0037	0.30715
1.0039	0.30728
1.0041	0.30769
1.0043	0.30748
1.0045	0.30753
1.0047	0.30727
1.0049	0.30727
1.005	0.30740
1.0053	0.30735
1.0054	0.30737
1.0056	0.30738
1.0058	0.30737
1.006	0.30723
1.0062	0.30704
1.0064	0.30680
1.0066	0.30660
1.0068	0.30679
1.007	0.30686
1.0072	0.30634
1.0074	0.30635
1.0076	0.30699
1.0078	0.30686
1.008	0.30656
1.0082	0.30652
1.0084	0.30647
1.0086	0.30655
1.0088	0.30636
1.009	0.30664
1.0092	0.30688
1.0094	0.30670
1.0095	0.30636
1.0098	0.30622
1.01	0.30646
1.0101	0.30681
1.0103	0.30677
1.0105	0.30623
1.0107	0.30593
1.0109	0.30624
1.0111	0.30647
1.0113	0.30614
1.0115	0.30604
1.0117	0.30596
1.0119	0.30590
1.0121	0.30547
1.0123	0.30534
1.0125	0.30563
1.0127	0.30546
1.0129	0.30570
1.0131	0.30584
1.0133	0.30565
1.0135	0.30538
1.0137	0.30516
1.0139	0.30532
1.0141	0.30538
1.0143	0.30530
1.0145	0.30512
1.0147	0.30499
1.0149	0.30483
1.0151	0.30480
1.0153	0.30480
1.0155	0.30493
1.0157	0.30518
1.0159	0.30488
1.0161	0.30481
1.0163	0.30506
1.0165	0.30535
1.0167	0.30497
1.0169	0.30454
1.0171	0.30441
1.0173	0.30454
1.0175	0.30466
1.0177	0.30468
1.0179	0.30440
1.0181	0.30415
1.0183	0.30399
1.0185	0.30417
1.0187	0.30445
1.0189	0.30446
1.0191	0.30460
1.0193	0.30471
1.0195	0.30442
1.0197	0.30390
1.0199	0.30385
1.0201	0.30398
1.0203	0.30397
1.0205	0.30365
1.0207	0.30346
1.0209	0.30351
1.0211	0.30390
1.0213	0.30416
1.0215	0.30415
1.0217	0.30401
1.0219	0.30405
1.0221	0.30417
1.0223	0.30363
1.0225	0.30343
1.0227	0.30366
1.0229	0.30391
1.0231	0.30388
1.0233	0.30354
1.0235	0.30326
1.0237	0.30337
1.0239	0.30355
1.0241	0.30382
1.0243	0.30391
1.0245	0.30335
1.0247	0.30324
1.0249	0.30359
1.0251	0.30344
1.0253	0.30334
1.0255	0.30340
1.0257	0.30314
1.0259	0.30310
1.0261	0.30332
1.0263	0.30326
1.0265	0.30326
1.0268	0.30322
1.0269	0.30316
1.0272	0.30343
1.0274	0.30354
1.0276	0.30310
1.0278	0.30291
1.028	0.30319
1.0282	0.30290
1.0284	0.30245
1.0286	0.30267
1.0288	0.30297
1.029	0.30274
1.0292	0.30263
1.0294	0.30277
1.0296	0.30248
1.0298	0.30210
1.03	0.30210
1.0302	0.30232
1.0304	0.30270
1.0306	0.30292
1.0308	0.30295
1.031	0.30278
1.0312	0.30250
1.0314	0.30243
1.0317	0.30270
1.0318	0.30285
1.0321	0.30265
1.0323	0.30264
1.0325	0.30282
1.0327	0.30276
1.0329	0.30273
1.0331	0.30267
1.0333	0.30266
1.0335	0.30243
1.0337	0.30238
1.0339	0.30257
1.0341	0.30235
1.0343	0.30235
1.0345	0.30253
1.0347	0.30254
1.0349	0.30262
1.0352	0.30251
1.0354	0.30253
1.0356	0.30250
1.0358	0.30238
1.036	0.30240
1.0362	0.30267
1.0364	0.30248
1.0366	0.30231
1.0368	0.30235
1.037	0.30232
1.0372	0.30234
1.0374	0.30222
1.0376	0.30212
1.0378	0.30215
1.0381	0.30238
1.0383	0.30235
1.0385	0.30238
1.0387	0.30234
1.0389	0.30208
1.0391	0.30212
1.0393	0.30224
1.0395	0.30214
1.0397	0.30179
1.0399	0.30186
1.0401	0.30237
1.0403	0.30230
1.0406	0.30181
1.0408	0.30173
1.041	0.30183
1.0412	0.30217
1.0414	0.30235
1.0416	0.30209
1.0418	0.30188
1.042	0.30186
1.0422	0.30188
1.0424	0.30200
1.0426	0.30211
1.0428	0.30211
1.0431	0.30208
1.0433	0.30205
1.0435	0.30176
1.0437	0.30171
1.0439	0.30163
1.0441	0.30185
1.0443	0.30196
1.0445	0.30191
1.0448	0.30178
1.045	0.30166
1.0452	0.30169
1.0454	0.30177
1.0456	0.30181
1.0458	0.30186
1.046	0.30161
1.0462	0.30160
1.0464	0.30172
1.0466	0.30181
1.0469	0.30162
1.0471	0.30161
1.0473	0.30168
1.0475	0.30166
1.0477	0.30196
1.0479	0.30215
1.0481	0.30201
1.0483	0.30185
1.0486	0.30170
1.0488	0.30190
1.049	0.30204
1.0492	0.30205
1.0494	0.30207
1.0496	0.30206
1.0498	0.30215
1.05	0.30201
1.0503	0.30195
1.0505	0.30190
1.0507	0.30196
1.0509	0.30192
1.0511	0.30198
1.0513	0.30204
1.0515	0.30212
1.0517	0.30192
1.0519	0.30171
1.0522	0.30170
1.0524	0.30169
1.0526	0.30194
1.0528	0.30219
1.053	0.30206
1.0532	0.30188
1.0534	0.30184
1.0537	0.30193
1.0539	0.30186
1.0541	0.30182
1.0543	0.30202
1.0545	0.30235
1.0547	0.30256
1.0549	0.30229
1.0552	0.30222
1.0554	0.30231
1.0556	0.30216
1.0558	0.30227
1.056	0.30248
1.0562	0.30245
1.0564	0.30217
1.0567	0.30193
1.0569	0.30214
1.0571	0.30238
1.0573	0.30213
1.0575	0.30200
1.0578	0.30222
1.058	0.30203
1.0582	0.30164
1.0584	0.30162
1.0586	0.30186
1.0588	0.30177
1.059	0.30172
1.0593	0.30178
1.0595	0.30174
1.0597	0.30203
1.0599	0.30242
1.0601	0.30238
1.0603	0.30241
1.0606	0.30230
1.0608	0.30204
1.061	0.30196
1.0612	0.30219
1.0614	0.30231
1.0617	0.30233
1.0619	0.30222
1.0621	0.30222
1.0623	0.30226
1.0625	0.30234
1.0627	0.30251
1.0629	0.30224
1.0632	0.30206
1.0634	0.30202
1.0636	0.30211
1.0638	0.30229
1.064	0.30234
1.0643	0.30244
1.0645	0.30259
1.0647	0.30285
1.0649	0.30263
1.0651	0.30245
1.0653	0.30244
1.0656	0.30257
1.0658	0.30264
1.066	0.30261
1.0662	0.30262
1.0664	0.30253
1.0667	0.30231
1.0669	0.30238
1.0671	0.30230
1.0673	0.30251
1.0676	0.30263
1.0678	0.30287
1.068	0.30307
1.0682	0.30288
1.0684	0.30274
1.0687	0.30290
1.0689	0.30297
1.0691	0.30272
1.0693	0.30267
1.0695	0.30288
1.0698	0.30279
1.07	0.30266
1.0702	0.30251
1.0704	0.30263
1.0706	0.30271
1.0708	0.30282
1.0711	0.30300
1.0713	0.30307
1.0715	0.30306
1.0717	0.30302
1.072	0.30301
1.0722	0.30312
1.0724	0.30314
1.0726	0.30318
1.0728	0.30347
1.0731	0.30353
1.0733	0.30328
1.0735	0.30312
1.0737	0.30306
1.074	0.30330
1.0742	0.30327
1.0744	0.30323
1.0746	0.30339
1.0748	0.30322
1.0751	0.30280
1.0753	0.30271
1.0755	0.30292
1.0757	0.30317
1.076	0.30335
1.0762	0.30340
1.0764	0.30305
1.0766	0.30281
1.0769	0.30332
1.0771	0.30358
1.0773	0.30350
1.0775	0.30346
1.0778	0.30332
1.078	0.30328
1.0782	0.30335
1.0784	0.30352
1.0787	0.30336
1.0789	0.30340
1.0791	0.30354
1.0793	0.30343
1.0796	0.30341
1.0798	0.30364
1.08	0.30385
1.0802	0.30377
1.0804	0.30373
1.0807	0.30383
1.0809	0.30386
1.0811	0.30367
1.0813	0.30350
1.0816	0.30340
1.0818	0.30362
1.082	0.30394
1.0823	0.30392
1.0825	0.30385
1.0827	0.30401
1.0829	0.30396
1.0832	0.30412
1.0834	0.30429
1.0836	0.30393
1.0838	0.30389
1.0841	0.30404
1.0843	0.30375
1.0845	0.30384
1.0848	0.30423
1.085	0.30420
1.0852	0.30418
1.0854	0.30402
1.0857	0.30374
1.0859	0.30398
1.0861	0.30425
1.0863	0.30421
1.0866	0.30431
1.0868	0.30427
1.087	0.30419
1.0873	0.30420
1.0875	0.30418
1.0877	0.30425
1.0879	0.30430
1.0882	0.30427
1.0884	0.30428
1.0886	0.30450
1.0888	0.30452
1.0891	0.30436
1.0893	0.30433
1.0895	0.30451
1.0898	0.30460
1.09	0.30463
1.0902	0.30464
1.0904	0.30474
1.0907	0.30479
1.0909	0.30491
1.0911	0.30482
1.0914	0.30473
1.0916	0.30488
1.0918	0.30498
1.0921	0.30515
1.0923	0.30517
1.0925	0.30492
1.0928	0.30493
1.093	0.30508
1.0932	0.30503
1.0934	0.30491
1.0937	0.30510
1.0939	0.30512
1.0941	0.30482
1.0944	0.30482
1.0946	0.30513
1.0948	0.30514
1.0951	0.30530
1.0953	0.30548
1.0955	0.30525
1.0958	0.30519
1.096	0.30517
1.0962	0.30545
1.0964	0.30560
1.0967	0.30540
1.0969	0.30516
1.0971	0.30533
1.0974	0.30549
1.0976	0.30536
1.0978	0.30546
1.0981	0.30554
1.0983	0.30548
1.0985	0.30544
1.0988	0.30552
1.099	0.30578
1.0992	0.30602
1.0995	0.30596
1.0997	0.30580
1.0999	0.30566
1.1002	0.30566
1.1004	0.30577
1.1006	0.30555
1.1009	0.30569
1.1011	0.30580
1.1013	0.30570
1.1016	0.30582
1.1018	0.30584
1.102	0.30577
1.1023	0.30588
1.1025	0.30602
1.1027	0.30610
1.103	0.30620
1.1032	0.30624
1.1034	0.30637
1.1037	0.30624
1.1039	0.30598
1.1042	0.30592
1.1044	0.30629
1.1046	0.30644
1.1049	0.30619
1.1051	0.30619
1.1053	0.30636
1.1056	0.30649
1.1058	0.30646
1.106	0.30630
1.1063	0.30632
1.1065	0.30635
1.1067	0.30634
1.107	0.30634
1.1072	0.30659
1.1074	0.30678
1.1077	0.30679
1.1079	0.30702
1.1082	0.30680
1.1084	0.30656
1.1086	0.30666
1.1089	0.30673
1.1091	0.30672
1.1093	0.30666
1.1096	0.30688
1.1098	0.30691
1.1101	0.30655
1.1103	0.30650
1.1105	0.30680
1.1108	0.30704
1.111	0.30685
1.1113	0.30680
1.1115	0.30689
1.1117	0.30689
1.112	0.30696
1.1122	0.30711
1.1124	0.30707
1.1127	0.30703
1.1129	0.30703
1.1132	0.30714
1.1134	0.30727
1.1136	0.30744
1.1139	0.30743
1.1141	0.30744
1.1143	0.30710
1.1146	0.30688
1.1148	0.30699
1.1151	0.30712
1.1153	0.30722
1.1156	0.30749
1.1158	0.30759
1.116	0.30727
1.1163	0.30728
1.1165	0.30735
1.1168	0.30733
1.117	0.30755
1.1172	0.30768
1.1175	0.30768
1.1177	0.30748
1.118	0.30738
1.1182	0.30764
1.1184	0.30781
1.1187	0.30761
1.1189	0.30751
1.1192	0.30757
1.1194	0.30768
1.1197	0.30764
1.1199	0.30758
1.1201	0.30758
1.1204	0.30780
1.1206	0.30792
1.1209	0.30785
1.1211	0.30777
1.1213	0.30787
1.1216	0.30806
1.1218	0.30814
1.1221	0.30808
1.1223	0.30814
1.1226	0.30813
1.1228	0.30816
1.123	0.30806
1.1233	0.30810
1.1235	0.30816
1.1238	0.30817
1.124	0.30823
1.1243	0.30824
1.1245	0.30823
1.1248	0.30816
1.125	0.30823
1.1252	0.30837
1.1255	0.30847
1.1257	0.30820
1.126	0.30815
1.1262	0.30827
1.1265	0.30833
1.1267	0.30845
1.1269	0.30859
1.1272	0.30866
1.1274	0.30872
1.1277	0.30865
1.1279	0.30853
1.1282	0.30846
1.1284	0.30865
1.1287	0.30877
1.1289	0.30869
1.1292	0.30870
1.1294	0.30891
1.1297	0.30906
1.1299	0.30901
1.1301	0.30898
1.1304	0.30906
1.1306	0.30904
1.1309	0.30888
1.1311	0.30887
1.1314	0.30891
1.1316	0.30897
1.1319	0.30913
1.1321	0.30908
1.1324	0.30896
1.1326	0.30890
1.1329	0.30895
1.1331	0.30906
1.1333	0.30916
1.1336	0.30907
1.1338	0.30899
1.1341	0.30902
1.1343	0.30905
1.1346	0.30914
1.1348	0.30923
1.1351	0.30919
1.1353	0.30918
1.1356	0.30923
1.1358	0.30912
1.1361	0.30900
1.1363	0.30904
1.1366	0.30912
1.1368	0.30927
1.1371	0.30932
1.1373	0.30922
1.1376	0.30924
1.1378	0.30963
1.1381	0.30965
1.1383	0.30926
1.1386	0.30935
1.1388	0.30963
1.1391	0.30978
1.1393	0.30962
1.1396	0.30932
1.1398	0.30919
1.1401	0.30937
1.1403	0.30956
1.1406	0.30962
1.1408	0.30951
1.1411	0.30948
1.1413	0.30950
1.1416	0.30968
1.1418	0.30982
1.1421	0.30975
1.1423	0.30968
1.1426	0.30958
1.1428	0.30964
1.1431	0.30994
1.1433	0.31009
1.1436	0.31004
1.1439	0.31003
1.1441	0.31013
1.1444	0.31010
1.1446	0.30990
1.1449	0.30987
1.1451	0.30985
1.1454	0.30974
1.1456	0.30983
1.1459	0.30991
1.1461	0.30998
1.1464	0.31005
1.1466	0.30997
1.1469	0.30985
1.1472	0.30986
1.1474	0.30995
1.1477	0.31010
1.1479	0.31009
1.1482	0.30996
1.1484	0.30996
1.1487	0.31012
1.1489	0.31002
1.1492	0.30983
1.1494	0.30994
1.1497	0.31002
1.1499	0.31010
1.1502	0.31012
1.1504	0.31010
1.1507	0.31011
1.151	0.31018
1.1512	0.31015
1.1515	0.31010
1.1517	0.31001
1.152	0.30997
1.1522	0.31015
1.1525	0.31027
1.1528	0.31028
1.153	0.31019
1.1533	0.31028
1.1535	0.31041
1.1538	0.31034
1.154	0.31042
1.1543	0.31055
1.1546	0.31028
1.1548	0.31005
1.1551	0.31014
1.1553	0.31019
1.1556	0.31020
1.1558	0.31004
1.1561	0.30995
1.1564	0.31020
1.1566	0.31034
1.1569	0.31026
1.1571	0.31003
1.1574	0.31013
1.1577	0.31030
1.1579	0.31033
1.1582	0.31049
1.1584	0.31059
1.1587	0.31043
1.1589	0.31025
1.1592	0.31026
1.1595	0.31041
1.1597	0.31043
1.16	0.31049
1.1602	0.31049
1.1605	0.31037
1.1608	0.31027
1.161	0.31033
1.1613	0.31040
1.1615	0.31038
1.1618	0.31022
1.1621	0.31019
1.1623	0.31030
1.1626	0.31038
1.1628	0.31025
1.1631	0.31014
1.1634	0.31035
1.1636	0.31037
1.1639	0.31014
1.1642	0.31001
1.1644	0.31045
1.1647	0.31069
1.1649	0.31062
1.1652	0.31044
1.1654	0.31030
1.1657	0.31025
1.166	0.31022
1.1662	0.31016
1.1665	0.31020
1.1668	0.31028
1.167	0.31033
1.1673	0.31033
1.1676	0.31034
1.1678	0.31049
1.1681	0.31052
1.1683	0.31034
1.1686	0.31015
1.1689	0.31012
1.1691	0.31034
1.1694	0.31045
1.1697	0.31054
1.1699	0.31039
1.1702	0.31040
1.1704	0.31061
1.1707	0.31041
1.171	0.31039
1.1713	0.31047
1.1715	0.31044
1.1718	0.31033
1.172	0.31017
1.1723	0.31033
1.1726	0.31056
1.1728	0.31045
1.1731	0.31008
1.1734	0.31015
1.1736	0.31043
1.1739	0.31042
1.1742	0.31033
1.1744	0.31028
1.1747	0.31022
1.175	0.31026
1.1752	0.31026
1.1755	0.31025
1.1758	0.31020
1.176	0.31024
1.1763	0.31034
1.1766	0.31027
1.1768	0.31020
1.1771	0.31027
1.1774	0.31038
1.1776	0.31044
1.1779	0.31042
1.1782	0.31037
1.1784	0.31015
1.1787	0.31012
1.179	0.31031
1.1792	0.31035
1.1795	0.31020
1.1798	0.31015
1.18	0.31035
1.1803	0.31044
1.1806	0.31034
1.1808	0.31023
1.1811	0.31016
1.1814	0.31020
1.1817	0.31023
1.1819	0.31015
1.1822	0.31029
1.1825	0.31047
1.1827	0.31039
1.183	0.31034
1.1833	0.31035
1.1835	0.31015
1.1838	0.31015
1.1841	0.31019
1.1844	0.31004
1.1846	0.31006
1.1849	0.31008
1.1852	0.31018
1.1854	0.31017
1.1857	0.31000
1.186	0.31009
1.1863	0.30999
1.1865	0.30993
1.1868	0.31027
1.1871	0.31036
1.1873	0.31024
1.1876	0.31014
1.1879	0.31017
1.1882	0.31032
1.1884	0.31030
1.1887	0.31026
1.189	0.31025
1.1893	0.31016
1.1895	0.31025
1.1898	0.31021
1.1901	0.31020
1.1903	0.31005
1.1906	0.30982
1.1909	0.30991
1.1912	0.31000
1.1914	0.31005
1.1917	0.31014
1.192	0.31016
1.1923	0.31023
1.1925	0.31011
1.1928	0.30994
1.1931	0.30992
1.1933	0.30991
1.1936	0.30991
1.1939	0.31008
1.1942	0.31008
1.1944	0.31020
1.1947	0.31024
1.195	0.31013
1.1953	0.31003
1.1956	0.31000
1.1958	0.31002
1.1961	0.30992
1.1964	0.30983
1.1967	0.31000
1.1969	0.31002
1.1972	0.30982
1.1975	0.30967
1.1978	0.30973
1.198	0.30983
1.1983	0.30982
1.1986	0.30992
1.1989	0.30996
1.1992	0.30987
1.1994	0.30981
1.1997	0.30976
1.2	0.30980
1.2003	0.30979
1.2005	0.30972
1.2008	0.30968
1.2011	0.30981
1.2014	0.30979
1.2017	0.30966
1.2019	0.30967
1.2022	0.30967
1.2025	0.30948
1.2028	0.30952
1.203	0.30965
1.2033	0.30966
1.2036	0.30977
1.2039	0.30978
1.2042	0.30976
1.2044	0.30969
1.2047	0.30958
1.205	0.30955
1.2053	0.30964
1.2056	0.30962
1.2058	0.30950
1.2061	0.30952
1.2064	0.30950
1.2067	0.30952
1.207	0.30954
1.2072	0.30965
1.2075	0.30968
1.2078	0.30963
1.2081	0.30972
1.2084	0.30971
1.2087	0.30962
1.2089	0.30953
1.2092	0.30955
1.2095	0.30969
1.2098	0.30969
1.2101	0.30961
1.2103	0.30961
1.2106	0.30966
1.2109	0.30967
1.2112	0.30956
1.2115	0.30943
1.2118	0.30955
1.212	0.30961
1.2123	0.30951
1.2126	0.30958
1.2129	0.30959
1.2132	0.30950
1.2135	0.30954
1.2137	0.30949
1.214	0.30944
1.2143	0.30949
1.2146	0.30955
1.2149	0.30954
1.2152	0.30939
1.2154	0.30934
1.2157	0.30939
1.216	0.30941
1.2163	0.30940
1.2166	0.30949
1.2169	0.30944
1.2172	0.30933
1.2174	0.30934
1.2177	0.30940
1.218	0.30943
1.2183	0.30940
1.2186	0.30935
1.2189	0.30933
1.2192	0.30928
1.2194	0.30932
1.2197	0.30935
1.22	0.30935
1.2203	0.30930
1.2206	0.30927
1.2209	0.30927
1.2212	0.30927
1.2215	0.30917
1.2218	0.30927
1.222	0.30931
1.2223	0.30917
1.2226	0.30906
1.2229	0.30905
1.2232	0.30922
1.2235	0.30939
1.2238	0.30947
1.2241	0.30929
1.2243	0.30897
1.2246	0.30901
1.2249	0.30910
1.2252	0.30893
1.2255	0.30891
1.2258	0.30903
1.2261	0.30915
1.2264	0.30919
1.2267	0.30913
1.227	0.30908
1.2273	0.30919
1.2275	0.30902
1.2278	0.30889
1.2281	0.30908
1.2284	0.30911
1.2287	0.30897
1.229	0.30885
1.2293	0.30887
1.2296	0.30883
1.2299	0.30879
1.2302	0.30879
1.2304	0.30896
1.2307	0.30899
1.231	0.30900
1.2313	0.30902
1.2316	0.30893
1.2319	0.30885
1.2322	0.30888
1.2325	0.30898
1.2328	0.30898
1.2331	0.30894
1.2334	0.30899
1.2337	0.30897
1.234	0.30888
1.2343	0.30877
1.2346	0.30878
1.2348	0.30876
1.2351	0.30889
1.2354	0.30904
1.2357	0.30895
1.236	0.30884
1.2363	0.30886
1.2366	0.30884
1.2369	0.30884
1.2372	0.30885
1.2375	0.30886
1.2378	0.30880
1.2381	0.30883
1.2384	0.30869
1.2387	0.30865
1.239	0.30881
1.2393	0.30886
1.2396	0.30887
1.2399	0.30883
1.2402	0.30895
1.2405	0.30901
1.2408	0.30884
1.2411	0.30877
1.2413	0.30881
1.2417	0.30874
1.2419	0.30878
1.2422	0.30878
1.2425	0.30886
1.2428	0.30893
1.2431	0.30889
1.2434	0.30885
1.2437	0.30878
1.244	0.30864
1.2443	0.30864
1.2446	0.30875
1.2449	0.30879
1.2452	0.30886
1.2455	0.30883
1.2458	0.30869
1.2461	0.30868
1.2464	0.30893
1.2467	0.30899
1.247	0.30874
1.2473	0.30872
1.2476	0.30876
1.2479	0.30871
1.2482	0.30877
1.2485	0.30880
1.2488	0.30880
1.2491	0.30868
1.2494	0.30866
1.2497	0.30877
1.25	0.30881
1.2503	0.30884
1.2506	0.30876
1.2509	0.30856
1.2512	0.30852
1.2515	0.30860
1.2518	0.30858
1.2521	0.30866
1.2524	0.30869
1.2528	0.30866
1.2531	0.30878
1.2533	0.30880
1.2537	0.30871
1.254	0.30864
1.2543	0.30865
1.2546	0.30870
1.2549	0.30870
1.2552	0.30868
1.2555	0.30871
1.2558	0.30873
1.2561	0.30881
1.2564	0.30885
1.2567	0.30861
1.257	0.30861
1.2573	0.30878
1.2576	0.30873
1.2579	0.30870
1.2582	0.30877
1.2585	0.30858
1.2588	0.30852
1.2591	0.30882
1.2594	0.30894
1.2598	0.30868
1.2601	0.30855
1.2604	0.30874
1.2607	0.30882
1.261	0.30884
1.2613	0.30895
1.2616	0.30902
1.2619	0.30888
1.2622	0.30879
1.2625	0.30875
1.2628	0.30892
1.2631	0.30892
1.2634	0.30887
1.2637	0.30889
1.2641	0.30886
1.2644	0.30883
1.2647	0.30882
1.265	0.30880
1.2653	0.30881
1.2656	0.30894
1.2659	0.30887
1.2662	0.30876
1.2665	0.30884
1.2668	0.30884
1.2671	0.30874
1.2674	0.30894
1.2678	0.30901
1.2681	0.30887
1.2684	0.30883
1.2687	0.30898
1.269	0.30904
1.2693	0.30893
1.2696	0.30883
1.2699	0.30888
1.2702	0.30892
1.2706	0.30897
1.2709	0.30901
1.2712	0.30891
1.2715	0.30889
1.2718	0.30895
1.2721	0.30898
1.2724	0.30896
1.2727	0.30903
1.2731	0.30906
1.2734	0.30900
1.2737	0.30902
1.274	0.30911
1.2743	0.30912
1.2746	0.30917
1.2749	0.30924
1.2752	0.30913
1.2756	0.30914
1.2759	0.30928
1.2762	0.30934
1.2765	0.30924
1.2768	0.30919
1.2771	0.30921
1.2774	0.30927
1.2778	0.30929
1.2781	0.30918
1.2784	0.30916
1.2787	0.30930
1.279	0.30941
1.2793	0.30952
1.2797	0.30953
1.28	0.30943
1.2803	0.30941
1.2806	0.30947
1.2809	0.30949
1.2812	0.30957
1.2816	0.30958
1.2819	0.30940
1.2822	0.30939
1.2825	0.30941
1.2828	0.30945
1.2831	0.30956
1.2834	0.30960
1.2838	0.30951
1.2841	0.30956
1.2844	0.30975
1.2847	0.30963
1.285	0.30953
1.2854	0.30951
1.2857	0.30951
1.286	0.30950
1.2863	0.30949
1.2866	0.30962
1.2869	0.30963
1.2873	0.30969
1.2876	0.30977
1.2879	0.30985
1.2882	0.31000
1.2886	0.31000
1.2889	0.30988
1.2892	0.30987
1.2895	0.30982
1.2898	0.30969
1.2902	0.30971
1.2905	0.30996
1.2908	0.31004
1.2911	0.31002
1.2914	0.31000
1.2918	0.31000
1.2921	0.31002
1.2924	0.30996
1.2927	0.30999
1.2931	0.31012
1.2934	0.31010
1.2937	0.31009
1.294	0.31014
1.2943	0.31014
1.2947	0.31014
1.295	0.31027
1.2953	0.31021
1.2956	0.31014
1.296	0.31023
1.2963	0.31027
1.2966	0.31019
1.2969	0.31021
1.2973	0.31025
1.2976	0.31021
1.2979	0.31030
1.2982	0.31040
1.2986	0.31052
1.2989	0.31057
1.2992	0.31059
1.2995	0.31070
1.2999	0.31070
1.3002	0.31052
1.3005	0.31049
1.3008	0.31060
1.3012	0.31073
1.3015	0.31077
1.3018	0.31075
1.3021	0.31083
1.3025	0.31088
1.3028	0.31089
1.3031	0.31086
1.3034	0.31082
1.3038	0.31094
1.3041	0.31103
1.3044	0.31109
1.3048	0.31116
1.3051	0.31117
1.3054	0.31111
1.3058	0.31123
1.3061	0.31136
1.3064	0.31126
1.3067	0.31119
1.3071	0.31133
1.3074	0.31135
1.3077	0.31123
1.3081	0.31134
1.3084	0.31155
1.3087	0.31164
1.3091	0.31158
1.3094	0.31150
1.3097	0.31161
1.31	0.31178
1.3104	0.31170
1.3107	0.31166
1.311	0.31180
1.3114	0.31180
1.3117	0.31182
1.312	0.31188
1.3124	0.31186
1.3127	0.31180
1.313	0.31180
1.3134	0.31188
1.3137	0.31191
1.314	0.31195
1.3144	0.31187
1.3147	0.31189
1.315	0.31207
1.3154	0.31230
1.3157	0.31234
1.316	0.31230
1.3164	0.31233
1.3167	0.31242
1.317	0.31248
1.3174	0.31247
1.3177	0.31238
1.318	0.31241
1.3184	0.31258
1.3187	0.31266
1.319	0.31275
1.3194	0.31275
1.3197	0.31276
1.3201	0.31288
1.3204	0.31293
1.3207	0.31288
1.3211	0.31293
1.3214	0.31298
1.3217	0.31289
1.3221	0.31288
1.3224	0.31301
1.3227	0.31311
1.3231	0.31318
1.3234	0.31321
1.3238	0.31322
1.3241	0.31320
1.3244	0.31324
1.3248	0.31336
1.3251	0.31345
1.3254	0.31341
1.3258	0.31330
1.3261	0.31339
1.3265	0.31353
1.3268	0.31358
1.3271	0.31364
1.3275	0.31365
1.3278	0.31367
1.3282	0.31384
1.3285	0.31395
1.3288	0.31389
1.3292	0.31390
1.3295	0.31398
1.3299	0.31405
1.3302	0.31400
1.3306	0.31412
1.3309	0.31421
1.3312	0.31416
1.3316	0.31428
1.3319	0.31437
1.3323	0.31436
1.3326	0.31440
1.3329	0.31438
1.3333	0.31438
1.3336	0.31458
1.334	0.31458
1.3343	0.31460
1.3347	0.31466
1.335	0.31462
1.3353	0.31466
1.3357	0.31475
1.336	0.31482
1.3364	0.31492
1.3367	0.31486
1.3371	0.31492
1.3374	0.31517
1.3378	0.31534
1.3381	0.31541
1.3384	0.31536
1.3388	0.31538
1.3391	0.31533
1.3395	0.31537
1.3398	0.31545
1.3402	0.31552
1.3405	0.31563
1.3409	0.31569
1.3412	0.31572
1.3416	0.31565
1.3419	0.31577
1.3423	0.31587
1.3426	0.31589
1.3429	0.31598
1.3433	0.31604
1.3437	0.31598
1.344	0.31600
1.3443	0.31617
1.3447	0.31637
1.345	0.31645
1.3454	0.31640
1.3457	0.31642
1.3461	0.31647
1.3464	0.31647
1.3468	0.31661
1.3471	0.31669
1.3475	0.31666
1.3478	0.31677
1.3482	0.31685
1.3485	0.31685
1.3489	0.31676
1.3493	0.31675
1.3496	0.31697
1.3499	0.31714
1.3503	0.31713
1.3507	0.31701
1.351	0.31697
1.3513	0.31710
1.3517	0.31735
1.3521	0.31749
1.3524	0.31754
1.3528	0.31759
1.3531	0.31763
1.3535	0.31765
1.3538	0.31763
1.3542	0.31772
1.3545	0.31783
1.3549	0.31780
1.3552	0.31785
1.3556	0.31797
1.3559	0.31808
1.3563	0.31814
1.3567	0.31817
1.357	0.31817
1.3574	0.31822
1.3577	0.31830
1.3581	0.31839
1.3584	0.31840
1.3588	0.31850
1.3592	0.31859
1.3595	0.31862
1.3599	0.31857
1.3602	0.31866
1.3606	0.31889
1.3609	0.31898
1.3613	0.31901
1.3617	0.31908
1.362	0.31915
1.3624	0.31922
1.3627	0.31928
1.3631	0.31930
1.3634	0.31933
1.3638	0.31943
1.3642	0.31956
1.3645	0.31956
1.3649	0.31959
1.3652	0.31987
1.3656	0.31996
1.3659	0.31990
1.3663	0.32000
1.3667	0.32026
1.367	0.32036
1.3674	0.32033
1.3678	0.32044
1.3681	0.32056
1.3685	0.32041
1.3688	0.32039
1.3692	0.32054
1.3696	0.32065
1.3699	0.32069
1.3703	0.32066
1.3707	0.32083
1.371	0.32095
1.3714	0.32092
1.3717	0.32083
1.3721	0.32089
1.3725	0.32109
1.3728	0.32131
1.3732	0.32137
1.3736	0.32136
1.3739	0.32145
1.3743	0.32141
1.3746	0.32152
1.375	0.32163
1.3754	0.32173
1.3757	0.32179
1.3761	0.32181
1.3765	0.32188
1.3768	0.32216
1.3772	0.32227
1.3776	0.32221
1.3779	0.32234
1.3783	0.32249
1.3787	0.32245
1.379	0.32249
1.3794	0.32262
1.3798	0.32266
1.3801	0.32278
1.3805	0.32281
1.3809	0.32283
1.3812	0.32292
1.3816	0.32306
1.382	0.32322
1.3823	0.32330
1.3827	0.32330
1.3831	0.32340
1.3834	0.32343
1.3838	0.32351
1.3842	0.32357
1.3846	0.32362
1.3849	0.32368
1.3853	0.32358
1.3857	0.32365
1.386	0.32392
1.3864	0.32407
1.3868	0.32402
1.3872	0.32394
1.3875	0.32399
1.3879	0.32409
1.3883	0.32424
1.3886	0.32424
1.389	0.32420
1.3894	0.32419
1.3898	0.32398
1.3901	0.32347
1.3905	0.32250
1.3909	0.32109
1.3912	0.31967
1.3916	0.31906
1.392	0.31958
1.3924	0.32098
1.3927	0.32245
1.3931	0.32353
1.3935	0.32437
1.3939	0.32491
1.3942	0.32514
1.3946	0.32536
1.395	0.32553
1.3954	0.32555
1.3957	0.32545
1.3961	0.32548
1.3965	0.32525
1.3969	0.32457
1.3972	0.32353
1.3976	0.32266
1.398	0.32247
1.3984	0.32317
1.3988	0.32411
1.3991	0.32495
1.3995	0.32576
1.3999	0.32629
1.4003	0.32654
1.4006	0.32671
1.401	0.32682
1.4014	0.32682
1.4018	0.32693
1.4022	0.32710
1.4025	0.32716
1.4029	0.32721
1.4033	0.32725
1.4037	0.32723
1.4041	0.32720
1.4044	0.32706
1.4048	0.32683
1.4052	0.32662
1.4056	0.32672
1.406	0.32704
1.4063	0.32731
1.4067	0.32756
1.4071	0.32772
1.4075	0.32785
1.4079	0.32788
1.4083	0.32793
1.4086	0.32792
1.409	0.32791
1.4094	0.32802
1.4098	0.32816
1.4102	0.32827
1.4106	0.32840
1.4109	0.32841
1.4113	0.32829
1.4117	0.32813
1.4121	0.32816
1.4125	0.32830
1.4128	0.32829
1.4132	0.32833
1.4136	0.32842
1.414	0.32842
1.4144	0.32843
1.4148	0.32853
1.4152	0.32863
1.4156	0.32872
1.4159	0.32875
1.4163	0.32867
1.4167	0.32876
1.4171	0.32884
1.4175	0.32874
1.4179	0.32866
1.4183	0.32874
1.4187	0.32885
1.419	0.32888
1.4194	0.32897
1.4198	0.32899
1.4202	0.32898
1.4206	0.32893
1.421	0.32893
1.4214	0.32902
1.4218	0.32903
1.4222	0.32897
1.4225	0.32897
1.4229	0.32902
1.4233	0.32909
1.4237	0.32911
1.4241	0.32912
1.4245	0.32896
1.4249	0.32892
1.4253	0.32919
1.4257	0.32932
1.4261	0.32922
1.4265	0.32915
1.4268	0.32915
1.4272	0.32929
1.4276	0.32958
1.428	0.32968
1.4284	0.32952
1.4288	0.32952
1.4292	0.32958
1.4296	0.32963
1.43	0.32972
1.4304	0.32972
1.4308	0.32970
1.4312	0.32967
1.4316	0.32968
1.432	0.32966
1.4324	0.32970
1.4328	0.32973
1.4332	0.32975
1.4336	0.32980
1.4339	0.32973
1.4343	0.32962
1.4348	0.32956
1.4351	0.32949
1.4355	0.32937
1.4359	0.32927
1.4363	0.32918
1.4367	0.32910
1.4371	0.32903
1.4375	0.32899
1.4379	0.32889
1.4383	0.32885
1.4387	0.32878
1.4391	0.32860
1.4395	0.32849
1.4399	0.32842
1.4403	0.32828
1.4407	0.32821
1.4411	0.32814
1.4415	0.32800
1.4419	0.32785
1.4423	0.32775
1.4427	0.32766
1.4431	0.32750
1.4435	0.32738
1.4439	0.32733
1.4443	0.32729
1.4447	0.32724
1.4451	0.32708
1.4456	0.32703
1.4459	0.32718
1.4463	0.32732
1.4468	0.32736
1.4472	0.32741
1.4476	0.32755
1.448	0.32778
1.4484	0.32805
1.4488	0.32824
1.4492	0.32842
1.4496	0.32863
1.45	0.32883
1.4504	0.32911
1.4508	0.32941
1.4512	0.32978
1.4516	0.33006
1.452	0.33023
1.4524	0.33062
1.4528	0.33100
1.4532	0.33119
1.4537	0.33139
1.4541	0.33161
1.4545	0.33186
1.4549	0.33214
1.4553	0.33239
1.4557	0.33252
1.4561	0.33276
1.4565	0.33302
1.4569	0.33319
1.4573	0.33339
1.4577	0.33364
1.4582	0.33386
1.4586	0.33394
1.459	0.33402
1.4594	0.33422
1.4598	0.33450
1.4602	0.33470
1.4606	0.33475
1.461	0.33491
1.4614	0.33507
1.4618	0.33525
1.4623	0.33548
1.4627	0.33559
1.4631	0.33565
1.4635	0.33581
1.4639	0.33594
1.4643	0.33602
1.4647	0.33617
1.4652	0.33630
1.4656	0.33649
1.466	0.33677
1.4664	0.33687
1.4668	0.33681
1.4672	0.33691
1.4676	0.33708
1.4681	0.33712
1.4685	0.33727
1.4689	0.33751
1.4693	0.33764
1.4697	0.33781
1.4701	0.33794
1.4706	0.33806
1.471	0.33818
1.4714	0.33823
1.4718	0.33832
1.4722	0.33854
1.4726	0.33859
1.4731	0.33865
1.4735	0.33886
1.4739	0.33888
1.4743	0.33891
1.4747	0.33918
1.4752	0.33929
1.4756	0.33930
1.476	0.33945
1.4764	0.33966
1.4768	0.33977
1.4773	0.33983
1.4777	0.34004
1.4781	0.34021
1.4785	0.34024
1.4789	0.34021
1.4794	0.34030
1.4798	0.34037
1.4802	0.34047
1.4806	0.34064
1.4811	0.34069
1.4815	0.34072
1.4819	0.34078
1.4823	0.34081
1.4828	0.34094
1.4832	0.34105
1.4836	0.34109
1.484	0.34100
1.4844	0.34102
1.4849	0.34110
1.4853	0.34112
1.4857	0.34121
1.4862	0.34126
1.4866	0.34126
1.487	0.34135
1.4874	0.34145
1.4879	0.34149
1.4883	0.34156
1.4887	0.34159
1.4891	0.34163
1.4896	0.34173
1.49	0.34179
1.4904	0.34177
1.4908	0.34183
1.4913	0.34201
1.4917	0.34219
1.4921	0.34236
1.4926	0.34239
1.493	0.34248
1.4934	0.34268
1.4939	0.34282
1.4943	0.34290
1.4947	0.34300
1.4952	0.34331
1.4956	0.34352
1.496	0.34364
1.4964	0.34382
1.4969	0.34401
1.4973	0.34422
1.4977	0.34434
1.4982	0.34449
1.4986	0.34470
1.499	0.34488
1.4995	0.34507
1.4999	0.34528
1.5003	0.34550
1.5008	0.34568
1.5012	0.34582
1.5017	0.34603
1.5021	0.34622
1.5025	0.34639
1.5029	0.34651
1.5034	0.34668
1.5038	0.34685
1.5043	0.34701
1.5047	0.34719
1.5051	0.34735
1.5056	0.34748
1.506	0.34766
1.5064	0.34780
1.5069	0.34787
1.5073	0.34797
1.5078	0.34800
1.5082	0.34805
1.5086	0.34830
1.5091	0.34849
1.5095	0.34858
1.51	0.34865
1.5104	0.34885
1.5108	0.34900
1.5113	0.34903
1.5117	0.34913
1.5122	0.34922
1.5126	0.34941
1.513	0.34953
1.5135	0.34959
1.5139	0.34973
1.5144	0.34987
1.5148	0.34992
1.5153	0.34995
1.5157	0.35007
1.5161	0.35021
1.5166	0.35028
1.517	0.35031
1.5175	0.35032
1.5179	0.35043
1.5184	0.35050
1.5188	0.35060
1.5193	0.35077
1.5197	0.35087
1.5201	0.35092
1.5206	0.35100
1.521	0.35101
1.5215	0.35106
1.5219	0.35125
1.5224	0.35137
1.5228	0.35144
1.5233	0.35145
1.5237	0.35151
1.5242	0.35157
1.5246	0.35154
1.5251	0.35161
1.5255	0.35177
1.5259	0.35183
1.5264	0.35183
1.5268	0.35186
1.5273	0.35206
1.5278	0.35221
1.5282	0.35217
1.5287	0.35220
1.5291	0.35219
1.5296	0.35220
1.53	0.35236
1.5305	0.35248
1.5309	0.35248
1.5314	0.35250
1.5318	0.35259
1.5323	0.35265
1.5327	0.35271
1.5332	0.35275
1.5336	0.35275
1.5341	0.35278
1.5345	0.35290
1.535	0.35302
1.5354	0.35305
1.5359	0.35307
1.5363	0.35310
1.5368	0.35324
1.5373	0.35332
1.5377	0.35329
1.5382	0.35334
1.5386	0.35347
1.5391	0.35360
1.5396	0.35376
1.54	0.35380
1.5405	0.35385
1.5409	0.35390
1.5414	0.35404
1.5418	0.35415
1.5423	0.35416
1.5428	0.35426
1.5432	0.35436
1.5437	0.35445
1.5441	0.35460
1.5446	0.35485
1.5451	0.35496
1.5455	0.35502
1.546	0.35515
1.5464	0.35530
1.5469	0.35543
1.5474	0.35554
1.5478	0.35575
1.5483	0.35586
1.5488	0.35593
1.5492	0.35605
1.5497	0.35610
1.5501	0.35618
1.5506	0.35645
1.5511	0.35663
1.5515	0.35671
1.552	0.35681
1.5524	0.35692
1.5529	0.35709
1.5534	0.35724
1.5538	0.35731
1.5543	0.35743
1.5548	0.35759
1.5553	0.35764
1.5557	0.35771
1.5562	0.35793
1.5567	0.35810
1.5571	0.35815
1.5576	0.35819
1.5581	0.35836
1.5585	0.35847
1.559	0.35857
1.5595	0.35870
1.5599	0.35883
1.5604	0.35900
1.5609	0.35907
1.5613	0.35915
1.5618	0.35929
1.5623	0.35932
1.5628	0.35938
1.5632	0.35949
1.5637	0.35958
1.5642	0.35970
1.5646	0.35978
1.5651	0.35994
1.5656	0.36001
1.5661	0.36010
1.5665	0.36015
1.567	0.36025
1.5675	0.36041
1.5679	0.36058
1.5684	0.36068
1.5689	0.36063
1.5694	0.36063
1.5698	0.36075
1.5703	0.36099
1.5708	0.36106
1.5713	0.36115
1.5718	0.36123
1.5722	0.36124
1.5727	0.36130
1.5732	0.36144
1.5737	0.36160
1.5741	0.36168
1.5746	0.36172
1.5751	0.36182
1.5756	0.36196
1.5761	0.36196
1.5765	0.36199
1.577	0.36219
1.5775	0.36233
1.578	0.36232
1.5784	0.36231
1.5789	0.36240
1.5794	0.36256
1.5799	0.36257
1.5804	0.36254
1.5809	0.36272
1.5813	0.36282
1.5818	0.36286
1.5823	0.36296
1.5828	0.36304
1.5833	0.36300
1.5838	0.36304
1.5842	0.36318
1.5847	0.36329
1.5852	0.36329
1.5857	0.36331
1.5862	0.36341
1.5867	0.36348
1.5872	0.36356
1.5876	0.36373
1.5881	0.36380
1.5886	0.36383
1.5891	0.36383
1.5896	0.36395
1.5901	0.36404
1.5906	0.36403
1.591	0.36417
1.5915	0.36435
1.592	0.36435
1.5925	0.36436
1.593	0.36450
1.5935	0.36455
1.594	0.36451
1.5945	0.36460
1.595	0.36477
1.5954	0.36480
1.5959	0.36477
1.5964	0.36487
1.5969	0.36493
1.5974	0.36497
1.5979	0.36502
1.5984	0.36517
1.5989	0.36526
1.5994	0.36522
1.5999	0.36525
1.6004	0.36532
1.6009	0.36544
1.6014	0.36553
1.6019	0.36557
1.6023	0.36564
1.6028	0.36577
1.6033	0.36584
1.6038	0.36586
1.6043	0.36591
1.6048	0.36599
1.6053	0.36605
1.6058	0.36608
1.6063	0.36607
1.6068	0.36607
1.6073	0.36607
1.6078	0.36616
1.6083	0.36637
1.6088	0.36650
1.6093	0.36646
1.6098	0.36646
1.6103	0.36655
1.6108	0.36667
1.6113	0.36673
1.6118	0.36677
1.6123	0.36679
1.6128	0.36683
1.6133	0.36699
1.6138	0.36705
1.6143	0.36698
1.6148	0.36702
1.6153	0.36716
1.6158	0.36728
1.6163	0.36727
1.6168	0.36718
1.6173	0.36722
1.6178	0.36737
1.6184	0.36750
1.6189	0.36762
1.6194	0.36765
1.6199	0.36761
1.6204	0.36763
1.6209	0.36763
1.6214	0.36764
1.6219	0.36767
1.6224	0.36771
1.6229	0.36777
1.6234	0.36789
1.6239	0.36796
1.6244	0.36795
1.6249	0.36803
1.6255	0.36811
1.626	0.36816
1.6265	0.36817
1.627	0.36817
1.6275	0.36821
1.628	0.36825
1.6285	0.36841
1.629	0.36850
1.6296	0.36848
1.6301	0.36846
1.6306	0.36849
1.6311	0.36861
1.6316	0.36870
1.6321	0.36866
1.6326	0.36864
1.6331	0.36872
1.6337	0.36883
1.6342	0.36883
1.6347	0.36883
1.6352	0.36886
1.6357	0.36888
1.6362	0.36893
1.6368	0.36895
1.6373	0.36896
1.6378	0.36901
1.6383	0.36902
1.6388	0.36907
1.6393	0.36913
1.6398	0.36917
1.6404	0.36917
1.6409	0.36920
1.6414	0.36929
1.6419	0.36934
1.6424	0.36937
1.643	0.36942
1.6435	0.36952
1.644	0.36945
1.6445	0.36943
1.6451	0.36951
1.6456	0.36954
1.6461	0.36957
1.6466	0.36959
1.6472	0.36959
1.6477	0.36958
1.6482	0.36962
1.6487	0.36968
1.6492	0.36975
1.6498	0.36980
1.6503	0.36985
1.6508	0.36985
1.6513	0.36979
1.6519	0.36981
1.6524	0.36993
1.6529	0.37003
1.6534	0.37006
1.654	0.37005
1.6545	0.37007
1.655	0.37007
1.6556	0.37011
1.6561	0.37019
1.6566	0.37017
1.6572	0.37016
1.6577	0.37028
1.6582	0.37035
1.6587	0.37031
1.6593	0.37032
1.6598	0.37031
1.6603	0.37039
1.6609	0.37041
1.6614	0.37034
1.6619	0.37044
1.6625	0.37049
1.663	0.37049
1.6635	0.37062
1.6641	0.37070
1.6646	0.37064
1.6651	0.37060
1.6657	0.37059
1.6662	0.37068
1.6667	0.37072
1.6673	0.37065
1.6678	0.37064
1.6683	0.37072
1.6689	0.37075
1.6694	0.37067
1.67	0.37075
1.6705	0.37086
1.671	0.37088
1.6716	0.37082
1.6721	0.37080
1.6727	0.37083
1.6732	0.37084
1.6737	0.37088
1.6743	0.37089
1.6748	0.37083
1.6754	0.37085
1.6759	0.37095
1.6764	0.37099
1.677	0.37093
1.6775	0.37086
1.6781	0.37090
1.6786	0.37096
1.6792	0.37099
1.6797	0.37100
1.6802	0.37102
1.6808	0.37102
1.6813	0.37104
1.6819	0.37108
1.6824	0.37109
1.683	0.37106
1.6835	0.37106
1.6841	0.37105
1.6846	0.37102
1.6852	0.37105
1.6857	0.37106
1.6863	0.37106
1.6868	0.37106
1.6873	0.37109
1.6879	0.37104
1.6884	0.37101
1.689	0.37110
1.6896	0.37115
1.6901	0.37115
1.6907	0.37105
1.6912	0.37104
1.6918	0.37106
1.6923	0.37102
1.6929	0.37098
1.6934	0.37097
1.694	0.37096
1.6945	0.37088
1.6951	0.37087
1.6956	0.37092
1.6962	0.37092
1.6967	0.37092
1.6973	0.37092
1.6978	0.37091
1.6984	0.37090
1.699	0.37089
1.6995	0.37083
1.7001	0.37077
1.7006	0.37073
1.7012	0.37076
1.7018	0.37075
1.7023	0.37071
1.7029	0.37069
1.7034	0.37060
1.704	0.37061
1.7046	0.37059
1.7051	0.37059
1.7057	0.37049
1.7062	0.37040
1.7068	0.37034
1.7074	0.37030
1.7079	0.37026
1.7085	0.37026
1.709	0.37028
1.7096	0.37028
1.7102	0.37022
1.7107	0.37017
1.7113	0.37016
1.7119	0.37013
1.7124	0.37007
1.713	0.36990
1.7136	0.36982
1.7141	0.36981
1.7147	0.36980
1.7153	0.36977
1.7158	0.36972
1.7164	0.36955
1.717	0.36946
1.7175	0.36951
1.7181	0.36949
1.7187	0.36939
1.7192	0.36932
1.7198	0.36927
1.7204	0.36920
1.721	0.36905
1.7215	0.36894
1.7221	0.36891
1.7227	0.36885
1.7232	0.36878
1.7238	0.36870
1.7244	0.36864
1.725	0.36852
1.7255	0.36842
1.7261	0.36837
1.7267	0.36824
1.7273	0.36816
1.7278	0.36812
1.7284	0.36805
1.729	0.36797
1.7296	0.36783
1.7301	0.36770
1.7307	0.36763
1.7313	0.36757
1.7319	0.36745
1.7325	0.36743
1.733	0.36741
1.7336	0.36724
1.7342	0.36714
1.7348	0.36707
1.7354	0.36698
1.7359	0.36689
1.7365	0.36686
1.7371	0.36671
1.7377	0.36658
1.7383	0.36654
1.7388	0.36644
1.7394	0.36639
1.74	0.36631
1.7406	0.36618
1.7412	0.36607
1.7418	0.36606
1.7423	0.36598
1.7429	0.36596
1.7435	0.36593
1.7441	0.36584
1.7447	0.36578
1.7453	0.36571
1.7459	0.36559
1.7465	0.36557
1.7471	0.36559
1.7476	0.36564
1.7482	0.36562
1.7488	0.36561
1.7494	0.36562
1.75	0.36562
1.7506	0.36567
1.7512	0.36566
1.7518	0.36562
1.7524	0.36571
1.753	0.36580
1.7536	0.36585
1.7541	0.36594
1.7547	0.36595
1.7553	0.36602
1.7559	0.36609
1.7565	0.36620
1.7571	0.36624
1.7577	0.36630
1.7583	0.36637
1.7589	0.36649
1.7595	0.36656
1.7601	0.36649
1.7607	0.36651
1.7613	0.36660
1.7619	0.36672
1.7625	0.36672
1.7631	0.36673
1.7637	0.36688
1.7643	0.36696
1.7649	0.36699
1.7655	0.36702
1.7661	0.36707
1.7667	0.36712
1.7673	0.36719
1.7679	0.36718
1.7685	0.36719
1.7691	0.36721
1.7697	0.36717
1.7703	0.36715
1.7709	0.36716
1.7715	0.36717
1.7721	0.36723
1.7727	0.36721
1.7733	0.36718
1.7739	0.36725
1.7746	0.36728
1.7752	0.36730
1.7758	0.36729
1.7764	0.36723
1.777	0.36729
1.7776	0.36735
1.7782	0.36742
1.7788	0.36744
1.7794	0.36743
1.78	0.36745
1.7807	0.36748
1.7813	0.36751
1.7819	0.36749
1.7825	0.36758
1.7831	0.36767
1.7837	0.36762
1.7843	0.36769
1.7849	0.36785
1.7856	0.36790
1.7862	0.36792
1.7868	0.36796
1.7874	0.36799
1.788	0.36799
1.7886	0.36801
1.7893	0.36809
1.7899	0.36821
1.7905	0.36828
1.7911	0.36831
1.7917	0.36839
1.7923	0.36842
1.793	0.36846
1.7936	0.36856
1.7942	0.36858
1.7948	0.36861
1.7954	0.36867
1.7961	0.36872
1.7967	0.36876
1.7973	0.36870
1.7979	0.36874
1.7986	0.36879
1.7992	0.36883
1.7998	0.36890
1.8004	0.36900
1.8011	0.36903
1.8017	0.36904
1.8023	0.36905
1.8029	0.36914
1.8036	0.36905
1.8042	0.36893
1.8048	0.36901
1.8054	0.36910
1.8061	0.36910
1.8067	0.36914
1.8073	0.36922
1.808	0.36920
1.8086	0.36917
1.8092	0.36909
1.8099	0.36909
1.8105	0.36912
1.8111	0.36909
1.8118	0.36915
1.8124	0.36915
1.813	0.36909
1.8137	0.36910
1.8143	0.36916
1.8149	0.36918
1.8156	0.36917
1.8162	0.36916
1.8168	0.36908
1.8175	0.36901
1.8181	0.36910
1.8188	0.36914
1.8194	0.36909
1.82	0.36903
1.8207	0.36900
1.8213	0.36901
1.8219	0.36901
1.8226	0.36906
1.8232	0.36899
1.8239	0.36888
1.8245	0.36890
1.8252	0.36901
1.8258	0.36903
1.8264	0.36894
1.8271	0.36886
1.8277	0.36884
1.8284	0.36886
1.829	0.36893
1.8297	0.36886
1.8303	0.36876
1.831	0.36878
1.8316	0.36880
1.8323	0.36872
1.8329	0.36872
1.8336	0.36874
1.8342	0.36869
1.8348	0.36865
1.8355	0.36863
1.8361	0.36864
1.8368	0.36855
1.8374	0.36849
1.8381	0.36846
1.8388	0.36846
1.8394	0.36836
1.8401	0.36831
1.8407	0.36831
1.8414	0.36830
1.842	0.36833
1.8427	0.36835
1.8433	0.36820
1.844	0.36804
1.8446	0.36799
1.8453	0.36794
1.8459	0.36792
1.8466	0.36792
1.8473	0.36783
1.8479	0.36772
1.8486	0.36760
1.8492	0.36751
1.8499	0.36743
1.8506	0.36741
1.8512	0.36742
1.8519	0.36731
1.8526	0.36722
1.8532	0.36707
1.8539	0.36700
1.8545	0.36687
1.8552	0.36675
1.8559	0.36666
1.8565	0.36652
1.8572	0.36640
1.8579	0.36630
1.8585	0.36620
1.8592	0.36610
1.8599	0.36596
1.8605	0.36578
1.8612	0.36559
1.8619	0.36548
1.8625	0.36540
1.8632	0.36527
1.8639	0.36510
1.8645	0.36492
1.8652	0.36484
1.8659	0.36477
1.8666	0.36460
1.8672	0.36440
1.8679	0.36428
1.8686	0.36415
1.8692	0.36401
1.8699	0.36389
1.8706	0.36380
1.8713	0.36362
1.8719	0.36345
1.8726	0.36333
1.8733	0.36318
1.874	0.36300
1.8747	0.36288
1.8753	0.36265
1.876	0.36240
1.8767	0.36221
1.8774	0.36199
1.878	0.36178
1.8787	0.36152
1.8794	0.36124
1.8801	0.36097
1.8808	0.36074
1.8814	0.36047
1.8821	0.36008
1.8828	0.35984
1.8835	0.35971
1.8842	0.35939
1.8849	0.35900
1.8856	0.35859
1.8862	0.35817
1.8869	0.35784
1.8876	0.35754
1.8883	0.35712
1.889	0.35672
1.8897	0.35631
1.8904	0.35583
1.8911	0.35540
1.8918	0.35503
1.8924	0.35458
1.8931	0.35415
1.8938	0.35368
1.8945	0.35326
1.8952	0.35285
1.8959	0.35240
1.8966	0.35183
1.8973	0.35127
1.898	0.35079
1.8987	0.35036
1.8994	0.34984
1.9001	0.34928
1.9008	0.34878
1.9015	0.34830
1.9022	0.34776
1.9029	0.34714
1.9036	0.34656
1.9043	0.34605
1.905	0.34553
1.9057	0.34494
1.9064	0.34438
1.9071	0.34383
1.9078	0.34326
1.9085	0.34267
1.9092	0.34208
1.9099	0.34150
1.9106	0.34094
1.9113	0.34041
1.912	0.33987
1.9127	0.33924
1.9134	0.33856
1.9141	0.33793
1.9148	0.33734
1.9155	0.33676
1.9162	0.33614
1.9169	0.33543
1.9176	0.33471
1.9183	0.33405
1.9191	0.33343
1.9198	0.33275
1.9205	0.33202
1.9212	0.33128
1.9219	0.33052
1.9226	0.32980
1.9233	0.32901
1.924	0.32823
1.9248	0.32739
1.9255	0.32654
1.9262	0.32579
1.9269	0.32500
1.9276	0.32409
1.9283	0.32319
1.9291	0.32242
1.9298	0.32175
1.9305	0.32094
1.9312	0.32009
1.9319	0.31942
1.9327	0.31873
1.9334	0.31797
1.9341	0.31732
1.9348	0.31678
1.9355	0.31624
1.9363	0.31573
1.937	0.31534
1.9377	0.31506
1.9384	0.31477
1.9392	0.31446
1.9399	0.31426
1.9406	0.31409
1.9413	0.31388
1.9421	0.31367
1.9428	0.31359
1.9435	0.31359
1.9442	0.31353
1.945	0.31343
1.9457	0.31350
1.9464	0.31365
1.9472	0.31363
1.9479	0.31357
1.9486	0.31370
1.9494	0.31390
1.9501	0.31409
1.9508	0.31437
1.9516	0.31469
1.9523	0.31510
1.953	0.31566
1.9538	0.31631
1.9545	0.31701
1.9552	0.31776
1.956	0.31863
1.9567	0.31956
1.9575	0.32053
1.9582	0.32141
1.9589	0.32223
1.9597	0.32294
1.9604	0.32371
1.9612	0.32436
1.9619	0.32485
1.9626	0.32523
1.9634	0.32551
1.9641	0.32567
1.9649	0.32579
1.9656	0.32591
1.9664	0.32599
1.9671	0.32592
1.9679	0.32585
1.9686	0.32588
1.9693	0.32589
1.9701	0.32587
1.9708	0.32593
1.9716	0.32602
1.9723	0.32612
1.9731	0.32620
1.9738	0.32633
1.9746	0.32647
1.9753	0.32661
1.9761	0.32676
1.9769	0.32698
1.9776	0.32727
1.9784	0.32751
1.9791	0.32777
1.9799	0.32808
1.9806	0.32838
1.9814	0.32860
1.9822	0.32879
1.9829	0.32907
1.9837	0.32939
1.9844	0.32962
1.9852	0.32987
1.9859	0.33017
1.9867	0.33056
1.9875	0.33089
1.9882	0.33123
1.989	0.33173
1.9898	0.33228
1.9905	0.33286
1.9913	0.33352
1.9921	0.33430
1.9928	0.33512
1.9936	0.33597
1.9943	0.33684
1.9951	0.33776
1.9959	0.33875
1.9967	0.33972
1.9974	0.34064
1.9982	0.34160
1.999	0.34249
1.9997	0.34343
2.0005	0.34431
2.0013	0.34507
2.0021	0.34585
2.0028	0.34663
2.0036	0.34734
2.0044	0.34800
2.0052	0.34867
2.0059	0.34928
2.0067	0.34982
2.0075	0.35027
2.0083	0.35074
2.009	0.35122
2.0098	0.35165
2.0106	0.35205
2.0114	0.35253
2.0122	0.35290
2.0129	0.35317
2.0137	0.35348
2.0145	0.35383
2.0153	0.35413
2.0161	0.35439
2.0168	0.35470
2.0176	0.35496
2.0184	0.35514
2.0192	0.35540
2.02	0.35563
2.0208	0.35586
2.0216	0.35607
2.0223	0.35626
2.0231	0.35642
2.0239	0.35662
2.0247	0.35685
2.0255	0.35702
2.0263	0.35720
2.0271	0.35734
2.0279	0.35749
2.0287	0.35761
2.0295	0.35768
2.0303	0.35777
2.0311	0.35795
2.0319	0.35806
2.0327	0.35815
2.0335	0.35823
2.0343	0.35837
2.0351	0.35849
2.0358	0.35853
2.0367	0.35862
2.0374	0.35872
2.0383	0.35882
2.0391	0.35890
2.0399	0.35899
2.0407	0.35906
2.0415	0.35912
2.0423	0.35916
2.0431	0.35930
2.0439	0.35937
2.0447	0.35940
2.0455	0.35942
2.0463	0.35944
2.0471	0.35950
2.0479	0.35959
2.0487	0.35970
2.0495	0.35967
2.0504	0.35961
2.0512	0.35966
2.052	0.35968
2.0528	0.35972
2.0536	0.35972
2.0544	0.35969
2.0552	0.35967
2.056	0.35970
2.0569	0.35975
2.0577	0.35979
2.0585	0.35973
2.0593	0.35964
2.0601	0.35956
2.0609	0.35947
2.0618	0.35950
2.0626	0.35955
2.0634	0.35952
2.0642	0.35943
2.0651	0.35932
2.0659	0.35930
2.0667	0.35935
2.0675	0.35934
2.0683	0.35930
2.0692	0.35926
2.07	0.35926
2.0708	0.35928
2.0716	0.35927
2.0725	0.35927
2.0733	0.35924
2.0741	0.35922
2.075	0.35928
2.0758	0.35920
2.0766	0.35904
2.0775	0.35903
2.0783	0.35898
2.0791	0.35894
2.08	0.35898
2.0808	0.35899
2.0816	0.35901
2.0825	0.35894
2.0833	0.35880
2.0841	0.35880
2.085	0.35872
2.0858	0.35862
2.0866	0.35858
2.0875	0.35851
2.0883	0.35846
2.0892	0.35839
2.09	0.35837
2.0909	0.35832
2.0917	0.35821
2.0926	0.35819
2.0934	0.35813
2.0942	0.35797
2.0951	0.35789
2.0959	0.35782
2.0968	0.35774
2.0976	0.35771
2.0985	0.35761
2.0993	0.35746
2.1002	0.35739
2.101	0.35732
2.1019	0.35717
2.1027	0.35707
2.1036	0.35706
2.1044	0.35698
2.1053	0.35678
2.1061	0.35666
2.107	0.35662
2.1079	0.35652
2.1087	0.35637
2.1096	0.35617
2.1104	0.35609
2.1113	0.35600
2.1121	0.35582
2.113	0.35564
2.1139	0.35555
2.1147	0.35550
2.1156	0.35533
2.1165	0.35512
2.1173	0.35500
2.1182	0.35489
2.1191	0.35475
2.1199	0.35467
2.1208	0.35457
2.1217	0.35441
2.1225	0.35428
2.1234	0.35405
2.1243	0.35388
2.1251	0.35370
2.126	0.35344
2.1269	0.35329
2.1278	0.35327
2.1286	0.35320
2.1295	0.35305
2.1304	0.35292
2.1313	0.35275
2.1321	0.35255
2.133	0.35243
2.1339	0.35236
2.1348	0.35221
2.1356	0.35205
2.1365	0.35188
2.1374	0.35175
2.1383	0.35169
2.1392	0.35152
2.1401	0.35141
2.1409	0.35139
2.1418	0.35133
2.1427	0.35118
2.1436	0.35108
2.1445	0.35105
2.1454	0.35102
2.1463	0.35088
2.1471	0.35072
2.148	0.35063
2.1489	0.35051
2.1498	0.35041
2.1507	0.35039
2.1516	0.35034
2.1525	0.35023
2.1534	0.35013
2.1543	0.35004
2.1552	0.35002
2.1561	0.35000
2.157	0.34991
2.1579	0.34981
2.1588	0.34977
2.1597	0.34972
2.1606	0.34962
2.1615	0.34944
2.1624	0.34935
2.1633	0.34939
2.1642	0.34937
2.1651	0.34932
2.166	0.34919
2.1669	0.34904
2.1678	0.34895
2.1687	0.34888
2.1696	0.34879
2.1705	0.34871
2.1714	0.34860
2.1723	0.34849
2.1732	0.34844
2.1741	0.34844
2.1751	0.34842
2.176	0.34840
2.1769	0.34827
2.1778	0.34809
2.1787	0.34806
2.1796	0.34808
2.1806	0.34809
2.1815	0.34801
2.1824	0.34791
2.1833	0.34794
2.1842	0.34797
2.1851	0.34793
2.1861	0.34781
2.187	0.34770
2.1879	0.34760
2.1888	0.34755
2.1898	0.34748
2.1907	0.34733
2.1916	0.34719
2.1925	0.34711
2.1935	0.34698
2.1944	0.34679
2.1953	0.34658
2.1963	0.34642
2.1972	0.34632
2.1981	0.34614
2.1991	0.34593
2.2	0.34571
2.2009	0.34547
2.2019	0.34527
2.2028	0.34503
2.2037	0.34477
2.2047	0.34450
2.2056	0.34428
2.2065	0.34410
2.2075	0.34394
2.2084	0.34374
2.2094	0.34339
2.2103	0.34305
2.2112	0.34281
2.2122	0.34256
2.2131	0.34231
2.2141	0.34206
2.215	0.34184
2.216	0.34164
2.2169	0.34142
2.2179	0.34130
2.2188	0.34119
2.2198	0.34117
2.2207	0.34122
2.2217	0.34129
2.2226	0.34135
2.2236	0.34143
2.2245	0.34157
2.2255	0.34163
2.2264	0.34170
2.2274	0.34181
2.2284	0.34182
2.2293	0.34177
2.2303	0.34185
2.2312	0.34197
2.2322	0.34193
2.2331	0.34189
2.2341	0.34191
2.2351	0.34180
2.236	0.34164
2.237	0.34147
2.238	0.34136
2.2389	0.34118
2.2399	0.34101
2.2409	0.34082
2.2418	0.34062
2.2428	0.34040
2.2438	0.34010
2.2448	0.33979
2.2457	0.33948
2.2467	0.33912
2.2477	0.33875
2.2486	0.33845
2.2496	0.33817
2.2506	0.33772
2.2516	0.33720
2.2526	0.33674
2.2535	0.33631
2.2545	0.33578
2.2555	0.33521
2.2565	0.33469
2.2575	0.33418
2.2584	0.33367
2.2594	0.33310
2.2604	0.33248
2.2614	0.33180
2.2624	0.33112
2.2634	0.33046
2.2644	0.32991
2.2654	0.32937
2.2663	0.32887
2.2673	0.32834
2.2683	0.32783
2.2693	0.32746
2.2703	0.32712
2.2713	0.32683
2.2723	0.32661
2.2733	0.32642
2.2743	0.32631
2.2753	0.32617
2.2763	0.32597
2.2773	0.32583
2.2783	0.32575
2.2793	0.32557
2.2803	0.32542
2.2813	0.32527
2.2823	0.32498
2.2833	0.32477
2.2843	0.32452
2.2853	0.32411
2.2863	0.32372
2.2873	0.32327
2.2883	0.32277
2.2894	0.32216
2.2904	0.32165
2.2914	0.32124
2.2924	0.32095
2.2934	0.32077
2.2944	0.32060
2.2954	0.32042
2.2964	0.32011
2.2975	0.31976
2.2985	0.31935
2.2995	0.31890
2.3005	0.31847
2.3016	0.31800
2.3026	0.31751
2.3036	0.31693
2.3046	0.31627
2.3056	0.31564
2.3067	0.31499
2.3077	0.31423
2.3087	0.31352
2.3098	0.31280
2.3108	0.31202
2.3118	0.31133
2.3128	0.31074
2.3139	0.31030
2.3149	0.31009
2.3159	0.31000
2.317	0.31001
2.318	0.31000
2.3191	0.30991
2.3201	0.30976
2.3211	0.30961
2.3222	0.30945
2.3232	0.30931
2.3243	0.30927
2.3253	0.30937
2.3263	0.30959
2.3274	0.31000
2.3284	0.31045
2.3295	0.31095
2.3305	0.31145
2.3316	0.31201
2.3326	0.31267
2.3337	0.31337
2.3347	0.31411
2.3358	0.31491
2.3368	0.31578
2.3379	0.31665
2.3389	0.31750
2.34	0.31836
2.341	0.31929
2.3421	0.32021
2.3431	0.32109
2.3442	0.32201
2.3453	0.32289
2.3463	0.32378
2.3474	0.32476
2.3485	0.32577
2.3495	0.32678
2.3506	0.32783
2.3517	0.32889
2.3527	0.32990
2.3538	0.33083
2.3549	0.33162
2.3559	0.33241
2.357	0.33331
2.3581	0.33407
2.3591	0.33466
2.3602	0.33524
2.3613	0.33571
2.3624	0.33603
2.3634	0.33623
2.3645	0.33643
2.3656	0.33661
2.3667	0.33669
2.3678	0.33657
2.3689	0.33642
2.3699	0.33627
2.371	0.33608
2.3721	0.33584
2.3732	0.33553
2.3743	0.33524
2.3754	0.33489
2.3764	0.33447
2.3775	0.33403
2.3786	0.33351
2.3797	0.33291
2.3808	0.33234
2.3819	0.33177
2.383	0.33113
2.3841	0.33046
2.3852	0.32994
2.3863	0.32941
2.3874	0.32874
2.3885	0.32806
2.3896	0.32734
2.3907	0.32663
2.3918	0.32595
2.3929	0.32530
2.394	0.32464
2.3951	0.32404
2.3962	0.32336
2.3973	0.32262
2.3984	0.32201
2.3995	0.32132
2.4006	0.32060
2.4018	0.31997
2.4029	0.31936
2.404	0.31882
2.4051	0.31823
2.4062	0.31760
2.4073	0.31697
2.4085	0.31635
2.4096	0.31574
2.4107	0.31524
2.4118	0.31472
2.4129	0.31414
2.4141	0.31358
2.4152	0.31306
2.4163	0.31250
2.4174	0.31190
2.4186	0.31137
2.4197	0.31095
2.4208	0.31034
2.422	0.30963
2.4231	0.30894
2.4242	0.30824
2.4254	0.30749
2.4265	0.30670
2.4276	0.30595
2.4288	0.30527
2.4299	0.30454
2.4311	0.30383
2.4322	0.30317
2.4333	0.30241
2.4345	0.30153
2.4356	0.30071
2.4368	0.29997
2.4379	0.29921
2.4391	0.29851
2.4402	0.29778
2.4414	0.29702
2.4425	0.29623
2.4436	0.29539
2.4448	0.29454
2.4459	0.29366
2.4471	0.29273
2.4483	0.29179
2.4494	0.29080
2.4506	0.28977
2.4517	0.28877
2.4529	0.28789
2.4541	0.28705
2.4552	0.28615
2.4564	0.28523
2.4576	0.28429
2.4587	0.28349
2.4599	0.28274
2.4611	0.28195
2.4622	0.28114
2.4634	0.28039
2.4646	0.27977
2.4657	0.27919
2.4669	0.27861
2.4681	0.27806
2.4693	0.27751
2.4704	0.27701
2.4716	0.27646
2.4728	0.27598
2.474	0.27561
2.4751	0.27522
2.4763	0.27473
2.4775	0.27432
2.4787	0.27395
2.4799	0.27347
2.4811	0.27293
2.4823	0.27235
2.4834	0.27178
2.4846	0.27112
2.4858	0.27029
2.487	0.26947
2.4882	0.26861
2.4894	0.26764
2.4906	0.26664
2.4918	0.26564
2.493	0.26471
2.4942	0.26377
2.4954	0.26285
2.4966	0.26200
2.4978	0.26118
2.499	0.26029
2.5002	0.25950
2.5014	0.25881
2.5026	0.25812
2.5038	0.25742
2.505	0.25668
2.5063	0.25601
2.5075	0.25526
2.5087	0.25449
2.5099	0.25390
2.5111	0.25324
2.5123	0.25257
2.5135	0.25199
2.5148	0.25144
2.516	0.25096
2.5172	0.25066
2.5184	0.25050
2.5196	0.25047
2.5209	0.25060
2.5221	0.25076
2.5233	0.25111
2.5246	0.25165
2.5258	0.25230
2.527	0.25305
2.5282	0.25393
2.5295	0.25497
2.5307	0.25618
2.5319	0.25756
2.5332	0.25904
2.5344	0.26071
2.5357	0.26254
2.5369	0.26446
2.5381	0.26640
2.5394	0.26841
2.5406	0.27049
2.5419	0.27271
2.5431	0.27507
2.5444	0.27738
2.5456	0.27964
2.5469	0.28185
2.5481	0.28405
2.5494	0.28611
2.5506	0.28806
2.5519	0.28996
2.5531	0.29163
2.5544	0.29313
2.5556	0.29459
2.5569	0.29586
2.5582	0.29695
2.5594	0.29794
2.5607	0.29876
2.562	0.29943
2.5632	0.30001
2.5645	0.30050
2.5658	0.30101
2.567	0.30157
2.5683	0.30208
2.5696	0.30250
2.5709	0.30287
2.5721	0.30327
2.5734	0.30370
2.5747	0.30399
2.576	0.30429
2.5773	0.30462
2.5785	0.30489
2.5798	0.30511
2.5811	0.30532
2.5824	0.30555
2.5837	0.30571
2.585	0.30582
2.5862	0.30604
2.5875	0.30624
2.5888	0.30638
2.5901	0.30649
2.5914	0.30656
2.5927	0.30668
2.594	0.30682
2.5953	0.30693
2.5966	0.30696
2.5979	0.30690
2.5992	0.30688
2.6005	0.30691
2.6018	0.30692
2.6031	0.30690
2.6044	0.30691
2.6057	0.30693
2.6071	0.30686
2.6084	0.30679
2.6097	0.30676
2.611	0.30667
2.6123	0.30657
2.6136	0.30653
2.6149	0.30642
2.6163	0.30628
2.6176	0.30614
2.6189	0.30598
2.6202	0.30585
2.6216	0.30567
2.6229	0.30547
2.6242	0.30534
2.6255	0.30525
2.6269	0.30519
2.6282	0.30490
2.6295	0.30465
2.6309	0.30459
2.6322	0.30441
2.6335	0.30417
2.6349	0.30401
2.6362	0.30385
2.6376	0.30360
2.6389	0.30329
2.6402	0.30298
2.6416	0.30268
2.6429	0.30240
2.6443	0.30207
2.6456	0.30175
2.647	0.30140
2.6483	0.30100
2.6497	0.30050
2.651	0.30001
2.6524	0.29953
2.6538	0.29897
2.6551	0.29836
2.6565	0.29786
2.6578	0.29728
2.6592	0.29660
2.6606	0.29591
2.6619	0.29515
2.6633	0.29434
2.6647	0.29362
2.666	0.29275
2.6674	0.29179
2.6688	0.29087
2.6701	0.29005
2.6715	0.28907
2.6729	0.28802
2.6743	0.28702
2.6756	0.28604
2.677	0.28502
2.6784	0.28401
2.6798	0.28287
2.6812	0.28160
2.6826	0.28038
2.684	0.27911
2.6854	0.27783
2.6868	0.27647
2.6881	0.27505
2.6895	0.27362
2.6909	0.27217
2.6923	0.27060
2.6937	0.26919
2.6951	0.26788
2.6965	0.26652
2.6979	0.26512
2.6993	0.26380
2.7007	0.26251
2.7021	0.26104
2.7036	0.25923
2.705	0.25724
2.7064	0.25510
2.7078	0.25264
2.7092	0.24978
2.7106	0.24670
2.712	0.24364
2.7135	0.24063
2.7149	0.23698
2.7163	0.23181
2.7177	0.22457
2.7191	0.21749
2.7206	0.21423
2.722	0.21441
2.7234	0.21629
2.7249	0.21873
2.7263	0.21972
2.7277	0.21790
2.7292	0.21270
2.7306	0.20643
2.732	0.20323
2.7335	0.20346
2.7349	0.20550
2.7364	0.20725
2.7378	0.20728
2.7393	0.20594
2.7407	0.20365
2.7422	0.20025
2.7436	0.19527
2.7451	0.19143
2.7465	0.19107
2.748	0.19161
2.7494	0.19083
2.7509	0.18903
2.7523	0.18699
2.7538	0.18486
2.7553	0.18268
2.7567	0.18044
2.7582	0.17824
2.7597	0.17561
2.7611	0.17318
2.7626	0.17133
2.7641	0.16946
2.7656	0.16737
2.767	0.16536
2.7685	0.16354
2.77	0.16194
2.7715	0.16039
2.7729	0.15884
2.7744	0.15760
2.7759	0.15677
2.7774	0.15596
2.7789	0.15517
2.7804	0.15461
2.7819	0.15420
2.7834	0.15384
2.7849	0.15349
2.7864	0.15307
2.7879	0.15271
2.7894	0.15240
2.7909	0.15213
2.7924	0.15180
2.7939	0.15135
2.7954	0.15081
2.7969	0.15032
2.7984	0.14980
2.7999	0.14914
2.8014	0.14844
2.8029	0.14770
2.8044	0.14689
2.806	0.14622
2.8075	0.14564
2.809	0.14502
2.8105	0.14443
2.8121	0.14400
2.8136	0.14360
2.8151	0.14318
2.8166	0.14291
2.8182	0.14296
2.8197	0.14306
2.8212	0.14317
2.8228	0.14336
2.8243	0.14370
2.8258	0.14401
2.8274	0.14436
2.8289	0.14475
2.8305	0.14521
2.832	0.14574
2.8336	0.14628
2.8351	0.14676
2.8367	0.14728
2.8382	0.14773
2.8398	0.14804
2.8413	0.14848
2.8429	0.14891
2.8444	0.14919
2.846	0.14947
2.8476	0.14956
2.8491	0.14961
2.8507	0.14971
2.8523	0.14965
2.8538	0.14945
2.8554	0.14920
2.857	0.14898
2.8586	0.14871
2.8601	0.14843
2.8617	0.14828
2.8633	0.14817
2.8649	0.14821
2.8664	0.14830
2.868	0.14845
2.8696	0.14864
2.8712	0.14890
2.8728	0.14916
2.8744	0.14947
2.876	0.14981
2.8776	0.14996
2.8792	0.15015
2.8808	0.15037
2.8824	0.15034
2.884	0.15022
2.8856	0.15021
2.8872	0.15016
2.8888	0.15001
2.8904	0.14982
2.892	0.14959
2.8936	0.14918
2.8953	0.14874
2.8969	0.14846
2.8985	0.14805
2.9001	0.14757
2.9017	0.14713
2.9034	0.14662
2.905	0.14600
2.9066	0.14545
2.9083	0.14483
2.9099	0.14420
2.9115	0.14347
2.9131	0.14278
2.9148	0.14203
2.9164	0.14121
2.9181	0.14040
2.9197	0.13965
2.9214	0.13887
2.923	0.13803
2.9247	0.13701
2.9263	0.13588
2.928	0.13494
2.9296	0.13422
2.9313	0.13352
2.9329	0.13290
2.9346	0.13240
2.9363	0.13207
2.9379	0.13204
2.9396	0.13214
2.9412	0.13226
2.9429	0.13264
2.9446	0.13322
2.9463	0.13387
2.9479	0.13460
2.9496	0.13552
2.9513	0.13655
2.953	0.13754
2.9546	0.13850
2.9563	0.13949
2.958	0.14049
2.9597	0.14151
2.9614	0.14246
2.9631	0.14334
2.9648	0.14417
2.9665	0.14500
2.9682	0.14579
2.9699	0.14665
2.9716	0.14735
2.9733	0.14778
2.975	0.14826
2.9767	0.14876
2.9784	0.14926
2.9801	0.14966
2.9818	0.15000
2.9836	0.15028
2.9853	0.15064
2.987	0.15108
2.9887	0.15144
2.9904	0.15172
2.9922	0.15203
2.9939	0.15231
2.9956	0.15266
2.9974	0.15310
2.9991	0.15339
3.0008	0.15371
3.0026	0.15419
3.0043	0.15466
3.006	0.15503
3.0078	0.15540
3.0095	0.15562
3.0113	0.15583
3.013	0.15609
3.0148	0.15631
3.0165	0.15641
3.0183	0.15652
3.02	0.15668
3.0218	0.15690
3.0236	0.15698
3.0253	0.15696
3.0271	0.15705
3.0289	0.15711
3.0306	0.15719
3.0324	0.15724
3.0342	0.15718
3.036	0.15705
3.0377	0.15707
3.0395	0.15716
3.0413	0.15718
3.0431	0.15722
3.0449	0.15734
3.0467	0.15751
3.0484	0.15762
3.0502	0.15773
3.052	0.15790
3.0538	0.15804
3.0556	0.15820
3.0574	0.15829
3.0592	0.15839
3.0611	0.15835
3.0629	0.15818
3.0647	0.15798
3.0665	0.15787
3.0683	0.15764
3.0701	0.15720
3.0719	0.15666
3.0738	0.15612
3.0756	0.15549
3.0774	0.15486
3.0792	0.15435
3.0811	0.15406
3.0829	0.15402
3.0847	0.15413
3.0866	0.15446
3.0884	0.15494
3.0902	0.15577
3.0921	0.15674
3.0939	0.15764
3.0958	0.15849
3.0976	0.15939
3.0995	0.16039
3.1013	0.16148
3.1032	0.16244
3.105	0.16320
3.1069	0.16381
3.1088	0.16445
3.1106	0.16522
3.1125	0.16601
3.1144	0.16655
3.1162	0.16714
3.1181	0.16782
3.12	0.16844
3.1219	0.16912
3.1237	0.16982
3.1256	0.17036
3.1275	0.17084
3.1294	0.17114
3.1313	0.17137
3.1332	0.17177
3.1351	0.17238
3.137	0.17291
3.1389	0.17344
3.1408	0.17410
3.1427	0.17483
3.1446	0.17575
3.1465	0.17673
3.1484	0.17772
3.1503	0.17880
3.1522	0.18016
3.1541	0.18142
3.1561	0.18259
3.158	0.18389
3.1599	0.18515
3.1618	0.18635
3.1638	0.18755
3.1657	0.18869
3.1676	0.18968
3.1696	0.19060
3.1715	0.19144
3.1734	0.19215
3.1754	0.19275
3.1773	0.19327
3.1793	0.19374
3.1812	0.19424
3.1832	0.19465
3.1851	0.19502
3.1871	0.19526
3.1891	0.19540
3.191	0.19555
3.193	0.19583
3.1949	0.19617
3.1969	0.19630
3.1989	0.19643
3.2009	0.19662
3.2029	0.19658
3.2048	0.19649
3.2068	0.19656
3.2088	0.19666
3.2108	0.19676
3.2128	0.19673
3.2148	0.19653
3.2168	0.19624
3.2188	0.19605
3.2208	0.19584
3.2228	0.19547
3.2248	0.19511
3.2268	0.19463
3.2288	0.19410
3.2308	0.19376
3.2328	0.19332
3.2348	0.19271
3.2368	0.19202
3.2389	0.19128
3.2409	0.19057
3.2429	0.18977
3.2449	0.18890
3.247	0.18806
3.249	0.18696
3.251	0.18578
3.2531	0.18478
3.2551	0.18357
3.2572	0.18225
3.2592	0.18089
3.2613	0.17938
3.2633	0.17782
3.2654	0.17611
3.2674	0.17430
3.2695	0.17229
3.2716	0.17011
3.2736	0.16788
3.2757	0.16559
3.2778	0.16294
3.2798	0.15988
3.2819	0.15649
3.284	0.15267
3.2861	0.14817
3.2881	0.14294
3.2902	0.13685
3.2923	0.12985
3.2944	0.12158
3.2965	0.11201
3.2986	0.10154
3.3007	0.09115
3.3028	0.08217
3.3049	0.07555
3.307	0.07130
3.3091	0.06868
3.3112	0.06713
3.3134	0.06629
3.3155	0.06600
3.3176	0.06620
3.3197	0.06658
3.3219	0.06714
3.324	0.06775
3.3261	0.06809
3.3283	0.06817
3.3304	0.06804
3.3325	0.06769
3.3347	0.06698
3.3368	0.06599
3.339	0.06489
3.3411	0.06371
3.3433	0.06260
3.3454	0.06176
3.3476	0.06150
3.3498	0.06171
3.3519	0.06217
3.3541	0.06276
3.3563	0.06357
3.3584	0.06460
3.3606	0.06568
3.3628	0.06669
3.365	0.06788
3.3671	0.06914
3.3693	0.07037
3.3715	0.07159
3.3737	0.07276
3.3759	0.07375
3.3781	0.07454
3.3803	0.07482
3.3825	0.07455
3.3847	0.07392
3.3869	0.07302
3.3891	0.07220
3.3914	0.07170
3.3936	0.07124
3.3958	0.07086
3.398	0.07048
3.4003	0.06997
3.4025	0.06934
3.4047	0.06883
3.407	0.06839
3.4092	0.06805
3.4114	0.06767
3.4137	0.06725
3.4159	0.06684
3.4182	0.06640
3.4204	0.06587
3.4227	0.06522
3.425	0.06452
3.4272	0.06375
3.4295	0.06287
3.4318	0.06192
3.434	0.06094
3.4363	0.05973
3.4386	0.05829
3.4409	0.05713
3.4432	0.05602
3.4454	0.05494
3.4477	0.05398
3.45	0.05336
3.4523	0.05300
3.4546	0.05278
3.4569	0.05264
3.4592	0.05251
3.4616	0.05241
3.4639	0.05228
3.4662	0.05217
3.4685	0.05215
3.4708	0.05233
3.4731	0.05268
3.4755	0.05313
3.4778	0.05381
3.4801	0.05468
3.4825	0.05584
3.4848	0.05705
3.4872	0.05824
3.4895	0.05948
3.4919	0.06107
3.4942	0.06309
3.4966	0.06520
3.4989	0.06778
3.5013	0.07079
3.5036	0.07433
3.506	0.07854
3.5084	0.08323
3.5108	0.08857
3.5131	0.09451
3.5155	0.10094
3.5179	0.10814
3.5203	0.11605
3.5227	0.12432
3.5251	0.13268
3.5275	0.14103
3.5299	0.14920
3.5323	0.15696
3.5347	0.16403
3.5371	0.17030
3.5395	0.17557
3.5419	0.17959
3.5444	0.18255
3.5468	0.18438
3.5492	0.18554
3.5516	0.18726
3.5541	0.19050
3.5565	0.19494
3.559	0.20022
3.5614	0.20573
3.5639	0.21077
3.5663	0.21521
3.5688	0.21918
3.5712	0.22263
3.5737	0.22573
3.5761	0.22866
3.5786	0.23138
3.5811	0.23385
3.5836	0.23620
3.586	0.23844
3.5885	0.24054
3.591	0.24245
3.5935	0.24410
3.596	0.24548
3.5985	0.24686
3.601	0.24821
3.6035	0.24941
3.606	0.25034
3.6085	0.25111
3.611	0.25194
3.6135	0.25261
3.616	0.25323
3.6186	0.25397
3.6211	0.25472
3.6236	0.25533
3.6261	0.25584
3.6287	0.25622
3.6312	0.25661
3.6338	0.25709
3.6363	0.25751
3.6389	0.25766
3.6414	0.25771
3.644	0.25788
3.6466	0.25800
3.6491	0.25795
3.6517	0.25790
3.6543	0.25773
3.6569	0.25754
3.6594	0.25728
3.662	0.25702
3.6646	0.25674
3.6672	0.25634
3.6698	0.25588
3.6724	0.25542
3.675	0.25483
3.6776	0.25414
3.6802	0.25341
3.6828	0.25252
3.6854	0.25145
3.6881	0.25025
3.6907	0.24888
3.6933	0.24735
3.6959	0.24560
3.6986	0.24368
3.7012	0.24169
3.7039	0.23966
3.7065	0.23762
3.7092	0.23561
3.7118	0.23356
3.7145	0.23149
3.7171	0.22941
3.7198	0.22731
3.7225	0.22519
3.7252	0.22296
3.7278	0.22055
3.7305	0.21790
3.7332	0.21486
3.7359	0.21133
3.7386	0.20719
3.7413	0.20231
3.744	0.19639
3.7467	0.18920
3.7494	0.18077
3.7521	0.17144
3.7548	0.16165
3.7576	0.15188
3.7603	0.14256
3.763	0.13400
3.7657	0.12629
3.7685	0.11935
3.7712	0.11320
3.774	0.10768
3.7767	0.10267
3.7795	0.09807
3.7822	0.09375
3.785	0.08967
3.7877	0.08571
3.7905	0.08194
3.7933	0.07844
3.7961	0.07526
3.7988	0.07251
3.8016	0.07021
3.8044	0.06834
3.8072	0.06698
3.81	0.06626
3.8128	0.06619
3.8156	0.06662
3.8184	0.06745
3.8212	0.06861
3.8241	0.07006
3.8269	0.07177
3.8297	0.07366
3.8325	0.07569
3.8354	0.07783
3.8382	0.07993
3.8411	0.08177
3.8439	0.08323
3.8468	0.08387
3.8496	0.08310
3.8525	0.08064
3.8553	0.07685
3.8582	0.07255
3.8611	0.06860
3.8639	0.06550
3.8668	0.06327
3.8697	0.06173
3.8726	0.06064
3.8755	0.05990
3.8784	0.05928
3.8813	0.05867
3.8842	0.05818
3.8871	0.05777
3.89	0.05738
3.8929	0.05709
3.8959	0.05683
3.8988	0.05644
3.9017	0.05581
3.9047	0.05486
3.9076	0.05375
3.9106	0.05263
3.9135	0.05157
3.9165	0.05070
3.9194	0.04998
3.9224	0.04941
3.9254	0.04901
3.9284	0.04868
3.9313	0.04839
3.9343	0.04806
3.9373	0.04773
3.9403	0.04733
3.9433	0.04690
3.9463	0.04652
3.9493	0.04617
3.9523	0.04588
3.9553	0.04565
3.9583	0.04552
3.9614	0.04543
3.9644	0.04538
3.9674	0.04541
3.9705	0.04556
3.9735	0.04593
3.9766	0.04650
3.9796	0.04727
3.9826	0.04829
3.9857	0.04966
3.9888	0.05141
3.9919	0.05350
3.9949	0.05592
3.998	0.05860
4.0011	0.06150
4.0042	0.06471
4.0073	0.06829
4.0104	0.07219
4.0135	0.07641
4.0166	0.08086
4.0197	0.08546
4.0228	0.09023
4.0259	0.09529
4.0291	0.10053
4.0322	0.10592
4.0353	0.11145
4.0385	0.11702
4.0416	0.12264
4.0448	0.12827
4.0479	0.13379
4.0511	0.13916
4.0543	0.14432
4.0574	0.14928
4.0606	0.15400
4.0638	0.15851
4.067	0.16290
4.0702	0.16711
4.0734	0.17110
4.0766	0.17492
4.0798	0.17859
4.083	0.18206
4.0862	0.18530
4.0894	0.18835
4.0927	0.19119
4.0959	0.19387
4.0991	0.19633
4.1024	0.19861
4.1056	0.20072
4.1089	0.20263
4.1121	0.20434
4.1154	0.20590
4.1187	0.20733
4.122	0.20858
4.1252	0.20964
4.1285	0.21056
4.1318	0.21124
4.1351	0.21169
4.1384	0.21205
4.1417	0.21238
4.145	0.21265
4.1483	0.21297
4.1516	0.21353
4.155	0.21445
4.1583	0.21568
4.1616	0.21707
4.165	0.21841
4.1683	0.21961
4.1717	0.22058
4.175	0.22142
4.1784	0.22216
4.1818	0.22276
4.1852	0.22316
4.1885	0.22339
4.1919	0.22349
4.1953	0.22342
4.1987	0.22306
4.2021	0.22223
4.2055	0.22076
4.2089	0.21870
4.2124	0.21623
4.2158	0.21357
4.2192	0.21104
4.2226	0.20872
4.2261	0.20653
4.2295	0.20442
4.233	0.20229
4.2365	0.20003
4.2399	0.19762
4.2434	0.19516
4.2469	0.19268
4.2503	0.19024
4.2538	0.18786
4.2573	0.18551
4.2608	0.18307
4.2643	0.18061
4.2678	0.17842
4.2714	0.17671
4.2749	0.17545
4.2784	0.17450
4.2819	0.17391
4.2855	0.17378
4.289	0.17413
4.2926	0.17484
4.2961	0.17576
4.2997	0.17681
4.3033	0.17795
4.3068	0.17914
4.3104	0.18047
4.314	0.18196
4.3176	0.18368
4.3212	0.18568
4.3248	0.18788
4.3284	0.19003
4.332	0.19219
4.3356	0.19445
4.3393	0.19684
4.3429	0.19936
4.3465	0.20201
4.3502	0.20466
4.3538	0.20703
4.3575	0.20893
4.3611	0.21020
4.3648	0.21076
4.3685	0.21067
4.3722	0.21016
4.3759	0.20934
4.3796	0.20819
4.3833	0.20677
4.387	0.20521
4.3907	0.20356
4.3944	0.20186
4.3981	0.20012
4.4019	0.19827
4.4056	0.19624
4.4094	0.19403
4.4131	0.19172
4.4169	0.18938
4.4206	0.18707
4.4244	0.18483
4.4282	0.18276
4.432	0.18102
4.4358	0.17962
4.4396	0.17861
4.4434	0.17811
4.4472	0.17815
4.451	0.17867
4.4548	0.17965
4.4586	0.18112
4.4625	0.18294
4.4663	0.18489
4.4702	0.18691
4.474	0.18890
4.4779	0.19074
4.4818	0.19232
4.4856	0.19355
4.4895	0.19435
4.4934	0.19459
4.4973	0.19418
4.5012	0.19311
4.5051	0.19139
4.509	0.18906
4.513	0.18630
4.5169	0.18344
4.5208	0.18084
4.5248	0.17867
4.5287	0.17688
4.5327	0.17537
4.5367	0.17403
4.5406	0.17284
4.5446	0.17165
4.5486	0.17039
4.5526	0.16900
4.5566	0.16742
4.5606	0.16561
4.5646	0.16370
4.5686	0.16170
4.5727	0.15966
4.5767	0.15762
4.5808	0.15549
4.5848	0.15318
4.5889	0.15065
4.5929	0.14790
4.597	0.14508
4.6011	0.14239
4.6052	0.13995
4.6093	0.13791
4.6134	0.13628
4.6175	0.13512
4.6216	0.13429
4.6257	0.13369
4.6298	0.13328
4.634	0.13296
4.6381	0.13273
4.6423	0.13268
4.6464	0.13288
4.6506	0.13345
4.6548	0.13456
4.659	0.13632
4.6631	0.13890
4.6673	0.14238
4.6715	0.14679
4.6758	0.15197
4.68	0.15770
4.6842	0.16364
4.6884	0.16943
4.6927	0.17482
4.6969	0.17969
4.7012	0.18401
4.7055	0.18785
4.7097	0.19123
4.714	0.19420
4.7183	0.19679
4.7226	0.19900
4.7269	0.20091
4.7312	0.20273
4.7355	0.20462
4.7399	0.20666
4.7442	0.20884
4.7485	0.21111
4.7529	0.21344
4.7573	0.21576
4.7616	0.21801
4.766	0.22022
4.7704	0.22235
4.7748	0.22433
4.7792	0.22613
4.7836	0.22776
4.788	0.22923
4.7924	0.23053
4.7969	0.23172
4.8013	0.23283
4.8058	0.23381
4.8102	0.23468
4.8147	0.23553
4.8191	0.23633
4.8236	0.23702
4.8281	0.23763
4.8326	0.23819
4.8371	0.23870
4.8416	0.23918
4.8462	0.23961
4.8507	0.23997
4.8553	0.24029
4.8598	0.24061
4.8644	0.24091
4.8689	0.24117
4.8735	0.24142
4.8781	0.24165
4.8827	0.24186
4.8873	0.24205
4.8919	0.24224
4.8965	0.24241
4.9011	0.24255
4.9058	0.24266
4.9104	0.24274
4.9151	0.24278
4.9197	0.24281
4.9244	0.24276
4.9291	0.24269
4.9338	0.24260
4.9385	0.24249
4.9432	0.24235
4.9479	0.24214
4.9526	0.24187
4.9574	0.24156
4.9621	0.24115
4.9669	0.24058
4.9716	0.23994
4.9764	0.23947
4.9812	0.23936
4.986	0.23947
4.9908	0.23946
4.9956	0.23926
5.0004	0.23890
5.0052	0.23845
5.01	0.23787
5.0149	0.23713
5.0198	0.23623
5.0246	0.23507
5.0295	0.23350
5.0344	0.23143
5.0393	0.22858
5.0442	0.22466
5.0491	0.21930
5.054	0.21233
5.0589	0.20440
5.0639	0.19745
5.0688	0.19402
5.0738	0.19514
5.0788	0.19935
5.0837	0.20429
5.0887	0.20842
5.0937	0.21104
5.0987	0.21256
5.1037	0.21407
5.1088	0.21546
5.1138	0.21627
5.1189	0.21636
5.1239	0.21588
5.129	0.21513
5.1341	0.21426
5.1391	0.21336
5.1443	0.21244
5.1494	0.21139
5.1545	0.21020
5.1596	0.20882
5.1647	0.20729
5.1699	0.20561
5.175	0.20382
5.1802	0.20193
5.1854	0.19991
5.1906	0.19779
5.1958	0.19558
5.201	0.19332
5.2062	0.19108
5.2115	0.18880
5.2167	0.18648
5.222	0.18406
5.2272	0.18154
5.2325	0.17896
5.2378	0.17628
5.2431	0.17348
5.2484	0.17063
5.2537	0.16766
5.259	0.16458
5.2644	0.16148
5.2697	0.15837
5.2751	0.15527
5.2805	0.15221
5.2858	0.14928
5.2912	0.14646
5.2966	0.14378
5.302	0.14133
5.3075	0.13911
5.3129	0.13701
5.3184	0.13499
5.3238	0.13293
5.3293	0.13073
5.3348	0.12835
5.3403	0.12583
5.3458	0.12313
5.3513	0.12023
5.3568	0.11717
5.3624	0.11394
5.3679	0.11058
5.3735	0.10707
5.379	0.10338
5.3846	0.09959
5.3902	0.09576
5.3958	0.09184
5.4015	0.08775
5.4071	0.08344
5.4127	0.07890
5.4184	0.07422
5.4241	0.06935
5.4297	0.06435
5.4354	0.05932
5.4411	0.05430
5.4469	0.04939
5.4526	0.04475
5.4583	0.04052
5.4641	0.03687
5.4698	0.03386
5.4756	0.03167
5.4814	0.03019
5.4872	0.02921
5.493	0.02860
5.4988	0.02823
5.5047	0.02795
5.5105	0.02771
5.5164	0.02753
5.5223	0.02740
5.5281	0.02726
5.534	0.02716
5.54	0.02714
5.5459	0.02723
5.5518	0.02740
5.5578	0.02776
5.5637	0.02818
5.5697	0.02866
5.5757	0.02916
5.5817	0.02971
5.5877	0.03036
5.5937	0.03102
5.5998	0.03167
5.6058	0.03233
5.6119	0.03298
5.618	0.03355
5.6241	0.03398
5.6302	0.03427
5.6363	0.03455
5.6424	0.03476
5.6486	0.03482
5.6547	0.03478
5.6609	0.03465
5.6671	0.03452
5.6733	0.03438
5.6795	0.03419
5.6857	0.03394
5.692	0.03376
5.6982	0.03360
5.7045	0.03337
5.7108	0.03309
5.7171	0.03279
5.7234	0.03246
5.7297	0.03209
5.736	0.03164
5.7424	0.03117
5.7488	0.03073
5.7551	0.03032
5.7615	0.02996
5.768	0.02965
5.7744	0.02937
5.7808	0.02909
5.7873	0.02877
5.7937	0.02846
5.8002	0.02816
5.8067	0.02785
5.8132	0.02750
5.8197	0.02714
5.8263	0.02677
5.8328	0.02641
5.8394	0.02607
5.846	0.02571
5.8526	0.02529
5.8592	0.02486
5.8658	0.02441
5.8725	0.02394
5.8791	0.02345
5.8858	0.02297
5.8925	0.02246
5.8992	0.02193
5.9059	0.02131
5.9126	0.02069
5.9194	0.02008
5.9262	0.01952
5.9329	0.01903
5.9397	0.01864
5.9465	0.01834
5.9534	0.01815
5.9602	0.01792
5.9671	0.01770
5.974	0.01752
5.9808	0.01729
5.9878	0.01704
5.9947	0.01685
6.0016	0.01663
6.0086	0.01644
6.0155	0.01622
6.0225	0.01601
6.0295	0.01587
6.0365	0.01579
6.0436	0.01579
6.0506	0.01588
6.0577	0.01605
6.0648	0.01634
6.0719	0.01680
6.079	0.01753
6.0861	0.01840
6.0933	0.01953
6.1005	0.02094
6.1076	0.02264
6.1148	0.02469
6.1221	0.02723
6.1293	0.03016
6.1365	0.03351
6.1438	0.03720
6.1511	0.04117
6.1584	0.04524
6.1657	0.04950
6.1731	0.05418
6.1804	0.05946
6.1878	0.06510
6.1952	0.07081
6.2026	0.07619
6.21	0.08126
6.2175	0.08614
6.225	0.09120
6.2324	0.09668
6.2399	0.10279
6.2475	0.10933
6.255	0.11639
6.2625	0.12387
6.2701	0.13199
6.2777	0.14097
6.2853	0.15098
6.2929	0.16196
6.3006	0.17405
6.3083	0.18712
6.3159	0.20118
6.3236	0.21610
6.3314	0.23228
6.3391	0.25024
6.3469	0.27106
6.3546	0.29518
6.3624	0.32353
6.3703	0.35436
6.3781	0.38209
6.3859	0.40233
6.3938	0.41577
6.4017	0.42460
6.4096	0.43079
6.4176	0.43508
6.4255	0.43806
6.4335	0.44033
6.4415	0.44216
6.4495	0.44326
6.4575	0.44344
6.4656	0.44259
6.4736	0.44075
6.4817	0.43809
6.4898	0.43495
6.498	0.43105
6.5061	0.42654
6.5143	0.42181
6.5225	0.41680
6.5307	0.41136
6.5389	0.40577
6.5472	0.40026
6.5555	0.39487
6.5638	0.38937
6.5721	0.38378
6.5804	0.37771
6.5888	0.37136
6.5972	0.36475
6.6056	0.35767
6.614	0.35020
6.6225	0.34233
6.6309	0.33403
6.6394	0.32492
6.6479	0.31484
6.6565	0.30467
6.665	0.29540
6.6736	0.28741
6.6822	0.28061
6.6908	0.27466
6.6995	0.26952
6.7081	0.26521
6.7168	0.26141
6.7255	0.25797
6.7343	0.25478
6.743	0.25172
6.7518	0.24882
6.7606	0.24605
6.7694	0.24345
6.7783	0.24118
6.7871	0.23909
6.796	0.23704
6.805	0.23502
6.8139	0.23290
6.8229	0.23057
6.8319	0.22798
6.8409	0.22519
6.8499	0.22244
6.859	0.21979
6.868	0.21733
6.8772	0.21507
6.8863	0.21305
6.8955	0.21111
6.9046	0.20920
6.9138	0.20741
6.9231	0.20591
6.9323	0.20474
6.9416	0.20397
6.9509	0.20364
6.9602	0.20353
6.9696	0.20358
6.979	0.20375
6.9884	0.20400
6.9978	0.20422
7.0073	0.20422
7.0168	0.20392
7.0263	0.20318
7.0358	0.20161
7.0454	0.19881
7.0549	0.19414
7.0645	0.18711
7.0742	0.17802
7.0839	0.16852
7.0935	0.16072
7.1033	0.15486
7.113	0.14959
7.1228	0.14428
7.1326	0.13947
7.1424	0.13556
7.1522	0.13221
7.1621	0.12895
7.172	0.12579
7.182	0.12286
7.1919	0.12020
7.2019	0.11778
7.2119	0.11547
7.222	0.11336
7.232	0.11145
7.2421	0.10968
7.2523	0.10805
7.2624	0.10652
7.2726	0.10506
7.2828	0.10368
7.2931	0.10237
7.3033	0.10112
7.3136	0.09993
7.324	0.09883
7.3343	0.09778
7.3447	0.09672
7.3551	0.09569
7.3656	0.09472
7.3761	0.09376
7.3866	0.09283
7.3971	0.09192
7.4077	0.09104
7.4183	0.09020
7.4289	0.08937
7.4396	0.08858
7.4502	0.08784
7.461	0.08706
7.4717	0.08633
7.4825	0.08564
7.4933	0.08496
7.5041	0.08432
7.515	0.08372
7.5259	0.08314
7.5369	0.08262
7.5479	0.08211
7.5589	0.08162
7.5699	0.08114
7.581	0.08064
7.592	0.08014
7.6032	0.07966
7.6144	0.07921
7.6255	0.07871
7.6368	0.07821
7.648	0.07776
7.6593	0.07730
7.6707	0.07688
7.682	0.07647
7.6934	0.07605
7.7049	0.07564
7.7163	0.07528
7.7278	0.07495
7.7394	0.07466
7.7509	0.07432
7.7625	0.07406
7.7742	0.07388
7.7858	0.07379
7.7975	0.07372
7.8093	0.07365
7.8211	0.07360
7.8329	0.07362
7.8447	0.07361
7.8566	0.07356
7.8685	0.07348
7.8805	0.07328
7.8925	0.07299
7.9045	0.07276
7.9166	0.07257
7.9287	0.07239
7.9408	0.07224
7.953	0.07214
7.9652	0.07200
7.9775	0.07189
7.9898	0.07181
8.0021	0.07166
8.0145	0.07147
8.0269	0.07130
8.0393	0.07110
8.0518	0.07091
8.0643	0.07082
8.0769	0.07081
8.0895	0.07081
8.1021	0.07075
8.1148	0.07079
8.1275	0.07096
8.1403	0.07125
8.1531	0.07168
8.1659	0.07228
8.1788	0.07318
8.1917	0.07424
8.2047	0.07535
8.2177	0.07638
8.2307	0.07736
8.2438	0.07822
8.257	0.07898
8.2701	0.07963
8.2833	0.08025
8.2966	0.08078
8.3099	0.08125
8.3232	0.08164
8.3366	0.08191
8.35	0.08209
8.3635	0.08215
8.377	0.08200
8.3905	0.08176
8.4042	0.08165
8.4178	0.08166
8.4315	0.08177
8.4452	0.08199
8.459	0.08217
8.4728	0.08236
8.4867	0.08269
8.5006	0.08311
8.5145	0.08369
8.5285	0.08435
8.5426	0.08485
8.5567	0.08524
8.5708	0.08558
8.585	0.08585
8.5993	0.08609
8.6135	0.08648
8.6279	0.08695
8.6423	0.08739
8.6567	0.08774
8.6712	0.08799
8.6857	0.08809
8.7003	0.08810
8.7149	0.08814
8.7295	0.08815
8.7443	0.08816
8.759	0.08828
8.7739	0.08849
8.7887	0.08871
8.8037	0.08886
8.8186	0.08887
8.8337	0.08875
8.8487	0.08853
8.8638	0.08819
8.879	0.08779
8.8943	0.08744
8.9095	0.08714
8.9249	0.08683
8.9403	0.08655
8.9557	0.08628
8.9712	0.08610
8.9868	0.08587
9.0023	0.08551
9.018	0.08498
9.0337	0.08407
9.0495	0.08258
9.0653	0.08020
9.0812	0.07666
9.0971	0.07352
9.1131	0.07317
9.1291	0.07540
9.1452	0.07835
9.1614	0.08069
9.1776	0.08163
9.1939	0.08164
9.2102	0.08176
9.2266	0.08232
9.243	0.08312
9.2595	0.08375
9.2761	0.08400
9.2927	0.08399
9.3094	0.08397
9.3262	0.08408
9.343	0.08423
9.3598	0.08447
9.3768	0.08489
9.3938	0.08560
9.4108	0.08647
9.4279	0.08734
9.4451	0.08811
9.4623	0.08870
9.4796	0.08912
9.497	0.08947
9.5144	0.08958
9.5319	0.08919
9.5494	0.08823
9.567	0.08685
9.5847	0.08536
9.6025	0.08413
9.6203	0.08325
9.6382	0.08264
9.6561	0.08217
9.6742	0.08176
9.6922	0.08149
9.7104	0.08128
9.7286	0.08118
9.7469	0.08122
9.7652	0.08135
9.7837	0.08184
9.8022	0.08272
9.8207	0.08383
9.8394	0.08495
9.8581	0.08594
9.8768	0.08672
9.8957	0.08730
9.9146	0.08768
9.9336	0.08783
9.9527	0.08799
9.9718	0.08858
9.991	0.08930
10.0103	0.08982
10.0297	0.09008
10.0491	0.09008
10.0686	0.08992
10.0882	0.08980
10.1079	0.08976
10.1276	0.09003
10.1475	0.09042
10.1673	0.09084
10.1873	0.09129
10.2074	0.09161
10.2275	0.09179
10.2477	0.09205
10.268	0.09228
10.2884	0.09250
10.3088	0.09282
10.3294	0.09324
10.35	0.09373
10.3707	0.09422
10.3915	0.09467
10.4123	0.09497
10.4333	0.09496
10.4543	0.09456
10.4754	0.09383
10.4967	0.09319
10.5179	0.09275
10.5393	0.09244
10.5608	0.09228
10.5823	0.09229
10.604	0.09243
10.6257	0.09270
10.6475	0.09306
10.6694	0.09341
10.6914	0.09358
10.7135	0.09358
10.7357	0.09331
10.758	0.09294
10.7803	0.09269
10.8028	0.09252
10.8254	0.09224
10.848	0.09199
10.8708	0.09182
10.8936	0.09172
10.9165	0.09179
10.9395	0.09234
10.9627	0.09388
10.9859	0.09688
11.0092	0.10190
11.0327	0.10944
11.0562	0.12038
11.0798	0.13602
11.1035	0.15822
11.1274	0.18902
11.1513	0.22530
11.1753	0.24994
11.1995	0.25273
11.2237	0.24264
11.248	0.22735
11.2725	0.20851
11.2971	0.18529
11.3217	0.15824
11.3465	0.13092
11.3714	0.10980
11.3964	0.09591
11.4215	0.08840
11.4467	0.08504
11.472	0.08246
11.4974	0.08017
11.523	0.07871
11.5487	0.07785
11.5744	0.07781
11.6003	0.07843
11.6263	0.07974
11.6525	0.08090
11.6787	0.08024
11.7051	0.07554
11.7316	0.07217
11.7582	0.07264
11.7849	0.07537
11.8117	0.08173
11.8387	0.09080
11.8658	0.09978
11.893	0.10621
11.9203	0.11082
11.9478	0.11409
11.9754	0.11672
12.0031	0.11884
12.031	0.12059
12.059	0.12209
12.0871	0.12342
12.1153	0.12449
12.1437	0.12540
12.1722	0.12612
12.2008	0.12677
12.2296	0.12728
12.2585	0.12770
12.2876	0.12799
12.3168	0.12809
12.3461	0.12822
12.3755	0.12850
12.4052	0.12868
12.4349	0.12870
12.4648	0.12850
12.4948	0.12816
12.525	0.12778
12.5553	0.12717
12.5858	0.12630
12.6164	0.12537
12.6472	0.12422
12.6781	0.12294
12.7092	0.12178
12.7404	0.12067
12.7718	0.11981
12.8033	0.11925
12.835	0.11851
12.8669	0.11769
12.8989	0.11654
12.9311	0.11488
12.9634	0.11276
12.9959	0.11042
13.0285	0.10796
13.0613	0.10530
13.0943	0.10240
13.1275	0.09939
13.1608	0.09591
13.1943	0.09192
13.228	0.08752
13.2618	0.08278
13.2958	0.07768
13.33	0.07235
13.3643	0.06695
13.3989	0.06168
13.4336	0.05649
13.4685	0.05129
13.5035	0.04597
13.5388	0.04069
13.5742	0.03548
13.6099	0.03084
13.6457	0.03008
13.6817	0.03921
13.7179	0.05294
13.7543	0.05785
13.7908	0.05544
13.8276	0.05245
13.8646	0.05042
13.9018	0.04939
13.9391	0.04929
13.9767	0.05014
14.0145	0.05217
14.0525	0.05427
14.0907	0.05581
14.129	0.05770
14.1677	0.05963
14.2065	0.06153
14.2455	0.06332
14.2847	0.06474
14.3242	0.06600
14.3639	0.06714
14.4038	0.06800
14.4439	0.06876
14.4842	0.06961
14.5248	0.07047
14.5656	0.07120
14.6066	0.07171
14.6479	0.07194
14.6894	0.07186
14.7311	0.07128
14.7731	0.07035
14.8153	0.06901
14.8578	0.06746
14.9005	0.06574
14.9434	0.06375
14.9866	0.06186
15.03	0.06010
15.0737	0.05861
15.1177	0.05743
15.1619	0.05650
15.2063	0.05557
15.2511	0.05487
15.2961	0.05419
15.3413	0.05338
15.3868	0.05271
15.4327	0.05222
15.4787	0.05177
15.5251	0.05133
15.5717	0.05103
15.6186	0.05076
15.6658	0.05062
15.7132	0.05061
15.761	0.05053
15.809	0.05059
15.8574	0.05061
15.906	0.05049
15.955	0.05028
16.0042	0.05018
16.0538	0.05011
16.1036	0.05020
16.1538	0.05022
16.2043	0.05017
16.2551	0.05009
16.3062	0.05000
16.3576	0.04982
16.4094	0.04947
16.4615	0.04891
16.5139	0.04810
16.5667	0.04708
16.6198	0.04596
16.6732	0.04488
16.727	0.04362
16.7811	0.04239
16.8356	0.04140
16.8904	0.04042
16.9457	0.03934
17.0012	0.03821
17.0571	0.03754
17.1134	0.03685
17.1701	0.03603
17.2272	0.03544
17.2846	0.03478
17.3424	0.03412
17.4006	0.03355
17.4592	0.03309
17.5182	0.03273
17.5776	0.03228
17.6373	0.03169
17.6975	0.03116
17.7581	0.03075
17.8191	0.03018
17.8806	0.02973
17.9425	0.02950
18.0048	0.02904
18.0675	0.02845
18.1307	0.02787
18.1943	0.02732
18.2584	0.02662
18.3229	0.02618
18.3879	0.02592
18.4533	0.02523
18.5192	0.02473
18.5856	0.02436
18.6524	0.02400
18.7198	0.02364
18.7876	0.02321
18.8559	0.02267
18.9248	0.02248
18.9941	0.02190
19.0639	0.02128
19.1343	0.02119
19.2051	0.02089
19.2765	0.02139
19.3484	0.02138
19.4209	0.02086
19.4939	0.02210
19.5675	0.02322
19.6416	0.02352
19.7163	0.02330
19.7915	0.02350
19.8674	0.02399
19.9438	0.02466
20.0208	0.02511
20.0984	0.02582
20.1766	0.02502
20.2554	0.02446
20.3348	0.02526
20.4149	0.02554
20.4956	0.02518
20.5769	0.02613
20.6589	0.02829
20.7415	0.02907
20.8248	0.02894
20.9088	0.03041
20.9934	0.03274
21.0788	0.03494
21.1648	0.03815
21.2516	0.04241
21.339	0.04766
21.4272	0.05352
21.5161	0.06080
21.6058	0.07071
21.6962	0.08238
21.7873	0.09746
21.8793	0.11531
21.972	0.13573
22.0655	0.15990
22.1598	0.18819
22.2549	0.21864
22.3508	0.25083
22.4475	0.28552
22.5451	0.32374
22.6436	0.36288
22.7429	0.40314
22.8431	0.44555
22.9442	0.48801
23.0462	0.52865
23.1491	0.56906
23.2529	0.60680
23.3576	0.64058
23.4633	0.67255
23.5699	0.70408
23.6776	0.73084
23.7862	0.75475
23.8958	0.77827
24.0064	0.80077
24.1181	0.82155
24.2308	0.84069
24.3445	0.85939
24.4593	0.87619
24.5753	0.89112
24.6923	0.90594
24.8104	0.92033
24.9297	0.93270
25.0501	0.94215
25.1717	0.95043
25.2945	0.95767
25.4185	0.96422
25.5437	0.96908
25.6702	0.97150
25.7979	0.97335
25.9269	0.97340
26.0572	0.97319
26.1888	0.97335
26.3217	0.97120
26.456	0.96910
26.5917	0.96697
26.7288	0.96174
26.8672	0.95527
27.0072	0.95020
27.1486	0.94467
27.2915	0.93621
27.4359	0.92521
27.5818	0.91365
27.7293	0.89828
27.8784	0.88019
28.0291	0.85849
28.1814	0.83130
28.3354	0.80158
28.4911	0.76971
28.6485	0.73352
28.8077	0.69383
28.9686	0.65445
29.1313	0.61581
29.296	0.57799
29.4624	0.54536
29.6308	0.52224
29.8011	0.51087
29.9733	0.50645
30.1476	0.50356
30.3239	0.50126
30.5022	0.49827
30.6827	0.49468
30.8653	0.49177
31.0502	0.48378
31.2372	0.47121
31.4265	0.45728
31.6182	0.44758
31.8122	0.44243
32.0086	0.43765
32.2074	0.42697
32.4087	0.41117
32.6125	0.39399
32.8189	0.37667
33.0279	0.35905
33.2396	0.33934
33.4541	0.32118
33.6713	0.30503
33.8914	0.28901
34.1143	0.27409
34.3403	0.26149
34.5692	0.24961
34.8013	0.23958
35.0364	0.22849
35.2747	0.21696
35.5164	0.20572
35.7613	0.19649
36.0096	0.18678
36.2614	0.17558
36.5167	0.16965
36.7757	0.16770
37.0384	0.17363
37.3049	0.19359
37.5752	0.22081
37.8495	0.24201
38.1278	0.25312
38.4103	0.25681
38.6969	0.25001
38.9879	0.23801
39.2832	0.22699
39.5831	0.21514
39.8876	0.20153
40.1968	0.19450
40.5108	0.18827
40.8298	0.18158
41.1538	0.17204
41.483	0.16536
41.8176	0.15954
42.1575	0.15235
42.5031	0.15066
42.8544	0.14705
43.2116	0.14384
43.5747	0.14026
43.944	0.13693
44.3196	0.13564
44.7016	0.13163
45.0903	0.12467
45.4858	0.11819
45.8883	0.11659
46.298	0.11776
46.7151	0.11264
47.1398	0.10456
47.5723	0.09811
48.0128	0.09422
48.4616	0.09454
48.9188	0.09233
49.3847	0.08757
49.8595	0.08277
50.3436	0.08317
50.8372	0.07985
51.3405	0.09052
51.8538	0.10702
52.3776	0.12186
52.912	0.14029
53.4575	0.15804
54.0144	0.16782
54.5829	0.16943
55.1636	0.16159
55.7569	0.14962
56.363	0.13506
56.9823	0.11526
57.6155	0.09761
58.2628	0.10480
58.9249	0.14247
59.6022	0.20986
60.2951	0.27405
61.0044	0.32057
61.7307	0.36412
62.4744	0.39917
63.2363	0.41910
64.017	0.42668
64.8172	0.43360
65.6379	0.43004
66.4794	0.40131
67.3428	0.36432
68.2289	0.34042
69.1386	0.31741
70.0729	0.29162
71.0328	0.27154
72.0191	0.25767
73.0335	0.25799
74.0768	0.24869
75.1504	0.23838
76.2555	0.25582
77.3937	0.26402
78.5663	0.27369
79.7754	0.27747
81.0219	0.26996
82.3079	0.27899
83.6355	0.27114
85.0065	0.27693
86.4233	0.29587
87.8881	0.30432
89.4031	0.30687
90.9715	0.29792
92.596	0.28938
94.2796	0.30274
96.0255	0.31133
97.8373	0.30951
99.7188	0.28402
