Brown University Keck/NASA Relab Spectrum LF-NEB-004/BKR1LF004
Wavelength(micron)	Reflectance
0.3	0.59856
0.305	0.60085
0.31	0.59921
0.315	0.60361
0.32	0.60466
0.325	0.60967
0.33	0.61282
0.335	0.61600
0.34	0.62112
0.345	0.62467
0.35	0.62696
0.355	0.62898
0.36	0.63165
0.365	0.63347
0.37	0.63642
0.375	0.63877
0.38	0.64274
0.385	0.64652
0.39	0.65753
0.395	0.66034
0.4	0.66246
0.405	0.66477
0.41	0.66675
0.415	0.66942
0.42	0.67219
0.425	0.67490
0.43	0.67769
0.435	0.68030
0.44	0.68300
0.445	0.68532
0.45	0.68731
0.455	0.68920
0.46	0.68971
0.465	0.69201
0.47	0.69363
0.475	0.69512
0.48	0.69531
0.485	0.69552
0.49	0.69686
0.495	0.69922
0.5	0.70089
0.505	0.70370
0.51	0.70495
0.515	0.70682
0.52	0.70883
0.525	0.71107
0.53	0.71162
0.535	0.71335
0.54	0.71519
0.545	0.71669
0.55	0.71840
0.555	0.72002
0.56	0.72166
0.565	0.72429
0.57	0.72406
0.575	0.72613
0.58	0.72804
0.585	0.72885
0.59	0.72915
0.595	0.73005
0.6	0.73111
0.605	0.73124
0.61	0.73123
0.615	0.73143
0.62	0.73155
0.625	0.73187
0.63	0.73123
0.635	0.73131
0.64	0.73077
0.645	0.73108
0.65	0.73136
0.655	0.73102
0.66	0.73065
0.665	0.73097
0.67	0.73129
0.675	0.73038
0.68	0.73015
0.685	0.73035
0.69	0.73054
0.695	0.73015
0.7	0.72901
0.705	0.72923
0.71	0.72903
0.715	0.72814
0.72	0.72762
0.725	0.72784
0.73	0.72743
0.735	0.72676
0.74	0.72683
0.745	0.72651
0.75	0.72535
0.755	0.72388
0.76	0.72281
0.765	0.72103
0.77	0.72092
0.775	0.72107
0.78	0.71994
0.785	0.72163
0.79	0.72158
0.795	0.72132
0.8	0.72149
0.805	0.72137
0.81	0.72217
0.815	0.72217
0.82	0.72152
0.825	0.72186
0.83	0.71931
0.835	0.71952
0.84	0.71899
0.845	0.71868
0.85	0.71823
0.855	0.71907
0.86	0.71939
0.865	0.71955
0.87	0.71982
0.875	0.72042
0.88	0.72063
0.885	0.72084
0.89	0.72070
0.895	0.71995
0.9	0.71869
0.9002	0.71868
0.9003	0.72070
0.9005	0.72129
0.9007	0.71953
0.9008	0.71875
0.901	0.71945
0.9011	0.71884
0.9013	0.71890
0.9014	0.71999
0.9016	0.71927
0.9018	0.71924
0.9019	0.72025
0.9021	0.71997
0.9022	0.71952
0.9024	0.71995
0.9025	0.71957
0.9027	0.71885
0.9028	0.71853
0.903	0.71856
0.9032	0.71794
0.9033	0.71768
0.9035	0.71856
0.9036	0.71925
0.9038	0.71994
0.904	0.71981
0.9041	0.72048
0.9043	0.72218
0.9044	0.72112
0.9046	0.71950
0.9047	0.72002
0.9049	0.72008
0.905	0.72052
0.9052	0.71979
0.9054	0.71932
0.9055	0.71984
0.9057	0.71840
0.9058	0.71856
0.906	0.71837
0.9062	0.71846
0.9063	0.71962
0.9065	0.71982
0.9066	0.71973
0.9068	0.71963
0.907	0.71899
0.9071	0.71863
0.9073	0.71992
0.9074	0.72050
0.9076	0.71946
0.9077	0.71867
0.9079	0.72037
0.9081	0.72214
0.9082	0.72036
0.9084	0.71811
0.9085	0.71820
0.9087	0.71918
0.9089	0.72006
0.909	0.72103
0.9092	0.72165
0.9093	0.72116
0.9095	0.72024
0.9097	0.72049
0.9098	0.72002
0.91	0.71996
0.9101	0.72081
0.9103	0.72077
0.9105	0.71885
0.9106	0.71822
0.9108	0.71944
0.9109	0.72190
0.9111	0.72211
0.9113	0.72142
0.9114	0.72032
0.9116	0.71959
0.9117	0.71927
0.9119	0.72013
0.9121	0.72074
0.9122	0.72043
0.9124	0.71984
0.9125	0.71991
0.9127	0.72084
0.9129	0.72209
0.913	0.72121
0.9132	0.71947
0.9133	0.71959
0.9135	0.71987
0.9137	0.71998
0.9138	0.71964
0.914	0.71941
0.9142	0.71993
0.9143	0.71957
0.9145	0.71812
0.9146	0.71795
0.9148	0.71915
0.915	0.71988
0.9151	0.71986
0.9153	0.72049
0.9154	0.72066
0.9156	0.71966
0.9158	0.71946
0.9159	0.71900
0.9161	0.71870
0.9163	0.71910
0.9164	0.72060
0.9166	0.72114
0.9167	0.71970
0.9169	0.71786
0.9171	0.71807
0.9172	0.71849
0.9174	0.71841
0.9175	0.71932
0.9177	0.71978
0.9179	0.71874
0.918	0.71786
0.9182	0.71845
0.9184	0.72008
0.9185	0.72084
0.9187	0.72025
0.9188	0.71983
0.919	0.71947
0.9192	0.72000
0.9193	0.72005
0.9195	0.72035
0.9197	0.72054
0.9198	0.71897
0.92	0.71846
0.9202	0.71895
0.9203	0.71951
0.9205	0.71909
0.9206	0.71772
0.9208	0.71785
0.921	0.71852
0.9211	0.71887
0.9213	0.71947
0.9215	0.71939
0.9216	0.71841
0.9218	0.71817
0.922	0.71878
0.9221	0.71943
0.9223	0.71959
0.9224	0.72006
0.9226	0.71905
0.9228	0.71735
0.9229	0.71793
0.9231	0.71886
0.9233	0.71918
0.9234	0.71942
0.9236	0.72020
0.9238	0.71894
0.9239	0.71785
0.9241	0.71826
0.9243	0.71842
0.9244	0.71840
0.9246	0.71836
0.9247	0.71755
0.9249	0.71713
0.9251	0.71824
0.9252	0.71967
0.9254	0.71964
0.9256	0.71917
0.9257	0.71896
0.9259	0.71921
0.9261	0.71949
0.9262	0.71869
0.9264	0.71819
0.9266	0.71735
0.9267	0.71821
0.9269	0.71957
0.9271	0.71977
0.9272	0.71925
0.9274	0.71880
0.9276	0.71924
0.9277	0.71993
0.9279	0.71918
0.928	0.71781
0.9282	0.71770
0.9284	0.71815
0.9285	0.71810
0.9287	0.71810
0.9289	0.71686
0.929	0.71579
0.9292	0.71680
0.9294	0.71796
0.9295	0.71804
0.9297	0.71785
0.9299	0.71814
0.93	0.71879
0.9302	0.71982
0.9304	0.72009
0.9305	0.71865
0.9307	0.71727
0.9309	0.71736
0.931	0.71830
0.9312	0.71799
0.9314	0.71747
0.9316	0.71802
0.9317	0.71767
0.9319	0.71620
0.9321	0.71598
0.9322	0.71757
0.9324	0.71845
0.9326	0.71821
0.9327	0.71836
0.9329	0.71793
0.9331	0.71756
0.9332	0.71793
0.9334	0.71777
0.9336	0.71771
0.9337	0.71896
0.9339	0.71934
0.9341	0.71927
0.9342	0.71960
0.9344	0.71933
0.9346	0.71855
0.9348	0.71762
0.9349	0.71690
0.9351	0.71722
0.9353	0.71718
0.9354	0.71655
0.9356	0.71607
0.9358	0.71655
0.9359	0.71781
0.9361	0.71791
0.9363	0.71827
0.9364	0.71914
0.9366	0.71840
0.9368	0.71756
0.9369	0.71629
0.9371	0.71590
0.9373	0.71722
0.9375	0.71739
0.9376	0.71764
0.9378	0.71798
0.938	0.71782
0.9381	0.71764
0.9383	0.71741
0.9385	0.71645
0.9386	0.71724
0.9388	0.71779
0.939	0.71689
0.9392	0.71622
0.9393	0.71664
0.9395	0.71710
0.9397	0.71681
0.9398	0.71596
0.94	0.71638
0.9402	0.71650
0.9403	0.71718
0.9405	0.71789
0.9407	0.71811
0.9408	0.71747
0.941	0.71615
0.9412	0.71665
0.9414	0.71726
0.9415	0.71678
0.9417	0.71648
0.9419	0.71684
0.942	0.71707
0.9422	0.71745
0.9424	0.71796
0.9426	0.71814
0.9427	0.71784
0.9429	0.71777
0.9431	0.71736
0.9433	0.71684
0.9434	0.71647
0.9436	0.71627
0.9438	0.71626
0.9439	0.71690
0.9441	0.71711
0.9443	0.71743
0.9445	0.71743
0.9446	0.71709
0.9448	0.71756
0.945	0.71726
0.9451	0.71523
0.9453	0.71469
0.9455	0.71641
0.9457	0.71628
0.9458	0.71599
0.946	0.71782
0.9462	0.71826
0.9463	0.71725
0.9465	0.71630
0.9467	0.71667
0.9469	0.71775
0.947	0.71722
0.9472	0.71667
0.9474	0.71677
0.9476	0.71627
0.9477	0.71660
0.9479	0.71609
0.9481	0.71564
0.9483	0.71567
0.9484	0.71610
0.9486	0.71637
0.9488	0.71550
0.949	0.71593
0.9491	0.71738
0.9493	0.71767
0.9495	0.71741
0.9496	0.71673
0.9498	0.71696
0.95	0.71695
0.9502	0.71640
0.9503	0.71666
0.9505	0.71672
0.9507	0.71613
0.9509	0.71549
0.951	0.71525
0.9512	0.71580
0.9514	0.71565
0.9516	0.71597
0.9517	0.71719
0.9519	0.71687
0.9521	0.71586
0.9523	0.71633
0.9524	0.71668
0.9526	0.71625
0.9528	0.71599
0.953	0.71593
0.9531	0.71582
0.9533	0.71570
0.9535	0.71515
0.9537	0.71527
0.9538	0.71444
0.954	0.71428
0.9542	0.71520
0.9544	0.71554
0.9545	0.71584
0.9547	0.71594
0.9549	0.71588
0.9551	0.71667
0.9552	0.71588
0.9554	0.71532
0.9556	0.71635
0.9558	0.71558
0.956	0.71429
0.9561	0.71456
0.9563	0.71513
0.9565	0.71517
0.9567	0.71453
0.9568	0.71470
0.957	0.71518
0.9572	0.71457
0.9574	0.71436
0.9575	0.71424
0.9577	0.71422
0.9579	0.71468
0.9581	0.71438
0.9582	0.71422
0.9584	0.71397
0.9586	0.71361
0.9588	0.71332
0.959	0.71380
0.9591	0.71377
0.9593	0.71369
0.9595	0.71360
0.9597	0.71341
0.9598	0.71393
0.96	0.71411
0.9602	0.71372
0.9604	0.71335
0.9605	0.71378
0.9607	0.71486
0.9609	0.71526
0.9611	0.71442
0.9613	0.71366
0.9614	0.71341
0.9616	0.71326
0.9618	0.71322
0.962	0.71412
0.9622	0.71408
0.9623	0.71347
0.9625	0.71300
0.9627	0.71354
0.9629	0.71389
0.963	0.71346
0.9632	0.71286
0.9634	0.71230
0.9636	0.71239
0.9638	0.71288
0.9639	0.71262
0.9641	0.71237
0.9643	0.71243
0.9645	0.71235
0.9647	0.71231
0.9648	0.71164
0.965	0.71124
0.9652	0.71154
0.9654	0.71273
0.9656	0.71294
0.9657	0.71245
0.9659	0.71219
0.9661	0.71178
0.9663	0.71075
0.9665	0.71089
0.9666	0.71152
0.9668	0.71166
0.967	0.71175
0.9672	0.71128
0.9674	0.71138
0.9675	0.71105
0.9677	0.71051
0.9679	0.71083
0.9681	0.71081
0.9683	0.71034
0.9684	0.71028
0.9686	0.70975
0.9688	0.70913
0.969	0.70922
0.9692	0.70929
0.9693	0.70945
0.9695	0.70963
0.9697	0.70991
0.9699	0.71022
0.9701	0.71048
0.9703	0.71000
0.9704	0.70971
0.9706	0.71013
0.9708	0.71015
0.971	0.70935
0.9712	0.70841
0.9713	0.70862
0.9715	0.70931
0.9717	0.70933
0.9719	0.70901
0.9721	0.70788
0.9723	0.70727
0.9724	0.70738
0.9726	0.70775
0.9728	0.70747
0.973	0.70721
0.9732	0.70728
0.9733	0.70734
0.9735	0.70708
0.9737	0.70705
0.9739	0.70685
0.9741	0.70659
0.9743	0.70689
0.9745	0.70739
0.9746	0.70697
0.9748	0.70709
0.975	0.70685
0.9752	0.70634
0.9754	0.70604
0.9755	0.70605
0.9757	0.70601
0.9759	0.70596
0.9761	0.70604
0.9763	0.70579
0.9765	0.70519
0.9767	0.70556
0.9768	0.70561
0.977	0.70472
0.9772	0.70429
0.9774	0.70433
0.9776	0.70436
0.9778	0.70309
0.9779	0.70271
0.9781	0.70315
0.9783	0.70376
0.9785	0.70455
0.9787	0.70398
0.9789	0.70296
0.979	0.70327
0.9792	0.70366
0.9794	0.70283
0.9796	0.70181
0.9798	0.70207
0.98	0.70279
0.9802	0.70301
0.9803	0.70256
0.9805	0.70228
0.9807	0.70217
0.9809	0.70183
0.9811	0.70200
0.9813	0.70219
0.9815	0.70224
0.9817	0.70184
0.9818	0.70143
0.982	0.70159
0.9822	0.70147
0.9824	0.70118
0.9826	0.70082
0.9828	0.70044
0.983	0.70103
0.9831	0.70118
0.9833	0.70038
0.9835	0.70015
0.9837	0.70024
0.9839	0.70075
0.9841	0.70006
0.9843	0.69998
0.9844	0.70053
0.9846	0.70013
0.9848	0.70015
0.985	0.69998
0.9852	0.69983
0.9854	0.69987
0.9856	0.69943
0.9858	0.69923
0.9859	0.69958
0.9861	0.69938
0.9863	0.69902
0.9865	0.69932
0.9867	0.69938
0.9869	0.69882
0.9871	0.69805
0.9873	0.69864
0.9874	0.69933
0.9876	0.69879
0.9878	0.69835
0.988	0.69827
0.9882	0.69781
0.9884	0.69800
0.9886	0.69784
0.9888	0.69717
0.989	0.69667
0.9891	0.69717
0.9893	0.69753
0.9895	0.69706
0.9897	0.69664
0.9899	0.69649
0.9901	0.69652
0.9903	0.69656
0.9905	0.69631
0.9907	0.69585
0.9908	0.69627
0.991	0.69631
0.9912	0.69626
0.9914	0.69621
0.9916	0.69585
0.9918	0.69550
0.992	0.69520
0.9922	0.69525
0.9924	0.69548
0.9925	0.69532
0.9927	0.69497
0.9929	0.69515
0.9931	0.69497
0.9933	0.69471
0.9935	0.69525
0.9937	0.69566
0.9939	0.69461
0.9941	0.69401
0.9943	0.69454
0.9945	0.69480
0.9946	0.69433
0.9948	0.69452
0.995	0.69483
0.9952	0.69391
0.9954	0.69374
0.9956	0.69447
0.9958	0.69438
0.996	0.69411
0.9962	0.69420
0.9964	0.69438
0.9965	0.69444
0.9967	0.69422
0.9969	0.69389
0.9971	0.69455
0.9973	0.69476
0.9975	0.69456
0.9977	0.69462
0.9979	0.69446
0.9981	0.69467
0.9983	0.69435
0.9985	0.69468
0.9987	0.69487
0.9989	0.69513
0.999	0.69567
0.9992	0.69545
0.9994	0.69502
0.9996	0.69529
0.9998	0.69526
1	0.69506
1.0002	0.69569
1.0004	0.69597
1.0006	0.69556
1.0008	0.69557
1.001	0.69602
1.0012	0.69611
1.0014	0.69619
1.0016	0.69659
1.0018	0.69669
1.0019	0.69680
1.0021	0.69638
1.0023	0.69590
1.0025	0.69649
1.0027	0.69709
1.0029	0.69721
1.0031	0.69689
1.0033	0.69648
1.0035	0.69739
1.0037	0.69823
1.0039	0.69802
1.0041	0.69791
1.0043	0.69817
1.0045	0.69826
1.0047	0.69844
1.0049	0.69867
1.005	0.69902
1.0053	0.69841
1.0054	0.69836
1.0056	0.69902
1.0058	0.69992
1.006	0.70082
1.0062	0.70056
1.0064	0.70009
1.0066	0.70006
1.0068	0.69990
1.007	0.70001
1.0072	0.70024
1.0074	0.70055
1.0076	0.70068
1.0078	0.70100
1.008	0.70139
1.0082	0.70118
1.0084	0.70162
1.0086	0.70212
1.0088	0.70185
1.009	0.70179
1.0092	0.70181
1.0094	0.70172
1.0095	0.70166
1.0098	0.70125
1.01	0.70143
1.0101	0.70161
1.0103	0.70180
1.0105	0.70264
1.0107	0.70280
1.0109	0.70260
1.0111	0.70252
1.0113	0.70250
1.0115	0.70282
1.0117	0.70328
1.0119	0.70350
1.0121	0.70339
1.0123	0.70299
1.0125	0.70270
1.0127	0.70339
1.0129	0.70427
1.0131	0.70417
1.0133	0.70370
1.0135	0.70448
1.0137	0.70552
1.0139	0.70551
1.0141	0.70505
1.0143	0.70447
1.0145	0.70430
1.0147	0.70456
1.0149	0.70508
1.0151	0.70510
1.0153	0.70514
1.0155	0.70505
1.0157	0.70503
1.0159	0.70511
1.0161	0.70522
1.0163	0.70555
1.0165	0.70551
1.0167	0.70487
1.0169	0.70463
1.0171	0.70493
1.0173	0.70514
1.0175	0.70564
1.0177	0.70646
1.0179	0.70651
1.0181	0.70606
1.0183	0.70590
1.0185	0.70604
1.0187	0.70619
1.0189	0.70661
1.0191	0.70700
1.0193	0.70710
1.0195	0.70686
1.0197	0.70663
1.0199	0.70693
1.0201	0.70736
1.0203	0.70747
1.0205	0.70712
1.0207	0.70684
1.0209	0.70718
1.0211	0.70773
1.0213	0.70802
1.0215	0.70807
1.0217	0.70799
1.0219	0.70730
1.0221	0.70772
1.0223	0.70842
1.0225	0.70856
1.0227	0.70841
1.0229	0.70820
1.0231	0.70856
1.0233	0.70895
1.0235	0.70935
1.0237	0.70965
1.0239	0.70936
1.0241	0.70903
1.0243	0.70892
1.0245	0.70948
1.0247	0.70973
1.0249	0.70950
1.0251	0.70942
1.0253	0.70956
1.0255	0.70967
1.0257	0.70950
1.0259	0.70916
1.0261	0.70929
1.0263	0.70942
1.0265	0.70951
1.0268	0.70929
1.0269	0.70973
1.0272	0.71056
1.0274	0.71069
1.0276	0.71072
1.0278	0.71070
1.028	0.71065
1.0282	0.71035
1.0284	0.71069
1.0286	0.71109
1.0288	0.71174
1.029	0.71190
1.0292	0.71124
1.0294	0.71080
1.0296	0.71100
1.0298	0.71155
1.03	0.71146
1.0302	0.71129
1.0304	0.71168
1.0306	0.71201
1.0308	0.71163
1.031	0.71136
1.0312	0.71127
1.0314	0.71152
1.0317	0.71177
1.0318	0.71161
1.0321	0.71144
1.0323	0.71165
1.0325	0.71205
1.0327	0.71225
1.0329	0.71212
1.0331	0.71218
1.0333	0.71206
1.0335	0.71205
1.0337	0.71220
1.0339	0.71262
1.0341	0.71259
1.0343	0.71247
1.0345	0.71226
1.0347	0.71236
1.0349	0.71299
1.0352	0.71320
1.0354	0.71295
1.0356	0.71289
1.0358	0.71262
1.036	0.71225
1.0362	0.71193
1.0364	0.71220
1.0366	0.71268
1.0368	0.71278
1.037	0.71286
1.0372	0.71290
1.0374	0.71316
1.0376	0.71328
1.0378	0.71315
1.0381	0.71339
1.0383	0.71367
1.0385	0.71375
1.0387	0.71370
1.0389	0.71350
1.0391	0.71342
1.0393	0.71368
1.0395	0.71372
1.0397	0.71375
1.0399	0.71362
1.0401	0.71357
1.0403	0.71413
1.0406	0.71455
1.0408	0.71412
1.041	0.71336
1.0412	0.71333
1.0414	0.71375
1.0416	0.71357
1.0418	0.71363
1.042	0.71431
1.0422	0.71456
1.0424	0.71424
1.0426	0.71416
1.0428	0.71418
1.0431	0.71391
1.0433	0.71405
1.0435	0.71454
1.0437	0.71473
1.0439	0.71448
1.0441	0.71443
1.0443	0.71481
1.0445	0.71511
1.0448	0.71464
1.045	0.71454
1.0452	0.71469
1.0454	0.71457
1.0456	0.71441
1.0458	0.71424
1.046	0.71421
1.0462	0.71464
1.0464	0.71495
1.0466	0.71453
1.0469	0.71454
1.0471	0.71478
1.0473	0.71460
1.0475	0.71464
1.0477	0.71513
1.0479	0.71511
1.0481	0.71492
1.0483	0.71498
1.0486	0.71482
1.0488	0.71473
1.049	0.71498
1.0492	0.71468
1.0494	0.71446
1.0496	0.71482
1.0498	0.71502
1.05	0.71448
1.0503	0.71435
1.0505	0.71500
1.0507	0.71568
1.0509	0.71547
1.0511	0.71505
1.0513	0.71489
1.0515	0.71489
1.0517	0.71472
1.0519	0.71445
1.0522	0.71445
1.0524	0.71479
1.0526	0.71502
1.0528	0.71500
1.053	0.71493
1.0532	0.71513
1.0534	0.71545
1.0537	0.71502
1.0539	0.71467
1.0541	0.71480
1.0543	0.71497
1.0545	0.71519
1.0547	0.71483
1.0549	0.71472
1.0552	0.71540
1.0554	0.71592
1.0556	0.71578
1.0558	0.71534
1.056	0.71509
1.0562	0.71464
1.0564	0.71488
1.0567	0.71525
1.0569	0.71523
1.0571	0.71536
1.0573	0.71533
1.0575	0.71489
1.0578	0.71484
1.058	0.71489
1.0582	0.71512
1.0584	0.71505
1.0586	0.71489
1.0588	0.71480
1.059	0.71511
1.0593	0.71499
1.0595	0.71481
1.0597	0.71515
1.0599	0.71547
1.0601	0.71539
1.0603	0.71502
1.0606	0.71491
1.0608	0.71532
1.061	0.71516
1.0612	0.71507
1.0614	0.71518
1.0617	0.71547
1.0619	0.71516
1.0621	0.71476
1.0623	0.71468
1.0625	0.71514
1.0627	0.71527
1.0629	0.71489
1.0632	0.71486
1.0634	0.71513
1.0636	0.71508
1.0638	0.71452
1.064	0.71434
1.0643	0.71477
1.0645	0.71491
1.0647	0.71486
1.0649	0.71468
1.0651	0.71443
1.0653	0.71445
1.0656	0.71464
1.0658	0.71473
1.066	0.71464
1.0662	0.71462
1.0664	0.71433
1.0667	0.71418
1.0669	0.71447
1.0671	0.71492
1.0673	0.71502
1.0676	0.71463
1.0678	0.71476
1.068	0.71496
1.0682	0.71468
1.0684	0.71450
1.0687	0.71487
1.0689	0.71493
1.0691	0.71453
1.0693	0.71375
1.0695	0.71380
1.0698	0.71431
1.07	0.71471
1.0702	0.71474
1.0704	0.71437
1.0706	0.71381
1.0708	0.71364
1.0711	0.71410
1.0713	0.71429
1.0715	0.71418
1.0717	0.71415
1.072	0.71404
1.0722	0.71416
1.0724	0.71426
1.0726	0.71424
1.0728	0.71391
1.0731	0.71360
1.0733	0.71396
1.0735	0.71423
1.0737	0.71416
1.074	0.71387
1.0742	0.71392
1.0744	0.71393
1.0746	0.71387
1.0748	0.71395
1.0751	0.71421
1.0753	0.71423
1.0755	0.71391
1.0757	0.71360
1.076	0.71372
1.0762	0.71396
1.0764	0.71372
1.0766	0.71387
1.0769	0.71403
1.0771	0.71389
1.0773	0.71368
1.0775	0.71343
1.0778	0.71346
1.078	0.71388
1.0782	0.71392
1.0784	0.71381
1.0787	0.71364
1.0789	0.71303
1.0791	0.71301
1.0793	0.71321
1.0796	0.71315
1.0798	0.71306
1.08	0.71309
1.0802	0.71320
1.0804	0.71304
1.0807	0.71313
1.0809	0.71338
1.0811	0.71324
1.0813	0.71288
1.0816	0.71267
1.0818	0.71261
1.082	0.71289
1.0823	0.71294
1.0825	0.71279
1.0827	0.71260
1.0829	0.71251
1.0832	0.71283
1.0834	0.71274
1.0836	0.71260
1.0838	0.71272
1.0841	0.71282
1.0843	0.71239
1.0845	0.71204
1.0848	0.71242
1.085	0.71277
1.0852	0.71275
1.0854	0.71277
1.0857	0.71254
1.0859	0.71246
1.0861	0.71263
1.0863	0.71243
1.0866	0.71217
1.0868	0.71220
1.087	0.71205
1.0873	0.71232
1.0875	0.71279
1.0877	0.71216
1.0879	0.71170
1.0882	0.71185
1.0884	0.71195
1.0886	0.71196
1.0888	0.71202
1.0891	0.71219
1.0893	0.71204
1.0895	0.71158
1.0898	0.71120
1.09	0.71132
1.0902	0.71163
1.0904	0.71216
1.0907	0.71219
1.0909	0.71158
1.0911	0.71120
1.0914	0.71117
1.0916	0.71136
1.0918	0.71152
1.0921	0.71151
1.0923	0.71145
1.0925	0.71108
1.0928	0.71074
1.093	0.71104
1.0932	0.71106
1.0934	0.71077
1.0937	0.71086
1.0939	0.71110
1.0941	0.71113
1.0944	0.71118
1.0946	0.71104
1.0948	0.71086
1.0951	0.71059
1.0953	0.71050
1.0955	0.71048
1.0958	0.71034
1.096	0.71049
1.0962	0.71060
1.0964	0.71069
1.0967	0.71046
1.0969	0.71005
1.0971	0.70996
1.0974	0.70999
1.0976	0.71012
1.0978	0.71024
1.0981	0.71027
1.0983	0.71029
1.0985	0.71010
1.0988	0.70976
1.099	0.70951
1.0992	0.70942
1.0995	0.70929
1.0997	0.70941
1.0999	0.70964
1.1002	0.70987
1.1004	0.70959
1.1006	0.70911
1.1009	0.70914
1.1011	0.70912
1.1013	0.70910
1.1016	0.70895
1.1018	0.70885
1.102	0.70881
1.1023	0.70872
1.1025	0.70869
1.1027	0.70867
1.103	0.70846
1.1032	0.70818
1.1034	0.70833
1.1037	0.70856
1.1039	0.70840
1.1042	0.70818
1.1044	0.70808
1.1046	0.70825
1.1049	0.70808
1.1051	0.70773
1.1053	0.70778
1.1056	0.70768
1.1058	0.70763
1.106	0.70763
1.1063	0.70738
1.1065	0.70712
1.1067	0.70715
1.107	0.70706
1.1072	0.70710
1.1074	0.70727
1.1077	0.70739
1.1079	0.70735
1.1082	0.70702
1.1084	0.70678
1.1086	0.70689
1.1089	0.70680
1.1091	0.70640
1.1093	0.70636
1.1096	0.70661
1.1098	0.70671
1.1101	0.70638
1.1103	0.70621
1.1105	0.70619
1.1108	0.70625
1.111	0.70619
1.1113	0.70621
1.1115	0.70616
1.1117	0.70622
1.112	0.70615
1.1122	0.70586
1.1124	0.70590
1.1127	0.70587
1.1129	0.70562
1.1132	0.70556
1.1134	0.70550
1.1136	0.70545
1.1139	0.70548
1.1141	0.70522
1.1143	0.70502
1.1146	0.70534
1.1148	0.70543
1.1151	0.70516
1.1153	0.70516
1.1156	0.70522
1.1158	0.70500
1.116	0.70485
1.1163	0.70495
1.1165	0.70495
1.1168	0.70511
1.117	0.70511
1.1172	0.70483
1.1175	0.70472
1.1177	0.70458
1.118	0.70468
1.1182	0.70467
1.1184	0.70448
1.1187	0.70435
1.1189	0.70437
1.1192	0.70441
1.1194	0.70434
1.1197	0.70417
1.1199	0.70403
1.1201	0.70401
1.1204	0.70377
1.1206	0.70365
1.1209	0.70373
1.1211	0.70349
1.1213	0.70321
1.1216	0.70313
1.1218	0.70333
1.1221	0.70342
1.1223	0.70325
1.1226	0.70353
1.1228	0.70362
1.123	0.70333
1.1233	0.70315
1.1235	0.70304
1.1238	0.70290
1.124	0.70279
1.1243	0.70272
1.1245	0.70275
1.1248	0.70278
1.125	0.70281
1.1252	0.70247
1.1255	0.70222
1.1257	0.70220
1.126	0.70219
1.1262	0.70212
1.1265	0.70193
1.1267	0.70168
1.1269	0.70173
1.1272	0.70170
1.1274	0.70181
1.1277	0.70195
1.1279	0.70168
1.1282	0.70168
1.1284	0.70175
1.1287	0.70130
1.1289	0.70096
1.1292	0.70095
1.1294	0.70104
1.1297	0.70103
1.1299	0.70078
1.1301	0.70038
1.1304	0.70022
1.1306	0.70047
1.1309	0.70059
1.1311	0.70088
1.1314	0.70077
1.1316	0.70051
1.1319	0.70053
1.1321	0.70014
1.1324	0.69988
1.1326	0.69993
1.1329	0.69990
1.1331	0.69998
1.1333	0.70009
1.1336	0.69997
1.1338	0.69992
1.1341	0.70007
1.1343	0.69978
1.1346	0.69930
1.1348	0.69945
1.1351	0.69956
1.1353	0.69926
1.1356	0.69896
1.1358	0.69903
1.1361	0.69904
1.1363	0.69898
1.1366	0.69909
1.1368	0.69865
1.1371	0.69818
1.1373	0.69853
1.1376	0.69845
1.1378	0.69802
1.1381	0.69790
1.1383	0.69778
1.1386	0.69785
1.1388	0.69774
1.1391	0.69757
1.1393	0.69760
1.1396	0.69748
1.1398	0.69704
1.1401	0.69706
1.1403	0.69735
1.1406	0.69742
1.1408	0.69693
1.1411	0.69657
1.1413	0.69625
1.1416	0.69610
1.1418	0.69608
1.1421	0.69587
1.1423	0.69574
1.1426	0.69561
1.1428	0.69556
1.1431	0.69520
1.1433	0.69468
1.1436	0.69447
1.1439	0.69435
1.1441	0.69439
1.1444	0.69434
1.1446	0.69368
1.1449	0.69328
1.1451	0.69324
1.1454	0.69306
1.1456	0.69285
1.1459	0.69252
1.1461	0.69240
1.1464	0.69242
1.1466	0.69229
1.1469	0.69202
1.1472	0.69161
1.1474	0.69141
1.1477	0.69092
1.1479	0.69052
1.1482	0.69045
1.1484	0.69012
1.1487	0.68969
1.1489	0.68945
1.1492	0.68904
1.1494	0.68863
1.1497	0.68833
1.1499	0.68802
1.1502	0.68781
1.1504	0.68761
1.1507	0.68735
1.151	0.68709
1.1512	0.68651
1.1515	0.68618
1.1517	0.68605
1.152	0.68552
1.1522	0.68493
1.1525	0.68450
1.1528	0.68429
1.153	0.68388
1.1533	0.68341
1.1535	0.68302
1.1538	0.68268
1.154	0.68236
1.1543	0.68183
1.1546	0.68155
1.1548	0.68111
1.1551	0.68054
1.1553	0.68005
1.1556	0.67949
1.1558	0.67907
1.1561	0.67889
1.1564	0.67858
1.1566	0.67776
1.1569	0.67748
1.1571	0.67733
1.1574	0.67655
1.1577	0.67596
1.1579	0.67583
1.1582	0.67568
1.1584	0.67517
1.1587	0.67448
1.1589	0.67393
1.1592	0.67339
1.1595	0.67257
1.1597	0.67214
1.16	0.67173
1.1602	0.67086
1.1605	0.67025
1.1608	0.66995
1.161	0.66938
1.1613	0.66883
1.1615	0.66829
1.1618	0.66766
1.1621	0.66706
1.1623	0.66668
1.1626	0.66617
1.1628	0.66557
1.1631	0.66482
1.1634	0.66413
1.1636	0.66352
1.1639	0.66279
1.1642	0.66201
1.1644	0.66140
1.1647	0.66081
1.1649	0.66031
1.1652	0.65960
1.1654	0.65906
1.1657	0.65844
1.166	0.65768
1.1662	0.65676
1.1665	0.65588
1.1668	0.65540
1.167	0.65523
1.1673	0.65481
1.1676	0.65407
1.1678	0.65328
1.1681	0.65275
1.1683	0.65227
1.1686	0.65178
1.1689	0.65112
1.1691	0.65023
1.1694	0.64961
1.1697	0.64906
1.1699	0.64842
1.1702	0.64800
1.1704	0.64746
1.1707	0.64669
1.171	0.64616
1.1713	0.64549
1.1715	0.64509
1.1718	0.64486
1.172	0.64461
1.1723	0.64418
1.1726	0.64370
1.1728	0.64344
1.1731	0.64295
1.1734	0.64234
1.1736	0.64205
1.1739	0.64201
1.1742	0.64171
1.1744	0.64104
1.1747	0.64052
1.175	0.64007
1.1752	0.63968
1.1755	0.63933
1.1758	0.63923
1.176	0.63901
1.1763	0.63857
1.1766	0.63810
1.1768	0.63770
1.1771	0.63732
1.1774	0.63697
1.1776	0.63677
1.1779	0.63631
1.1782	0.63594
1.1784	0.63556
1.1787	0.63515
1.179	0.63498
1.1792	0.63462
1.1795	0.63444
1.1798	0.63421
1.18	0.63402
1.1803	0.63412
1.1806	0.63405
1.1808	0.63376
1.1811	0.63358
1.1814	0.63334
1.1817	0.63311
1.1819	0.63304
1.1822	0.63280
1.1825	0.63276
1.1827	0.63297
1.183	0.63305
1.1833	0.63297
1.1835	0.63270
1.1838	0.63258
1.1841	0.63259
1.1844	0.63257
1.1846	0.63268
1.1849	0.63316
1.1852	0.63335
1.1854	0.63292
1.1857	0.63278
1.186	0.63291
1.1863	0.63298
1.1865	0.63291
1.1868	0.63303
1.1871	0.63315
1.1873	0.63317
1.1876	0.63340
1.1879	0.63334
1.1882	0.63309
1.1884	0.63303
1.1887	0.63312
1.189	0.63314
1.1893	0.63302
1.1895	0.63282
1.1898	0.63257
1.1901	0.63261
1.1903	0.63265
1.1906	0.63267
1.1909	0.63256
1.1912	0.63257
1.1914	0.63268
1.1917	0.63249
1.192	0.63217
1.1923	0.63206
1.1925	0.63198
1.1928	0.63183
1.1931	0.63187
1.1933	0.63194
1.1936	0.63172
1.1939	0.63150
1.1942	0.63149
1.1944	0.63141
1.1947	0.63144
1.195	0.63161
1.1953	0.63153
1.1956	0.63128
1.1958	0.63126
1.1961	0.63126
1.1964	0.63124
1.1967	0.63107
1.1969	0.63088
1.1972	0.63089
1.1975	0.63096
1.1978	0.63096
1.198	0.63083
1.1983	0.63074
1.1986	0.63091
1.1989	0.63100
1.1992	0.63092
1.1994	0.63062
1.1997	0.63040
1.2	0.63058
1.2003	0.63062
1.2005	0.63042
1.2008	0.62998
1.2011	0.62950
1.2014	0.62941
1.2017	0.62952
1.2019	0.62955
1.2022	0.62953
1.2025	0.62960
1.2028	0.62944
1.203	0.62912
1.2033	0.62870
1.2036	0.62833
1.2039	0.62812
1.2042	0.62799
1.2044	0.62775
1.2047	0.62748
1.205	0.62729
1.2053	0.62688
1.2056	0.62660
1.2058	0.62671
1.2061	0.62661
1.2064	0.62628
1.2067	0.62624
1.207	0.62624
1.2072	0.62614
1.2075	0.62600
1.2078	0.62612
1.2081	0.62646
1.2084	0.62653
1.2087	0.62627
1.2089	0.62638
1.2092	0.62696
1.2095	0.62728
1.2098	0.62781
1.2101	0.62818
1.2103	0.62811
1.2106	0.62837
1.2109	0.62904
1.2112	0.62964
1.2115	0.63001
1.2118	0.63029
1.212	0.63076
1.2123	0.63116
1.2126	0.63149
1.2129	0.63181
1.2132	0.63224
1.2135	0.63269
1.2137	0.63302
1.214	0.63334
1.2143	0.63370
1.2146	0.63419
1.2149	0.63465
1.2152	0.63495
1.2154	0.63547
1.2157	0.63595
1.216	0.63606
1.2163	0.63628
1.2166	0.63655
1.2169	0.63677
1.2172	0.63717
1.2174	0.63753
1.2177	0.63788
1.218	0.63794
1.2183	0.63807
1.2186	0.63831
1.2189	0.63839
1.2192	0.63850
1.2194	0.63872
1.2197	0.63898
1.22	0.63904
1.2203	0.63906
1.2206	0.63910
1.2209	0.63906
1.2212	0.63906
1.2215	0.63920
1.2218	0.63933
1.222	0.63932
1.2223	0.63942
1.2226	0.63940
1.2229	0.63965
1.2232	0.63972
1.2235	0.63958
1.2238	0.63973
1.2241	0.63973
1.2243	0.63961
1.2246	0.63975
1.2249	0.63949
1.2252	0.63933
1.2255	0.63972
1.2258	0.63986
1.2261	0.63989
1.2264	0.63985
1.2267	0.63966
1.227	0.63938
1.2273	0.63937
1.2275	0.63960
1.2278	0.63971
1.2281	0.63956
1.2284	0.63940
1.2287	0.63949
1.229	0.63966
1.2293	0.63979
1.2296	0.63981
1.2299	0.63967
1.2302	0.63980
1.2304	0.63977
1.2307	0.63959
1.231	0.63977
1.2313	0.64010
1.2316	0.64013
1.2319	0.63988
1.2322	0.63987
1.2325	0.64006
1.2328	0.64011
1.2331	0.64007
1.2334	0.64010
1.2337	0.64041
1.234	0.64061
1.2343	0.64056
1.2346	0.64051
1.2348	0.64061
1.2351	0.64076
1.2354	0.64104
1.2357	0.64111
1.236	0.64129
1.2363	0.64167
1.2366	0.64181
1.2369	0.64193
1.2372	0.64220
1.2375	0.64243
1.2378	0.64272
1.2381	0.64301
1.2384	0.64298
1.2387	0.64333
1.239	0.64381
1.2393	0.64403
1.2396	0.64442
1.2399	0.64487
1.2402	0.64518
1.2405	0.64543
1.2408	0.64559
1.2411	0.64593
1.2413	0.64644
1.2417	0.64684
1.2419	0.64723
1.2422	0.64761
1.2425	0.64785
1.2428	0.64803
1.2431	0.64828
1.2434	0.64863
1.2437	0.64908
1.244	0.64934
1.2443	0.64943
1.2446	0.64965
1.2449	0.65001
1.2452	0.65017
1.2455	0.65045
1.2458	0.65071
1.2461	0.65096
1.2464	0.65118
1.2467	0.65147
1.247	0.65189
1.2473	0.65203
1.2476	0.65224
1.2479	0.65250
1.2482	0.65272
1.2485	0.65280
1.2488	0.65297
1.2491	0.65325
1.2494	0.65343
1.2497	0.65353
1.25	0.65358
1.2503	0.65378
1.2506	0.65410
1.2509	0.65417
1.2512	0.65412
1.2515	0.65421
1.2518	0.65422
1.2521	0.65423
1.2524	0.65442
1.2528	0.65463
1.2531	0.65477
1.2533	0.65488
1.2537	0.65493
1.254	0.65508
1.2543	0.65503
1.2546	0.65507
1.2549	0.65520
1.2552	0.65513
1.2555	0.65535
1.2558	0.65554
1.2561	0.65542
1.2564	0.65538
1.2567	0.65554
1.257	0.65568
1.2573	0.65562
1.2576	0.65559
1.2579	0.65570
1.2582	0.65569
1.2585	0.65573
1.2588	0.65609
1.2591	0.65613
1.2594	0.65598
1.2598	0.65602
1.2601	0.65591
1.2604	0.65583
1.2607	0.65582
1.261	0.65590
1.2613	0.65605
1.2616	0.65611
1.2619	0.65619
1.2622	0.65632
1.2625	0.65625
1.2628	0.65628
1.2631	0.65624
1.2634	0.65616
1.2637	0.65629
1.2641	0.65644
1.2644	0.65648
1.2647	0.65654
1.265	0.65637
1.2653	0.65642
1.2656	0.65666
1.2659	0.65657
1.2662	0.65645
1.2665	0.65642
1.2668	0.65665
1.2671	0.65688
1.2674	0.65682
1.2678	0.65692
1.2681	0.65703
1.2684	0.65692
1.2687	0.65692
1.269	0.65699
1.2693	0.65703
1.2696	0.65712
1.2699	0.65712
1.2702	0.65707
1.2706	0.65709
1.2709	0.65713
1.2712	0.65722
1.2715	0.65730
1.2718	0.65745
1.2721	0.65745
1.2724	0.65730
1.2727	0.65726
1.2731	0.65742
1.2734	0.65743
1.2737	0.65730
1.274	0.65756
1.2743	0.65783
1.2746	0.65761
1.2749	0.65766
1.2752	0.65779
1.2756	0.65767
1.2759	0.65743
1.2762	0.65752
1.2765	0.65768
1.2768	0.65772
1.2771	0.65790
1.2774	0.65807
1.2778	0.65806
1.2781	0.65801
1.2784	0.65801
1.2787	0.65804
1.279	0.65785
1.2793	0.65782
1.2797	0.65796
1.28	0.65793
1.2803	0.65793
1.2806	0.65804
1.2809	0.65799
1.2812	0.65807
1.2816	0.65813
1.2819	0.65801
1.2822	0.65792
1.2825	0.65784
1.2828	0.65784
1.2831	0.65787
1.2834	0.65775
1.2838	0.65795
1.2841	0.65817
1.2844	0.65803
1.2847	0.65791
1.285	0.65783
1.2854	0.65782
1.2857	0.65775
1.286	0.65775
1.2863	0.65763
1.2866	0.65752
1.2869	0.65757
1.2873	0.65764
1.2876	0.65760
1.2879	0.65753
1.2882	0.65763
1.2886	0.65751
1.2889	0.65740
1.2892	0.65718
1.2895	0.65703
1.2898	0.65697
1.2902	0.65705
1.2905	0.65701
1.2908	0.65699
1.2911	0.65683
1.2914	0.65665
1.2918	0.65659
1.2921	0.65652
1.2924	0.65647
1.2927	0.65645
1.2931	0.65647
1.2934	0.65644
1.2937	0.65623
1.294	0.65615
1.2943	0.65617
1.2947	0.65628
1.295	0.65619
1.2953	0.65607
1.2956	0.65601
1.296	0.65563
1.2963	0.65541
1.2966	0.65556
1.2969	0.65570
1.2973	0.65564
1.2976	0.65538
1.2979	0.65516
1.2982	0.65509
1.2986	0.65498
1.2989	0.65486
1.2992	0.65485
1.2995	0.65476
1.2999	0.65444
1.3002	0.65426
1.3005	0.65429
1.3008	0.65424
1.3012	0.65408
1.3015	0.65407
1.3018	0.65389
1.3021	0.65365
1.3025	0.65359
1.3028	0.65334
1.3031	0.65308
1.3034	0.65290
1.3038	0.65291
1.3041	0.65293
1.3044	0.65278
1.3048	0.65258
1.3051	0.65239
1.3054	0.65214
1.3058	0.65193
1.3061	0.65175
1.3064	0.65163
1.3067	0.65167
1.3071	0.65157
1.3074	0.65128
1.3077	0.65110
1.3081	0.65110
1.3084	0.65093
1.3087	0.65050
1.3091	0.65019
1.3094	0.64990
1.3097	0.64983
1.31	0.64958
1.3104	0.64936
1.3107	0.64922
1.311	0.64903
1.3114	0.64866
1.3117	0.64843
1.312	0.64815
1.3124	0.64780
1.3127	0.64755
1.313	0.64728
1.3134	0.64719
1.3137	0.64697
1.314	0.64672
1.3144	0.64651
1.3147	0.64619
1.315	0.64587
1.3154	0.64547
1.3157	0.64516
1.316	0.64491
1.3164	0.64453
1.3167	0.64421
1.317	0.64384
1.3174	0.64371
1.3177	0.64356
1.318	0.64311
1.3184	0.64261
1.3187	0.64234
1.319	0.64208
1.3194	0.64171
1.3197	0.64142
1.3201	0.64112
1.3204	0.64054
1.3207	0.64007
1.3211	0.63995
1.3214	0.63969
1.3217	0.63929
1.3221	0.63889
1.3224	0.63867
1.3227	0.63834
1.3231	0.63801
1.3234	0.63773
1.3238	0.63723
1.3241	0.63671
1.3244	0.63654
1.3248	0.63613
1.3251	0.63565
1.3254	0.63545
1.3258	0.63537
1.3261	0.63507
1.3265	0.63457
1.3268	0.63398
1.3271	0.63364
1.3275	0.63336
1.3278	0.63304
1.3282	0.63269
1.3285	0.63225
1.3288	0.63192
1.3292	0.63149
1.3295	0.63109
1.3299	0.63079
1.3302	0.63041
1.3306	0.63001
1.3309	0.62966
1.3312	0.62916
1.3316	0.62872
1.3319	0.62821
1.3323	0.62775
1.3326	0.62740
1.3329	0.62696
1.3333	0.62652
1.3336	0.62602
1.334	0.62545
1.3343	0.62493
1.3347	0.62441
1.335	0.62393
1.3353	0.62357
1.3357	0.62311
1.336	0.62249
1.3364	0.62207
1.3367	0.62153
1.3371	0.62090
1.3374	0.62047
1.3378	0.61997
1.3381	0.61929
1.3384	0.61872
1.3388	0.61821
1.3391	0.61772
1.3395	0.61718
1.3398	0.61646
1.3402	0.61588
1.3405	0.61532
1.3409	0.61466
1.3412	0.61404
1.3416	0.61356
1.3419	0.61308
1.3423	0.61244
1.3426	0.61178
1.3429	0.61115
1.3433	0.61063
1.3437	0.61005
1.344	0.60946
1.3443	0.60897
1.3447	0.60825
1.345	0.60736
1.3454	0.60667
1.3457	0.60621
1.3461	0.60566
1.3464	0.60498
1.3468	0.60442
1.3471	0.60376
1.3475	0.60302
1.3478	0.60225
1.3482	0.60163
1.3485	0.60096
1.3489	0.60019
1.3492	0.59967
1.3496	0.59908
1.3499	0.59835
1.3503	0.59770
1.3507	0.59707
1.351	0.59638
1.3514	0.59571
1.3517	0.59501
1.3521	0.59426
1.3524	0.59355
1.3528	0.59294
1.3531	0.59234
1.3535	0.59180
1.3538	0.59120
1.3542	0.59051
1.3545	0.58991
1.3549	0.58930
1.3552	0.58864
1.3556	0.58820
1.3559	0.58773
1.3563	0.58712
1.3567	0.58655
1.357	0.58598
1.3574	0.58556
1.3577	0.58502
1.3581	0.58439
1.3584	0.58371
1.3588	0.58315
1.3592	0.58277
1.3595	0.58230
1.3599	0.58181
1.3602	0.58132
1.3606	0.58083
1.3609	0.58040
1.3613	0.57996
1.3617	0.57958
1.362	0.57907
1.3624	0.57849
1.3627	0.57802
1.3631	0.57755
1.3634	0.57705
1.3638	0.57662
1.3642	0.57628
1.3645	0.57597
1.3649	0.57555
1.3652	0.57498
1.3656	0.57446
1.3659	0.57400
1.3663	0.57374
1.3667	0.57335
1.367	0.57277
1.3674	0.57220
1.3678	0.57166
1.3681	0.57120
1.3685	0.57089
1.3688	0.57031
1.3692	0.56965
1.3696	0.56922
1.3699	0.56881
1.3703	0.56834
1.3707	0.56781
1.371	0.56726
1.3714	0.56679
1.3717	0.56647
1.3721	0.56606
1.3725	0.56563
1.3728	0.56501
1.3732	0.56426
1.3736	0.56383
1.3739	0.56354
1.3743	0.56308
1.3746	0.56257
1.375	0.56203
1.3754	0.56151
1.3757	0.56111
1.3761	0.56077
1.3765	0.56045
1.3768	0.56019
1.3772	0.55978
1.3776	0.55926
1.3779	0.55891
1.3783	0.55863
1.3787	0.55821
1.379	0.55778
1.3794	0.55757
1.3798	0.55719
1.3801	0.55691
1.3805	0.55677
1.3809	0.55626
1.3812	0.55590
1.3816	0.55582
1.382	0.55558
1.3823	0.55538
1.3827	0.55521
1.3831	0.55486
1.3834	0.55466
1.3838	0.55453
1.3842	0.55424
1.3846	0.55405
1.3849	0.55382
1.3853	0.55364
1.3857	0.55338
1.386	0.55310
1.3864	0.55290
1.3868	0.55268
1.3872	0.55242
1.3875	0.55214
1.3879	0.55192
1.3883	0.55154
1.3886	0.55128
1.389	0.55112
1.3894	0.55078
1.3898	0.55032
1.3901	0.54996
1.3905	0.54972
1.3909	0.54937
1.3912	0.54889
1.3916	0.54842
1.392	0.54814
1.3924	0.54772
1.3927	0.54723
1.3931	0.54669
1.3935	0.54626
1.3939	0.54579
1.3942	0.54535
1.3946	0.54503
1.395	0.54434
1.3954	0.54330
1.3957	0.54279
1.3961	0.54249
1.3965	0.54187
1.3969	0.54107
1.3972	0.54043
1.3976	0.53969
1.398	0.53884
1.3984	0.53794
1.3988	0.53696
1.3991	0.53596
1.3995	0.53504
1.3999	0.53424
1.4003	0.53333
1.4006	0.53258
1.401	0.53159
1.4014	0.53033
1.4018	0.52922
1.4022	0.52818
1.4025	0.52720
1.4029	0.52608
1.4033	0.52484
1.4037	0.52356
1.4041	0.52238
1.4044	0.52125
1.4048	0.52006
1.4052	0.51883
1.4056	0.51744
1.406	0.51621
1.4063	0.51482
1.4067	0.51352
1.4071	0.51234
1.4075	0.51097
1.4079	0.50953
1.4083	0.50816
1.4086	0.50684
1.409	0.50534
1.4094	0.50376
1.4098	0.50216
1.4102	0.50081
1.4106	0.49946
1.4109	0.49794
1.4113	0.49650
1.4117	0.49502
1.4121	0.49348
1.4125	0.49201
1.4128	0.49051
1.4132	0.48898
1.4136	0.48740
1.414	0.48584
1.4144	0.48428
1.4148	0.48248
1.4152	0.48056
1.4156	0.47893
1.4159	0.47754
1.4163	0.47595
1.4167	0.47420
1.4171	0.47249
1.4175	0.47090
1.4179	0.46930
1.4183	0.46764
1.4187	0.46589
1.419	0.46414
1.4194	0.46244
1.4198	0.46082
1.4202	0.45925
1.4206	0.45767
1.421	0.45608
1.4214	0.45440
1.4218	0.45278
1.4222	0.45131
1.4225	0.44980
1.4229	0.44841
1.4233	0.44711
1.4237	0.44569
1.4241	0.44439
1.4245	0.44317
1.4249	0.44201
1.4253	0.44093
1.4257	0.43984
1.4261	0.43868
1.4265	0.43761
1.4268	0.43674
1.4272	0.43592
1.4276	0.43518
1.428	0.43452
1.4284	0.43383
1.4288	0.43301
1.4292	0.43215
1.4296	0.43134
1.43	0.43042
1.4304	0.42941
1.4308	0.42835
1.4312	0.42737
1.4316	0.42639
1.432	0.42502
1.4324	0.42362
1.4328	0.42220
1.4332	0.42083
1.4336	0.41944
1.4339	0.41779
1.4343	0.41612
1.4348	0.41462
1.4351	0.41293
1.4355	0.41095
1.4359	0.40909
1.4363	0.40736
1.4367	0.40555
1.4371	0.40365
1.4375	0.40173
1.4379	0.39994
1.4383	0.39803
1.4387	0.39615
1.4391	0.39437
1.4395	0.39254
1.4399	0.39064
1.4403	0.38870
1.4407	0.38693
1.4411	0.38507
1.4415	0.38315
1.4419	0.38162
1.4423	0.38034
1.4427	0.37893
1.4431	0.37751
1.4435	0.37613
1.4439	0.37509
1.4443	0.37405
1.4447	0.37299
1.4451	0.37219
1.4456	0.37154
1.4459	0.37120
1.4463	0.37102
1.4468	0.37088
1.4472	0.37092
1.4476	0.37128
1.448	0.37180
1.4484	0.37233
1.4488	0.37299
1.4492	0.37385
1.4496	0.37501
1.45	0.37617
1.4504	0.37724
1.4508	0.37845
1.4512	0.37965
1.4516	0.38087
1.452	0.38217
1.4524	0.38346
1.4528	0.38453
1.4532	0.38571
1.4537	0.38699
1.4541	0.38812
1.4545	0.38919
1.4549	0.39030
1.4553	0.39147
1.4557	0.39251
1.4561	0.39334
1.4565	0.39413
1.4569	0.39491
1.4573	0.39579
1.4577	0.39664
1.4582	0.39729
1.4586	0.39792
1.459	0.39858
1.4594	0.39917
1.4598	0.39975
1.4602	0.40024
1.4606	0.40065
1.461	0.40121
1.4614	0.40174
1.4618	0.40235
1.4623	0.40277
1.4627	0.40319
1.4631	0.40370
1.4635	0.40413
1.4639	0.40440
1.4643	0.40480
1.4647	0.40513
1.4652	0.40547
1.4656	0.40600
1.466	0.40618
1.4664	0.40633
1.4668	0.40664
1.4672	0.40692
1.4676	0.40732
1.4681	0.40751
1.4685	0.40760
1.4689	0.40790
1.4693	0.40819
1.4697	0.40836
1.4701	0.40852
1.4706	0.40863
1.471	0.40885
1.4714	0.40912
1.4718	0.40925
1.4722	0.40943
1.4726	0.40959
1.4731	0.40981
1.4735	0.41003
1.4739	0.41031
1.4743	0.41052
1.4747	0.41067
1.4752	0.41096
1.4756	0.41132
1.476	0.41159
1.4764	0.41173
1.4768	0.41193
1.4773	0.41204
1.4777	0.41212
1.4781	0.41231
1.4785	0.41234
1.4789	0.41231
1.4794	0.41238
1.4798	0.41220
1.4802	0.41191
1.4806	0.41175
1.4811	0.41139
1.4815	0.41103
1.4819	0.41075
1.4823	0.41021
1.4828	0.40965
1.4832	0.40907
1.4836	0.40869
1.484	0.40825
1.4844	0.40755
1.4849	0.40682
1.4853	0.40613
1.4857	0.40549
1.4862	0.40486
1.4866	0.40439
1.487	0.40395
1.4874	0.40340
1.4879	0.40274
1.4883	0.40218
1.4887	0.40179
1.4891	0.40151
1.4896	0.40138
1.49	0.40118
1.4904	0.40088
1.4908	0.40075
1.4913	0.40077
1.4917	0.40079
1.4921	0.40100
1.4926	0.40144
1.493	0.40175
1.4934	0.40207
1.4939	0.40260
1.4943	0.40320
1.4947	0.40383
1.4952	0.40461
1.4956	0.40530
1.496	0.40615
1.4964	0.40710
1.4969	0.40807
1.4973	0.40901
1.4977	0.40997
1.4982	0.41098
1.4986	0.41216
1.499	0.41317
1.4995	0.41424
1.4999	0.41535
1.5003	0.41652
1.5008	0.41768
1.5012	0.41891
1.5017	0.42003
1.5021	0.42110
1.5025	0.42206
1.5029	0.42301
1.5034	0.42403
1.5038	0.42504
1.5043	0.42595
1.5047	0.42695
1.5051	0.42787
1.5056	0.42858
1.506	0.42927
1.5064	0.42995
1.5069	0.43067
1.5073	0.43147
1.5078	0.43213
1.5082	0.43269
1.5086	0.43313
1.5091	0.43374
1.5095	0.43420
1.51	0.43460
1.5104	0.43503
1.5108	0.43544
1.5113	0.43587
1.5117	0.43615
1.5122	0.43648
1.5126	0.43681
1.513	0.43712
1.5135	0.43748
1.5139	0.43777
1.5144	0.43785
1.5148	0.43800
1.5153	0.43827
1.5157	0.43843
1.5161	0.43844
1.5166	0.43858
1.517	0.43874
1.5175	0.43881
1.5179	0.43879
1.5184	0.43872
1.5188	0.43870
1.5193	0.43872
1.5197	0.43871
1.5201	0.43867
1.5206	0.43857
1.521	0.43851
1.5215	0.43838
1.5219	0.43815
1.5224	0.43808
1.5228	0.43792
1.5233	0.43775
1.5237	0.43760
1.5242	0.43741
1.5246	0.43720
1.5251	0.43689
1.5255	0.43652
1.5259	0.43633
1.5264	0.43609
1.5268	0.43573
1.5273	0.43547
1.5278	0.43533
1.5282	0.43503
1.5287	0.43459
1.5291	0.43427
1.5296	0.43392
1.53	0.43353
1.5305	0.43318
1.5309	0.43277
1.5314	0.43249
1.5318	0.43210
1.5323	0.43180
1.5327	0.43169
1.5332	0.43138
1.5336	0.43085
1.5341	0.43043
1.5345	0.43023
1.535	0.43011
1.5354	0.42989
1.5359	0.42973
1.5363	0.42967
1.5368	0.42946
1.5373	0.42916
1.5377	0.42909
1.5382	0.42919
1.5386	0.42927
1.5391	0.42939
1.5396	0.42955
1.54	0.42984
1.5405	0.43015
1.5409	0.43043
1.5414	0.43088
1.5418	0.43143
1.5423	0.43186
1.5428	0.43231
1.5432	0.43295
1.5437	0.43368
1.5441	0.43436
1.5446	0.43525
1.5451	0.43619
1.5455	0.43697
1.546	0.43779
1.5464	0.43879
1.5469	0.43988
1.5474	0.44089
1.5478	0.44190
1.5483	0.44295
1.5488	0.44402
1.5492	0.44498
1.5497	0.44598
1.5501	0.44714
1.5506	0.44841
1.5511	0.44947
1.5515	0.45031
1.552	0.45133
1.5524	0.45248
1.5529	0.45358
1.5534	0.45478
1.5538	0.45602
1.5543	0.45705
1.5548	0.45809
1.5553	0.45922
1.5557	0.46032
1.5562	0.46126
1.5567	0.46222
1.5571	0.46325
1.5576	0.46425
1.5581	0.46528
1.5585	0.46633
1.559	0.46728
1.5595	0.46819
1.5599	0.46920
1.5604	0.47025
1.5609	0.47120
1.5613	0.47220
1.5618	0.47316
1.5623	0.47399
1.5628	0.47479
1.5632	0.47560
1.5637	0.47634
1.5642	0.47717
1.5646	0.47809
1.5651	0.47894
1.5656	0.47959
1.5661	0.48030
1.5665	0.48112
1.567	0.48195
1.5675	0.48281
1.5679	0.48359
1.5684	0.48429
1.5689	0.48496
1.5694	0.48567
1.5698	0.48646
1.5703	0.48727
1.5708	0.48797
1.5713	0.48863
1.5718	0.48933
1.5722	0.48995
1.5727	0.49066
1.5732	0.49140
1.5737	0.49207
1.5741	0.49273
1.5746	0.49327
1.5751	0.49385
1.5756	0.49449
1.5761	0.49519
1.5765	0.49574
1.577	0.49626
1.5775	0.49686
1.578	0.49750
1.5784	0.49810
1.5789	0.49875
1.5794	0.49931
1.5799	0.49990
1.5804	0.50046
1.5809	0.50094
1.5813	0.50143
1.5818	0.50206
1.5823	0.50278
1.5828	0.50335
1.5833	0.50383
1.5838	0.50442
1.5842	0.50506
1.5847	0.50563
1.5852	0.50611
1.5857	0.50667
1.5862	0.50725
1.5867	0.50782
1.5872	0.50833
1.5876	0.50895
1.5881	0.50957
1.5886	0.51011
1.5891	0.51072
1.5896	0.51135
1.5901	0.51190
1.5906	0.51247
1.591	0.51300
1.5915	0.51351
1.592	0.51421
1.5925	0.51488
1.593	0.51549
1.5935	0.51609
1.594	0.51670
1.5945	0.51729
1.595	0.51800
1.5954	0.51866
1.5959	0.51932
1.5964	0.52005
1.5969	0.52078
1.5974	0.52149
1.5979	0.52215
1.5984	0.52282
1.5989	0.52348
1.5994	0.52427
1.5999	0.52495
1.6004	0.52560
1.6009	0.52627
1.6014	0.52691
1.6019	0.52770
1.6023	0.52837
1.6028	0.52897
1.6033	0.52969
1.6038	0.53042
1.6043	0.53109
1.6048	0.53176
1.6053	0.53251
1.6058	0.53315
1.6063	0.53376
1.6068	0.53458
1.6073	0.53529
1.6078	0.53596
1.6083	0.53666
1.6088	0.53727
1.6093	0.53786
1.6098	0.53853
1.6103	0.53920
1.6108	0.53983
1.6113	0.54043
1.6118	0.54113
1.6123	0.54175
1.6128	0.54224
1.6133	0.54284
1.6138	0.54344
1.6143	0.54401
1.6148	0.54456
1.6153	0.54506
1.6158	0.54560
1.6163	0.54615
1.6168	0.54676
1.6173	0.54734
1.6178	0.54775
1.6184	0.54830
1.6189	0.54887
1.6194	0.54939
1.6199	0.54995
1.6204	0.55047
1.6209	0.55098
1.6214	0.55145
1.6219	0.55183
1.6224	0.55232
1.6229	0.55291
1.6234	0.55350
1.6239	0.55405
1.6244	0.55456
1.6249	0.55496
1.6255	0.55544
1.626	0.55601
1.6265	0.55657
1.627	0.55696
1.6275	0.55743
1.628	0.55806
1.6285	0.55858
1.629	0.55899
1.6296	0.55950
1.6301	0.56006
1.6306	0.56062
1.6311	0.56103
1.6316	0.56149
1.6321	0.56206
1.6326	0.56257
1.6331	0.56307
1.6337	0.56352
1.6342	0.56405
1.6347	0.56466
1.6352	0.56521
1.6357	0.56568
1.6362	0.56616
1.6368	0.56668
1.6373	0.56714
1.6378	0.56762
1.6383	0.56820
1.6388	0.56875
1.6393	0.56921
1.6399	0.56965
1.6404	0.57022
1.6409	0.57085
1.6414	0.57121
1.6419	0.57148
1.6424	0.57204
1.643	0.57245
1.6435	0.57280
1.644	0.57331
1.6445	0.57361
1.6451	0.57390
1.6456	0.57435
1.6461	0.57488
1.6466	0.57532
1.6472	0.57565
1.6477	0.57593
1.6482	0.57625
1.6487	0.57667
1.6492	0.57703
1.6498	0.57736
1.6503	0.57768
1.6508	0.57797
1.6513	0.57824
1.6519	0.57847
1.6524	0.57873
1.6529	0.57908
1.6534	0.57949
1.654	0.57977
1.6545	0.58002
1.655	0.58024
1.6556	0.58034
1.6561	0.58050
1.6566	0.58079
1.6572	0.58110
1.6577	0.58140
1.6582	0.58161
1.6587	0.58171
1.6593	0.58186
1.6598	0.58209
1.6603	0.58233
1.6609	0.58247
1.6614	0.58259
1.6619	0.58273
1.6625	0.58280
1.663	0.58295
1.6635	0.58304
1.6641	0.58306
1.6646	0.58319
1.6651	0.58329
1.6657	0.58343
1.6662	0.58354
1.6667	0.58358
1.6673	0.58358
1.6678	0.58361
1.6683	0.58358
1.6689	0.58353
1.6694	0.58356
1.67	0.58357
1.6705	0.58349
1.671	0.58345
1.6716	0.58354
1.6721	0.58352
1.6727	0.58328
1.6732	0.58320
1.6737	0.58314
1.6743	0.58296
1.6748	0.58278
1.6754	0.58265
1.6759	0.58250
1.6764	0.58226
1.677	0.58211
1.6775	0.58191
1.6781	0.58167
1.6786	0.58152
1.6792	0.58120
1.6797	0.58087
1.6802	0.58065
1.6808	0.58031
1.6813	0.57990
1.6819	0.57956
1.6824	0.57915
1.683	0.57873
1.6835	0.57837
1.6841	0.57800
1.6846	0.57752
1.6852	0.57696
1.6857	0.57646
1.6863	0.57611
1.6868	0.57562
1.6873	0.57487
1.6879	0.57429
1.6884	0.57382
1.689	0.57320
1.6896	0.57244
1.6901	0.57177
1.6907	0.57113
1.6912	0.57045
1.6918	0.56970
1.6923	0.56885
1.6929	0.56803
1.6934	0.56718
1.694	0.56634
1.6945	0.56546
1.6951	0.56457
1.6956	0.56368
1.6962	0.56266
1.6967	0.56156
1.6973	0.56045
1.6978	0.55936
1.6984	0.55820
1.699	0.55698
1.6995	0.55578
1.7001	0.55465
1.7006	0.55341
1.7012	0.55194
1.7018	0.55045
1.7023	0.54902
1.7029	0.54763
1.7034	0.54625
1.704	0.54478
1.7046	0.54312
1.7051	0.54149
1.7057	0.53991
1.7062	0.53834
1.7068	0.53661
1.7074	0.53476
1.7079	0.53305
1.7085	0.53140
1.709	0.52958
1.7096	0.52773
1.7102	0.52594
1.7107	0.52408
1.7113	0.52220
1.7119	0.52021
1.7124	0.51816
1.713	0.51619
1.7136	0.51414
1.7141	0.51208
1.7147	0.50998
1.7153	0.50791
1.7158	0.50595
1.7164	0.50386
1.717	0.50179
1.7175	0.49976
1.7181	0.49759
1.7187	0.49546
1.7192	0.49329
1.7198	0.49112
1.7204	0.48908
1.721	0.48710
1.7215	0.48494
1.7221	0.48281
1.7227	0.48078
1.7232	0.47871
1.7238	0.47663
1.7244	0.47460
1.725	0.47260
1.7255	0.47051
1.7261	0.46836
1.7267	0.46631
1.7273	0.46433
1.7278	0.46238
1.7284	0.46044
1.729	0.45846
1.7296	0.45660
1.7301	0.45476
1.7307	0.45280
1.7313	0.45075
1.7319	0.44895
1.7325	0.44716
1.733	0.44540
1.7336	0.44363
1.7342	0.44190
1.7348	0.44021
1.7354	0.43847
1.7359	0.43680
1.7365	0.43525
1.7371	0.43378
1.7377	0.43222
1.7383	0.43070
1.7388	0.42926
1.7394	0.42783
1.74	0.42650
1.7406	0.42541
1.7412	0.42430
1.7418	0.42308
1.7423	0.42210
1.7429	0.42120
1.7435	0.42021
1.7441	0.41920
1.7447	0.41834
1.7453	0.41772
1.7459	0.41714
1.7465	0.41650
1.7471	0.41600
1.7476	0.41558
1.7482	0.41524
1.7488	0.41508
1.7494	0.41494
1.75	0.41489
1.7506	0.41490
1.7512	0.41517
1.7518	0.41557
1.7524	0.41597
1.753	0.41633
1.7536	0.41688
1.7541	0.41756
1.7547	0.41821
1.7553	0.41888
1.7559	0.41959
1.7565	0.42044
1.7571	0.42134
1.7577	0.42206
1.7583	0.42283
1.7589	0.42371
1.7595	0.42455
1.7601	0.42536
1.7607	0.42612
1.7613	0.42688
1.7619	0.42746
1.7625	0.42812
1.7631	0.42876
1.7637	0.42932
1.7643	0.42982
1.7649	0.43026
1.7655	0.43063
1.7661	0.43108
1.7667	0.43152
1.7673	0.43175
1.7679	0.43200
1.7685	0.43228
1.7691	0.43249
1.7697	0.43267
1.7703	0.43284
1.7709	0.43310
1.7715	0.43330
1.7721	0.43337
1.7727	0.43348
1.7733	0.43383
1.7739	0.43405
1.7746	0.43416
1.7752	0.43431
1.7758	0.43461
1.7764	0.43494
1.777	0.43519
1.7776	0.43553
1.7782	0.43596
1.7788	0.43655
1.7794	0.43711
1.78	0.43764
1.7807	0.43809
1.7813	0.43867
1.7819	0.43942
1.7825	0.44019
1.7831	0.44103
1.7837	0.44197
1.7843	0.44299
1.7849	0.44395
1.7856	0.44497
1.7862	0.44605
1.7868	0.44707
1.7874	0.44816
1.788	0.44931
1.7886	0.45050
1.7893	0.45173
1.7899	0.45301
1.7905	0.45432
1.7911	0.45554
1.7917	0.45667
1.7923	0.45779
1.793	0.45899
1.7936	0.46010
1.7942	0.46116
1.7948	0.46227
1.7954	0.46342
1.7961	0.46454
1.7967	0.46562
1.7973	0.46652
1.7979	0.46743
1.7986	0.46842
1.7992	0.46932
1.7998	0.47012
1.8004	0.47092
1.8011	0.47175
1.8017	0.47251
1.8023	0.47322
1.8029	0.47394
1.8036	0.47464
1.8042	0.47530
1.8048	0.47588
1.8054	0.47651
1.8061	0.47729
1.8067	0.47801
1.8073	0.47851
1.808	0.47891
1.8086	0.47943
1.8092	0.47998
1.8099	0.48051
1.8105	0.48099
1.8111	0.48138
1.8118	0.48180
1.8124	0.48218
1.813	0.48250
1.8137	0.48278
1.8143	0.48328
1.8149	0.48376
1.8156	0.48415
1.8162	0.48447
1.8168	0.48484
1.8175	0.48520
1.8181	0.48536
1.8188	0.48559
1.8194	0.48602
1.82	0.48642
1.8207	0.48670
1.8213	0.48691
1.8219	0.48707
1.8226	0.48733
1.8232	0.48763
1.8239	0.48776
1.8245	0.48786
1.8252	0.48809
1.8258	0.48824
1.8264	0.48831
1.8271	0.48832
1.8277	0.48829
1.8284	0.48835
1.829	0.48827
1.8297	0.48818
1.8303	0.48825
1.831	0.48827
1.8316	0.48814
1.8323	0.48799
1.8329	0.48780
1.8336	0.48770
1.8342	0.48757
1.8348	0.48726
1.8355	0.48701
1.8361	0.48683
1.8368	0.48653
1.8374	0.48624
1.8381	0.48603
1.8388	0.48563
1.8394	0.48530
1.8401	0.48488
1.8407	0.48447
1.8414	0.48407
1.842	0.48362
1.8427	0.48316
1.8433	0.48263
1.844	0.48204
1.8446	0.48143
1.8453	0.48074
1.8459	0.48001
1.8466	0.47929
1.8473	0.47856
1.8479	0.47769
1.8486	0.47679
1.8492	0.47593
1.8499	0.47495
1.8506	0.47375
1.8512	0.47258
1.8519	0.47151
1.8526	0.47031
1.8532	0.46899
1.8539	0.46758
1.8545	0.46608
1.8552	0.46456
1.8559	0.46300
1.8565	0.46134
1.8572	0.45964
1.8579	0.45782
1.8585	0.45590
1.8592	0.45401
1.8599	0.45206
1.8605	0.44998
1.8612	0.44786
1.8619	0.44573
1.8625	0.44342
1.8632	0.44114
1.8639	0.43877
1.8645	0.43636
1.8652	0.43401
1.8659	0.43150
1.8666	0.42895
1.8672	0.42645
1.8679	0.42384
1.8686	0.42134
1.8692	0.41866
1.8699	0.41589
1.8706	0.41326
1.8713	0.41062
1.8719	0.40777
1.8726	0.40504
1.8733	0.40240
1.874	0.39971
1.8747	0.39695
1.8753	0.39421
1.876	0.39144
1.8767	0.38864
1.8774	0.38589
1.878	0.38317
1.8787	0.38054
1.8794	0.37784
1.8801	0.37514
1.8808	0.37245
1.8814	0.36983
1.8821	0.36730
1.8828	0.36472
1.8835	0.36214
1.8842	0.35965
1.8849	0.35718
1.8856	0.35473
1.8862	0.35236
1.8869	0.35014
1.8876	0.34791
1.8883	0.34558
1.889	0.34336
1.8897	0.34125
1.8904	0.33917
1.8911	0.33718
1.8918	0.33518
1.8924	0.33325
1.8931	0.33139
1.8938	0.32952
1.8945	0.32753
1.8952	0.32549
1.8959	0.32365
1.8966	0.32186
1.8973	0.32006
1.898	0.31839
1.8987	0.31672
1.8994	0.31496
1.9001	0.31330
1.9008	0.31171
1.9015	0.31004
1.9022	0.30833
1.9029	0.30663
1.9036	0.30493
1.9043	0.30347
1.905	0.30207
1.9057	0.30038
1.9064	0.29878
1.9071	0.29733
1.9078	0.29598
1.9085	0.29467
1.9092	0.29317
1.9099	0.29178
1.9106	0.29047
1.9113	0.28910
1.912	0.28771
1.9127	0.28636
1.9134	0.28510
1.9141	0.28380
1.9148	0.28237
1.9155	0.28103
1.9162	0.27974
1.9169	0.27830
1.9176	0.27692
1.9183	0.27554
1.9191	0.27402
1.9198	0.27255
1.9205	0.27118
1.9212	0.26972
1.9219	0.26827
1.9226	0.26675
1.9233	0.26507
1.924	0.26359
1.9248	0.26209
1.9255	0.26037
1.9262	0.25860
1.9269	0.25690
1.9276	0.25522
1.9283	0.25340
1.9291	0.25158
1.9298	0.24984
1.9305	0.24803
1.9312	0.24626
1.9319	0.24457
1.9327	0.24289
1.9334	0.24125
1.9341	0.23975
1.9348	0.23832
1.9355	0.23700
1.9363	0.23581
1.937	0.23479
1.9377	0.23394
1.9384	0.23319
1.9392	0.23250
1.9399	0.23190
1.9406	0.23144
1.9413	0.23109
1.9421	0.23093
1.9428	0.23093
1.9435	0.23095
1.9442	0.23089
1.945	0.23092
1.9457	0.23109
1.9464	0.23135
1.9472	0.23161
1.9479	0.23199
1.9486	0.23255
1.9494	0.23305
1.9501	0.23362
1.9508	0.23445
1.9516	0.23540
1.9523	0.23641
1.953	0.23770
1.9538	0.23917
1.9545	0.24065
1.9552	0.24231
1.956	0.24418
1.9567	0.24597
1.9575	0.24780
1.9582	0.24959
1.9589	0.25114
1.9597	0.25255
1.9604	0.25383
1.9612	0.25498
1.9619	0.25577
1.9626	0.25639
1.9634	0.25700
1.9641	0.25742
1.9649	0.25773
1.9656	0.25795
1.9664	0.25804
1.9671	0.25814
1.9679	0.25817
1.9686	0.25814
1.9693	0.25824
1.9701	0.25836
1.9708	0.25845
1.9716	0.25861
1.9723	0.25885
1.9731	0.25906
1.9738	0.25941
1.9746	0.25972
1.9753	0.26000
1.9761	0.26040
1.9769	0.26090
1.9776	0.26140
1.9784	0.26193
1.9791	0.26241
1.9799	0.26286
1.9806	0.26333
1.9814	0.26387
1.9822	0.26437
1.9829	0.26483
1.9837	0.26520
1.9844	0.26569
1.9852	0.26626
1.9859	0.26679
1.9867	0.26734
1.9875	0.26793
1.9882	0.26862
1.989	0.26945
1.9898	0.27033
1.9905	0.27136
1.9913	0.27261
1.9921	0.27398
1.9928	0.27550
1.9936	0.27710
1.9943	0.27878
1.9951	0.28056
1.9959	0.28261
1.9967	0.28468
1.9974	0.28679
1.9982	0.28897
1.999	0.29120
1.9997	0.29341
2.0005	0.29565
2.0013	0.29788
2.0021	0.30006
2.0028	0.30221
2.0036	0.30433
2.0044	0.30633
2.0052	0.30831
2.0059	0.31028
2.0067	0.31215
2.0075	0.31387
2.0083	0.31567
2.009	0.31747
2.0098	0.31916
2.0106	0.32082
2.0114	0.32250
2.0122	0.32403
2.0129	0.32561
2.0137	0.32719
2.0145	0.32861
2.0153	0.33000
2.0161	0.33143
2.0168	0.33277
2.0176	0.33404
2.0184	0.33532
2.0192	0.33658
2.02	0.33782
2.0208	0.33896
2.0216	0.34012
2.0223	0.34124
2.0231	0.34230
2.0239	0.34331
2.0247	0.34425
2.0255	0.34510
2.0263	0.34605
2.0271	0.34695
2.0279	0.34791
2.0287	0.34878
2.0295	0.34960
2.0303	0.35045
2.0311	0.35126
2.0319	0.35195
2.0327	0.35258
2.0335	0.35333
2.0343	0.35423
2.0351	0.35497
2.0358	0.35561
2.0367	0.35622
2.0374	0.35688
2.0383	0.35752
2.0391	0.35813
2.0399	0.35876
2.0407	0.35938
2.0415	0.35998
2.0423	0.36050
2.0431	0.36093
2.0439	0.36142
2.0447	0.36184
2.0455	0.36232
2.0463	0.36277
2.0471	0.36323
2.0479	0.36365
2.0487	0.36397
2.0495	0.36432
2.0504	0.36456
2.0512	0.36477
2.052	0.36499
2.0528	0.36508
2.0536	0.36509
2.0544	0.36501
2.0552	0.36489
2.056	0.36490
2.0569	0.36493
2.0577	0.36477
2.0585	0.36453
2.0593	0.36421
2.0601	0.36387
2.0609	0.36361
2.0618	0.36337
2.0626	0.36312
2.0634	0.36292
2.0642	0.36270
2.0651	0.36250
2.0659	0.36243
2.0667	0.36238
2.0675	0.36234
2.0683	0.36225
2.0692	0.36227
2.07	0.36237
2.0708	0.36244
2.0716	0.36247
2.0725	0.36247
2.0733	0.36246
2.0741	0.36246
2.075	0.36248
2.0758	0.36259
2.0766	0.36259
2.0775	0.36236
2.0783	0.36221
2.0791	0.36207
2.08	0.36191
2.0808	0.36180
2.0816	0.36159
2.0825	0.36126
2.0833	0.36104
2.0841	0.36083
2.085	0.36051
2.0858	0.36013
2.0866	0.35965
2.0875	0.35918
2.0883	0.35876
2.0892	0.35824
2.09	0.35780
2.0909	0.35729
2.0917	0.35674
2.0926	0.35625
2.0934	0.35573
2.0942	0.35520
2.0951	0.35458
2.0959	0.35401
2.0968	0.35345
2.0976	0.35270
2.0985	0.35196
2.0993	0.35133
2.1002	0.35079
2.101	0.35028
2.1019	0.34965
2.1027	0.34893
2.1036	0.34828
2.1044	0.34757
2.1053	0.34681
2.1061	0.34615
2.107	0.34547
2.1079	0.34485
2.1087	0.34423
2.1096	0.34357
2.1104	0.34297
2.1113	0.34234
2.1121	0.34160
2.113	0.34084
2.1139	0.34018
2.1147	0.33958
2.1156	0.33892
2.1165	0.33818
2.1173	0.33752
2.1182	0.33697
2.1191	0.33632
2.1199	0.33563
2.1208	0.33494
2.1217	0.33428
2.1225	0.33369
2.1234	0.33319
2.1243	0.33252
2.1251	0.33180
2.126	0.33134
2.1269	0.33085
2.1278	0.33025
2.1286	0.32972
2.1295	0.32921
2.1304	0.32869
2.1313	0.32827
2.1321	0.32779
2.133	0.32724
2.1339	0.32680
2.1348	0.32647
2.1356	0.32607
2.1365	0.32554
2.1374	0.32500
2.1383	0.32474
2.1392	0.32455
2.1401	0.32420
2.1409	0.32369
2.1418	0.32308
2.1427	0.32253
2.1436	0.32208
2.1445	0.32170
2.1454	0.32127
2.1463	0.32075
2.1471	0.32022
2.148	0.31977
2.1489	0.31917
2.1498	0.31863
2.1507	0.31806
2.1516	0.31744
2.1525	0.31685
2.1534	0.31642
2.1543	0.31587
2.1552	0.31517
2.1561	0.31453
2.157	0.31411
2.1579	0.31363
2.1588	0.31296
2.1597	0.31250
2.1606	0.31211
2.1615	0.31149
2.1624	0.31090
2.1633	0.31042
2.1642	0.30991
2.1651	0.30946
2.166	0.30895
2.1669	0.30841
2.1678	0.30799
2.1687	0.30748
2.1696	0.30691
2.1705	0.30641
2.1714	0.30600
2.1723	0.30556
2.1732	0.30513
2.1741	0.30480
2.1751	0.30449
2.176	0.30417
2.1769	0.30380
2.1778	0.30364
2.1787	0.30356
2.1796	0.30343
2.1806	0.30326
2.1815	0.30317
2.1824	0.30318
2.1833	0.30311
2.1842	0.30290
2.1851	0.30273
2.1861	0.30270
2.187	0.30259
2.1879	0.30231
2.1888	0.30209
2.1898	0.30198
2.1907	0.30171
2.1916	0.30139
2.1925	0.30105
2.1935	0.30076
2.1944	0.30033
2.1953	0.29988
2.1963	0.29950
2.1972	0.29914
2.1981	0.29873
2.1991	0.29826
2.2	0.29777
2.2009	0.29727
2.2019	0.29669
2.2028	0.29618
2.2037	0.29567
2.2047	0.29500
2.2056	0.29437
2.2065	0.29393
2.2075	0.29326
2.2084	0.29252
2.2094	0.29193
2.2103	0.29141
2.2112	0.29086
2.2122	0.29024
2.2131	0.28974
2.2141	0.28939
2.215	0.28898
2.216	0.28859
2.2169	0.28826
2.2179	0.28803
2.2188	0.28796
2.2198	0.28806
2.2207	0.28847
2.2217	0.28895
2.2226	0.28963
2.2236	0.29041
2.2245	0.29121
2.2255	0.29204
2.2264	0.29307
2.2274	0.29410
2.2284	0.29492
2.2293	0.29573
2.2303	0.29660
2.2312	0.29738
2.2322	0.29799
2.2331	0.29849
2.2341	0.29895
2.2351	0.29945
2.236	0.29985
2.237	0.30003
2.238	0.30029
2.2389	0.30055
2.2399	0.30086
2.2409	0.30111
2.2418	0.30129
2.2428	0.30136
2.2438	0.30137
2.2448	0.30133
2.2457	0.30136
2.2467	0.30149
2.2477	0.30150
2.2486	0.30136
2.2496	0.30119
2.2506	0.30109
2.2516	0.30091
2.2526	0.30080
2.2535	0.30063
2.2545	0.30035
2.2555	0.30010
2.2565	0.29972
2.2575	0.29924
2.2584	0.29875
2.2594	0.29834
2.2604	0.29784
2.2614	0.29734
2.2624	0.29678
2.2634	0.29624
2.2644	0.29572
2.2654	0.29516
2.2663	0.29469
2.2673	0.29433
2.2683	0.29413
2.2693	0.29418
2.2703	0.29431
2.2713	0.29461
2.2723	0.29500
2.2733	0.29553
2.2743	0.29630
2.2753	0.29708
2.2763	0.29782
2.2773	0.29852
2.2783	0.29934
2.2793	0.30005
2.2803	0.30067
2.2813	0.30131
2.2823	0.30190
2.2833	0.30236
2.2843	0.30282
2.2853	0.30328
2.2863	0.30368
2.2873	0.30399
2.2883	0.30441
2.2894	0.30480
2.2904	0.30507
2.2914	0.30534
2.2924	0.30541
2.2934	0.30552
2.2944	0.30583
2.2954	0.30608
2.2964	0.30621
2.2975	0.30626
2.2985	0.30632
2.2995	0.30634
2.3005	0.30640
2.3016	0.30647
2.3026	0.30661
2.3036	0.30666
2.3046	0.30668
2.3056	0.30669
2.3067	0.30667
2.3077	0.30674
2.3087	0.30668
2.3098	0.30647
2.3108	0.30642
2.3118	0.30645
2.3128	0.30637
2.3139	0.30624
2.3149	0.30609
2.3159	0.30598
2.317	0.30583
2.318	0.30575
2.3191	0.30572
2.3201	0.30562
2.3211	0.30539
2.3222	0.30510
2.3232	0.30477
2.3243	0.30446
2.3253	0.30419
2.3263	0.30396
2.3274	0.30371
2.3284	0.30341
2.3295	0.30302
2.3305	0.30265
2.3316	0.30221
2.3326	0.30176
2.3337	0.30127
2.3347	0.30072
2.3358	0.30023
2.3368	0.29969
2.3379	0.29902
2.3389	0.29841
2.34	0.29777
2.341	0.29712
2.3421	0.29659
2.3431	0.29588
2.3442	0.29511
2.3453	0.29450
2.3463	0.29391
2.3474	0.29332
2.3485	0.29263
2.3495	0.29180
2.3506	0.29101
2.3517	0.29030
2.3527	0.28956
2.3538	0.28885
2.3549	0.28813
2.3559	0.28750
2.357	0.28670
2.3581	0.28573
2.3591	0.28478
2.3602	0.28394
2.3613	0.28306
2.3624	0.28219
2.3634	0.28122
2.3645	0.28016
2.3656	0.27930
2.3667	0.27837
2.3678	0.27741
2.3689	0.27632
2.3699	0.27519
2.371	0.27423
2.3721	0.27323
2.3732	0.27220
2.3743	0.27119
2.3754	0.27009
2.3764	0.26895
2.3775	0.26779
2.3786	0.26668
2.3797	0.26551
2.3808	0.26434
2.3819	0.26322
2.383	0.26209
2.3841	0.26087
2.3852	0.25958
2.3863	0.25836
2.3874	0.25723
2.3885	0.25606
2.3896	0.25469
2.3907	0.25338
2.3918	0.25220
2.3929	0.25096
2.394	0.24972
2.3951	0.24844
2.3962	0.24722
2.3973	0.24603
2.3984	0.24485
2.3995	0.24364
2.4006	0.24246
2.4018	0.24152
2.4029	0.24046
2.404	0.23922
2.4051	0.23816
2.4062	0.23721
2.4073	0.23629
2.4085	0.23537
2.4096	0.23444
2.4107	0.23372
2.4118	0.23303
2.4129	0.23221
2.4141	0.23150
2.4152	0.23085
2.4163	0.23023
2.4174	0.22962
2.4186	0.22905
2.4197	0.22860
2.4208	0.22824
2.422	0.22789
2.4231	0.22751
2.4242	0.22721
2.4254	0.22684
2.4265	0.22652
2.4276	0.22621
2.4288	0.22579
2.4299	0.22543
2.4311	0.22506
2.4322	0.22483
2.4333	0.22450
2.4345	0.22408
2.4356	0.22382
2.4368	0.22364
2.4379	0.22347
2.4391	0.22332
2.4402	0.22311
2.4414	0.22289
2.4425	0.22282
2.4436	0.22268
2.4448	0.22243
2.4459	0.22232
2.4471	0.22224
2.4483	0.22214
2.4494	0.22192
2.4506	0.22182
2.4517	0.22172
2.4529	0.22154
2.4541	0.22134
2.4552	0.22110
2.4564	0.22071
2.4576	0.22042
2.4587	0.22025
2.4599	0.21986
2.4611	0.21945
2.4622	0.21906
2.4634	0.21868
2.4646	0.21834
2.4657	0.21791
2.4669	0.21734
2.4681	0.21696
2.4693	0.21663
2.4704	0.21624
2.4716	0.21592
2.4728	0.21554
2.474	0.21520
2.4751	0.21486
2.4763	0.21446
2.4775	0.21419
2.4787	0.21400
2.4799	0.21379
2.4811	0.21354
2.4823	0.21343
2.4834	0.21338
2.4846	0.21332
2.4858	0.21322
2.487	0.21305
2.4882	0.21298
2.4894	0.21291
2.4906	0.21287
2.4918	0.21283
2.493	0.21278
2.4942	0.21289
2.4954	0.21300
2.4966	0.21293
2.4978	0.21291
2.499	0.21293
2.5002	0.21307
2.5014	0.21315
2.5026	0.21322
2.5038	0.21340
2.505	0.21340
2.5063	0.21346
2.5075	0.21352
2.5087	0.21351
2.5099	0.21357
2.5111	0.21370
2.5123	0.21380
2.5135	0.21385
2.5148	0.21388
2.516	0.21389
2.5172	0.21391
2.5184	0.21392
2.5196	0.21394
2.5209	0.21401
2.5221	0.21409
2.5233	0.21411
2.5246	0.21395
2.5258	0.21391
2.527	0.21395
2.5282	0.21388
2.5295	0.21389
2.5307	0.21384
2.5319	0.21369
2.5332	0.21352
2.5344	0.21340
2.5357	0.21329
2.5369	0.21311
2.5381	0.21295
2.5394	0.21277
2.5406	0.21252
2.5419	0.21235
2.5431	0.21212
2.5444	0.21189
2.5456	0.21167
2.5469	0.21146
2.5481	0.21125
2.5494	0.21097
2.5506	0.21080
2.5519	0.21054
2.5531	0.21022
2.5544	0.20984
2.5556	0.20960
2.5569	0.20941
2.5582	0.20913
2.5594	0.20881
2.5607	0.20854
2.562	0.20833
2.5632	0.20810
2.5645	0.20776
2.5658	0.20739
2.567	0.20712
2.5683	0.20688
2.5696	0.20665
2.5709	0.20645
2.5721	0.20637
2.5734	0.20634
2.5747	0.20601
2.576	0.20586
2.5773	0.20576
2.5785	0.20552
2.5798	0.20537
2.5811	0.20536
2.5824	0.20529
2.5837	0.20530
2.585	0.20503
2.5862	0.20473
2.5875	0.20457
2.5888	0.20420
2.5901	0.20397
2.5914	0.20382
2.5927	0.20372
2.594	0.20380
2.5953	0.20371
2.5966	0.20332
2.5979	0.20295
2.5992	0.20267
2.6005	0.20245
2.6018	0.20219
2.6031	0.20195
2.6044	0.20179
2.6057	0.20162
2.6071	0.20126
2.6084	0.20087
2.6097	0.20061
2.611	0.20039
2.6123	0.20011
2.6136	0.19985
2.6149	0.19949
2.6163	0.19921
2.6176	0.19904
2.6189	0.19871
2.6202	0.19845
2.6216	0.19808
2.6229	0.19771
2.6242	0.19744
2.6255	0.19714
2.6269	0.19688
2.6282	0.19657
2.6295	0.19641
2.6309	0.19615
2.6322	0.19566
2.6335	0.19523
2.6349	0.19485
2.6362	0.19440
2.6376	0.19394
2.6389	0.19355
2.6402	0.19321
2.6416	0.19272
2.6429	0.19222
2.6443	0.19160
2.6456	0.19092
2.647	0.19031
2.6483	0.18979
2.6497	0.18919
2.651	0.18853
2.6524	0.18784
2.6538	0.18701
2.6551	0.18617
2.6565	0.18528
2.6578	0.18447
2.6592	0.18370
2.6606	0.18275
2.6619	0.18183
2.6633	0.18089
2.6647	0.17994
2.666	0.17897
2.6674	0.17806
2.6688	0.17704
2.6701	0.17617
2.6715	0.17517
2.6729	0.17416
2.6743	0.17324
2.6756	0.17240
2.677	0.17153
2.6784	0.17060
2.6798	0.16957
2.6812	0.16842
2.6826	0.16741
2.684	0.16654
2.6854	0.16566
2.6868	0.16462
2.6881	0.16352
2.6895	0.16237
2.6909	0.16108
2.6923	0.15989
2.6937	0.15862
2.6951	0.15707
2.6965	0.15552
2.6979	0.15392
2.6993	0.15223
2.7007	0.15051
2.7021	0.14868
2.7036	0.14674
2.705	0.14478
2.7064	0.14267
2.7078	0.14054
2.7092	0.13856
2.7106	0.13638
2.712	0.13403
2.7135	0.13166
2.7149	0.12946
2.7163	0.12725
2.7177	0.12506
2.7191	0.12295
2.7206	0.12086
2.722	0.11856
2.7234	0.11649
2.7249	0.11452
2.7263	0.11235
2.7277	0.11014
2.7292	0.10795
2.7306	0.10594
2.732	0.10403
2.7335	0.10200
2.7349	0.09981
2.7364	0.09744
2.7378	0.09518
2.7393	0.09313
2.7407	0.09089
2.7422	0.08852
2.7436	0.08625
2.7451	0.08378
2.7465	0.08155
2.748	0.07929
2.7494	0.07676
2.7509	0.07440
2.7523	0.07222
2.7538	0.06987
2.7553	0.06766
2.7567	0.06564
2.7582	0.06369
2.7597	0.06166
2.7611	0.05984
2.7626	0.05822
2.7641	0.05663
2.7656	0.05503
2.767	0.05355
2.7685	0.05231
2.77	0.05122
2.7715	0.05014
2.7729	0.04913
2.7744	0.04805
2.7759	0.04697
2.7774	0.04597
2.7789	0.04518
2.7804	0.04450
2.7819	0.04370
2.7834	0.04284
2.7849	0.04221
2.7864	0.04150
2.7879	0.04070
2.7894	0.04004
2.7909	0.03948
2.7924	0.03889
2.7939	0.03831
2.7954	0.03775
2.7969	0.03710
2.7984	0.03650
2.7999	0.03610
2.8014	0.03574
2.8029	0.03532
2.8044	0.03480
2.806	0.03447
2.8075	0.03416
2.809	0.03381
2.8105	0.03353
2.8121	0.03328
2.8136	0.03308
2.8151	0.03280
2.8166	0.03266
2.8182	0.03258
2.8197	0.03247
2.8212	0.03238
2.8228	0.03222
2.8243	0.03209
2.8258	0.03196
2.8274	0.03202
2.8289	0.03204
2.8305	0.03190
2.832	0.03180
2.8336	0.03180
2.8351	0.03173
2.8367	0.03161
2.8382	0.03174
2.8398	0.03192
2.8413	0.03181
2.8429	0.03162
2.8444	0.03140
2.846	0.03129
2.8476	0.03120
2.8491	0.03103
2.8507	0.03079
2.8523	0.03049
2.8538	0.03012
2.8554	0.02977
2.857	0.02947
2.8586	0.02923
2.8601	0.02910
2.8617	0.02905
2.8633	0.02908
2.8649	0.02922
2.8664	0.02953
2.868	0.02988
2.8696	0.03040
2.8712	0.03103
2.8728	0.03159
2.8744	0.03203
2.876	0.03254
2.8776	0.03300
2.8792	0.03327
2.8808	0.03345
2.8824	0.03371
2.884	0.03394
2.8856	0.03416
2.8872	0.03443
2.8888	0.03458
2.8904	0.03451
2.892	0.03434
2.8936	0.03425
2.8953	0.03432
2.8969	0.03430
2.8985	0.03423
2.9001	0.03422
2.9017	0.03431
2.9034	0.03449
2.905	0.03455
2.9066	0.03466
2.9083	0.03495
2.9099	0.03511
2.9115	0.03536
2.9131	0.03570
2.9148	0.03596
2.9164	0.03618
2.9181	0.03659
2.9197	0.03704
2.9214	0.03750
2.923	0.03783
2.9247	0.03803
2.9263	0.03826
2.928	0.03850
2.9296	0.03865
2.9313	0.03872
2.9329	0.03871
2.9346	0.03871
2.9363	0.03890
2.9379	0.03902
2.9396	0.03906
2.9412	0.03909
2.9429	0.03942
2.9446	0.03969
2.9463	0.03984
2.9479	0.04022
2.9496	0.04079
2.9513	0.04125
2.953	0.04173
2.9546	0.04229
2.9563	0.04282
2.958	0.04348
2.9597	0.04409
2.9614	0.04472
2.9631	0.04545
2.9648	0.04611
2.9665	0.04660
2.9682	0.04712
2.9699	0.04767
2.9716	0.04825
2.9733	0.04875
2.975	0.04916
2.9767	0.04966
2.9784	0.04997
2.9801	0.05014
2.9818	0.05043
2.9836	0.05076
2.9853	0.05093
2.987	0.05130
2.9887	0.05168
2.9904	0.05190
2.9922	0.05211
2.9939	0.05247
2.9956	0.05285
2.9974	0.05310
2.9991	0.05345
3.0008	0.05378
3.0026	0.05408
3.0043	0.05443
3.006	0.05488
3.0078	0.05534
3.0095	0.05590
3.0113	0.05627
3.013	0.05653
3.0148	0.05690
3.0165	0.05731
3.0183	0.05790
3.02	0.05845
3.0218	0.05901
3.0236	0.05963
3.0253	0.06015
3.0271	0.06066
3.0289	0.06121
3.0306	0.06180
3.0324	0.06233
3.0342	0.06292
3.036	0.06346
3.0377	0.06396
3.0395	0.06444
3.0413	0.06503
3.0431	0.06570
3.0449	0.06608
3.0467	0.06638
3.0484	0.06688
3.0502	0.06728
3.052	0.06761
3.0538	0.06792
3.0556	0.06835
3.0574	0.06875
3.0592	0.06894
3.0611	0.06921
3.0629	0.06975
3.0647	0.07026
3.0665	0.07051
3.0683	0.07052
3.0701	0.07030
3.0719	0.07004
3.0738	0.06964
3.0756	0.06918
3.0774	0.06860
3.0792	0.06813
3.0811	0.06803
3.0829	0.06826
3.0847	0.06897
3.0866	0.07021
3.0884	0.07176
3.0902	0.07329
3.0921	0.07486
3.0939	0.07662
3.0958	0.07838
3.0976	0.07991
3.0995	0.08123
3.1013	0.08246
3.1032	0.08378
3.105	0.08510
3.1069	0.08624
3.1088	0.08733
3.1106	0.08836
3.1125	0.08930
3.1144	0.09019
3.1162	0.09097
3.1181	0.09167
3.12	0.09237
3.1219	0.09328
3.1237	0.09415
3.1256	0.09503
3.1275	0.09594
3.1294	0.09683
3.1313	0.09767
3.1332	0.09864
3.1351	0.09977
3.137	0.10094
3.1389	0.10203
3.1408	0.10330
3.1427	0.10470
3.1446	0.10617
3.1465	0.10757
3.1484	0.10896
3.1503	0.11050
3.1522	0.11200
3.1541	0.11339
3.1561	0.11489
3.158	0.11655
3.1599	0.11804
3.1618	0.11966
3.1638	0.12124
3.1657	0.12250
3.1676	0.12398
3.1696	0.12556
3.1715	0.12703
3.1734	0.12850
3.1754	0.12970
3.1773	0.13089
3.1793	0.13225
3.1812	0.13354
3.1832	0.13478
3.1851	0.13591
3.1871	0.13710
3.1891	0.13819
3.191	0.13929
3.193	0.14045
3.1949	0.14149
3.1969	0.14247
3.1989	0.14339
3.2009	0.14422
3.2029	0.14534
3.2048	0.14637
3.2068	0.14708
3.2088	0.14793
3.2108	0.14893
3.2128	0.14983
3.2148	0.15061
3.2168	0.15142
3.2188	0.15223
3.2208	0.15297
3.2228	0.15397
3.2248	0.15489
3.2268	0.15552
3.2288	0.15619
3.2308	0.15701
3.2328	0.15779
3.2348	0.15863
3.2368	0.15950
3.2389	0.16029
3.2409	0.16096
3.2429	0.16177
3.2449	0.16265
3.247	0.16337
3.249	0.16401
3.251	0.16473
3.2531	0.16549
3.2551	0.16629
3.2572	0.16700
3.2592	0.16763
3.2613	0.16827
3.2633	0.16885
3.2654	0.16957
3.2674	0.17026
3.2695	0.17094
3.2716	0.17166
3.2736	0.17232
3.2757	0.17304
3.2778	0.17379
3.2798	0.17454
3.2819	0.17516
3.284	0.17578
3.2861	0.17661
3.2881	0.17740
3.2902	0.17832
3.2923	0.17925
3.2944	0.17995
3.2965	0.18057
3.2986	0.18146
3.3007	0.18233
3.3028	0.18297
3.3049	0.18368
3.307	0.18453
3.3091	0.18523
3.3112	0.18572
3.3134	0.18637
3.3155	0.18710
3.3176	0.18773
3.3197	0.18839
3.3219	0.18899
3.324	0.18959
3.3261	0.19021
3.3283	0.19075
3.3304	0.19120
3.3325	0.19154
3.3347	0.19200
3.3368	0.19248
3.339	0.19286
3.3411	0.19326
3.3433	0.19364
3.3454	0.19405
3.3476	0.19453
3.3498	0.19497
3.3519	0.19534
3.3541	0.19561
3.3563	0.19599
3.3584	0.19627
3.3606	0.19665
3.3628	0.19715
3.365	0.19750
3.3671	0.19766
3.3693	0.19785
3.3715	0.19826
3.3737	0.19868
3.3759	0.19891
3.3781	0.19929
3.3803	0.19968
3.3825	0.20016
3.3847	0.20073
3.3869	0.20126
3.3891	0.20166
3.3914	0.20183
3.3936	0.20215
3.3958	0.20245
3.398	0.20270
3.4003	0.20294
3.4025	0.20295
3.4047	0.20291
3.407	0.20288
3.4092	0.20279
3.4114	0.20275
3.4137	0.20274
3.4159	0.20280
3.4182	0.20310
3.4204	0.20362
3.4227	0.20429
3.425	0.20476
3.4272	0.20541
3.4295	0.20610
3.4318	0.20665
3.434	0.20718
3.4363	0.20763
3.4386	0.20808
3.4409	0.20857
3.4432	0.20890
3.4454	0.20937
3.4477	0.20990
3.45	0.21036
3.4523	0.21069
3.4546	0.21107
3.4569	0.21134
3.4592	0.21169
3.4616	0.21197
3.4639	0.21207
3.4662	0.21222
3.4685	0.21270
3.4708	0.21297
3.4731	0.21308
3.4755	0.21343
3.4778	0.21366
3.4801	0.21375
3.4825	0.21375
3.4848	0.21383
3.4872	0.21404
3.4895	0.21409
3.4919	0.21405
3.4942	0.21400
3.4966	0.21377
3.4989	0.21371
3.5013	0.21395
3.5036	0.21428
3.506	0.21475
3.5084	0.21519
3.5108	0.21572
3.5131	0.21642
3.5155	0.21684
3.5179	0.21718
3.5203	0.21759
3.5227	0.21798
3.5251	0.21815
3.5275	0.21817
3.5299	0.21846
3.5323	0.21877
3.5347	0.21884
3.5371	0.21893
3.5395	0.21908
3.5419	0.21930
3.5444	0.21958
3.5468	0.21963
3.5492	0.21957
3.5516	0.21979
3.5541	0.22015
3.5565	0.22039
3.559	0.22059
3.5614	0.22083
3.5639	0.22092
3.5663	0.22095
3.5688	0.22110
3.5712	0.22135
3.5737	0.22155
3.5761	0.22175
3.5786	0.22206
3.5811	0.22223
3.5836	0.22222
3.586	0.22235
3.5885	0.22270
3.591	0.22327
3.5935	0.22371
3.596	0.22405
3.5985	0.22431
3.601	0.22471
3.6035	0.22514
3.606	0.22567
3.6085	0.22596
3.611	0.22620
3.6135	0.22657
3.616	0.22696
3.6186	0.22731
3.6211	0.22750
3.6236	0.22768
3.6261	0.22807
3.6287	0.22845
3.6312	0.22873
3.6338	0.22893
3.6363	0.22923
3.6389	0.22945
3.6414	0.22964
3.644	0.22998
3.6466	0.23030
3.6491	0.23064
3.6517	0.23084
3.6543	0.23105
3.6568	0.23141
3.6594	0.23183
3.662	0.23222
3.6646	0.23235
3.6672	0.23242
3.6698	0.23261
3.6724	0.23278
3.675	0.23315
3.6776	0.23354
3.6802	0.23365
3.6828	0.23371
3.6854	0.23391
3.6881	0.23410
3.6907	0.23429
3.6933	0.23438
3.6959	0.23460
3.6986	0.23468
3.7012	0.23460
3.7039	0.23437
3.7065	0.23444
3.7092	0.23447
3.7118	0.23453
3.7145	0.23434
3.7171	0.23403
3.7198	0.23394
3.7225	0.23388
3.7251	0.23388
3.7278	0.23399
3.7305	0.23421
3.7332	0.23416
3.7359	0.23407
3.7386	0.23415
3.7413	0.23425
3.744	0.23415
3.7467	0.23413
3.7494	0.23430
3.7521	0.23439
3.7548	0.23432
3.7575	0.23425
3.7603	0.23421
3.763	0.23404
3.7657	0.23394
3.7685	0.23388
3.7712	0.23363
3.7739	0.23336
3.7767	0.23343
3.7794	0.23366
3.7822	0.23332
3.785	0.23288
3.7877	0.23291
3.7905	0.23316
3.7933	0.23305
3.7961	0.23285
3.7988	0.23271
3.8016	0.23256
3.8044	0.23250
3.8072	0.23252
3.81	0.23251
3.8128	0.23245
3.8156	0.23237
3.8184	0.23229
3.8212	0.23216
3.8241	0.23193
3.8269	0.23169
3.8297	0.23145
3.8325	0.23126
3.8354	0.23106
3.8382	0.23073
3.8411	0.23040
3.8439	0.23002
3.8468	0.22950
3.8496	0.22892
3.8525	0.22826
3.8553	0.22734
3.8582	0.22613
3.8611	0.22463
3.8639	0.22278
3.8668	0.22066
3.8697	0.21878
3.8726	0.21790
3.8755	0.21832
3.8784	0.21957
3.8813	0.22101
3.8842	0.22224
3.8871	0.22309
3.89	0.22354
3.893	0.22369
3.8959	0.22357
3.8988	0.22340
3.9017	0.22315
3.9047	0.22280
3.9076	0.22237
3.9106	0.22186
3.9135	0.22134
3.9165	0.22080
3.9194	0.22017
3.9224	0.21952
3.9254	0.21888
3.9284	0.21817
3.9313	0.21740
3.9343	0.21665
3.9373	0.21580
3.9403	0.21489
3.9433	0.21396
3.9463	0.21296
3.9493	0.21188
3.9523	0.21068
3.9553	0.20932
3.9583	0.20780
3.9614	0.20615
3.9644	0.20438
3.9674	0.20256
3.9705	0.20103
3.9735	0.19996
3.9766	0.19959
3.9796	0.19986
3.9826	0.20037
3.9857	0.20071
3.9888	0.20096
3.9919	0.20107
3.9949	0.20097
3.998	0.20063
4.0011	0.20017
4.0042	0.19961
4.0073	0.19896
4.0104	0.19830
4.0135	0.19757
4.0166	0.19682
4.0197	0.19602
4.0228	0.19521
4.0259	0.19445
4.0291	0.19362
4.0322	0.19273
4.0353	0.19183
4.0385	0.19097
4.0416	0.19007
4.0448	0.18919
4.0479	0.18830
4.0511	0.18736
4.0543	0.18641
4.0574	0.18547
4.0606	0.18454
4.0638	0.18358
4.067	0.18256
4.0702	0.18156
4.0734	0.18066
4.0766	0.17969
4.0798	0.17872
4.083	0.17781
4.0862	0.17681
4.0894	0.17581
4.0927	0.17487
4.0959	0.17392
4.0991	0.17294
4.1024	0.17200
4.1056	0.17107
4.1089	0.17013
4.1121	0.16916
4.1154	0.16814
4.1187	0.16716
4.122	0.16623
4.1252	0.16537
4.1285	0.16448
4.1318	0.16352
4.1351	0.16263
4.1384	0.16167
4.1417	0.16066
4.145	0.15975
4.1483	0.15886
4.1516	0.15785
4.155	0.15687
4.1583	0.15595
4.1616	0.15501
4.165	0.15406
4.1683	0.15308
4.1717	0.15205
4.175	0.15101
4.1784	0.15000
4.1818	0.14896
4.1852	0.14788
4.1885	0.14678
4.1919	0.14575
4.1953	0.14474
4.1987	0.14368
4.2021	0.14251
4.2055	0.14137
4.2089	0.14031
4.2124	0.13924
4.2158	0.13818
4.2192	0.13710
4.2226	0.13597
4.2261	0.13478
4.2295	0.13369
4.233	0.13259
4.2365	0.13142
4.2399	0.13021
4.2434	0.12894
4.2469	0.12766
4.2503	0.12637
4.2538	0.12509
4.2573	0.12383
4.2608	0.12255
4.2643	0.12123
4.2678	0.11997
4.2713	0.11865
4.2749	0.11725
4.2784	0.11589
4.2819	0.11454
4.2855	0.11309
4.289	0.11165
4.2926	0.11022
4.2961	0.10877
4.2997	0.10726
4.3033	0.10577
4.3068	0.10428
4.3104	0.10277
4.314	0.10127
4.3176	0.09979
4.3212	0.09846
4.3248	0.09721
4.3284	0.09593
4.332	0.09473
4.3356	0.09364
4.3393	0.09258
4.3429	0.09160
4.3465	0.09065
4.3502	0.08974
4.3538	0.08886
4.3575	0.08803
4.3611	0.08721
4.3648	0.08645
4.3685	0.08570
4.3722	0.08491
4.3759	0.08407
4.3796	0.08322
4.3833	0.08242
4.387	0.08164
4.3907	0.08083
4.3944	0.07998
4.3981	0.07914
4.4019	0.07832
4.4056	0.07744
4.4094	0.07652
4.4131	0.07568
4.4169	0.07484
4.4206	0.07396
4.4244	0.07312
4.4282	0.07234
4.432	0.07156
4.4358	0.07074
4.4396	0.07003
4.4434	0.06941
4.4472	0.06879
4.451	0.06826
4.4548	0.06787
4.4586	0.06760
4.4625	0.06733
4.4663	0.06710
4.4702	0.06698
4.474	0.06691
4.4779	0.06686
4.4818	0.06685
4.4856	0.06690
4.4895	0.06695
4.4934	0.06702
4.4973	0.06714
4.5012	0.06723
4.5051	0.06730
4.509	0.06740
4.513	0.06745
4.5169	0.06754
4.5209	0.06769
4.5248	0.06781
4.5287	0.06799
4.5327	0.06816
4.5367	0.06839
4.5406	0.06869
4.5446	0.06906
4.5486	0.06960
4.5526	0.07027
4.5566	0.07107
4.5606	0.07199
4.5646	0.07292
4.5686	0.07390
4.5727	0.07502
4.5767	0.07614
4.5808	0.07718
4.5848	0.07819
4.5889	0.07916
4.5929	0.08008
4.597	0.08095
4.6011	0.08176
4.6052	0.08251
4.6093	0.08314
4.6134	0.08365
4.6175	0.08416
4.6216	0.08462
4.6257	0.08499
4.6298	0.08527
4.634	0.08549
4.6381	0.08568
4.6423	0.08567
4.6464	0.08551
4.6506	0.08527
4.6548	0.08491
4.659	0.08441
4.6631	0.08388
4.6673	0.08329
4.6715	0.08273
4.6758	0.08229
4.68	0.08189
4.6842	0.08151
4.6884	0.08131
4.6927	0.08126
4.6969	0.08129
4.7012	0.08128
4.7055	0.08123
4.7097	0.08115
4.714	0.08100
4.7183	0.08081
4.7226	0.08051
4.7269	0.08026
4.7312	0.08035
4.7355	0.08096
4.7399	0.08219
4.7442	0.08398
4.7485	0.08620
4.7529	0.08886
4.7573	0.09175
4.7616	0.09472
4.766	0.09759
4.7704	0.10032
4.7748	0.10300
4.7792	0.10545
4.7836	0.10758
4.788	0.10945
4.7924	0.11117
4.7969	0.11267
4.8013	0.11407
4.8058	0.11526
4.8102	0.11631
4.8147	0.11738
4.8191	0.11833
4.8236	0.11915
4.8281	0.11985
4.8326	0.12056
4.8371	0.12123
4.8416	0.12183
4.8462	0.12235
4.8507	0.12279
4.8553	0.12324
4.8598	0.12364
4.8644	0.12400
4.8689	0.12441
4.8735	0.12487
4.8781	0.12530
4.8827	0.12568
4.8873	0.12605
4.8919	0.12647
4.8965	0.12685
4.9011	0.12717
4.9058	0.12751
4.9104	0.12786
4.9151	0.12815
4.9197	0.12842
4.9244	0.12864
4.9291	0.12883
4.9338	0.12897
4.9385	0.12910
4.9432	0.12924
4.9479	0.12924
4.9526	0.12912
4.9574	0.12893
4.9621	0.12850
4.9669	0.12779
4.9716	0.12698
4.9764	0.12658
4.9812	0.12696
4.986	0.12775
4.9908	0.12838
4.9956	0.12872
5.0004	0.12885
5.0052	0.12892
5.01	0.12894
5.0149	0.12888
5.0198	0.12878
5.0246	0.12863
5.0295	0.12847
5.0344	0.12833
5.0393	0.12822
5.0442	0.12815
5.0491	0.12803
5.054	0.12792
5.0589	0.12787
5.0639	0.12787
5.0688	0.12787
5.0738	0.12783
5.0788	0.12782
5.0837	0.12784
5.0887	0.12783
5.0937	0.12790
5.0987	0.12793
5.1037	0.12790
5.1088	0.12786
5.1138	0.12786
5.1189	0.12787
5.1239	0.12788
5.129	0.12785
5.1341	0.12787
5.1391	0.12793
5.1443	0.12802
5.1494	0.12806
5.1545	0.12815
5.1596	0.12824
5.1647	0.12833
5.1699	0.12838
5.175	0.12849
5.1802	0.12862
5.1854	0.12863
5.1906	0.12866
5.1958	0.12872
5.201	0.12869
5.2062	0.12862
5.2115	0.12857
5.2167	0.12853
5.222	0.12845
5.2272	0.12828
5.2325	0.12801
5.2378	0.12778
5.2431	0.12751
5.2484	0.12720
5.2537	0.12692
5.259	0.12654
5.2644	0.12616
5.2697	0.12579
5.2751	0.12541
5.2805	0.12509
5.2858	0.12472
5.2912	0.12436
5.2966	0.12399
5.302	0.12369
5.3075	0.12344
5.3129	0.12312
5.3184	0.12275
5.3238	0.12241
5.3293	0.12206
5.3348	0.12172
5.3403	0.12133
5.3458	0.12093
5.3513	0.12055
5.3568	0.12014
5.3624	0.11975
5.3679	0.11942
5.3735	0.11910
5.379	0.11879
5.3846	0.11844
5.3902	0.11806
5.3958	0.11773
5.4015	0.11740
5.4071	0.11704
5.4127	0.11667
5.4184	0.11628
5.4241	0.11586
5.4297	0.11535
5.4354	0.11492
5.4411	0.11440
5.4468	0.11388
5.4526	0.11336
5.4583	0.11283
5.4641	0.11221
5.4698	0.11159
5.4756	0.11096
5.4814	0.11026
5.4872	0.10956
5.493	0.10886
5.4988	0.10810
5.5047	0.10731
5.5105	0.10646
5.5164	0.10566
5.5223	0.10479
5.5281	0.10388
5.534	0.10303
5.54	0.10221
5.5459	0.10145
5.5518	0.10076
5.5578	0.10002
5.5637	0.09936
5.5697	0.09881
5.5757	0.09827
5.5817	0.09772
5.5877	0.09719
5.5937	0.09664
5.5998	0.09609
5.6058	0.09547
5.6119	0.09483
5.618	0.09416
5.6241	0.09351
5.6302	0.09283
5.6363	0.09224
5.6424	0.09160
5.6486	0.09086
5.6547	0.09016
5.6609	0.08949
5.6671	0.08878
5.6733	0.08807
5.6795	0.08737
5.6857	0.08665
5.692	0.08588
5.6982	0.08506
5.7045	0.08423
5.7108	0.08346
5.7171	0.08263
5.7234	0.08168
5.7297	0.08069
5.736	0.07975
5.7424	0.07886
5.7488	0.07795
5.7551	0.07694
5.7615	0.07602
5.768	0.07495
5.7744	0.07390
5.7808	0.07285
5.7873	0.07172
5.7937	0.07057
5.8002	0.06941
5.8067	0.06817
5.8132	0.06694
5.8198	0.06554
5.8263	0.06393
5.8328	0.06233
5.8394	0.06072
5.846	0.05886
5.8526	0.05684
5.8592	0.05470
5.8658	0.05237
5.8725	0.04982
5.8791	0.04714
5.8858	0.04413
5.8925	0.04115
5.8992	0.03799
5.9059	0.03488
5.9126	0.03201
5.9194	0.02950
5.9262	0.02768
5.9329	0.02681
5.9397	0.02697
5.9465	0.02823
5.9534	0.03029
5.9602	0.03276
5.9671	0.03531
5.974	0.03773
5.9808	0.03989
5.9878	0.04170
5.9947	0.04303
6.0016	0.04394
6.0086	0.04459
6.0155	0.04485
6.0225	0.04474
6.0295	0.04439
6.0365	0.04382
6.0436	0.04307
6.0506	0.04204
6.0577	0.04074
6.0648	0.03939
6.0719	0.03783
6.079	0.03608
6.0861	0.03425
6.0933	0.03233
6.1005	0.03040
6.1076	0.02857
6.1149	0.02672
6.1221	0.02514
6.1293	0.02413
6.1365	0.02360
6.1438	0.02349
6.1511	0.02367
6.1584	0.02395
6.1657	0.02448
6.1731	0.02530
6.1804	0.02660
6.1878	0.02844
6.1952	0.03068
6.2026	0.03322
6.21	0.03584
6.2175	0.03845
6.225	0.04100
6.2324	0.04346
6.2399	0.04575
6.2475	0.04781
6.255	0.04967
6.2625	0.05144
6.2701	0.05305
6.2777	0.05450
6.2853	0.05576
6.293	0.05688
6.3006	0.05792
6.3083	0.05884
6.3159	0.05968
6.3236	0.06047
6.3314	0.06117
6.3391	0.06183
6.3469	0.06238
6.3546	0.06280
6.3624	0.06322
6.3703	0.06352
6.3781	0.06372
6.3859	0.06395
6.3938	0.06411
6.4017	0.06421
6.4096	0.06430
6.4175	0.06422
6.4255	0.06412
6.4335	0.06402
6.4415	0.06387
6.4495	0.06376
6.4575	0.06367
6.4656	0.06358
6.4736	0.06346
6.4817	0.06329
6.4898	0.06317
6.498	0.06301
6.5061	0.06293
6.5143	0.06286
6.5225	0.06273
6.5307	0.06270
6.539	0.06267
6.5472	0.06257
6.5555	0.06259
6.5638	0.06271
6.5721	0.06282
6.5804	0.06290
6.5888	0.06303
6.5972	0.06314
6.6056	0.06318
6.614	0.06316
6.6225	0.06314
6.6309	0.06312
6.6394	0.06303
6.6479	0.06286
6.6565	0.06269
6.665	0.06258
6.6736	0.06241
6.6822	0.06212
6.6908	0.06186
6.6995	0.06169
6.7081	0.06152
6.7168	0.06125
6.7255	0.06090
6.7343	0.06060
6.743	0.06022
6.7518	0.05987
6.7606	0.05958
6.7694	0.05926
6.7783	0.05887
6.7871	0.05846
6.796	0.05803
6.805	0.05755
6.8139	0.05709
6.8229	0.05669
6.8319	0.05634
6.8409	0.05598
6.8499	0.05565
6.859	0.05528
6.868	0.05478
6.8772	0.05429
6.8863	0.05388
6.8955	0.05349
6.9046	0.05316
6.9138	0.05282
6.9231	0.05243
6.9323	0.05201
6.9416	0.05167
6.9509	0.05134
6.9602	0.05086
6.9696	0.05036
6.979	0.04995
6.9884	0.04949
6.9978	0.04898
7.0073	0.04847
7.0168	0.04796
7.0263	0.04751
7.0358	0.04707
7.0454	0.04654
7.0549	0.04601
7.0645	0.04550
7.0742	0.04492
7.0839	0.04435
7.0935	0.04382
7.1033	0.04334
7.113	0.04276
7.1228	0.04216
7.1326	0.04162
7.1424	0.04108
7.1522	0.04051
7.1621	0.03995
7.172	0.03943
7.182	0.03897
7.1919	0.03844
7.2019	0.03786
7.2119	0.03724
7.222	0.03667
7.232	0.03618
7.2421	0.03555
7.2523	0.03491
7.2624	0.03437
7.2726	0.03385
7.2828	0.03323
7.2931	0.03254
7.3033	0.03197
7.3136	0.03144
7.324	0.03089
7.3343	0.03027
7.3447	0.02959
7.3551	0.02894
7.3656	0.02830
7.3761	0.02771
7.3866	0.02711
7.3971	0.02645
7.4077	0.02584
7.4183	0.02523
7.4289	0.02461
7.4396	0.02403
7.4503	0.02343
7.461	0.02285
7.4717	0.02232
7.4825	0.02171
7.4933	0.02110
7.5042	0.02055
7.515	0.02003
7.5259	0.01947
7.5369	0.01887
7.5479	0.01838
7.5589	0.01797
7.5699	0.01748
7.581	0.01700
7.592	0.01663
7.6032	0.01620
7.6143	0.01567
7.6255	0.01518
7.6368	0.01477
7.648	0.01435
7.6593	0.01387
7.6707	0.01340
7.682	0.01295
7.6934	0.01250
7.7049	0.01202
7.7163	0.01160
7.7278	0.01122
7.7394	0.01083
7.7509	0.01051
7.7625	0.01020
7.7742	0.00986
7.7858	0.00949
7.7975	0.00919
7.8093	0.00898
7.8211	0.00880
7.8329	0.00870
7.8447	0.00863
7.8566	0.00854
7.8685	0.00840
7.8805	0.00838
7.8925	0.00855
7.9045	0.00869
7.9166	0.00882
7.9287	0.00905
7.9408	0.00942
7.953	0.00994
7.9652	0.01048
7.9775	0.01114
7.9898	0.01195
8.0021	0.01302
8.0145	0.01425
8.0269	0.01562
8.0393	0.01713
8.0518	0.01883
8.0643	0.02074
8.0769	0.02294
8.0895	0.02536
8.1021	0.02796
8.1148	0.03076
8.1275	0.03385
8.1403	0.03715
8.1531	0.04058
8.1659	0.04413
8.1788	0.04769
8.1917	0.05132
8.2047	0.05496
8.2177	0.05862
8.2307	0.06201
8.2438	0.06485
8.257	0.06707
8.2701	0.06882
8.2833	0.07041
8.2966	0.07190
8.3099	0.07319
8.3232	0.07424
8.3366	0.07504
8.35	0.07553
8.3635	0.07585
8.377	0.07611
8.3905	0.07618
8.4042	0.07622
8.4178	0.07636
8.4315	0.07645
8.4452	0.07652
8.459	0.07650
8.4728	0.07647
8.4867	0.07652
8.5006	0.07660
8.5145	0.07673
8.5285	0.07690
8.5426	0.07690
8.5567	0.07654
8.5708	0.07606
8.585	0.07532
8.5993	0.07441
8.6135	0.07358
8.6279	0.07268
8.6423	0.07164
8.6567	0.07049
8.6712	0.06907
8.6857	0.06742
8.7003	0.06558
8.7149	0.06376
8.7295	0.06250
8.7443	0.06200
8.759	0.06187
8.7739	0.06195
8.7887	0.06196
8.8037	0.06166
8.8186	0.06102
8.8337	0.06017
8.8487	0.05908
8.8638	0.05806
8.879	0.05703
8.8943	0.05603
8.9095	0.05520
8.9249	0.05424
8.9403	0.05327
8.9557	0.05234
8.9712	0.05138
8.9868	0.05037
9.0023	0.04927
9.018	0.04808
9.0337	0.04686
9.0495	0.04588
9.0653	0.04510
9.0812	0.04447
9.0971	0.04400
9.1131	0.04371
9.1291	0.04365
9.1452	0.04378
9.1614	0.04387
9.1776	0.04415
9.1939	0.04466
9.2102	0.04508
9.2266	0.04540
9.243	0.04579
9.2595	0.04624
9.2761	0.04663
9.2927	0.04719
9.3094	0.04779
9.3262	0.04819
9.343	0.04850
9.3598	0.04890
9.3768	0.04932
9.3938	0.04963
9.4108	0.04985
9.4279	0.05012
9.4451	0.05034
9.4623	0.05056
9.4796	0.05066
9.497	0.05080
9.5144	0.05096
9.5319	0.05088
9.5494	0.05079
9.5671	0.05082
9.5847	0.05079
9.6025	0.05068
9.6203	0.05060
9.6382	0.05044
9.6561	0.05025
9.6742	0.05017
9.6922	0.05010
9.7104	0.04991
9.7286	0.04966
9.7469	0.04945
9.7652	0.04925
9.7837	0.04907
9.8022	0.04880
9.8207	0.04836
9.8394	0.04794
9.8581	0.04746
9.8768	0.04705
9.8957	0.04673
9.9146	0.04606
9.9336	0.04467
9.9527	0.04362
9.9718	0.04447
9.991	0.04617
10.0103	0.04709
10.0297	0.04732
10.0491	0.04728
10.0686	0.04718
10.0882	0.04704
10.1079	0.04704
10.1276	0.04716
10.1474	0.04717
10.1673	0.04722
10.1873	0.04733
10.2074	0.04734
10.2275	0.04729
10.2477	0.04728
10.268	0.04734
10.2884	0.04729
10.3088	0.04718
10.3294	0.04718
10.35	0.04718
10.3707	0.04715
10.3915	0.04722
10.4123	0.04716
10.4333	0.04700
10.4543	0.04694
10.4754	0.04704
10.4967	0.04703
10.5179	0.04687
10.5393	0.04674
10.5608	0.04667
10.5823	0.04659
10.604	0.04657
10.6257	0.04649
10.6475	0.04640
10.6694	0.04631
10.6914	0.04621
10.7135	0.04601
10.7357	0.04580
10.758	0.04575
10.7803	0.04574
10.8028	0.04577
10.8254	0.04566
10.848	0.04534
10.8708	0.04521
10.8936	0.04514
10.9165	0.04503
10.9395	0.04485
10.9627	0.04491
10.9859	0.04496
11.0092	0.04473
11.0327	0.04450
11.0562	0.04433
11.0798	0.04422
11.1035	0.04414
11.1274	0.04394
11.1513	0.04371
11.1753	0.04344
11.1995	0.04347
11.2237	0.04343
11.248	0.04314
11.2725	0.04291
11.2971	0.04264
11.3217	0.04243
11.3465	0.04235
11.3714	0.04233
11.3964	0.04216
11.4215	0.04193
11.4467	0.04188
11.472	0.04179
11.4974	0.04162
11.523	0.04156
11.5487	0.04137
11.5744	0.04115
11.6003	0.04106
11.6263	0.04098
11.6525	0.04082
11.6787	0.04061
11.7051	0.04034
11.7316	0.04016
11.7582	0.03998
11.7849	0.03975
11.8117	0.03949
11.8387	0.03938
11.8658	0.03926
11.893	0.03907
11.9203	0.03894
11.9478	0.03880
11.9754	0.03842
12.0031	0.03814
12.031	0.03806
12.059	0.03783
12.0871	0.03755
12.1153	0.03731
12.1437	0.03713
12.1722	0.03694
12.2008	0.03673
12.2296	0.03649
12.2585	0.03618
12.2876	0.03596
12.3168	0.03573
12.3461	0.03564
12.3755	0.03554
12.4052	0.03519
12.4349	0.03482
12.4648	0.03457
12.4948	0.03447
12.525	0.03436
12.5553	0.03410
12.5858	0.03384
12.6164	0.03370
12.6472	0.03356
12.6781	0.03312
12.7092	0.03268
12.7404	0.03264
12.7718	0.03251
12.8033	0.03217
12.835	0.03181
12.8669	0.03159
12.8989	0.03142
12.9311	0.03118
12.9634	0.03086
12.9959	0.03056
13.0285	0.03014
13.0613	0.02980
13.0943	0.02957
13.1275	0.02920
13.1608	0.02883
13.1943	0.02854
13.228	0.02821
13.2618	0.02784
13.2958	0.02745
13.33	0.02703
13.3643	0.02658
13.3988	0.02627
13.4336	0.02601
13.4685	0.02555
13.5035	0.02511
13.5388	0.02480
13.5742	0.02440
13.6099	0.02410
13.6457	0.02390
13.6817	0.02346
13.7179	0.02305
13.7543	0.02284
13.7908	0.02278
13.8276	0.02246
13.8646	0.02197
13.9018	0.02148
13.9392	0.02117
13.9767	0.02111
14.0145	0.02111
14.0525	0.02092
14.0907	0.02084
14.129	0.02094
14.1677	0.02114
14.2065	0.02137
14.2455	0.02191
14.2847	0.02282
14.3242	0.02404
14.3639	0.02578
14.4038	0.02802
14.4439	0.03081
14.4843	0.03437
14.5248	0.03840
14.5656	0.04222
14.6067	0.04524
14.6479	0.04712
14.6894	0.04741
14.7311	0.04642
14.7731	0.04505
14.8153	0.04334
14.8578	0.04110
14.9005	0.03860
14.9434	0.03650
14.9866	0.03517
15.03	0.03416
15.0737	0.03283
15.1177	0.03154
15.1619	0.03042
15.2063	0.02938
15.2511	0.02805
15.2961	0.02695
15.3413	0.02568
15.3868	0.02405
15.4326	0.02252
15.4787	0.02110
15.525	0.01981
15.5717	0.01861
15.6186	0.01760
15.6658	0.01651
15.7132	0.01541
15.761	0.01458
15.809	0.01420
15.8574	0.01371
15.906	0.01309
15.955	0.01293
16.0042	0.01326
16.0538	0.01431
16.1036	0.01542
16.1538	0.01619
16.2043	0.01718
16.2551	0.01836
16.3062	0.01949
16.3576	0.02144
16.4094	0.02361
16.4615	0.02536
16.5139	0.02664
16.5667	0.02786
16.6198	0.02889
16.6732	0.02910
16.727	0.02892
16.7811	0.02860
16.8356	0.02836
16.8905	0.02771
16.9457	0.02667
17.0012	0.02563
17.0571	0.02477
17.1134	0.02446
17.1701	0.02408
17.2272	0.02414
17.2846	0.02441
17.3424	0.02437
17.4006	0.02455
17.4592	0.02425
17.5182	0.02405
17.5775	0.02443
17.6373	0.02469
17.6975	0.02467
17.7581	0.02479
17.8192	0.02531
17.8806	0.02543
17.9425	0.02534
18.0048	0.02572
18.0675	0.02610
18.1307	0.02614
18.1943	0.02607
18.2583	0.02624
18.3229	0.02620
18.3879	0.02628
18.4533	0.02634
18.5192	0.02658
18.5856	0.02700
18.6524	0.02745
18.7198	0.02765
18.7876	0.02766
18.8559	0.02786
18.9248	0.02811
18.9941	0.02813
19.0639	0.02812
19.1343	0.02813
19.2051	0.02859
19.2765	0.02893
19.3484	0.02935
19.4209	0.02948
19.4939	0.02919
19.5675	0.02899
19.6416	0.02904
19.7163	0.02971
19.7915	0.03000
19.8673	0.03042
19.9438	0.03060
20.0208	0.02998
20.0984	0.03024
20.1766	0.03076
20.2554	0.03094
20.3348	0.03063
20.4149	0.03061
20.4956	0.03066
20.5769	0.03069
20.6589	0.03023
20.7415	0.02971
20.8248	0.02919
20.9088	0.02931
20.9934	0.02971
21.0788	0.02955
21.1648	0.02893
21.2516	0.02837
21.339	0.02812
21.4272	0.02873
21.5161	0.02916
21.6058	0.02857
21.6962	0.02885
21.7873	0.02872
21.8793	0.02798
21.972	0.02716
22.0655	0.02689
22.1598	0.02723
22.2549	0.02736
22.3508	0.02698
22.4476	0.02603
22.5452	0.02511
22.6436	0.02506
22.7429	0.02541
22.8431	0.02535
22.9442	0.02452
23.0462	0.02435
23.149	0.02381
23.2528	0.02316
23.3576	0.02265
23.4633	0.02219
23.5699	0.02175
23.6776	0.02274
23.7862	0.02381
23.8958	0.02346
24.0064	0.02298
24.1181	0.02277
24.2308	0.02225
24.3446	0.02172
24.4594	0.02182
24.5753	0.02211
24.6923	0.02268
24.8104	0.02308
24.9297	0.02231
25.0502	0.02236
25.1718	0.02233
25.2946	0.02234
25.4185	0.02245
25.5437	0.02233
25.6702	0.02227
25.7979	0.02202
25.9269	0.02181
26.0572	0.02205
26.1888	0.02246
26.3218	0.02269
26.456	0.02251
26.5917	0.02248
26.7288	0.02308
26.8673	0.02365
27.0072	0.02305
27.1486	0.02254
27.2915	0.02154
27.4359	0.02107
27.5818	0.02284
27.7293	0.02361
27.8784	0.02339
28.0291	0.02323
28.1814	0.02242
28.3354	0.02284
28.4911	0.02376
28.6485	0.02340
28.8077	0.02250
28.9686	0.02255
29.1314	0.02334
29.296	0.02358
29.4624	0.02308
29.6307	0.02248
29.801	0.02256
29.9733	0.02341
30.1475	0.02381
30.3238	0.02345
30.5022	0.02356
30.6828	0.02537
30.8654	0.02780
31.0502	0.02767
31.2373	0.02635
31.4266	0.02679
31.6182	0.02915
31.8122	0.03040
32.0085	0.03026
32.2073	0.03137
32.4086	0.03281
32.6124	0.03382
32.8188	0.03397
33.0279	0.03437
33.2396	0.03451
33.4541	0.03428
33.6713	0.03399
33.8914	0.03425
34.1143	0.03516
34.3403	0.03667
34.5692	0.03625
34.8012	0.03466
35.0363	0.03420
35.2747	0.03495
35.5163	0.03506
35.7612	0.03586
36.0096	0.03761
36.2614	0.03589
36.5167	0.03432
36.7757	0.03705
37.0384	0.03806
37.3049	0.03787
37.5752	0.03686
37.8495	0.03653
38.1278	0.03685
38.4102	0.03917
38.6968	0.04170
38.9878	0.04182
39.2832	0.04062
39.583	0.03889
39.8875	0.03873
40.1967	0.04139
40.5108	0.04199
40.8297	0.04189
41.1538	0.04292
41.483	0.04200
41.8176	0.04181
42.1575	0.04248
42.5031	0.04468
42.8544	0.04461
43.2115	0.04654
43.5746	0.04923
43.9439	0.05032
44.3195	0.04814
44.7015	0.04697
45.0902	0.04946
45.4858	0.05240
45.8883	0.05088
46.298	0.05014
46.7151	0.05341
47.1398	0.05367
47.5723	0.05378
48.0128	0.05562
48.4615	0.05579
48.9187	0.05672
49.3846	0.05203
49.8594	0.04817
50.3435	0.04679
50.837	0.04953
51.3404	0.04881
51.8538	0.04540
52.3776	0.04491
52.912	0.04367
53.4575	0.04698
54.0144	0.04900
54.5829	0.05203
55.1636	0.05342
55.7568	0.05252
56.3628	0.05015
56.9822	0.03943
57.6153	0.04313
58.2627	0.05029
58.9247	0.05774
59.602	0.05985
60.2951	0.05233
61.0044	0.04412
61.7307	0.04905
62.4744	0.05602
63.2363	0.05515
64.017	0.04605
64.8172	0.03833
65.6377	0.04354
66.4792	0.03601
67.3428	0.02809
68.2289	0.04052
69.1386	0.05045
70.0729	0.04630
71.0328	0.04579
72.0194	0.03244
73.0338	0.02617
74.0768	0.03081
75.1504	0.02917
76.2555	0.02510
77.3937	0.03441
78.5663	0.04048
79.775	0.05897
81.0215	0.05638
82.3076	0.05673
83.6351	0.05590
85.0062	0.05061
86.423	0.05754
87.8878	0.07321
89.403	0.06205
90.9715	0.04469
92.596	0.03853
94.2796	0.05626
96.0255	0.07387
97.8373	0.05403
99.7188	0.06449
