Brown University Keck/NASA Relab Spectrum ZL-ZAL-005/BKR1ZL005
Wavelength(micron)	Reflectance	Standard Deviation
0.32	.346758	.004441
0.33	.360565	.004033
0.34	.377545	.004279
0.35	.388949	.003737
0.36	.394569	.009305
0.37	.406926	.003071
0.38	.418668	.002728
0.39	.423536	.002989
0.4	.432627	.002991
0.41	.436243	.003252
0.42	.442215	.003804
0.43	.447811	.002533
0.44	.456618	.002683
0.45	.462540	.002660
0.46	.468211	.004030
0.47	.473880	.002781
0.48	.480920	.003369
0.49	.487047	.002693
0.5	.493903	.003519
0.51	.499515	.002486
0.52	.506164	.003364
0.53	.511075	.002667
0.54	.521507	.002859
0.55	.530032	.002762
0.56	.546636	.003649
0.57	.564528	.002882
0.58	.583682	.003290
0.59	.597529	.002908
0.6	.607996	.002950
0.61	.612849	.003153
0.62	.617135	.003122
0.63	.617632	.003199
0.64	.620586	.003240
0.65	.620688	.003179
0.66	.624364	.003387
0.67	.623869	.003279
0.68	.625671	.003421
0.69	.627097	.003340
0.7	.630702	.003362
0.71	.633162	.003317
0.72	.637698	.003849
0.73	.638955	.003158
0.74	.643818	.004038
0.75	.645947	.003334
0.76	.650476	.004022
0.77	.651725	.003237
0.78	.654711	.003630
0.79	.656284	.003543
0.8	.657658	.003607
0.81	.657635	.003592
0.82	.657347	.003567
0.83	.656322	.003166
0.84	.655090	.003154
0.85	.653769	.003586
0.86	.653922	.002950
0.87	.652459	.004736
0.88	.654204	.002158
0.89	.653638	.006425
0.9	.656239	.001859
0.91	.657127	.003248
0.92	.660242	.001821
0.93	.661778	.003512
0.94	.665151	.001662
0.95	.665893	.004650
0.96	.669614	.001483
0.97	.672594	.001877
0.98	.672150	.001731
0.99	.672838	.003260
1	.675604	.001662
1.01	.680556	.003271
1.02	.686487	.001586
1.03	.690308	.003301
1.04	.693872	.001815
1.05	.696991	.003241
1.06	.699862	.001604
1.07	.701937	.003066
1.08	.704543	.001673
1.09	.706696	.002745
1.1	.708423	.001733
1.11	.709837	.002320
1.12	.712049	.001840
1.13	.713218	.002388
1.14	.714003	.001856
1.15	.712244	.002466
1.16	.706277	.001672
1.17	.693775	.002203
1.18	.687113	.001686
1.19	.688370	.002191
1.2	.689690	.001702
1.21	.690550	.002178
1.22	.702310	.001631
1.23	.705084	.002092
1.24	.713122	.001695
1.25	.722545	.002124
1.26	.726737	.001598
1.27	.730566	.001790
1.28	.734465	.001724
1.29	.737067	.001716
1.3	.737673	.001553
1.31	.737186	.001758
1.32	.733753	.001674
1.33	.727758	.001697
1.34	.717928	.001555
1.35	.704031	.002158
1.36	.689651	.001748
1.37	.678784	.001935
1.38	.664218	.001527
1.39	.650484	.002539
1.4	.644370	.001629
1.41	.612466	.001631
1.42	.559804	.001394
1.43	.515390	.002154
1.44	.433960	.001464
1.45	.412458	.001279
1.46	.468546	.001475
1.47	.485334	.001432
1.48	.492329	.001689
1.49	.470009	.002057
1.5	.503240	.001502
1.51	.536895	.001936
1.52	.543110	.001818
1.53	.532866	.001784
1.54	.527493	.001650
1.55	.561757	.002322
1.56	.598353	.001630
1.57	.622871	.002053
1.58	.641560	.001645
1.59	.657065	.001755
1.6	.674888	.001509
1.61	.691687	.001681
1.62	.704835	.001770
1.63	.716311	.001730
1.64	.728079	.001784
1.6503	.737112	.000000
1.65082	.737306	.000000
1.65135	.737889	.000000
1.65187	.738124	.000000
1.6524	.738091	.000000
1.65293	.738881	.000000
1.65345	.739654	.000000
1.65398	.739648	.000000
1.65451	.739293	.000000
1.65504	.739695	.000000
1.65557	.740260	.000000
1.6561	.740840	.000000
1.65662	.741157	.000000
1.65715	.741093	.000000
1.65768	.741410	.000000
1.65821	.741477	.000000
1.65874	.741418	.000000
1.65928	.741860	.000000
1.65981	.742344	.000000
1.66034	.742960	.000000
1.66087	.742916	.000000
1.6614	.742528	.000000
1.66193	.743297	.000000
1.66247	.744231	.000000
1.663	.743972	.000000
1.66353	.743704	.000000
1.66407	.743655	.000000
1.6646	.744246	.000000
1.66514	.744911	.000000
1.66567	.745156	.000000
1.66621	.744719	.000000
1.66674	.744476	.000000
1.66728	.744975	.000000
1.66782	.745072	.000000
1.66835	.745307	.000000
1.66889	.745698	.000000
1.66943	.745456	.000000
1.66996	.745325	.000000
1.6705	.745837	.000000
1.67104	.746207	.000000
1.67158	.746251	.000000
1.67212	.746051	.000000
1.67266	.746197	.000000
1.6732	.745791	.000000
1.67374	.745136	.000000
1.67428	.745082	.000000
1.67482	.745410	.000000
1.67536	.745371	.000000
1.6759	.745606	.000000
1.67644	.745808	.000000
1.67699	.745701	.000000
1.67753	.745461	.000000
1.67807	.745627	.000000
1.67861	.745443	.000000
1.67916	.744788	.000000
1.6797	.744410	.000000
1.68025	.744617	.000000
1.68079	.744182	.000000
1.68134	.744052	.000000
1.68188	.743714	.000000
1.68243	.743607	.000000
1.68297	.744013	.000000
1.68352	.743768	.000000
1.68407	.743745	.000000
1.68461	.743438	.000000
1.68516	.742438	.000000
1.68571	.742177	.000000
1.68626	.741883	.000000
1.68681	.741584	.000000
1.68735	.741288	.000000
1.6879	.740840	.000000
1.68845	.740467	.000000
1.689	.740175	.000000
1.68955	.740267	.000000
1.69011	.739684	.000000
1.69066	.739045	.000000
1.69121	.738516	.000000
1.69176	.737787	.000000
1.69231	.737068	.000000
1.69286	.736774	.000000
1.69342	.736358	.000000
1.69397	.735596	.000000
1.69452	.734360	.000000
1.69508	.733903	.000000
1.69563	.733604	.000000
1.69619	.732576	.000000
1.69674	.731622	.000000
1.6973	.731098	.000000
1.69785	.730070	.000000
1.69841	.728582	.000000
1.69897	.727395	.000000
1.69952	.726531	.000000
1.70008	.725950	.000000
1.70064	.724715	.000000
1.7012	.723337	.000000
1.70175	.722506	.000000
1.70231	.721583	.000000
1.70287	.720644	.000000
1.70343	.719614	.000000
1.70399	.718335	.000000
1.70455	.717036	.000000
1.70511	.716093	.000000
1.70567	.714592	.000000
1.70623	.713081	.000000
1.7068	.711725	.000000
1.70736	.709624	.000000
1.70792	.707788	.000000
1.70848	.706440	.000000
1.70905	.705113	.000000
1.70961	.703458	.000000
1.71017	.701364	.000000
1.71074	.699741	.000000
1.7113	.698355	.000000
1.71187	.696322	.000000
1.71243	.694693	.000000
1.713	.693312	.000000
1.71357	.691029	.000000
1.71413	.689039	.000000
1.7147	.687285	.000000
1.71527	.685426	.000000
1.71583	.683805	.000000
1.7164	.681716	.000000
1.71697	.679432	.000000
1.71754	.677008	.000000
1.71811	.674955	.000000
1.71868	.673134	.000000
1.71925	.670969	.000000
1.71982	.668560	.000000
1.72039	.665944	.000000
1.72096	.663919	.000000
1.72153	.662029	.000000
1.7221	.659850	.000000
1.72267	.657559	.000000
1.72325	.655232	.000000
1.72382	.652588	.000000
1.72439	.649960	.000000
1.72497	.647986	.000000
1.72554	.646150	.000000
1.72612	.643639	.000000
1.72669	.641322	.000000
1.72727	.638936	.000000
1.72784	.636689	.000000
1.72842	.634298	.000000
1.72899	.631690	.000000
1.72957	.629076	.000000
1.73015	.626949	.000000
1.73073	.624346	.000000
1.7313	.622088	.000000
1.73188	.619948	.000000
1.73246	.618063	.000000
1.73304	.615994	.000000
1.73362	.613402	.000000
1.7342	.610822	.000000
1.73478	.608528	.000000
1.73536	.606459	.000000
1.73594	.604460	.000000
1.73652	.602560	.000000
1.7371	.600652	.000000
1.73769	.598453	.000000
1.73827	.596203	.000000
1.73885	.594364	.000000
1.73943	.592758	.000000
1.74002	.590767	.000000
1.7406	.588700	.000000
1.74119	.587084	.000000
1.74177	.585952	.000000
1.74236	.584668	.000000
1.74294	.583249	.000000
1.74353	.581842	.000000
1.74412	.580589	.000000
1.7447	.579239	.000000
1.74529	.577902	.000000
1.74588	.577137	.000000
1.74647	.576511	.000000
1.74705	.576138	.000000
1.74764	.575603	.000000
1.74823	.574846	.000000
1.74882	.574752	.000000
1.74941	.575153	.000000
1.75	.575151	.000000
1.75059	.574915	.000000
1.75119	.575061	.000000
1.75178	.575882	.000000
1.75237	.576698	.000000
1.75296	.577334	.000000
1.75355	.578590	.000000
1.75415	.579822	.000000
1.75474	.580492	.000000
1.75533	.581658	.000000
1.75593	.582973	.000000
1.75652	.584215	.000000
1.75712	.585514	.000000
1.75772	.586524	.000000
1.75831	.587936	.000000
1.75891	.589700	.000000
1.7595	.591094	.000000
1.7601	.592035	.000000
1.7607	.593436	.000000
1.7613	.594771	.000000
1.7619	.595985	.000000
1.7625	.597072	.000000
1.76309	.597786	.000000
1.76369	.598517	.000000
1.76429	.599849	.000000
1.7649	.600693	.000000
1.7655	.600867	.000000
1.7661	.601437	.000000
1.7667	.602232	.000000
1.7673	.602672	.000000
1.7679	.602736	.000000
1.76851	.603132	.000000
1.76911	.603861	.000000
1.76971	.604434	.000000
1.77032	.604636	.000000
1.77092	.605022	.000000
1.77153	.605191	.000000
1.77213	.605605	.000000
1.77274	.606065	.000000
1.77335	.606418	.000000
1.77395	.606702	.000000
1.77456	.606861	.000000
1.77517	.607508	.000000
1.77578	.608068	.000000
1.77638	.608505	.000000
1.77699	.609295	.000000
1.7776	.609592	.000000
1.77821	.609714	.000000
1.77882	.610607	.000000
1.77943	.611553	.000000
1.78004	.612034	.000000
1.78065	.613274	.000000
1.78127	.614655	.000000
1.78188	.615590	.000000
1.78249	.616848	.000000
1.7831	.618137	.000000
1.78372	.619250	.000000
1.78433	.620341	.000000
1.78495	.621625	.000000
1.78556	.623065	.000000
1.78618	.624497	.000000
1.78679	.626437	.000000
1.78741	.628146	.000000
1.78802	.629051	.000000
1.78864	.630759	.000000
1.78926	.632776	.000000
1.78988	.634633	.000000
1.79049	.636060	.000000
1.79111	.637502	.000000
1.79173	.639151	.000000
1.79235	.640514	.000000
1.79297	.641905	.000000
1.79359	.643429	.000000
1.79421	.644577	.000000
1.79483	.645738	.000000
1.79545	.647272	.000000
1.79608	.648635	.000000
1.7967	.650072	.000000
1.79732	.651407	.000000
1.79794	.652356	.000000
1.79857	.653749	.000000
1.79919	.655232	.000000
1.79982	.656209	.000000
1.80044	.657378	.000000
1.80107	.658183	.000000
1.80169	.659221	.000000
1.80232	.660526	.000000
1.80295	.661331	.000000
1.80357	.662259	.000000
1.8042	.663014	.000000
1.80483	.663643	.000000
1.80546	.664284	.000000
1.80609	.665044	.000000
1.80672	.665834	.000000
1.80734	.666721	.000000
1.80798	.667476	.000000
1.80861	.667782	.000000
1.80924	.668233	.000000
1.80987	.669030	.000000
1.8105	.669736	.000000
1.81113	.670544	.000000
1.81177	.671043	.000000
1.8124	.671541	.000000
1.81303	.671920	.000000
1.81367	.672250	.000000
1.8143	.672881	.000000
1.81494	.673492	.000000
1.81557	.674127	.000000
1.81621	.674602	.000000
1.81684	.675254	.000000
1.81748	.675674	.000000
1.81812	.675628	.000000
1.81876	.675850	.000000
1.8194	.676809	.000000
1.82003	.677612	.000000
1.82067	.677709	.000000
1.82131	.677612	.000000
1.82195	.677770	.000000
1.82259	.678261	.000000
1.82323	.678760	.000000
1.82388	.678924	.000000
1.82452	.679279	.000000
1.82516	.679601	.000000
1.8258	.679854	.000000
1.82645	.680005	.000000
1.82709	.680386	.000000
1.82773	.680683	.000000
1.82838	.680478	.000000
1.82902	.680240	.000000
1.82967	.680414	.000000
1.83031	.680655	.000000
1.83096	.680611	.000000
1.83161	.680565	.000000
1.83225	.680568	.000000
1.8329	.680156	.000000
1.83355	.679862	.000000
1.8342	.680107	.000000
1.83485	.680299	.000000
1.8355	.680276	.000000
1.83615	.679962	.000000
1.8368	.679836	.000000
1.83745	.679798	.000000
1.8381	.679443	.000000
1.83875	.679016	.000000
1.8394	.678514	.000000
1.84006	.678154	.000000
1.84071	.678000	.000000
1.84136	.677701	.000000
1.84202	.677118	.000000
1.84267	.676768	.000000
1.84333	.676530	.000000
1.84398	.676037	.000000
1.84464	.675137	.000000
1.8453	.674239	.000000
1.84595	.673559	.000000
1.84661	.672845	.000000
1.84727	.672060	.000000
1.84793	.671541	.000000
1.84859	.670662	.000000
1.84925	.669531	.000000
1.84991	.668606	.000000
1.85057	.667629	.000000
1.85123	.666363	.000000
1.85189	.665034	.000000
1.85255	.663824	.000000
1.85321	.662543	.000000
1.85387	.661040	.000000
1.85454	.658996	.000000
1.8552	.657212	.000000
1.85586	.655616	.000000
1.85653	.653844	.000000
1.85719	.651834	.000000
1.85786	.649640	.000000
1.85853	.647385	.000000
1.85919	.645045	.000000
1.85986	.642603	.000000
1.86053	.640386	.000000
1.86119	.637919	.000000
1.86186	.635382	.000000
1.86253	.632707	.000000
1.8632	.629953	.000000
1.86387	.626834	.000000
1.86454	.623694	.000000
1.86521	.620722	.000000
1.86588	.617687	.000000
1.86655	.614527	.000000
1.86723	.610921	.000000
1.8679	.606950	.000000
1.86857	.603398	.000000
1.86925	.599801	.000000
1.86992	.595965	.000000
1.87059	.592273	.000000
1.87127	.588386	.000000
1.87195	.584425	.000000
1.87262	.580298	.000000
1.8733	.576225	.000000
1.87398	.572233	.000000
1.87465	.567725	.000000
1.87533	.563212	.000000
1.87601	.558893	.000000
1.87669	.554137	.000000
1.87737	.549335	.000000
1.87805	.544727	.000000
1.87873	.540086	.000000
1.87941	.535122	.000000
1.88009	.530417	.000000
1.88077	.525769	.000000
1.88146	.520821	.000000
1.88214	.515896	.000000
1.88282	.510871	.000000
1.88351	.505987	.000000
1.88419	.501224	.000000
1.88488	.496237	.000000
1.88556	.491231	.000000
1.88625	.486311	.000000
1.88693	.481243	.000000
1.88762	.476113	.000000
1.88831	.470981	.000000
1.889	.466036	.000000
1.88968	.461027	.000000
1.89037	.455907	.000000
1.89106	.450988	.000000
1.89175	.446109	.000000
1.89244	.441112	.000000
1.89313	.436510	.000000
1.89383	.431708	.000000
1.89452	.426731	.000000
1.89521	.422009	.000000
1.8959	.417275	.000000
1.8966	.412343	.000000
1.89729	.407628	.000000
1.89799	.402800	.000000
1.89868	.397773	.000000
1.89938	.392674	.000000
1.90007	.387609	.000000
1.90077	.382730	.000000
1.90147	.377910	.000000
1.90216	.373304	.000000
1.90286	.368569	.000000
1.90356	.363953	.000000
1.90426	.359049	.000000
1.90496	.353666	.000000
1.90566	.348879	.000000
1.90636	.344504	.000000
1.90706	.339858	.000000
1.90776	.335212	.000000
1.90846	.330463	.000000
1.90917	.325815	.000000
1.90987	.321521	.000000
1.91057	.317274	.000000
1.91128	.312981	.000000
1.91198	.308465	.000000
1.91269	.303873	.000000
1.9134	.299441	.000000
1.9141	.295041	.000000
1.91481	.290783	.000000
1.91552	.286441	.000000
1.91622	.282041	.000000
1.91693	.277663	.000000
1.91764	.273185	.000000
1.91835	.268698	.000000
1.91906	.263939	.000000
1.91977	.259403	.000000
1.92048	.255038	.000000
1.92119	.250545	.000000
1.92191	.246198	.000000
1.92262	.241634	.000000
1.92333	.236643	.000000
1.92405	.231672	.000000
1.92476	.227118	.000000
1.92547	.222727	.000000
1.92619	.218032	.000000
1.92691	.213202	.000000
1.92762	.208651	.000000
1.92834	.204109	.000000
1.92906	.199821	.000000
1.92977	.195771	.000000
1.93049	.191761	.000000
1.93121	.187649	.000000
1.93193	.183870	.000000
1.93265	.180597	.000000
1.93337	.177322	.000000
1.93409	.174169	.000000
1.93482	.171433	.000000
1.93554	.169221	.000000
1.93626	.167231	.000000
1.93698	.165395	.000000
1.93771	.164038	.000000
1.93843	.162826	.000000
1.93916	.161723	.000000
1.93988	.160816	.000000
1.94061	.159959	.000000
1.94134	.159294	.000000
1.94206	.158977	.000000
1.94279	.158801	.000000
1.94352	.158663	.000000
1.94425	.158415	.000000
1.94498	.158223	.000000
1.94571	.158540	.000000
1.94644	.158900	.000000
1.94717	.159064	.000000
1.9479	.159187	.000000
1.94863	.159553	.000000
1.94936	.160143	.000000
1.9501	.161138	.000000
1.95083	.162197	.000000
1.95157	.163634	.000000
1.9523	.165567	.000000
1.95304	.167779	.000000
1.95377	.170709	.000000
1.95451	.174102	.000000
1.95525	.177889	.000000
1.95598	.182433	.000000
1.95672	.187212	.000000
1.95746	.191996	.000000
1.9582	.196502	.000000
1.95894	.201181	.000000
1.95968	.205577	.000000
1.96042	.209558	.000000
1.96116	.212921	.000000
1.9619	.215943	.000000
1.96265	.218288	.000000
1.96339	.219986	.000000
1.96413	.221331	.000000
1.96488	.222213	.000000
1.96562	.222668	.000000
1.96637	.222950	.000000
1.96711	.223075	.000000
1.96786	.223169	.000000
1.96861	.223090	.000000
1.96936	.223144	.000000
1.9701	.223479	.000000
1.97085	.223719	.000000
1.9716	.224238	.000000
1.97235	.224890	.000000
1.9731	.225606	.000000
1.97385	.226414	.000000
1.97461	.227384	.000000
1.97536	.228736	.000000
1.97611	.230291	.000000
1.97686	.231830	.000000
1.97762	.233398	.000000
1.97837	.235052	.000000
1.97913	.236645	.000000
1.97988	.238325	.000000
1.98064	.240041	.000000
1.9814	.241805	.000000
1.98216	.243628	.000000
1.98291	.245365	.000000
1.98367	.247088	.000000
1.98443	.248881	.000000
1.98519	.250706	.000000
1.98595	.252374	.000000
1.98671	.254670	.000000
1.98747	.257068	.000000
1.98824	.259654	.000000
1.989	.262763	.000000
1.98976	.266046	.000000
1.99053	.269600	.000000
1.99129	.273802	.000000
1.99206	.278806	.000000
1.99282	.284255	.000000
1.99359	.289967	.000000
1.99435	.296345	.000000
1.99512	.303451	.000000
1.99589	.310930	.000000
1.99666	.318394	.000000
1.99743	.326099	.000000
1.9982	.334082	.000000
1.99897	.341702	.000000
1.99974	.349404	.000000
2.00051	.357093	.000000
2.00128	.364595	.000000
2.00205	.371895	.000000
2.00283	.378932	.000000
2.0036	.385604	.000000
2.00438	.391963	.000000
2.00515	.398374	.000000
2.00593	.404626	.000000
2.0067	.410323	.000000
2.00748	.415598	.000000
2.00826	.420988	.000000
2.00904	.426023	.000000
2.00982	.430899	.000000
2.0106	.435817	.000000
2.01138	.440107	.000000
2.01216	.444344	.000000
2.01294	.448617	.000000
2.01372	.452394	.000000
2.0145	.455900	.000000
2.01528	.459480	.000000
2.01607	.463152	.000000
2.01685	.466708	.000000
2.01764	.470010	.000000
2.01842	.473239	.000000
2.01921	.476428	.000000
2.02	.479238	.000000
2.02078	.481892	.000000
2.02157	.484733	.000000
2.02236	.487362	.000000
2.02315	.489781	.000000
2.02394	.492067	.000000
2.02473	.494378	.000000
2.02552	.496606	.000000
2.02631	.498751	.000000
2.0271	.500953	.000000
2.0279	.503126	.000000
2.02869	.505082	.000000
2.02948	.507110	.000000
2.03028	.508846	.000000
2.03107	.510554	.000000
2.03187	.512431	.000000
2.03267	.514075	.000000
2.03346	.515589	.000000
2.03426	.517290	.000000
2.03506	.518757	.000000
2.03586	.520136	.000000
2.03666	.521803	.000000
2.03746	.523355	.000000
2.03826	.524437	.000000
2.03906	.525753	.000000
2.03986	.527277	.000000
2.04067	.528589	.000000
2.04147	.529883	.000000
2.04227	.531085	.000000
2.04308	.532123	.000000
2.04388	.533228	.000000
2.04469	.534381	.000000
2.0455	.535373	.000000
2.0463	.536383	.000000
2.04711	.537357	.000000
2.04792	.538337	.000000
2.04873	.539035	.000000
2.04954	.539539	.000000
2.05035	.540050	.000000
2.05116	.540758	.000000
2.05197	.541487	.000000
2.05279	.541789	.000000
2.0536	.541934	.000000
2.05441	.542073	.000000
2.05523	.542244	.000000
2.05604	.542382	.000000
2.05686	.542257	.000000
2.05767	.541894	.000000
2.05849	.541702	.000000
2.05931	.541428	.000000
2.06013	.540886	.000000
2.06095	.540416	.000000
2.06176	.540252	.000000
2.06258	.539981	.000000
2.06341	.539592	.000000
2.06423	.539211	.000000
2.06505	.538968	.000000
2.06587	.538802	.000000
2.0667	.538797	.000000
2.06752	.538748	.000000
2.06834	.538792	.000000
2.06917	.539109	.000000
2.07	.539372	.000000
2.07082	.539702	.000000
2.07165	.540012	.000000
2.07248	.540231	.000000
2.07331	.540413	.000000
2.07414	.540492	.000000
2.07497	.540725	.000000
2.0758	.540907	.000000
2.07663	.540866	.000000
2.07746	.540664	.000000
2.07829	.540669	.000000
2.07913	.540569	.000000
2.07996	.540306	.000000
2.0808	.540042	.000000
2.08163	.539927	.000000
2.08247	.539590	.000000
2.0833	.539104	.000000
2.08414	.538733	.000000
2.08498	.538132	.000000
2.08582	.537498	.000000
2.08666	.536833	.000000
2.0875	.536138	.000000
2.08834	.535371	.000000
2.08918	.534734	.000000
2.09002	.533903	.000000
2.09086	.533125	.000000
2.09171	.532353	.000000
2.09255	.531422	.000000
2.0934	.530420	.000000
2.09424	.529561	.000000
2.09509	.528778	.000000
2.09594	.527707	.000000
2.09678	.526590	.000000
2.09763	.525426	.000000
2.09848	.524137	.000000
2.09933	.523084	.000000
2.10018	.522107	.000000
2.10103	.520923	.000000
2.10188	.519673	.000000
2.10274	.518502	.000000
2.10359	.517356	.000000
2.10444	.516014	.000000
2.1053	.514630	.000000
2.10615	.513408	.000000
2.10701	.512094	.000000
2.10787	.510871	.000000
2.10872	.509705	.000000
2.10958	.508434	.000000
2.11044	.507000	.000000
2.1113	.505397	.000000
2.11216	.504008	.000000
2.11302	.502881	.000000
2.11388	.501845	.000000
2.11474	.500569	.000000
2.11561	.499193	.000000
2.11647	.497953	.000000
2.11733	.496577	.000000
2.1182	.495018	.000000
2.11907	.493903	.000000
2.11993	.492819	.000000
2.1208	.491653	.000000
2.12167	.490548	.000000
2.12254	.489387	.000000
2.1234	.488047	.000000
2.12427	.486651	.000000
2.12515	.485372	.000000
2.12602	.484122	.000000
2.12689	.483030	.000000
2.12776	.481961	.000000
2.12863	.480800	.000000
2.12951	.479974	.000000
2.13038	.478844	.000000
2.13126	.477724	.000000
2.13214	.476903	.000000
2.13301	.476067	.000000
2.13389	.475313	.000000
2.13477	.474554	.000000
2.13565	.473697	.000000
2.13653	.472797	.000000
2.13741	.471907	.000000
2.13829	.471091	.000000
2.13917	.470207	.000000
2.14006	.469470	.000000
2.14094	.468496	.000000
2.14182	.467463	.000000
2.14271	.466558	.000000
2.1436	.465640	.000000
2.14448	.464614	.000000
2.14537	.463584	.000000
2.14626	.462566	.000000
2.14715	.461387	.000000
2.14804	.460290	.000000
2.14893	.459313	.000000
2.14982	.458196	.000000
2.15071	.456935	.000000
2.1516	.455757	.000000
2.1525	.454391	.000000
2.15339	.452949	.000000
2.15428	.451878	.000000
2.15518	.450714	.000000
2.15608	.449446	.000000
2.15697	.448111	.000000
2.15787	.446763	.000000
2.15877	.445567	.000000
2.15967	.444529	.000000
2.16057	.443457	.000000
2.16147	.442445	.000000
2.16237	.441330	.000000
2.16327	.439992	.000000
2.16418	.438591	.000000
2.16508	.437389	.000000
2.16598	.436374	.000000
2.16689	.435229	.000000
2.16779	.433850	.000000
2.1687	.432521	.000000
2.16961	.431426	.000000
2.17052	.430429	.000000
2.17143	.429475	.000000
2.17234	.428514	.000000
2.17325	.427404	.000000
2.17416	.426634	.000000
2.17507	.425872	.000000
2.17598	.425131	.000000
2.1769	.424586	.000000
2.17781	.424315	.000000
2.17873	.424289	.000000
2.17964	.424192	.000000
2.18056	.424036	.000000
2.18148	.423750	.000000
2.18239	.423730	.000000
2.18331	.423717	.000000
2.18423	.423740	.000000
2.18515	.423706	.000000
2.18607	.423522	.000000
2.187	.423208	.000000
2.18792	.422679	.000000
2.18884	.422067	.000000
2.18977	.421579	.000000
2.19069	.421321	.000000
2.19162	.420930	.000000
2.19255	.419976	.000000
2.19347	.419063	.000000
2.1944	.418344	.000000
2.19533	.417524	.000000
2.19626	.416544	.000000
2.19719	.415460	.000000
2.19812	.414097	.000000
2.19906	.412747	.000000
2.19999	.411443	.000000
2.20092	.410185	.000000
2.20186	.408942	.000000
2.20279	.407569	.000000
2.20373	.406022	.000000
2.20467	.404347	.000000
2.2056	.402774	.000000
2.20654	.401309	.000000
2.20748	.399711	.000000
2.20842	.397965	.000000
2.20936	.396267	.000000
2.2103	.394733	.000000
2.21125	.392886	.000000
2.21219	.391278	.000000
2.21314	.389774	.000000
2.21408	.388215	.000000
2.21503	.387043	.000000
2.21597	.386235	.000000
2.21692	.385466	.000000
2.21787	.385100	.000000
2.21882	.385297	.000000
2.21977	.385987	.000000
2.22072	.387253	.000000
2.22167	.389115	.000000
2.22262	.391503	.000000
2.22358	.394213	.000000
2.22453	.397013	.000000
2.22548	.399847	.000000
2.22644	.402861	.000000
2.2274	.405984	.000000
2.22835	.409021	.000000
2.22931	.411750	.000000
2.23027	.414115	.000000
2.23123	.416291	.000000
2.23219	.418153	.000000
2.23315	.419830	.000000
2.23412	.421525	.000000
2.23508	.423029	.000000
2.23604	.424323	.000000
2.23701	.425343	.000000
2.23797	.426161	.000000
2.23894	.427033	.000000
2.23991	.427729	.000000
2.24087	.428314	.000000
2.24184	.428851	.000000
2.24281	.429299	.000000
2.24378	.429613	.000000
2.24476	.429864	.000000
2.24573	.429895	.000000
2.2467	.429948	.000000
2.24767	.430117	.000000
2.24865	.430214	.000000
2.24963	.430084	.000000
2.2506	.429818	.000000
2.25158	.429639	.000000
2.25256	.429419	.000000
2.25354	.429051	.000000
2.25452	.428654	.000000
2.2555	.428025	.000000
2.25648	.427384	.000000
2.25746	.426542	.000000
2.25844	.425563	.000000
2.25943	.424553	.000000
2.26041	.423346	.000000
2.2614	.421929	.000000
2.26239	.420664	.000000
2.26337	.419464	.000000
2.26436	.418181	.000000
2.26535	.417025	.000000
2.26634	.415854	.000000
2.26733	.414943	.000000
2.26832	.414476	.000000
2.26932	.414519	.000000
2.27031	.415168	.000000
2.27131	.416056	.000000
2.2723	.417334	.000000
2.2733	.419063	.000000
2.27429	.421116	.000000
2.27529	.423272	.000000
2.27629	.425340	.000000
2.27729	.427545	.000000
2.27829	.429785	.000000
2.27929	.431754	.000000
2.2803	.433497	.000000
2.2813	.435177	.000000
2.2823	.436763	.000000
2.28331	.438187	.000000
2.28432	.439491	.000000
2.28532	.440611	.000000
2.28633	.441729	.000000
2.28734	.442705	.000000
2.28835	.443600	.000000
2.28936	.444329	.000000
2.29037	.444915	.000000
2.29138	.445393	.000000
2.29239	.445833	.000000
2.29341	.446413	.000000
2.29442	.446822	.000000
2.29544	.447198	.000000
2.29646	.447579	.000000
2.29747	.447843	.000000
2.29849	.447963	.000000
2.29951	.448282	.000000
2.30053	.448492	.000000
2.30155	.448625	.000000
2.30257	.449037	.000000
2.3036	.449413	.000000
2.30462	.449379	.000000
2.30565	.449180	.000000
2.30667	.449157	.000000
2.3077	.449113	.000000
2.30873	.448809	.000000
2.30976	.448474	.000000
2.31078	.448167	.000000
2.31182	.447689	.000000
2.31285	.447257	.000000
2.31388	.446884	.000000
2.31491	.446587	.000000
2.31595	.446559	.000000
2.31698	.446735	.000000
2.31802	.446666	.000000
2.31905	.446620	.000000
2.32009	.446564	.000000
2.32113	.446441	.000000
2.32217	.446117	.000000
2.32321	.445838	.000000
2.32425	.445784	.000000
2.32529	.445682	.000000
2.32634	.445459	.000000
2.32738	.445372	.000000
2.32843	.445250	.000000
2.32947	.444881	.000000
2.33052	.444362	.000000
2.33157	.443800	.000000
2.33262	.443217	.000000
2.33367	.442721	.000000
2.33472	.441956	.000000
2.33577	.440895	.000000
2.33682	.439882	.000000
2.33788	.438826	.000000
2.33893	.437658	.000000
2.33999	.436499	.000000
2.34104	.435269	.000000
2.3421	.433968	.000000
2.34316	.432725	.000000
2.34422	.431447	.000000
2.34528	.430002	.000000
2.34634	.428573	.000000
2.3474	.427112	.000000
2.34846	.425473	.000000
2.34953	.423719	.000000
2.35059	.421998	.000000
2.35166	.420387	.000000
2.35273	.418646	.000000
2.3538	.416690	.000000
2.35487	.414764	.000000
2.35594	.412831	.000000
2.35701	.410821	.000000
2.35808	.408684	.000000
2.35915	.406518	.000000
2.36023	.404378	.000000
2.3613	.402007	.000000
2.36238	.399542	.000000
2.36345	.397108	.000000
2.36453	.394382	.000000
2.36561	.391610	.000000
2.36669	.388695	.000000
2.36777	.385788	.000000
2.36885	.382845	.000000
2.36993	.379659	.000000
2.37102	.376460	.000000
2.3721	.373151	.000000
2.37319	.369630	.000000
2.37428	.366152	.000000
2.37536	.362759	.000000
2.37645	.359212	.000000
2.37754	.355528	.000000
2.37863	.351754	.000000
2.37972	.347936	.000000
2.38082	.343983	.000000
2.38191	.339771	.000000
2.38301	.335662	.000000
2.3841	.331630	.000000
2.3852	.327390	.000000
2.3863	.323217	.000000
2.38739	.318998	.000000
2.38849	.314625	.000000
2.3896	.310130	.000000
2.3907	.305663	.000000
2.3918	.301346	.000000
2.3929	.296894	.000000
2.39401	.292455	.000000
2.39511	.288244	.000000
2.39622	.283928	.000000
2.39733	.279588	.000000
2.39844	.275428	.000000
2.39955	.271406	.000000
2.40066	.267453	.000000
2.40177	.263630	.000000
2.40288	.259950	.000000
2.404	.256204	.000000
2.40511	.252547	.000000
2.40623	.248975	.000000
2.40735	.245567	.000000
2.40847	.242381	.000000
2.40958	.239412	.000000
2.41071	.236591	.000000
2.41183	.233970	.000000
2.41295	.231447	.000000
2.41407	.229314	.000000
2.4152	.227358	.000000
2.41632	.225565	.000000
2.41745	.223727	.000000
2.41858	.222029	.000000
2.41971	.220538	.000000
2.42084	.219191	.000000
2.42197	.217956	.000000
2.4231	.216741	.000000
2.42423	.215547	.000000
2.42537	.214552	.000000
2.4265	.213565	.000000
2.42764	.212466	.000000
2.42877	.211458	.000000
2.42991	.210527	.000000
2.43105	.209609	.000000
2.43219	.208827	.000000
2.43333	.207853	.000000
2.43448	.206868	.000000
2.43562	.206022	.000000
2.43676	.205288	.000000
2.43791	.204695	.000000
2.43906	.204071	.000000
2.4402	.203501	.000000
2.44135	.203125	.000000
2.4425	.202746	.000000
2.44365	.202370	.000000
2.44481	.202087	.000000
2.44596	.201795	.000000
2.44711	.201442	.000000
2.44827	.201082	.000000
2.44943	.200816	.000000
2.45058	.200509	.000000
2.45174	.200141	.000000
2.4529	.199806	.000000
2.45406	.199246	.000000
2.45522	.198619	.000000
2.45639	.197898	.000000
2.45755	.197054	.000000
2.45872	.196124	.000000
2.45988	.195310	.000000
2.46105	.194418	.000000
2.46222	.193336	.000000
2.46339	.192204	.000000
2.46456	.191030	.000000
2.46573	.189777	.000000
2.46691	.188578	.000000
2.46808	.187499	.000000
2.46925	.186394	.000000
2.47043	.185328	.000000
2.47161	.184328	.000000
2.47279	.183333	.000000
2.47397	.182546	.000000
2.47515	.181812	.000000
2.47633	.181149	.000000
2.47751	.180525	.000000
2.4787	.180014	.000000
2.47988	.179623	.000000
2.48107	.179352	.000000
2.48226	.179111	.000000
2.48345	.178935	.000000
2.48464	.178741	.000000
2.48583	.178667	.000000
2.48702	.178713	.000000
2.48821	.178638	.000000
2.48941	.178661	.000000
2.4906	.178787	.000000
2.4918	.178856	.000000
2.493	.179019	.000000
2.4942	.179262	.000000
2.4954	.179464	.000000
2.4966	.179730	.000000
2.4978	.180119	.000000
2.499	.180451	.000000
2.50021	.180894	.000000
2.50142	.181497	.000000
2.50262	.181960	.000000
2.50383	.182494	.000000
2.50504	.183088	.000000
2.50625	.183561	.000000
2.50746	.184110	.000000
2.50868	.184673	.000000
2.50989	.185213	.000000
2.51111	.185744	.000000
2.51232	.186312	.000000
2.51354	.186862	.000000
2.51476	.187424	.000000
2.51598	.187803	.000000
2.5172	.188276	.000000
2.51842	.188790	.000000
2.51965	.189204	.000000
2.52087	.189593	.000000
2.5221	.190028	.000000
2.52333	.190470	.000000
2.52455	.190782	.000000
2.52578	.191081	.000000
2.52701	.191319	.000000
2.52825	.191424	.000000
2.52948	.191495	.000000
2.53071	.191638	.000000
2.53195	.191802	.000000
2.53319	.191892	.000000
2.53443	.191787	.000000
2.53566	.191664	.000000
2.53691	.191636	.000000
2.53815	.191508	.000000
2.53939	.191344	.000000
2.54063	.191076	.000000
2.54188	.190825	.000000
2.54313	.190472	.000000
2.54437	.190007	.000000
2.54562	.189611	.000000
2.54687	.189314	.000000
2.54812	.188943	.000000
2.54938	.188511	.000000
2.55063	.188051	.000000
2.55189	.187563	.000000
2.55314	.186995	.000000
2.5544	.186455	.000000
2.55566	.185934	.000000
2.55692	.185379	.000000
2.55818	.184811	.000000
2.55944	.184264	.000000
2.56071	.183727	.000000
2.56197	.183167	.000000
2.56324	.182663	.000000
2.56451	.182216	.000000
2.56578	.181761	.000000
2.56705	.181316	.000000
2.56832	.180904	.000000
2.56959	.180490	.000000
2.57086	.180173	.000000
2.57214	.179950	.000000
2.57342	.179682	.000000
2.57469	.179385	.000000
2.57597	.179165	.000000
2.57725	.179004	.000000
2.57853	.178840	.000000
2.57982	.178633	.000000
2.5811	.178488	.000000
2.58239	.178390	.000000
2.58367	.178229	.000000
2.58496	.178163	.000000
2.58625	.178188	.000000
2.58754	.178091	.000000
2.58883	.177915	.000000
2.59013	.177766	.000000
2.59142	.177562	.000000
2.59272	.177357	.000000
2.59401	.176994	.000000
2.59531	.176672	.000000
2.59661	.176473	.000000
2.59791	.176271	.000000
2.59921	.176097	.000000
2.60052	.175828	.000000
2.60182	.175434	.000000
2.60313	.174949	.000000
2.60444	.174465	.000000
2.60575	.174230	.000000
2.60706	.174015	.000000
2.60837	.173558	.000000
2.60968	.173026	.000000
2.61099	.172619	.000000
2.61231	.172177	.000000
2.61363	.171765	.000000
2.61494	.171284	.000000
2.61626	.170714	.000000
2.61758	.170272	.000000
2.61891	.170059	.000000
2.62023	.169553	.000000
2.62155	.169134	.000000
2.62288	.168817	.000000
2.62421	.168326	.000000
2.62554	.167771	.000000
2.62687	.167303	.000000
2.6282	.166927	.000000
2.62953	.166426	.000000
2.63086	.165840	.000000
2.6322	.165362	.000000
2.63354	.164805	.000000
2.63487	.164191	.000000
2.63621	.163577	.000000
2.63755	.162859	.000000
2.6389	.162064	.000000
2.64024	.161271	.000000
2.64159	.160396	.000000
2.64293	.159299	.000000
2.64428	.158159	.000000
2.64563	.157029	.000000
2.64698	.155809	.000000
2.64833	.154438	.000000
2.64968	.153001	.000000
2.65104	.151554	.000000
2.6524	.149981	.000000
2.65375	.148424	.000000
2.65511	.146864	.000000
2.65647	.145133	.000000
2.65783	.143361	.000000
2.6592	.141602	.000000
2.66056	.139769	.000000
2.66193	.138068	.000000
2.66329	.136342	.000000
2.66466	.134483	.000000
2.66603	.132642	.000000
2.6674	.130860	.000000
2.66878	.129185	.000000
2.67015	.127566	.000000
2.67153	.126070	.000000
2.6729	.124746	.000000
2.67428	.123301	.000000
2.67566	.121619	.000000
2.67704	.120113	.000000
2.67843	.118443	.000000
2.67981	.116568	.000000
2.6812	.114802	.000000
2.68258	.113006	.000000
2.68397	.111194	.000000
2.68536	.109462	.000000
2.68675	.107667	.000000
2.68815	.105775	.000000
2.68954	.103978	.000000
2.69094	.102231	.000000
2.69233	.100359	.000000
2.69373	.098549	.000000
2.69513	.096802	.000000
2.69653	.094928	.000000
2.69794	.092941	.000000
2.69934	.090842	.000000
2.70075	.088868	.000000
2.70215	.086986	.000000
2.70356	.084968	.000000
2.70497	.082815	.000000
2.70638	.080867	.000000
2.7078	.078908	.000000
2.70921	.076937	.000000
2.71063	.075121	.000000
2.71205	.073331	.000000
2.71346	.071536	.000000
2.71489	.069736	.000000
2.71631	.067721	.000000
2.71773	.065330	.000000
2.71916	.062615	.000000
2.72058	.060001	.000000
2.72201	.058467	.000000
2.72344	.058124	.000000
2.72487	.058025	.000000
2.7263	.057766	.000000
2.72774	.057258	.000000
2.72917	.056163	.000000
2.73061	.054412	.000000
2.73205	.053031	.000000
2.73349	.052530	.000000
2.73493	.052282	.000000
2.73638	.051883	.000000
2.73782	.051095	.000000
2.73927	.050210	.000000
2.74071	.049487	.000000
2.74216	.048661	.000000
2.74361	.047579	.000000
2.74507	.046600	.000000
2.74652	.046050	.000000
2.74798	.045505	.000000
2.74943	.044669	.000000
2.75089	.043889	.000000
2.75235	.043127	.000000
2.75381	.042322	.000000
2.75528	.041598	.000000
2.75674	.040946	.000000
2.75821	.040217	.000000
2.75968	.039491	.000000
2.76115	.039026	.000000
2.76262	.038614	.000000
2.76409	.038238	.000000
2.76556	.037954	.000000
2.76704	.037540	.000000
2.76852	.037174	.000000
2.77	.036967	.000000
2.77148	.036816	.000000
2.77296	.036704	.000000
2.77444	.036545	.000000
2.77593	.036505	.000000
2.77741	.036614	.000000
2.7789	.036714	.000000
2.78039	.036709	.000000
2.78188	.036712	.000000
2.78338	.036824	.000000
2.78487	.036985	.000000
2.78637	.037095	.000000
2.78787	.037126	.000000
2.78937	.037420	.000000
2.79087	.037821	.000000
2.79237	.038090	.000000
2.79387	.038379	.000000
2.79538	.038719	.000000
2.79689	.039054	.000000
2.7984	.039460	.000000
2.79991	.039872	.000000
2.80142	.040184	.000000
2.80294	.040481	.000000
2.80445	.040931	.000000
2.80597	.041514	.000000
2.80749	.041821	.000000
2.80901	.042104	.000000
2.81053	.042483	.000000
2.81206	.042764	.000000
2.81358	.043061	.000000
2.81511	.043291	.000000
2.81664	.043460	.000000
2.81817	.043554	.000000
2.8197	.043567	.000000
2.82124	.043585	.000000
2.82277	.043485	.000000
2.82431	.043204	.000000
2.82585	.042956	.000000
2.82739	.042767	.000000
2.82893	.042488	.000000
2.83047	.042112	.000000
2.83202	.041795	.000000
2.83357	.041353	.000000
2.83512	.040862	.000000
2.83667	.040409	.000000
2.83822	.040023	.000000
2.83978	.039685	.000000
2.84133	.039302	.000000
2.84289	.038824	.000000
2.84445	.038381	.000000
2.84601	.038054	.000000
2.84757	.037637	.000000
2.84914	.037144	.000000
2.8507	.036763	.000000
2.85227	.036481	.000000
2.85384	.036200	.000000
2.85541	.035924	.000000
2.85699	.035673	.000000
2.85856	.035420	.000000
2.86014	.035338	.000000
2.86172	.035303	.000000
2.8633	.035229	.000000
2.86488	.035213	.000000
2.86646	.035290	.000000
2.86805	.035282	.000000
2.86963	.035300	.000000
2.87122	.035315	.000000
2.87281	.035287	.000000
2.87441	.035257	.000000
2.876	.035292	.000000
2.8776	.035318	.000000
2.8792	.035313	.000000
2.88079	.035359	.000000
2.8824	.035510	.000000
2.884	.035671	.000000
2.8856	.035722	.000000
2.88721	.035865	.000000
2.88882	.036060	.000000
2.89043	.036290	.000000
2.89204	.036574	.000000
2.89366	.036898	.000000
2.89527	.037305	.000000
2.89689	.037699	.000000
2.89851	.038118	.000000
2.90013	.038675	.000000
2.90175	.039407	.000000
2.90338	.040233	.000000
2.905	.041120	.000000
2.90663	.042120	.000000
2.90826	.043293	.000000
2.90989	.044513	.000000
2.91153	.045776	.000000
2.91316	.047262	.000000
2.9148	.048781	.000000
2.91644	.050213	.000000
2.91808	.051729	.000000
2.91972	.053235	.000000
2.92137	.054667	.000000
2.92302	.055999	.000000
2.92466	.057119	.000000
2.92631	.058032	.000000
2.92797	.058917	.000000
2.92962	.059536	.000000
2.93128	.059807	.000000
2.93294	.059889	.000000
2.93459	.059856	.000000
2.93626	.059569	.000000
2.93792	.059142	.000000
2.93959	.058669	.000000
2.94125	.057968	.000000
2.94292	.057158	.000000
2.94459	.056409	.000000
2.94627	.055672	.000000
2.94794	.054915	.000000
2.94962	.054179	.000000
2.9513	.053419	.000000
2.95298	.052698	.000000
2.95466	.052149	.000000
2.95634	.051568	.000000
2.95803	.050977	.000000
2.95972	.050474	.000000
2.96141	.050021	.000000
2.9631	.049592	.000000
2.9648	.049226	.000000
2.96649	.048973	.000000
2.96819	.048781	.000000
2.96989	.048512	.000000
2.97159	.048167	.000000
2.9733	.047909	.000000
2.975	.047743	.000000
2.97671	.047612	.000000
2.97842	.047428	.000000
2.98013	.047211	.000000
2.98184	.047098	.000000
2.98356	.046976	.000000
2.98528	.046871	.000000
2.987	.046909	.000000
2.98872	.046940	.000000
2.99044	.046909	.000000
2.99217	.046871	.000000
2.9939	.046830	.000000
2.99563	.046855	.000000
2.99736	.046845	.000000
2.99909	.046769	.000000
3.00083	.046699	.000000
3.00256	.046720	.000000
3.0043	.046707	.000000
3.00604	.046699	.000000
3.00779	.046669	.000000
3.00953	.046710	.000000
3.01128	.046779	.000000
3.01303	.046807	.000000
3.01478	.046820	.000000
3.01654	.046884	.000000
3.01829	.046965	.000000
3.02005	.046983	.000000
3.02181	.047004	.000000
3.02357	.047052	.000000
3.02534	.047132	.000000
3.0271	.047185	.000000
3.02887	.047229	.000000
3.03064	.047277	.000000
3.03241	.047359	.000000
3.03419	.047469	.000000
3.03596	.047477	.000000
3.03774	.047579	.000000
3.03952	.047707	.000000
3.04131	.047768	.000000
3.04309	.047822	.000000
3.04488	.047863	.000000
3.04667	.047917	.000000
3.04846	.048050	.000000
3.05025	.048154	.000000
3.05205	.048211	.000000
3.05384	.048206	.000000
3.05564	.048298	.000000
3.05745	.048392	.000000
3.05925	.048423	.000000
3.06106	.048464	.000000
3.06286	.048581	.000000
3.06467	.048737	.000000
3.06649	.048837	.000000
3.0683	.048847	.000000
3.07012	.048814	.000000
3.07194	.048758	.000000
3.07376	.048707	.000000
3.07558	.048702	.000000
3.07741	.048758	.000000
3.07923	.048824	.000000
3.08106	.049016	.000000
3.08289	.049326	.000000
3.08473	.049727	.000000
3.08656	.050095	.000000
3.0884	.050456	.000000
3.09024	.050873	.000000
3.09208	.051307	.000000
3.09393	.051808	.000000
3.09578	.052284	.000000
3.09763	.052742	.000000
3.09948	.053072	.000000
3.10133	.053404	.000000
3.10319	.053790	.000000
3.10505	.054143	.000000
3.10691	.054424	.000000
3.10877	.054759	.000000
3.11063	.055058	.000000
3.1125	.055309	.000000
3.11437	.055534	.000000
3.11624	.055828	.000000
3.11812	.056089	.000000
3.11999	.056388	.000000
3.12187	.056690	.000000
3.12375	.056938	.000000
3.12563	.057286	.000000
3.12752	.057636	.000000
3.12941	.057948	.000000
3.1313	.058288	.000000
3.13319	.058715	.000000
3.13508	.059150	.000000
3.13698	.059561	.000000
3.13888	.059965	.000000
3.14078	.060469	.000000
3.14268	.061039	.000000
3.14459	.061576	.000000
3.1465	.062198	.000000
3.14841	.062835	.000000
3.15032	.063451	.000000
3.15223	.064128	.000000
3.15415	.064878	.000000
3.15607	.065604	.000000
3.15799	.066317	.000000
3.15992	.067082	.000000
3.16185	.067851	.000000
3.16377	.068634	.000000
3.16571	.069386	.000000
3.16764	.070097	.000000
3.16958	.070864	.000000
3.17151	.071684	.000000
3.17346	.072492	.000000
3.1754	.073257	.000000
3.17734	.073996	.000000
3.17929	.074812	.000000
3.18124	.075615	.000000
3.1832	.076400	.000000
3.18515	.077251	.000000
3.18711	.078041	.000000
3.18907	.078778	.000000
3.19103	.079547	.000000
3.193	.080340	.000000
3.19496	.081110	.000000
3.19693	.081892	.000000
3.1989	.082716	.000000
3.20088	.083511	.000000
3.20286	.084334	.000000
3.20484	.085106	.000000
3.20682	.085874	.000000
3.2088	.086725	.000000
3.21079	.087594	.000000
3.21278	.088390	.000000
3.21477	.089154	.000000
3.21677	.089970	.000000
3.21876	.090816	.000000
3.22076	.091586	.000000
3.22276	.092374	.000000
3.22477	.093269	.000000
3.22677	.094110	.000000
3.22878	.094831	.000000
3.23079	.095634	.000000
3.23281	.096526	.000000
3.23483	.097396	.000000
3.23684	.098265	.000000
3.23887	.099180	.000000
3.24089	.100073	.000000
3.24292	.101057	.000000
3.24495	.101998	.000000
3.24698	.102893	.000000
3.24901	.103903	.000000
3.25105	.104957	.000000
3.25309	.105969	.000000
3.25513	.106979	.000000
3.25718	.108033	.000000
3.25922	.109051	.000000
3.26127	.110104	.000000
3.26333	.111127	.000000
3.26538	.112114	.000000
3.26744	.113127	.000000
3.2695	.114160	.000000
3.27156	.115180	.000000
3.27363	.116203	.000000
3.27569	.117300	.000000
3.27777	.118369	.000000
3.27984	.119522	.000000
3.28191	.120762	.000000
3.28399	.121905	.000000
3.28607	.123007	.000000
3.28816	.124035	.000000
3.29024	.124910	.000000
3.29233	.125654	.000000
3.29442	.126198	.000000
3.29652	.126546	.000000
3.29862	.126942	.000000
3.30072	.127671	.000000
3.30282	.128799	.000000
3.30492	.130167	.000000
3.30703	.131642	.000000
3.30914	.133240	.000000
3.31125	.134933	.000000
3.31337	.136723	.000000
3.31549	.138603	.000000
3.31761	.140446	.000000
3.31973	.142236	.000000
3.32186	.144059	.000000
3.32399	.145785	.000000
3.32612	.147447	.000000
3.32826	.149110	.000000
3.33039	.150685	.000000
3.33253	.152099	.000000
3.33468	.153439	.000000
3.33682	.154707	.000000
3.33897	.155934	.000000
3.34112	.157187	.000000
3.34328	.158450	.000000
3.34543	.159780	.000000
3.34759	.161212	.000000
3.34976	.162682	.000000
3.35192	.164214	.000000
3.35409	.165886	.000000
3.35626	.167707	.000000
3.35843	.169571	.000000
3.36061	.171445	.000000
3.36279	.173371	.000000
3.36497	.175350	.000000
3.36716	.177378	.000000
3.36935	.179398	.000000
3.37154	.181443	.000000
3.37373	.183410	.000000
3.37593	.185269	.000000
3.37813	.186987	.000000
3.38033	.188560	.000000
3.38253	.190025	.000000
3.38474	.191518	.000000
3.38695	.193137	.000000
3.38917	.194904	.000000
3.39138	.196668	.000000
3.3936	.198284	.000000
3.39582	.199734	.000000
3.39805	.201161	.000000
3.40028	.202583	.000000
3.40251	.203984	.000000
3.40474	.205326	.000000
3.40698	.206643	.000000
3.40922	.207924	.000000
3.41146	.209172	.000000
3.41371	.210423	.000000
3.41596	.211673	.000000
3.41821	.212954	.000000
3.42046	.214294	.000000
3.42272	.215649	.000000
3.42498	.216953	.000000
3.42725	.218216	.000000
3.42951	.219377	.000000
3.43178	.220451	.000000
3.43405	.221456	.000000
3.43633	.222487	.000000
3.43861	.223609	.000000
3.44089	.224773	.000000
3.44318	.225959	.000000
3.44546	.227189	.000000
3.44775	.228491	.000000
3.45005	.229925	.000000
3.45235	.231449	.000000
3.45465	.233029	.000000
3.45695	.234541	.000000
3.45925	.235937	.000000
3.46156	.237320	.000000
3.46388	.238698	.000000
3.46619	.239990	.000000
3.46851	.241174	.000000
3.47083	.242363	.000000
3.47316	.243636	.000000
3.47548	.245032	.000000
3.47781	.246469	.000000
3.48015	.247975	.000000
3.48249	.249540	.000000
3.48483	.251179	.000000
3.48717	.252862	.000000
3.48952	.254662	.000000
3.49187	.256652	.000000
3.49422	.258741	.000000
3.49658	.261011	.000000
3.49894	.263446	.000000
3.5013	.266015	.000000
3.50366	.268736	.000000
3.50603	.271557	.000000
3.5084	.274400	.000000
3.51078	.277190	.000000
3.51316	.279900	.000000
3.51554	.282488	.000000
3.51792	.284991	.000000
3.52031	.287336	.000000
3.5227	.289528	.000000
3.5251	.291612	.000000
3.5275	.293558	.000000
3.5299	.295358	.000000
3.5323	.297030	.000000
3.53471	.298595	.000000
3.53712	.300006	.000000
3.53954	.301208	.000000
3.54195	.302269	.000000
3.54438	.303223	.000000
3.5468	.304272	.000000
3.54923	.305581	.000000
3.55166	.307233	.000000
3.55409	.309051	.000000
3.55653	.310928	.000000
3.55897	.312787	.000000
3.56142	.314541	.000000
3.56386	.316182	.000000
3.56631	.317734	.000000
3.56877	.319192	.000000
3.57123	.320721	.000000
3.57369	.322306	.000000
3.57615	.323969	.000000
3.57862	.325674	.000000
3.58109	.327382	.000000
3.58357	.329134	.000000
3.58604	.330906	.000000
3.58853	.332737	.000000
3.59101	.334619	.000000
3.5935	.336534	.000000
3.59599	.338523	.000000
3.59849	.340605	.000000
3.60099	.342722	.000000
3.60349	.344855	.000000
3.60599	.346933	.000000
3.6085	.348971	.000000
3.61102	.350935	.000000
3.61353	.352787	.000000
3.61605	.354630	.000000
3.61858	.356456	.000000
3.6211	.358169	.000000
3.62363	.359798	.000000
3.62617	.361445	.000000
3.62871	.363030	.000000
3.63125	.364541	.000000
3.63379	.366070	.000000
3.63634	.367646	.000000
3.63889	.369126	.000000
3.64145	.370591	.000000
3.64401	.372138	.000000
3.64657	.373634	.000000
3.64913	.375092	.000000
3.6517	.376557	.000000
3.65428	.378050	.000000
3.65685	.379510	.000000
3.65943	.380963	.000000
3.66202	.382405	.000000
3.66461	.383745	.000000
3.6672	.385008	.000000
3.66979	.386274	.000000
3.67239	.387496	.000000
3.675	.388596	.000000
3.6776	.389672	.000000
3.68021	.390690	.000000
3.68283	.391626	.000000
3.68544	.392549	.000000
3.68806	.393334	.000000
3.69069	.394019	.000000
3.69332	.394743	.000000
3.69595	.395461	.000000
3.69859	.396103	.000000
3.70123	.396614	.000000
3.70387	.397006	.000000
3.70652	.397295	.000000
3.70917	.397492	.000000
3.71183	.397581	.000000
3.71448	.397548	.000000
3.71715	.397512	.000000
3.71981	.397481	.000000
3.72248	.397417	.000000
3.72516	.397364	.000000
3.72783	.397318	.000000
3.73052	.397323	.000000
3.7332	.397310	.000000
3.73589	.397259	.000000
3.73859	.397082	.000000
3.74128	.396689	.000000
3.74398	.396055	.000000
3.74669	.395119	.000000
3.7494	.393991	.000000
3.75211	.392779	.000000
3.75483	.391482	.000000
3.75755	.390150	.000000
3.76027	.388792	.000000
3.763	.387501	.000000
3.76574	.386294	.000000
3.76847	.385062	.000000
3.77121	.383814	.000000
3.77396	.382627	.000000
3.77671	.381492	.000000
3.77946	.380306	.000000
3.78222	.379017	.000000
3.78498	.377720	.000000
3.78774	.376501	.000000
3.79051	.375368	.000000
3.79328	.374271	.000000
3.79606	.373253	.000000
3.79884	.372305	.000000
3.80163	.371486	.000000
3.80442	.370873	.000000
3.80721	.370666	.000000
3.81001	.370952	.000000
3.81281	.371594	.000000
3.81561	.372363	.000000
3.81842	.373148	.000000
3.82124	.373800	.000000
3.82405	.374343	.000000
3.82688	.374818	.000000
3.8297	.375158	.000000
3.83253	.375381	.000000
3.83537	.375409	.000000
3.83821	.375143	.000000
3.84105	.374440	.000000
3.8439	.373138	.000000
3.84675	.371154	.000000
3.8496	.368510	.000000
3.85246	.365339	.000000
3.85533	.361808	.000000
3.8582	.357990	.000000
3.86107	.353653	.000000
3.86395	.348718	.000000
3.86683	.343458	.000000
3.86971	.338978	.000000
3.8726	.336928	.000000
3.8755	.338078	.000000
3.8784	.341357	.000000
3.8813	.345013	.000000
3.88421	.347923	.000000
3.88712	.349826	.000000
3.89004	.350917	.000000
3.89296	.351337	.000000
3.89588	.351155	.000000
3.89881	.350429	.000000
3.90174	.349312	.000000
3.90468	.347959	.000000
3.90762	.346440	.000000
3.91057	.344890	.000000
3.91352	.343372	.000000
3.91648	.341901	.000000
3.91944	.340464	.000000
3.9224	.338966	.000000
3.92537	.337378	.000000
3.92835	.335823	.000000
3.93132	.334151	.000000
3.93431	.332356	.000000
3.93729	.330423	.000000
3.94029	.328201	.000000
3.94328	.325687	.000000
3.94628	.322969	.000000
3.94929	.320136	.000000
3.9523	.317128	.000000
3.95531	.313820	.000000
3.95833	.310201	.000000
3.96136	.306218	.000000
3.96439	.301991	.000000
3.96742	.297823	.000000
3.97046	.294409	.000000
3.9735	.292555	.000000
3.97655	.292701	.000000
3.9796	.294514	.000000
3.98265	.297178	.000000
3.98571	.299848	.000000
3.98878	.302029	.000000
3.99185	.303676	.000000
3.99493	.304952	.000000
3.99801	.305880	.000000
4.00109	.306596	.000000
4.00418	.307197	.000000
4.00728	.307688	.000000
4.01038	.307969	.000000
4.01348	.308117	.000000
4.01659	.308087	.000000
4.0197	.307736	.000000
4.02282	.307171	.000000
4.02594	.306453	.000000
4.02907	.305591	.000000
4.0322	.304619	.000000
4.03534	.303545	.000000
4.03849	.302341	.000000
4.04163	.301065	.000000
4.04479	.299694	.000000
4.04794	.298145	.000000
4.05111	.296475	.000000
4.05427	.294685	.000000
4.05745	.292770	.000000
4.06062	.290760	.000000
4.06381	.288605	.000000
4.06699	.286372	.000000
4.07018	.284114	.000000
4.07338	.281831	.000000
4.07658	.279507	.000000
4.07979	.277167	.000000
4.083	.274794	.000000
4.08622	.272385	.000000
4.08944	.269976	.000000
4.09267	.267506	.000000
4.0959	.264977	.000000
4.09914	.262423	.000000
4.10238	.259891	.000000
4.10563	.257403	.000000
4.10889	.254874	.000000
4.11214	.252274	.000000
4.11541	.249707	.000000
4.11868	.247162	.000000
4.12195	.244636	.000000
4.12523	.242115	.000000
4.12851	.239573	.000000
4.1318	.237029	.000000
4.1351	.234500	.000000
4.1384	.231973	.000000
4.1417	.229465	.000000
4.14501	.226893	.000000
4.14833	.224297	.000000
4.15165	.221771	.000000
4.15498	.219255	.000000
4.15831	.216785	.000000
4.16165	.214286	.000000
4.16499	.211709	.000000
4.16834	.209088	.000000
4.17169	.206434	.000000
4.17505	.203828	.000000
4.17841	.201194	.000000
4.18178	.198494	.000000
4.18516	.195804	.000000
4.18854	.193086	.000000
4.19193	.190355	.000000
4.19532	.187693	.000000
4.19872	.185005	.000000
4.20212	.182236	.000000
4.20553	.179441	.000000
4.20894	.176618	.000000
4.21236	.173831	.000000
4.21578	.171108	.000000
4.21921	.168423	.000000
4.22265	.165741	.000000
4.22609	.163058	.000000
4.22954	.160330	.000000
4.23299	.157515	.000000
4.23645	.154623	.000000
4.23991	.151707	.000000
4.24338	.148782	.000000
4.24686	.145854	.000000
4.25034	.142916	.000000
4.25382	.140001	.000000
4.25732	.137135	.000000
4.26081	.134261	.000000
4.26432	.131364	.000000
4.26783	.128454	.000000
4.27135	.125592	.000000
4.27487	.122754	.000000
4.27839	.119913	.000000
4.28193	.117105	.000000
4.28547	.114321	.000000
4.28901	.111572	.000000
4.29256	.108782	.000000
4.29612	.105992	.000000
4.29968	.103223	.000000
4.30325	.100502	.000000
4.30682	.097905	.000000
4.3104	.095409	.000000
4.31399	.093061	.000000
4.31758	.090814	.000000
4.32118	.088653	.000000
4.32478	.086689	.000000
4.32839	.084933	.000000
4.33201	.083317	.000000
4.33563	.081882	.000000
4.33926	.080542	.000000
4.34289	.079343	.000000
4.34653	.078220	.000000
4.35018	.077164	.000000
4.35383	.076193	.000000
4.35749	.075213	.000000
4.36115	.074231	.000000
4.36482	.073311	.000000
4.3685	.072406	.000000
4.37219	.071490	.000000
4.37588	.070639	.000000
4.37957	.069797	.000000
4.38327	.068943	.000000
4.38698	.068061	.000000
4.3907	.067171	.000000
4.39442	.066299	.000000
4.39814	.065386	.000000
4.40188	.064435	.000000
4.40562	.063494	.000000
4.40936	.062581	.000000
4.41312	.061715	.000000
4.41687	.060814	.000000
4.42064	.059904	.000000
4.42441	.059050	.000000
4.42819	.058242	.000000
4.43197	.057480	.000000
4.43577	.056751	.000000
4.43956	.056112	.000000
4.44337	.055583	.000000
4.44718	.055130	.000000
4.45099	.054736	.000000
4.45482	.054419	.000000
4.45865	.054197	.000000
4.46249	.054066	.000000
4.46633	.054013	.000000
4.47018	.053985	.000000
4.47404	.053933	.000000
4.4779	.053918	.000000
4.48177	.053954	.000000
4.48565	.054028	.000000
4.48953	.054089	.000000
4.49342	.054112	.000000
4.49732	.054087	.000000
4.50122	.054077	.000000
4.50513	.054000	.000000
4.50905	.053903	.000000
4.51298	.053785	.000000
4.51691	.053667	.000000
4.52084	.053552	.000000
4.52479	.053442	.000000
4.52874	.053338	.000000
4.5327	.053230	.000000
4.53667	.053205	.000000
4.54064	.053274	.000000
4.54462	.053412	.000000
4.5486	.053629	.000000
4.5526	.054041	.000000
4.5566	.054596	.000000
4.5606	.055250	.000000
4.56462	.056061	.000000
4.56864	.056948	.000000
4.57267	.057871	.000000
4.57671	.058825	.000000
4.58075	.059789	.000000
4.5848	.060735	.000000
4.58886	.061607	.000000
4.59292	.062390	.000000
4.59699	.063116	.000000
4.60107	.063811	.000000
4.60516	.064420	.000000
4.60925	.064993	.000000
4.61335	.065586	.000000
4.61746	.066156	.000000
4.62158	.066662	.000000
4.6257	.067074	.000000
4.62983	.067445	.000000
4.63397	.067790	.000000
4.63811	.068041	.000000
4.64226	.068179	.000000
4.64642	.068140	.000000
4.65059	.067857	.000000
4.65476	.067350	.000000
4.65895	.066754	.000000
4.66314	.066115	.000000
4.66733	.065445	.000000
4.67154	.064855	.000000
4.67575	.064387	.000000
4.67997	.064080	.000000
4.6842	.063911	.000000
4.68843	.063775	.000000
4.69268	.063701	.000000
4.69693	.063709	.000000
4.70119	.063724	.000000
4.70545	.063653	.000000
4.70972	.063481	.000000
4.71401	.063244	.000000
4.7183	.062934	.000000
4.72259	.062569	.000000
4.7269	.062384	.000000
4.73121	.062689	.000000
4.73553	.063689	.000000
4.73986	.065409	.000000
4.7442	.067849	.000000
4.74854	.071022	.000000
4.75289	.074881	.000000
4.75725	.079302	.000000
4.76162	.084194	.000000
4.766	.089471	.000000
4.77038	.094972	.000000
4.77477	.100589	.000000
4.77917	.106069	.000000
4.78358	.111265	.000000
4.788	.116182	.000000
4.79243	.120808	.000000
4.79686	.125094	.000000
4.8013	.129088	.000000
4.80575	.132798	.000000
4.81021	.136225	.000000
4.81468	.139464	.000000
4.81915	.142553	.000000
4.82363	.145473	.000000
4.82812	.148163	.000000
4.83262	.150613	.000000
4.83713	.152861	.000000
4.84165	.154955	.000000
4.84617	.156990	.000000
4.85071	.158898	.000000
4.85525	.160660	.000000
4.8598	.162378	.000000
4.86436	.164081	.000000
4.86892	.165774	.000000
4.8735	.167505	.000000
4.87808	.169285	.000000
4.88268	.171041	.000000
4.88728	.172767	.000000
4.89189	.174532	.000000
4.89651	.176253	.000000
4.90114	.177910	.000000
4.90578	.179526	.000000
4.91042	.181042	.000000
4.91508	.182374	.000000
4.91974	.183571	.000000
4.92441	.184701	.000000
4.92909	.185816	.000000
4.93378	.186801	.000000
4.93848	.187598	.000000
4.94319	.188245	.000000
4.9479	.188772	.000000
4.95263	.188969	.000000
4.95736	.188685	.000000
4.96211	.187642	.000000
4.96686	.185604	.000000
4.97162	.183095	.000000
4.97639	.182019	.000000
4.98117	.183791	.000000
4.98596	.186992	.000000
4.99076	.189608	.000000
4.99557	.191247	.000000
5.00039	.192214	.000000
5.00521	.192756	.000000
5.01005	.193037	.000000
5.0149	.193137	.000000
5.01975	.193122	.000000
5.02462	.193050	.000000
5.02949	.192907	.000000
5.03437	.192728	.000000
5.03926	.192556	.000000
5.04417	.192395	.000000
5.04908	.192181	.000000
5.054	.191871	.000000
5.05893	.191572	.000000
5.06387	.191600	.000000
5.06882	.192099	.000000
5.07378	.192935	.000000
5.07875	.193720	.000000
5.08373	.194362	.000000
5.08872	.194886	.000000
5.09371	.195262	.000000
5.09872	.195569	.000000
5.10374	.195911	.000000
5.10877	.196280	.000000
5.11381	.196689	.000000
5.11886	.197088	.000000
5.12391	.197458	.000000
5.12898	.197867	.000000
5.13406	.198353	.000000
5.13915	.198875	.000000
5.14425	.199483	.000000
5.14935	.200164	.000000
5.15448	.200933	.000000
5.1596	.201734	.000000
5.16474	.202572	.000000
5.16989	.203449	.000000
5.17505	.204309	.000000
5.18022	.205101	.000000
5.1854	.205856	.000000
5.19059	.206564	.000000
5.19579	.207185	.000000
5.201	.207661	.000000
5.20623	.208027	.000000
5.21146	.208229	.000000
5.2167	.208254	.000000
5.22195	.208160	.000000
5.22722	.207968	.000000
5.23249	.207554	.000000
5.23778	.207014	.000000
5.24307	.206344	.000000
5.24838	.205577	.000000
5.2537	.204754	.000000
5.25903	.203828	.000000
5.26436	.202915	.000000
5.26971	.202053	.000000
5.27507	.201102	.000000
5.28045	.200171	.000000
5.28583	.199281	.000000
5.29122	.198433	.000000
5.29663	.197604	.000000
5.30204	.196760	.000000
5.30747	.195988	.000000
5.31291	.195264	.000000
5.31836	.194513	.000000
5.32382	.193694	.000000
5.32929	.192861	.000000
5.33477	.191973	.000000
5.34027	.191066	.000000
5.34577	.190163	.000000
5.35129	.189212	.000000
5.35682	.188235	.000000
5.36236	.187225	.000000
5.36791	.186302	.000000
5.37347	.185432	.000000
5.37904	.184509	.000000
5.38463	.183602	.000000
5.39023	.182704	.000000
5.39583	.181773	.000000
5.40146	.180735	.000000
5.40709	.179549	.000000
5.41273	.178211	.000000
5.41839	.176677	.000000
5.42406	.175002	.000000
5.42974	.173207	.000000
5.43543	.171205	.000000
5.44113	.169062	.000000
5.44685	.166786	.000000
5.45257	.164406	.000000
5.45831	.162023	.000000
5.46406	.159645	.000000
5.46983	.157440	.000000
5.4756	.155428	.000000
5.48139	.153469	.000000
5.48719	.151557	.000000
5.49301	.149631	.000000
5.49883	.147588	.000000
5.50467	.145445	.000000
5.51052	.143282	.000000
5.51638	.141045	.000000
5.52225	.138728	.000000
5.52814	.136416	.000000
5.53404	.134130	.000000
5.53995	.131880	.000000
5.54588	.129696	.000000
5.55181	.127689	.000000
5.55777	.125945	.000000
5.56373	.124541	.000000
5.5697	.123329	.000000
5.57569	.122214	.000000
5.5817	.121355	.000000
5.58771	.120747	.000000
5.59374	.120161	.000000
5.59978	.119425	.000000
5.60583	.118481	.000000
5.6119	.117412	.000000
5.61798	.116216	.000000
5.62407	.114881	.000000
5.63018	.113457	.000000
5.6363	.112025	.000000
5.64243	.110616	.000000
5.64858	.109255	.000000
5.65474	.107887	.000000
5.66091	.106535	.000000
5.6671	.105149	.000000
5.6733	.103648	.000000
5.67951	.102126	.000000
5.68574	.100615	.000000
5.69198	.099068	.000000
5.69823	.097506	.000000
5.7045	.095818	.000000
5.71079	.094023	.000000
5.71708	.092197	.000000
5.72339	.090310	.000000
5.72972	.088400	.000000
5.73605	.086531	.000000
5.74241	.084656	.000000
5.74877	.082838	.000000
5.75515	.081107	.000000
5.76155	.079379	.000000
5.76796	.077653	.000000
5.77438	.075978	.000000
5.78082	.074275	.000000
5.78727	.072577	.000000
5.79374	.070935	.000000
5.80022	.069327	.000000
5.80671	.067670	.000000
5.81322	.065923	.000000
5.81974	.064139	.000000
5.82628	.062328	.000000
5.83284	.060492	.000000
5.83941	.058580	.000000
5.84599	.056608	.000000
5.85259	.054619	.000000
5.8592	.052553	.000000
5.86583	.050402	.000000
5.87247	.048277	.000000
5.87913	.046175	.000000
5.8858	.044109	.000000
5.89249	.042094	.000000
5.89919	.040156	.000000
5.90591	.038430	.000000
5.91265	.036919	.000000
5.91939	.035789	.000000
5.92616	.035106	.000000
5.93294	.034865	.000000
5.93974	.034917	.000000
5.94655	.035083	.000000
5.95338	.035285	.000000
5.96022	.035515	.000000
5.96708	.035847	.000000
5.97395	.036279	.000000
5.98084	.036722	.000000
5.98775	.037159	.000000
5.99467	.037632	.000000
6.00161	.038039	.000000
6.00856	.038346	.000000
6.01553	.038514	.000000
6.02252	.038591	.000000
6.02952	.038573	.000000
6.03654	.038397	.000000
6.04358	.038085	.000000
6.05063	.037706	.000000
6.0577	.037228	.000000
6.06478	.036622	.000000
6.07188	.035945	.000000
6.079	.035208	.000000
6.08614	.034492	.000000
6.09329	.033843	.000000
6.10046	.033288	.000000
6.10764	.032943	.000000
6.11485	.033017	.000000
6.12207	.033930	.000000
6.1293	.035993	.000000
6.13655	.039448	.000000
6.14383	.044038	.000000
6.15111	.048576	.000000
6.15842	.051732	.000000
6.16574	.052788	.000000
6.17308	.051931	.000000
6.18044	.050082	.000000
6.18781	.048211	.000000
6.19521	.046912	.000000
6.20262	.046180	.000000
6.21004	.045989	.000000
6.21749	.046262	.000000
6.22495	.046904	.000000
6.23244	.047802	.000000
6.23994	.048909	.000000
6.24745	.050205	.000000
6.25499	.051617	.000000
6.26254	.053077	.000000
6.27012	.054616	.000000
6.27771	.056309	.000000
6.28532	.058063	.000000
6.29295	.059856	.000000
6.30059	.061674	.000000
6.30826	.063479	.000000
6.31594	.065310	.000000
6.32364	.067118	.000000
6.33136	.068954	.000000
6.3391	.070828	.000000
6.34686	.072807	.000000
6.35464	.074881	.000000
6.36244	.076804	.000000
6.37025	.078371	.000000
6.37809	.079629	.000000
6.38594	.080665	.000000
6.39382	.081506	.000000
6.40171	.082220	.000000
6.40962	.082795	.000000
6.41756	.083355	.000000
6.42551	.083879	.000000
6.43348	.084298	.000000
6.44147	.084659	.000000
6.44948	.084956	.000000
6.45751	.085275	.000000
6.46556	.085551	.000000
6.47364	.085766	.000000
6.48173	.085932	.000000
6.48984	.086035	.000000
6.49797	.086188	.000000
6.50613	.086400	.000000
6.5143	.086569	.000000
6.5225	.086809	.000000
6.53071	.087119	.000000
6.53895	.087505	.000000
6.5472	.087970	.000000
6.55548	.088495	.000000
6.56378	.089147	.000000
6.57209	.089886	.000000
6.58044	.090765	.000000
6.5888	.091640	.000000
6.59718	.092461	.000000
6.60558	.093279	.000000
6.61401	.094031	.000000
6.62246	.094654	.000000
6.63092	.095056	.000000
6.63941	.095360	.000000
6.64792	.095624	.000000
6.65646	.095797	.000000
6.66501	.095928	.000000
6.67359	.095999	.000000
6.68219	.095994	.000000
6.69081	.095987	.000000
6.69946	.095933	.000000
6.70812	.095759	.000000
6.71681	.095516	.000000
6.72552	.095309	.000000
6.73426	.095046	.000000
6.74302	.094690	.000000
6.7518	.094314	.000000
6.7606	.093872	.000000
6.76943	.093407	.000000
6.77828	.092903	.000000
6.78715	.092330	.000000
6.79604	.091701	.000000
6.80496	.091003	.000000
6.8139	.090494	.000000
6.82287	.090139	.000000
6.83186	.089778	.000000
6.84087	.089369	.000000
6.84991	.088819	.000000
6.85897	.088172	.000000
6.86805	.087502	.000000
6.87716	.086802	.000000
6.88629	.086127	.000000
6.89545	.085692	.000000
6.90463	.085285	.000000
6.91384	.084812	.000000
6.92307	.084296	.000000
6.93232	.083738	.000000
6.94161	.083189	.000000
6.95091	.082664	.000000
6.96024	.082097	.000000
6.9696	.081521	.000000
6.97898	.080910	.000000
6.98838	.080297	.000000
6.99781	.079609	.000000
7.00727	.078862	.000000
7.01675	.078049	.000000
7.02626	.077003	.000000
7.03579	.075681	.000000
7.04535	.074132	.000000
7.05494	.072531	.000000
7.06455	.071071	.000000
7.07418	.069754	.000000
7.08385	.068606	.000000
7.09354	.067637	.000000
7.10325	.066696	.000000
7.113	.065565	.000000
7.12277	.064369	.000000
7.13257	.063187	.000000
7.14239	.062080	.000000
7.15224	.061057	.000000
7.16212	.060073	.000000
7.17202	.059109	.000000
7.18196	.058124	.000000
7.19192	.057145	.000000
7.20191	.056163	.000000
7.21193	.055214	.000000
7.22197	.054296	.000000
7.23204	.053330	.000000
7.24215	.052356	.000000
7.25227	.051425	.000000
7.26243	.050481	.000000
7.27262	.049492	.000000
7.28283	.048535	.000000
7.29307	.047607	.000000
7.30334	.046687	.000000
7.31364	.045756	.000000
7.32397	.044792	.000000
7.33433	.043810	.000000
7.34472	.042846	.000000
7.35514	.041874	.000000
7.36559	.040908	.000000
7.37606	.039882	.000000
7.38657	.038870	.000000
7.39711	.037921	.000000
7.40767	.037003	.000000
7.41827	.036098	.000000
7.4289	.035211	.000000
7.43956	.034308	.000000
7.45024	.033418	.000000
7.46096	.032618	.000000
7.47171	.031858	.000000
7.4825	.031035	.000000
7.49331	.030250	.000000
7.50416	.029577	.000000
7.51503	.028910	.000000
7.52594	.028222	.000000
7.53688	.027557	.000000
7.54785	.026954	.000000
7.55885	.026381	.000000
7.56988	.025854	.000000
7.58095	.025376	.000000
7.59205	.024875	.000000
7.60318	.024361	.000000
7.61434	.023885	.000000
7.62554	.023418	.000000
7.63677	.022937	.000000
7.64803	.022469	.000000
7.65933	.022009	.000000
7.67066	.021512	.000000
7.68203	.021050	.000000
7.69342	.020625	.000000
7.70486	.020160	.000000
7.71632	.019684	.000000
7.72782	.019311	.000000
7.73935	.018968	.000000
7.75092	.018605	.000000
7.76253	.018257	.000000
7.77417	.017948	.000000
7.78584	.017741	.000000
7.79755	.017516	.000000
7.80929	.017314	.000000
7.82107	.017148	.000000
7.83288	.016969	.000000
7.84473	.016820	.000000
7.85662	.016715	.000000
7.86854	.016588	.000000
7.8805	.016465	.000000
7.89249	.016419	.000000
7.90452	.016447	.000000
7.91659	.016485	.000000
7.9287	.016634	.000000
7.94084	.016877	.000000
7.95301	.017183	.000000
7.96523	.017618	.000000
7.97748	.018186	.000000
7.98977	.018817	.000000
8.0021	.019579	.000000
8.01447	.020485	.000000
8.02688	.021605	.000000
8.03932	.022873	.000000
8.05181	.024392	.000000
8.06433	.026095	.000000
8.07689	.027979	.000000
8.08949	.030158	.000000
8.10213	.032661	.000000
8.11481	.035464	.000000
8.12753	.038678	.000000
8.14029	.042393	.000000
8.15309	.046702	.000000
8.16593	.051558	.000000
8.17881	.057076	.000000
8.19173	.063295	.000000
8.20469	.070204	.000000
8.21769	.077949	.000000
8.23073	.086646	.000000
8.24382	.096104	.000000
8.25694	.106333	.000000
8.27011	.117057	.000000
8.28332	.128032	.000000
8.29658	.139030	.000000
8.30987	.149567	.000000
8.32321	.159338	.000000
8.33659	.168188	.000000
8.35001	.176135	.000000
8.36348	.183267	.000000
8.37699	.189662	.000000
8.39055	.195599	.000000
8.40414	.201688	.000000
8.41779	.208395	.000000
8.43148	.216196	.000000
8.44521	.225031	.000000
8.45899	.234441	.000000
8.47281	.244413	.000000
8.48668	.255069	.000000
8.50059	.266665	.000000
8.51455	.278888	.000000
8.52855	.290489	.000000
8.5426	.300231	.000000
8.5567	.307135	.000000
8.57084	.310961	.000000
8.58503	.312500	.000000
8.59926	.312539	.000000
8.61355	.311754	.000000
8.62788	.310795	.000000
8.64226	.309912	.000000
8.65669	.309289	.000000
8.67116	.308844	.000000
8.68569	.308327	.000000
8.70026	.307603	.000000
8.71488	.306133	.000000
8.72955	.303783	.000000
8.74427	.300444	.000000
8.75904	.295864	.000000
8.77386	.290292	.000000
8.78873	.283892	.000000
8.80366	.276911	.000000
8.81863	.269618	.000000
8.83365	.262052	.000000
8.84872	.254348	.000000
8.86385	.246513	.000000
8.87903	.238525	.000000
8.89426	.230598	.000000
8.90954	.222612	.000000
8.92488	.214401	.000000
8.94027	.206065	.000000
8.95571	.197525	.000000
8.9712	.188713	.000000
8.98675	.179487	.000000
9.00235	.169837	.000000
9.018	.159967	.000000
9.03371	.150276	.000000
9.04948	.141469	.000000
9.0653	.133834	.000000
9.08118	.127408	.000000
9.0971	.122240	.000000
9.11309	.118118	.000000
9.12914	.114510	.000000
9.14524	.111191	.000000
9.16139	.108064	.000000
9.17761	.105156	.000000
9.19388	.102494	.000000
9.21021	.100060	.000000
9.2266	.097951	.000000
9.24304	.096196	.000000
9.25955	.094598	.000000
9.27611	.093028	.000000
9.29273	.091558	.000000
9.30942	.090261	.000000
9.32617	.089057	.000000
9.34297	.087868	.000000
9.35983	.086717	.000000
9.37676	.085666	.000000
9.39375	.084771	.000000
9.41079	.083963	.000000
9.42791	.083230	.000000
9.44508	.082621	.000000
9.46231	.082089	.000000
9.47961	.081624	.000000
9.49697	.081335	.000000
9.5144	.081174	.000000
9.53188	.081061	.000000
9.54944	.080900	.000000
9.56705	.080770	.000000
9.58474	.080696	.000000
9.60249	.080637	.000000
9.6203	.080616	.000000
9.63818	.080378	.000000
9.65613	.079962	.000000
9.67415	.079540	.000000
9.69223	.079090	.000000
9.71038	.078704	.000000
9.7286	.078448	.000000
9.74689	.078210	.000000
9.76524	.078123	.000000
9.78367	.078179	.000000
9.80216	.078195	.000000
9.82072	.078036	.000000
9.83936	.077745	.000000
9.85806	.077282	.000000
9.87684	.076645	.000000
9.89569	.075870	.000000
9.91461	.074899	.000000
9.9336	.073848	.000000
9.95267	.073267	.000000
9.97181	.073037	.000000
9.99103	.072498	.000000
10.01031	.071664	.000000
10.02968	.070813	.000000
10.04911	.070010	.000000
10.06863	.069212	.000000
10.08822	.068442	.000000
10.10788	.067811	.000000
10.12763	.067120	.000000
10.14745	.066281	.000000
10.16734	.065525	.000000
10.18732	.064809	.000000
10.20737	.064220	.000000
10.2275	.063630	.000000
10.24771	.063024	.000000
10.268	.062622	.000000
10.28838	.062315	.000000
10.30883	.061927	.000000
10.32937	.061502	.000000
10.34998	.061119	.000000
10.37069	.060904	.000000
10.39147	.060753	.000000
10.41234	.060500	.000000
10.43329	.060242	.000000
10.45432	.059978	.000000
10.47544	.059723	.000000
10.49665	.059265	.000000
10.51794	.058618	.000000
10.53932	.057933	.000000
10.56079	.057189	.000000
10.58234	.056427	.000000
10.60398	.055731	.000000
10.62571	.055084	.000000
10.64753	.054414	.000000
10.66944	.053854	.000000
10.69144	.053309	.000000
10.71353	.052729	.000000
10.73571	.052259	.000000
10.75799	.052018	.000000
10.78035	.051949	.000000
10.80281	.051885	.000000
10.82536	.051785	.000000
10.848	.051775	.000000
10.87075	.051729	.000000
10.89358	.051491	.000000
10.91652	.051156	.000000
10.93955	.050729	.000000
10.96268	.050476	.000000
10.98591	.050338	.000000
11.00923	.050269	.000000
11.03266	.050440	.000000
11.05618	.050921	.000000
11.0798	.051775	.000000
11.10353	.053051	.000000
11.12736	.054383	.000000
11.15129	.054900	.000000
11.17532	.054532	.000000
11.19946	.054036	.000000
11.2237	.053555	.000000
11.24805	.052995	.000000
11.2725	.052394	.000000
11.29706	.051770	.000000
11.32172	.051062	.000000
11.34649	.050331	.000000
11.37138	.049502	.000000
11.39637	.048714	.000000
11.42147	.048236	.000000
11.44668	.047733	.000000
11.47201	.047170	.000000
11.49745	.046702	.000000
11.523	.046362	.000000
11.54866	.046183	.000000
11.57444	.046022	.000000
11.60033	.045991	.000000
11.62634	.046009	.000000
11.65247	.045828	.000000
11.67872	.045237	.000000
11.70508	.044291	.000000
11.73157	.043902	.000000
11.75817	.044240	.000000
11.78489	.044766	.000000
11.81174	.045260	.000000
11.8387	.045421	.000000
11.86579	.045383	.000000
11.893	.045316	.000000
11.92034	.045099	.000000
11.94781	.044894	.000000
11.9754	.044759	.000000
12.00312	.044677	.000000
12.03097	.044506	.000000
12.05896	.044265	.000000
12.08707	.044032	.000000
12.11531	.043738	.000000
12.14368	.043365	.000000
12.17219	.043048	.000000
12.20083	.042769	.000000
12.2296	.042460	.000000
12.25852	.042127	.000000
12.28757	.041823	.000000
12.31676	.041537	.000000
12.34608	.041289	.000000
12.37555	.040984	.000000
12.40515	.040626	.000000
12.4349	.040350	.000000
12.46478	.040038	.000000
12.49482	.039660	.000000
12.525	.039366	.000000
12.55533	.039082	.000000
12.5858	.038785	.000000
12.61642	.038476	.000000
12.6472	.038192	.000000
12.67813	.037944	.000000
12.7092	.037691	.000000
12.74043	.037338	.000000
12.77181	.037029	.000000
12.80334	.036857	.000000
12.83503	.036663	.000000
12.86688	.036410	.000000
12.8989	.036149	.000000
12.93106	.035973	.000000
12.96339	.035863	.000000
12.99588	.035755	.000000
13.02853	.035702	.000000
13.06135	.035668	.000000
13.09433	.035492	.000000
13.12749	.035262	.000000
13.16081	.034945	.000000
13.1943	.034497	.000000
13.22796	.033840	.000000
13.26179	.033129	.000000
13.29579	.032385	.000000
13.32997	.031667	.000000
13.36432	.030956	.000000
13.39885	.030196	.000000
13.43356	.029501	.000000
13.46846	.028918	.000000
13.50353	.028335	.000000
13.53879	.027637	.000000
13.57423	.026870	.000000
13.60986	.026379	.000000
13.64568	.026435	.000000
13.68169	.027059	.000000
13.71788	.027440	.000000
13.75427	.027243	.000000
13.79085	.026849	.000000
13.82763	.026517	.000000
13.8646	.026307	.000000
13.90177	.026018	.000000
13.93915	.025857	.000000
13.97672	.025780	.000000
14.01449	.025773	.000000
14.05247	.026031	.000000
14.09066	.026437	.000000
14.12904	.026887	.000000
14.16764	.027504	.000000
14.20646	.028427	.000000
14.24549	.029787	.000000
14.28473	.031503	.000000
14.3242	.034009	.000000
14.36388	.037543	.000000
14.40378	.042312	.000000
14.4439	.048495	.000000
14.48425	.056007	.000000
14.52482	.064676	.000000
14.56562	.074086	.000000
14.60665	.083306	.000000
14.64792	.091300	.000000
14.68942	.097529	.000000
14.73115	.101960	.000000
14.77312	.104279	.000000
14.81533	.104486	.000000
14.85778	.102328	.000000
14.90048	.097421	.000000
14.94342	.089653	.000000
14.98659	.079583	.000000
15.03003	.068708	.000000
15.07372	.058794	.000000
15.11767	.051105	.000000
15.16187	.045782	.000000
15.20634	.041749	.000000
15.25106	.038622	.000000
15.29606	.036346	.000000
15.34131	.034395	.000000
15.38684	.032728	.000000
15.43263	.031367	.000000
15.4787	.030122	.000000
15.52504	.028920	.000000
15.57167	.028028	.000000
15.61858	.027447	.000000
15.66576	.026893	.000000
15.71324	.026233	.000000
15.761	.025803	.000000
15.80905	.025701	.000000
15.8574	.025716	.000000
15.90604	.025954	.000000
15.95496	.026274	.000000
16.00421	.027194	.000000
16.05376	.028923	.000000
16.10362	.031326	.000000
16.15378	.034981	.000000
16.20426	.039980	.000000
16.25506	.046196	.000000
16.30619	.053248	.000000
16.35763	.060469	.000000
16.40939	.066849	.000000
16.46149	.071592	.000000
16.51391	.074497	.000000
16.56667	.075730	.000000
16.61977	.075310	.000000
16.67322	.072983	.000000
16.72701	.069092	.000000
16.78114	.064834	.000000
16.83563	.061119	.000000
16.89046	.058250	.000000
16.94566	.056217	.000000
17.00122	.054685	.000000
17.05716	.053811	.000000
17.11345	.053468	.000000
17.17012	.053563	.000000
17.22716	.053629	.000000
17.28459	.053644	.000000
17.3424	.054143	.000000
17.4006	.054941	.000000
17.45916	.055705	.000000
17.51815	.056427	.000000
17.57753	.056833	.000000
17.63732	.057411	.000000
17.69752	.057984	.000000
17.75813	.058378	.000000
17.81915	.058679	.000000
17.88061	.059058	.000000
17.94248	.059679	.000000
18.00478	.060185	.000000
18.06752	.060687	.000000
18.13069	.061374	.000000
18.19431	.062390	.000000
18.25837	.063732	.000000
18.3229	.064829	.000000
18.38788	.065913	.000000
18.45331	.066824	.000000
18.51922	.067736	.000000
18.5856	.069209	.000000
18.65245	.070718	.000000
18.71979	.072032	.000000
18.78759	.073329	.000000
18.85591	.074952	.000000
18.92473	.076891	.000000
18.99405	.078683	.000000
19.06388	.080327	.000000
19.13423	.081951	.000000
19.2051	.083741	.000000
19.27651	.085782	.000000
19.34844	.087211	.000000
19.4209	.088321	.000000
19.49392	.089328	.000000
19.56748	.090251	.000000
19.6416	.091029	.000000
19.71628	.091635	.000000
19.79152	.092476	.000000
19.86735	.093514	.000000
19.94376	.094373	.000000
20.02076	.095115	.000000
20.09836	.095774	.000000
20.17656	.096539	.000000
20.25538	.097470	.000000
20.33483	.097483	.000000
20.41489	.097513	.000000
20.49558	.097974	.000000
20.57691	.098613	.000000
20.65889	.099221	.000000
20.74153	.099700	.000000
20.82483	.100226	.000000
20.90878	.100520	.000000
20.99343	.099822	.000000
21.07877	.099526	.000000
21.16481	.099835	.000000
21.25155	.099774	.000000
21.339	.099643	.000000
21.42718	.099165	.000000
21.51611	.098096	.000000
21.60576	.096575	.000000
21.69616	.095309	.000000
21.78732	.094294	.000000
21.87925	.093974	.000000
21.97196	.094504	.000000
22.06546	.094322	.000000
22.15973	.093302	.000000
22.25484	.092517	.000000
22.35076	.091420	.000000
22.44752	.089944	.000000
22.54512	.088270	.000000
22.64357	.087556	.000000
22.74288	.086710	.000000
22.8431	.085618	.000000
22.94417	.084477	.000000
23.04615	.082838	.000000
23.14903	.081749	.000000
23.25284	.080634	.000000
23.35758	.079294	.000000
23.46327	.079177	.000000
23.5699	.079693	.000000
23.67752	.079519	.000000
23.78613	.079468	.000000
23.89575	.079808	.000000
24.00638	.079913	.000000
24.11803	.080499	.000000
24.23073	.080752	.000000
24.34449	.079599	.000000
24.45933	.078849	.000000
24.57525	.078719	.000000
24.69227	.078092	.000000
24.81042	.078729	.000000
24.9297	.079586	.000000
25.05013	.079391	.000000
25.17173	.079857	.000000
25.29452	.079990	.000000
25.41852	.080534	.000000
25.54373	.080696	.000000
25.67018	.080782	.000000
25.7979	.081624	.000000
25.92688	.081340	.000000
26.05717	.081542	.000000
26.18878	.081897	.000000
26.32171	.081527	.000000
26.45601	.080915	.000000
26.59168	.081470	.000000
26.72875	.082179	.000000
26.86724	.082202	.000000
27.00717	.081790	.000000
27.14857	.081197	.000000
27.29146	.081281	.000000
27.43586	.081649	.000000
27.58179	.081363	.000000
27.72929	.081736	.000000
27.87837	.081946	.000000
28.02907	.081624	.000000
28.1814	.080609	.000000
28.33539	.079668	.000000
28.49108	.078617	.000000
28.6485	.078123	.000000
28.80765	.077205	.000000
28.96859	.075569	.000000
29.13133	.074433	.000000
29.29592	.073462	.000000
29.46237	.072746	.000000
29.63073	.071779	.000000
29.80102	.071188	.000000
29.97328	.070782	.000000
30.14754	.071232	.000000
30.32384	.071009	.000000
30.50222	.070319	.000000
30.68271	.071541	.000000
30.86534	.073896	.000000
31.05017	.076896	.000000
31.23721	.079755	.000000
31.42653	.080995	.000000
31.61815	.081790	.000000
31.81213	.082618	.000000
32.0085	.084411	.000000
32.20731	.085891	.000000
32.40861	.086451	.000000
32.61244	.085270	.000000
32.81884	.084421	.000000
33.02788	.084777	.000000
33.2396	.083848	.000000
33.45405	.081140	.000000
33.67128	.081412	.000000
33.89136	.081798	.000000
34.11432	.081179	.000000
34.34025	.079287	.000000
34.56918	.077082	.000000
34.80119	.077466	.000000
35.03633	.076694	.000000
35.27468	.073996	.000000
35.51628	.073316	.000000
35.76123	.072960	.000000
36.00957	.073349	.000000
36.26138	.073004	.000000
36.51674	.071692	.000000
36.77573	.073441	.000000
37.03841	.075525	.000000
37.30488	.076660	.000000
37.5752	.081082	.000000
37.84947	.086960	.000000
38.12777	.088610	.000000
38.4102	.090366	.000000
38.69684	.092732	.000000
38.9878	.094273	.000000
39.28316	.097181	.000000
39.58303	.099457	.000000
39.88752	.103003	.000000
40.19672	.104527	.000000
40.51076	.107629	.000000
40.82975	.109838	.000000
41.15379	.110577	.000000
41.48302	.115262	.000000
41.81756	.117430	.000000
42.15754	.116134	.000000
42.50309	.122792	.000000
42.85436	.132302	.000000
43.21148	.136841	.000000
43.5746	.137429	.000000
43.94388	.139856	.000000
44.31946	.141899	.000000
44.70153	.147511	.000000
45.09024	.153175	.000000
45.48577	.154574	.000000
45.8883	.160540	.000000
46.29801	.158798	.000000
46.71511	.153866	.000000
47.13979	.150639	.000000
47.57227	.142006	.000000
48.01275	.137401	.000000
48.46147	.130474	.000000
48.91866	.122974	.000000
49.38455	.122301	.000000
49.8594	.120460	.000000
