Brown University Keck/NASA Relab Spectrum JB-JLB-557/BKR1JB557
Wavelength(micron)	Reflectance
0.3	0.78965
0.305	0.79460
0.31	0.80059
0.315	0.80594
0.32	0.81117
0.325	0.81519
0.33	0.81975
0.335	0.82340
0.34	0.82712
0.345	0.82956
0.35	0.83187
0.355	0.83456
0.36	0.83725
0.365	0.83856
0.37	0.84134
0.375	0.84373
0.38	0.84752
0.385	0.84973
0.39	0.85154
0.395	0.85320
0.4	0.85511
0.405	0.85689
0.41	0.86017
0.415	0.86231
0.42	0.86505
0.425	0.86810
0.43	0.87175
0.435	0.87446
0.44	0.87758
0.445	0.88000
0.45	0.88254
0.455	0.88465
0.46	0.88734
0.465	0.88969
0.47	0.89173
0.475	0.89383
0.48	0.89573
0.485	0.89844
0.49	0.90007
0.495	0.90237
0.5	0.90434
0.505	0.90641
0.51	0.90845
0.515	0.91039
0.52	0.91252
0.525	0.91407
0.53	0.91534
0.535	0.91744
0.54	0.91854
0.545	0.92009
0.55	0.92149
0.555	0.92354
0.56	0.92475
0.565	0.92638
0.57	0.92761
0.575	0.92899
0.58	0.93050
0.585	0.93153
0.59	0.93231
0.595	0.93318
0.6	0.93097
0.605	0.93227
0.61	0.93179
0.615	0.93280
0.62	0.93257
0.625	0.93237
0.63	0.93242
0.635	0.93221
0.64	0.93220
0.645	0.93313
0.65	0.93261
0.655	0.93400
0.66	0.93424
0.665	0.93492
0.67	0.93597
0.675	0.93631
0.68	0.93592
0.685	0.93783
0.69	0.93820
0.695	0.93801
0.7	0.93931
0.705	0.94048
0.71	0.94050
0.715	0.94044
0.72	0.94036
0.725	0.94092
0.73	0.94101
0.735	0.94121
0.74	0.94144
0.745	0.94165
0.75	0.94143
0.755	0.94124
0.76	0.94145
0.765	0.94273
0.77	0.94176
0.775	0.94222
0.78	0.94274
0.785	0.94367
0.79	0.94332
0.795	0.94401
0.8	0.94357
0.805	0.94507
0.81	0.94464
0.815	0.94490
0.82	0.94606
0.825	0.94701
0.83	0.94627
0.835	0.94651
0.84	0.94674
0.845	0.94655
0.85	0.94735
0.855	0.94609
0.86	0.94569
0.865	0.94654
0.87	0.94672
0.875	0.94666
0.88	0.94689
0.885	0.94783
0.89	0.94702
0.895	0.94760
0.9	0.94675
0.905	0.94717
0.91	0.94548
0.915	0.94598
0.92	0.94508
0.925	0.94442
0.93	0.94278
0.935	0.94396
0.94	0.94191
0.945	0.94098
0.95	0.93855
0.955	0.93657
0.96	0.93321
0.965	0.92967
0.97	0.92655
0.975	0.92279
0.98	0.92063
0.985	0.91805
0.99	0.91641
0.995	0.91442
1	0.91537
1.005	0.91942
1.01	0.92280
1.015	0.92614
1.02	0.92942
1.025	0.93263
1.03	0.93646
1.035	0.93786
1.04	0.93965
1.045	0.94058
1.05	0.94266
1.055	0.94305
1.06	0.94433
1.065	0.94405
1.07	0.94386
1.075	0.94339
1.08	0.94413
1.085	0.94299
1.09	0.94222
1.095	0.94214
1.1	0.93985
1.105	0.93888
1.11	0.93707
1.115	0.93583
1.12	0.93506
1.125	0.93502
1.13	0.93288
1.135	0.92995
1.14	0.92650
1.145	0.92107
1.15	0.91422
1.155	0.90562
1.16	0.89106
1.165	0.87655
1.17	0.86562
1.175	0.86145
1.18	0.85840
1.185	0.85825
1.19	0.85932
1.195	0.85849
1.2	0.85771
1.205	0.85537
1.21	0.85451
1.215	0.86430
1.22	0.87089
1.225	0.87154
1.23	0.87161
1.235	0.87172
1.24	0.87671
1.245	0.88258
1.25	0.88768
1.255	0.89068
1.26	0.89167
1.265	0.89259
1.27	0.89395
1.275	0.89511
1.28	0.89568
1.285	0.89582
1.29	0.89519
1.295	0.89457
1.3	0.89373
1.3005	0.89361
1.3008	0.89349
1.3012	0.89344
1.3015	0.89344
1.3018	0.89347
1.3021	0.89341
1.3025	0.89319
1.3028	0.89300
1.3031	0.89287
1.3034	0.89277
1.3038	0.89266
1.3041	0.89256
1.3044	0.89222
1.3048	0.89208
1.3051	0.89210
1.3054	0.89210
1.3058	0.89190
1.3061	0.89166
1.3064	0.89146
1.3067	0.89128
1.3071	0.89127
1.3074	0.89123
1.3077	0.89107
1.3081	0.89097
1.3084	0.89089
1.3087	0.89074
1.309	0.89062
1.3094	0.89045
1.3097	0.89020
1.31	0.89001
1.3104	0.88996
1.3107	0.88974
1.311	0.88943
1.3114	0.88917
1.3117	0.88913
1.312	0.88908
1.3124	0.88888
1.3127	0.88871
1.313	0.88850
1.3133	0.88831
1.3137	0.88813
1.314	0.88794
1.3143	0.88771
1.3147	0.88751
1.315	0.88716
1.3153	0.88693
1.3157	0.88678
1.316	0.88669
1.3163	0.88655
1.3167	0.88634
1.317	0.88605
1.3174	0.88587
1.3177	0.88565
1.318	0.88542
1.3184	0.88532
1.3187	0.88516
1.319	0.88491
1.3194	0.88467
1.3197	0.88449
1.32	0.88424
1.3204	0.88403
1.3207	0.88383
1.3211	0.88362
1.3214	0.88338
1.3217	0.88302
1.3221	0.88269
1.3224	0.88256
1.3227	0.88235
1.3231	0.88206
1.3234	0.88195
1.3238	0.88174
1.3241	0.88132
1.3244	0.88110
1.3248	0.88103
1.3251	0.88073
1.3254	0.88048
1.3258	0.88028
1.3261	0.87996
1.3265	0.87958
1.3268	0.87931
1.3271	0.87909
1.3275	0.87878
1.3278	0.87846
1.3282	0.87810
1.3285	0.87777
1.3288	0.87751
1.3292	0.87717
1.3295	0.87682
1.3299	0.87655
1.3302	0.87628
1.3305	0.87598
1.3309	0.87562
1.3312	0.87524
1.3316	0.87484
1.3319	0.87442
1.3323	0.87394
1.3326	0.87358
1.3329	0.87334
1.3333	0.87301
1.3336	0.87253
1.334	0.87205
1.3343	0.87169
1.3347	0.87140
1.335	0.87105
1.3353	0.87051
1.3357	0.86997
1.336	0.86967
1.3364	0.86942
1.3367	0.86896
1.3371	0.86852
1.3374	0.86810
1.3378	0.86765
1.3381	0.86732
1.3384	0.86694
1.3388	0.86661
1.3391	0.86624
1.3395	0.86590
1.3398	0.86545
1.3402	0.86508
1.3405	0.86476
1.3409	0.86429
1.3412	0.86405
1.3416	0.86373
1.3419	0.86320
1.3423	0.86290
1.3426	0.86266
1.3429	0.86227
1.3433	0.86194
1.3437	0.86166
1.344	0.86140
1.3443	0.86096
1.3447	0.86053
1.345	0.86025
1.3454	0.86000
1.3457	0.85975
1.3461	0.85948
1.3464	0.85921
1.3468	0.85885
1.3471	0.85852
1.3475	0.85829
1.3478	0.85793
1.3482	0.85748
1.3485	0.85715
1.3489	0.85688
1.3492	0.85658
1.3496	0.85627
1.3499	0.85598
1.3503	0.85566
1.3507	0.85526
1.351	0.85488
1.3513	0.85455
1.3517	0.85413
1.3521	0.85368
1.3524	0.85345
1.3528	0.85310
1.3531	0.85274
1.3535	0.85248
1.3538	0.85217
1.3542	0.85180
1.3545	0.85158
1.3549	0.85127
1.3552	0.85083
1.3556	0.85077
1.3559	0.85053
1.3563	0.84992
1.3567	0.84960
1.357	0.84945
1.3574	0.84905
1.3577	0.84863
1.3581	0.84841
1.3584	0.84825
1.3588	0.84779
1.3591	0.84754
1.3595	0.84748
1.3599	0.84695
1.3602	0.84658
1.3606	0.84647
1.3609	0.84640
1.3613	0.84609
1.3616	0.84593
1.362	0.84575
1.3624	0.84565
1.3627	0.84466
1.3631	0.84405
1.3634	0.84389
1.3638	0.84371
1.3642	0.84361
1.3645	0.84376
1.3649	0.84318
1.3652	0.84282
1.3656	0.84261
1.3659	0.84194
1.3663	0.84149
1.3667	0.84130
1.367	0.84100
1.3674	0.84088
1.3678	0.84067
1.3681	0.84013
1.3685	0.84002
1.3688	0.83942
1.3692	0.83891
1.3696	0.83871
1.3699	0.83847
1.3703	0.83786
1.3706	0.83763
1.371	0.83743
1.3714	0.83674
1.3717	0.83631
1.3721	0.83609
1.3724	0.83563
1.3728	0.83507
1.3732	0.83472
1.3736	0.83424
1.3739	0.83386
1.3743	0.83365
1.3746	0.83342
1.375	0.83293
1.3754	0.83239
1.3757	0.83205
1.3761	0.83167
1.3765	0.83138
1.3768	0.83128
1.3772	0.83081
1.3776	0.83022
1.3779	0.82989
1.3783	0.82969
1.3787	0.82942
1.379	0.82887
1.3794	0.82839
1.3798	0.82807
1.3801	0.82800
1.3805	0.82825
1.3809	0.82759
1.3812	0.82648
1.3816	0.82601
1.382	0.82581
1.3823	0.82599
1.3827	0.82594
1.3831	0.82489
1.3834	0.82421
1.3838	0.82389
1.3842	0.82328
1.3846	0.82276
1.3849	0.82246
1.3853	0.82178
1.3857	0.82105
1.386	0.82060
1.3864	0.82000
1.3868	0.81915
1.3871	0.81848
1.3875	0.81819
1.3879	0.81790
1.3883	0.81713
1.3886	0.81624
1.389	0.81558
1.3894	0.81514
1.3898	0.81474
1.3901	0.81414
1.3905	0.81346
1.3909	0.81295
1.3912	0.81244
1.3916	0.81187
1.392	0.81150
1.3924	0.81132
1.3927	0.81049
1.3931	0.80970
1.3935	0.80923
1.3938	0.80875
1.3942	0.80831
1.3946	0.80815
1.395	0.80784
1.3954	0.80724
1.3957	0.80687
1.3961	0.80669
1.3965	0.80633
1.3969	0.80561
1.3972	0.80512
1.3976	0.80461
1.398	0.80399
1.3984	0.80339
1.3987	0.80295
1.3991	0.80253
1.3995	0.80198
1.3999	0.80114
1.4003	0.80048
1.4006	0.79985
1.401	0.79892
1.4014	0.79802
1.4018	0.79706
1.4022	0.79606
1.4025	0.79505
1.4029	0.79393
1.4033	0.79290
1.4037	0.79191
1.4041	0.79082
1.4044	0.78981
1.4048	0.78888
1.4052	0.78745
1.4056	0.78595
1.4059	0.78468
1.4063	0.78336
1.4067	0.78212
1.4071	0.78088
1.4075	0.77934
1.4079	0.77773
1.4082	0.77633
1.4086	0.77493
1.409	0.77361
1.4094	0.77222
1.4098	0.77062
1.4102	0.76901
1.4105	0.76736
1.4109	0.76573
1.4113	0.76414
1.4117	0.76253
1.4121	0.76090
1.4125	0.75913
1.4128	0.75729
1.4132	0.75553
1.4136	0.75388
1.414	0.75227
1.4144	0.75041
1.4148	0.74838
1.4152	0.74649
1.4156	0.74461
1.4159	0.74275
1.4163	0.74080
1.4167	0.73871
1.4171	0.73682
1.4175	0.73496
1.4179	0.73298
1.4183	0.73114
1.4186	0.72929
1.419	0.72731
1.4194	0.72525
1.4198	0.72329
1.4202	0.72134
1.4206	0.71938
1.421	0.71748
1.4214	0.71561
1.4218	0.71371
1.4222	0.71195
1.4225	0.71024
1.4229	0.70862
1.4233	0.70703
1.4237	0.70544
1.4241	0.70395
1.4245	0.70253
1.4249	0.70123
1.4253	0.70009
1.4257	0.69897
1.4261	0.69796
1.4264	0.69696
1.4268	0.69606
1.4272	0.69523
1.4276	0.69428
1.428	0.69357
1.4284	0.69289
1.4288	0.69212
1.4292	0.69136
1.4296	0.69050
1.43	0.68967
1.4304	0.68887
1.4308	0.68793
1.4312	0.68681
1.4316	0.68569
1.432	0.68465
1.4324	0.68352
1.4328	0.68219
1.4332	0.68074
1.4336	0.67912
1.4339	0.67749
1.4343	0.67582
1.4347	0.67404
1.4351	0.67214
1.4355	0.67014
1.4359	0.66812
1.4363	0.66596
1.4367	0.66364
1.4371	0.66132
1.4375	0.65885
1.4379	0.65631
1.4383	0.65378
1.4387	0.65115
1.4391	0.64847
1.4395	0.64573
1.4399	0.64290
1.4403	0.64000
1.4407	0.63713
1.4411	0.63434
1.4415	0.63153
1.4419	0.62877
1.4423	0.62615
1.4427	0.62363
1.4431	0.62120
1.4435	0.61884
1.4439	0.61666
1.4443	0.61482
1.4447	0.61332
1.4451	0.61207
1.4455	0.61114
1.4459	0.61056
1.4463	0.61029
1.4468	0.61054
1.4472	0.61124
1.4476	0.61218
1.448	0.61335
1.4484	0.61492
1.4488	0.61689
1.4492	0.61910
1.4496	0.62145
1.45	0.62391
1.4504	0.62653
1.4508	0.62921
1.4512	0.63194
1.4516	0.63469
1.452	0.63726
1.4524	0.63978
1.4528	0.64226
1.4532	0.64470
1.4537	0.64712
1.4541	0.64944
1.4545	0.65160
1.4549	0.65360
1.4553	0.65546
1.4557	0.65727
1.4561	0.65897
1.4565	0.66060
1.4569	0.66217
1.4573	0.66370
1.4577	0.66512
1.4581	0.66640
1.4586	0.66761
1.459	0.66879
1.4594	0.66984
1.4598	0.67079
1.4602	0.67180
1.4606	0.67276
1.461	0.67368
1.4614	0.67462
1.4618	0.67545
1.4623	0.67613
1.4627	0.67677
1.4631	0.67748
1.4635	0.67818
1.4639	0.67882
1.4643	0.67936
1.4647	0.67995
1.4652	0.68057
1.4656	0.68110
1.466	0.68150
1.4664	0.68193
1.4668	0.68230
1.4672	0.68265
1.4676	0.68298
1.4681	0.68325
1.4685	0.68346
1.4689	0.68373
1.4693	0.68401
1.4697	0.68410
1.4701	0.68419
1.4706	0.68439
1.471	0.68458
1.4714	0.68470
1.4718	0.68477
1.4722	0.68489
1.4726	0.68496
1.4731	0.68504
1.4735	0.68523
1.4739	0.68539
1.4743	0.68551
1.4747	0.68567
1.4752	0.68593
1.4756	0.68619
1.476	0.68645
1.4764	0.68682
1.4768	0.68729
1.4773	0.68783
1.4777	0.68831
1.4781	0.68868
1.4785	0.68910
1.4789	0.68950
1.4794	0.68968
1.4798	0.68984
1.4802	0.69008
1.4806	0.69008
1.4811	0.68988
1.4815	0.68967
1.4819	0.68934
1.4823	0.68897
1.4828	0.68852
1.4832	0.68789
1.4836	0.68715
1.484	0.68646
1.4844	0.68573
1.4849	0.68495
1.4853	0.68407
1.4857	0.68325
1.4862	0.68250
1.4866	0.68175
1.487	0.68107
1.4874	0.68039
1.4878	0.67975
1.4883	0.67924
1.4887	0.67876
1.4891	0.67836
1.4896	0.67810
1.49	0.67792
1.4904	0.67787
1.4908	0.67803
1.4913	0.67824
1.4917	0.67844
1.4921	0.67870
1.4926	0.67928
1.493	0.67997
1.4934	0.68072
1.4938	0.68152
1.4943	0.68249
1.4947	0.68361
1.4952	0.68482
1.4956	0.68603
1.496	0.68733
1.4964	0.68876
1.4969	0.69021
1.4973	0.69174
1.4977	0.69328
1.4982	0.69481
1.4986	0.69642
1.499	0.69800
1.4995	0.69963
1.4999	0.70128
1.5003	0.70287
1.5008	0.70447
1.5012	0.70604
1.5016	0.70749
1.5021	0.70894
1.5025	0.71037
1.5029	0.71174
1.5034	0.71311
1.5038	0.71433
1.5043	0.71545
1.5047	0.71653
1.5051	0.71761
1.5056	0.71871
1.506	0.71970
1.5064	0.72059
1.5069	0.72149
1.5073	0.72239
1.5078	0.72317
1.5082	0.72390
1.5086	0.72459
1.5091	0.72528
1.5095	0.72591
1.5099	0.72639
1.5104	0.72687
1.5108	0.72747
1.5113	0.72805
1.5117	0.72853
1.5122	0.72887
1.5126	0.72920
1.513	0.72953
1.5135	0.72987
1.5139	0.73019
1.5144	0.73042
1.5148	0.73060
1.5152	0.73088
1.5157	0.73115
1.5161	0.73124
1.5166	0.73133
1.517	0.73148
1.5175	0.73156
1.5179	0.73156
1.5183	0.73151
1.5188	0.73149
1.5192	0.73160
1.5197	0.73165
1.5201	0.73162
1.5206	0.73153
1.521	0.73139
1.5215	0.73132
1.5219	0.73126
1.5224	0.73107
1.5228	0.73084
1.5233	0.73065
1.5237	0.73041
1.5242	0.73016
1.5246	0.72990
1.5251	0.72965
1.5255	0.72942
1.5259	0.72921
1.5264	0.72895
1.5268	0.72859
1.5273	0.72815
1.5278	0.72779
1.5282	0.72745
1.5287	0.72702
1.5291	0.72661
1.5296	0.72630
1.53	0.72595
1.5304	0.72553
1.5309	0.72517
1.5314	0.72478
1.5318	0.72429
1.5323	0.72392
1.5327	0.72357
1.5332	0.72318
1.5336	0.72287
1.5341	0.72252
1.5345	0.72223
1.535	0.72201
1.5354	0.72179
1.5359	0.72161
1.5363	0.72141
1.5368	0.72127
1.5373	0.72122
1.5377	0.72119
1.5382	0.72123
1.5386	0.72131
1.5391	0.72150
1.5395	0.72175
1.54	0.72201
1.5405	0.72237
1.5409	0.72277
1.5414	0.72333
1.5418	0.72395
1.5423	0.72457
1.5428	0.72529
1.5432	0.72604
1.5437	0.72683
1.5441	0.72774
1.5446	0.72869
1.5451	0.72966
1.5455	0.73069
1.546	0.73178
1.5464	0.73288
1.5469	0.73391
1.5473	0.73501
1.5478	0.73618
1.5483	0.73735
1.5487	0.73847
1.5492	0.73968
1.5497	0.74085
1.5501	0.74195
1.5506	0.74314
1.5511	0.74425
1.5515	0.74540
1.552	0.74653
1.5524	0.74763
1.5529	0.74879
1.5534	0.74992
1.5538	0.75094
1.5543	0.75197
1.5548	0.75304
1.5552	0.75408
1.5557	0.75512
1.5562	0.75614
1.5566	0.75720
1.5571	0.75819
1.5576	0.75913
1.5581	0.76008
1.5585	0.76103
1.559	0.76192
1.5594	0.76270
1.5599	0.76359
1.5604	0.76452
1.5609	0.76536
1.5613	0.76614
1.5618	0.76689
1.5623	0.76757
1.5627	0.76835
1.5632	0.76921
1.5637	0.77000
1.5642	0.77066
1.5646	0.77138
1.5651	0.77208
1.5656	0.77272
1.5661	0.77339
1.5665	0.77408
1.567	0.77485
1.5675	0.77554
1.5679	0.77614
1.5684	0.77680
1.5689	0.77744
1.5694	0.77803
1.5698	0.77855
1.5703	0.77914
1.5708	0.77980
1.5713	0.78036
1.5717	0.78083
1.5722	0.78140
1.5727	0.78192
1.5732	0.78234
1.5737	0.78278
1.5741	0.78322
1.5746	0.78375
1.5751	0.78427
1.5756	0.78475
1.576	0.78527
1.5765	0.78576
1.577	0.78624
1.5775	0.78682
1.578	0.78732
1.5784	0.78773
1.5789	0.78816
1.5794	0.78858
1.5799	0.78893
1.5804	0.78934
1.5808	0.78978
1.5813	0.79021
1.5818	0.79064
1.5823	0.79103
1.5828	0.79140
1.5833	0.79179
1.5838	0.79231
1.5842	0.79280
1.5847	0.79312
1.5852	0.79350
1.5857	0.79393
1.5862	0.79439
1.5867	0.79481
1.5871	0.79515
1.5876	0.79553
1.5881	0.79596
1.5886	0.79641
1.5891	0.79681
1.5896	0.79720
1.5901	0.79756
1.5906	0.79801
1.591	0.79857
1.5915	0.79910
1.592	0.79951
1.5925	0.79979
1.593	0.80019
1.5935	0.80067
1.594	0.80108
1.5945	0.80156
1.5949	0.80203
1.5954	0.80246
1.5959	0.80295
1.5964	0.80343
1.5969	0.80380
1.5974	0.80415
1.5979	0.80465
1.5984	0.80511
1.5989	0.80550
1.5994	0.80595
1.5999	0.80635
1.6004	0.80680
1.6009	0.80718
1.6014	0.80767
1.6018	0.80822
1.6023	0.80870
1.6028	0.80915
1.6033	0.80953
1.6038	0.80994
1.6043	0.81043
1.6048	0.81092
1.6053	0.81140
1.6058	0.81178
1.6063	0.81215
1.6068	0.81255
1.6073	0.81294
1.6078	0.81331
1.6083	0.81373
1.6088	0.81415
1.6093	0.81459
1.6098	0.81499
1.6103	0.81540
1.6108	0.81580
1.6113	0.81612
1.6118	0.81641
1.6123	0.81675
1.6128	0.81713
1.6133	0.81745
1.6138	0.81765
1.6143	0.81799
1.6148	0.81844
1.6153	0.81880
1.6158	0.81907
1.6163	0.81941
1.6168	0.81973
1.6173	0.81998
1.6178	0.82023
1.6183	0.82052
1.6189	0.82082
1.6194	0.82106
1.6199	0.82136
1.6204	0.82169
1.6209	0.82202
1.6214	0.82233
1.6219	0.82260
1.6224	0.82285
1.6229	0.82318
1.6234	0.82348
1.6239	0.82370
1.6244	0.82398
1.6249	0.82426
1.6254	0.82454
1.626	0.82473
1.6265	0.82495
1.627	0.82521
1.6275	0.82547
1.628	0.82574
1.6285	0.82606
1.629	0.82631
1.6295	0.82657
1.6301	0.82683
1.6306	0.82709
1.6311	0.82735
1.6316	0.82761
1.6321	0.82790
1.6326	0.82819
1.6331	0.82841
1.6337	0.82867
1.6342	0.82901
1.6347	0.82929
1.6352	0.82953
1.6357	0.82985
1.6362	0.83016
1.6367	0.83045
1.6373	0.83070
1.6378	0.83094
1.6383	0.83115
1.6388	0.83141
1.6393	0.83169
1.6398	0.83198
1.6404	0.83221
1.6409	0.83240
1.6414	0.83255
1.6419	0.83269
1.6424	0.83292
1.643	0.83316
1.6435	0.83337
1.644	0.83366
1.6445	0.83390
1.6451	0.83406
1.6456	0.83418
1.6461	0.83441
1.6466	0.83466
1.6471	0.83486
1.6477	0.83500
1.6482	0.83515
1.6487	0.83539
1.6492	0.83557
1.6498	0.83566
1.6503	0.83579
1.6508	0.83596
1.6513	0.83608
1.6519	0.83623
1.6524	0.83648
1.6529	0.83666
1.6534	0.83672
1.654	0.83678
1.6545	0.83692
1.655	0.83715
1.6556	0.83723
1.6561	0.83731
1.6566	0.83740
1.6571	0.83744
1.6577	0.83760
1.6582	0.83772
1.6587	0.83781
1.6593	0.83789
1.6598	0.83797
1.6603	0.83803
1.6609	0.83803
1.6614	0.83807
1.6619	0.83816
1.6625	0.83820
1.663	0.83820
1.6635	0.83820
1.6641	0.83828
1.6646	0.83836
1.6651	0.83842
1.6657	0.83840
1.6662	0.83844
1.6667	0.83846
1.6673	0.83850
1.6678	0.83855
1.6683	0.83855
1.6689	0.83846
1.6694	0.83838
1.6699	0.83833
1.6705	0.83839
1.671	0.83843
1.6716	0.83831
1.6721	0.83818
1.6727	0.83816
1.6732	0.83808
1.6737	0.83803
1.6743	0.83797
1.6748	0.83783
1.6753	0.83766
1.6759	0.83750
1.6764	0.83731
1.677	0.83724
1.6775	0.83718
1.6781	0.83699
1.6786	0.83677
1.6792	0.83665
1.6797	0.83648
1.6802	0.83627
1.6808	0.83608
1.6813	0.83587
1.6819	0.83560
1.6824	0.83541
1.683	0.83521
1.6835	0.83505
1.6841	0.83493
1.6846	0.83469
1.6852	0.83445
1.6857	0.83423
1.6863	0.83392
1.6868	0.83362
1.6873	0.83328
1.6879	0.83297
1.6884	0.83272
1.689	0.83240
1.6895	0.83205
1.6901	0.83172
1.6907	0.83142
1.6912	0.83107
1.6918	0.83060
1.6923	0.83011
1.6928	0.82959
1.6934	0.82912
1.694	0.82862
1.6945	0.82804
1.6951	0.82747
1.6956	0.82685
1.6962	0.82624
1.6967	0.82572
1.6973	0.82507
1.6978	0.82448
1.6984	0.82387
1.699	0.82316
1.6995	0.82246
1.7001	0.82166
1.7006	0.82086
1.7012	0.82011
1.7017	0.81934
1.7023	0.81852
1.7029	0.81771
1.7034	0.81690
1.704	0.81595
1.7045	0.81497
1.7051	0.81402
1.7057	0.81298
1.7062	0.81191
1.7068	0.81088
1.7073	0.80978
1.7079	0.80869
1.7085	0.80757
1.709	0.80635
1.7096	0.80512
1.7102	0.80390
1.7107	0.80268
1.7113	0.80143
1.7119	0.80011
1.7124	0.79879
1.713	0.79751
1.7136	0.79614
1.7141	0.79463
1.7147	0.79321
1.7153	0.79184
1.7158	0.79038
1.7164	0.78883
1.717	0.78734
1.7175	0.78586
1.7181	0.78439
1.7187	0.78291
1.7192	0.78141
1.7198	0.77985
1.7204	0.77827
1.7209	0.77662
1.7215	0.77496
1.7221	0.77336
1.7227	0.77174
1.7232	0.76998
1.7238	0.76824
1.7244	0.76651
1.725	0.76476
1.7255	0.76302
1.7261	0.76134
1.7267	0.75960
1.7273	0.75781
1.7278	0.75603
1.7284	0.75431
1.729	0.75253
1.7296	0.75072
1.7301	0.74889
1.7307	0.74710
1.7313	0.74535
1.7319	0.74359
1.7324	0.74183
1.733	0.74009
1.7336	0.73835
1.7342	0.73660
1.7348	0.73482
1.7353	0.73303
1.7359	0.73133
1.7365	0.72969
1.7371	0.72804
1.7377	0.72636
1.7383	0.72476
1.7388	0.72329
1.7394	0.72175
1.74	0.72028
1.7406	0.71887
1.7412	0.71751
1.7418	0.71623
1.7423	0.71505
1.7429	0.71385
1.7435	0.71261
1.7441	0.71151
1.7447	0.71054
1.7453	0.70968
1.7459	0.70887
1.7464	0.70810
1.747	0.70743
1.7476	0.70689
1.7482	0.70644
1.7488	0.70609
1.7494	0.70588
1.75	0.70580
1.7506	0.70577
1.7512	0.70585
1.7518	0.70607
1.7524	0.70642
1.7529	0.70691
1.7535	0.70746
1.7541	0.70809
1.7547	0.70874
1.7553	0.70940
1.7559	0.71010
1.7565	0.71087
1.7571	0.71165
1.7577	0.71236
1.7583	0.71313
1.7589	0.71386
1.7595	0.71461
1.7601	0.71536
1.7607	0.71602
1.7613	0.71663
1.7619	0.71722
1.7625	0.71780
1.7631	0.71836
1.7637	0.71888
1.7643	0.71925
1.7649	0.71957
1.7655	0.71996
1.7661	0.72029
1.7667	0.72057
1.7673	0.72079
1.7679	0.72097
1.7685	0.72115
1.7691	0.72134
1.7697	0.72155
1.7703	0.72174
1.7709	0.72184
1.7715	0.72192
1.7721	0.72202
1.7727	0.72213
1.7733	0.72222
1.7739	0.72229
1.7746	0.72244
1.7752	0.72260
1.7758	0.72277
1.7764	0.72300
1.777	0.72333
1.7776	0.72371
1.7782	0.72405
1.7788	0.72445
1.7794	0.72499
1.78	0.72554
1.7806	0.72618
1.7813	0.72690
1.7819	0.72762
1.7825	0.72834
1.7831	0.72910
1.7837	0.72994
1.7843	0.73092
1.7849	0.73193
1.7856	0.73285
1.7862	0.73382
1.7868	0.73494
1.7874	0.73603
1.788	0.73708
1.7886	0.73822
1.7893	0.73941
1.7899	0.74053
1.7905	0.74154
1.7911	0.74260
1.7917	0.74377
1.7923	0.74491
1.793	0.74600
1.7936	0.74706
1.7942	0.74800
1.7948	0.74891
1.7954	0.74995
1.7961	0.75090
1.7967	0.75181
1.7973	0.75273
1.7979	0.75359
1.7986	0.75434
1.7992	0.75512
1.7998	0.75589
1.8004	0.75662
1.8011	0.75732
1.8017	0.75798
1.8023	0.75865
1.8029	0.75933
1.8036	0.75996
1.8042	0.76052
1.8048	0.76104
1.8054	0.76169
1.8061	0.76228
1.8067	0.76269
1.8073	0.76309
1.808	0.76359
1.8086	0.76401
1.8092	0.76440
1.8099	0.76485
1.8105	0.76541
1.8111	0.76583
1.8118	0.76618
1.8124	0.76657
1.813	0.76698
1.8137	0.76727
1.8143	0.76762
1.8149	0.76805
1.8156	0.76845
1.8162	0.76859
1.8168	0.76884
1.8175	0.76907
1.8181	0.76937
1.8187	0.76960
1.8194	0.76987
1.82	0.77040
1.8207	0.77076
1.8213	0.77076
1.8219	0.77094
1.8226	0.77095
1.8232	0.77100
1.8239	0.77103
1.8245	0.77113
1.8252	0.77122
1.8258	0.77175
1.8264	0.77205
1.8271	0.77161
1.8277	0.77148
1.8284	0.77170
1.829	0.77167
1.8297	0.77157
1.8303	0.77158
1.8309	0.77166
1.8316	0.77143
1.8322	0.77119
1.8329	0.77103
1.8335	0.77069
1.8342	0.77053
1.8348	0.77062
1.8355	0.77046
1.8361	0.77037
1.8368	0.76989
1.8374	0.76969
1.8381	0.76932
1.8387	0.76850
1.8394	0.76851
1.84	0.76841
1.8407	0.76751
1.8413	0.76739
1.842	0.76729
1.8427	0.76627
1.8433	0.76544
1.844	0.76488
1.8446	0.76430
1.8453	0.76369
1.8459	0.76319
1.8466	0.76316
1.8473	0.76273
1.8479	0.76172
1.8486	0.76082
1.8492	0.75967
1.8499	0.75884
1.8506	0.75793
1.8512	0.75687
1.8519	0.75580
1.8525	0.75497
1.8532	0.75408
1.8539	0.75303
1.8545	0.75131
1.8552	0.74974
1.8558	0.74855
1.8565	0.74741
1.8572	0.74563
1.8578	0.74377
1.8585	0.74216
1.8592	0.74085
1.8598	0.73941
1.8605	0.73716
1.8612	0.73498
1.8618	0.73283
1.8625	0.73075
1.8632	0.72859
1.8639	0.72654
1.8645	0.72423
1.8652	0.72171
1.8659	0.71918
1.8665	0.71670
1.8672	0.71445
1.8679	0.71206
1.8686	0.70879
1.8692	0.70589
1.8699	0.70314
1.8706	0.70064
1.8713	0.69758
1.8719	0.69386
1.8726	0.69099
1.8733	0.68787
1.874	0.68390
1.8746	0.68025
1.8753	0.67683
1.876	0.67315
1.8767	0.66969
1.8773	0.66588
1.878	0.66164
1.8787	0.65772
1.8794	0.65370
1.8801	0.64966
1.8808	0.64556
1.8814	0.64144
1.8821	0.63717
1.8828	0.63289
1.8835	0.62876
1.8842	0.62458
1.8849	0.61995
1.8856	0.61552
1.8862	0.61111
1.8869	0.60667
1.8876	0.60199
1.8883	0.59748
1.889	0.59300
1.8897	0.58870
1.8904	0.58411
1.8911	0.57931
1.8917	0.57472
1.8924	0.57010
1.8931	0.56534
1.8938	0.56066
1.8945	0.55579
1.8952	0.55096
1.8959	0.54599
1.8966	0.54100
1.8973	0.53599
1.898	0.53083
1.8987	0.52556
1.8994	0.52045
1.9001	0.51478
1.9008	0.50896
1.9014	0.50310
1.9022	0.49746
1.9028	0.49178
1.9036	0.48557
1.9043	0.47936
1.9049	0.47351
1.9057	0.46716
1.9063	0.46064
1.9071	0.45398
1.9078	0.44707
1.9084	0.44028
1.9092	0.43343
1.9099	0.42641
1.9106	0.41943
1.9113	0.41224
1.912	0.40492
1.9127	0.39770
1.9134	0.39079
1.9141	0.38364
1.9148	0.37671
1.9155	0.37023
1.9162	0.36418
1.9169	0.35848
1.9176	0.35345
1.9183	0.34910
1.9191	0.34553
1.9198	0.34269
1.9205	0.34049
1.9212	0.33845
1.9219	0.33691
1.9226	0.33587
1.9233	0.33513
1.924	0.33443
1.9248	0.33356
1.9255	0.33240
1.9262	0.33104
1.9269	0.32938
1.9276	0.32735
1.9283	0.32503
1.929	0.32238
1.9298	0.31941
1.9305	0.31637
1.9312	0.31320
1.9319	0.31007
1.9326	0.30694
1.9334	0.30398
1.9341	0.30115
1.9348	0.29851
1.9355	0.29605
1.9363	0.29390
1.937	0.29197
1.9377	0.29035
1.9384	0.28901
1.9391	0.28793
1.9399	0.28704
1.9406	0.28649
1.9413	0.28611
1.9421	0.28592
1.9428	0.28585
1.9435	0.28597
1.9442	0.28619
1.945	0.28656
1.9457	0.28700
1.9464	0.28756
1.9472	0.28818
1.9479	0.28896
1.9486	0.28985
1.9493	0.29102
1.9501	0.29253
1.9508	0.29446
1.9516	0.29678
1.9523	0.29963
1.953	0.30307
1.9538	0.30717
1.9545	0.31179
1.9552	0.31691
1.956	0.32245
1.9567	0.32827
1.9574	0.33412
1.9582	0.33986
1.9589	0.34534
1.9597	0.35041
1.9604	0.35489
1.9612	0.35876
1.9619	0.36187
1.9626	0.36433
1.9634	0.36618
1.9641	0.36752
1.9649	0.36843
1.9656	0.36900
1.9663	0.36931
1.9671	0.36956
1.9678	0.36972
1.9686	0.36987
1.9693	0.37005
1.9701	0.37036
1.9708	0.37084
1.9716	0.37144
1.9723	0.37218
1.9731	0.37312
1.9738	0.37425
1.9746	0.37560
1.9753	0.37711
1.9761	0.37873
1.9768	0.38042
1.9776	0.38221
1.9784	0.38408
1.9791	0.38601
1.9799	0.38790
1.9806	0.38979
1.9814	0.39163
1.9821	0.39350
1.9829	0.39539
1.9837	0.39730
1.9844	0.39918
1.9852	0.40112
1.9859	0.40321
1.9867	0.40549
1.9875	0.40797
1.9882	0.41073
1.989	0.41388
1.9898	0.41747
1.9905	0.42142
1.9913	0.42593
1.992	0.43098
1.9928	0.43653
1.9936	0.44260
1.9943	0.44910
1.9951	0.45599
1.9959	0.46311
1.9966	0.47037
1.9974	0.47772
1.9982	0.48508
1.9989	0.49237
1.9997	0.49947
2.0005	0.50634
2.0013	0.51298
2.002	0.51935
2.0028	0.52545
2.0036	0.53128
2.0044	0.53681
2.0051	0.54205
2.0059	0.54708
2.0067	0.55187
2.0075	0.55642
2.0082	0.56074
2.009	0.56492
2.0098	0.56891
2.0106	0.57266
2.0114	0.57628
2.0121	0.57974
2.0129	0.58298
2.0137	0.58606
2.0145	0.58893
2.0153	0.59174
2.0161	0.59455
2.0168	0.59720
2.0176	0.59973
2.0184	0.60219
2.0192	0.60449
2.02	0.60659
2.0208	0.60866
2.0216	0.61071
2.0223	0.61266
2.0231	0.61452
2.0239	0.61629
2.0247	0.61798
2.0255	0.61965
2.0263	0.62132
2.0271	0.62287
2.0279	0.62436
2.0287	0.62580
2.0295	0.62716
2.0303	0.62843
2.0311	0.62967
2.0318	0.63091
2.0327	0.63213
2.0334	0.63332
2.0343	0.63446
2.035	0.63558
2.0358	0.63661
2.0366	0.63754
2.0374	0.63849
2.0382	0.63947
2.0391	0.64037
2.0398	0.64125
2.0407	0.64212
2.0414	0.64287
2.0423	0.64358
2.0431	0.64435
2.0439	0.64505
2.0447	0.64581
2.0455	0.64657
2.0463	0.64714
2.0471	0.64769
2.0479	0.64820
2.0487	0.64867
2.0495	0.64912
2.0503	0.64948
2.0511	0.64975
2.052	0.64989
2.0528	0.64998
2.0536	0.64999
2.0544	0.64992
2.0552	0.64986
2.056	0.64977
2.0568	0.64955
2.0577	0.64926
2.0585	0.64889
2.0593	0.64849
2.0601	0.64814
2.0609	0.64768
2.0618	0.64719
2.0626	0.64675
2.0634	0.64634
2.0642	0.64596
2.065	0.64565
2.0659	0.64542
2.0667	0.64529
2.0675	0.64525
2.0683	0.64520
2.0691	0.64516
2.07	0.64511
2.0708	0.64505
2.0716	0.64514
2.0725	0.64524
2.0733	0.64519
2.0741	0.64508
2.0749	0.64499
2.0758	0.64493
2.0766	0.64485
2.0774	0.64466
2.0783	0.64445
2.0791	0.64419
2.0799	0.64386
2.0808	0.64350
2.0816	0.64314
2.0824	0.64276
2.0833	0.64234
2.0841	0.64177
2.085	0.64114
2.0858	0.64053
2.0866	0.63988
2.0875	0.63916
2.0883	0.63840
2.0892	0.63761
2.09	0.63675
2.0909	0.63584
2.0917	0.63492
2.0925	0.63398
2.0934	0.63306
2.0942	0.63212
2.0951	0.63129
2.0959	0.63045
2.0968	0.62953
2.0976	0.62868
2.0985	0.62784
2.0993	0.62700
2.1002	0.62609
2.101	0.62513
2.1019	0.62423
2.1027	0.62338
2.1036	0.62247
2.1044	0.62152
2.1053	0.62054
2.1061	0.61963
2.107	0.61874
2.1079	0.61775
2.1087	0.61674
2.1096	0.61581
2.1104	0.61488
2.1113	0.61390
2.1121	0.61292
2.113	0.61196
2.1139	0.61095
2.1147	0.60994
2.1156	0.60894
2.1164	0.60798
2.1173	0.60697
2.1182	0.60597
2.1191	0.60499
2.1199	0.60396
2.1208	0.60299
2.1216	0.60207
2.1225	0.60122
2.1234	0.60034
2.1243	0.59940
2.1251	0.59845
2.126	0.59751
2.1269	0.59659
2.1277	0.59571
2.1286	0.59490
2.1295	0.59410
2.1304	0.59330
2.1312	0.59258
2.1321	0.59188
2.133	0.59119
2.1339	0.59047
2.1348	0.58976
2.1356	0.58909
2.1365	0.58842
2.1374	0.58771
2.1383	0.58698
2.1392	0.58630
2.14	0.58565
2.1409	0.58496
2.1418	0.58421
2.1427	0.58348
2.1436	0.58269
2.1445	0.58188
2.1454	0.58111
2.1462	0.58032
2.1471	0.57941
2.148	0.57839
2.1489	0.57739
2.1498	0.57640
2.1507	0.57541
2.1516	0.57444
2.1525	0.57343
2.1534	0.57232
2.1543	0.57120
2.1552	0.57013
2.1561	0.56911
2.1569	0.56806
2.1579	0.56696
2.1588	0.56593
2.1596	0.56495
2.1606	0.56387
2.1614	0.56280
2.1624	0.56178
2.1633	0.56074
2.1642	0.55972
2.1651	0.55867
2.166	0.55765
2.1669	0.55664
2.1678	0.55557
2.1687	0.55449
2.1696	0.55353
2.1705	0.55266
2.1714	0.55181
2.1723	0.55100
2.1732	0.55025
2.1741	0.54947
2.1751	0.54877
2.176	0.54821
2.1769	0.54783
2.1778	0.54750
2.1787	0.54724
2.1796	0.54699
2.1805	0.54674
2.1815	0.54649
2.1824	0.54626
2.1833	0.54605
2.1842	0.54576
2.1851	0.54548
2.1861	0.54519
2.187	0.54479
2.1879	0.54434
2.1888	0.54385
2.1898	0.54331
2.1907	0.54280
2.1916	0.54225
2.1925	0.54162
2.1935	0.54086
2.1944	0.54001
2.1953	0.53922
2.1962	0.53839
2.1972	0.53754
2.1981	0.53655
2.199	0.53543
2.2	0.53436
2.2009	0.53321
2.2018	0.53198
2.2028	0.53069
2.2037	0.52940
2.2046	0.52811
2.2056	0.52667
2.2065	0.52518
2.2075	0.52369
2.2084	0.52215
2.2093	0.52065
2.2103	0.51916
2.2112	0.51773
2.2122	0.51637
2.2131	0.51498
2.2141	0.51370
2.215	0.51259
2.2159	0.51166
2.2169	0.51099
2.2179	0.51070
2.2188	0.51086
2.2198	0.51142
2.2207	0.51245
2.2216	0.51400
2.2226	0.51597
2.2236	0.51818
2.2245	0.52060
2.2255	0.52306
2.2264	0.52545
2.2274	0.52778
2.2283	0.53000
2.2293	0.53209
2.2303	0.53396
2.2312	0.53566
2.2322	0.53719
2.2331	0.53854
2.2341	0.53972
2.2351	0.54075
2.236	0.54166
2.237	0.54256
2.2379	0.54331
2.2389	0.54387
2.2399	0.54433
2.2409	0.54475
2.2418	0.54512
2.2428	0.54537
2.2438	0.54552
2.2447	0.54570
2.2457	0.54585
2.2467	0.54589
2.2477	0.54580
2.2486	0.54566
2.2496	0.54542
2.2506	0.54518
2.2516	0.54496
2.2525	0.54461
2.2535	0.54413
2.2545	0.54356
2.2555	0.54297
2.2565	0.54228
2.2574	0.54146
2.2584	0.54059
2.2594	0.53961
2.2604	0.53857
2.2614	0.53750
2.2624	0.53630
2.2634	0.53497
2.2643	0.53376
2.2653	0.53273
2.2663	0.53185
2.2673	0.53122
2.2683	0.53084
2.2693	0.53082
2.2703	0.53125
2.2713	0.53205
2.2723	0.53317
2.2733	0.53460
2.2743	0.53622
2.2753	0.53796
2.2763	0.53974
2.2773	0.54154
2.2783	0.54330
2.2793	0.54494
2.2803	0.54639
2.2813	0.54776
2.2823	0.54910
2.2833	0.55036
2.2843	0.55142
2.2853	0.55234
2.2863	0.55325
2.2873	0.55413
2.2883	0.55491
2.2893	0.55556
2.2904	0.55620
2.2914	0.55677
2.2924	0.55719
2.2934	0.55755
2.2944	0.55795
2.2954	0.55841
2.2964	0.55879
2.2974	0.55908
2.2985	0.55928
2.2995	0.55940
2.3005	0.55955
2.3015	0.55972
2.3026	0.55993
2.3036	0.56006
2.3046	0.56009
2.3056	0.56010
2.3066	0.56005
2.3077	0.56005
2.3087	0.56008
2.3097	0.56008
2.3108	0.56002
2.3118	0.55999
2.3128	0.55993
2.3139	0.55981
2.3149	0.55966
2.3159	0.55952
2.317	0.55923
2.318	0.55891
2.319	0.55861
2.3201	0.55824
2.3211	0.55782
2.3221	0.55738
2.3232	0.55693
2.3242	0.55643
2.3253	0.55588
2.3263	0.55527
2.3274	0.55458
2.3284	0.55385
2.3294	0.55320
2.3305	0.55242
2.3316	0.55158
2.3326	0.55064
2.3336	0.54966
2.3347	0.54855
2.3358	0.54746
2.3368	0.54638
2.3379	0.54519
2.3389	0.54396
2.34	0.54269
2.341	0.54138
2.3421	0.54006
2.3431	0.53870
2.3442	0.53722
2.3453	0.53572
2.3463	0.53424
2.3474	0.53272
2.3484	0.53112
2.3495	0.52946
2.3506	0.52778
2.3516	0.52605
2.3527	0.52425
2.3538	0.52240
2.3548	0.52053
2.3559	0.51852
2.357	0.51642
2.3581	0.51430
2.3591	0.51211
2.3602	0.50986
2.3613	0.50758
2.3624	0.50531
2.3634	0.50302
2.3645	0.50069
2.3656	0.49829
2.3667	0.49579
2.3678	0.49330
2.3688	0.49072
2.3699	0.48799
2.371	0.48519
2.3721	0.48234
2.3732	0.47939
2.3743	0.47642
2.3753	0.47331
2.3764	0.47014
2.3775	0.46684
2.3786	0.46341
2.3797	0.45986
2.3808	0.45629
2.3819	0.45266
2.383	0.44898
2.3841	0.44518
2.3852	0.44123
2.3863	0.43718
2.3874	0.43305
2.3885	0.42876
2.3896	0.42446
2.3907	0.42016
2.3918	0.41584
2.3929	0.41141
2.394	0.40690
2.3951	0.40244
2.3962	0.39805
2.3973	0.39364
2.3984	0.38915
2.3995	0.38471
2.4006	0.38046
2.4018	0.37631
2.4029	0.37214
2.404	0.36810
2.4051	0.36428
2.4062	0.36053
2.4073	0.35691
2.4084	0.35341
2.4096	0.35000
2.4107	0.34675
2.4118	0.34362
2.4129	0.34069
2.4141	0.33809
2.4152	0.33559
2.4163	0.33322
2.4174	0.33102
2.4186	0.32895
2.4197	0.32701
2.4208	0.32520
2.4219	0.32348
2.4231	0.32183
2.4242	0.32030
2.4253	0.31879
2.4265	0.31721
2.4276	0.31569
2.4288	0.31417
2.4299	0.31264
2.431	0.31112
2.4322	0.30975
2.4333	0.30837
2.4344	0.30694
2.4356	0.30558
2.4367	0.30440
2.4379	0.30318
2.439	0.30198
2.4402	0.30092
2.4413	0.29993
2.4425	0.29893
2.4436	0.29800
2.4448	0.29716
2.4459	0.29629
2.4471	0.29532
2.4483	0.29444
2.4494	0.29353
2.4506	0.29259
2.4517	0.29160
2.4529	0.29058
2.454	0.28951
2.4552	0.28855
2.4564	0.28755
2.4575	0.28628
2.4587	0.28505
2.4599	0.28375
2.461	0.28238
2.4622	0.28098
2.4634	0.27963
2.4645	0.27819
2.4657	0.27676
2.4669	0.27543
2.4681	0.27392
2.4692	0.27249
2.4704	0.27119
2.4716	0.27019
2.4728	0.26907
2.4739	0.26793
2.4751	0.26689
2.4763	0.26608
2.4775	0.26529
2.4787	0.26471
2.4799	0.26428
2.4811	0.26395
2.4822	0.26358
2.4834	0.26322
2.4846	0.26296
2.4858	0.26317
2.487	0.26339
2.4882	0.26351
2.4894	0.26345
2.4906	0.26357
2.4918	0.26388
2.493	0.26420
2.4942	0.26471
2.4954	0.26509
2.4966	0.26531
2.4978	0.26578
2.499	0.26653
2.5002	0.26728
2.5014	0.26800
2.5026	0.26861
2.5038	0.26923
2.505	0.27041
2.5062	0.27146
2.5074	0.27214
2.5086	0.27283
2.5099	0.27378
2.5111	0.27449
2.5123	0.27526
2.5135	0.27607
2.5147	0.27669
2.516	0.27772
2.5172	0.27909
2.5184	0.27965
2.5196	0.28028
2.5209	0.28086
2.5221	0.28158
2.5233	0.28221
2.5245	0.28294
2.5258	0.28299
2.527	0.28342
2.5282	0.28408
2.5295	0.28424
2.5307	0.28409
2.5319	0.28407
2.5332	0.28395
2.5344	0.28444
2.5356	0.28536
2.5369	0.28534
2.5381	0.28460
2.5394	0.28419
2.5406	0.28387
2.5419	0.28320
2.5431	0.28269
2.5444	0.28216
2.5456	0.28142
2.5469	0.28177
2.5481	0.28229
2.5494	0.28216
2.5506	0.28117
2.5519	0.28134
2.5531	0.28118
2.5544	0.27991
2.5557	0.27916
2.5569	0.27880
2.5582	0.27838
2.5594	0.27864
2.5607	0.28016
2.562	0.28090
2.5632	0.28008
2.5645	0.27903
2.5658	0.27690
2.5671	0.27554
2.5683	0.27600
2.5696	0.27718
2.5709	0.27577
2.5721	0.27532
2.5734	0.27729
2.5747	0.27548
2.576	0.27496
2.5773	0.27532
2.5785	0.27355
2.5798	0.27325
2.5811	0.27435
2.5824	0.27447
2.5837	0.27673
2.585	0.27515
2.5863	0.27366
2.5875	0.27444
2.5888	0.27334
2.5901	0.27234
2.5914	0.27135
2.5927	0.27285
2.594	0.27919
2.5953	0.28143
2.5966	0.27343
2.5979	0.26930
2.5992	0.26813
2.6005	0.26841
2.6018	0.26865
2.6031	0.26863
2.6044	0.26995
2.6058	0.27083
2.6071	0.26751
2.6084	0.26566
2.6097	0.26483
2.611	0.26321
2.6123	0.26200
2.6136	0.26159
2.6149	0.26072
2.6163	0.26275
2.6176	0.26181
2.6189	0.25947
2.6202	0.26087
2.6216	0.25772
2.6229	0.25417
2.6242	0.25340
2.6255	0.25391
2.6269	0.25469
2.6282	0.25147
2.6295	0.25237
2.6309	0.25266
2.6322	0.24831
2.6335	0.24686
2.6349	0.24539
2.6362	0.24307
2.6376	0.24168
2.6389	0.24032
2.6402	0.23913
2.6416	0.23780
2.6429	0.23633
2.6443	0.23497
2.6456	0.23434
2.647	0.23196
2.6483	0.22970
2.6497	0.22792
2.651	0.22697
2.6524	0.22604
2.6538	0.22344
2.6551	0.22129
2.6565	0.21927
2.6578	0.21656
2.6592	0.21544
2.6606	0.21319
2.6619	0.21069
2.6633	0.20884
2.6647	0.20970
2.666	0.20870
2.6674	0.20480
2.6688	0.20076
2.6701	0.20232
2.6715	0.19747
2.6729	0.19146
2.6743	0.18942
2.6757	0.18862
2.677	0.18669
2.6784	0.18314
2.6798	0.17956
2.6812	0.17528
2.6826	0.17280
2.684	0.17019
2.6854	0.16704
2.6868	0.16430
2.6881	0.16111
2.6895	0.15787
2.6909	0.15462
2.6923	0.15243
2.6937	0.15038
2.6951	0.14638
2.6965	0.14190
2.6979	0.13790
2.6993	0.13442
2.7008	0.13141
2.7021	0.12766
2.7036	0.12374
2.705	0.12031
2.7064	0.11677
2.7078	0.11360
2.7092	0.11081
2.7106	0.10805
2.7121	0.10366
2.7135	0.09899
2.7149	0.09564
2.7163	0.09229
2.7177	0.08925
2.7192	0.08695
2.7206	0.08493
2.722	0.08063
2.7234	0.07784
2.7249	0.07489
2.7263	0.07099
2.7277	0.06784
2.7292	0.06511
2.7306	0.06227
2.7321	0.05955
2.7335	0.05702
2.7349	0.05472
2.7364	0.05197
2.7378	0.04982
2.7393	0.04807
2.7407	0.04586
2.7422	0.04330
2.7436	0.04121
2.7451	0.03935
2.7465	0.03764
2.748	0.03589
2.7494	0.03435
2.7509	0.03304
2.7524	0.03178
2.7538	0.03073
2.7553	0.03021
2.7567	0.02901
2.7582	0.02793
2.7597	0.02724
2.7611	0.02687
2.7626	0.02642
2.7641	0.02579
2.7656	0.02539
2.767	0.02520
2.7685	0.02513
2.77	0.02508
2.7715	0.02488
2.773	0.02468
2.7744	0.02463
2.7759	0.02474
2.7774	0.02499
2.7789	0.02520
2.7804	0.02539
2.7819	0.02580
2.7834	0.02607
2.7849	0.02634
2.7864	0.02674
2.7879	0.02695
2.7894	0.02695
2.7909	0.02699
2.7924	0.02689
2.7939	0.02666
2.7954	0.02643
2.7969	0.02629
2.7984	0.02589
2.7999	0.02544
2.8014	0.02505
2.8029	0.02482
2.8044	0.02457
2.806	0.02436
2.8075	0.02428
2.809	0.02429
2.8105	0.02418
2.8121	0.02421
2.8136	0.02451
2.8151	0.02485
2.8166	0.02512
2.8182	0.02547
2.8197	0.02600
2.8212	0.02653
2.8228	0.02700
2.8243	0.02740
2.8259	0.02783
2.8274	0.02831
2.8289	0.02872
2.8305	0.02911
2.832	0.02958
2.8336	0.02990
2.8351	0.03012
2.8367	0.03044
2.8382	0.03083
2.8398	0.03112
2.8413	0.03124
2.8429	0.03136
2.8444	0.03148
2.846	0.03161
2.8476	0.03171
2.8491	0.03180
2.8507	0.03183
2.8523	0.03189
2.8538	0.03195
2.8554	0.03210
2.857	0.03226
2.8586	0.03239
2.8601	0.03256
2.8617	0.03273
2.8633	0.03293
2.8649	0.03328
2.8665	0.03352
2.8681	0.03384
2.8696	0.03421
2.8712	0.03457
2.8728	0.03490
2.8744	0.03506
2.876	0.03523
2.8776	0.03548
2.8792	0.03572
2.8808	0.03604
2.8824	0.03626
2.884	0.03642
2.8856	0.03660
2.8872	0.03679
2.8888	0.03713
2.8904	0.03750
2.892	0.03772
2.8936	0.03792
2.8953	0.03811
2.8969	0.03837
2.8985	0.03866
2.9001	0.03909
2.9018	0.03949
2.9034	0.03992
2.905	0.04049
2.9066	0.04101
2.9083	0.04145
2.9099	0.04196
2.9115	0.04256
2.9132	0.04320
2.9148	0.04374
2.9164	0.04424
2.9181	0.04489
2.9197	0.04564
2.9214	0.04634
2.923	0.04684
2.9247	0.04726
2.9263	0.04771
2.928	0.04823
2.9296	0.04865
2.9313	0.04892
2.9329	0.04915
2.9346	0.04931
2.9363	0.04949
2.9379	0.04964
2.9396	0.04963
2.9413	0.04963
2.9429	0.04968
2.9446	0.04971
2.9463	0.04983
2.9479	0.04987
2.9496	0.04995
2.9513	0.05001
2.953	0.05008
2.9547	0.05027
2.9564	0.05042
2.958	0.05054
2.9597	0.05070
2.9614	0.05090
2.9631	0.05106
2.9648	0.05127
2.9665	0.05148
2.9682	0.05165
2.9699	0.05178
2.9716	0.05184
2.9733	0.05194
2.975	0.05210
2.9767	0.05225
2.9784	0.05246
2.9801	0.05270
2.9818	0.05289
2.9836	0.05293
2.9853	0.05299
2.987	0.05320
2.9887	0.05345
2.9904	0.05356
2.9922	0.05369
2.9939	0.05392
2.9956	0.05415
2.9974	0.05436
2.9991	0.05451
3.0008	0.05475
3.0026	0.05501
3.0043	0.05522
3.0061	0.05548
3.0078	0.05582
3.0095	0.05598
3.0113	0.05613
3.013	0.05646
3.0148	0.05687
3.0165	0.05710
3.0183	0.05727
3.0201	0.05754
3.0218	0.05784
3.0236	0.05803
3.0253	0.05824
3.0271	0.05864
3.0289	0.05898
3.0306	0.05925
3.0324	0.05954
3.0342	0.05979
3.036	0.06007
3.0377	0.06041
3.0395	0.06073
3.0413	0.06103
3.0431	0.06133
3.0449	0.06163
3.0467	0.06182
3.0485	0.06203
3.0503	0.06238
3.0521	0.06266
3.0538	0.06282
3.0556	0.06298
3.0574	0.06319
3.0593	0.06346
3.0611	0.06360
3.0629	0.06372
3.0647	0.06386
3.0665	0.06398
3.0683	0.06398
3.0701	0.06392
3.0719	0.06392
3.0738	0.06393
3.0756	0.06381
3.0774	0.06370
3.0792	0.06369
3.0811	0.06372
3.0829	0.06388
3.0847	0.06427
3.0866	0.06478
3.0884	0.06522
3.0902	0.06570
3.0921	0.06617
3.0939	0.06650
3.0958	0.06687
3.0976	0.06725
3.0995	0.06750
3.1013	0.06776
3.1032	0.06805
3.1051	0.06826
3.1069	0.06845
3.1088	0.06878
3.1106	0.06906
3.1125	0.06925
3.1144	0.06952
3.1162	0.07000
3.1181	0.07062
3.12	0.07130
3.1219	0.07203
3.1238	0.07283
3.1256	0.07379
3.1275	0.07480
3.1294	0.07570
3.1313	0.07660
3.1332	0.07759
3.1351	0.07856
3.137	0.07963
3.1389	0.08071
3.1408	0.08179
3.1427	0.08285
3.1446	0.08390
3.1465	0.08495
3.1484	0.08604
3.1503	0.08710
3.1522	0.08816
3.1541	0.08927
3.1561	0.09044
3.158	0.09161
3.1599	0.09283
3.1619	0.09400
3.1638	0.09517
3.1657	0.09641
3.1676	0.09760
3.1696	0.09878
3.1715	0.09994
3.1735	0.10105
3.1754	0.10230
3.1773	0.10358
3.1793	0.10474
3.1812	0.10588
3.1832	0.10712
3.1851	0.10836
3.1871	0.10958
3.1891	0.11074
3.191	0.11188
3.193	0.11312
3.195	0.11431
3.1969	0.11551
3.1989	0.11671
3.2009	0.11780
3.2029	0.11898
3.2048	0.12014
3.2068	0.12124
3.2088	0.12242
3.2108	0.12367
3.2128	0.12490
3.2148	0.12616
3.2168	0.12738
3.2188	0.12861
3.2208	0.12987
3.2228	0.13113
3.2248	0.13239
3.2268	0.13362
3.2288	0.13488
3.2308	0.13610
3.2328	0.13729
3.2348	0.13853
3.2368	0.13980
3.2389	0.14111
3.2409	0.14236
3.2429	0.14364
3.2449	0.14506
3.247	0.14637
3.249	0.14764
3.2511	0.14908
3.2531	0.15059
3.2551	0.15211
3.2572	0.15352
3.2592	0.15474
3.2613	0.15610
3.2633	0.15759
3.2654	0.15899
3.2674	0.16039
3.2695	0.16177
3.2716	0.16316
3.2736	0.16462
3.2757	0.16617
3.2778	0.16771
3.2798	0.16930
3.2819	0.17097
3.284	0.17257
3.2861	0.17426
3.2882	0.17604
3.2902	0.17787
3.2923	0.17978
3.2944	0.18161
3.2965	0.18341
3.2986	0.18534
3.3007	0.18728
3.3028	0.18920
3.3049	0.19115
3.307	0.19311
3.3091	0.19498
3.3113	0.19682
3.3134	0.19873
3.3155	0.20058
3.3176	0.20227
3.3197	0.20404
3.3219	0.20591
3.324	0.20780
3.3261	0.20964
3.3283	0.21139
3.3304	0.21301
3.3325	0.21464
3.3347	0.21625
3.3368	0.21784
3.339	0.21950
3.3411	0.22105
3.3433	0.22259
3.3454	0.22413
3.3476	0.22567
3.3498	0.22721
3.3519	0.22873
3.3541	0.23026
3.3563	0.23189
3.3584	0.23360
3.3606	0.23526
3.3628	0.23697
3.365	0.23875
3.3672	0.24064
3.3694	0.24241
3.3715	0.24419
3.3737	0.24609
3.3759	0.24798
3.3781	0.24998
3.3803	0.25206
3.3825	0.25403
3.3847	0.25597
3.3869	0.25785
3.3892	0.25967
3.3914	0.26146
3.3936	0.26309
3.3958	0.26480
3.3981	0.26660
3.4003	0.26838
3.4025	0.27012
3.4047	0.27190
3.407	0.27356
3.4092	0.27515
3.4115	0.27668
3.4137	0.27821
3.416	0.27990
3.4182	0.28162
3.4205	0.28322
3.4227	0.28471
3.425	0.28623
3.4273	0.28775
3.4295	0.28923
3.4318	0.29049
3.4341	0.29186
3.4363	0.29342
3.4386	0.29486
3.4409	0.29628
3.4432	0.29765
3.4455	0.29916
3.4478	0.30064
3.4501	0.30209
3.4524	0.30354
3.4546	0.30502
3.4569	0.30649
3.4593	0.30793
3.4616	0.30925
3.4639	0.31055
3.4662	0.31183
3.4685	0.31300
3.4708	0.31428
3.4732	0.31561
3.4755	0.31698
3.4778	0.31823
3.4801	0.31939
3.4825	0.32085
3.4848	0.32235
3.4872	0.32360
3.4895	0.32488
3.4919	0.32625
3.4942	0.32756
3.4966	0.32879
3.4989	0.33008
3.5013	0.33147
3.5037	0.33292
3.506	0.33428
3.5084	0.33554
3.5108	0.33657
3.5132	0.33750
3.5155	0.33845
3.5179	0.33933
3.5203	0.34015
3.5227	0.34100
3.5251	0.34199
3.5275	0.34296
3.5299	0.34391
3.5323	0.34501
3.5347	0.34604
3.5371	0.34701
3.5395	0.34798
3.5419	0.34904
3.5444	0.35013
3.5468	0.35125
3.5492	0.35233
3.5517	0.35354
3.5541	0.35474
3.5565	0.35588
3.559	0.35691
3.5614	0.35807
3.5639	0.35933
3.5663	0.36054
3.5688	0.36180
3.5712	0.36300
3.5737	0.36407
3.5761	0.36536
3.5786	0.36674
3.5811	0.36808
3.5836	0.36931
3.586	0.37059
3.5885	0.37197
3.591	0.37354
3.5935	0.37501
3.596	0.37645
3.5985	0.37798
3.601	0.37951
3.6035	0.38096
3.606	0.38252
3.6085	0.38404
3.611	0.38547
3.6135	0.38688
3.6161	0.38823
3.6186	0.38949
3.6211	0.39087
3.6236	0.39221
3.6262	0.39348
3.6287	0.39469
3.6313	0.39586
3.6338	0.39703
3.6363	0.39823
3.6389	0.39938
3.6414	0.40054
3.644	0.40169
3.6466	0.40280
3.6491	0.40396
3.6517	0.40514
3.6543	0.40628
3.6569	0.40742
3.6594	0.40852
3.662	0.40964
3.6646	0.41070
3.6672	0.41161
3.6698	0.41252
3.6724	0.41347
3.675	0.41443
3.6776	0.41536
3.6802	0.41625
3.6828	0.41720
3.6854	0.41806
3.6881	0.41890
3.6907	0.41975
3.6933	0.42065
3.6959	0.42149
3.6986	0.42220
3.7012	0.42293
3.7039	0.42372
3.7065	0.42441
3.7092	0.42503
3.7118	0.42541
3.7145	0.42581
3.7171	0.42619
3.7198	0.42648
3.7225	0.42672
3.7252	0.42707
3.7278	0.42738
3.7305	0.42773
3.7332	0.42819
3.7359	0.42863
3.7386	0.42900
3.7413	0.42948
3.744	0.42994
3.7467	0.43041
3.7494	0.43085
3.7521	0.43120
3.7548	0.43137
3.7576	0.43160
3.7603	0.43176
3.763	0.43183
3.7657	0.43174
3.7685	0.43157
3.7712	0.43136
3.774	0.43109
3.7767	0.43067
3.7795	0.43032
3.7822	0.43007
3.785	0.42989
3.7877	0.42972
3.7905	0.42961
3.7933	0.42961
3.7961	0.42982
3.7988	0.43007
3.8016	0.43038
3.8044	0.43073
3.8072	0.43111
3.81	0.43143
3.8128	0.43179
3.8156	0.43215
3.8184	0.43249
3.8212	0.43265
3.8241	0.43270
3.8269	0.43262
3.8297	0.43255
3.8325	0.43240
3.8354	0.43218
3.8382	0.43186
3.8411	0.43146
3.8439	0.43091
3.8468	0.43027
3.8496	0.42931
3.8525	0.42818
3.8553	0.42664
3.8582	0.42461
3.8611	0.42193
3.8639	0.41867
3.8668	0.41525
3.8697	0.41263
3.8726	0.41184
3.8755	0.41312
3.8784	0.41559
3.8813	0.41820
3.8842	0.42024
3.8871	0.42164
3.89	0.42241
3.893	0.42273
3.8959	0.42266
3.8988	0.42245
3.9017	0.42197
3.9047	0.42141
3.9076	0.42075
3.9106	0.42003
3.9135	0.41915
3.9165	0.41818
3.9194	0.41710
3.9224	0.41608
3.9254	0.41494
3.9284	0.41369
3.9313	0.41241
3.9343	0.41100
3.9373	0.40949
3.9403	0.40790
3.9433	0.40605
3.9463	0.40419
3.9493	0.40210
3.9523	0.39972
3.9553	0.39709
3.9583	0.39425
3.9614	0.39110
3.9644	0.38776
3.9674	0.38438
3.9705	0.38143
3.9735	0.37932
3.9766	0.37852
3.9796	0.37880
3.9826	0.37966
3.9857	0.38048
3.9888	0.38096
3.9919	0.38110
3.9949	0.38090
3.998	0.38023
4.0011	0.37941
4.0042	0.37837
4.0073	0.37716
4.0104	0.37584
4.0135	0.37449
4.0166	0.37299
4.0197	0.37148
4.0228	0.36978
4.0259	0.36803
4.0291	0.36625
4.0322	0.36449
4.0353	0.36268
4.0385	0.36083
4.0416	0.35888
4.0448	0.35690
4.0479	0.35484
4.0511	0.35286
4.0543	0.35079
4.0574	0.34865
4.0606	0.34646
4.0638	0.34433
4.067	0.34212
4.0702	0.33984
4.0734	0.33747
4.0766	0.33515
4.0798	0.33281
4.083	0.33044
4.0862	0.32805
4.0894	0.32575
4.0927	0.32333
4.0959	0.32089
4.0991	0.31841
4.1024	0.31604
4.1056	0.31361
4.1089	0.31115
4.1121	0.30870
4.1154	0.30630
4.1187	0.30374
4.122	0.30126
4.1252	0.29881
4.1285	0.29631
4.1318	0.29374
4.1351	0.29127
4.1384	0.28878
4.1417	0.28631
4.145	0.28371
4.1483	0.28114
4.1516	0.27849
4.155	0.27589
4.1583	0.27334
4.1616	0.27078
4.165	0.26803
4.1683	0.26527
4.1717	0.26245
4.175	0.25958
4.1784	0.25661
4.1818	0.25354
4.1852	0.25040
4.1885	0.24730
4.1919	0.24408
4.1953	0.24075
4.1987	0.23731
4.2021	0.23390
4.2055	0.23051
4.2089	0.22710
4.2124	0.22361
4.2158	0.22024
4.2192	0.21684
4.2226	0.21342
4.2261	0.20988
4.2295	0.20625
4.233	0.20239
4.2365	0.19840
4.2399	0.19437
4.2434	0.19031
4.2469	0.18612
4.2503	0.18199
4.2538	0.17824
4.2573	0.17509
4.2608	0.17206
4.2643	0.16888
4.2678	0.16571
4.2713	0.16252
4.2749	0.15940
4.2784	0.15639
4.2819	0.15349
4.2855	0.15072
4.289	0.14787
4.2926	0.14496
4.2961	0.14204
4.2997	0.13919
4.3033	0.13628
4.3068	0.13340
4.3104	0.13067
4.314	0.12807
4.3176	0.12551
4.3212	0.12310
4.3248	0.12079
4.3284	0.11863
4.332	0.11662
4.3356	0.11480
4.3393	0.11315
4.3429	0.11159
4.3465	0.11005
4.3502	0.10867
4.3538	0.10732
4.3575	0.10602
4.3611	0.10477
4.3648	0.10358
4.3685	0.10250
4.3722	0.10141
4.3759	0.10023
4.3796	0.09903
4.3833	0.09766
4.387	0.09622
4.3907	0.09481
4.3944	0.09342
4.3981	0.09202
4.4019	0.09064
4.4056	0.08920
4.4094	0.08777
4.4131	0.08635
4.4169	0.08486
4.4206	0.08334
4.4244	0.08190
4.4282	0.08042
4.432	0.07913
4.4358	0.07795
4.4396	0.07672
4.4434	0.07554
4.4472	0.07440
4.451	0.07329
4.4548	0.07230
4.4586	0.07152
4.4625	0.07094
4.4663	0.07032
4.4702	0.06967
4.474	0.06906
4.4779	0.06849
4.4818	0.06805
4.4856	0.06777
4.4895	0.06756
4.4934	0.06760
4.4973	0.06785
4.5012	0.06828
4.5051	0.06883
4.509	0.06938
4.513	0.06984
4.5169	0.07029
4.5208	0.07077
4.5248	0.07127
4.5287	0.07172
4.5327	0.07226
4.5367	0.07282
4.5406	0.07336
4.5446	0.07399
4.5486	0.07468
4.5526	0.07542
4.5566	0.07615
4.5606	0.07688
4.5646	0.07767
4.5686	0.07848
4.5727	0.07927
4.5767	0.07996
4.5808	0.08036
4.5848	0.08042
4.5889	0.08024
4.5929	0.07982
4.597	0.07935
4.6011	0.07900
4.6052	0.07884
4.6093	0.07876
4.6134	0.07880
4.6175	0.07891
4.6216	0.07906
4.6257	0.07913
4.6298	0.07915
4.634	0.07896
4.6381	0.07864
4.6423	0.07831
4.6464	0.07795
4.6506	0.07753
4.6548	0.07702
4.659	0.07632
4.6631	0.07528
4.6673	0.07396
4.6715	0.07246
4.6758	0.07072
4.68	0.06895
4.6842	0.06748
4.6884	0.06672
4.6927	0.06694
4.6969	0.06813
4.7012	0.06994
4.7055	0.07211
4.7097	0.07432
4.714	0.07637
4.7183	0.07818
4.7226	0.07976
4.7269	0.08118
4.7312	0.08267
4.7355	0.08449
4.7399	0.08684
4.7442	0.08972
4.7485	0.09316
4.7529	0.09710
4.7573	0.10148
4.7616	0.10610
4.766	0.11087
4.7704	0.11552
4.7748	0.11999
4.7792	0.12441
4.7836	0.12907
4.788	0.13421
4.7924	0.13978
4.7969	0.14554
4.8013	0.15119
4.8058	0.15652
4.8102	0.16147
4.8147	0.16605
4.8191	0.17029
4.8236	0.17409
4.8281	0.17762
4.8326	0.18085
4.8371	0.18376
4.8416	0.18638
4.8462	0.18877
4.8507	0.19084
4.8553	0.19283
4.8598	0.19472
4.8644	0.19652
4.8689	0.19818
4.8735	0.19984
4.8781	0.20143
4.8827	0.20299
4.8873	0.20445
4.8919	0.20591
4.8965	0.20731
4.9011	0.20871
4.9058	0.21001
4.9104	0.21140
4.9151	0.21253
4.9197	0.21361
4.9244	0.21463
4.9291	0.21561
4.9338	0.21638
4.9385	0.21713
4.9432	0.21767
4.9479	0.21803
4.9526	0.21797
4.9574	0.21744
4.9621	0.21628
4.9669	0.21482
4.9716	0.21359
4.9764	0.21391
4.9812	0.21641
4.986	0.22016
4.9908	0.22352
4.9956	0.22613
5.0004	0.22794
5.0052	0.22939
5.01	0.23044
5.0149	0.23132
5.0198	0.23205
5.0246	0.23262
5.0295	0.23307
5.0344	0.23364
5.0393	0.23418
5.0442	0.23472
5.0491	0.23518
5.054	0.23571
5.0589	0.23611
5.0639	0.23660
5.0688	0.23721
5.0738	0.23801
5.0788	0.23868
5.0837	0.23932
5.0887	0.23988
5.0937	0.24056
5.0987	0.24116
5.1037	0.24185
5.1088	0.24244
5.1138	0.24311
5.1189	0.24362
5.1239	0.24425
5.129	0.24480
5.1341	0.24552
5.1391	0.24621
5.1443	0.24704
5.1494	0.24769
5.1545	0.24828
5.1596	0.24905
5.1647	0.24991
5.1699	0.25064
5.175	0.25143
5.1802	0.25214
5.1854	0.25301
5.1906	0.25378
5.1958	0.25459
5.201	0.25516
5.2062	0.25566
5.2115	0.25631
5.2167	0.25651
5.222	0.25638
5.2272	0.25660
5.2325	0.25671
5.2378	0.25665
5.2431	0.25629
5.2484	0.25599
5.2537	0.25554
5.259	0.25511
5.2644	0.25452
5.2697	0.25400
5.2751	0.25340
5.2805	0.25271
5.2858	0.25202
5.2912	0.25165
5.2966	0.25090
5.302	0.25027
5.3075	0.24962
5.3129	0.24912
5.3184	0.24852
5.3238	0.24798
5.3293	0.24731
5.3348	0.24672
5.3403	0.24600
5.3458	0.24564
5.3513	0.24496
5.3568	0.24374
5.3624	0.24255
5.3679	0.24161
5.3735	0.24065
5.379	0.23978
5.3846	0.23875
5.3902	0.23776
5.3958	0.23661
5.4015	0.23550
5.4071	0.23428
5.4127	0.23310
5.4184	0.23232
5.4241	0.23099
5.4297	0.22880
5.4354	0.22740
5.4411	0.22591
5.4469	0.22454
5.4526	0.22300
5.4583	0.22191
5.4641	0.22072
5.4698	0.21896
5.4756	0.21750
5.4814	0.21606
5.4872	0.21413
5.493	0.21250
5.4988	0.21071
5.5047	0.20900
5.5105	0.20697
5.5164	0.20506
5.5223	0.20284
5.5281	0.20060
5.534	0.19830
5.54	0.19625
5.5459	0.19427
5.5518	0.19259
5.5578	0.19064
5.5637	0.18887
5.5697	0.18743
5.5757	0.18667
5.5817	0.18520
5.5877	0.18348
5.5937	0.18214
5.5998	0.18118
5.6058	0.17977
5.6119	0.17843
5.618	0.17683
5.6241	0.17509
5.6302	0.17340
5.6363	0.17228
5.6424	0.17073
5.6486	0.16842
5.6547	0.16655
5.6609	0.16456
5.6671	0.16273
5.6733	0.16143
5.6795	0.15944
5.6857	0.15762
5.692	0.15585
5.6982	0.15387
5.7045	0.15231
5.7108	0.15065
5.7171	0.14827
5.7234	0.14605
5.7297	0.14372
5.736	0.14165
5.7424	0.13955
5.7488	0.13748
5.7551	0.13492
5.7615	0.13365
5.768	0.13145
5.7744	0.12830
5.7808	0.12577
5.7873	0.12321
5.7937	0.12053
5.8002	0.11805
5.8067	0.11545
5.8132	0.11335
5.8198	0.11130
5.8263	0.10824
5.8328	0.10465
5.8394	0.10137
5.846	0.09792
5.8526	0.09451
5.8592	0.09080
5.8658	0.08670
5.8725	0.08278
5.8791	0.07934
5.8858	0.07421
5.8925	0.07025
5.8992	0.06580
5.9059	0.06136
5.9126	0.05786
5.9194	0.05463
5.9262	0.05221
5.9329	0.05103
5.9397	0.05009
5.9465	0.04967
5.9534	0.05000
5.9602	0.05071
5.9671	0.05155
5.974	0.05210
5.9808	0.05268
5.9878	0.05311
5.9947	0.05307
6.0016	0.05278
6.0086	0.05243
6.0155	0.05168
6.0225	0.05048
6.0295	0.04904
6.0365	0.04745
6.0436	0.04613
6.0506	0.04388
6.0577	0.04085
6.0648	0.03857
6.0719	0.03609
6.079	0.03315
6.0861	0.03038
6.0933	0.02781
6.1005	0.02538
6.1076	0.02333
6.1148	0.02138
6.1221	0.01969
6.1293	0.01884
6.1365	0.01874
6.1438	0.01917
6.1511	0.01993
6.1584	0.02059
6.1657	0.02099
6.1731	0.02115
6.1804	0.02136
6.1878	0.02165
6.1952	0.02232
6.2026	0.02345
6.21	0.02498
6.2175	0.02678
6.225	0.02890
6.2324	0.03132
6.2399	0.03408
6.2475	0.03694
6.255	0.03980
6.2625	0.04266
6.2701	0.04563
6.2777	0.04845
6.2853	0.05126
6.2929	0.05393
6.3006	0.05644
6.3083	0.05878
6.3159	0.06104
6.3236	0.06316
6.3314	0.06523
6.3391	0.06745
6.3469	0.06953
6.3546	0.07109
6.3624	0.07301
6.3703	0.07493
6.3781	0.07642
6.3859	0.07779
6.3938	0.07918
6.4017	0.08058
6.4096	0.08231
6.4176	0.08285
6.4255	0.08273
6.4335	0.08318
6.4415	0.08359
6.4495	0.08427
6.4575	0.08517
6.4656	0.08618
6.4736	0.08737
6.4817	0.08852
6.4898	0.08976
6.498	0.09017
6.5061	0.09009
6.5143	0.09076
6.5225	0.09155
6.5307	0.09205
6.5389	0.09303
6.5472	0.09432
6.5555	0.09574
6.5638	0.09725
6.5721	0.09901
6.5804	0.10009
6.5888	0.10145
6.5972	0.10278
6.6056	0.10398
6.614	0.10527
6.6225	0.10647
6.6309	0.10799
6.6394	0.10910
6.6479	0.10889
6.6565	0.10909
6.665	0.10969
6.6736	0.11036
6.6822	0.11086
6.6908	0.11086
6.6995	0.11105
6.7081	0.11146
6.7168	0.11144
6.7255	0.11120
6.7343	0.11092
6.743	0.11070
6.7518	0.11037
6.7606	0.11001
6.7694	0.10978
6.7783	0.10952
6.7871	0.10926
6.796	0.10827
6.805	0.10720
6.8139	0.10665
6.8229	0.10641
6.8319	0.10591
6.8409	0.10527
6.8499	0.10495
6.859	0.10472
6.868	0.10349
6.8772	0.10190
6.8863	0.10095
6.8955	0.10026
6.9046	0.09973
6.9138	0.09884
6.9231	0.09778
6.9323	0.09659
6.9416	0.09561
6.9509	0.09500
6.9602	0.09423
6.9696	0.09277
6.979	0.09159
6.9884	0.09042
6.9978	0.08913
7.0073	0.08791
7.0168	0.08688
7.0263	0.08573
7.0358	0.08478
7.0454	0.08382
7.0549	0.08235
7.0645	0.08104
7.0742	0.07977
7.0839	0.07855
7.0935	0.07736
7.1033	0.07609
7.113	0.07479
7.1228	0.07346
7.1326	0.07216
7.1424	0.07099
7.1522	0.06960
7.1621	0.06831
7.172	0.06697
7.182	0.06550
7.1919	0.06421
7.2019	0.06295
7.2119	0.06144
7.222	0.05990
7.232	0.05843
7.2421	0.05696
7.2523	0.05543
7.2624	0.05395
7.2726	0.05255
7.2828	0.05098
7.2931	0.04935
7.3034	0.04786
7.3136	0.04627
7.324	0.04476
7.3343	0.04327
7.3447	0.04169
7.3551	0.04018
7.3656	0.03878
7.3761	0.03730
7.3866	0.03585
7.3971	0.03443
7.4077	0.03304
7.4183	0.03166
7.4289	0.03032
7.4396	0.02899
7.4503	0.02775
7.461	0.02648
7.4717	0.02521
7.4825	0.02397
7.4933	0.02287
7.5041	0.02174
7.515	0.02068
7.5259	0.01959
7.5369	0.01863
7.5479	0.01770
7.5589	0.01684
7.5699	0.01603
7.581	0.01530
7.592	0.01447
7.6032	0.01368
7.6144	0.01296
7.6255	0.01232
7.6368	0.01165
7.648	0.01108
7.6593	0.01041
7.6707	0.00981
7.682	0.00921
7.6934	0.00861
7.7049	0.00808
7.7163	0.00761
7.7278	0.00714
7.7394	0.00678
7.7509	0.00646
7.7625	0.00615
7.7742	0.00583
7.7858	0.00562
7.7975	0.00544
7.8093	0.00526
7.8211	0.00511
7.8329	0.00505
7.8447	0.00492
7.8566	0.00485
7.8685	0.00486
7.8805	0.00502
7.8925	0.00528
7.9045	0.00559
7.9166	0.00592
7.9287	0.00636
7.9408	0.00693
7.953	0.00773
7.9652	0.00862
7.9775	0.00968
7.9898	0.01092
8.0021	0.01247
8.0145	0.01414
8.0269	0.01596
8.0393	0.01796
8.0518	0.02013
8.0643	0.02240
8.0769	0.02489
8.0895	0.02739
8.1021	0.02993
8.1148	0.03262
8.1275	0.03544
8.1403	0.03823
8.1531	0.04101
8.1659	0.04396
8.1788	0.04739
8.1917	0.05141
8.2047	0.05558
8.2177	0.05983
8.2307	0.06415
8.2438	0.06861
8.257	0.07317
8.2701	0.07778
8.2833	0.08249
8.2966	0.08734
8.3099	0.09223
8.3232	0.09691
8.3366	0.10113
8.35	0.10509
8.3635	0.10872
8.377	0.11187
8.3905	0.11444
8.4042	0.11665
8.4178	0.11871
8.4315	0.12076
8.4452	0.12267
8.459	0.12460
8.4728	0.12659
8.4867	0.12901
8.5006	0.13202
8.5145	0.13533
8.5285	0.13843
8.5426	0.14101
8.5567	0.14280
8.5708	0.14365
8.585	0.14395
8.5993	0.14410
8.6135	0.14383
8.6279	0.14282
8.6423	0.14067
8.6567	0.13716
8.6712	0.13219
8.6857	0.12625
8.7003	0.12038
8.7149	0.11555
8.7295	0.11170
8.7443	0.10851
8.759	0.10575
8.7739	0.10342
8.7887	0.10101
8.8037	0.09822
8.8186	0.09521
8.8337	0.09234
8.8487	0.08975
8.8638	0.08745
8.879	0.08531
8.8943	0.08336
8.9095	0.08165
8.9249	0.08009
8.9403	0.07854
8.9557	0.07697
8.9712	0.07515
8.9868	0.07295
9.0023	0.07032
9.018	0.06697
9.0337	0.06305
9.0495	0.05937
9.0653	0.05660
9.0812	0.05458
9.0971	0.05300
9.1131	0.05169
9.1291	0.05056
9.1452	0.04946
9.1614	0.04861
9.1776	0.04773
9.1939	0.04660
9.2102	0.04536
9.2266	0.04415
9.243	0.04305
9.2595	0.04223
9.2761	0.04160
9.2927	0.04109
9.3094	0.04054
9.3262	0.04005
9.343	0.03967
9.3598	0.03922
9.3768	0.03896
9.3938	0.03885
9.4108	0.03863
9.4279	0.03840
9.4451	0.03819
9.4623	0.03811
9.4796	0.03810
9.497	0.03803
9.5144	0.03803
9.5319	0.03821
9.5494	0.03830
9.567	0.03836
9.5847	0.03847
9.6025	0.03864
9.6203	0.03886
9.6382	0.03909
9.6561	0.03922
9.6742	0.03927
9.6922	0.03915
9.7104	0.03899
9.7286	0.03883
9.7469	0.03860
9.7652	0.03816
9.7837	0.03745
9.8022	0.03642
9.8207	0.03493
9.8394	0.03306
9.8581	0.03161
9.8768	0.03077
9.8957	0.03012
9.9146	0.02975
9.9336	0.02998
9.9527	0.03109
9.9718	0.03287
9.991	0.03453
10.0103	0.03579
10.0297	0.03669
10.0491	0.03742
10.0686	0.03807
10.0882	0.03858
10.1079	0.03904
10.1276	0.03948
10.1475	0.03991
10.1673	0.04048
10.1873	0.04104
10.2074	0.04151
10.2275	0.04186
10.2477	0.04216
10.268	0.04250
10.2884	0.04272
10.3088	0.04292
10.3294	0.04315
10.35	0.04326
10.3707	0.04341
10.3915	0.04365
10.4123	0.04388
10.4333	0.04402
10.4543	0.04417
10.4754	0.04439
10.4967	0.04463
10.5179	0.04472
10.5393	0.04477
10.5608	0.04486
10.5823	0.04493
10.604	0.04506
10.6257	0.04520
10.6475	0.04522
10.6694	0.04533
10.6914	0.04543
10.7135	0.04544
10.7357	0.04557
10.758	0.04567
10.7803	0.04571
10.8028	0.04571
10.8254	0.04573
10.848	0.04573
10.8708	0.04577
10.8936	0.04581
10.9165	0.04583
10.9395	0.04576
10.9627	0.04562
10.9859	0.04559
11.0092	0.04551
11.0327	0.04539
11.0562	0.04533
11.0798	0.04521
11.1035	0.04507
11.1274	0.04490
11.1513	0.04476
11.1753	0.04464
11.1995	0.04462
11.2237	0.04451
11.248	0.04427
11.2725	0.04411
11.2971	0.04391
11.3217	0.04367
11.3465	0.04336
11.3714	0.04305
11.3964	0.04286
11.4215	0.04282
11.4467	0.04272
11.472	0.04248
11.4975	0.04231
11.523	0.04223
11.5487	0.04205
11.5744	0.04186
11.6003	0.04163
11.6263	0.04142
11.6525	0.04125
11.6787	0.04112
11.7051	0.04098
11.7316	0.04090
11.7582	0.04066
11.7849	0.04037
11.8117	0.04011
11.8387	0.04005
11.8658	0.03990
11.893	0.03968
11.9203	0.03940
11.9478	0.03910
11.9754	0.03890
12.0031	0.03886
12.031	0.03888
12.059	0.03891
12.0871	0.03872
12.1153	0.03867
12.1437	0.03868
12.1722	0.03855
12.2008	0.03839
12.2296	0.03812
12.2585	0.03792
12.2876	0.03768
12.3168	0.03732
12.3461	0.03698
12.3755	0.03683
12.4052	0.03682
12.4349	0.03670
12.4648	0.03647
12.4948	0.03621
12.525	0.03611
12.5553	0.03592
12.5858	0.03577
12.6164	0.03577
12.6472	0.03572
12.6781	0.03540
12.7092	0.03525
12.7404	0.03503
12.7718	0.03482
12.8033	0.03473
12.835	0.03455
12.8669	0.03448
12.8989	0.03421
12.9311	0.03397
12.9634	0.03376
12.9959	0.03369
13.0285	0.03351
13.0613	0.03321
13.0943	0.03301
13.1275	0.03276
13.1608	0.03264
13.1943	0.03221
13.228	0.03164
13.2618	0.03121
13.2958	0.03087
13.33	0.03043
13.3643	0.03013
13.3988	0.02979
13.4336	0.02930
13.4685	0.02869
13.5035	0.02819
13.5388	0.02782
13.5742	0.02737
13.6099	0.02685
13.6457	0.02645
13.6817	0.02603
13.7179	0.02554
13.7543	0.02482
13.7908	0.02418
13.8276	0.02364
13.8646	0.02318
13.9018	0.02261
13.9392	0.02201
13.9767	0.02161
14.0145	0.02130
14.0525	0.02056
14.0907	0.01985
14.129	0.01942
14.1676	0.01911
14.2065	0.01877
14.2455	0.01881
14.2847	0.01901
14.3242	0.01924
14.3639	0.01951
14.4038	0.02029
14.4439	0.02178
14.4843	0.02385
14.5248	0.02647
14.5656	0.02938
14.6067	0.03259
14.6479	0.03577
14.6894	0.03899
14.7312	0.04207
14.7731	0.04436
14.8153	0.04601
14.8578	0.04620
14.9005	0.04484
14.9434	0.04199
14.9866	0.03770
15.03	0.03380
15.0737	0.02987
15.1177	0.02628
15.1619	0.02378
15.2063	0.02227
15.2511	0.02101
15.2961	0.02001
15.3413	0.01938
15.3868	0.01898
15.4326	0.01828
15.4787	0.01765
15.525	0.01695
15.5717	0.01611
15.6186	0.01510
15.6658	0.01398
15.7132	0.01235
15.761	0.01096
15.809	0.01040
15.8574	0.01021
15.906	0.01016
15.955	0.01050
16.0042	0.01090
16.0538	0.01115
16.1036	0.01127
16.1538	0.01185
16.2043	0.01283
16.2551	0.01446
16.3062	0.01671
16.3576	0.01878
16.4094	0.02013
16.4615	0.02131
16.5139	0.02266
16.5667	0.02372
16.6198	0.02498
16.6732	0.02568
16.727	0.02555
16.7811	0.02530
16.8356	0.02490
16.8905	0.02457
16.9457	0.02391
17.0012	0.02245
17.0572	0.02141
17.1134	0.02106
17.1701	0.02108
17.2272	0.02147
17.2846	0.02135
17.3424	0.02121
17.4006	0.02124
17.4592	0.02115
17.5182	0.02077
17.5775	0.02044
17.6373	0.02061
17.6975	0.02047
17.7581	0.02011
17.8192	0.01973
17.8806	0.01925
17.9425	0.01905
18.0048	0.01930
18.0675	0.01943
18.1307	0.01950
18.1943	0.01926
18.2584	0.01888
18.3229	0.01913
18.3879	0.01936
18.4533	0.01926
18.5192	0.01916
18.5856	0.01891
18.6524	0.01885
18.7198	0.01876
18.7876	0.01867
18.8559	0.01873
18.9247	0.01917
18.9941	0.01912
19.0639	0.01905
19.1342	0.01924
19.2051	0.01908
19.2765	0.01893
19.3484	0.01931
19.4209	0.01964
19.4939	0.01991
19.5675	0.02007
19.6416	0.01992
19.7163	0.01976
19.7915	0.01975
19.8674	0.01996
19.9438	0.02007
20.0208	0.02014
20.0984	0.02000
20.1766	0.01989
20.2554	0.02018
20.3348	0.02010
20.4149	0.01959
20.4956	0.01940
20.5769	0.01956
20.6589	0.01943
20.7415	0.01931
20.8248	0.01935
20.9088	0.01906
20.9934	0.01884
21.0788	0.01910
21.1648	0.01896
21.2516	0.01860
21.339	0.01807
21.4272	0.01760
21.5161	0.01704
21.6058	0.01700
21.6962	0.01658
21.7873	0.01589
21.8793	0.01571
21.972	0.01571
22.0655	0.01560
22.1598	0.01543
22.2549	0.01507
22.3508	0.01387
22.4475	0.01268
22.5451	0.01258
22.6436	0.01246
22.7429	0.01240
22.8431	0.01163
22.9442	0.01067
23.0462	0.01097
23.149	0.01085
23.2528	0.00951
23.3576	0.00872
23.4633	0.00855
23.5699	0.00817
23.6776	0.00838
23.7862	0.00836
23.8958	0.00735
24.0064	0.00675
24.1181	0.00689
24.2308	0.00701
24.3445	0.00737
24.4594	0.00675
24.5753	0.00524
24.6923	0.00541
24.8104	0.00609
24.9297	0.00506
25.0502	0.00406
