Brown University Keck/NASA Relab Spectrum JB-JLB-E64-A/BKR1JBE64A
Wavelength(micron)	Reflectance
0.3	0.86055
0.305	0.86231
0.31	0.85908
0.315	0.85915
0.32	0.85979
0.325	0.85991
0.33	0.86038
0.335	0.85904
0.34	0.86136
0.345	0.85626
0.35	0.85505
0.355	0.85477
0.36	0.85909
0.365	0.86173
0.37	0.86038
0.375	0.86221
0.38	0.86526
0.385	0.86607
0.39	0.86845
0.395	0.86924
0.4	0.87156
0.405	0.87197
0.41	0.87351
0.415	0.87442
0.42	0.87677
0.425	0.88047
0.43	0.88238
0.435	0.88318
0.44	0.88396
0.445	0.88549
0.45	0.88800
0.455	0.88672
0.46	0.89011
0.465	0.88898
0.47	0.89153
0.475	0.89159
0.48	0.89111
0.485	0.89259
0.49	0.89510
0.495	0.89473
0.5	0.89466
0.505	0.89561
0.51	0.89753
0.515	0.89698
0.52	0.89791
0.525	0.89871
0.53	0.89910
0.535	0.90138
0.54	0.90171
0.545	0.90143
0.55	0.90307
0.555	0.90471
0.56	0.90604
0.565	0.90795
0.57	0.90805
0.575	0.90838
0.58	0.91033
0.585	0.91209
0.59	0.91210
0.595	0.91205
0.6	0.91359
0.605	0.91396
0.61	0.91498
0.615	0.91518
0.62	0.91530
0.625	0.91620
0.63	0.91619
0.635	0.91620
0.64	0.91738
0.645	0.91817
0.65	0.91760
0.655	0.91850
0.66	0.92048
0.665	0.92115
0.67	0.92264
0.675	0.92373
0.68	0.92443
0.685	0.92509
0.69	0.92607
0.695	0.92557
0.7	0.92629
0.705	0.92542
0.71	0.92433
0.715	0.92462
0.72	0.92459
0.725	0.92402
0.73	0.92270
0.735	0.92297
0.74	0.92241
0.745	0.92249
0.75	0.92381
0.755	0.92155
0.76	0.92313
0.765	0.92345
0.77	0.92367
0.775	0.92386
0.78	0.92382
0.785	0.92380
0.79	0.92392
0.795	0.92367
0.8	0.92392
0.805	0.92421
0.81	0.92421
0.815	0.92420
0.82	0.92452
0.825	0.92484
0.83	0.92471
0.835	0.92532
0.84	0.92553
0.845	0.92486
0.85	0.92424
0.855	0.92351
0.86	0.92272
0.865	0.92294
0.87	0.92323
0.875	0.92255
0.88	0.92243
0.885	0.92254
0.89	0.92266
0.895	0.92311
0.9	0.92357
0.9002	0.92377
0.9003	0.92342
0.9005	0.92443
0.9007	0.92508
0.9008	0.92479
0.901	0.92428
0.9011	0.92415
0.9013	0.92393
0.9014	0.92363
0.9016	0.92285
0.9018	0.92236
0.9019	0.92356
0.9021	0.92406
0.9022	0.92321
0.9024	0.92284
0.9025	0.92320
0.9027	0.92369
0.9028	0.92377
0.903	0.92327
0.9032	0.92304
0.9033	0.92421
0.9035	0.92481
0.9036	0.92415
0.9038	0.92356
0.904	0.92322
0.9041	0.92336
0.9043	0.92362
0.9044	0.92341
0.9046	0.92340
0.9047	0.92321
0.9049	0.92412
0.905	0.92525
0.9052	0.92514
0.9054	0.92414
0.9055	0.92414
0.9057	0.92465
0.9058	0.92366
0.906	0.92312
0.9062	0.92376
0.9063	0.92489
0.9065	0.92449
0.9066	0.92395
0.9068	0.92414
0.907	0.92371
0.9071	0.92417
0.9073	0.92515
0.9074	0.92510
0.9076	0.92399
0.9077	0.92340
0.9079	0.92368
0.9081	0.92578
0.9082	0.92494
0.9084	0.92368
0.9085	0.92503
0.9087	0.92617
0.9089	0.92580
0.909	0.92523
0.9092	0.92484
0.9093	0.92528
0.9095	0.92532
0.9097	0.92526
0.9098	0.92504
0.91	0.92495
0.9101	0.92544
0.9103	0.92541
0.9105	0.92561
0.9106	0.92440
0.9108	0.92414
0.9109	0.92532
0.9111	0.92493
0.9113	0.92392
0.9114	0.92427
0.9116	0.92511
0.9117	0.92611
0.9119	0.92641
0.9121	0.92483
0.9122	0.92397
0.9124	0.92408
0.9125	0.92473
0.9127	0.92503
0.9129	0.92556
0.913	0.92492
0.9132	0.92424
0.9133	0.92426
0.9135	0.92480
0.9137	0.92450
0.9138	0.92499
0.914	0.92483
0.9142	0.92479
0.9143	0.92480
0.9145	0.92476
0.9146	0.92501
0.9148	0.92494
0.915	0.92459
0.9151	0.92383
0.9153	0.92396
0.9154	0.92467
0.9156	0.92555
0.9158	0.92517
0.9159	0.92437
0.9161	0.92512
0.9163	0.92525
0.9164	0.92484
0.9166	0.92414
0.9167	0.92360
0.9169	0.92472
0.9171	0.92518
0.9172	0.92517
0.9174	0.92499
0.9175	0.92411
0.9177	0.92411
0.9179	0.92514
0.918	0.92425
0.9182	0.92385
0.9184	0.92448
0.9185	0.92558
0.9187	0.92614
0.9188	0.92499
0.919	0.92341
0.9192	0.92215
0.9193	0.92283
0.9195	0.92453
0.9197	0.92466
0.9198	0.92407
0.92	0.92430
0.9202	0.92449
0.9203	0.92447
0.9205	0.92433
0.9206	0.92364
0.9208	0.92367
0.921	0.92412
0.9211	0.92388
0.9213	0.92389
0.9215	0.92471
0.9216	0.92459
0.9218	0.92420
0.922	0.92394
0.9221	0.92359
0.9223	0.92348
0.9224	0.92377
0.9226	0.92422
0.9228	0.92468
0.9229	0.92457
0.9231	0.92342
0.9233	0.92331
0.9234	0.92359
0.9236	0.92350
0.9238	0.92393
0.9239	0.92502
0.9241	0.92469
0.9243	0.92341
0.9244	0.92274
0.9246	0.92360
0.9247	0.92479
0.9249	0.92496
0.9251	0.92466
0.9252	0.92414
0.9254	0.92300
0.9256	0.92268
0.9257	0.92284
0.9259	0.92284
0.9261	0.92223
0.9262	0.92206
0.9264	0.92160
0.9266	0.92196
0.9267	0.92256
0.9269	0.92233
0.9271	0.92232
0.9272	0.92239
0.9274	0.92302
0.9276	0.92302
0.9277	0.92193
0.9279	0.92103
0.928	0.92090
0.9282	0.92133
0.9284	0.92101
0.9285	0.92061
0.9287	0.92062
0.9289	0.92062
0.929	0.92050
0.9292	0.92098
0.9294	0.92118
0.9295	0.92082
0.9297	0.92109
0.9299	0.92125
0.93	0.92103
0.9302	0.92073
0.9304	0.92137
0.9305	0.92209
0.9307	0.92198
0.9309	0.92141
0.931	0.92057
0.9312	0.92042
0.9314	0.92138
0.9316	0.92113
0.9317	0.92095
0.9319	0.92147
0.9321	0.92136
0.9322	0.92115
0.9324	0.92128
0.9326	0.92145
0.9327	0.92105
0.9329	0.92119
0.9331	0.92136
0.9332	0.92154
0.9334	0.92141
0.9336	0.92146
0.9337	0.92112
0.9339	0.92104
0.9341	0.92093
0.9342	0.92003
0.9344	0.92028
0.9346	0.92100
0.9348	0.92056
0.9349	0.92044
0.9351	0.92029
0.9353	0.92035
0.9354	0.92144
0.9356	0.92113
0.9358	0.92054
0.9359	0.92034
0.9361	0.91954
0.9363	0.91936
0.9364	0.91957
0.9366	0.91966
0.9368	0.91963
0.9369	0.92051
0.9371	0.92035
0.9373	0.91964
0.9375	0.91985
0.9376	0.91990
0.9378	0.91912
0.938	0.91892
0.9381	0.91933
0.9383	0.91889
0.9385	0.91909
0.9386	0.91941
0.9388	0.91947
0.939	0.91973
0.9392	0.92034
0.9393	0.92045
0.9395	0.91998
0.9397	0.91933
0.9398	0.91923
0.94	0.91973
0.9402	0.92056
0.9403	0.92096
0.9405	0.92112
0.9407	0.92031
0.9408	0.91999
0.941	0.92098
0.9412	0.92122
0.9414	0.92056
0.9415	0.92113
0.9417	0.92141
0.9419	0.92126
0.942	0.92114
0.9422	0.92109
0.9424	0.92160
0.9426	0.92165
0.9427	0.92182
0.9429	0.92142
0.9431	0.92123
0.9433	0.92154
0.9434	0.92118
0.9436	0.92096
0.9438	0.92139
0.9439	0.92149
0.9441	0.92144
0.9443	0.92210
0.9445	0.92250
0.9446	0.92277
0.9448	0.92267
0.945	0.92246
0.9451	0.92270
0.9453	0.92254
0.9455	0.92212
0.9457	0.92198
0.9458	0.92249
0.946	0.92307
0.9462	0.92327
0.9463	0.92277
0.9465	0.92296
0.9467	0.92329
0.9469	0.92319
0.947	0.92306
0.9472	0.92318
0.9474	0.92332
0.9476	0.92357
0.9477	0.92426
0.9479	0.92472
0.9481	0.92422
0.9483	0.92363
0.9484	0.92374
0.9486	0.92379
0.9488	0.92352
0.949	0.92382
0.9491	0.92437
0.9493	0.92419
0.9495	0.92374
0.9496	0.92331
0.9498	0.92357
0.95	0.92418
0.9502	0.92430
0.9503	0.92416
0.9505	0.92409
0.9507	0.92398
0.9509	0.92366
0.951	0.92311
0.9512	0.92331
0.9514	0.92359
0.9516	0.92355
0.9517	0.92427
0.9519	0.92445
0.9521	0.92401
0.9523	0.92405
0.9524	0.92432
0.9526	0.92472
0.9528	0.92491
0.953	0.92501
0.9531	0.92520
0.9533	0.92494
0.9535	0.92452
0.9537	0.92461
0.9538	0.92458
0.954	0.92487
0.9542	0.92550
0.9544	0.92556
0.9545	0.92523
0.9547	0.92495
0.9549	0.92454
0.9551	0.92443
0.9552	0.92453
0.9554	0.92475
0.9556	0.92507
0.9558	0.92508
0.956	0.92508
0.9561	0.92510
0.9563	0.92549
0.9565	0.92589
0.9567	0.92596
0.9568	0.92520
0.957	0.92491
0.9572	0.92499
0.9574	0.92521
0.9575	0.92504
0.9577	0.92439
0.9579	0.92435
0.9581	0.92496
0.9582	0.92521
0.9584	0.92509
0.9586	0.92545
0.9588	0.92593
0.959	0.92564
0.9591	0.92554
0.9593	0.92525
0.9595	0.92496
0.9597	0.92520
0.9598	0.92533
0.96	0.92517
0.9602	0.92506
0.9604	0.92488
0.9605	0.92484
0.9607	0.92468
0.9609	0.92493
0.9611	0.92473
0.9613	0.92481
0.9614	0.92580
0.9616	0.92594
0.9618	0.92583
0.962	0.92583
0.9622	0.92551
0.9623	0.92536
0.9625	0.92510
0.9627	0.92461
0.9629	0.92533
0.963	0.92590
0.9632	0.92528
0.9634	0.92516
0.9636	0.92573
0.9638	0.92586
0.9639	0.92579
0.9641	0.92581
0.9643	0.92562
0.9645	0.92531
0.9647	0.92504
0.9648	0.92513
0.965	0.92524
0.9652	0.92473
0.9654	0.92433
0.9656	0.92448
0.9657	0.92497
0.9659	0.92551
0.9661	0.92529
0.9663	0.92491
0.9665	0.92452
0.9666	0.92455
0.9668	0.92466
0.967	0.92482
0.9672	0.92478
0.9674	0.92474
0.9675	0.92411
0.9677	0.92369
0.9679	0.92359
0.9681	0.92378
0.9683	0.92452
0.9684	0.92464
0.9686	0.92413
0.9688	0.92392
0.969	0.92430
0.9692	0.92506
0.9693	0.92512
0.9695	0.92493
0.9697	0.92503
0.9699	0.92498
0.9701	0.92453
0.9703	0.92392
0.9704	0.92437
0.9706	0.92465
0.9708	0.92375
0.971	0.92348
0.9712	0.92344
0.9713	0.92311
0.9715	0.92364
0.9717	0.92450
0.9719	0.92430
0.9721	0.92386
0.9723	0.92373
0.9724	0.92338
0.9726	0.92330
0.9728	0.92398
0.973	0.92441
0.9732	0.92359
0.9733	0.92284
0.9735	0.92369
0.9737	0.92400
0.9739	0.92346
0.9741	0.92310
0.9743	0.92303
0.9745	0.92302
0.9746	0.92270
0.9748	0.92305
0.975	0.92351
0.9752	0.92378
0.9754	0.92373
0.9755	0.92355
0.9757	0.92355
0.9759	0.92351
0.9761	0.92287
0.9763	0.92271
0.9765	0.92279
0.9767	0.92247
0.9768	0.92250
0.977	0.92273
0.9772	0.92251
0.9774	0.92232
0.9776	0.92258
0.9778	0.92265
0.9779	0.92252
0.9781	0.92255
0.9783	0.92245
0.9785	0.92286
0.9787	0.92283
0.9789	0.92187
0.979	0.92197
0.9792	0.92238
0.9794	0.92203
0.9796	0.92206
0.9798	0.92260
0.98	0.92302
0.9802	0.92291
0.9803	0.92244
0.9805	0.92205
0.9807	0.92150
0.9809	0.92193
0.9811	0.92212
0.9813	0.92162
0.9815	0.92133
0.9817	0.92159
0.9818	0.92189
0.982	0.92189
0.9822	0.92167
0.9824	0.92151
0.9826	0.92150
0.9828	0.92149
0.983	0.92137
0.9831	0.92171
0.9833	0.92152
0.9835	0.92070
0.9837	0.92061
0.9839	0.92119
0.9841	0.92188
0.9843	0.92172
0.9844	0.92169
0.9846	0.92136
0.9848	0.92099
0.985	0.92129
0.9852	0.92171
0.9854	0.92132
0.9856	0.92104
0.9858	0.92112
0.9859	0.92089
0.9861	0.92071
0.9863	0.92062
0.9865	0.92070
0.9867	0.92083
0.9869	0.92042
0.9871	0.92049
0.9873	0.92041
0.9874	0.92025
0.9876	0.92046
0.9878	0.92100
0.988	0.92101
0.9882	0.92061
0.9884	0.91962
0.9886	0.91927
0.9888	0.91981
0.989	0.91995
0.9891	0.91997
0.9893	0.92024
0.9895	0.92050
0.9897	0.92047
0.9899	0.91993
0.9901	0.91992
0.9903	0.92014
0.9905	0.91996
0.9907	0.91997
0.9908	0.92009
0.991	0.91992
0.9912	0.91995
0.9914	0.92031
0.9916	0.91990
0.9918	0.91967
0.992	0.91987
0.9922	0.92022
0.9924	0.92035
0.9925	0.92017
0.9927	0.92006
0.9929	0.91971
0.9931	0.91933
0.9933	0.91912
0.9935	0.91898
0.9937	0.91931
0.9939	0.91982
0.9941	0.91997
0.9943	0.91988
0.9945	0.91984
0.9946	0.91980
0.9948	0.91922
0.995	0.91914
0.9952	0.91969
0.9954	0.92024
0.9956	0.92009
0.9958	0.91953
0.996	0.91964
0.9962	0.91974
0.9964	0.92012
0.9965	0.92064
0.9967	0.92043
0.9969	0.91997
0.9971	0.92006
0.9973	0.92030
0.9975	0.92037
0.9977	0.92011
0.9979	0.92041
0.9981	0.92055
0.9983	0.92032
0.9985	0.92014
0.9987	0.91995
0.9989	0.91987
0.999	0.91973
0.9992	0.91996
0.9994	0.92058
0.9996	0.92072
0.9998	0.92077
1	0.92069
1.0002	0.92034
1.0004	0.92041
1.0006	0.92094
1.0008	0.92121
1.001	0.92078
1.0012	0.92054
1.0014	0.92062
1.0016	0.92070
1.0018	0.92077
1.0019	0.92090
1.0021	0.92077
1.0023	0.92088
1.0025	0.92169
1.0027	0.92158
1.0029	0.92121
1.0031	0.92112
1.0033	0.92116
1.0035	0.92127
1.0037	0.92149
1.0039	0.92181
1.0041	0.92193
1.0043	0.92176
1.0045	0.92192
1.0047	0.92183
1.0049	0.92170
1.005	0.92182
1.0053	0.92175
1.0054	0.92192
1.0056	0.92241
1.0058	0.92287
1.006	0.92272
1.0062	0.92247
1.0064	0.92251
1.0066	0.92233
1.0068	0.92249
1.007	0.92262
1.0072	0.92256
1.0074	0.92264
1.0076	0.92288
1.0078	0.92332
1.008	0.92319
1.0082	0.92309
1.0084	0.92293
1.0086	0.92313
1.0088	0.92365
1.009	0.92369
1.0092	0.92366
1.0094	0.92378
1.0095	0.92380
1.0098	0.92359
1.01	0.92354
1.0101	0.92347
1.0103	0.92326
1.0105	0.92331
1.0107	0.92364
1.0109	0.92363
1.0111	0.92369
1.0113	0.92383
1.0115	0.92402
1.0117	0.92432
1.0119	0.92436
1.0121	0.92435
1.0123	0.92450
1.0125	0.92461
1.0127	0.92463
1.0129	0.92432
1.0131	0.92420
1.0133	0.92388
1.0135	0.92369
1.0137	0.92420
1.0139	0.92424
1.0141	0.92453
1.0143	0.92489
1.0145	0.92460
1.0147	0.92447
1.0149	0.92457
1.0151	0.92477
1.0153	0.92451
1.0155	0.92463
1.0157	0.92504
1.0159	0.92527
1.0161	0.92547
1.0163	0.92530
1.0165	0.92486
1.0167	0.92490
1.0169	0.92498
1.0171	0.92514
1.0173	0.92493
1.0175	0.92507
1.0177	0.92530
1.0179	0.92511
1.0181	0.92543
1.0183	0.92607
1.0185	0.92605
1.0187	0.92595
1.0189	0.92595
1.0191	0.92571
1.0193	0.92558
1.0195	0.92576
1.0197	0.92588
1.0199	0.92580
1.0201	0.92582
1.0203	0.92579
1.0205	0.92591
1.0207	0.92616
1.0209	0.92582
1.0211	0.92572
1.0213	0.92612
1.0215	0.92595
1.0217	0.92589
1.0219	0.92627
1.0221	0.92635
1.0223	0.92633
1.0225	0.92656
1.0227	0.92639
1.0229	0.92645
1.0231	0.92665
1.0233	0.92644
1.0235	0.92654
1.0237	0.92679
1.0239	0.92654
1.0241	0.92655
1.0243	0.92658
1.0245	0.92659
1.0247	0.92714
1.0249	0.92716
1.0251	0.92696
1.0253	0.92684
1.0255	0.92684
1.0257	0.92712
1.0259	0.92734
1.0261	0.92751
1.0263	0.92750
1.0265	0.92747
1.0268	0.92740
1.0269	0.92754
1.0272	0.92804
1.0274	0.92777
1.0276	0.92760
1.0278	0.92791
1.028	0.92811
1.0282	0.92810
1.0284	0.92793
1.0286	0.92795
1.0288	0.92805
1.029	0.92813
1.0292	0.92806
1.0294	0.92796
1.0296	0.92789
1.0298	0.92799
1.03	0.92814
1.0302	0.92824
1.0304	0.92828
1.0306	0.92820
1.0308	0.92821
1.031	0.92826
1.0312	0.92802
1.0314	0.92758
1.0317	0.92756
1.0318	0.92785
1.0321	0.92792
1.0323	0.92796
1.0325	0.92839
1.0327	0.92836
1.0329	0.92806
1.0331	0.92817
1.0333	0.92834
1.0335	0.92877
1.0337	0.92870
1.0339	0.92864
1.0341	0.92878
1.0343	0.92899
1.0345	0.92910
1.0347	0.92885
1.0349	0.92894
1.0352	0.92903
1.0354	0.92865
1.0356	0.92870
1.0358	0.92906
1.036	0.92910
1.0362	0.92906
1.0364	0.92916
1.0366	0.92931
1.0368	0.92927
1.037	0.92914
1.0372	0.92881
1.0374	0.92875
1.0376	0.92914
1.0378	0.92945
1.0381	0.92949
1.0383	0.92942
1.0385	0.92931
1.0387	0.92924
1.0389	0.92912
1.0391	0.92930
1.0393	0.92922
1.0395	0.92914
1.0397	0.92949
1.0399	0.92972
1.0401	0.92978
1.0403	0.92974
1.0406	0.92964
1.0408	0.92958
1.041	0.92949
1.0412	0.92922
1.0414	0.92929
1.0416	0.92937
1.0418	0.92961
1.042	0.92979
1.0422	0.92966
1.0424	0.92973
1.0426	0.93001
1.0428	0.92996
1.0431	0.92990
1.0433	0.93023
1.0435	0.93026
1.0437	0.92992
1.0439	0.92974
1.0441	0.92991
1.0443	0.92999
1.0445	0.93015
1.0448	0.93031
1.045	0.93038
1.0452	0.93034
1.0454	0.93025
1.0456	0.93004
1.0458	0.93023
1.046	0.93017
1.0462	0.92988
1.0464	0.92972
1.0466	0.93033
1.0469	0.93069
1.0471	0.93028
1.0473	0.92987
1.0475	0.92996
1.0477	0.93030
1.0479	0.93064
1.0481	0.93064
1.0483	0.93065
1.0486	0.93075
1.0488	0.93057
1.049	0.93037
1.0492	0.93012
1.0494	0.93004
1.0496	0.93001
1.0498	0.93008
1.05	0.93035
1.0503	0.93064
1.0505	0.93079
1.0507	0.93050
1.0509	0.93042
1.0511	0.93044
1.0513	0.93041
1.0515	0.93059
1.0517	0.93059
1.0519	0.93051
1.0522	0.93099
1.0524	0.93107
1.0526	0.93066
1.0528	0.93042
1.053	0.93042
1.0532	0.93053
1.0534	0.93059
1.0537	0.93050
1.0539	0.93064
1.0541	0.93079
1.0543	0.93079
1.0545	0.93082
1.0547	0.93094
1.0549	0.93090
1.0552	0.93105
1.0554	0.93099
1.0556	0.93075
1.0558	0.93067
1.056	0.93081
1.0562	0.93098
1.0564	0.93130
1.0567	0.93123
1.0569	0.93091
1.0571	0.93077
1.0573	0.93093
1.0575	0.93085
1.0578	0.93064
1.058	0.93073
1.0582	0.93087
1.0584	0.93116
1.0586	0.93134
1.0588	0.93141
1.059	0.93141
1.0593	0.93123
1.0595	0.93110
1.0597	0.93098
1.0599	0.93109
1.0601	0.93110
1.0603	0.93097
1.0606	0.93117
1.0608	0.93156
1.061	0.93127
1.0612	0.93115
1.0614	0.93132
1.0617	0.93141
1.0619	0.93136
1.0621	0.93137
1.0623	0.93129
1.0625	0.93114
1.0627	0.93094
1.0629	0.93111
1.0632	0.93115
1.0634	0.93113
1.0636	0.93110
1.0638	0.93122
1.064	0.93129
1.0643	0.93119
1.0645	0.93101
1.0647	0.93096
1.0649	0.93103
1.0651	0.93132
1.0653	0.93149
1.0656	0.93138
1.0658	0.93154
1.066	0.93186
1.0662	0.93159
1.0664	0.93122
1.0667	0.93111
1.0669	0.93118
1.0671	0.93091
1.0673	0.93085
1.0676	0.93142
1.0678	0.93147
1.068	0.93132
1.0682	0.93136
1.0684	0.93134
1.0687	0.93119
1.0689	0.93092
1.0691	0.93125
1.0693	0.93150
1.0695	0.93128
1.0698	0.93137
1.07	0.93120
1.0702	0.93119
1.0704	0.93138
1.0706	0.93122
1.0708	0.93134
1.0711	0.93161
1.0713	0.93143
1.0715	0.93140
1.0717	0.93162
1.072	0.93140
1.0722	0.93134
1.0724	0.93154
1.0726	0.93148
1.0728	0.93145
1.0731	0.93144
1.0733	0.93147
1.0735	0.93135
1.0737	0.93144
1.074	0.93140
1.0742	0.93114
1.0744	0.93136
1.0746	0.93174
1.0748	0.93134
1.0751	0.93118
1.0753	0.93164
1.0755	0.93174
1.0757	0.93144
1.076	0.93122
1.0762	0.93117
1.0764	0.93148
1.0766	0.93187
1.0769	0.93159
1.0771	0.93129
1.0773	0.93160
1.0775	0.93142
1.0778	0.93109
1.078	0.93152
1.0782	0.93169
1.0784	0.93138
1.0787	0.93164
1.0789	0.93175
1.0791	0.93138
1.0793	0.93177
1.0796	0.93225
1.0798	0.93196
1.08	0.93152
1.0802	0.93170
1.0804	0.93193
1.0807	0.93177
1.0809	0.93159
1.0811	0.93174
1.0813	0.93174
1.0816	0.93159
1.0818	0.93157
1.082	0.93145
1.0823	0.93148
1.0825	0.93166
1.0827	0.93184
1.0829	0.93201
1.0832	0.93184
1.0834	0.93183
1.0836	0.93187
1.0838	0.93195
1.0841	0.93182
1.0843	0.93174
1.0845	0.93175
1.0848	0.93189
1.085	0.93185
1.0852	0.93191
1.0854	0.93215
1.0857	0.93210
1.0859	0.93173
1.0861	0.93133
1.0863	0.93166
1.0866	0.93194
1.0868	0.93175
1.087	0.93165
1.0873	0.93175
1.0875	0.93172
1.0877	0.93164
1.0879	0.93156
1.0882	0.93147
1.0884	0.93147
1.0886	0.93176
1.0888	0.93161
1.0891	0.93138
1.0893	0.93173
1.0895	0.93197
1.0898	0.93168
1.09	0.93144
1.0902	0.93151
1.0904	0.93149
1.0907	0.93174
1.0909	0.93181
1.0911	0.93149
1.0914	0.93132
1.0916	0.93164
1.0918	0.93180
1.0921	0.93186
1.0923	0.93185
1.0925	0.93184
1.0928	0.93149
1.093	0.93122
1.0932	0.93154
1.0934	0.93166
1.0937	0.93168
1.0939	0.93171
1.0941	0.93171
1.0944	0.93157
1.0946	0.93167
1.0948	0.93171
1.0951	0.93170
1.0953	0.93154
1.0955	0.93135
1.0958	0.93130
1.096	0.93117
1.0962	0.93128
1.0964	0.93131
1.0967	0.93136
1.0969	0.93150
1.0971	0.93162
1.0974	0.93136
1.0976	0.93110
1.0978	0.93127
1.0981	0.93132
1.0983	0.93132
1.0985	0.93141
1.0988	0.93140
1.099	0.93143
1.0992	0.93144
1.0995	0.93121
1.0997	0.93133
1.0999	0.93154
1.1002	0.93136
1.1004	0.93112
1.1006	0.93113
1.1009	0.93117
1.1011	0.93108
1.1013	0.93110
1.1016	0.93101
1.1018	0.93088
1.102	0.93080
1.1023	0.93079
1.1025	0.93102
1.1027	0.93112
1.103	0.93121
1.1032	0.93118
1.1034	0.93115
1.1037	0.93120
1.1039	0.93115
1.1042	0.93095
1.1044	0.93131
1.1046	0.93140
1.1049	0.93107
1.1051	0.93102
1.1053	0.93114
1.1056	0.93098
1.1058	0.93077
1.106	0.93097
1.1063	0.93114
1.1065	0.93098
1.1067	0.93086
1.107	0.93083
1.1072	0.93095
1.1074	0.93082
1.1077	0.93076
1.1079	0.93102
1.1082	0.93102
1.1084	0.93081
1.1086	0.93061
1.1089	0.93054
1.1091	0.93058
1.1093	0.93080
1.1096	0.93089
1.1098	0.93061
1.1101	0.93066
1.1103	0.93080
1.1105	0.93093
1.1108	0.93077
1.111	0.93058
1.1113	0.93065
1.1115	0.93071
1.1117	0.93066
1.112	0.93055
1.1122	0.93039
1.1124	0.93026
1.1127	0.93048
1.1129	0.93091
1.1132	0.93068
1.1134	0.93049
1.1136	0.93049
1.1139	0.93054
1.1141	0.93071
1.1143	0.93068
1.1146	0.93062
1.1148	0.93065
1.1151	0.93049
1.1153	0.93048
1.1156	0.93069
1.1158	0.93058
1.116	0.93047
1.1163	0.93052
1.1165	0.93069
1.1168	0.93072
1.117	0.93063
1.1172	0.93068
1.1175	0.93046
1.1177	0.93035
1.118	0.93020
1.1182	0.93019
1.1184	0.93019
1.1187	0.93024
1.1189	0.93030
1.1192	0.93020
1.1194	0.93020
1.1197	0.93023
1.1199	0.93044
1.1201	0.93032
1.1204	0.93001
1.1206	0.93002
1.1209	0.92999
1.1211	0.93004
1.1213	0.93020
1.1216	0.93022
1.1218	0.93034
1.1221	0.93036
1.1223	0.93028
1.1226	0.92999
1.1228	0.92995
1.123	0.93018
1.1233	0.93028
1.1235	0.93008
1.1238	0.92997
1.124	0.92997
1.1243	0.92993
1.1245	0.92993
1.1248	0.92989
1.125	0.92990
1.1252	0.92994
1.1255	0.92984
1.1257	0.92952
1.126	0.92932
1.1262	0.92945
1.1265	0.92941
1.1267	0.92951
1.1269	0.92973
1.1272	0.92996
1.1274	0.92996
1.1277	0.92971
1.1279	0.92958
1.1282	0.92961
1.1284	0.92956
1.1287	0.92963
1.1289	0.92948
1.1292	0.92934
1.1294	0.92940
1.1297	0.92948
1.1299	0.92966
1.1301	0.92951
1.1304	0.92937
1.1306	0.92939
1.1309	0.92937
1.1311	0.92941
1.1314	0.92933
1.1316	0.92926
1.1319	0.92943
1.1321	0.92966
1.1324	0.92943
1.1326	0.92928
1.1329	0.92938
1.1331	0.92956
1.1333	0.92966
1.1336	0.92962
1.1338	0.92941
1.1341	0.92929
1.1343	0.92942
1.1346	0.92943
1.1348	0.92934
1.1351	0.92931
1.1353	0.92930
1.1356	0.92925
1.1358	0.92927
1.1361	0.92945
1.1363	0.92931
1.1366	0.92918
1.1368	0.92914
1.1371	0.92903
1.1373	0.92906
1.1376	0.92925
1.1378	0.92910
1.1381	0.92876
1.1383	0.92900
1.1386	0.92925
1.1388	0.92916
1.1391	0.92895
1.1393	0.92893
1.1396	0.92904
1.1398	0.92904
1.1401	0.92888
1.1403	0.92880
1.1406	0.92850
1.1408	0.92819
1.1411	0.92815
1.1413	0.92824
1.1416	0.92820
1.1418	0.92832
1.1421	0.92838
1.1423	0.92837
1.1426	0.92833
1.1428	0.92826
1.1431	0.92827
1.1433	0.92811
1.1436	0.92796
1.1439	0.92792
1.1441	0.92775
1.1444	0.92765
1.1446	0.92746
1.1449	0.92747
1.1451	0.92741
1.1454	0.92743
1.1456	0.92747
1.1459	0.92727
1.1461	0.92727
1.1464	0.92713
1.1466	0.92694
1.1469	0.92698
1.1472	0.92702
1.1474	0.92695
1.1477	0.92681
1.1479	0.92656
1.1482	0.92640
1.1484	0.92623
1.1487	0.92605
1.1489	0.92586
1.1492	0.92568
1.1494	0.92561
1.1497	0.92562
1.1499	0.92566
1.1502	0.92558
1.1504	0.92563
1.1507	0.92549
1.151	0.92524
1.1512	0.92508
1.1515	0.92494
1.1517	0.92484
1.152	0.92486
1.1522	0.92484
1.1525	0.92449
1.1528	0.92423
1.153	0.92419
1.1533	0.92407
1.1535	0.92387
1.1538	0.92378
1.154	0.92377
1.1543	0.92369
1.1546	0.92366
1.1548	0.92333
1.1551	0.92282
1.1553	0.92265
1.1556	0.92254
1.1558	0.92242
1.1561	0.92238
1.1564	0.92226
1.1566	0.92203
1.1569	0.92182
1.1571	0.92158
1.1574	0.92132
1.1577	0.92129
1.1579	0.92123
1.1582	0.92098
1.1584	0.92060
1.1587	0.92048
1.1589	0.92036
1.1592	0.91995
1.1595	0.91966
1.1597	0.91960
1.16	0.91961
1.1602	0.91949
1.1605	0.91937
1.1608	0.91912
1.161	0.91872
1.1613	0.91848
1.1615	0.91831
1.1618	0.91789
1.1621	0.91746
1.1623	0.91735
1.1626	0.91735
1.1628	0.91708
1.1631	0.91676
1.1634	0.91652
1.1636	0.91650
1.1639	0.91634
1.1642	0.91596
1.1644	0.91560
1.1647	0.91536
1.1649	0.91517
1.1652	0.91493
1.1654	0.91453
1.1657	0.91428
1.166	0.91407
1.1662	0.91404
1.1665	0.91397
1.1668	0.91373
1.167	0.91324
1.1673	0.91289
1.1676	0.91275
1.1678	0.91250
1.1681	0.91212
1.1683	0.91187
1.1686	0.91169
1.1689	0.91151
1.1691	0.91126
1.1694	0.91118
1.1697	0.91099
1.1699	0.91061
1.1702	0.91030
1.1704	0.91000
1.1707	0.90997
1.171	0.90985
1.1713	0.90947
1.1715	0.90933
1.1718	0.90928
1.172	0.90915
1.1723	0.90890
1.1726	0.90852
1.1728	0.90833
1.1731	0.90825
1.1734	0.90815
1.1736	0.90804
1.1739	0.90787
1.1742	0.90770
1.1744	0.90763
1.1747	0.90748
1.175	0.90715
1.1752	0.90694
1.1755	0.90695
1.1758	0.90690
1.176	0.90659
1.1763	0.90648
1.1766	0.90639
1.1768	0.90630
1.1771	0.90609
1.1774	0.90591
1.1776	0.90584
1.1779	0.90590
1.1782	0.90577
1.1784	0.90554
1.1787	0.90544
1.179	0.90530
1.1792	0.90510
1.1795	0.90506
1.1798	0.90505
1.18	0.90517
1.1803	0.90502
1.1806	0.90486
1.1808	0.90507
1.1811	0.90502
1.1814	0.90480
1.1817	0.90461
1.1819	0.90469
1.1822	0.90486
1.1825	0.90481
1.1827	0.90459
1.183	0.90454
1.1833	0.90487
1.1835	0.90487
1.1838	0.90474
1.1841	0.90464
1.1844	0.90467
1.1846	0.90457
1.1849	0.90449
1.1852	0.90462
1.1854	0.90479
1.1857	0.90497
1.186	0.90497
1.1863	0.90484
1.1865	0.90480
1.1868	0.90477
1.1871	0.90477
1.1873	0.90506
1.1876	0.90501
1.1879	0.90491
1.1882	0.90504
1.1884	0.90498
1.1887	0.90473
1.189	0.90471
1.1893	0.90472
1.1895	0.90469
1.1898	0.90484
1.1901	0.90490
1.1903	0.90493
1.1906	0.90502
1.1909	0.90504
1.1912	0.90500
1.1914	0.90495
1.1917	0.90494
1.192	0.90494
1.1923	0.90496
1.1925	0.90492
1.1928	0.90472
1.1931	0.90467
1.1933	0.90468
1.1936	0.90465
1.1939	0.90465
1.1942	0.90463
1.1944	0.90460
1.1947	0.90465
1.195	0.90459
1.1953	0.90455
1.1956	0.90452
1.1958	0.90457
1.1961	0.90459
1.1964	0.90459
1.1967	0.90473
1.1969	0.90460
1.1972	0.90444
1.1975	0.90448
1.1978	0.90449
1.198	0.90459
1.1983	0.90441
1.1986	0.90433
1.1989	0.90438
1.1992	0.90441
1.1994	0.90441
1.1997	0.90441
1.2	0.90447
1.2003	0.90441
1.2005	0.90429
1.2008	0.90423
1.2011	0.90429
1.2014	0.90438
1.2017	0.90427
1.2019	0.90406
1.2022	0.90396
1.2025	0.90376
1.2028	0.90380
1.203	0.90387
1.2033	0.90362
1.2036	0.90345
1.2039	0.90352
1.2042	0.90370
1.2044	0.90368
1.2047	0.90348
1.205	0.90321
1.2053	0.90300
1.2056	0.90313
1.2058	0.90340
1.2061	0.90331
1.2064	0.90305
1.2067	0.90303
1.207	0.90302
1.2072	0.90294
1.2075	0.90294
1.2078	0.90313
1.2081	0.90335
1.2084	0.90326
1.2087	0.90323
1.2089	0.90346
1.2092	0.90361
1.2095	0.90348
1.2098	0.90354
1.2101	0.90365
1.2103	0.90372
1.2106	0.90415
1.2109	0.90460
1.2112	0.90485
1.2115	0.90493
1.2118	0.90490
1.212	0.90514
1.2123	0.90548
1.2126	0.90557
1.2129	0.90555
1.2132	0.90554
1.2135	0.90572
1.2137	0.90608
1.214	0.90625
1.2143	0.90627
1.2146	0.90645
1.2149	0.90689
1.2152	0.90708
1.2154	0.90707
1.2157	0.90722
1.216	0.90747
1.2163	0.90766
1.2166	0.90781
1.2169	0.90779
1.2172	0.90777
1.2174	0.90803
1.2177	0.90815
1.218	0.90829
1.2183	0.90839
1.2186	0.90827
1.2189	0.90837
1.2192	0.90856
1.2194	0.90851
1.2197	0.90848
1.22	0.90856
1.2203	0.90875
1.2206	0.90891
1.2209	0.90882
1.2212	0.90881
1.2215	0.90893
1.2218	0.90901
1.222	0.90903
1.2223	0.90921
1.2226	0.90939
1.2229	0.90929
1.2232	0.90914
1.2235	0.90899
1.2238	0.90894
1.2241	0.90904
1.2243	0.90932
1.2246	0.90943
1.2249	0.90943
1.2252	0.90944
1.2255	0.90947
1.2258	0.90942
1.2261	0.90938
1.2264	0.90944
1.2267	0.90949
1.227	0.90948
1.2273	0.90936
1.2275	0.90939
1.2278	0.90943
1.2281	0.90940
1.2284	0.90932
1.2287	0.90919
1.229	0.90923
1.2293	0.90942
1.2296	0.90948
1.2299	0.90949
1.2302	0.90959
1.2304	0.90963
1.2307	0.90968
1.231	0.90963
1.2313	0.90955
1.2316	0.90956
1.2319	0.90958
1.2322	0.90957
1.2325	0.90969
1.2328	0.90990
1.2331	0.90999
1.2334	0.90980
1.2337	0.90968
1.234	0.90996
1.2343	0.91004
1.2346	0.90997
1.2348	0.91008
1.2351	0.91023
1.2354	0.91035
1.2357	0.91050
1.236	0.91055
1.2363	0.91051
1.2366	0.91054
1.2369	0.91074
1.2372	0.91098
1.2375	0.91107
1.2378	0.91123
1.2381	0.91132
1.2384	0.91135
1.2387	0.91146
1.239	0.91170
1.2393	0.91184
1.2396	0.91200
1.2399	0.91207
1.2402	0.91228
1.2405	0.91232
1.2408	0.91245
1.2411	0.91264
1.2413	0.91277
1.2417	0.91292
1.2419	0.91317
1.2422	0.91342
1.2425	0.91349
1.2428	0.91364
1.2431	0.91378
1.2434	0.91385
1.2437	0.91395
1.244	0.91405
1.2443	0.91412
1.2446	0.91425
1.2449	0.91437
1.2452	0.91446
1.2455	0.91468
1.2458	0.91488
1.2461	0.91509
1.2464	0.91527
1.2467	0.91526
1.247	0.91520
1.2473	0.91529
1.2476	0.91556
1.2479	0.91558
1.2482	0.91549
1.2485	0.91559
1.2488	0.91578
1.2491	0.91588
1.2494	0.91587
1.2497	0.91598
1.25	0.91605
1.2503	0.91610
1.2506	0.91613
1.2509	0.91618
1.2512	0.91628
1.2515	0.91646
1.2518	0.91671
1.2521	0.91677
1.2524	0.91690
1.2528	0.91678
1.2531	0.91656
1.2533	0.91661
1.2537	0.91675
1.254	0.91681
1.2543	0.91681
1.2546	0.91688
1.2549	0.91693
1.2552	0.91693
1.2555	0.91701
1.2558	0.91714
1.2561	0.91711
1.2564	0.91708
1.2567	0.91704
1.257	0.91705
1.2573	0.91715
1.2576	0.91720
1.2579	0.91720
1.2582	0.91709
1.2585	0.91711
1.2588	0.91737
1.2591	0.91754
1.2594	0.91765
1.2598	0.91762
1.2601	0.91746
1.2604	0.91738
1.2607	0.91733
1.261	0.91746
1.2613	0.91759
1.2616	0.91751
1.2619	0.91753
1.2622	0.91763
1.2625	0.91764
1.2628	0.91772
1.2631	0.91784
1.2634	0.91779
1.2637	0.91770
1.2641	0.91769
1.2644	0.91769
1.2647	0.91774
1.265	0.91774
1.2653	0.91782
1.2656	0.91789
1.2659	0.91778
1.2662	0.91778
1.2665	0.91785
1.2668	0.91790
1.2671	0.91807
1.2674	0.91815
1.2678	0.91809
1.2681	0.91809
1.2684	0.91816
1.2687	0.91821
1.269	0.91816
1.2693	0.91825
1.2696	0.91829
1.2699	0.91825
1.2702	0.91824
1.2706	0.91841
1.2709	0.91860
1.2712	0.91856
1.2715	0.91843
1.2718	0.91851
1.2721	0.91849
1.2724	0.91849
1.2727	0.91862
1.2731	0.91864
1.2734	0.91864
1.2737	0.91866
1.274	0.91869
1.2743	0.91880
1.2746	0.91883
1.2749	0.91868
1.2752	0.91875
1.2756	0.91886
1.2759	0.91872
1.2762	0.91877
1.2765	0.91886
1.2768	0.91884
1.2771	0.91874
1.2774	0.91871
1.2778	0.91886
1.2781	0.91891
1.2784	0.91902
1.2787	0.91913
1.279	0.91905
1.2793	0.91896
1.2797	0.91894
1.28	0.91904
1.2803	0.91912
1.2806	0.91907
1.2809	0.91905
1.2812	0.91913
1.2816	0.91915
1.2819	0.91904
1.2822	0.91911
1.2825	0.91917
1.2828	0.91922
1.2831	0.91928
1.2834	0.91929
1.2838	0.91914
1.2841	0.91915
1.2844	0.91936
1.2847	0.91941
1.285	0.91924
1.2854	0.91916
1.2857	0.91940
1.286	0.91925
1.2863	0.91898
1.2866	0.91908
1.2869	0.91915
1.2873	0.91902
1.2876	0.91892
1.2879	0.91897
1.2882	0.91903
1.2886	0.91902
1.2889	0.91907
1.2892	0.91922
1.2895	0.91916
1.2898	0.91894
1.2902	0.91892
1.2905	0.91906
1.2908	0.91913
1.2911	0.91917
1.2914	0.91911
1.2918	0.91907
1.2921	0.91908
1.2924	0.91904
1.2927	0.91888
1.2931	0.91889
1.2934	0.91878
1.2937	0.91859
1.294	0.91867
1.2943	0.91883
1.2947	0.91883
1.295	0.91885
1.2953	0.91886
1.2956	0.91888
1.296	0.91898
1.2963	0.91904
1.2966	0.91887
1.2969	0.91882
1.2973	0.91875
1.2976	0.91866
1.2979	0.91855
1.2982	0.91846
1.2986	0.91847
1.2989	0.91856
1.2992	0.91860
1.2995	0.91856
1.2999	0.91847
1.3002	0.91837
1.3005	0.91825
1.3008	0.91826
1.3012	0.91814
1.3015	0.91813
1.3018	0.91822
1.3021	0.91820
1.3025	0.91801
1.3028	0.91789
1.3031	0.91787
1.3034	0.91772
1.3038	0.91762
1.3041	0.91760
1.3044	0.91771
1.3048	0.91766
1.3051	0.91755
1.3054	0.91747
1.3058	0.91751
1.3061	0.91743
1.3064	0.91731
1.3067	0.91732
1.3071	0.91724
1.3074	0.91715
1.3077	0.91720
1.3081	0.91719
1.3084	0.91708
1.3087	0.91698
1.3091	0.91686
1.3094	0.91672
1.3097	0.91675
1.31	0.91675
1.3104	0.91655
1.3107	0.91649
1.311	0.91647
1.3114	0.91638
1.3117	0.91632
1.312	0.91623
1.3124	0.91599
1.3127	0.91590
1.313	0.91590
1.3134	0.91570
1.3137	0.91555
1.314	0.91555
1.3144	0.91544
1.3147	0.91516
1.315	0.91504
1.3154	0.91497
1.3157	0.91488
1.316	0.91477
1.3164	0.91463
1.3167	0.91458
1.317	0.91451
1.3174	0.91430
1.3177	0.91410
1.318	0.91399
1.3184	0.91389
1.3187	0.91378
1.319	0.91358
1.3194	0.91340
1.3197	0.91335
1.3201	0.91324
1.3204	0.91304
1.3207	0.91290
1.3211	0.91276
1.3214	0.91268
1.3217	0.91259
1.3221	0.91242
1.3224	0.91237
1.3227	0.91232
1.3231	0.91216
1.3234	0.91212
1.3238	0.91195
1.3241	0.91173
1.3244	0.91148
1.3248	0.91113
1.3251	0.91096
1.3254	0.91093
1.3258	0.91085
1.3261	0.91078
1.3265	0.91063
1.3268	0.91049
1.3271	0.91043
1.3275	0.91027
1.3278	0.90996
1.3282	0.90982
1.3285	0.90995
1.3288	0.90980
1.3292	0.90951
1.3295	0.90929
1.3299	0.90906
1.3302	0.90902
1.3306	0.90898
1.3309	0.90877
1.3312	0.90840
1.3316	0.90809
1.3319	0.90785
1.3323	0.90770
1.3326	0.90773
1.3329	0.90771
1.3333	0.90752
1.3336	0.90717
1.334	0.90683
1.3343	0.90666
1.3347	0.90647
1.335	0.90630
1.3353	0.90606
1.3357	0.90588
1.336	0.90567
1.3364	0.90555
1.3367	0.90535
1.3371	0.90509
1.3374	0.90488
1.3378	0.90474
1.3381	0.90451
1.3384	0.90415
1.3388	0.90385
1.3391	0.90364
1.3395	0.90333
1.3398	0.90310
1.3402	0.90282
1.3405	0.90248
1.3409	0.90227
1.3412	0.90222
1.3416	0.90198
1.3419	0.90165
1.3423	0.90155
1.3426	0.90141
1.3429	0.90106
1.3433	0.90065
1.3437	0.90014
1.344	0.89987
1.3443	0.89968
1.3447	0.89952
1.345	0.89935
1.3454	0.89896
1.3457	0.89860
1.3461	0.89826
1.3464	0.89801
1.3468	0.89794
1.3471	0.89772
1.3475	0.89734
1.3478	0.89705
1.3482	0.89677
1.3485	0.89647
1.3489	0.89609
1.3492	0.89577
1.3496	0.89559
1.3499	0.89537
1.3503	0.89510
1.3507	0.89474
1.351	0.89432
1.3514	0.89405
1.3517	0.89395
1.3521	0.89354
1.3524	0.89318
1.3528	0.89292
1.3531	0.89267
1.3535	0.89237
1.3538	0.89202
1.3542	0.89182
1.3545	0.89159
1.3549	0.89131
1.3552	0.89097
1.3556	0.89069
1.3559	0.89044
1.3563	0.89014
1.3567	0.88986
1.357	0.88973
1.3574	0.88956
1.3577	0.88923
1.3581	0.88903
1.3584	0.88885
1.3588	0.88857
1.3592	0.88816
1.3595	0.88789
1.3599	0.88774
1.3602	0.88759
1.3606	0.88743
1.3609	0.88717
1.3613	0.88684
1.3617	0.88673
1.362	0.88673
1.3624	0.88654
1.3627	0.88608
1.3631	0.88572
1.3634	0.88546
1.3638	0.88532
1.3642	0.88522
1.3645	0.88511
1.3649	0.88489
1.3652	0.88453
1.3656	0.88422
1.3659	0.88395
1.3663	0.88392
1.3667	0.88390
1.367	0.88366
1.3674	0.88325
1.3678	0.88294
1.3681	0.88276
1.3685	0.88265
1.3688	0.88252
1.3692	0.88225
1.3696	0.88201
1.3699	0.88171
1.3703	0.88138
1.3707	0.88111
1.371	0.88107
1.3714	0.88096
1.3717	0.88067
1.3721	0.88038
1.3725	0.88016
1.3728	0.87986
1.3732	0.87960
1.3736	0.87935
1.3739	0.87906
1.3743	0.87878
1.3746	0.87860
1.375	0.87846
1.3754	0.87832
1.3757	0.87814
1.3761	0.87791
1.3765	0.87777
1.3768	0.87761
1.3772	0.87741
1.3776	0.87714
1.3779	0.87692
1.3783	0.87677
1.3787	0.87657
1.379	0.87649
1.3794	0.87632
1.3798	0.87612
1.3801	0.87595
1.3805	0.87590
1.3809	0.87593
1.3812	0.87583
1.3816	0.87567
1.382	0.87542
1.3823	0.87527
1.3827	0.87533
1.3831	0.87527
1.3834	0.87505
1.3838	0.87484
1.3842	0.87484
1.3846	0.87481
1.3849	0.87474
1.3853	0.87463
1.3857	0.87452
1.386	0.87438
1.3864	0.87418
1.3868	0.87395
1.3872	0.87379
1.3875	0.87361
1.3879	0.87348
1.3883	0.87333
1.3886	0.87324
1.389	0.87308
1.3894	0.87293
1.3898	0.87277
1.3901	0.87265
1.3905	0.87248
1.3909	0.87222
1.3912	0.87201
1.3916	0.87173
1.392	0.87158
1.3924	0.87159
1.3927	0.87134
1.3931	0.87110
1.3935	0.87093
1.3939	0.87067
1.3942	0.87034
1.3946	0.87004
1.395	0.86970
1.3954	0.86934
1.3957	0.86914
1.3961	0.86887
1.3965	0.86854
1.3969	0.86811
1.3972	0.86772
1.3976	0.86741
1.398	0.86694
1.3984	0.86645
1.3988	0.86606
1.3991	0.86567
1.3995	0.86519
1.3999	0.86473
1.4003	0.86419
1.4006	0.86353
1.401	0.86302
1.4014	0.86260
1.4018	0.86198
1.4022	0.86127
1.4025	0.86068
1.4029	0.86009
1.4033	0.85954
1.4037	0.85893
1.4041	0.85823
1.4044	0.85752
1.4048	0.85668
1.4052	0.85580
1.4056	0.85512
1.406	0.85436
1.4063	0.85353
1.4067	0.85281
1.4071	0.85207
1.4075	0.85129
1.4079	0.85049
1.4083	0.84960
1.4086	0.84874
1.409	0.84780
1.4094	0.84674
1.4098	0.84593
1.4102	0.84524
1.4106	0.84431
1.4109	0.84318
1.4113	0.84222
1.4117	0.84130
1.4121	0.84029
1.4125	0.83932
1.4128	0.83834
1.4132	0.83731
1.4136	0.83637
1.414	0.83534
1.4144	0.83412
1.4148	0.83288
1.4152	0.83168
1.4156	0.83058
1.4159	0.82944
1.4163	0.82826
1.4167	0.82705
1.4171	0.82579
1.4175	0.82457
1.4179	0.82337
1.4183	0.82213
1.4187	0.82085
1.419	0.81947
1.4194	0.81813
1.4198	0.81697
1.4202	0.81568
1.4206	0.81436
1.421	0.81303
1.4214	0.81170
1.4218	0.81039
1.4222	0.80912
1.4225	0.80792
1.4229	0.80673
1.4233	0.80541
1.4237	0.80418
1.4241	0.80301
1.4245	0.80195
1.4249	0.80096
1.4253	0.80000
1.4257	0.79915
1.4261	0.79817
1.4265	0.79717
1.4268	0.79629
1.4272	0.79556
1.4276	0.79486
1.428	0.79410
1.4284	0.79328
1.4288	0.79237
1.4292	0.79168
1.4296	0.79096
1.43	0.79004
1.4304	0.78894
1.4308	0.78786
1.4312	0.78679
1.4316	0.78567
1.432	0.78446
1.4324	0.78311
1.4328	0.78159
1.4332	0.78007
1.4336	0.77847
1.4339	0.77673
1.4343	0.77497
1.4348	0.77307
1.4351	0.77111
1.4355	0.76910
1.4359	0.76702
1.4363	0.76483
1.4367	0.76259
1.4371	0.76024
1.4375	0.75787
1.4379	0.75556
1.4383	0.75316
1.4387	0.75064
1.4391	0.74795
1.4395	0.74537
1.4399	0.74281
1.4403	0.74026
1.4407	0.73777
1.4411	0.73530
1.4415	0.73276
1.4419	0.73028
1.4423	0.72793
1.4427	0.72560
1.4431	0.72344
1.4435	0.72143
1.4439	0.71951
1.4443	0.71778
1.4447	0.71638
1.4451	0.71520
1.4456	0.71420
1.4459	0.71353
1.4463	0.71320
1.4468	0.71311
1.4472	0.71340
1.4476	0.71395
1.448	0.71472
1.4484	0.71575
1.4488	0.71706
1.4492	0.71855
1.4496	0.72020
1.45	0.72201
1.4504	0.72386
1.4508	0.72584
1.4512	0.72784
1.4516	0.72983
1.452	0.73184
1.4524	0.73389
1.4528	0.73585
1.4532	0.73758
1.4537	0.73938
1.4541	0.74118
1.4545	0.74274
1.4549	0.74427
1.4553	0.74581
1.4557	0.74725
1.4561	0.74854
1.4565	0.74979
1.4569	0.75099
1.4573	0.75205
1.4577	0.75310
1.4582	0.75405
1.4586	0.75501
1.459	0.75600
1.4594	0.75691
1.4598	0.75786
1.4602	0.75867
1.4606	0.75931
1.461	0.76001
1.4614	0.76071
1.4618	0.76132
1.4623	0.76194
1.4627	0.76249
1.4631	0.76307
1.4635	0.76357
1.4639	0.76402
1.4643	0.76457
1.4647	0.76518
1.4652	0.76560
1.4656	0.76592
1.466	0.76629
1.4664	0.76666
1.4668	0.76700
1.4672	0.76742
1.4676	0.76787
1.4681	0.76821
1.4685	0.76848
1.4689	0.76882
1.4693	0.76915
1.4697	0.76947
1.4701	0.76979
1.4706	0.77007
1.471	0.77038
1.4714	0.77054
1.4718	0.77077
1.4722	0.77111
1.4726	0.77138
1.4731	0.77163
1.4735	0.77191
1.4739	0.77223
1.4743	0.77257
1.4747	0.77282
1.4752	0.77312
1.4756	0.77341
1.476	0.77366
1.4764	0.77400
1.4768	0.77422
1.4773	0.77441
1.4777	0.77463
1.4781	0.77484
1.4785	0.77487
1.4789	0.77484
1.4794	0.77480
1.4798	0.77466
1.4802	0.77449
1.4806	0.77425
1.4811	0.77394
1.4815	0.77356
1.4819	0.77311
1.4823	0.77264
1.4828	0.77215
1.4832	0.77163
1.4836	0.77116
1.484	0.77053
1.4844	0.76978
1.4849	0.76906
1.4853	0.76838
1.4857	0.76766
1.4862	0.76699
1.4866	0.76648
1.487	0.76595
1.4874	0.76541
1.4879	0.76495
1.4883	0.76444
1.4887	0.76393
1.4891	0.76365
1.4896	0.76349
1.49	0.76333
1.4904	0.76322
1.4908	0.76330
1.4913	0.76338
1.4917	0.76361
1.4921	0.76398
1.4926	0.76426
1.493	0.76462
1.4934	0.76528
1.4939	0.76604
1.4943	0.76669
1.4947	0.76737
1.4952	0.76822
1.4956	0.76920
1.496	0.77012
1.4964	0.77114
1.4969	0.77223
1.4973	0.77325
1.4977	0.77431
1.4982	0.77553
1.4986	0.77677
1.499	0.77798
1.4995	0.77917
1.4999	0.78035
1.5003	0.78159
1.5008	0.78284
1.5012	0.78398
1.5017	0.78506
1.5021	0.78618
1.5025	0.78729
1.5029	0.78837
1.5034	0.78931
1.5038	0.79026
1.5043	0.79118
1.5047	0.79215
1.5051	0.79295
1.5056	0.79366
1.506	0.79451
1.5064	0.79525
1.5069	0.79592
1.5073	0.79656
1.5078	0.79716
1.5082	0.79778
1.5086	0.79839
1.5091	0.79888
1.5095	0.79926
1.51	0.79975
1.5104	0.80021
1.5108	0.80061
1.5113	0.80097
1.5117	0.80129
1.5122	0.80169
1.5126	0.80208
1.513	0.80230
1.5135	0.80248
1.5139	0.80274
1.5144	0.80297
1.5148	0.80311
1.5153	0.80319
1.5157	0.80331
1.5161	0.80342
1.5166	0.80346
1.517	0.80352
1.5175	0.80363
1.5179	0.80373
1.5184	0.80372
1.5188	0.80372
1.5193	0.80377
1.5197	0.80384
1.5201	0.80379
1.5206	0.80370
1.521	0.80358
1.5215	0.80358
1.5219	0.80357
1.5224	0.80345
1.5228	0.80331
1.5233	0.80316
1.5237	0.80302
1.5242	0.80289
1.5246	0.80267
1.5251	0.80244
1.5255	0.80228
1.5259	0.80213
1.5264	0.80191
1.5268	0.80162
1.5273	0.80136
1.5278	0.80112
1.5282	0.80088
1.5287	0.80060
1.5291	0.80025
1.5296	0.79999
1.53	0.79977
1.5305	0.79955
1.5309	0.79930
1.5314	0.79902
1.5318	0.79879
1.5323	0.79850
1.5327	0.79818
1.5332	0.79790
1.5336	0.79765
1.5341	0.79735
1.5345	0.79706
1.535	0.79693
1.5354	0.79683
1.5359	0.79666
1.5363	0.79658
1.5368	0.79654
1.5373	0.79651
1.5377	0.79662
1.5382	0.79670
1.5386	0.79669
1.5391	0.79683
1.5396	0.79706
1.54	0.79727
1.5405	0.79751
1.5409	0.79789
1.5414	0.79827
1.5418	0.79870
1.5423	0.79921
1.5428	0.79964
1.5432	0.80030
1.5437	0.80101
1.5441	0.80167
1.5446	0.80233
1.5451	0.80305
1.5455	0.80380
1.546	0.80468
1.5464	0.80551
1.5469	0.80626
1.5474	0.80706
1.5478	0.80795
1.5483	0.80892
1.5488	0.80988
1.5492	0.81067
1.5497	0.81154
1.5501	0.81263
1.5506	0.81360
1.5511	0.81442
1.5515	0.81525
1.552	0.81610
1.5524	0.81701
1.5529	0.81792
1.5534	0.81881
1.5538	0.81973
1.5543	0.82060
1.5548	0.82141
1.5553	0.82224
1.5557	0.82309
1.5562	0.82387
1.5567	0.82463
1.5571	0.82543
1.5576	0.82627
1.5581	0.82699
1.5585	0.82774
1.559	0.82851
1.5595	0.82924
1.5599	0.82999
1.5604	0.83071
1.5609	0.83142
1.5613	0.83206
1.5618	0.83275
1.5623	0.83332
1.5628	0.83381
1.5632	0.83447
1.5637	0.83510
1.5642	0.83565
1.5646	0.83625
1.5651	0.83684
1.5656	0.83744
1.5661	0.83811
1.5665	0.83873
1.567	0.83924
1.5675	0.83971
1.5679	0.84031
1.5684	0.84092
1.5689	0.84141
1.5694	0.84184
1.5698	0.84226
1.5703	0.84274
1.5708	0.84323
1.5713	0.84366
1.5718	0.84415
1.5722	0.84469
1.5727	0.84518
1.5732	0.84574
1.5737	0.84618
1.5741	0.84655
1.5746	0.84689
1.5751	0.84730
1.5756	0.84773
1.5761	0.84809
1.5765	0.84854
1.577	0.84905
1.5775	0.84948
1.578	0.84986
1.5784	0.85021
1.5789	0.85050
1.5794	0.85093
1.5799	0.85138
1.5804	0.85176
1.5809	0.85211
1.5813	0.85241
1.5818	0.85279
1.5823	0.85325
1.5828	0.85368
1.5833	0.85400
1.5838	0.85425
1.5842	0.85463
1.5847	0.85506
1.5852	0.85535
1.5857	0.85569
1.5862	0.85611
1.5867	0.85651
1.5872	0.85680
1.5876	0.85716
1.5881	0.85761
1.5886	0.85797
1.5891	0.85831
1.5896	0.85864
1.5901	0.85899
1.5906	0.85931
1.591	0.85959
1.5915	0.86005
1.592	0.86051
1.5925	0.86086
1.593	0.86120
1.5935	0.86157
1.594	0.86197
1.5945	0.86241
1.595	0.86271
1.5954	0.86311
1.5959	0.86361
1.5964	0.86402
1.5969	0.86443
1.5974	0.86486
1.5979	0.86519
1.5984	0.86557
1.5989	0.86609
1.5994	0.86649
1.5999	0.86676
1.6004	0.86715
1.6009	0.86757
1.6014	0.86792
1.6019	0.86846
1.6023	0.86896
1.6028	0.86936
1.6033	0.86975
1.6038	0.87012
1.6043	0.87047
1.6048	0.87081
1.6053	0.87122
1.6058	0.87158
1.6063	0.87192
1.6068	0.87245
1.6073	0.87286
1.6078	0.87312
1.6083	0.87340
1.6088	0.87376
1.6093	0.87416
1.6098	0.87456
1.6103	0.87496
1.6108	0.87537
1.6113	0.87576
1.6118	0.87607
1.6123	0.87639
1.6128	0.87672
1.6133	0.87708
1.6138	0.87741
1.6143	0.87770
1.6148	0.87804
1.6153	0.87832
1.6158	0.87860
1.6163	0.87895
1.6168	0.87927
1.6173	0.87955
1.6178	0.87976
1.6184	0.88005
1.6189	0.88033
1.6194	0.88063
1.6199	0.88093
1.6204	0.88116
1.6209	0.88148
1.6214	0.88181
1.6219	0.88201
1.6224	0.88228
1.6229	0.88263
1.6234	0.88296
1.6239	0.88325
1.6244	0.88347
1.6249	0.88366
1.6255	0.88394
1.626	0.88420
1.6265	0.88448
1.627	0.88479
1.6275	0.88506
1.628	0.88524
1.6285	0.88545
1.629	0.88576
1.6296	0.88608
1.6301	0.88634
1.6306	0.88659
1.6311	0.88687
1.6316	0.88724
1.6321	0.88751
1.6326	0.88766
1.6331	0.88795
1.6337	0.88823
1.6342	0.88856
1.6347	0.88886
1.6352	0.88908
1.6357	0.88935
1.6362	0.88969
1.6368	0.88996
1.6373	0.89018
1.6378	0.89043
1.6383	0.89068
1.6388	0.89100
1.6393	0.89125
1.6398	0.89148
1.6404	0.89177
1.6409	0.89196
1.6414	0.89220
1.6419	0.89247
1.6424	0.89271
1.643	0.89289
1.6435	0.89302
1.644	0.89319
1.6445	0.89348
1.6451	0.89379
1.6456	0.89401
1.6461	0.89417
1.6466	0.89433
1.6472	0.89447
1.6477	0.89476
1.6482	0.89498
1.6487	0.89509
1.6492	0.89534
1.6498	0.89550
1.6503	0.89560
1.6508	0.89581
1.6513	0.89599
1.6519	0.89612
1.6524	0.89615
1.6529	0.89627
1.6534	0.89641
1.654	0.89656
1.6545	0.89675
1.655	0.89696
1.6556	0.89710
1.6561	0.89721
1.6566	0.89732
1.6572	0.89745
1.6577	0.89760
1.6582	0.89771
1.6587	0.89777
1.6593	0.89794
1.6598	0.89816
1.6603	0.89825
1.6609	0.89828
1.6614	0.89832
1.6619	0.89847
1.6625	0.89853
1.663	0.89853
1.6635	0.89869
1.6641	0.89892
1.6646	0.89889
1.6651	0.89884
1.6657	0.89891
1.6662	0.89901
1.6667	0.89911
1.6673	0.89907
1.6678	0.89900
1.6683	0.89903
1.6689	0.89909
1.6694	0.89911
1.67	0.89916
1.6705	0.89921
1.671	0.89929
1.6716	0.89938
1.6721	0.89931
1.6727	0.89921
1.6732	0.89921
1.6737	0.89924
1.6743	0.89921
1.6748	0.89915
1.6754	0.89902
1.6759	0.89895
1.6764	0.89883
1.677	0.89869
1.6775	0.89861
1.6781	0.89853
1.6786	0.89852
1.6792	0.89852
1.6797	0.89839
1.6802	0.89817
1.6808	0.89805
1.6813	0.89798
1.6819	0.89784
1.6824	0.89762
1.683	0.89746
1.6835	0.89734
1.6841	0.89718
1.6846	0.89699
1.6852	0.89680
1.6857	0.89657
1.6863	0.89636
1.6868	0.89617
1.6873	0.89582
1.6879	0.89554
1.6884	0.89529
1.689	0.89505
1.6896	0.89485
1.6901	0.89455
1.6907	0.89417
1.6912	0.89382
1.6918	0.89355
1.6923	0.89330
1.6929	0.89297
1.6934	0.89248
1.694	0.89209
1.6945	0.89171
1.6951	0.89119
1.6956	0.89072
1.6962	0.89028
1.6967	0.88982
1.6973	0.88933
1.6978	0.88875
1.6984	0.88815
1.699	0.88764
1.6995	0.88706
1.7001	0.88642
1.7006	0.88589
1.7012	0.88525
1.7018	0.88454
1.7023	0.88392
1.7029	0.88318
1.7034	0.88244
1.704	0.88173
1.7046	0.88096
1.7051	0.88016
1.7057	0.87937
1.7062	0.87857
1.7068	0.87772
1.7074	0.87686
1.7079	0.87597
1.7085	0.87496
1.709	0.87403
1.7096	0.87325
1.7102	0.87232
1.7107	0.87130
1.7113	0.87020
1.7119	0.86905
1.7124	0.86800
1.713	0.86691
1.7136	0.86583
1.7141	0.86467
1.7147	0.86351
1.7153	0.86243
1.7158	0.86130
1.7164	0.86009
1.717	0.85894
1.7175	0.85773
1.7181	0.85647
1.7187	0.85524
1.7192	0.85404
1.7198	0.85284
1.7204	0.85151
1.721	0.85016
1.7215	0.84888
1.7221	0.84760
1.7227	0.84636
1.7232	0.84510
1.7238	0.84375
1.7244	0.84243
1.725	0.84108
1.7255	0.83969
1.7261	0.83842
1.7267	0.83711
1.7273	0.83571
1.7278	0.83433
1.7284	0.83304
1.729	0.83164
1.7296	0.83022
1.7301	0.82886
1.7307	0.82760
1.7313	0.82629
1.7319	0.82489
1.7325	0.82343
1.733	0.82209
1.7336	0.82077
1.7342	0.81947
1.7348	0.81817
1.7354	0.81684
1.7359	0.81559
1.7365	0.81438
1.7371	0.81314
1.7377	0.81195
1.7383	0.81077
1.7388	0.80960
1.7394	0.80852
1.74	0.80745
1.7406	0.80637
1.7412	0.80536
1.7418	0.80442
1.7423	0.80353
1.7429	0.80264
1.7435	0.80188
1.7441	0.80120
1.7447	0.80049
1.7453	0.79986
1.7459	0.79933
1.7465	0.79881
1.7471	0.79832
1.7476	0.79799
1.7482	0.79781
1.7488	0.79768
1.7494	0.79764
1.75	0.79763
1.7506	0.79776
1.7512	0.79800
1.7518	0.79826
1.7524	0.79860
1.753	0.79910
1.7536	0.79968
1.7541	0.80022
1.7547	0.80078
1.7553	0.80149
1.7559	0.80219
1.7565	0.80295
1.7571	0.80366
1.7577	0.80441
1.7583	0.80517
1.7589	0.80580
1.7595	0.80644
1.7601	0.80711
1.7607	0.80784
1.7613	0.80846
1.7619	0.80905
1.7625	0.80965
1.7631	0.81012
1.7637	0.81051
1.7643	0.81091
1.7649	0.81125
1.7655	0.81159
1.7661	0.81195
1.7667	0.81226
1.7673	0.81253
1.7679	0.81279
1.7685	0.81305
1.7691	0.81322
1.7697	0.81332
1.7703	0.81351
1.7709	0.81375
1.7715	0.81392
1.7721	0.81407
1.7727	0.81423
1.7733	0.81439
1.7739	0.81457
1.7746	0.81473
1.7752	0.81490
1.7758	0.81518
1.7764	0.81552
1.777	0.81577
1.7776	0.81605
1.7782	0.81641
1.7788	0.81674
1.7794	0.81718
1.78	0.81762
1.7807	0.81810
1.7813	0.81866
1.7819	0.81930
1.7825	0.81993
1.7831	0.82061
1.7837	0.82132
1.7843	0.82199
1.7849	0.82280
1.7856	0.82365
1.7862	0.82441
1.7868	0.82520
1.7874	0.82612
1.788	0.82695
1.7886	0.82773
1.7893	0.82867
1.7899	0.82957
1.7905	0.83045
1.7911	0.83138
1.7917	0.83229
1.7923	0.83315
1.793	0.83402
1.7936	0.83481
1.7942	0.83557
1.7948	0.83635
1.7954	0.83713
1.7961	0.83789
1.7967	0.83862
1.7973	0.83932
1.7979	0.84001
1.7986	0.84070
1.7992	0.84134
1.7998	0.84186
1.8004	0.84232
1.8011	0.84289
1.8017	0.84351
1.8023	0.84404
1.8029	0.84456
1.8036	0.84513
1.8042	0.84565
1.8048	0.84603
1.8054	0.84647
1.8061	0.84682
1.8067	0.84719
1.8073	0.84765
1.808	0.84801
1.8086	0.84827
1.8092	0.84867
1.8099	0.84910
1.8105	0.84933
1.8111	0.84950
1.8118	0.84979
1.8124	0.85010
1.813	0.85044
1.8137	0.85070
1.8143	0.85096
1.8149	0.85122
1.8156	0.85149
1.8162	0.85177
1.8168	0.85198
1.8175	0.85214
1.8181	0.85226
1.8188	0.85251
1.8194	0.85281
1.82	0.85305
1.8207	0.85332
1.8213	0.85354
1.8219	0.85371
1.8226	0.85383
1.8232	0.85392
1.8239	0.85402
1.8245	0.85415
1.8252	0.85430
1.8258	0.85441
1.8264	0.85454
1.8271	0.85463
1.8277	0.85463
1.8284	0.85465
1.829	0.85469
1.8297	0.85473
1.8303	0.85474
1.831	0.85470
1.8316	0.85464
1.8323	0.85456
1.8329	0.85446
1.8336	0.85446
1.8342	0.85453
1.8348	0.85446
1.8355	0.85430
1.8361	0.85422
1.8368	0.85413
1.8374	0.85394
1.8381	0.85369
1.8388	0.85347
1.8394	0.85337
1.8401	0.85315
1.8407	0.85287
1.8414	0.85257
1.842	0.85235
1.8427	0.85213
1.8433	0.85179
1.844	0.85144
1.8446	0.85114
1.8453	0.85079
1.8459	0.85043
1.8466	0.85007
1.8473	0.84962
1.8479	0.84915
1.8486	0.84867
1.8492	0.84802
1.8499	0.84738
1.8506	0.84679
1.8512	0.84614
1.8519	0.84543
1.8526	0.84468
1.8532	0.84388
1.8539	0.84300
1.8545	0.84209
1.8552	0.84107
1.8559	0.84001
1.8565	0.83899
1.8572	0.83787
1.8579	0.83662
1.8585	0.83539
1.8592	0.83414
1.8599	0.83282
1.8605	0.83139
1.8612	0.82990
1.8619	0.82838
1.8625	0.82681
1.8632	0.82518
1.8639	0.82348
1.8645	0.82170
1.8652	0.81988
1.8659	0.81801
1.8666	0.81609
1.8672	0.81414
1.8679	0.81212
1.8686	0.81005
1.8692	0.80788
1.8699	0.80562
1.8706	0.80333
1.8713	0.80104
1.8719	0.79862
1.8726	0.79605
1.8733	0.79354
1.874	0.79102
1.8747	0.78844
1.8753	0.78574
1.876	0.78297
1.8767	0.78019
1.8774	0.77740
1.878	0.77449
1.8787	0.77147
1.8794	0.76840
1.8801	0.76536
1.8808	0.76225
1.8814	0.75903
1.8821	0.75580
1.8828	0.75261
1.8835	0.74937
1.8842	0.74604
1.8849	0.74273
1.8856	0.73942
1.8862	0.73612
1.8869	0.73274
1.8876	0.72938
1.8883	0.72609
1.889	0.72268
1.8897	0.71935
1.8904	0.71606
1.8911	0.71273
1.8918	0.70935
1.8924	0.70583
1.8931	0.70233
1.8938	0.69890
1.8945	0.69550
1.8952	0.69210
1.8959	0.68856
1.8966	0.68500
1.8973	0.68147
1.898	0.67786
1.8987	0.67408
1.8994	0.67031
1.9001	0.66654
1.9008	0.66271
1.9015	0.65891
1.9022	0.65503
1.9029	0.65116
1.9036	0.64722
1.9043	0.64317
1.905	0.63924
1.9057	0.63530
1.9064	0.63131
1.9071	0.62728
1.9078	0.62326
1.9085	0.61923
1.9092	0.61517
1.9099	0.61117
1.9106	0.60716
1.9113	0.60301
1.912	0.59888
1.9127	0.59474
1.9134	0.59059
1.9141	0.58633
1.9148	0.58199
1.9155	0.57760
1.9162	0.57317
1.9169	0.56869
1.9176	0.56400
1.9183	0.55915
1.9191	0.55430
1.9198	0.54936
1.9205	0.54428
1.9212	0.53915
1.9219	0.53390
1.9226	0.52850
1.9233	0.52297
1.924	0.51733
1.9248	0.51160
1.9255	0.50577
1.9262	0.49971
1.9269	0.49350
1.9276	0.48734
1.9283	0.48113
1.9291	0.47480
1.9298	0.46853
1.9305	0.46236
1.9312	0.45625
1.9319	0.45041
1.9327	0.44488
1.9334	0.43950
1.9341	0.43438
1.9348	0.42977
1.9355	0.42553
1.9363	0.42170
1.937	0.41830
1.9377	0.41531
1.9384	0.41282
1.9392	0.41091
1.9399	0.40933
1.9406	0.40802
1.9413	0.40713
1.9421	0.40655
1.9428	0.40622
1.9435	0.40619
1.9442	0.40641
1.945	0.40681
1.9457	0.40738
1.9464	0.40814
1.9472	0.40899
1.9479	0.41008
1.9486	0.41152
1.9494	0.41328
1.9501	0.41535
1.9508	0.41792
1.9516	0.42108
1.9523	0.42485
1.953	0.42915
1.9538	0.43406
1.9545	0.43949
1.9552	0.44545
1.956	0.45186
1.9567	0.45846
1.9575	0.46493
1.9582	0.47115
1.9589	0.47710
1.9597	0.48262
1.9604	0.48749
1.9612	0.49170
1.9619	0.49524
1.9626	0.49810
1.9634	0.50027
1.9641	0.50190
1.9649	0.50302
1.9656	0.50376
1.9664	0.50430
1.9671	0.50467
1.9679	0.50486
1.9686	0.50507
1.9693	0.50548
1.9701	0.50590
1.9708	0.50640
1.9716	0.50717
1.9723	0.50809
1.9731	0.50909
1.9738	0.51037
1.9746	0.51182
1.9753	0.51338
1.9761	0.51503
1.9769	0.51679
1.9776	0.51864
1.9784	0.52055
1.9791	0.52249
1.9799	0.52441
1.9806	0.52636
1.9814	0.52828
1.9822	0.53013
1.9829	0.53203
1.9837	0.53402
1.9844	0.53605
1.9852	0.53803
1.9859	0.54012
1.9867	0.54251
1.9875	0.54507
1.9882	0.54784
1.989	0.55095
1.9898	0.55450
1.9905	0.55845
1.9913	0.56278
1.9921	0.56757
1.9928	0.57287
1.9936	0.57860
1.9943	0.58474
1.9951	0.59117
1.9959	0.59772
1.9967	0.60438
1.9974	0.61115
1.9982	0.61786
1.999	0.62442
1.9997	0.63084
2.0005	0.63707
2.0013	0.64304
2.0021	0.64874
2.0028	0.65425
2.0036	0.65951
2.0044	0.66452
2.0052	0.66920
2.0059	0.67358
2.0067	0.67781
2.0075	0.68189
2.0083	0.68566
2.009	0.68921
2.0098	0.69267
2.0106	0.69609
2.0114	0.69930
2.0122	0.70220
2.0129	0.70495
2.0137	0.70769
2.0145	0.71029
2.0153	0.71277
2.0161	0.71518
2.0168	0.71743
2.0176	0.71962
2.0184	0.72170
2.0192	0.72369
2.02	0.72558
2.0208	0.72739
2.0216	0.72915
2.0223	0.73084
2.0231	0.73244
2.0239	0.73402
2.0247	0.73550
2.0255	0.73688
2.0263	0.73825
2.0271	0.73960
2.0279	0.74090
2.0287	0.74212
2.0295	0.74333
2.0303	0.74446
2.0311	0.74557
2.0319	0.74665
2.0327	0.74769
2.0335	0.74873
2.0343	0.74983
2.0351	0.75091
2.0358	0.75183
2.0367	0.75267
2.0374	0.75347
2.0383	0.75423
2.0391	0.75505
2.0399	0.75594
2.0407	0.75680
2.0415	0.75747
2.0423	0.75816
2.0431	0.75890
2.0439	0.75960
2.0447	0.76029
2.0455	0.76090
2.0463	0.76150
2.0471	0.76204
2.0479	0.76251
2.0487	0.76301
2.0495	0.76351
2.0504	0.76390
2.0512	0.76416
2.052	0.76439
2.0528	0.76460
2.0536	0.76473
2.0544	0.76479
2.0552	0.76480
2.056	0.76481
2.0569	0.76473
2.0577	0.76459
2.0585	0.76446
2.0593	0.76436
2.0601	0.76414
2.0609	0.76384
2.0618	0.76363
2.0626	0.76342
2.0634	0.76322
2.0642	0.76306
2.065	0.76284
2.0659	0.76270
2.0667	0.76261
2.0675	0.76265
2.0683	0.76283
2.0692	0.76297
2.07	0.76311
2.0708	0.76321
2.0716	0.76335
2.0725	0.76352
2.0733	0.76363
2.0741	0.76375
2.075	0.76390
2.0758	0.76403
2.0766	0.76407
2.0775	0.76398
2.0783	0.76393
2.0791	0.76388
2.08	0.76372
2.0808	0.76356
2.0816	0.76341
2.0825	0.76321
2.0833	0.76296
2.0841	0.76275
2.085	0.76244
2.0858	0.76199
2.0866	0.76165
2.0875	0.76128
2.0883	0.76079
2.0892	0.76028
2.09	0.75978
2.0909	0.75926
2.0917	0.75875
2.0926	0.75823
2.0934	0.75767
2.0942	0.75704
2.0951	0.75636
2.0959	0.75575
2.0968	0.75513
2.0976	0.75445
2.0985	0.75373
2.0993	0.75301
2.1002	0.75228
2.101	0.75156
2.1019	0.75080
2.1027	0.75002
2.1036	0.74917
2.1044	0.74835
2.1053	0.74765
2.1061	0.74687
2.107	0.74596
2.1079	0.74508
2.1087	0.74420
2.1096	0.74342
2.1104	0.74266
2.1113	0.74187
2.1122	0.74095
2.113	0.74005
2.1139	0.73925
2.1147	0.73843
2.1156	0.73760
2.1165	0.73673
2.1173	0.73580
2.1182	0.73491
2.1191	0.73410
2.1199	0.73328
2.1208	0.73241
2.1217	0.73155
2.1225	0.73073
2.1234	0.72996
2.1243	0.72916
2.1251	0.72843
2.126	0.72762
2.1269	0.72680
2.1278	0.72604
2.1286	0.72538
2.1295	0.72468
2.1304	0.72400
2.1313	0.72335
2.1321	0.72268
2.133	0.72203
2.1339	0.72149
2.1348	0.72091
2.1356	0.72025
2.1365	0.71960
2.1374	0.71894
2.1383	0.71838
2.1392	0.71787
2.1401	0.71727
2.1409	0.71665
2.1418	0.71599
2.1427	0.71544
2.1436	0.71484
2.1445	0.71410
2.1454	0.71334
2.1463	0.71256
2.1471	0.71181
2.148	0.71108
2.1489	0.71025
2.1498	0.70939
2.1507	0.70853
2.1516	0.70768
2.1525	0.70680
2.1534	0.70589
2.1543	0.70499
2.1552	0.70415
2.1561	0.70331
2.157	0.70246
2.1579	0.70159
2.1588	0.70069
2.1597	0.69974
2.1606	0.69892
2.1615	0.69816
2.1624	0.69724
2.1633	0.69637
2.1642	0.69560
2.1651	0.69475
2.166	0.69388
2.1669	0.69303
2.1678	0.69217
2.1687	0.69129
2.1696	0.69046
2.1705	0.68967
2.1714	0.68893
2.1723	0.68822
2.1732	0.68752
2.1741	0.68689
2.1751	0.68637
2.176	0.68596
2.1769	0.68557
2.1778	0.68528
2.1787	0.68510
2.1796	0.68489
2.1806	0.68468
2.1815	0.68460
2.1824	0.68449
2.1833	0.68433
2.1842	0.68413
2.1851	0.68399
2.1861	0.68388
2.187	0.68368
2.1879	0.68333
2.1888	0.68292
2.1898	0.68258
2.1907	0.68221
2.1916	0.68172
2.1925	0.68117
2.1935	0.68059
2.1944	0.67993
2.1953	0.67924
2.1963	0.67846
2.1972	0.67759
2.1981	0.67669
2.1991	0.67572
2.2	0.67481
2.2009	0.67394
2.2019	0.67289
2.2028	0.67173
2.2037	0.67062
2.2047	0.66951
2.2056	0.66825
2.2065	0.66700
2.2075	0.66577
2.2084	0.66461
2.2094	0.66342
2.2103	0.66226
2.2112	0.66110
2.2122	0.65996
2.2131	0.65884
2.2141	0.65789
2.215	0.65707
2.216	0.65645
2.2169	0.65602
2.2179	0.65592
2.2188	0.65608
2.2198	0.65661
2.2207	0.65741
2.2217	0.65861
2.2226	0.66026
2.2236	0.66216
2.2245	0.66409
2.2255	0.66614
2.2264	0.66830
2.2274	0.67035
2.2284	0.67236
2.2293	0.67431
2.2303	0.67607
2.2312	0.67762
2.2322	0.67911
2.2331	0.68038
2.2341	0.68146
2.2351	0.68256
2.236	0.68354
2.237	0.68441
2.238	0.68510
2.2389	0.68575
2.2399	0.68634
2.2409	0.68682
2.2418	0.68724
2.2428	0.68756
2.2438	0.68781
2.2448	0.68811
2.2457	0.68831
2.2467	0.68836
2.2477	0.68837
2.2486	0.68839
2.2496	0.68828
2.2506	0.68812
2.2516	0.68784
2.2526	0.68757
2.2535	0.68721
2.2545	0.68678
2.2555	0.68629
2.2565	0.68574
2.2575	0.68508
2.2584	0.68423
2.2594	0.68336
2.2604	0.68252
2.2614	0.68156
2.2624	0.68047
2.2634	0.67940
2.2644	0.67850
2.2654	0.67762
2.2663	0.67685
2.2673	0.67631
2.2683	0.67610
2.2693	0.67620
2.2703	0.67663
2.2713	0.67741
2.2723	0.67850
2.2733	0.67980
2.2743	0.68130
2.2753	0.68289
2.2763	0.68452
2.2773	0.68616
2.2783	0.68779
2.2793	0.68936
2.2803	0.69082
2.2813	0.69224
2.2823	0.69350
2.2833	0.69465
2.2843	0.69576
2.2853	0.69670
2.2863	0.69762
2.2873	0.69850
2.2883	0.69918
2.2894	0.69983
2.2904	0.70055
2.2914	0.70120
2.2924	0.70175
2.2934	0.70222
2.2944	0.70272
2.2954	0.70320
2.2964	0.70360
2.2975	0.70384
2.2985	0.70404
2.2995	0.70425
2.3005	0.70452
2.3016	0.70485
2.3026	0.70506
2.3036	0.70522
2.3046	0.70539
2.3056	0.70548
2.3067	0.70565
2.3077	0.70573
2.3087	0.70569
2.3098	0.70563
2.3108	0.70564
2.3118	0.70567
2.3128	0.70571
2.3139	0.70565
2.3149	0.70562
2.3159	0.70559
2.317	0.70548
2.318	0.70535
2.3191	0.70514
2.3201	0.70492
2.3211	0.70463
2.3222	0.70440
2.3232	0.70418
2.3243	0.70383
2.3253	0.70351
2.3263	0.70319
2.3274	0.70273
2.3284	0.70223
2.3295	0.70167
2.3305	0.70107
2.3316	0.70046
2.3326	0.69980
2.3337	0.69904
2.3347	0.69819
2.3358	0.69736
2.3368	0.69644
2.3379	0.69549
2.3389	0.69456
2.34	0.69359
2.341	0.69251
2.3421	0.69136
2.3431	0.69023
2.3442	0.68915
2.3453	0.68799
2.3463	0.68677
2.3474	0.68554
2.3485	0.68430
2.3495	0.68305
2.3506	0.68176
2.3517	0.68035
2.3527	0.67896
2.3538	0.67746
2.3549	0.67590
2.3559	0.67431
2.357	0.67272
2.3581	0.67107
2.3591	0.66934
2.3602	0.66752
2.3613	0.66565
2.3624	0.66374
2.3634	0.66170
2.3645	0.65973
2.3656	0.65766
2.3667	0.65538
2.3678	0.65309
2.3689	0.65081
2.3699	0.64839
2.371	0.64587
2.3721	0.64339
2.3732	0.64082
2.3743	0.63807
2.3754	0.63522
2.3764	0.63231
2.3775	0.62935
2.3786	0.62637
2.3797	0.62322
2.3808	0.61999
2.3819	0.61673
2.383	0.61333
2.3841	0.60984
2.3852	0.60629
2.3863	0.60258
2.3874	0.59873
2.3885	0.59474
2.3896	0.59068
2.3907	0.58666
2.3918	0.58262
2.3929	0.57842
2.394	0.57421
2.3951	0.56993
2.3962	0.56564
2.3973	0.56138
2.3984	0.55710
2.3995	0.55277
2.4006	0.54849
2.4018	0.54435
2.4029	0.54034
2.404	0.53632
2.4051	0.53246
2.4062	0.52862
2.4073	0.52480
2.4085	0.52126
2.4096	0.51791
2.4107	0.51468
2.4118	0.51168
2.4129	0.50895
2.4141	0.50631
2.4152	0.50383
2.4163	0.50165
2.4174	0.49966
2.4186	0.49776
2.4197	0.49596
2.4208	0.49436
2.422	0.49288
2.4231	0.49155
2.4242	0.49031
2.4254	0.48913
2.4265	0.48790
2.4276	0.48664
2.4288	0.48552
2.4299	0.48448
2.4311	0.48343
2.4322	0.48241
2.4333	0.48146
2.4345	0.48053
2.4356	0.47968
2.4368	0.47889
2.4379	0.47820
2.4391	0.47773
2.4402	0.47724
2.4414	0.47673
2.4425	0.47635
2.4436	0.47606
2.4448	0.47578
2.4459	0.47557
2.4471	0.47534
2.4483	0.47512
2.4494	0.47488
2.4506	0.47451
2.4517	0.47412
2.4529	0.47375
2.4541	0.47332
2.4552	0.47270
2.4564	0.47197
2.4576	0.47112
2.4587	0.47016
2.4599	0.46902
2.4611	0.46774
2.4622	0.46637
2.4634	0.46494
2.4646	0.46350
2.4657	0.46202
2.4669	0.46049
2.4681	0.45896
2.4693	0.45747
2.4704	0.45596
2.4716	0.45456
2.4728	0.45336
2.474	0.45231
2.4751	0.45125
2.4763	0.45028
2.4775	0.44952
2.4787	0.44892
2.4799	0.44839
2.4811	0.44794
2.4823	0.44761
2.4834	0.44740
2.4846	0.44734
2.4858	0.44736
2.487	0.44735
2.4882	0.44748
2.4894	0.44768
2.4906	0.44775
2.4918	0.44800
2.493	0.44842
2.4942	0.44883
2.4954	0.44927
2.4966	0.44978
2.4978	0.45031
2.499	0.45098
2.5002	0.45171
2.5014	0.45237
2.5026	0.45307
2.5038	0.45386
2.505	0.45461
2.5063	0.45528
2.5075	0.45603
2.5087	0.45677
2.5099	0.45749
2.5111	0.45827
2.5123	0.45898
2.5135	0.45966
2.5148	0.46034
2.516	0.46091
2.5172	0.46149
2.5184	0.46208
2.5196	0.46267
2.5209	0.46317
2.5221	0.46358
2.5233	0.46399
2.5246	0.46437
2.5258	0.46469
2.527	0.46494
2.5282	0.46508
2.5295	0.46519
2.5307	0.46522
2.5319	0.46514
2.5332	0.46501
2.5344	0.46486
2.5357	0.46465
2.5369	0.46440
2.5381	0.46408
2.5394	0.46372
2.5406	0.46322
2.5419	0.46271
2.5431	0.46225
2.5444	0.46170
2.5456	0.46103
2.5469	0.46042
2.5481	0.45983
2.5494	0.45912
2.5506	0.45843
2.5519	0.45771
2.5531	0.45691
2.5544	0.45606
2.5556	0.45526
2.5569	0.45461
2.5582	0.45384
2.5594	0.45301
2.5607	0.45230
2.562	0.45157
2.5632	0.45079
2.5645	0.45010
2.5658	0.44933
2.567	0.44862
2.5683	0.44797
2.5696	0.44751
2.5709	0.44709
2.5721	0.44664
2.5734	0.44633
2.5747	0.44602
2.576	0.44585
2.5773	0.44562
2.5785	0.44532
2.5798	0.44521
2.5811	0.44511
2.5824	0.44497
2.5837	0.44495
2.585	0.44486
2.5862	0.44457
2.5875	0.44442
2.5888	0.44424
2.5901	0.44414
2.5914	0.44383
2.5927	0.44352
2.594	0.44353
2.5953	0.44347
2.5966	0.44285
2.5979	0.44216
2.5992	0.44153
2.6005	0.44105
2.6018	0.44062
2.6031	0.44011
2.6044	0.43961
2.6057	0.43916
2.6071	0.43839
2.6084	0.43760
2.6097	0.43691
2.611	0.43618
2.6123	0.43545
2.6136	0.43477
2.6149	0.43403
2.6163	0.43349
2.6176	0.43284
2.6189	0.43206
2.6202	0.43156
2.6216	0.43084
2.6229	0.42992
2.6242	0.42926
2.6255	0.42867
2.6269	0.42802
2.6282	0.42713
2.6295	0.42646
2.6309	0.42582
2.6322	0.42481
2.6335	0.42373
2.6349	0.42278
2.6362	0.42180
2.6376	0.42079
2.6389	0.41959
2.6402	0.41824
2.6416	0.41669
2.6429	0.41512
2.6443	0.41348
2.6456	0.41170
2.647	0.40963
2.6483	0.40746
2.6497	0.40517
2.651	0.40280
2.6524	0.40033
2.6538	0.39764
2.6551	0.39478
2.6565	0.39179
2.6578	0.38870
2.6592	0.38568
2.6606	0.38250
2.6619	0.37918
2.6633	0.37584
2.6647	0.37269
2.666	0.36941
2.6674	0.36588
2.6688	0.36233
2.6701	0.35932
2.6715	0.35589
2.6729	0.35223
2.6743	0.34896
2.6756	0.34605
2.677	0.34303
2.6784	0.33985
2.6798	0.33678
2.6812	0.33364
2.6826	0.33061
2.684	0.32754
2.6854	0.32425
2.6868	0.32094
2.6881	0.31756
2.6895	0.31403
2.6909	0.31019
2.6923	0.30618
2.6937	0.30203
2.6951	0.29755
2.6965	0.29277
2.6979	0.28781
2.6993	0.28265
2.7007	0.27731
2.7021	0.27186
2.7036	0.26625
2.705	0.26034
2.7064	0.25433
2.7078	0.24838
2.7092	0.24248
2.7106	0.23650
2.712	0.23047
2.7135	0.22449
2.7149	0.21867
2.7163	0.21288
2.7177	0.20736
2.7191	0.20215
2.7206	0.19713
2.722	0.19197
2.7234	0.18716
2.7249	0.18243
2.7263	0.17768
2.7277	0.17309
2.7292	0.16849
2.7306	0.16383
2.732	0.15931
2.7335	0.15473
2.7349	0.15015
2.7364	0.14562
2.7378	0.14121
2.7393	0.13679
2.7407	0.13214
2.7422	0.12751
2.7436	0.12293
2.7451	0.11827
2.7465	0.11368
2.748	0.10914
2.7494	0.10469
2.7509	0.10035
2.7523	0.09611
2.7538	0.09201
2.7553	0.08808
2.7567	0.08428
2.7582	0.08068
2.7597	0.07739
2.7611	0.07427
2.7626	0.07133
2.7641	0.06863
2.7656	0.06607
2.767	0.06381
2.7685	0.06178
2.77	0.05991
2.7715	0.05809
2.7729	0.05636
2.7744	0.05473
2.7759	0.05319
2.7774	0.05180
2.7789	0.05055
2.7804	0.04934
2.7819	0.04824
2.7834	0.04717
2.7849	0.04610
2.7864	0.04498
2.7879	0.04395
2.7894	0.04295
2.7909	0.04194
2.7924	0.04089
2.7939	0.03994
2.7954	0.03904
2.7969	0.03817
2.7984	0.03741
2.7999	0.03664
2.8014	0.03582
2.8029	0.03502
2.8044	0.03442
2.806	0.03381
2.8075	0.03319
2.809	0.03271
2.8105	0.03238
2.8121	0.03202
2.8136	0.03152
2.8151	0.03125
2.8166	0.03110
2.8182	0.03081
2.8197	0.03062
2.8212	0.03058
2.8228	0.03053
2.8243	0.03049
2.8258	0.03051
2.8274	0.03056
2.8289	0.03065
2.8305	0.03075
2.832	0.03089
2.8336	0.03101
2.8351	0.03117
2.8367	0.03135
2.8382	0.03139
2.8398	0.03138
2.8413	0.03133
2.8429	0.03127
2.8444	0.03131
2.846	0.03125
2.8476	0.03099
2.8491	0.03068
2.8507	0.03040
2.8523	0.03015
2.8538	0.02984
2.8554	0.02948
2.857	0.02917
2.8586	0.02896
2.8601	0.02879
2.8617	0.02863
2.8633	0.02880
2.8649	0.02910
2.8664	0.02943
2.868	0.03005
2.8696	0.03065
2.8712	0.03125
2.8728	0.03197
2.8744	0.03264
2.876	0.03315
2.8776	0.03358
2.8792	0.03403
2.8808	0.03440
2.8824	0.03468
2.884	0.03486
2.8856	0.03500
2.8872	0.03532
2.8888	0.03554
2.8904	0.03561
2.892	0.03568
2.8936	0.03592
2.8953	0.03615
2.8969	0.03624
2.8985	0.03644
2.9001	0.03672
2.9017	0.03688
2.9034	0.03710
2.905	0.03741
2.9066	0.03776
2.9083	0.03821
2.9099	0.03872
2.9115	0.03924
2.9131	0.03970
2.9148	0.04010
2.9164	0.04062
2.9181	0.04119
2.9197	0.04167
2.9214	0.04196
2.923	0.04229
2.9247	0.04260
2.9263	0.04273
2.928	0.04276
2.9296	0.04277
2.9313	0.04266
2.9329	0.04255
2.9346	0.04229
2.9363	0.04206
2.9379	0.04196
2.9396	0.04196
2.9412	0.04188
2.9429	0.04182
2.9446	0.04187
2.9463	0.04205
2.9479	0.04240
2.9496	0.04279
2.9513	0.04313
2.953	0.04363
2.9546	0.04422
2.9563	0.04482
2.958	0.04553
2.9597	0.04626
2.9614	0.04696
2.9631	0.04766
2.9648	0.04838
2.9665	0.04901
2.9682	0.04958
2.9699	0.05020
2.9716	0.05091
2.9733	0.05148
2.975	0.05183
2.9767	0.05220
2.9784	0.05267
2.9801	0.05300
2.9818	0.05328
2.9836	0.05362
2.9853	0.05389
2.987	0.05421
2.9887	0.05455
2.9904	0.05488
2.9922	0.05521
2.9939	0.05555
2.9956	0.05592
2.9974	0.05643
2.9991	0.05697
3.0008	0.05737
3.0026	0.05773
3.0043	0.05810
3.006	0.05858
3.0078	0.05911
3.0095	0.05965
3.0113	0.06021
3.013	0.06074
3.0148	0.06125
3.0165	0.06174
3.0183	0.06236
3.02	0.06298
3.0218	0.06374
3.0236	0.06444
3.0253	0.06509
3.0271	0.06590
3.0289	0.06674
3.0306	0.06747
3.0324	0.06804
3.0342	0.06867
3.036	0.06945
3.0377	0.07023
3.0395	0.07095
3.0413	0.07166
3.0431	0.07234
3.0449	0.07293
3.0467	0.07358
3.0484	0.07413
3.0502	0.07465
3.052	0.07516
3.0538	0.07562
3.0556	0.07608
3.0574	0.07666
3.0592	0.07718
3.0611	0.07763
3.0629	0.07820
3.0647	0.07865
3.0665	0.07898
3.0683	0.07902
3.0701	0.07886
3.0719	0.07856
3.0738	0.07787
3.0756	0.07696
3.0774	0.07608
3.0792	0.07551
3.0811	0.07541
3.0829	0.07583
3.0847	0.07687
3.0866	0.07846
3.0884	0.08049
3.0902	0.08272
3.0921	0.08512
3.0939	0.08762
3.0958	0.09005
3.0976	0.09224
3.0995	0.09440
3.1013	0.09659
3.1032	0.09862
3.105	0.10036
3.1069	0.10214
3.1088	0.10390
3.1106	0.10545
3.1125	0.10692
3.1144	0.10831
3.1162	0.10957
3.1181	0.11087
3.12	0.11232
3.1219	0.11373
3.1237	0.11502
3.1256	0.11646
3.1275	0.11808
3.1294	0.11975
3.1313	0.12151
3.1332	0.12319
3.1351	0.12499
3.137	0.12704
3.1389	0.12927
3.1408	0.13163
3.1427	0.13410
3.1446	0.13674
3.1465	0.13947
3.1484	0.14234
3.1503	0.14528
3.1522	0.14835
3.1541	0.15154
3.1561	0.15478
3.158	0.15819
3.1599	0.16161
3.1618	0.16492
3.1638	0.16832
3.1657	0.17183
3.1676	0.17524
3.1696	0.17859
3.1715	0.18197
3.1734	0.18532
3.1754	0.18855
3.1773	0.19173
3.1793	0.19494
3.1812	0.19813
3.1832	0.20128
3.1851	0.20435
3.1871	0.20741
3.1891	0.21038
3.191	0.21339
3.193	0.21628
3.1949	0.21907
3.1969	0.22185
3.1989	0.22468
3.2009	0.22759
3.2029	0.23042
3.2048	0.23320
3.2068	0.23596
3.2088	0.23847
3.2108	0.24106
3.2128	0.24382
3.2148	0.24644
3.2168	0.24905
3.2188	0.25162
3.2208	0.25413
3.2228	0.25661
3.2248	0.25917
3.2268	0.26175
3.2288	0.26424
3.2308	0.26676
3.2328	0.26926
3.2348	0.27181
3.2368	0.27448
3.2389	0.27715
3.2409	0.27971
3.2429	0.28227
3.2449	0.28491
3.247	0.28758
3.249	0.29019
3.251	0.29284
3.2531	0.29549
3.2551	0.29809
3.2572	0.30076
3.2592	0.30350
3.2613	0.30608
3.2633	0.30852
3.2654	0.31093
3.2674	0.31336
3.2695	0.31585
3.2716	0.31845
3.2736	0.32104
3.2757	0.32371
3.2778	0.32655
3.2798	0.32947
3.2819	0.33240
3.284	0.33540
3.2861	0.33864
3.2881	0.34197
3.2902	0.34526
3.2923	0.34854
3.2944	0.35184
3.2965	0.35510
3.2986	0.35848
3.3007	0.36198
3.3028	0.36533
3.3049	0.36865
3.307	0.37189
3.3091	0.37512
3.3112	0.37834
3.3134	0.38145
3.3155	0.38451
3.3176	0.38760
3.3197	0.39067
3.3219	0.39353
3.324	0.39632
3.3261	0.39925
3.3283	0.40204
3.3304	0.40456
3.3325	0.40707
3.3347	0.40964
3.3368	0.41210
3.339	0.41440
3.3411	0.41671
3.3433	0.41898
3.3454	0.42121
3.3476	0.42352
3.3498	0.42569
3.3519	0.42773
3.3541	0.42988
3.3563	0.43211
3.3584	0.43439
3.3606	0.43658
3.3628	0.43870
3.365	0.44103
3.3671	0.44337
3.3693	0.44570
3.3715	0.44807
3.3737	0.45051
3.3759	0.45294
3.3781	0.45553
3.3803	0.45828
3.3825	0.46103
3.3847	0.46371
3.3869	0.46626
3.3891	0.46869
3.3914	0.47103
3.3936	0.47327
3.3958	0.47544
3.398	0.47742
3.4003	0.47933
3.4025	0.48121
3.4047	0.48314
3.407	0.48508
3.4092	0.48697
3.4114	0.48885
3.4137	0.49074
3.4159	0.49249
3.4182	0.49426
3.4204	0.49606
3.4227	0.49791
3.425	0.49967
3.4272	0.50125
3.4295	0.50296
3.4318	0.50474
3.434	0.50643
3.4363	0.50794
3.4386	0.50972
3.4409	0.51155
3.4432	0.51320
3.4454	0.51487
3.4477	0.51665
3.45	0.51842
3.4523	0.52001
3.4546	0.52157
3.4569	0.52330
3.4592	0.52504
3.4616	0.52656
3.4639	0.52795
3.4662	0.52928
3.4685	0.53060
3.4708	0.53208
3.4731	0.53353
3.4755	0.53483
3.4778	0.53620
3.4801	0.53765
3.4825	0.53906
3.4848	0.54032
3.4872	0.54170
3.4895	0.54317
3.4919	0.54458
3.4942	0.54607
3.4966	0.54758
3.4989	0.54904
3.5013	0.55051
3.5036	0.55199
3.506	0.55338
3.5084	0.55489
3.5108	0.55635
3.5131	0.55770
3.5155	0.55886
3.5179	0.55987
3.5203	0.56103
3.5227	0.56221
3.5251	0.56313
3.5275	0.56402
3.5299	0.56508
3.5323	0.56615
3.5347	0.56712
3.5371	0.56804
3.5395	0.56906
3.5419	0.57000
3.5444	0.57101
3.5468	0.57197
3.5492	0.57305
3.5516	0.57423
3.5541	0.57534
3.5565	0.57634
3.559	0.57724
3.5614	0.57824
3.5639	0.57949
3.5663	0.58077
3.5688	0.58187
3.5712	0.58295
3.5737	0.58423
3.5761	0.58546
3.5786	0.58664
3.5811	0.58783
3.5836	0.58907
3.586	0.59051
3.5885	0.59199
3.591	0.59346
3.5935	0.59510
3.596	0.59670
3.5985	0.59824
3.601	0.59983
3.6035	0.60162
3.606	0.60330
3.6085	0.60487
3.611	0.60646
3.6135	0.60800
3.616	0.60937
3.6186	0.61078
3.6211	0.61204
3.6236	0.61321
3.6262	0.61446
3.6287	0.61564
3.6312	0.61685
3.6338	0.61819
3.6363	0.61924
3.6389	0.62038
3.6414	0.62155
3.644	0.62272
3.6466	0.62398
3.6491	0.62529
3.6517	0.62639
3.6543	0.62763
3.6569	0.62889
3.6594	0.63006
3.662	0.63118
3.6646	0.63232
3.6672	0.63344
3.6698	0.63450
3.6724	0.63553
3.675	0.63648
3.6776	0.63741
3.6802	0.63833
3.6828	0.63922
3.6854	0.64005
3.6881	0.64080
3.6907	0.64155
3.6933	0.64229
3.6959	0.64299
3.6986	0.64369
3.7012	0.64427
3.7039	0.64477
3.7065	0.64525
3.7092	0.64564
3.7118	0.64596
3.7145	0.64619
3.7171	0.64640
3.7198	0.64657
3.7225	0.64670
3.7252	0.64688
3.7278	0.64716
3.7305	0.64751
3.7332	0.64782
3.7359	0.64819
3.7386	0.64863
3.7413	0.64910
3.744	0.64954
3.7467	0.64996
3.7494	0.65033
3.7521	0.65063
3.7548	0.65086
3.7576	0.65105
3.7603	0.65120
3.763	0.65135
3.7657	0.65145
3.7685	0.65148
3.7712	0.65147
3.774	0.65144
3.7767	0.65142
3.7795	0.65140
3.7822	0.65137
3.785	0.65136
3.7877	0.65129
3.7905	0.65125
3.7933	0.65125
3.7961	0.65132
3.7988	0.65143
3.8016	0.65154
3.8044	0.65166
3.8072	0.65187
3.81	0.65211
3.8128	0.65231
3.8156	0.65249
3.8184	0.65257
3.8212	0.65252
3.8241	0.65240
3.8269	0.65228
3.8297	0.65213
3.8325	0.65187
3.8354	0.65156
3.8382	0.65120
3.8411	0.65069
3.8439	0.65005
3.8468	0.64916
3.8496	0.64797
3.8525	0.64643
3.8553	0.64447
3.8582	0.64209
3.8611	0.63916
3.8639	0.63581
3.8668	0.63248
3.8697	0.62990
3.8726	0.62888
3.8755	0.62971
3.8784	0.63179
3.8813	0.63424
3.8842	0.63642
3.8871	0.63802
3.89	0.63904
3.8929	0.63959
3.8959	0.63968
3.8988	0.63945
3.9017	0.63896
3.9047	0.63832
3.9076	0.63748
3.9106	0.63651
3.9135	0.63550
3.9165	0.63444
3.9194	0.63335
3.9224	0.63221
3.9254	0.63095
3.9284	0.62958
3.9313	0.62808
3.9343	0.62650
3.9373	0.62479
3.9403	0.62294
3.9433	0.62091
3.9463	0.61866
3.9493	0.61622
3.9523	0.61357
3.9553	0.61052
3.9583	0.60714
3.9614	0.60349
3.9644	0.59964
3.9674	0.59591
3.9705	0.59279
3.9735	0.59083
3.9766	0.59031
3.9796	0.59092
3.9826	0.59222
3.9857	0.59362
3.9888	0.59471
3.9919	0.59539
3.9949	0.59563
3.998	0.59547
4.0011	0.59501
4.0042	0.59421
4.0073	0.59324
4.0104	0.59211
4.0135	0.59082
4.0166	0.58937
4.0197	0.58784
4.0228	0.58615
4.0259	0.58433
4.0291	0.58247
4.0322	0.58059
4.0353	0.57860
4.0385	0.57656
4.0416	0.57442
4.0448	0.57225
4.0479	0.57005
4.0511	0.56783
4.0543	0.56547
4.0574	0.56311
4.0606	0.56075
4.0638	0.55833
4.067	0.55587
4.0702	0.55334
4.0734	0.55077
4.0766	0.54817
4.0798	0.54548
4.083	0.54284
4.0862	0.54024
4.0894	0.53754
4.0927	0.53479
4.0959	0.53204
4.0991	0.52926
4.1024	0.52648
4.1056	0.52367
4.1089	0.52087
4.1121	0.51807
4.1154	0.51524
4.1187	0.51236
4.122	0.50949
4.1252	0.50661
4.1285	0.50370
4.1318	0.50078
4.1351	0.49785
4.1384	0.49485
4.1417	0.49183
4.145	0.48878
4.1483	0.48573
4.1516	0.48257
4.155	0.47938
4.1583	0.47617
4.1616	0.47286
4.165	0.46943
4.1683	0.46589
4.1717	0.46227
4.175	0.45861
4.1784	0.45494
4.1818	0.45125
4.1852	0.44758
4.1885	0.44392
4.1919	0.44018
4.1953	0.43640
4.1987	0.43258
4.2021	0.42879
4.2055	0.42502
4.2089	0.42124
4.2124	0.41743
4.2158	0.41357
4.2192	0.40968
4.2226	0.40569
4.2261	0.40156
4.2295	0.39733
4.233	0.39303
4.2365	0.38859
4.2399	0.38390
4.2434	0.37907
4.2469	0.37407
4.2503	0.36892
4.2538	0.36368
4.2573	0.35844
4.2608	0.35324
4.2643	0.34800
4.2678	0.34277
4.2713	0.33752
4.2749	0.33218
4.2784	0.32678
4.2819	0.32131
4.2855	0.31571
4.289	0.31000
4.2926	0.30421
4.2961	0.29834
4.2997	0.29239
4.3033	0.28636
4.3068	0.28038
4.3104	0.27443
4.314	0.26860
4.3176	0.26294
4.3212	0.25749
4.3248	0.25225
4.3284	0.24733
4.332	0.24277
4.3356	0.23848
4.3393	0.23439
4.3429	0.23056
4.3465	0.22696
4.3502	0.22359
4.3538	0.22040
4.3575	0.21734
4.3611	0.21438
4.3648	0.21149
4.3685	0.20868
4.3722	0.20592
4.3759	0.20315
4.3796	0.20043
4.3833	0.19770
4.387	0.19491
4.3907	0.19206
4.3944	0.18922
4.3981	0.18632
4.4019	0.18337
4.4056	0.18035
4.4094	0.17736
4.4131	0.17443
4.4169	0.17148
4.4206	0.16859
4.4244	0.16580
4.4282	0.16302
4.432	0.16033
4.4358	0.15777
4.4396	0.15540
4.4434	0.15322
4.4472	0.15129
4.451	0.14960
4.4548	0.14822
4.4586	0.14714
4.4625	0.14627
4.4663	0.14564
4.4702	0.14522
4.474	0.14499
4.4779	0.14493
4.4818	0.14498
4.4856	0.14512
4.4895	0.14532
4.4934	0.14553
4.4973	0.14577
4.5012	0.14609
4.5051	0.14641
4.509	0.14673
4.513	0.14703
4.5169	0.14737
4.5209	0.14774
4.5248	0.14816
4.5287	0.14867
4.5327	0.14927
4.5367	0.15001
4.5406	0.15105
4.5446	0.15246
4.5486	0.15426
4.5526	0.15644
4.5566	0.15901
4.5606	0.16205
4.5646	0.16554
4.5686	0.16932
4.5727	0.17333
4.5767	0.17739
4.5808	0.18147
4.5848	0.18551
4.5889	0.18941
4.5929	0.19328
4.597	0.19700
4.6011	0.20043
4.6052	0.20363
4.6093	0.20661
4.6134	0.20937
4.6175	0.21187
4.6216	0.21408
4.6257	0.21601
4.6298	0.21764
4.634	0.21894
4.6381	0.21992
4.6423	0.22047
4.6464	0.22051
4.6506	0.21994
4.6548	0.21878
4.659	0.21709
4.6631	0.21511
4.6673	0.21310
4.6715	0.21129
4.6758	0.20969
4.68	0.20835
4.6842	0.20726
4.6884	0.20649
4.6927	0.20603
4.6969	0.20595
4.7012	0.20625
4.7055	0.20663
4.7097	0.20675
4.714	0.20645
4.7183	0.20561
4.7226	0.20415
4.7269	0.20265
4.7312	0.20232
4.7355	0.20412
4.7399	0.20848
4.7442	0.21534
4.7485	0.22443
4.7529	0.23532
4.7573	0.24747
4.7616	0.26042
4.766	0.27367
4.7704	0.28671
4.7748	0.29923
4.7792	0.31091
4.7836	0.32164
4.788	0.33138
4.7924	0.34014
4.7969	0.34797
4.8013	0.35498
4.8058	0.36130
4.8102	0.36713
4.8147	0.37246
4.8191	0.37740
4.8236	0.38198
4.8281	0.38619
4.8326	0.39006
4.8371	0.39362
4.8416	0.39681
4.8462	0.39976
4.8507	0.40253
4.8553	0.40517
4.8598	0.40771
4.8644	0.41023
4.8689	0.41267
4.8735	0.41504
4.8781	0.41749
4.8827	0.42002
4.8873	0.42251
4.8919	0.42497
4.8965	0.42736
4.9011	0.42965
4.9058	0.43181
4.9104	0.43379
4.9151	0.43554
4.9197	0.43716
4.9244	0.43864
4.9291	0.44015
4.9338	0.44166
4.9385	0.44305
4.9432	0.44416
4.9479	0.44496
4.9526	0.44531
4.9574	0.44505
4.9621	0.44392
4.9669	0.44169
4.9716	0.43885
4.9764	0.43764
4.9812	0.43964
4.986	0.44348
4.9908	0.44684
4.9956	0.44907
5.0004	0.45036
5.0052	0.45113
5.01	0.45160
5.0149	0.45190
5.0198	0.45208
5.0246	0.45222
5.0295	0.45231
5.0344	0.45238
5.0393	0.45241
5.0442	0.45256
5.0491	0.45274
5.054	0.45296
5.0589	0.45322
5.0639	0.45352
5.0688	0.45386
5.0738	0.45440
5.0788	0.45501
5.0837	0.45567
5.0887	0.45632
5.0937	0.45699
5.0987	0.45760
5.1037	0.45822
5.1088	0.45887
5.1138	0.45956
5.1189	0.46018
5.1239	0.46085
5.129	0.46155
5.1341	0.46230
5.1391	0.46310
5.1443	0.46395
5.1494	0.46479
5.1545	0.46567
5.1596	0.46660
5.1647	0.46761
5.1699	0.46854
5.175	0.46950
5.1802	0.47048
5.1854	0.47140
5.1906	0.47218
5.1958	0.47294
5.201	0.47360
5.2062	0.47414
5.2115	0.47456
5.2167	0.47485
5.222	0.47497
5.2272	0.47498
5.2325	0.47479
5.2378	0.47454
5.2431	0.47410
5.2484	0.47362
5.2537	0.47297
5.259	0.47220
5.2644	0.47134
5.2697	0.47051
5.2751	0.46962
5.2805	0.46878
5.2858	0.46795
5.2912	0.46720
5.2966	0.46644
5.302	0.46571
5.3075	0.46496
5.3129	0.46431
5.3184	0.46362
5.3238	0.46296
5.3293	0.46221
5.3348	0.46141
5.3403	0.46049
5.3458	0.45961
5.3513	0.45871
5.3568	0.45773
5.3624	0.45676
5.3679	0.45584
5.3735	0.45495
5.379	0.45418
5.3846	0.45341
5.3902	0.45274
5.3958	0.45200
5.4015	0.45123
5.4071	0.45033
5.4127	0.44938
5.4184	0.44831
5.4241	0.44718
5.4297	0.44582
5.4354	0.44436
5.4411	0.44281
5.4469	0.44119
5.4526	0.43937
5.4583	0.43744
5.4641	0.43532
5.4698	0.43308
5.4756	0.43072
5.4814	0.42831
5.4872	0.42571
5.493	0.42302
5.4988	0.42016
5.5047	0.41721
5.5105	0.41403
5.5164	0.41074
5.5223	0.40728
5.5281	0.40380
5.534	0.40030
5.54	0.39693
5.5459	0.39375
5.5518	0.39085
5.5578	0.38810
5.5637	0.38568
5.5697	0.38346
5.5757	0.38152
5.5817	0.37964
5.5877	0.37785
5.5937	0.37609
5.5998	0.37429
5.6058	0.37226
5.6119	0.37007
5.618	0.36767
5.6241	0.36518
5.6302	0.36259
5.6363	0.36007
5.6424	0.35747
5.6486	0.35487
5.6547	0.35219
5.6609	0.34948
5.6671	0.34667
5.6733	0.34389
5.6795	0.34091
5.6857	0.33782
5.692	0.33455
5.6982	0.33117
5.7045	0.32761
5.7108	0.32393
5.7171	0.31995
5.7234	0.31585
5.7297	0.31155
5.736	0.30726
5.7424	0.30285
5.7488	0.29839
5.7551	0.29371
5.7615	0.28915
5.768	0.28432
5.7744	0.27924
5.7808	0.27406
5.7873	0.26882
5.7937	0.26335
5.8002	0.25774
5.8067	0.25170
5.8132	0.24539
5.8198	0.23862
5.8263	0.23122
5.8328	0.22319
5.8394	0.21471
5.846	0.20549
5.8526	0.19565
5.8592	0.18513
5.8658	0.17393
5.8725	0.16214
5.8791	0.15000
5.8858	0.13714
5.8925	0.12447
5.8992	0.11168
5.9059	0.09947
5.9126	0.08835
5.9194	0.07882
5.9262	0.07177
5.9329	0.06803
5.9397	0.06796
5.9465	0.07144
5.9534	0.07767
5.9602	0.08561
5.9671	0.09441
5.974	0.10329
5.9808	0.11167
5.9878	0.11933
5.9947	0.12594
6.0016	0.13120
6.0086	0.13522
6.0155	0.13787
6.0225	0.13906
6.0295	0.13881
6.0365	0.13736
6.0436	0.13477
6.0506	0.13098
6.0577	0.12603
6.0648	0.12037
6.0719	0.11390
6.079	0.10667
6.0861	0.09898
6.0933	0.09109
6.1005	0.08319
6.1076	0.07567
6.1148	0.06868
6.1221	0.06280
6.1293	0.05843
6.1365	0.05554
6.1438	0.05377
6.1511	0.05261
6.1584	0.05166
6.1657	0.05108
6.1731	0.05144
6.1804	0.05335
6.1878	0.05695
6.1952	0.06200
6.2026	0.06813
6.21	0.07514
6.2175	0.08278
6.225	0.09080
6.2324	0.09902
6.2399	0.10741
6.2475	0.11577
6.255	0.12406
6.2625	0.13210
6.2701	0.13989
6.2777	0.14743
6.2853	0.15465
6.2929	0.16148
6.3006	0.16797
6.3083	0.17403
6.3159	0.17977
6.3236	0.18516
6.3314	0.19021
6.3391	0.19494
6.3469	0.19949
6.3546	0.20358
6.3624	0.20737
6.3703	0.21091
6.3781	0.21411
6.3859	0.21692
6.3938	0.21945
6.4017	0.22165
6.4096	0.22364
6.4176	0.22524
6.4255	0.22646
6.4335	0.22748
6.4415	0.22841
6.4495	0.22915
6.4575	0.22983
6.4656	0.23053
6.4736	0.23120
6.4817	0.23179
6.4898	0.23244
6.498	0.23303
6.5061	0.23356
6.5143	0.23415
6.5225	0.23487
6.5307	0.23565
6.539	0.23657
6.5472	0.23768
6.5555	0.23898
6.5638	0.24040
6.5721	0.24201
6.5804	0.24367
6.5888	0.24534
6.5972	0.24699
6.6056	0.24857
6.614	0.24998
6.6225	0.25114
6.6309	0.25210
6.6394	0.25287
6.6479	0.25328
6.6565	0.25355
6.665	0.25377
6.6736	0.25387
6.6822	0.25381
6.6908	0.25362
6.6995	0.25335
6.7081	0.25307
6.7168	0.25263
6.7255	0.25209
6.7343	0.25150
6.743	0.25082
6.7518	0.25008
6.7606	0.24933
6.7694	0.24851
6.7783	0.24760
6.7871	0.24660
6.796	0.24544
6.805	0.24419
6.8139	0.24321
6.8229	0.24257
6.8319	0.24201
6.8409	0.24125
6.8499	0.24046
6.859	0.23953
6.868	0.23822
6.8772	0.23673
6.8863	0.23559
6.8955	0.23495
6.9046	0.23450
6.9138	0.23390
6.9231	0.23320
6.9323	0.23234
6.9416	0.23151
6.9509	0.23085
6.9602	0.23021
6.9696	0.22924
6.979	0.22813
6.9884	0.22695
6.9978	0.22570
7.0073	0.22440
7.0168	0.22315
7.0263	0.22189
7.0358	0.22066
7.0454	0.21941
7.0549	0.21803
7.0645	0.21652
7.0742	0.21504
7.0839	0.21349
7.0935	0.21180
7.1033	0.21006
7.113	0.20829
7.1228	0.20643
7.1326	0.20452
7.1424	0.20259
7.1522	0.20066
7.1621	0.19872
7.172	0.19668
7.182	0.19458
7.1919	0.19246
7.2019	0.19025
7.2119	0.18798
7.222	0.18562
7.232	0.18316
7.2421	0.18061
7.2523	0.17794
7.2624	0.17524
7.2726	0.17256
7.2828	0.16987
7.2931	0.16711
7.3033	0.16429
7.3136	0.16135
7.324	0.15838
7.3343	0.15532
7.3447	0.15218
7.3551	0.14893
7.3656	0.14564
7.3761	0.14230
7.3866	0.13882
7.3971	0.13532
7.4077	0.13187
7.4183	0.12847
7.4289	0.12511
7.4396	0.12177
7.4502	0.11845
7.461	0.11511
7.4717	0.11184
7.4825	0.10859
7.4933	0.10534
7.5041	0.10207
7.515	0.09893
7.5259	0.09588
7.5369	0.09291
7.5479	0.09006
7.5589	0.08735
7.5699	0.08478
7.581	0.08228
7.592	0.07981
7.6032	0.07743
7.6144	0.07508
7.6255	0.07268
7.6368	0.07016
7.648	0.06759
7.6593	0.06501
7.6707	0.06239
7.682	0.05978
7.6934	0.05717
7.7049	0.05457
7.7163	0.05204
7.7278	0.04961
7.7394	0.04731
7.7509	0.04502
7.7625	0.04287
7.7742	0.04087
7.7858	0.03899
7.7975	0.03718
7.8093	0.03551
7.8211	0.03398
7.8329	0.03259
7.8447	0.03126
7.8566	0.03003
7.8685	0.02895
7.8805	0.02808
7.8925	0.02731
7.9045	0.02671
7.9166	0.02639
7.9287	0.02632
7.9408	0.02640
7.953	0.02670
7.9652	0.02726
7.9775	0.02813
7.9898	0.02923
8.0021	0.03060
8.0145	0.03219
8.0269	0.03416
8.0393	0.03652
8.0518	0.03928
8.0643	0.04236
8.0769	0.04575
8.0895	0.04942
8.1021	0.05350
8.1148	0.05794
8.1275	0.06289
8.1403	0.06837
8.1531	0.07446
8.1659	0.08114
8.1788	0.08845
8.1917	0.09636
8.2047	0.10494
8.2177	0.11426
8.2307	0.12435
8.2438	0.13508
8.257	0.14610
8.2701	0.15705
8.2833	0.16758
8.2966	0.17740
8.3099	0.18599
8.3232	0.19281
8.3366	0.19780
8.35	0.20100
8.3635	0.20236
8.377	0.20209
8.3905	0.20047
8.4042	0.19781
8.4178	0.19447
8.4315	0.19064
8.4452	0.18637
8.459	0.18177
8.4728	0.17723
8.4867	0.17349
8.5006	0.17078
8.5145	0.16898
8.5285	0.16781
8.5426	0.16684
8.5567	0.16562
8.5708	0.16415
8.585	0.16249
8.5993	0.16068
8.6135	0.15892
8.6279	0.15754
8.6423	0.15643
8.6567	0.15538
8.6712	0.15446
8.6857	0.15356
8.7003	0.15257
8.7149	0.15143
8.7295	0.15012
8.7443	0.14860
8.759	0.14682
8.7739	0.14475
8.7887	0.14242
8.8037	0.13997
8.8186	0.13764
8.8337	0.13542
8.8487	0.13327
8.8638	0.13116
8.879	0.12902
8.8943	0.12681
8.9095	0.12446
8.9249	0.12205
8.9403	0.11966
8.9557	0.11718
8.9712	0.11441
8.9868	0.11129
9.0023	0.10770
9.018	0.10378
9.0337	0.09977
9.0495	0.09605
9.0653	0.09294
9.0812	0.09051
9.0971	0.08859
9.1131	0.08716
9.1291	0.08607
9.1452	0.08515
9.1614	0.08454
9.1776	0.08428
9.1939	0.08420
9.2102	0.08412
9.2266	0.08410
9.243	0.08421
9.2595	0.08434
9.2761	0.08453
9.2927	0.08484
9.3094	0.08511
9.3262	0.08547
9.343	0.08599
9.3598	0.08645
9.3768	0.08682
9.3938	0.08720
9.4108	0.08762
9.4279	0.08812
9.4451	0.08842
9.4623	0.08873
9.4796	0.08913
9.497	0.08939
9.5144	0.08966
9.5319	0.08995
9.5494	0.09009
9.567	0.09020
9.5847	0.09042
9.6025	0.09064
9.6203	0.09083
9.6382	0.09101
9.6561	0.09120
9.6742	0.09138
9.6922	0.09149
9.7104	0.09166
9.7286	0.09188
9.7469	0.09201
9.7652	0.09209
9.7837	0.09216
9.8022	0.09219
9.8207	0.09209
9.8394	0.09162
9.8581	0.09102
9.8768	0.09090
9.8957	0.09086
9.9146	0.08988
9.9336	0.08739
9.9527	0.08529
9.9718	0.08693
9.991	0.09041
10.0103	0.09262
10.0297	0.09365
10.0491	0.09416
10.0686	0.09432
10.0882	0.09423
10.1079	0.09435
10.1276	0.09480
10.1475	0.09532
10.1673	0.09581
10.1873	0.09622
10.2074	0.09659
10.2275	0.09687
10.2477	0.09722
10.268	0.09761
10.2884	0.09795
10.3088	0.09842
10.3294	0.09887
10.35	0.09923
10.3707	0.09958
10.3915	0.09996
10.4123	0.10038
10.4333	0.10068
10.4543	0.10089
10.4754	0.10120
10.4967	0.10151
10.5179	0.10181
10.5393	0.10211
10.5608	0.10237
10.5823	0.10263
10.604	0.10295
10.6257	0.10318
10.6475	0.10348
10.6694	0.10388
10.6914	0.10428
10.7135	0.10457
10.7357	0.10484
10.758	0.10510
10.7803	0.10536
10.8028	0.10565
10.8254	0.10594
10.848	0.10617
10.8708	0.10636
10.8936	0.10662
10.9165	0.10680
10.9395	0.10694
10.9627	0.10713
10.9859	0.10736
11.0092	0.10750
11.0327	0.10766
11.0562	0.10792
11.0798	0.10806
11.1035	0.10814
11.1274	0.10836
11.1513	0.10854
11.1753	0.10859
11.1995	0.10868
11.2237	0.10891
11.248	0.10917
11.2725	0.10916
11.2971	0.10907
11.3217	0.10908
11.3465	0.10912
11.3714	0.10910
11.3964	0.10917
11.4215	0.10942
11.4467	0.10976
11.472	0.11017
11.4975	0.11050
11.523	0.11078
11.5487	0.11106
11.5744	0.11127
11.6003	0.11153
11.6263	0.11171
11.6525	0.11184
11.6787	0.11190
11.7051	0.11196
11.7316	0.11208
11.7582	0.11210
11.7849	0.11221
11.8117	0.11227
11.8387	0.11235
11.8658	0.11250
11.893	0.11249
11.9203	0.11241
11.9478	0.11250
11.9754	0.11257
12.0031	0.11252
12.031	0.11244
12.059	0.11230
12.0871	0.11221
12.1153	0.11218
12.1437	0.11204
12.1722	0.11186
12.2008	0.11168
12.2296	0.11147
12.2585	0.11127
12.2876	0.11098
12.3168	0.11077
12.3461	0.11051
12.3755	0.11022
12.4052	0.11006
12.4349	0.10982
12.4648	0.10958
12.4948	0.10935
12.525	0.10913
12.5553	0.10895
12.5858	0.10870
12.6164	0.10845
12.6472	0.10820
12.6781	0.10789
12.7092	0.10767
12.7404	0.10731
12.7718	0.10696
12.8033	0.10668
12.835	0.10640
12.8669	0.10586
12.8989	0.10525
12.9311	0.10466
12.9634	0.10408
12.9959	0.10356
13.0285	0.10292
13.0613	0.10214
13.0943	0.10139
13.1275	0.10051
13.1608	0.09949
13.1943	0.09851
13.228	0.09748
13.2618	0.09632
13.2958	0.09535
13.33	0.09426
13.3643	0.09304
13.3988	0.09195
13.4336	0.09082
13.4685	0.08950
13.5035	0.08815
13.5388	0.08676
13.5742	0.08547
13.6099	0.08409
13.6457	0.08263
13.6817	0.08119
13.7179	0.07990
13.7543	0.07868
13.7908	0.07723
13.8276	0.07570
13.8646	0.07431
13.9018	0.07299
13.9392	0.07177
13.9767	0.07041
14.0145	0.06927
14.0525	0.06845
14.0907	0.06779
14.129	0.06734
14.1676	0.06719
14.2065	0.06745
14.2455	0.06822
14.2847	0.06978
14.3242	0.07216
14.3639	0.07534
14.4038	0.07909
14.4439	0.08326
14.4843	0.08829
14.5248	0.09349
14.5656	0.09852
14.6067	0.10314
14.6479	0.10653
14.6894	0.10798
14.7312	0.10742
14.7731	0.10475
14.8153	0.10059
14.8578	0.09573
14.9005	0.09057
14.9434	0.08533
14.9866	0.08007
15.03	0.07532
15.0737	0.07187
15.1177	0.06982
15.1619	0.06858
15.2063	0.06750
15.2511	0.06627
15.2961	0.06480
15.3413	0.06308
15.3868	0.06097
15.4326	0.05854
15.4787	0.05596
15.525	0.05324
15.5717	0.05040
15.6186	0.04780
15.6658	0.04545
15.7132	0.04346
15.761	0.04151
15.809	0.03967
15.8574	0.03829
15.906	0.03742
15.955	0.03742
16.0042	0.03813
16.0538	0.03917
16.1036	0.04098
16.1538	0.04400
16.2043	0.04795
16.2551	0.05284
16.3062	0.05850
16.3576	0.06403
16.4094	0.06867
16.4615	0.07177
16.5139	0.07320
16.5667	0.07328
16.6198	0.07253
16.6732	0.07097
16.727	0.06920
16.7811	0.06746
16.8356	0.06587
16.8905	0.06419
16.9457	0.06231
17.0012	0.06122
17.0572	0.06091
17.1134	0.06048
17.1701	0.06013
17.2272	0.05997
17.2846	0.05989
17.3424	0.05981
17.4006	0.06003
17.4592	0.06013
17.5182	0.06018
17.5775	0.06066
17.6373	0.06119
17.6975	0.06151
17.7581	0.06194
17.8192	0.06248
17.8806	0.06310
17.9425	0.06381
18.0048	0.06494
18.0675	0.06573
18.1307	0.06636
18.1943	0.06695
18.2584	0.06750
18.3229	0.06834
18.3879	0.06945
18.4533	0.07078
18.5192	0.07175
18.5856	0.07222
18.6524	0.07307
18.7198	0.07406
18.7876	0.07497
18.8559	0.07597
18.9247	0.07687
18.9941	0.07764
19.0639	0.07850
19.1342	0.07924
19.2051	0.07989
19.2765	0.08051
19.3484	0.08088
19.4209	0.08094
19.4939	0.08095
19.5675	0.08156
19.6416	0.08243
19.7163	0.08324
19.7915	0.08414
19.8673	0.08447
19.9438	0.08485
20.0208	0.08549
20.0984	0.08546
20.1766	0.08546
20.2554	0.08531
20.3349	0.08486
20.4149	0.08476
20.4956	0.08523
20.5769	0.08490
20.6589	0.08465
20.7416	0.08494
20.8248	0.08433
20.9088	0.08344
20.9935	0.08359
21.0788	0.08284
21.1648	0.08203
21.2516	0.08166
21.3391	0.08158
21.4272	0.08155
21.5161	0.08077
21.6058	0.08065
21.6962	0.08067
21.7873	0.07993
21.8793	0.07942
21.972	0.07865
22.0655	0.07789
22.1598	0.07750
22.2549	0.07703
22.3508	0.07614
22.4476	0.07532
22.5452	0.07482
22.6436	0.07451
22.7429	0.07421
22.8431	0.07347
22.9442	0.07258
23.0462	0.07187
23.1491	0.07095
23.2529	0.06993
23.3576	0.06913
23.4633	0.06827
23.5699	0.06750
23.6776	0.06757
23.7862	0.06760
23.8958	0.06764
24.0064	0.06793
24.1181	0.06778
24.2308	0.06786
24.3445	0.06808
24.4593	0.06796
24.5753	0.06758
24.6923	0.06700
24.8104	0.06653
24.9297	0.06595
25.0501	0.06601
25.1717	0.06658
25.2945	0.06632
25.4185	0.06599
25.5437	0.06558
25.6702	0.06509
25.7979	0.06443
25.9269	0.06421
26.0572	0.06439
26.1888	0.06489
26.3217	0.06512
26.456	0.06484
26.5917	0.06401
26.7288	0.06326
26.8672	0.06346
27.0072	0.06330
27.1486	0.06323
27.2915	0.06319
27.4359	0.06275
27.5818	0.06295
27.7293	0.06310
27.8784	0.06300
28.0291	0.06246
28.1814	0.06256
28.3354	0.06276
28.4911	0.06182
28.6485	0.06165
28.8077	0.06212
28.9686	0.06246
29.1313	0.06318
29.2959	0.06301
29.4624	0.06269
29.6307	0.06255
29.801	0.06225
29.9733	0.06281
30.1475	0.06350
30.3238	0.06315
30.5022	0.06307
30.6827	0.06388
30.8653	0.06578
31.0502	0.06872
31.2372	0.07007
31.4265	0.07119
31.6182	0.07269
31.8121	0.07461
32.0085	0.07731
32.2073	0.07965
32.4086	0.08027
32.6124	0.08012
32.8188	0.08143
33.0279	0.08242
33.2396	0.08146
33.4541	0.08177
33.6713	0.08142
33.8914	0.08080
34.1143	0.08124
34.3403	0.08156
34.5692	0.08180
34.8012	0.08120
35.0363	0.08018
35.2747	0.08014
35.5163	0.07999
35.7612	0.08134
36.0096	0.08222
36.2614	0.08140
36.5167	0.08194
36.7757	0.08275
37.0384	0.08302
37.3049	0.08456
37.5752	0.08753
37.8495	0.08874
38.1278	0.09054
38.4102	0.09340
38.6968	0.09656
38.9878	0.09991
39.2832	0.10569
39.583	0.11189
39.8875	0.11529
40.1967	0.11818
40.5108	0.11999
40.8297	0.12273
41.1538	0.12669
41.483	0.13156
41.8176	0.13400
42.1575	0.13655
42.5031	0.14065
42.8544	0.14409
43.2115	0.14478
43.5746	0.14626
43.9439	0.15028
44.3195	0.14891
44.7015	0.14993
45.0902	0.15232
45.4858	0.15248
45.8883	0.15418
46.298	0.15464
46.7151	0.15012
47.1398	0.14616
47.5723	0.14902
48.0128	0.14905
48.4615	0.14252
48.9186	0.13834
49.3846	0.13456
49.8594	0.13236
50.3435	0.12786
50.837	0.12752
51.3404	0.13003
51.8538	0.12859
52.3776	0.12635
52.912	0.12684
53.4575	0.12686
54.0144	0.13305
54.5829	0.13445
55.1636	0.12823
55.7568	0.13109
56.3628	0.13728
56.9822	0.13945
57.6153	0.14007
58.2627	0.13878
58.9247	0.14266
59.602	0.14638
60.2951	0.14627
61.0044	0.14723
61.7307	0.14837
62.4744	0.15273
63.2363	0.15413
64.017	0.15788
64.8172	0.16354
65.6377	0.15990
66.4792	0.15584
67.3426	0.16025
68.2286	0.15313
69.1384	0.14733
70.0727	0.14196
71.0326	0.13457
72.0191	0.12282
73.0335	0.11356
74.0768	0.10185
75.1504	0.09435
76.2555	0.10805
77.3937	0.12612
78.5663	0.13996
79.775	0.14454
81.0215	0.15637
82.3076	0.16239
83.6351	0.16178
85.0062	0.15150
86.423	0.14158
87.8878	0.14105
89.403	0.15978
90.9715	0.16930
92.596	0.16212
94.2796	0.16546
96.0255	0.16858
97.8373	0.15133
99.7188	0.15427
