Brown University Keck/NASA Relab Spectrum JB-JLB-813/BKR1JB813
Wavelength(micron)	Reflectance
0.28	0.01802
0.285	0.01272
0.29	0.01158
0.295	0.01098
0.3	0.01073
0.305	0.01071
0.31	0.01072
0.315	0.01090
0.32	0.01107
0.325	0.01130
0.33	0.01142
0.335	0.01161
0.34	0.01176
0.345	0.01195
0.35	0.01215
0.355	0.01240
0.36	0.01274
0.365	0.01315
0.37	0.01366
0.375	0.01427
0.38	0.01503
0.385	0.01589
0.39	0.01717
0.395	0.01833
0.4	0.01971
0.405	0.02105
0.41	0.02250
0.415	0.02409
0.42	0.02605
0.425	0.02802
0.43	0.03046
0.435	0.03320
0.44	0.03573
0.445	0.03859
0.45	0.04133
0.455	0.04377
0.46	0.04616
0.465	0.04822
0.47	0.05055
0.475	0.05302
0.48	0.05579
0.485	0.05898
0.49	0.06266
0.495	0.06684
0.5	0.07157
0.505	0.07672
0.51	0.08193
0.515	0.08800
0.52	0.09456
0.525	0.10177
0.53	0.10947
0.535	0.11741
0.54	0.12564
0.545	0.13396
0.55	0.14243
0.555	0.15172
0.56	0.16113
0.565	0.17085
0.57	0.18080
0.575	0.19120
0.58	0.20172
0.585	0.21335
0.59	0.22470
0.595	0.23681
0.6	0.24839
0.605	0.25973
0.61	0.27099
0.615	0.28112
0.62	0.29005
0.625	0.29867
0.63	0.30605
0.635	0.31419
0.64	0.32124
0.645	0.32824
0.65	0.33577
0.655	0.34455
0.66	0.35430
0.665	0.36638
0.67	0.37797
0.675	0.38898
0.68	0.39751
0.685	0.40714
0.69	0.41450
0.695	0.42303
0.7	0.42932
0.705	0.43592
0.71	0.44202
0.715	0.44848
0.72	0.45284
0.725	0.45882
0.73	0.46303
0.735	0.46738
0.74	0.47102
0.745	0.47398
0.75	0.47672
0.755	0.47859
0.76	0.47904
0.765	0.48116
0.77	0.48143
0.775	0.48167
0.78	0.48133
0.785	0.48108
0.79	0.48005
0.795	0.47908
0.8	0.47666
0.805	0.47552
0.81	0.47258
0.815	0.47177
0.82	0.46938
0.825	0.46763
0.83	0.46596
0.835	0.46377
0.84	0.46179
0.845	0.45952
0.85	0.45819
0.855	0.45574
0.86	0.45526
0.865	0.45328
0.87	0.45189
0.875	0.45015
0.88	0.44940
0.885	0.44862
0.89	0.44661
0.895	0.44595
0.9	0.44550
0.905	0.44559
0.91	0.44519
0.915	0.44394
0.92	0.44358
0.925	0.44376
0.93	0.44400
0.935	0.44349
0.94	0.44431
0.945	0.44361
0.95	0.44448
0.955	0.44472
0.96	0.44533
0.965	0.44632
0.97	0.44682
0.975	0.44848
0.98	0.44891
0.985	0.45025
0.99	0.45201
0.995	0.45297
1	0.45442
1.005	0.45668
1.01	0.45780
1.015	0.46015
1.02	0.46256
1.025	0.46437
1.03	0.46600
1.035	0.46868
1.04	0.47045
1.045	0.47339
1.05	0.47522
1.055	0.47819
1.06	0.48050
1.065	0.48288
1.07	0.48633
1.075	0.48946
1.08	0.49262
1.085	0.49575
1.09	0.49883
1.095	0.50246
1.1	0.50556
1.105	0.50896
1.11	0.51178
1.115	0.51625
1.12	0.52024
1.125	0.52327
1.13	0.52745
1.135	0.53008
1.14	0.53270
1.145	0.53650
1.15	0.54013
1.155	0.54347
1.16	0.54758
1.165	0.55253
1.17	0.55537
1.175	0.55887
1.18	0.56237
1.185	0.56636
1.19	0.56974
1.195	0.57406
1.2	0.57687
1.205	0.58105
1.21	0.58447
1.215	0.58754
1.22	0.59080
1.225	0.59584
1.23	0.59869
1.235	0.60257
1.24	0.60535
1.245	0.60896
1.25	0.61252
1.255	0.61576
1.26	0.61879
1.265	0.62236
1.27	0.62471
1.275	0.62733
1.28	0.63000
1.285	0.63305
1.29	0.63542
1.295	0.63835
1.3	0.64103
1.3005	0.64123
1.3008	0.64144
1.3012	0.64156
1.3015	0.64160
1.3018	0.64176
1.3021	0.64188
1.3025	0.64196
1.3028	0.64213
1.3031	0.64235
1.3034	0.64260
1.3038	0.64276
1.3041	0.64289
1.3044	0.64310
1.3048	0.64318
1.3051	0.64327
1.3054	0.64341
1.3058	0.64356
1.3061	0.64377
1.3064	0.64386
1.3067	0.64392
1.3071	0.64415
1.3074	0.64442
1.3077	0.64468
1.3081	0.64481
1.3084	0.64482
1.3087	0.64487
1.3091	0.64500
1.3094	0.64524
1.3097	0.64541
1.31	0.64553
1.3104	0.64566
1.3107	0.64583
1.311	0.64588
1.3114	0.64594
1.3117	0.64612
1.312	0.64623
1.3124	0.64632
1.3127	0.64654
1.313	0.64678
1.3134	0.64691
1.3137	0.64707
1.314	0.64722
1.3144	0.64739
1.3147	0.64750
1.315	0.64766
1.3154	0.64784
1.3157	0.64795
1.316	0.64809
1.3164	0.64826
1.3167	0.64836
1.317	0.64844
1.3174	0.64850
1.3177	0.64867
1.318	0.64897
1.3184	0.64912
1.3187	0.64919
1.319	0.64921
1.3194	0.64934
1.3197	0.64956
1.3201	0.64963
1.3204	0.64978
1.3207	0.65007
1.3211	0.65019
1.3214	0.65022
1.3217	0.65042
1.3221	0.65061
1.3224	0.65063
1.3227	0.65076
1.3231	0.65092
1.3234	0.65101
1.3238	0.65113
1.3241	0.65131
1.3244	0.65152
1.3248	0.65167
1.3251	0.65179
1.3254	0.65188
1.3258	0.65196
1.3261	0.65211
1.3265	0.65221
1.3268	0.65237
1.3271	0.65250
1.3275	0.65263
1.3278	0.65275
1.3282	0.65290
1.3285	0.65295
1.3288	0.65292
1.3292	0.65307
1.3295	0.65335
1.3299	0.65355
1.3302	0.65359
1.3306	0.65359
1.3309	0.65370
1.3312	0.65387
1.3316	0.65403
1.3319	0.65422
1.3323	0.65436
1.3326	0.65441
1.3329	0.65452
1.3333	0.65469
1.3336	0.65482
1.334	0.65497
1.3343	0.65506
1.3347	0.65511
1.335	0.65535
1.3353	0.65539
1.3357	0.65543
1.336	0.65562
1.3364	0.65570
1.3367	0.65575
1.3371	0.65592
1.3374	0.65606
1.3378	0.65624
1.3381	0.65638
1.3384	0.65640
1.3388	0.65646
1.3391	0.65657
1.3395	0.65658
1.3398	0.65675
1.3402	0.65700
1.3405	0.65713
1.3409	0.65718
1.3412	0.65727
1.3416	0.65731
1.3419	0.65735
1.3423	0.65751
1.3426	0.65766
1.3429	0.65779
1.3433	0.65794
1.3437	0.65802
1.344	0.65807
1.3443	0.65822
1.3447	0.65835
1.345	0.65849
1.3454	0.65862
1.3457	0.65875
1.3461	0.65887
1.3464	0.65893
1.3468	0.65910
1.3471	0.65921
1.3475	0.65928
1.3478	0.65936
1.3482	0.65951
1.3485	0.65970
1.3489	0.65985
1.3492	0.65983
1.3496	0.65987
1.3499	0.66010
1.3503	0.66023
1.3507	0.66029
1.351	0.66034
1.3513	0.66043
1.3517	0.66057
1.3521	0.66068
1.3524	0.66084
1.3528	0.66096
1.3531	0.66097
1.3535	0.66110
1.3538	0.66131
1.3542	0.66143
1.3545	0.66149
1.3549	0.66154
1.3552	0.66160
1.3556	0.66173
1.3559	0.66182
1.3563	0.66197
1.3567	0.66208
1.357	0.66214
1.3574	0.66212
1.3577	0.66228
1.3581	0.66241
1.3584	0.66244
1.3588	0.66251
1.3592	0.66262
1.3595	0.66270
1.3599	0.66275
1.3602	0.66285
1.3606	0.66300
1.3609	0.66305
1.3613	0.66305
1.3617	0.66309
1.362	0.66315
1.3624	0.66318
1.3627	0.66316
1.3631	0.66320
1.3634	0.66326
1.3638	0.66320
1.3642	0.66303
1.3645	0.66288
1.3649	0.66254
1.3652	0.66212
1.3656	0.66158
1.3659	0.66084
1.3663	0.65990
1.3667	0.65887
1.367	0.65792
1.3674	0.65699
1.3678	0.65603
1.3681	0.65537
1.3685	0.65505
1.3688	0.65480
1.3692	0.65465
1.3696	0.65465
1.3699	0.65475
1.3703	0.65485
1.3706	0.65509
1.371	0.65516
1.3714	0.65511
1.3717	0.65522
1.3721	0.65525
1.3725	0.65521
1.3728	0.65514
1.3732	0.65506
1.3736	0.65498
1.3739	0.65490
1.3743	0.65483
1.3746	0.65480
1.375	0.65476
1.3754	0.65473
1.3757	0.65474
1.3761	0.65476
1.3765	0.65471
1.3768	0.65472
1.3772	0.65482
1.3776	0.65500
1.3779	0.65523
1.3783	0.65540
1.3787	0.65550
1.379	0.65558
1.3794	0.65571
1.3798	0.65588
1.3801	0.65598
1.3805	0.65605
1.3809	0.65616
1.3812	0.65629
1.3816	0.65625
1.382	0.65623
1.3823	0.65623
1.3827	0.65602
1.3831	0.65578
1.3834	0.65571
1.3838	0.65554
1.3842	0.65523
1.3846	0.65500
1.3849	0.65475
1.3853	0.65437
1.3857	0.65409
1.386	0.65382
1.3864	0.65348
1.3868	0.65326
1.3872	0.65304
1.3875	0.65266
1.3879	0.65236
1.3883	0.65196
1.3886	0.65152
1.389	0.65116
1.3894	0.65086
1.3898	0.65053
1.3901	0.65027
1.3905	0.65010
1.3909	0.64980
1.3912	0.64964
1.3916	0.64962
1.392	0.64957
1.3924	0.64956
1.3927	0.64952
1.3931	0.64944
1.3935	0.64940
1.3939	0.64937
1.3942	0.64930
1.3946	0.64920
1.395	0.64908
1.3954	0.64892
1.3957	0.64870
1.3961	0.64851
1.3965	0.64833
1.3969	0.64804
1.3972	0.64773
1.3976	0.64746
1.398	0.64725
1.3984	0.64705
1.3988	0.64687
1.3991	0.64663
1.3995	0.64645
1.3999	0.64639
1.4003	0.64639
1.4006	0.64638
1.401	0.64631
1.4014	0.64635
1.4018	0.64639
1.4022	0.64641
1.4025	0.64639
1.4029	0.64653
1.4033	0.64671
1.4037	0.64687
1.4041	0.64701
1.4044	0.64724
1.4048	0.64757
1.4052	0.64777
1.4056	0.64779
1.4059	0.64792
1.4063	0.64818
1.4067	0.64834
1.4071	0.64852
1.4075	0.64869
1.4079	0.64888
1.4083	0.64905
1.4086	0.64922
1.409	0.64945
1.4094	0.64969
1.4098	0.64979
1.4102	0.65003
1.4105	0.65027
1.4109	0.65039
1.4113	0.65051
1.4117	0.65074
1.4121	0.65107
1.4125	0.65128
1.4128	0.65142
1.4132	0.65157
1.4136	0.65185
1.414	0.65213
1.4144	0.65232
1.4148	0.65246
1.4152	0.65266
1.4156	0.65292
1.4159	0.65305
1.4163	0.65321
1.4167	0.65351
1.4171	0.65372
1.4175	0.65396
1.4179	0.65419
1.4183	0.65439
1.4187	0.65461
1.419	0.65487
1.4194	0.65517
1.4198	0.65542
1.4202	0.65559
1.4206	0.65582
1.421	0.65607
1.4214	0.65625
1.4218	0.65649
1.4222	0.65681
1.4225	0.65703
1.4229	0.65720
1.4233	0.65743
1.4237	0.65766
1.4241	0.65786
1.4245	0.65811
1.4249	0.65842
1.4253	0.65874
1.4257	0.65899
1.4261	0.65917
1.4264	0.65933
1.4268	0.65953
1.4272	0.65973
1.4276	0.66004
1.428	0.66024
1.4284	0.66042
1.4288	0.66065
1.4292	0.66077
1.4296	0.66089
1.43	0.66113
1.4304	0.66144
1.4308	0.66178
1.4312	0.66192
1.4316	0.66209
1.432	0.66240
1.4324	0.66262
1.4328	0.66283
1.4332	0.66303
1.4336	0.66321
1.4339	0.66345
1.4343	0.66362
1.4347	0.66376
1.4351	0.66390
1.4355	0.66405
1.4359	0.66432
1.4363	0.66444
1.4367	0.66446
1.4371	0.66479
1.4375	0.66515
1.4379	0.66533
1.4383	0.66551
1.4387	0.66570
1.4391	0.66580
1.4395	0.66593
1.4399	0.66609
1.4403	0.66618
1.4407	0.66634
1.4411	0.66656
1.4415	0.66678
1.4419	0.66695
1.4423	0.66709
1.4427	0.66729
1.4431	0.66747
1.4435	0.66752
1.4439	0.66749
1.4443	0.66772
1.4447	0.66797
1.4451	0.66815
1.4455	0.66829
1.4459	0.66843
1.4463	0.66856
1.4468	0.66866
1.4472	0.66883
1.4476	0.66892
1.448	0.66891
1.4484	0.66903
1.4488	0.66923
1.4492	0.66943
1.4496	0.66956
1.45	0.66971
1.4504	0.66981
1.4508	0.66987
1.4512	0.66999
1.4516	0.67016
1.452	0.67026
1.4524	0.67039
1.4528	0.67055
1.4532	0.67067
1.4537	0.67074
1.4541	0.67083
1.4545	0.67102
1.4549	0.67120
1.4553	0.67137
1.4557	0.67140
1.4561	0.67138
1.4565	0.67146
1.4569	0.67153
1.4573	0.67164
1.4577	0.67179
1.4582	0.67190
1.4586	0.67206
1.459	0.67216
1.4594	0.67222
1.4598	0.67228
1.4602	0.67240
1.4606	0.67259
1.461	0.67273
1.4614	0.67278
1.4618	0.67280
1.4623	0.67288
1.4627	0.67303
1.4631	0.67316
1.4635	0.67313
1.4639	0.67320
1.4643	0.67333
1.4647	0.67350
1.4652	0.67364
1.4656	0.67374
1.466	0.67381
1.4664	0.67386
1.4668	0.67395
1.4672	0.67411
1.4676	0.67418
1.4681	0.67423
1.4685	0.67435
1.4689	0.67448
1.4693	0.67458
1.4697	0.67465
1.4701	0.67472
1.4706	0.67482
1.471	0.67493
1.4714	0.67498
1.4718	0.67500
1.4722	0.67499
1.4726	0.67511
1.4731	0.67525
1.4735	0.67532
1.4739	0.67542
1.4743	0.67555
1.4747	0.67574
1.4752	0.67591
1.4756	0.67589
1.476	0.67596
1.4764	0.67606
1.4768	0.67606
1.4773	0.67614
1.4777	0.67630
1.4781	0.67641
1.4785	0.67645
1.4789	0.67647
1.4794	0.67652
1.4798	0.67669
1.4802	0.67679
1.4806	0.67683
1.4811	0.67689
1.4815	0.67703
1.4819	0.67714
1.4823	0.67717
1.4828	0.67716
1.4832	0.67717
1.4836	0.67725
1.484	0.67738
1.4844	0.67751
1.4849	0.67760
1.4853	0.67766
1.4857	0.67770
1.4862	0.67780
1.4866	0.67791
1.487	0.67799
1.4874	0.67799
1.4879	0.67800
1.4883	0.67812
1.4887	0.67824
1.4891	0.67830
1.4896	0.67843
1.49	0.67851
1.4904	0.67857
1.4908	0.67859
1.4913	0.67862
1.4917	0.67862
1.4921	0.67866
1.4926	0.67879
1.493	0.67891
1.4934	0.67903
1.4939	0.67913
1.4943	0.67906
1.4947	0.67904
1.4952	0.67918
1.4956	0.67929
1.496	0.67940
1.4964	0.67953
1.4969	0.67959
1.4973	0.67958
1.4977	0.67952
1.4982	0.67955
1.4986	0.67962
1.499	0.67970
1.4995	0.67980
1.4999	0.67980
1.5003	0.67982
1.5008	0.67991
1.5012	0.67997
1.5017	0.68003
1.5021	0.68018
1.5025	0.68022
1.5029	0.68021
1.5034	0.68019
1.5038	0.68023
1.5043	0.68037
1.5047	0.68053
1.5051	0.68052
1.5056	0.68052
1.506	0.68061
1.5064	0.68062
1.5069	0.68062
1.5073	0.68072
1.5078	0.68079
1.5082	0.68073
1.5086	0.68075
1.5091	0.68084
1.5095	0.68096
1.5099	0.68104
1.5104	0.68109
1.5108	0.68111
1.5113	0.68108
1.5117	0.68118
1.5122	0.68125
1.5126	0.68126
1.513	0.68123
1.5135	0.68127
1.5139	0.68137
1.5144	0.68149
1.5148	0.68163
1.5153	0.68153
1.5157	0.68150
1.5161	0.68160
1.5166	0.68171
1.517	0.68180
1.5175	0.68175
1.5179	0.68172
1.5184	0.68174
1.5188	0.68178
1.5193	0.68185
1.5197	0.68185
1.5201	0.68185
1.5206	0.68187
1.521	0.68193
1.5215	0.68200
1.5219	0.68205
1.5224	0.68212
1.5228	0.68214
1.5233	0.68213
1.5237	0.68214
1.5242	0.68212
1.5246	0.68219
1.5251	0.68223
1.5255	0.68225
1.5259	0.68235
1.5264	0.68237
1.5268	0.68238
1.5273	0.68239
1.5278	0.68249
1.5282	0.68257
1.5287	0.68250
1.5291	0.68250
1.5296	0.68258
1.53	0.68260
1.5305	0.68256
1.5309	0.68254
1.5314	0.68254
1.5318	0.68258
1.5323	0.68263
1.5327	0.68268
1.5332	0.68268
1.5336	0.68269
1.5341	0.68281
1.5345	0.68287
1.535	0.68296
1.5354	0.68300
1.5359	0.68289
1.5363	0.68272
1.5368	0.68276
1.5373	0.68288
1.5377	0.68295
1.5382	0.68302
1.5386	0.68307
1.5391	0.68306
1.5396	0.68306
1.54	0.68304
1.5405	0.68301
1.5409	0.68311
1.5414	0.68316
1.5418	0.68308
1.5423	0.68312
1.5428	0.68318
1.5432	0.68324
1.5437	0.68324
1.5441	0.68320
1.5446	0.68323
1.5451	0.68324
1.5455	0.68324
1.546	0.68328
1.5464	0.68328
1.5469	0.68329
1.5474	0.68322
1.5478	0.68324
1.5483	0.68335
1.5487	0.68340
1.5492	0.68343
1.5497	0.68348
1.5501	0.68346
1.5506	0.68341
1.5511	0.68350
1.5515	0.68357
1.552	0.68350
1.5524	0.68346
1.5529	0.68353
1.5534	0.68363
1.5538	0.68366
1.5543	0.68362
1.5548	0.68352
1.5553	0.68349
1.5557	0.68358
1.5562	0.68362
1.5567	0.68369
1.5571	0.68365
1.5576	0.68366
1.5581	0.68374
1.5585	0.68376
1.559	0.68370
1.5595	0.68369
1.5599	0.68376
1.5604	0.68374
1.5609	0.68369
1.5613	0.68374
1.5618	0.68377
1.5623	0.68376
1.5628	0.68376
1.5632	0.68382
1.5637	0.68389
1.5642	0.68387
1.5646	0.68385
1.5651	0.68389
1.5656	0.68398
1.5661	0.68393
1.5665	0.68388
1.567	0.68378
1.5675	0.68378
1.5679	0.68384
1.5684	0.68384
1.5689	0.68387
1.5694	0.68395
1.5698	0.68392
1.5703	0.68389
1.5708	0.68386
1.5713	0.68383
1.5718	0.68387
1.5722	0.68389
1.5727	0.68387
1.5732	0.68386
1.5737	0.68384
1.5741	0.68388
1.5746	0.68395
1.5751	0.68394
1.5756	0.68385
1.5761	0.68388
1.5765	0.68389
1.577	0.68384
1.5775	0.68383
1.578	0.68381
1.5784	0.68389
1.5789	0.68393
1.5794	0.68385
1.5799	0.68381
1.5804	0.68380
1.5808	0.68380
1.5813	0.68382
1.5818	0.68385
1.5823	0.68376
1.5828	0.68375
1.5833	0.68390
1.5838	0.68399
1.5842	0.68397
1.5847	0.68390
1.5852	0.68378
1.5857	0.68376
1.5862	0.68377
1.5867	0.68381
1.5872	0.68382
1.5876	0.68380
1.5881	0.68371
1.5886	0.68362
1.5891	0.68364
1.5896	0.68364
1.5901	0.68366
1.5906	0.68370
1.591	0.68366
1.5915	0.68365
1.592	0.68368
1.5925	0.68359
1.593	0.68353
1.5935	0.68359
1.594	0.68362
1.5945	0.68360
1.595	0.68361
1.5954	0.68364
1.5959	0.68366
1.5964	0.68368
1.5969	0.68358
1.5974	0.68353
1.5979	0.68354
1.5984	0.68358
1.5989	0.68358
1.5994	0.68347
1.5999	0.68340
1.6004	0.68344
1.6009	0.68347
1.6014	0.68345
1.6019	0.68342
1.6023	0.68337
1.6028	0.68328
1.6033	0.68329
1.6038	0.68335
1.6043	0.68333
1.6048	0.68326
1.6053	0.68326
1.6058	0.68335
1.6063	0.68337
1.6068	0.68330
1.6073	0.68325
1.6078	0.68320
1.6083	0.68317
1.6088	0.68318
1.6093	0.68317
1.6098	0.68311
1.6103	0.68313
1.6108	0.68311
1.6113	0.68313
1.6118	0.68317
1.6123	0.68316
1.6128	0.68306
1.6133	0.68299
1.6138	0.68302
1.6143	0.68305
1.6148	0.68299
1.6153	0.68291
1.6158	0.68287
1.6163	0.68276
1.6168	0.68275
1.6173	0.68283
1.6178	0.68290
1.6184	0.68290
1.6189	0.68279
1.6194	0.68271
1.6199	0.68267
1.6204	0.68273
1.6209	0.68275
1.6214	0.68266
1.6219	0.68260
1.6224	0.68263
1.6229	0.68259
1.6234	0.68260
1.6239	0.68255
1.6244	0.68246
1.6249	0.68248
1.6255	0.68245
1.626	0.68236
1.6265	0.68233
1.627	0.68239
1.6275	0.68241
1.628	0.68230
1.6285	0.68222
1.629	0.68220
1.6296	0.68219
1.6301	0.68215
1.6306	0.68215
1.6311	0.68215
1.6316	0.68211
1.6321	0.68208
1.6326	0.68206
1.6331	0.68204
1.6337	0.68206
1.6342	0.68204
1.6347	0.68192
1.6352	0.68186
1.6357	0.68190
1.6362	0.68192
1.6368	0.68193
1.6373	0.68180
1.6378	0.68167
1.6383	0.68166
1.6388	0.68172
1.6393	0.68166
1.6398	0.68163
1.6404	0.68158
1.6409	0.68146
1.6414	0.68139
1.6419	0.68134
1.6424	0.68130
1.643	0.68128
1.6435	0.68129
1.644	0.68128
1.6445	0.68123
1.6451	0.68117
1.6456	0.68117
1.6461	0.68116
1.6466	0.68107
1.6472	0.68103
1.6477	0.68103
1.6482	0.68106
1.6487	0.68095
1.6492	0.68088
1.6498	0.68089
1.6503	0.68089
1.6508	0.68084
1.6513	0.68078
1.6519	0.68074
1.6524	0.68068
1.6529	0.68061
1.6534	0.68060
1.654	0.68060
1.6545	0.68055
1.655	0.68044
1.6556	0.68039
1.6561	0.68040
1.6566	0.68039
1.6572	0.68027
1.6577	0.68018
1.6582	0.68012
1.6587	0.68016
1.6593	0.68021
1.6598	0.68019
1.6603	0.68007
1.6609	0.67998
1.6614	0.67999
1.6619	0.67997
1.6625	0.67996
1.663	0.67988
1.6635	0.67976
1.6641	0.67965
1.6646	0.67963
1.6651	0.67975
1.6657	0.67975
1.6662	0.67961
1.6667	0.67951
1.6673	0.67945
1.6678	0.67941
1.6683	0.67939
1.6689	0.67939
1.6694	0.67937
1.67	0.67922
1.6705	0.67910
1.671	0.67909
1.6716	0.67917
1.6721	0.67910
1.6727	0.67895
1.6732	0.67891
1.6737	0.67887
1.6743	0.67877
1.6748	0.67874
1.6754	0.67864
1.6759	0.67856
1.6764	0.67861
1.677	0.67859
1.6775	0.67851
1.6781	0.67839
1.6786	0.67823
1.6792	0.67812
1.6797	0.67808
1.6802	0.67802
1.6808	0.67796
1.6813	0.67791
1.6819	0.67787
1.6824	0.67786
1.683	0.67787
1.6835	0.67786
1.6841	0.67781
1.6846	0.67780
1.6852	0.67774
1.6857	0.67769
1.6863	0.67765
1.6868	0.67758
1.6873	0.67756
1.6879	0.67756
1.6884	0.67749
1.689	0.67740
1.6896	0.67739
1.6901	0.67736
1.6907	0.67725
1.6912	0.67717
1.6918	0.67718
1.6923	0.67711
1.6929	0.67701
1.6934	0.67695
1.694	0.67691
1.6945	0.67681
1.6951	0.67676
1.6956	0.67680
1.6962	0.67679
1.6967	0.67667
1.6973	0.67658
1.6978	0.67661
1.6984	0.67653
1.699	0.67644
1.6995	0.67638
1.7001	0.67637
1.7006	0.67632
1.7012	0.67625
1.7018	0.67615
1.7023	0.67604
1.7029	0.67594
1.7034	0.67590
1.704	0.67595
1.7046	0.67595
1.7051	0.67585
1.7057	0.67570
1.7062	0.67562
1.7068	0.67558
1.7073	0.67551
1.7079	0.67548
1.7085	0.67543
1.709	0.67535
1.7096	0.67526
1.7102	0.67516
1.7107	0.67513
1.7113	0.67511
1.7119	0.67497
1.7124	0.67492
1.713	0.67486
1.7136	0.67471
1.7141	0.67459
1.7147	0.67456
1.7153	0.67458
1.7158	0.67458
1.7164	0.67445
1.717	0.67434
1.7175	0.67426
1.7181	0.67417
1.7187	0.67409
1.7192	0.67404
1.7198	0.67398
1.7204	0.67395
1.7209	0.67392
1.7215	0.67386
1.7221	0.67376
1.7227	0.67372
1.7232	0.67372
1.7238	0.67363
1.7244	0.67354
1.725	0.67347
1.7255	0.67341
1.7261	0.67337
1.7267	0.67333
1.7273	0.67322
1.7278	0.67312
1.7284	0.67307
1.729	0.67299
1.7296	0.67293
1.7301	0.67290
1.7307	0.67293
1.7313	0.67292
1.7319	0.67283
1.7325	0.67271
1.733	0.67264
1.7336	0.67263
1.7342	0.67258
1.7348	0.67246
1.7353	0.67235
1.7359	0.67235
1.7365	0.67239
1.7371	0.67231
1.7377	0.67220
1.7383	0.67213
1.7388	0.67209
1.7394	0.67200
1.74	0.67194
1.7406	0.67191
1.7412	0.67183
1.7418	0.67174
1.7423	0.67175
1.7429	0.67172
1.7435	0.67158
1.7441	0.67148
1.7447	0.67147
1.7453	0.67146
1.7459	0.67136
1.7465	0.67131
1.7471	0.67130
1.7476	0.67114
1.7482	0.67103
1.7488	0.67104
1.7494	0.67094
1.75	0.67090
1.7506	0.67087
1.7512	0.67083
1.7518	0.67084
1.7524	0.67075
1.753	0.67060
1.7536	0.67056
1.7541	0.67052
1.7547	0.67039
1.7553	0.67031
1.7559	0.67025
1.7565	0.67022
1.7571	0.67020
1.7577	0.67013
1.7583	0.67002
1.7589	0.66998
1.7595	0.66989
1.7601	0.66982
1.7607	0.66976
1.7613	0.66968
1.7619	0.66954
1.7625	0.66945
1.7631	0.66946
1.7637	0.66942
1.7643	0.66933
1.7649	0.66928
1.7655	0.66923
1.7661	0.66912
1.7667	0.66895
1.7673	0.66883
1.7679	0.66877
1.7685	0.66875
1.7691	0.66861
1.7697	0.66846
1.7703	0.66849
1.7709	0.66844
1.7715	0.66831
1.7721	0.66821
1.7727	0.66817
1.7733	0.66813
1.7739	0.66815
1.7746	0.66817
1.7752	0.66803
1.7758	0.66791
1.7764	0.66784
1.777	0.66780
1.7776	0.66773
1.7782	0.66768
1.7788	0.66768
1.7794	0.66763
1.78	0.66750
1.7807	0.66739
1.7813	0.66732
1.7819	0.66729
1.7825	0.66722
1.7831	0.66715
1.7837	0.66709
1.7843	0.66700
1.7849	0.66693
1.7856	0.66690
1.7862	0.66686
1.7868	0.66679
1.7874	0.66672
1.788	0.66668
1.7886	0.66660
1.7893	0.66651
1.7899	0.66646
1.7905	0.66638
1.7911	0.66628
1.7917	0.66626
1.7923	0.66619
1.793	0.66610
1.7936	0.66603
1.7942	0.66596
1.7948	0.66588
1.7954	0.66579
1.7961	0.66571
1.7967	0.66566
1.7973	0.66564
1.7979	0.66557
1.7986	0.66539
1.7992	0.66533
1.7998	0.66533
1.8004	0.66520
1.8011	0.66501
1.8017	0.66496
1.8023	0.66493
1.8029	0.66488
1.8036	0.66481
1.8042	0.66466
1.8048	0.66454
1.8054	0.66447
1.8061	0.66441
1.8067	0.66435
1.8073	0.66431
1.808	0.66423
1.8086	0.66418
1.8092	0.66416
1.8099	0.66406
1.8105	0.66404
1.8111	0.66399
1.8118	0.66390
1.8124	0.66383
1.813	0.66377
1.8137	0.66377
1.8143	0.66374
1.8149	0.66362
1.8156	0.66349
1.8162	0.66345
1.8168	0.66339
1.8175	0.66332
1.8181	0.66326
1.8188	0.66313
1.8194	0.66300
1.82	0.66297
1.8207	0.66295
1.8213	0.66286
1.8219	0.66280
1.8226	0.66275
1.8232	0.66265
1.8239	0.66262
1.8245	0.66264
1.8252	0.66254
1.8258	0.66237
1.8264	0.66222
1.8271	0.66216
1.8277	0.66213
1.8284	0.66204
1.829	0.66197
1.8297	0.66192
1.8303	0.66183
1.8309	0.66172
1.8316	0.66159
1.8323	0.66155
1.8329	0.66145
1.8335	0.66139
1.8342	0.66139
1.8348	0.66132
1.8355	0.66118
1.8361	0.66105
1.8368	0.66091
1.8374	0.66092
1.8381	0.66085
1.8388	0.66074
1.8394	0.66074
1.8401	0.66065
1.8407	0.66052
1.8414	0.66043
1.842	0.66031
1.8427	0.66019
1.8433	0.66011
1.844	0.66004
1.8446	0.65995
1.8453	0.65992
1.8459	0.65983
1.8466	0.65970
1.8473	0.65961
1.8479	0.65956
1.8486	0.65940
1.8492	0.65922
1.8499	0.65911
1.8506	0.65897
1.8512	0.65887
1.8519	0.65874
1.8525	0.65863
1.8532	0.65854
1.8539	0.65845
1.8545	0.65827
1.8552	0.65807
1.8559	0.65791
1.8565	0.65784
1.8572	0.65772
1.8578	0.65760
1.8585	0.65753
1.8592	0.65740
1.8598	0.65721
1.8605	0.65704
1.8612	0.65686
1.8619	0.65665
1.8625	0.65649
1.8632	0.65627
1.8639	0.65604
1.8645	0.65583
1.8652	0.65558
1.8659	0.65532
1.8666	0.65508
1.8672	0.65481
1.8679	0.65457
1.8686	0.65434
1.8692	0.65399
1.8699	0.65360
1.8706	0.65326
1.8713	0.65282
1.8719	0.65241
1.8726	0.65207
1.8733	0.65156
1.874	0.65094
1.8747	0.65032
1.8753	0.64980
1.876	0.64920
1.8767	0.64857
1.8774	0.64788
1.878	0.64715
1.8787	0.64643
1.8794	0.64566
1.8801	0.64491
1.8808	0.64417
1.8814	0.64337
1.8821	0.64259
1.8828	0.64176
1.8835	0.64093
1.8842	0.64014
1.8849	0.63937
1.8856	0.63864
1.8862	0.63791
1.8869	0.63718
1.8876	0.63651
1.8883	0.63584
1.889	0.63517
1.8897	0.63454
1.8904	0.63396
1.8911	0.63340
1.8918	0.63283
1.8924	0.63225
1.8931	0.63167
1.8938	0.63116
1.8945	0.63060
1.8952	0.63006
1.8959	0.62958
1.8966	0.62906
1.8973	0.62857
1.898	0.62807
1.8987	0.62757
1.8994	0.62709
1.9001	0.62660
1.9008	0.62618
1.9015	0.62579
1.9022	0.62536
1.9029	0.62497
1.9036	0.62459
1.9043	0.62417
1.9049	0.62383
1.9057	0.62349
1.9063	0.62315
1.9071	0.62281
1.9078	0.62258
1.9085	0.62231
1.9092	0.62197
1.9099	0.62178
1.9106	0.62162
1.9113	0.62139
1.912	0.62110
1.9127	0.62090
1.9134	0.62074
1.9141	0.62053
1.9148	0.62037
1.9155	0.62025
1.9162	0.62022
1.9169	0.62013
1.9176	0.61996
1.9183	0.61986
1.9191	0.61981
1.9198	0.61969
1.9205	0.61959
1.9212	0.61957
1.9219	0.61948
1.9226	0.61944
1.9233	0.61943
1.924	0.61936
1.9248	0.61935
1.9255	0.61936
1.9262	0.61934
1.9269	0.61935
1.9276	0.61931
1.9283	0.61929
1.9291	0.61926
1.9298	0.61927
1.9305	0.61939
1.9312	0.61943
1.9319	0.61940
1.9327	0.61935
1.9334	0.61940
1.9341	0.61954
1.9348	0.61962
1.9355	0.61961
1.9363	0.61965
1.937	0.61966
1.9377	0.61967
1.9384	0.61976
1.9392	0.61982
1.9399	0.61984
1.9406	0.61991
1.9413	0.61989
1.9421	0.61985
1.9428	0.61989
1.9435	0.62000
1.9442	0.62006
1.945	0.62015
1.9457	0.62018
1.9464	0.62020
1.9472	0.62027
1.9479	0.62032
1.9486	0.62038
1.9494	0.62046
1.9501	0.62055
1.9508	0.62055
1.9516	0.62053
1.9523	0.62058
1.953	0.62068
1.9538	0.62074
1.9545	0.62074
1.9552	0.62080
1.956	0.62085
1.9567	0.62091
1.9574	0.62096
1.9582	0.62101
1.9589	0.62105
1.9597	0.62104
1.9604	0.62107
1.9612	0.62116
1.9619	0.62127
1.9626	0.62132
1.9634	0.62132
1.9641	0.62132
1.9649	0.62133
1.9656	0.62137
1.9664	0.62137
1.9671	0.62139
1.9678	0.62148
1.9686	0.62148
1.9693	0.62146
1.9701	0.62150
1.9708	0.62144
1.9716	0.62148
1.9723	0.62154
1.9731	0.62161
1.9738	0.62167
1.9746	0.62174
1.9753	0.62179
1.9761	0.62182
1.9769	0.62180
1.9776	0.62178
1.9784	0.62186
1.9791	0.62189
1.9799	0.62189
1.9806	0.62185
1.9814	0.62185
1.9822	0.62199
1.9829	0.62205
1.9837	0.62208
1.9844	0.62209
1.9852	0.62208
1.9859	0.62210
1.9867	0.62211
1.9875	0.62207
1.9882	0.62207
1.989	0.62219
1.9898	0.62227
1.9905	0.62231
1.9913	0.62232
1.9921	0.62231
1.9928	0.62231
1.9936	0.62232
1.9943	0.62237
1.9951	0.62242
1.9959	0.62248
1.9967	0.62245
1.9974	0.62246
1.9982	0.62251
1.999	0.62260
1.9997	0.62264
2.0005	0.62268
2.0013	0.62266
2.0021	0.62266
2.0028	0.62273
2.0036	0.62276
2.0044	0.62273
2.0052	0.62275
2.0059	0.62279
2.0067	0.62285
2.0075	0.62292
2.0083	0.62300
2.009	0.62302
2.0098	0.62300
2.0106	0.62302
2.0114	0.62305
2.0122	0.62307
2.0129	0.62312
2.0137	0.62316
2.0145	0.62318
2.0153	0.62321
2.0161	0.62327
2.0168	0.62330
2.0176	0.62335
2.0184	0.62343
2.0192	0.62346
2.02	0.62343
2.0208	0.62344
2.0216	0.62347
2.0223	0.62349
2.0231	0.62356
2.0239	0.62354
2.0247	0.62356
2.0255	0.62358
2.0263	0.62363
2.0271	0.62370
2.0279	0.62372
2.0287	0.62375
2.0295	0.62383
2.0303	0.62388
2.0311	0.62388
2.0319	0.62390
2.0327	0.62397
2.0335	0.62398
2.0343	0.62391
2.0351	0.62392
2.0358	0.62392
2.0367	0.62393
2.0374	0.62393
2.0383	0.62395
2.0391	0.62397
2.0399	0.62399
2.0407	0.62394
2.0415	0.62398
2.0423	0.62404
2.0431	0.62407
2.0439	0.62409
2.0447	0.62410
2.0455	0.62406
2.0463	0.62404
2.0471	0.62404
2.0479	0.62410
2.0487	0.62404
2.0495	0.62399
2.0503	0.62395
2.0511	0.62391
2.052	0.62388
2.0528	0.62389
2.0536	0.62389
2.0544	0.62398
2.0552	0.62399
2.056	0.62387
2.0569	0.62383
2.0577	0.62387
2.0585	0.62388
2.0593	0.62388
2.0601	0.62384
2.0609	0.62376
2.0618	0.62371
2.0626	0.62371
2.0634	0.62368
2.0642	0.62360
2.065	0.62363
2.0659	0.62361
2.0667	0.62356
2.0675	0.62351
2.0683	0.62342
2.0692	0.62336
2.07	0.62335
2.0708	0.62327
2.0716	0.62320
2.0725	0.62316
2.0733	0.62317
2.0741	0.62316
2.075	0.62311
2.0758	0.62308
2.0766	0.62301
2.0774	0.62289
2.0783	0.62280
2.0791	0.62275
2.0799	0.62272
2.0808	0.62270
2.0816	0.62259
2.0825	0.62252
2.0833	0.62244
2.0841	0.62240
2.085	0.62235
2.0858	0.62228
2.0866	0.62219
2.0875	0.62210
2.0883	0.62203
2.0892	0.62195
2.09	0.62183
2.0909	0.62171
2.0917	0.62168
2.0926	0.62169
2.0934	0.62173
2.0942	0.62168
2.0951	0.62158
2.0959	0.62144
2.0968	0.62137
2.0976	0.62134
2.0985	0.62124
2.0993	0.62117
2.1002	0.62105
2.101	0.62095
2.1019	0.62090
2.1027	0.62082
2.1036	0.62074
2.1044	0.62073
2.1053	0.62067
2.1061	0.62057
2.107	0.62046
2.1079	0.62040
2.1087	0.62032
2.1096	0.62025
2.1104	0.62016
2.1113	0.62003
2.1121	0.61994
2.113	0.61995
2.1139	0.61988
2.1147	0.61970
2.1156	0.61958
2.1165	0.61950
2.1173	0.61944
2.1182	0.61933
2.1191	0.61917
2.1199	0.61911
2.1208	0.61902
2.1217	0.61890
2.1225	0.61878
2.1234	0.61869
2.1243	0.61859
2.1251	0.61846
2.126	0.61833
2.1269	0.61821
2.1278	0.61805
2.1286	0.61787
2.1295	0.61777
2.1304	0.61763
2.1313	0.61745
2.1321	0.61725
2.133	0.61705
2.1339	0.61687
2.1348	0.61665
2.1356	0.61645
2.1365	0.61628
2.1374	0.61601
2.1383	0.61568
2.1392	0.61536
2.1401	0.61506
2.1409	0.61481
2.1418	0.61460
2.1427	0.61433
2.1436	0.61407
2.1445	0.61388
2.1454	0.61368
2.1463	0.61355
2.1471	0.61344
2.148	0.61328
2.1489	0.61304
2.1498	0.61295
2.1507	0.61289
2.1516	0.61272
2.1525	0.61249
2.1534	0.61234
2.1543	0.61216
2.1552	0.61184
2.1561	0.61152
2.157	0.61127
2.1579	0.61091
2.1588	0.61055
2.1597	0.61023
2.1606	0.60991
2.1615	0.60955
2.1624	0.60919
2.1633	0.60882
2.1642	0.60835
2.1651	0.60781
2.166	0.60726
2.1669	0.60682
2.1678	0.60634
2.1687	0.60570
2.1696	0.60512
2.1705	0.60456
2.1714	0.60398
2.1723	0.60326
2.1732	0.60247
2.1741	0.60171
2.1751	0.60093
2.176	0.60011
2.1769	0.59930
2.1778	0.59850
2.1787	0.59759
2.1796	0.59661
2.1806	0.59565
2.1815	0.59472
2.1824	0.59372
2.1833	0.59273
2.1842	0.59178
2.1851	0.59083
2.1861	0.58990
2.187	0.58895
2.1879	0.58809
2.1888	0.58733
2.1898	0.58668
2.1907	0.58611
2.1916	0.58566
2.1925	0.58531
2.1935	0.58509
2.1944	0.58498
2.1953	0.58496
2.1963	0.58498
2.1972	0.58513
2.1981	0.58539
2.1991	0.58568
2.2	0.58598
2.2009	0.58631
2.2019	0.58668
2.2028	0.58703
2.2037	0.58727
2.2047	0.58747
2.2056	0.58766
2.2065	0.58786
2.2075	0.58800
2.2084	0.58811
2.2094	0.58815
2.2103	0.58815
2.2112	0.58815
2.2122	0.58809
2.2131	0.58796
2.2141	0.58782
2.215	0.58761
2.216	0.58736
2.2169	0.58709
2.2179	0.58682
2.2188	0.58648
2.2198	0.58614
2.2207	0.58577
2.2217	0.58541
2.2226	0.58497
2.2236	0.58458
2.2245	0.58417
2.2255	0.58371
2.2264	0.58327
2.2274	0.58284
2.2284	0.58236
2.2293	0.58198
2.2303	0.58155
2.2312	0.58111
2.2322	0.58069
2.2331	0.58024
2.2341	0.57979
2.2351	0.57936
2.236	0.57891
2.237	0.57854
2.238	0.57819
2.2389	0.57773
2.2399	0.57726
2.2409	0.57685
2.2418	0.57648
2.2428	0.57604
2.2438	0.57565
2.2448	0.57527
2.2457	0.57483
2.2467	0.57446
2.2477	0.57405
2.2486	0.57364
2.2496	0.57323
2.2506	0.57284
2.2516	0.57238
2.2526	0.57196
2.2535	0.57151
2.2545	0.57105
2.2555	0.57065
2.2565	0.57025
2.2574	0.56986
2.2584	0.56935
2.2594	0.56888
2.2604	0.56855
2.2614	0.56821
2.2624	0.56777
2.2634	0.56731
2.2644	0.56693
2.2653	0.56650
2.2663	0.56606
2.2673	0.56573
2.2683	0.56539
2.2693	0.56499
2.2703	0.56463
2.2713	0.56426
2.2723	0.56388
2.2733	0.56351
2.2743	0.56324
2.2753	0.56296
2.2763	0.56258
2.2773	0.56224
2.2783	0.56195
2.2793	0.56163
2.2803	0.56140
2.2813	0.56113
2.2823	0.56087
2.2833	0.56056
2.2843	0.56027
2.2853	0.55997
2.2863	0.55977
2.2873	0.55956
2.2883	0.55932
2.2894	0.55905
2.2904	0.55881
2.2914	0.55855
2.2924	0.55828
2.2934	0.55796
2.2944	0.55764
2.2954	0.55739
2.2964	0.55712
2.2975	0.55689
2.2985	0.55666
2.2995	0.55638
2.3005	0.55621
2.3015	0.55600
2.3026	0.55578
2.3036	0.55559
2.3046	0.55533
2.3056	0.55509
2.3067	0.55490
2.3077	0.55479
2.3087	0.55466
2.3098	0.55443
2.3108	0.55427
2.3118	0.55418
2.3128	0.55404
2.3139	0.55385
2.3149	0.55374
2.3159	0.55369
2.317	0.55363
2.318	0.55341
2.319	0.55319
2.3201	0.55307
2.3211	0.55297
2.3222	0.55282
2.3232	0.55267
2.3242	0.55246
2.3253	0.55230
2.3263	0.55221
2.3274	0.55211
2.3284	0.55189
2.3295	0.55170
2.3305	0.55155
2.3316	0.55138
2.3326	0.55120
2.3337	0.55097
2.3347	0.55066
2.3358	0.55039
2.3368	0.55019
2.3379	0.54999
2.3389	0.54966
2.34	0.54940
2.341	0.54918
2.3421	0.54885
2.3431	0.54851
2.3442	0.54820
2.3453	0.54789
2.3463	0.54758
2.3474	0.54723
2.3485	0.54689
2.3495	0.54657
2.3506	0.54623
2.3516	0.54579
2.3527	0.54543
2.3538	0.54512
2.3549	0.54476
2.3559	0.54429
2.357	0.54388
2.3581	0.54354
2.3591	0.54314
2.3602	0.54276
2.3613	0.54242
2.3624	0.54198
2.3634	0.54157
2.3645	0.54120
2.3656	0.54081
2.3667	0.54037
2.3678	0.54004
2.3688	0.53970
2.3699	0.53931
2.371	0.53890
2.3721	0.53854
2.3732	0.53818
2.3743	0.53775
2.3754	0.53735
2.3764	0.53699
2.3775	0.53658
2.3786	0.53625
2.3797	0.53593
2.3808	0.53562
2.3819	0.53527
2.383	0.53484
2.3841	0.53452
2.3852	0.53421
2.3863	0.53378
2.3874	0.53340
2.3885	0.53311
2.3896	0.53281
2.3907	0.53248
2.3918	0.53206
2.3929	0.53163
2.394	0.53129
2.3951	0.53094
2.3962	0.53054
2.3973	0.53011
2.3984	0.52976
2.3995	0.52948
2.4006	0.52911
2.4018	0.52867
2.4029	0.52832
2.404	0.52799
2.4051	0.52771
2.4062	0.52735
2.4073	0.52688
2.4085	0.52650
2.4096	0.52624
2.4107	0.52590
2.4118	0.52550
2.4129	0.52514
2.4141	0.52481
2.4152	0.52442
2.4163	0.52402
2.4174	0.52360
2.4186	0.52324
2.4197	0.52290
2.4208	0.52250
2.422	0.52207
2.4231	0.52166
2.4242	0.52133
2.4254	0.52098
2.4265	0.52054
2.4276	0.52012
2.4288	0.51972
2.4299	0.51929
2.431	0.51890
2.4322	0.51848
2.4333	0.51800
2.4345	0.51756
2.4356	0.51705
2.4368	0.51657
2.4379	0.51615
2.4391	0.51569
2.4402	0.51516
2.4413	0.51469
2.4425	0.51425
2.4436	0.51380
2.4448	0.51329
2.4459	0.51283
2.4471	0.51232
2.4483	0.51183
2.4494	0.51134
2.4506	0.51086
2.4517	0.51041
2.4529	0.50987
2.4541	0.50933
2.4552	0.50884
2.4564	0.50830
2.4575	0.50779
2.4587	0.50727
2.4599	0.50688
2.461	0.50644
2.4622	0.50588
2.4634	0.50531
2.4646	0.50480
2.4657	0.50429
2.4669	0.50385
2.4681	0.50336
2.4692	0.50283
2.4704	0.50227
2.4716	0.50180
2.4728	0.50135
2.474	0.50081
2.4751	0.50027
2.4763	0.49984
2.4775	0.49933
2.4787	0.49883
2.4799	0.49836
2.4811	0.49787
2.4823	0.49735
2.4834	0.49686
2.4846	0.49644
2.4858	0.49605
2.487	0.49557
2.4882	0.49505
2.4894	0.49457
2.4906	0.49409
2.4918	0.49360
2.493	0.49317
2.4942	0.49272
2.4954	0.49233
2.4966	0.49192
2.4978	0.49152
2.499	0.49104
2.5002	0.49053
2.5014	0.49008
2.5026	0.48966
2.5038	0.48923
2.505	0.48878
2.5062	0.48838
2.5074	0.48795
2.5087	0.48744
2.5099	0.48699
2.5111	0.48653
2.5123	0.48609
2.5135	0.48560
2.5148	0.48508
2.516	0.48458
2.5172	0.48414
2.5184	0.48367
2.5196	0.48329
2.5209	0.48287
2.5221	0.48242
2.5233	0.48200
2.5245	0.48159
2.5258	0.48113
2.527	0.48067
2.5282	0.48017
2.5295	0.47973
2.5307	0.47926
2.5319	0.47877
2.5332	0.47833
2.5344	0.47790
2.5356	0.47744
2.5369	0.47695
2.5381	0.47641
2.5394	0.47591
2.5406	0.47540
2.5419	0.47495
2.5431	0.47449
2.5444	0.47399
2.5456	0.47349
2.5469	0.47302
2.5481	0.47248
2.5494	0.47197
2.5506	0.47152
2.5519	0.47099
2.5531	0.47045
2.5544	0.46989
2.5556	0.46931
2.5569	0.46879
2.5582	0.46823
2.5594	0.46774
2.5607	0.46719
2.562	0.46657
2.5632	0.46593
2.5645	0.46527
2.5658	0.46455
2.567	0.46399
2.5683	0.46345
2.5696	0.46287
2.5709	0.46208
2.5721	0.46149
2.5734	0.46094
2.5747	0.46015
2.576	0.45953
2.5772	0.45892
2.5785	0.45813
2.5798	0.45751
2.5811	0.45690
2.5824	0.45622
2.5837	0.45553
2.5849	0.45465
2.5862	0.45406
2.5875	0.45343
2.5888	0.45260
2.5901	0.45188
2.5914	0.45118
2.5927	0.45062
2.594	0.45019
2.5953	0.44931
2.5966	0.44813
2.5979	0.44741
2.5992	0.44663
2.6005	0.44588
2.6018	0.44515
2.6031	0.44445
2.6044	0.44380
2.6057	0.44304
2.607	0.44195
2.6084	0.44117
2.6097	0.44036
2.611	0.43945
2.6123	0.43854
2.6136	0.43774
2.6149	0.43693
2.6163	0.43628
2.6176	0.43515
2.6189	0.43412
2.6202	0.43326
2.6215	0.43205
2.6229	0.43101
2.6242	0.43012
2.6255	0.42923
2.6269	0.42824
2.6282	0.42707
2.6295	0.42626
2.6309	0.42503
2.6322	0.42366
2.6335	0.42251
2.6349	0.42137
2.6362	0.42019
2.6375	0.41899
2.6389	0.41769
2.6402	0.41644
2.6416	0.41514
2.6429	0.41375
2.6443	0.41230
2.6456	0.41091
2.647	0.40925
2.6483	0.40770
2.6497	0.40603
2.651	0.40438
2.6524	0.40259
2.6537	0.40070
2.6551	0.39869
2.6565	0.39657
2.6578	0.39437
2.6592	0.39209
2.6606	0.38939
2.6619	0.38655
2.6633	0.38341
2.6646	0.37992
2.666	0.37523
2.6674	0.36877
2.6688	0.35903
2.6701	0.34252
2.6715	0.31568
2.6729	0.28837
2.6743	0.26591
2.6756	0.25214
2.677	0.24620
2.6784	0.24543
2.6798	0.24614
2.6812	0.24641
2.6826	0.24539
2.684	0.24303
2.6854	0.23956
2.6867	0.23561
2.6881	0.23139
2.6895	0.22753
2.6909	0.22419
2.6923	0.22169
2.6937	0.21987
2.6951	0.21851
2.6965	0.21737
2.6979	0.21643
2.6993	0.21527
2.7007	0.21361
2.7021	0.21109
2.7036	0.20786
2.705	0.20408
2.7064	0.19987
2.7078	0.19536
2.7092	0.19083
2.7106	0.18631
2.712	0.18164
2.7134	0.17721
2.7149	0.17283
2.7163	0.16829
2.7177	0.16408
2.7191	0.16074
2.7206	0.15796
2.722	0.15526
2.7234	0.15311
2.7249	0.15074
2.7263	0.14820
2.7277	0.14552
2.7292	0.14256
2.7306	0.13938
2.732	0.13621
2.7335	0.13326
2.7349	0.13048
2.7364	0.12786
2.7378	0.12573
2.7393	0.12383
2.7407	0.12202
2.7421	0.12032
2.7436	0.11882
2.7451	0.11747
2.7465	0.11613
2.748	0.11477
2.7494	0.11337
2.7509	0.11190
2.7523	0.11046
2.7538	0.10907
2.7553	0.10778
2.7567	0.10651
2.7582	0.10530
2.7597	0.10403
2.7611	0.10280
2.7626	0.10157
2.7641	0.10023
2.7656	0.09893
2.767	0.09777
2.7685	0.09669
2.77	0.09566
2.7715	0.09459
2.7729	0.09356
2.7744	0.09263
2.7759	0.09169
2.7774	0.09064
2.7789	0.08966
2.7804	0.08872
2.7819	0.08777
2.7834	0.08684
2.7849	0.08598
2.7864	0.08515
2.7879	0.08431
2.7894	0.08346
2.7909	0.08260
2.7924	0.08184
2.7939	0.08110
2.7954	0.08023
2.7969	0.07936
2.7984	0.07865
2.7999	0.07792
2.8014	0.07721
2.8029	0.07648
2.8044	0.07566
2.806	0.07489
2.8075	0.07416
2.809	0.07356
2.8105	0.07296
2.812	0.07223
2.8136	0.07153
2.8151	0.07085
2.8166	0.07017
2.8182	0.06960
2.8197	0.06906
2.8212	0.06849
2.8228	0.06787
2.8243	0.06728
2.8258	0.06678
2.8274	0.06633
2.8289	0.06583
2.8305	0.06535
2.832	0.06488
2.8336	0.06437
2.8351	0.06386
2.8367	0.06341
2.8382	0.06300
2.8398	0.06257
2.8413	0.06211
2.8429	0.06174
2.8444	0.06136
2.846	0.06095
2.8476	0.06063
2.8491	0.06028
2.8507	0.05989
2.8523	0.05955
2.8538	0.05922
2.8554	0.05896
2.857	0.05863
2.8586	0.05828
2.8601	0.05802
2.8617	0.05769
2.8633	0.05740
2.8649	0.05712
2.8664	0.05681
2.868	0.05656
2.8696	0.05640
2.8712	0.05617
2.8728	0.05586
2.8744	0.05559
2.876	0.05540
2.8776	0.05520
2.8792	0.05501
2.8808	0.05485
2.8824	0.05470
2.884	0.05444
2.8856	0.05422
2.8872	0.05408
2.8888	0.05389
2.8904	0.05368
2.892	0.05357
2.8936	0.05345
2.8953	0.05327
2.8969	0.05317
2.8985	0.05304
2.9001	0.05288
2.9017	0.05272
2.9034	0.05260
2.905	0.05251
2.9066	0.05239
2.9083	0.05225
2.9099	0.05209
2.9115	0.05203
2.9131	0.05200
2.9148	0.05189
2.9164	0.05176
2.9181	0.05161
2.9197	0.05148
2.9214	0.05143
2.923	0.05140
2.9246	0.05134
2.9263	0.05123
2.9279	0.05122
2.9296	0.05129
2.9313	0.05117
2.9329	0.05104
2.9346	0.05098
2.9362	0.05092
2.9379	0.05082
2.9396	0.05075
2.9412	0.05082
2.9429	0.05082
2.9446	0.05082
2.9463	0.05076
2.9479	0.05068
2.9496	0.05061
2.9513	0.05060
2.953	0.05058
2.9546	0.05052
2.9563	0.05053
2.958	0.05048
2.9597	0.05044
2.9614	0.05048
2.9631	0.05048
2.9648	0.05043
2.9665	0.05039
2.9682	0.05041
2.9699	0.05046
2.9716	0.05052
2.9733	0.05053
2.975	0.05052
2.9767	0.05045
2.9784	0.05046
2.9801	0.05056
2.9818	0.05056
2.9836	0.05050
2.9853	0.05058
2.987	0.05056
2.9887	0.05050
2.9904	0.05050
2.9921	0.05063
2.9939	0.05065
2.9956	0.05066
2.9973	0.05076
2.9991	0.05081
3.0008	0.05082
3.0026	0.05085
3.0043	0.05087
3.006	0.05085
3.0078	0.05091
3.0095	0.05104
3.0113	0.05099
3.013	0.05096
3.0148	0.05102
3.0165	0.05109
3.0183	0.05113
3.02	0.05121
3.0218	0.05129
3.0236	0.05122
3.0253	0.05114
3.0271	0.05118
3.0289	0.05125
3.0306	0.05136
3.0324	0.05151
3.0342	0.05157
3.0359	0.05148
3.0377	0.05151
3.0395	0.05158
3.0413	0.05165
3.0431	0.05173
3.0449	0.05182
3.0466	0.05185
3.0484	0.05189
3.0502	0.05189
3.052	0.05185
3.0538	0.05191
3.0556	0.05202
3.0574	0.05206
3.0592	0.05205
3.061	0.05216
3.0629	0.05224
3.0647	0.05226
3.0665	0.05229
3.0683	0.05231
3.0701	0.05239
3.0719	0.05252
3.0737	0.05259
3.0756	0.05255
3.0774	0.05260
3.0792	0.05265
3.0811	0.05271
3.0829	0.05277
3.0847	0.05281
3.0866	0.05284
3.0884	0.05292
3.0902	0.05303
3.0921	0.05313
3.0939	0.05319
3.0958	0.05323
3.0976	0.05334
3.0995	0.05351
3.1013	0.05350
3.1032	0.05340
3.105	0.05344
3.1069	0.05365
3.1088	0.05385
3.1106	0.05393
3.1125	0.05393
3.1144	0.05388
3.1162	0.05403
3.1181	0.05424
3.12	0.05436
3.1219	0.05440
3.1237	0.05443
3.1256	0.05460
3.1275	0.05477
3.1294	0.05483
3.1313	0.05488
3.1332	0.05494
3.1351	0.05505
3.137	0.05521
3.1389	0.05535
3.1408	0.05544
3.1427	0.05555
3.1446	0.05570
3.1465	0.05581
3.1484	0.05585
3.1503	0.05589
3.1522	0.05601
3.1541	0.05615
3.1561	0.05627
3.158	0.05638
3.1599	0.05654
3.1618	0.05669
3.1638	0.05684
3.1657	0.05695
3.1676	0.05707
3.1696	0.05720
3.1715	0.05735
3.1734	0.05743
3.1754	0.05753
3.1773	0.05763
3.1793	0.05771
3.1812	0.05777
3.1832	0.05794
3.1851	0.05810
3.1871	0.05826
3.1891	0.05839
3.191	0.05852
3.193	0.05871
3.1949	0.05890
3.1969	0.05893
3.1989	0.05896
3.2009	0.05917
3.2028	0.05934
3.2048	0.05940
3.2068	0.05952
3.2088	0.05961
3.2108	0.05978
3.2128	0.05990
3.2148	0.06001
3.2168	0.06027
3.2187	0.06047
3.2207	0.06055
3.2228	0.06063
3.2248	0.06075
3.2268	0.06093
3.2288	0.06113
3.2308	0.06117
3.2328	0.06129
3.2348	0.06149
3.2368	0.06162
3.2389	0.06178
3.2409	0.06201
3.2429	0.06218
3.2449	0.06227
3.247	0.06244
3.249	0.06256
3.251	0.06270
3.2531	0.06292
3.2551	0.06303
3.2572	0.06304
3.2592	0.06321
3.2613	0.06345
3.2633	0.06362
3.2654	0.06378
3.2674	0.06394
3.2695	0.06408
3.2715	0.06423
3.2736	0.06438
3.2757	0.06451
3.2778	0.06462
3.2798	0.06470
3.2819	0.06489
3.284	0.06513
3.2861	0.06526
3.2881	0.06536
3.2902	0.06556
3.2923	0.06573
3.2944	0.06583
3.2965	0.06599
3.2986	0.06623
3.3007	0.06635
3.3028	0.06646
3.3049	0.06665
3.307	0.06676
3.3091	0.06691
3.3112	0.06715
3.3134	0.06733
3.3155	0.06747
3.3176	0.06760
3.3197	0.06776
3.3218	0.06804
3.324	0.06822
3.3261	0.06834
3.3282	0.06848
3.3304	0.06863
3.3325	0.06870
3.3347	0.06874
3.3368	0.06888
3.3389	0.06909
3.3411	0.06919
3.3433	0.06922
3.3454	0.06924
3.3476	0.06928
3.3497	0.06928
3.3519	0.06936
3.3541	0.06938
3.3562	0.06933
3.3584	0.06926
3.3606	0.06926
3.3628	0.06931
3.3649	0.06924
3.3671	0.06906
3.3693	0.06896
3.3715	0.06903
3.3737	0.06918
3.3759	0.06926
3.3781	0.06927
3.3803	0.06946
3.3825	0.06975
3.3847	0.06995
3.3869	0.07002
3.3891	0.07009
3.3914	0.07020
3.3936	0.07036
3.3958	0.07054
3.398	0.07068
3.4003	0.07085
3.4025	0.07092
3.4047	0.07099
3.407	0.07110
3.4092	0.07116
3.4114	0.07132
3.4137	0.07158
3.4159	0.07177
3.4182	0.07201
3.4204	0.07220
3.4227	0.07236
3.425	0.07265
3.4272	0.07288
3.4295	0.07308
3.4318	0.07347
3.434	0.07364
3.4363	0.07375
3.4386	0.07398
3.4409	0.07426
3.4432	0.07447
3.4454	0.07471
3.4477	0.07507
3.45	0.07545
3.4523	0.07573
3.4546	0.07600
3.4569	0.07626
3.4592	0.07650
3.4615	0.07673
3.4639	0.07695
3.4662	0.07699
3.4685	0.07707
3.4708	0.07727
3.4731	0.07749
3.4755	0.07753
3.4778	0.07746
3.4801	0.07747
3.4825	0.07758
3.4848	0.07772
3.4871	0.07789
3.4895	0.07820
3.4919	0.07859
3.4942	0.07905
3.4966	0.07965
3.4989	0.08015
3.5013	0.08062
3.5036	0.08115
3.506	0.08170
3.5084	0.08211
3.5108	0.08257
3.5131	0.08308
3.5155	0.08358
3.5179	0.08414
3.5203	0.08456
3.5227	0.08494
3.5251	0.08540
3.5275	0.08576
3.5299	0.08624
3.5323	0.08669
3.5347	0.08708
3.5371	0.08748
3.5395	0.08794
3.5419	0.08833
3.5444	0.08861
3.5468	0.08890
3.5492	0.08935
3.5516	0.08986
3.5541	0.09019
3.5565	0.09045
3.5589	0.09074
3.5614	0.09105
3.5638	0.09143
3.5663	0.09186
3.5688	0.09224
3.5712	0.09249
3.5737	0.09269
3.5761	0.09293
3.5786	0.09332
3.5811	0.09366
3.5835	0.09391
3.586	0.09430
3.5885	0.09470
3.591	0.09502
3.5935	0.09534
3.596	0.09565
3.5985	0.09586
3.601	0.09612
3.6035	0.09651
3.606	0.09688
3.6085	0.09706
3.611	0.09728
3.6135	0.09762
3.616	0.09801
3.6186	0.09829
3.6211	0.09853
3.6236	0.09888
3.6261	0.09926
3.6287	0.09946
3.6312	0.09971
3.6338	0.10018
3.6363	0.10058
3.6389	0.10090
3.6414	0.10112
3.644	0.10130
3.6466	0.10154
3.6491	0.10185
3.6517	0.10228
3.6543	0.10265
3.6568	0.10297
3.6594	0.10328
3.662	0.10365
3.6646	0.10405
3.6672	0.10435
3.6698	0.10483
3.6724	0.10511
3.675	0.10528
3.6776	0.10554
3.6802	0.10603
3.6828	0.10658
3.6854	0.10697
3.688	0.10732
3.6907	0.10770
3.6933	0.10804
3.6959	0.10838
3.6986	0.10880
3.7012	0.10911
3.7039	0.10934
3.7065	0.10961
3.7091	0.11013
3.7118	0.11062
3.7145	0.11090
3.7171	0.11134
3.7198	0.11171
3.7225	0.11196
3.7251	0.11230
3.7278	0.11265
3.7305	0.11293
3.7332	0.11333
3.7359	0.11375
3.7386	0.11418
3.7413	0.11466
3.744	0.11500
3.7467	0.11533
3.7494	0.11567
3.7521	0.11596
3.7548	0.11630
3.7575	0.11664
3.7603	0.11711
3.763	0.11763
3.7657	0.11804
3.7684	0.11825
3.7712	0.11850
3.7739	0.11902
3.7767	0.11951
3.7794	0.11980
3.7822	0.12006
3.7849	0.12047
3.7877	0.12086
3.7905	0.12131
3.7933	0.12169
3.796	0.12197
3.7988	0.12237
3.8016	0.12274
3.8044	0.12321
3.8072	0.12359
3.81	0.12387
3.8128	0.12418
3.8156	0.12448
3.8184	0.12481
3.8212	0.12512
3.824	0.12553
3.8269	0.12602
3.8297	0.12633
3.8325	0.12665
3.8353	0.12718
3.8382	0.12760
3.841	0.12776
3.8439	0.12790
3.8467	0.12817
3.8496	0.12855
3.8524	0.12899
3.8553	0.12950
3.8582	0.12996
3.861	0.13028
3.8639	0.13055
3.8668	0.13096
3.8697	0.13136
3.8726	0.13172
3.8755	0.13209
3.8784	0.13239
3.8813	0.13263
3.8842	0.13297
3.8871	0.13333
3.89	0.13367
3.8929	0.13408
3.8959	0.13447
3.8988	0.13469
3.9017	0.13499
3.9047	0.13545
3.9076	0.13595
3.9106	0.13630
3.9135	0.13658
3.9164	0.13685
3.9194	0.13717
3.9224	0.13763
3.9254	0.13795
3.9283	0.13804
3.9313	0.13828
3.9343	0.13862
3.9373	0.13893
3.9403	0.13931
3.9433	0.13970
3.9463	0.14004
3.9493	0.14034
3.9523	0.14056
3.9553	0.14086
3.9583	0.14113
3.9614	0.14143
3.9644	0.14174
3.9674	0.14201
3.9705	0.14227
3.9735	0.14252
3.9766	0.14278
3.9796	0.14307
3.9826	0.14334
3.9857	0.14359
3.9888	0.14382
3.9919	0.14406
3.9949	0.14431
3.998	0.14453
4.0011	0.14477
4.0042	0.14503
4.0073	0.14524
4.0104	0.14543
4.0135	0.14565
4.0166	0.14587
4.0197	0.14607
4.0228	0.14629
4.0259	0.14650
4.0291	0.14668
4.0322	0.14686
4.0353	0.14705
4.0385	0.14726
4.0416	0.14742
4.0448	0.14756
4.0479	0.14770
4.0511	0.14787
4.0543	0.14802
4.0574	0.14819
4.0606	0.14834
4.0638	0.14850
4.067	0.14863
4.0702	0.14876
4.0734	0.14891
4.0766	0.14904
4.0798	0.14915
4.083	0.14926
4.0862	0.14937
4.0894	0.14948
4.0927	0.14958
4.0959	0.14969
4.0991	0.14978
4.1024	0.14989
4.1056	0.14999
4.1089	0.15007
4.1121	0.15014
4.1154	0.15023
4.1187	0.15027
4.122	0.15034
4.1252	0.15039
4.1285	0.15045
4.1318	0.15050
4.1351	0.15055
4.1384	0.15058
4.1417	0.15060
4.145	0.15061
4.1483	0.15062
4.1516	0.15063
4.155	0.15064
4.1583	0.15062
4.1616	0.15058
4.165	0.15055
4.1683	0.15058
4.1717	0.15058
4.175	0.15055
4.1784	0.15050
4.1818	0.15044
4.1852	0.15039
4.1885	0.15033
4.1919	0.15027
4.1953	0.15022
4.1987	0.15013
4.2021	0.15007
4.2055	0.14999
4.2089	0.14987
4.2124	0.14975
4.2158	0.14964
4.2192	0.14952
4.2226	0.14945
4.2261	0.14934
4.2295	0.14926
4.233	0.14917
4.2365	0.14910
4.2399	0.14900
4.2434	0.14890
4.2469	0.14880
4.2503	0.14875
4.2538	0.14871
4.2573	0.14859
4.2608	0.14848
4.2643	0.14836
4.2678	0.14827
4.2713	0.14819
4.2749	0.14809
4.2784	0.14799
4.2819	0.14788
4.2855	0.14775
4.289	0.14762
4.2926	0.14753
4.2961	0.14740
4.2997	0.14727
4.3033	0.14716
4.3068	0.14705
4.3104	0.14693
4.314	0.14680
4.3176	0.14667
4.3212	0.14657
4.3248	0.14647
4.3284	0.14634
4.332	0.14622
4.3356	0.14612
4.3393	0.14598
4.3429	0.14586
4.3465	0.14571
4.3502	0.14556
4.3538	0.14543
4.3575	0.14534
4.3611	0.14524
4.3648	0.14511
4.3685	0.14499
4.3722	0.14486
4.3759	0.14475
4.3796	0.14467
4.3833	0.14456
4.387	0.14441
4.3907	0.14428
4.3944	0.14422
4.3981	0.14413
4.4019	0.14400
4.4056	0.14389
4.4094	0.14381
4.4131	0.14373
4.4169	0.14365
4.4206	0.14355
4.4244	0.14344
4.4282	0.14334
4.432	0.14327
4.4358	0.14317
4.4396	0.14310
4.4434	0.14303
4.4472	0.14297
4.451	0.14289
4.4548	0.14282
4.4586	0.14275
4.4625	0.14273
4.4663	0.14269
4.4702	0.14263
4.474	0.14255
4.4779	0.14250
4.4818	0.14246
4.4856	0.14242
4.4895	0.14238
4.4934	0.14233
4.4973	0.14228
4.5012	0.14227
4.5051	0.14225
4.509	0.14221
4.513	0.14220
4.5169	0.14222
4.5209	0.14219
4.5248	0.14215
4.5287	0.14210
4.5327	0.14211
4.5367	0.14213
4.5406	0.14210
4.5446	0.14207
4.5486	0.14209
4.5526	0.14206
4.5566	0.14203
4.5606	0.14203
4.5646	0.14206
4.5686	0.14206
4.5727	0.14203
4.5767	0.14198
4.5808	0.14196
4.5848	0.14195
4.5889	0.14196
4.5929	0.14194
4.597	0.14192
4.6011	0.14189
4.6052	0.14186
4.6093	0.14183
4.6134	0.14185
4.6175	0.14188
4.6216	0.14187
4.6257	0.14183
4.6298	0.14180
4.634	0.14176
4.6381	0.14176
4.6423	0.14177
4.6464	0.14177
4.6506	0.14174
4.6548	0.14171
4.659	0.14169
4.6631	0.14168
4.6673	0.14166
4.6715	0.14166
4.6758	0.14163
4.68	0.14159
4.6842	0.14155
4.6884	0.14153
4.6927	0.14152
4.6969	0.14153
4.7012	0.14149
4.7055	0.14146
4.7097	0.14145
4.714	0.14145
4.7183	0.14142
4.7226	0.14136
4.7269	0.14130
4.7312	0.14128
4.7355	0.14122
4.7399	0.14117
4.7442	0.14113
4.7485	0.14110
4.7529	0.14104
4.7573	0.14099
4.7616	0.14090
4.766	0.14083
4.7704	0.14077
4.7748	0.14070
4.7792	0.14062
4.7836	0.14053
4.788	0.14044
4.7924	0.14035
4.7969	0.14024
4.8013	0.14014
4.8058	0.14004
4.8102	0.13996
4.8147	0.13984
4.8191	0.13970
4.8236	0.13957
4.8281	0.13946
4.8326	0.13932
4.8371	0.13920
4.8416	0.13908
4.8462	0.13897
4.8507	0.13883
4.8553	0.13867
4.8598	0.13854
4.8644	0.13842
4.8689	0.13826
4.8735	0.13811
4.8781	0.13794
4.8827	0.13779
4.8873	0.13765
4.8919	0.13750
4.8965	0.13735
4.9011	0.13716
4.9058	0.13699
4.9104	0.13684
4.9151	0.13667
4.9197	0.13652
4.9244	0.13636
4.9291	0.13621
4.9338	0.13603
4.9385	0.13585
4.9432	0.13567
4.9479	0.13552
4.9526	0.13534
4.9574	0.13516
4.9621	0.13496
4.9669	0.13480
4.9716	0.13465
4.9764	0.13446
4.9812	0.13426
4.986	0.13411
4.9908	0.13395
4.9956	0.13376
5.0004	0.13355
5.0052	0.13337
5.01	0.13317
5.0149	0.13299
5.0198	0.13283
5.0246	0.13266
5.0295	0.13246
5.0344	0.13227
5.0393	0.13207
5.0442	0.13193
5.0491	0.13175
5.054	0.13157
5.0589	0.13137
5.0639	0.13120
5.0688	0.13098
5.0738	0.13081
5.0788	0.13065
5.0837	0.13050
5.0887	0.13031
5.0937	0.13012
5.0987	0.12996
5.1037	0.12980
5.1088	0.12965
5.1138	0.12952
5.1189	0.12936
5.1239	0.12921
5.129	0.12906
5.1341	0.12893
5.1391	0.12881
5.1443	0.12868
5.1494	0.12855
5.1545	0.12841
5.1596	0.12824
5.1647	0.12812
5.1699	0.12801
5.175	0.12790
5.1802	0.12779
5.1854	0.12770
5.1906	0.12758
5.1958	0.12748
5.201	0.12737
5.2062	0.12725
5.2115	0.12716
5.2167	0.12705
5.222	0.12693
5.2272	0.12688
5.2325	0.12680
5.2378	0.12671
5.2431	0.12659
5.2484	0.12649
5.2537	0.12638
5.259	0.12627
5.2644	0.12619
5.2697	0.12614
5.2751	0.12604
5.2805	0.12595
5.2858	0.12586
5.2912	0.12579
5.2966	0.12567
5.302	0.12556
5.3075	0.12548
5.3129	0.12540
5.3184	0.12529
5.3238	0.12522
5.3293	0.12514
5.3348	0.12508
5.3403	0.12499
5.3458	0.12492
5.3513	0.12487
5.3568	0.12479
5.3624	0.12470
5.3679	0.12463
5.3735	0.12455
5.379	0.12449
5.3846	0.12440
5.3902	0.12435
5.3958	0.12428
5.4015	0.12423
5.4071	0.12414
5.4127	0.12405
5.4184	0.12402
5.4241	0.12395
5.4297	0.12375
5.4354	0.12366
5.4411	0.12360
5.4469	0.12354
5.4526	0.12342
5.4583	0.12333
5.4641	0.12326
5.4698	0.12313
5.4756	0.12300
5.4814	0.12293
5.4872	0.12277
5.493	0.12266
5.4988	0.12251
5.5047	0.12238
5.5105	0.12223
5.5164	0.12212
5.5223	0.12199
5.5281	0.12187
5.534	0.12168
5.54	0.12151
5.5459	0.12139
5.5518	0.12128
5.5578	0.12108
5.5637	0.12091
5.5697	0.12075
5.5757	0.12065
5.5817	0.12044
5.5877	0.12020
5.5937	0.11996
5.5998	0.11979
5.6058	0.11958
5.6119	0.11938
5.618	0.11915
5.6241	0.11895
5.6302	0.11874
5.6363	0.11861
5.6424	0.11844
5.6486	0.11814
5.6547	0.11788
5.6609	0.11768
5.6671	0.11744
5.6733	0.11728
5.6795	0.11707
5.6857	0.11687
5.692	0.11666
5.6982	0.11642
5.7045	0.11621
5.7108	0.11610
5.7171	0.11588
5.7234	0.11562
5.7297	0.11528
5.736	0.11499
5.7424	0.11465
5.7488	0.11428
5.7551	0.11381
5.7615	0.11351
5.768	0.11307
5.7744	0.11240
5.7808	0.11173
5.7873	0.11113
5.7937	0.11047
5.8002	0.10984
5.8067	0.10911
5.8132	0.10844
5.8197	0.10773
5.8263	0.10685
5.8328	0.10583
5.8394	0.10484
5.846	0.10376
5.8526	0.10272
5.8592	0.10164
5.8658	0.10049
5.8725	0.09925
5.8791	0.09813
5.8858	0.09665
5.8925	0.09522
5.8992	0.09367
5.9059	0.09198
5.9126	0.09035
5.9194	0.08869
5.9262	0.08702
5.9329	0.08549
5.9397	0.08370
5.9465	0.08188
5.9534	0.08013
5.9602	0.07843
5.9671	0.07679
5.974	0.07511
5.9808	0.07342
5.9878	0.07189
5.9947	0.07029
6.0016	0.06877
6.0086	0.06729
6.0155	0.06591
6.0225	0.06454
6.0295	0.06327
6.0365	0.06206
6.0436	0.06109
6.0506	0.06005
6.0577	0.05896
6.0648	0.05806
6.0719	0.05733
6.079	0.05659
6.0861	0.05596
6.0933	0.05548
6.1005	0.05519
6.1076	0.05502
6.1148	0.05500
6.1221	0.05499
6.1293	0.05511
6.1365	0.05532
6.1438	0.05563
6.1511	0.05596
6.1584	0.05639
6.1657	0.05674
6.1731	0.05707
6.1804	0.05745
6.1878	0.05779
6.1952	0.05795
6.2026	0.05812
6.21	0.05822
6.2175	0.05825
6.225	0.05827
6.2324	0.05828
6.2399	0.05819
6.2475	0.05808
6.255	0.05792
6.2625	0.05771
6.2701	0.05736
6.2777	0.05691
6.2853	0.05637
6.2929	0.05577
6.3006	0.05506
6.3083	0.05431
6.3159	0.05353
6.3236	0.05276
6.3314	0.05197
6.3391	0.05124
6.3469	0.05038
6.3546	0.04944
6.3624	0.04852
6.3703	0.04762
6.3781	0.04673
6.3859	0.04599
6.3938	0.04545
6.4017	0.04518
6.4096	0.04514
6.4176	0.04516
6.4255	0.04508
6.4335	0.04505
6.4415	0.04495
6.4495	0.04481
6.4575	0.04460
6.4656	0.04440
6.4736	0.04421
6.4817	0.04409
6.4898	0.04398
6.498	0.04383
6.5061	0.04369
6.5143	0.04368
6.5225	0.04371
6.5307	0.04373
6.5389	0.04374
6.5472	0.04375
6.5555	0.04371
6.5638	0.04368
6.5721	0.04368
6.5804	0.04364
6.5888	0.04358
6.5972	0.04351
6.6056	0.04341
6.614	0.04335
6.6225	0.04327
6.6309	0.04325
6.6394	0.04321
6.6479	0.04308
6.6565	0.04299
6.665	0.04299
6.6736	0.04300
6.6822	0.04301
6.6908	0.04296
6.6995	0.04294
6.7081	0.04297
6.7168	0.04299
6.7255	0.04299
6.7343	0.04300
6.743	0.04304
6.7518	0.04315
6.7606	0.04330
6.7694	0.04345
6.7783	0.04357
6.7871	0.04373
6.796	0.04390
6.805	0.04406
6.8139	0.04424
6.8229	0.04440
6.8319	0.04448
6.8409	0.04450
6.8499	0.04449
6.859	0.04439
6.868	0.04404
6.8772	0.04350
6.8863	0.04276
6.8955	0.04185
6.9046	0.04084
6.9138	0.03982
6.9231	0.03893
6.9323	0.03828
6.9416	0.03787
6.9509	0.03767
6.9602	0.03760
6.9696	0.03761
6.979	0.03771
6.9884	0.03790
6.9978	0.03818
7.0073	0.03845
7.0168	0.03868
7.0263	0.03892
7.0358	0.03914
7.0454	0.03941
7.0549	0.03960
7.0645	0.03975
7.0742	0.03987
7.0839	0.03996
7.0935	0.04002
7.1033	0.04010
7.113	0.04018
7.1228	0.04025
7.1326	0.04030
7.1424	0.04040
7.1522	0.04047
7.1621	0.04053
7.172	0.04054
7.182	0.04052
7.1919	0.04049
7.2019	0.04041
7.2119	0.04018
7.222	0.03983
7.232	0.03944
7.2421	0.03906
7.2523	0.03889
7.2624	0.03913
7.2726	0.03968
7.2828	0.04014
7.2931	0.04036
7.3033	0.04043
7.3136	0.04041
7.324	0.04036
7.3343	0.04029
7.3447	0.04025
7.3551	0.04026
7.3656	0.04040
7.3761	0.04062
7.3866	0.04094
7.3971	0.04136
7.4077	0.04203
7.4183	0.04305
7.4289	0.04417
7.4396	0.04518
7.4503	0.04605
7.461	0.04688
7.4717	0.04770
7.4825	0.04848
7.4933	0.04926
7.5041	0.05000
7.515	0.05075
7.5259	0.05149
7.5369	0.05221
7.5479	0.05289
7.5589	0.05355
7.5699	0.05423
7.581	0.05492
7.592	0.05563
7.6032	0.05638
7.6144	0.05714
7.6255	0.05794
7.6368	0.05880
7.648	0.05963
7.6593	0.06040
7.6707	0.06117
7.682	0.06198
7.6934	0.06276
7.7049	0.06349
7.7163	0.06415
7.7278	0.06473
7.7394	0.06527
7.7509	0.06579
7.7625	0.06625
7.7742	0.06663
7.7858	0.06692
7.7975	0.06715
7.8093	0.06736
7.8211	0.06760
7.8329	0.06776
7.8447	0.06785
7.8566	0.06788
7.8685	0.06784
7.8805	0.06771
7.8925	0.06751
7.9045	0.06719
7.9166	0.06685
7.9287	0.06648
7.9408	0.06610
7.953	0.06569
7.9652	0.06525
7.9775	0.06475
7.9898	0.06424
8.0021	0.06369
8.0145	0.06311
8.0269	0.06250
8.0393	0.06191
8.0518	0.06127
8.0643	0.06062
8.0769	0.05994
8.0895	0.05921
8.1021	0.05850
8.1148	0.05778
8.1275	0.05703
8.1403	0.05626
8.1531	0.05548
8.1659	0.05466
8.1788	0.05380
8.1917	0.05291
8.2047	0.05203
8.2177	0.05109
8.2307	0.05005
8.2438	0.04898
8.257	0.04791
8.2701	0.04680
8.2833	0.04565
8.2966	0.04453
8.3099	0.04351
8.3232	0.04247
8.3366	0.04140
8.35	0.04034
8.3635	0.03930
8.377	0.03825
8.3905	0.03720
8.4042	0.03612
8.4178	0.03500
8.4315	0.03387
8.4452	0.03280
8.459	0.03172
8.4728	0.03062
8.4867	0.02956
8.5006	0.02856
8.5145	0.02759
8.5285	0.02666
8.5426	0.02577
8.5567	0.02496
8.5708	0.02410
8.585	0.02329
8.5993	0.02248
8.6135	0.02167
8.6279	0.02089
8.6423	0.02019
8.6567	0.01947
8.6712	0.01882
8.6857	0.01822
8.7003	0.01767
8.7149	0.01709
8.7295	0.01652
8.7443	0.01603
8.759	0.01560
8.7739	0.01508
8.7887	0.01460
8.8037	0.01416
8.8186	0.01372
8.8337	0.01331
8.8487	0.01299
8.8638	0.01266
8.879	0.01238
8.8943	0.01213
8.9095	0.01187
8.9249	0.01162
8.9403	0.01139
8.9557	0.01118
8.9712	0.01097
8.9868	0.01075
9.0023	0.01056
9.018	0.01035
9.0337	0.01017
9.0495	0.01000
9.0653	0.00988
9.0812	0.00969
9.0971	0.00948
9.1131	0.00938
9.1291	0.00928
9.1452	0.00907
9.1614	0.00892
9.1776	0.00881
9.1939	0.00870
9.2102	0.00860
9.2266	0.00857
9.243	0.00851
9.2595	0.00845
9.2761	0.00840
9.2927	0.00837
9.3094	0.00833
9.3262	0.00830
9.343	0.00830
9.3598	0.00832
9.3768	0.00830
9.3937	0.00826
9.4108	0.00823
9.4279	0.00824
9.4451	0.00823
9.4623	0.00820
9.4796	0.00817
9.497	0.00816
9.5144	0.00806
9.5319	0.00798
9.5494	0.00797
9.5671	0.00794
9.5847	0.00784
9.6025	0.00784
9.6203	0.00793
9.6382	0.00795
9.6561	0.00790
9.6742	0.00794
9.6922	0.00790
9.7104	0.00782
9.7286	0.00786
9.7469	0.00792
9.7652	0.00794
9.7837	0.00794
9.8022	0.00787
9.8207	0.00789
9.8394	0.00796
9.8581	0.00798
9.8768	0.00791
9.8957	0.00794
9.9146	0.00801
9.9336	0.00804
9.9527	0.00802
9.9718	0.00802
9.991	0.00808
10.0103	0.00815
10.0297	0.00817
10.0491	0.00820
10.0686	0.00824
10.0882	0.00833
10.1079	0.00840
10.1276	0.00842
10.1474	0.00845
10.1673	0.00854
10.1873	0.00871
10.2074	0.00885
10.2275	0.00894
10.2477	0.00909
10.268	0.00919
10.2884	0.00927
10.3088	0.00936
10.3294	0.00947
10.35	0.00957
10.3707	0.00964
10.3915	0.00971
10.4123	0.00979
10.4333	0.00991
10.4543	0.01001
10.4755	0.01009
10.4967	0.01017
10.518	0.01026
10.5393	0.01039
10.5608	0.01041
10.5823	0.01046
10.604	0.01055
10.6257	0.01053
10.6475	0.01049
10.6694	0.01056
10.6914	0.01059
10.7135	0.01062
10.7357	0.01071
10.758	0.01078
10.7803	0.01084
10.8028	0.01090
10.8254	0.01086
10.848	0.01081
10.8708	0.01079
10.8936	0.01084
10.9165	0.01090
10.9395	0.01090
10.9627	0.01091
10.9859	0.01094
11.0092	0.01093
11.0327	0.01097
11.0562	0.01095
11.0798	0.01090
11.1035	0.01086
11.1274	0.01091
11.1513	0.01096
11.1753	0.01103
11.1995	0.01113
11.2237	0.01121
11.248	0.01125
11.2725	0.01133
11.2971	0.01141
11.3217	0.01146
11.3465	0.01148
11.3714	0.01151
11.3964	0.01155
11.4215	0.01168
11.4467	0.01173
11.472	0.01177
11.4975	0.01177
11.523	0.01176
11.5487	0.01176
11.5744	0.01175
11.6003	0.01175
11.6263	0.01175
11.6525	0.01174
11.6787	0.01171
11.7051	0.01168
11.7316	0.01164
11.7582	0.01167
11.7849	0.01169
11.8117	0.01167
11.8387	0.01164
11.8658	0.01156
11.893	0.01157
11.9203	0.01155
11.9478	0.01148
11.9754	0.01142
12.0031	0.01143
12.031	0.01148
12.059	0.01150
12.0871	0.01151
12.1153	0.01142
12.1437	0.01132
12.1722	0.01135
12.2008	0.01132
12.2296	0.01120
12.2585	0.01118
12.2876	0.01123
12.3168	0.01112
12.3461	0.01101
12.3755	0.01101
12.4052	0.01103
12.4349	0.01092
12.4648	0.01072
12.4948	0.01057
12.525	0.01047
12.5553	0.01029
12.5858	0.01007
12.6164	0.00987
12.6472	0.00973
12.6781	0.00961
12.7092	0.00949
12.7404	0.00933
12.7718	0.00913
12.8033	0.00894
12.835	0.00878
12.8669	0.00857
12.8989	0.00833
12.931	0.00815
12.9634	0.00808
12.9959	0.00793
13.0285	0.00782
13.0613	0.00767
13.0943	0.00742
13.1275	0.00725
13.1608	0.00715
13.1943	0.00700
13.228	0.00687
13.2618	0.00668
13.2958	0.00658
13.33	0.00658
13.3643	0.00646
13.3989	0.00629
13.4336	0.00621
13.4685	0.00615
13.5035	0.00614
13.5388	0.00607
13.5742	0.00603
13.6099	0.00592
13.6457	0.00590
13.6817	0.00596
13.7179	0.00599
13.7543	0.00588
13.7908	0.00574
13.8276	0.00571
13.8646	0.00576
13.9018	0.00585
13.9391	0.00596
13.9767	0.00593
14.0145	0.00599
14.0525	0.00603
14.0907	0.00608
14.129	0.00621
14.1677	0.00631
14.2065	0.00631
14.2455	0.00636
14.2847	0.00644
14.3242	0.00659
14.3639	0.00672
14.4038	0.00681
14.4439	0.00672
14.4842	0.00673
14.5248	0.00672
14.5656	0.00658
14.6066	0.00647
14.6479	0.00659
14.6894	0.00666
14.7312	0.00659
14.7731	0.00635
14.8153	0.00641
14.8578	0.00645
14.9005	0.00652
14.9434	0.00652
14.9866	0.00655
15.03	0.00676
15.0737	0.00709
15.1177	0.00724
15.1619	0.00740
15.2063	0.00763
15.2511	0.00780
15.2961	0.00796
15.3413	0.00821
15.3868	0.00846
15.4326	0.00858
15.4787	0.00867
15.525	0.00885
15.5717	0.00884
15.6186	0.00875
15.6658	0.00870
15.7132	0.00866
15.761	0.00858
15.809	0.00846
15.8574	0.00838
15.906	0.00835
15.955	0.00821
16.0042	0.00827
16.0538	0.00834
16.1036	0.00840
16.1538	0.00844
16.2043	0.00858
16.2551	0.00874
16.3062	0.00898
16.3576	0.00902
16.4094	0.00905
16.4615	0.00907
16.5139	0.00917
16.5667	0.00948
16.6198	0.00964
16.6732	0.00955
16.727	0.00959
16.7811	0.00978
16.8356	0.00977
16.8905	0.00985
16.9457	0.01012
17.0012	0.01016
17.0571	0.01020
17.1134	0.01021
17.1701	0.01041
17.2272	0.01067
17.2846	0.01069
17.3424	0.01062
17.4006	0.01060
17.4592	0.01066
17.5182	0.01090
17.5775	0.01109
17.6373	0.01133
17.6975	0.01143
17.7581	0.01156
17.8192	0.01164
17.8806	0.01169
17.9425	0.01193
18.0048	0.01230
18.0675	0.01253
18.1307	0.01276
18.1943	0.01294
18.2583	0.01308
18.3229	0.01318
18.3879	0.01349
18.4533	0.01378
18.5192	0.01379
18.5856	0.01386
18.6524	0.01397
18.7198	0.01393
18.7876	0.01387
18.8559	0.01384
18.9248	0.01379
18.9941	0.01375
19.0639	0.01396
19.1343	0.01420
19.2051	0.01417
19.2765	0.01426
19.3484	0.01447
19.4209	0.01482
19.4939	0.01475
19.5675	0.01445
19.6416	0.01480
19.7163	0.01503
19.7915	0.01524
19.8674	0.01517
19.9438	0.01505
20.0208	0.01529
20.0984	0.01523
20.1766	0.01490
20.2554	0.01518
20.3348	0.01549
20.4149	0.01566
20.4956	0.01576
20.5769	0.01579
20.6589	0.01614
20.7416	0.01623
20.8248	0.01632
20.9088	0.01639
20.9935	0.01590
21.0788	0.01594
21.1648	0.01647
21.2516	0.01653
21.339	0.01658
21.4272	0.01669
21.5161	0.01652
21.6058	0.01642
21.6962	0.01647
21.7873	0.01620
21.8793	0.01622
21.972	0.01636
22.0655	0.01655
22.1598	0.01698
22.2549	0.01728
22.3508	0.01735
22.4476	0.01698
22.5452	0.01690
22.6436	0.01741
22.7429	0.01752
22.8431	0.01716
22.9442	0.01742
23.0462	0.01762
23.149	0.01748
23.2528	0.01788
23.3576	0.01834
23.4633	0.01854
23.5699	0.01865
23.6776	0.01815
23.7862	0.01811
23.8958	0.01846
24.0064	0.01880
24.1181	0.01887
24.2308	0.01884
24.3445	0.01852
24.4594	0.01865
24.5753	0.01888
24.6923	0.01882
24.8104	0.01842
24.9297	0.01852
25.0501	0.01894
25.1717	0.01940
25.2945	0.01944
25.4185	0.01929
25.5437	0.01946
25.6702	0.01922
25.7979	0.01945
25.9269	0.01981
26.0572	0.02016
26.1888	0.02021
26.3217	0.01995
26.456	0.01989
26.5917	0.01982
26.7288	0.01965
26.8672	0.01945
27.0072	0.01955
27.1486	0.01937
27.2915	0.01961
27.4359	0.02022
27.5818	0.02033
27.7293	0.01998
27.8784	0.02080
28.0291	0.02127
28.1814	0.02108
28.3354	0.02107
28.4911	0.02044
28.6485	0.02002
28.8077	0.01970
28.9686	0.01988
29.1313	0.02077
29.2959	0.02165
29.4624	0.02248
29.6307	0.02241
29.801	0.02164
29.9733	0.02159
30.1475	0.02253
30.3238	0.02298
30.5022	0.02270
30.6827	0.02256
30.8653	0.02288
31.0502	0.02295
31.2372	0.02299
31.4265	0.02304
31.6182	0.02326
31.8121	0.02355
32.0085	0.02333
32.2073	0.02316
32.4086	0.02379
32.6124	0.02397
32.8188	0.02371
33.0279	0.02402
33.2396	0.02515
33.4541	0.02579
33.6713	0.02578
33.8914	0.02532
34.1143	0.02519
34.3403	0.02603
34.5692	0.02662
34.8012	0.02661
35.0363	0.02692
35.2747	0.02762
35.5163	0.02645
35.7612	0.02563
36.0096	0.02638
36.2614	0.02719
36.5167	0.02692
36.7757	0.02690
37.0384	0.02795
37.3049	0.02839
37.5752	0.02831
37.8495	0.02782
38.1278	0.02833
38.4102	0.02882
38.6968	0.02768
38.9878	0.02728
39.2832	0.02870
39.583	0.02920
39.8875	0.03038
40.1967	0.03142
40.5108	0.03201
40.8297	0.03106
41.1538	0.03027
41.483	0.03005
41.8176	0.03021
42.1575	0.03075
42.5031	0.02990
42.8544	0.03091
43.2115	0.03437
43.5746	0.03474
43.9439	0.03668
44.3195	0.03663
44.7015	0.03632
45.0902	0.03745
45.4858	0.03901
45.8883	0.04053
46.298	0.03870
46.7151	0.03469
47.1398	0.03650
47.5723	0.03922
48.0128	0.03885
48.4615	0.04007
48.9186	0.04032
49.3846	0.03899
49.8594	0.03961
50.3435	0.04256
50.837	0.04390
51.3404	0.04183
51.8538	0.04371
52.3776	0.04438
52.912	0.04144
53.4575	0.04049
54.0144	0.04123
54.5829	0.04285
55.1636	0.04352
55.7568	0.04729
56.3628	0.04491
56.9822	0.04432
57.6153	0.04769
58.2627	0.04899
58.9247	0.04877
59.602	0.05201
60.2951	0.05153
61.0044	0.04848
61.7307	0.04746
62.4744	0.04886
63.2363	0.05351
64.017	0.05446
64.8172	0.06008
65.6377	0.06082
66.4792	0.05636
67.3426	0.05555
68.2286	0.05394
69.1384	0.05780
70.0727	0.06253
71.0326	0.06294
72.0191	0.05661
73.0335	0.06024
74.0768	0.06343
75.1504	0.05778
76.2555	0.05338
77.3937	0.04957
78.5663	0.04781
79.775	0.05905
81.0215	0.05124
82.3076	0.05028
83.6351	0.05493
85.0062	0.05641
86.423	0.05431
87.8878	0.05331
89.403	0.05276
90.9715	0.06673
92.596	0.06204
94.2796	0.04853
96.0255	0.04414
97.8373	0.05436
99.7188	0.06487
