Brown University Keck/NASA Relab Spectrum IL-PJI-008/BKR1IL008
Wavelength(micron)	Reflectance
0.28	0.05286
0.285	0.05100
0.29	0.05001
0.295	0.04891
0.3	0.04838
0.305	0.04775
0.31	0.04752
0.315	0.04759
0.32	0.04766
0.325	0.04783
0.33	0.04792
0.335	0.04772
0.34	0.04756
0.345	0.04727
0.35	0.04706
0.355	0.04685
0.36	0.04703
0.365	0.04643
0.37	0.04625
0.375	0.04576
0.38	0.04545
0.385	0.04501
0.39	0.04470
0.395	0.04429
0.4	0.04399
0.405	0.04357
0.41	0.04324
0.415	0.04276
0.42	0.04242
0.425	0.04193
0.43	0.04154
0.435	0.04113
0.44	0.04075
0.445	0.04033
0.45	0.03998
0.455	0.03950
0.46	0.03925
0.465	0.03891
0.47	0.03869
0.475	0.03853
0.48	0.03838
0.485	0.03825
0.49	0.03820
0.495	0.03808
0.5	0.03805
0.505	0.03794
0.51	0.03795
0.515	0.03794
0.52	0.03796
0.525	0.03793
0.53	0.03798
0.535	0.03796
0.54	0.03803
0.545	0.03805
0.55	0.03809
0.555	0.03810
0.56	0.03812
0.565	0.03820
0.57	0.03825
0.575	0.03832
0.58	0.03845
0.585	0.03848
0.59	0.03859
0.595	0.03871
0.6	0.03880
0.605	0.03895
0.61	0.03908
0.615	0.03919
0.62	0.03933
0.625	0.03951
0.63	0.03961
0.635	0.03979
0.64	0.03990
0.645	0.04010
0.65	0.04021
0.655	0.04030
0.66	0.04038
0.665	0.04060
0.67	0.04100
0.675	0.04140
0.68	0.04175
0.685	0.04214
0.69	0.04241
0.695	0.04276
0.7	0.04303
0.705	0.04336
0.71	0.04362
0.715	0.04392
0.72	0.04421
0.725	0.04458
0.73	0.04488
0.735	0.04524
0.74	0.04563
0.745	0.04601
0.75	0.04642
0.755	0.04694
0.76	0.04730
0.765	0.04792
0.77	0.04849
0.775	0.04904
0.78	0.04950
0.785	0.05025
0.79	0.05089
0.795	0.05165
0.8	0.05221
0.805	0.05329
0.81	0.05409
0.815	0.05489
0.82	0.05582
0.825	0.05694
0.83	0.05803
0.835	0.05907
0.84	0.06015
0.845	0.06161
0.85	0.06272
0.855	0.06428
0.86	0.06572
0.865	0.06705
0.87	0.06858
0.875	0.07005
0.88	0.07162
0.885	0.07327
0.89	0.07523
0.895	0.07668
0.9	0.07867
0.905	0.08007
0.91	0.08220
0.915	0.08346
0.92	0.08599
0.925	0.08753
0.93	0.08888
0.935	0.09005
0.94	0.09155
0.945	0.09284
0.95	0.09435
0.955	0.09536
0.96	0.09650
0.965	0.09698
0.97	0.09741
0.975	0.09804
0.98	0.09852
0.985	0.09852
0.99	0.09882
0.995	0.09903
1	0.09917
1.005	0.09883
1.01	0.09873
1.015	0.09793
1.02	0.09803
1.025	0.09759
1.03	0.09711
1.035	0.09595
1.04	0.09543
1.045	0.09447
1.05	0.09325
1.055	0.09237
1.06	0.09214
1.065	0.09154
1.07	0.09038
1.075	0.08954
1.08	0.08872
1.085	0.08787
1.09	0.08660
1.095	0.08665
1.1	0.08542
1.105	0.08393
1.11	0.08345
1.115	0.08267
1.12	0.08164
1.125	0.08117
1.13	0.08005
1.135	0.07950
1.14	0.07878
1.145	0.07824
1.15	0.07745
1.155	0.07650
1.16	0.07622
1.165	0.07528
1.17	0.07502
1.175	0.07426
1.18	0.07358
1.185	0.07335
1.19	0.07303
1.195	0.07237
1.2	0.07204
1.205	0.07166
1.21	0.07080
1.215	0.07088
1.22	0.07032
1.225	0.07020
1.23	0.07003
1.235	0.06956
1.24	0.06943
1.245	0.06918
1.25	0.06905
1.255	0.06889
1.26	0.06850
1.265	0.06855
1.27	0.06848
1.275	0.06825
1.28	0.06811
1.285	0.06791
1.29	0.06805
1.295	0.06789
1.3	0.06799
1.305	0.06781
1.31	0.06794
1.315	0.06836
1.32	0.06789
1.325	0.06803
1.33	0.06780
1.335	0.06781
1.34	0.06837
1.345	0.06837
1.35	0.06860
1.355	0.06821
1.36	0.06863
1.365	0.06871
1.37	0.06933
1.375	0.06899
1.38	0.06895
1.385	0.06933
1.39	0.06986
1.395	0.06945
1.4	0.06985
1.405	0.07032
1.41	0.07042
1.415	0.07019
1.42	0.07087
1.425	0.07069
1.43	0.07072
1.435	0.07082
1.44	0.07112
1.445	0.07116
1.45	0.07131
1.455	0.07149
1.46	0.07148
1.465	0.07176
1.47	0.07172
1.475	0.07197
1.48	0.07197
1.485	0.07205
1.49	0.07211
1.495	0.07231
1.5	0.07257
1.505	0.07249
1.51	0.07286
1.515	0.07295
1.52	0.07318
1.525	0.07322
1.53	0.07342
1.535	0.07353
1.54	0.07386
1.545	0.07394
1.55	0.07391
1.555	0.07409
1.56	0.07420
1.565	0.07419
1.57	0.07434
1.575	0.07489
1.58	0.07498
1.585	0.07525
1.59	0.07515
1.595	0.07565
1.6	0.07614
1.605	0.07641
1.61	0.07645
1.615	0.07682
1.62	0.07712
1.625	0.07720
1.63	0.07759
1.635	0.07751
1.64	0.07792
1.645	0.07854
1.65	0.07869
1.655	0.07912
1.66	0.07928
1.665	0.07991
1.67	0.08038
1.675	0.08075
1.68	0.08092
1.685	0.08133
1.69	0.08187
1.695	0.08234
1.7	0.08288
1.705	0.08338
1.71	0.08372
1.715	0.08429
1.72	0.08483
1.725	0.08549
1.73	0.08539
1.735	0.08611
1.74	0.08604
1.745	0.08719
1.75	0.08762
1.755	0.08849
1.76	0.08832
1.765	0.08860
1.77	0.08964
1.775	0.09038
1.78	0.09057
1.785	0.09189
1.79	0.09238
1.795	0.09273
1.8	0.09333
1.805	0.09411
1.81	0.09435
1.815	0.09513
1.82	0.09588
1.825	0.09632
1.83	0.09706
1.835	0.09768
1.84	0.09855
1.845	0.09914
1.85	0.10022
1.855	0.10043
1.86	0.10079
1.865	0.10133
1.87	0.10202
1.875	0.10261
1.88	0.10329
1.885	0.10413
1.89	0.10460
1.895	0.10528
1.9	0.10575
1.905	0.10652
1.91	0.10703
1.915	0.10790
1.92	0.10846
1.925	0.10917
1.93	0.10956
1.935	0.11032
1.94	0.11108
1.945	0.11182
1.95	0.11225
1.955	0.11274
1.96	0.11301
1.965	0.11366
1.97	0.11455
1.975	0.11502
1.98	0.11587
1.985	0.11605
1.99	0.11680
1.995	0.11739
2	0.11783
2.005	0.11855
2.01	0.11865
2.015	0.11941
2.02	0.12000
2.025	0.12071
2.03	0.12087
2.035	0.12147
2.04	0.12195
2.045	0.12271
2.05	0.12294
2.055	0.12373
2.06	0.12415
2.065	0.12432
2.07	0.12515
2.075	0.12524
2.08	0.12621
2.085	0.12623
2.09	0.12693
2.095	0.12746
2.1	0.12790
2.105	0.12844
2.11	0.12891
2.115	0.12918
2.12	0.12954
2.125	0.13046
2.13	0.13032
2.135	0.13110
2.14	0.13079
2.145	0.13204
2.15	0.13226
2.155	0.13280
2.16	0.13315
2.165	0.13403
2.17	0.13407
2.175	0.13460
2.18	0.13478
2.185	0.13471
2.19	0.13613
2.195	0.13680
2.2	0.13701
2.205	0.13709
2.21	0.13795
2.215	0.13807
2.22	0.13878
2.225	0.13923
2.23	0.13964
2.235	0.14013
2.24	0.14060
2.245	0.14103
2.25	0.14146
2.255	0.14147
2.26	0.14179
2.265	0.14237
2.27	0.14311
2.275	0.14334
2.28	0.14377
2.285	0.14439
2.29	0.14494
2.295	0.14515
2.3	0.14546
2.305	0.14610
2.31	0.14596
2.315	0.14641
2.32	0.14733
2.325	0.14701
2.33	0.14833
2.335	0.14841
2.34	0.14899
2.345	0.14936
2.35	0.14961
2.355	0.14959
2.36	0.15041
2.365	0.15042
2.37	0.15076
2.375	0.15175
2.38	0.15179
2.385	0.15225
2.39	0.15246
2.395	0.15274
2.4	0.15378
2.405	0.15404
2.41	0.15403
2.415	0.15489
2.42	0.15552
2.425	0.15608
2.43	0.15620
2.435	0.15682
2.44	0.15684
2.445	0.15788
2.45	0.15820
2.455	0.15793
2.46	0.15872
2.465	0.15928
2.47	0.16007
2.475	0.16040
2.48	0.16083
2.485	0.16115
2.49	0.16129
2.495	0.16203
2.5	0.16137
2.5014	0.16148
2.5026	0.16153
2.5038	0.16161
2.505	0.16175
2.5063	0.16189
2.5075	0.16202
2.5087	0.16216
2.5099	0.16226
2.5111	0.16236
2.5123	0.16244
2.5135	0.16253
2.5148	0.16261
2.516	0.16275
2.5172	0.16287
2.5184	0.16296
2.5196	0.16310
2.5209	0.16326
2.5221	0.16336
2.5233	0.16340
2.5246	0.16354
2.5258	0.16369
2.527	0.16379
2.5282	0.16390
2.5295	0.16399
2.5307	0.16407
2.5319	0.16418
2.5332	0.16431
2.5344	0.16444
2.5357	0.16458
2.5369	0.16473
2.5381	0.16493
2.5394	0.16504
2.5406	0.16509
2.5419	0.16517
2.5431	0.16529
2.5444	0.16551
2.5456	0.16564
2.5469	0.16566
2.5481	0.16581
2.5494	0.16602
2.5506	0.16611
2.5519	0.16620
2.5531	0.16633
2.5544	0.16649
2.5556	0.16659
2.5569	0.16670
2.5582	0.16678
2.5594	0.16690
2.5607	0.16686
2.562	0.16688
2.5632	0.16708
2.5645	0.16724
2.5658	0.16748
2.567	0.16765
2.5683	0.16771
2.5696	0.16778
2.5709	0.16797
2.5721	0.16803
2.5734	0.16803
2.5747	0.16837
2.576	0.16846
2.5773	0.16846
2.5785	0.16866
2.5798	0.16879
2.5811	0.16884
2.5824	0.16892
2.5837	0.16883
2.585	0.16915
2.5862	0.16937
2.5875	0.16940
2.5888	0.16957
2.5901	0.16977
2.5914	0.16994
2.5927	0.16995
2.594	0.16961
2.5953	0.16958
2.5966	0.17023
2.5979	0.17056
2.5992	0.17069
2.6005	0.17072
2.6018	0.17077
2.6031	0.17084
2.6044	0.17079
2.6057	0.17087
2.6071	0.17121
2.6084	0.17139
2.6097	0.17146
2.611	0.17164
2.6123	0.17182
2.6136	0.17190
2.6149	0.17202
2.6163	0.17191
2.6176	0.17201
2.6189	0.17228
2.6202	0.17226
2.6216	0.17259
2.6229	0.17294
2.6242	0.17306
2.6255	0.17304
2.6269	0.17305
2.6282	0.17330
2.6295	0.17321
2.6309	0.17324
2.6322	0.17364
2.6335	0.17380
2.6349	0.17397
2.6362	0.17417
2.6376	0.17430
2.6389	0.17443
2.6402	0.17458
2.6416	0.17472
2.6429	0.17483
2.6443	0.17498
2.6456	0.17503
2.647	0.17514
2.6483	0.17532
2.6497	0.17553
2.651	0.17565
2.6524	0.17568
2.6538	0.17581
2.6551	0.17591
2.6565	0.17613
2.6578	0.17633
2.6592	0.17638
2.6606	0.17658
2.6619	0.17675
2.6633	0.17683
2.6647	0.17666
2.666	0.17663
2.6674	0.17690
2.6688	0.17722
2.6701	0.17702
2.6715	0.17739
2.6729	0.17793
2.6743	0.17814
2.6756	0.17812
2.677	0.17816
2.6784	0.17840
2.6798	0.17863
2.6812	0.17894
2.6826	0.17906
2.684	0.17918
2.6854	0.17936
2.6868	0.17949
2.6881	0.17969
2.6895	0.17987
2.6909	0.17998
2.6923	0.18007
2.6937	0.18019
2.6951	0.18039
2.6965	0.18070
2.6979	0.18103
2.6993	0.18120
2.7007	0.18127
2.7021	0.18142
2.7036	0.18166
2.705	0.18186
2.7064	0.18208
2.7078	0.18218
2.7092	0.18205
2.7106	0.18195
2.712	0.18229
2.7135	0.18271
2.7149	0.18286
2.7163	0.18296
2.7177	0.18308
2.7191	0.18334
2.7206	0.18327
2.722	0.18340
2.7234	0.18347
2.7249	0.18348
2.7263	0.18384
2.7277	0.18414
2.7292	0.18433
2.7306	0.18452
2.732	0.18461
2.7335	0.18462
2.7349	0.18468
2.7364	0.18496
2.7378	0.18504
2.7393	0.18493
2.7407	0.18501
2.7422	0.18536
2.7436	0.18576
2.7451	0.18601
2.7465	0.18613
2.748	0.18624
2.7494	0.18636
2.7509	0.18649
2.7523	0.18664
2.7538	0.18662
2.7553	0.18643
2.7567	0.18678
2.7582	0.18722
2.7597	0.18739
2.7611	0.18740
2.7626	0.18740
2.7641	0.18757
2.7656	0.18780
2.767	0.18797
2.7685	0.18815
2.77	0.18829
2.7715	0.18836
2.7729	0.18854
2.7744	0.18880
2.7759	0.18900
2.7774	0.18921
2.7789	0.18943
2.7804	0.18953
2.7819	0.18967
2.7834	0.18991
2.7849	0.19004
2.7864	0.18996
2.7879	0.19009
2.7894	0.19044
2.7909	0.19071
2.7924	0.19095
2.7939	0.19108
2.7954	0.19117
2.7969	0.19132
2.7984	0.19154
2.7999	0.19171
2.8014	0.19172
2.8029	0.19178
2.8044	0.19204
2.806	0.19238
2.8075	0.19261
2.809	0.19277
2.8105	0.19289
2.8121	0.19310
2.8136	0.19328
2.8151	0.19345
2.8166	0.19362
2.8182	0.19376
2.8197	0.19389
2.8212	0.19402
2.8228	0.19425
2.8243	0.19447
2.8258	0.19463
2.8274	0.19478
2.8289	0.19494
2.8305	0.19511
2.832	0.19530
2.8336	0.19547
2.8351	0.19561
2.8367	0.19577
2.8382	0.19599
2.8398	0.19621
2.8413	0.19641
2.8429	0.19656
2.8444	0.19676
2.846	0.19691
2.8476	0.19709
2.8491	0.19729
2.8507	0.19754
2.8523	0.19776
2.8538	0.19790
2.8554	0.19803
2.857	0.19819
2.8586	0.19843
2.8601	0.19862
2.8617	0.19877
2.8633	0.19894
2.8649	0.19911
2.8664	0.19933
2.868	0.19955
2.8696	0.19975
2.8712	0.19995
2.8728	0.20009
2.8744	0.20032
2.876	0.20048
2.8776	0.20058
2.8792	0.20080
2.8808	0.20106
2.8824	0.20121
2.884	0.20132
2.8856	0.20151
2.8872	0.20167
2.8888	0.20187
2.8904	0.20212
2.892	0.20228
2.8936	0.20244
2.8953	0.20260
2.8969	0.20274
2.8985	0.20296
2.9001	0.20314
2.9017	0.20324
2.9034	0.20342
2.905	0.20366
2.9066	0.20381
2.9083	0.20399
2.9099	0.20421
2.9115	0.20441
2.9131	0.20450
2.9148	0.20467
2.9164	0.20486
2.9181	0.20503
2.9197	0.20519
2.9214	0.20543
2.923	0.20560
2.9247	0.20573
2.9263	0.20598
2.928	0.20629
2.9296	0.20649
2.9313	0.20662
2.9329	0.20681
2.9346	0.20698
2.9363	0.20720
2.9379	0.20751
2.9396	0.20776
2.9412	0.20793
2.9429	0.20811
2.9446	0.20830
2.9463	0.20844
2.9479	0.20865
2.9496	0.20887
2.9513	0.20911
2.953	0.20935
2.9546	0.20954
2.9563	0.20975
2.958	0.21002
2.9597	0.21027
2.9614	0.21050
2.9631	0.21074
2.9648	0.21088
2.9665	0.21103
2.9682	0.21129
2.9699	0.21158
2.9716	0.21182
2.9733	0.21207
2.975	0.21235
2.9767	0.21260
2.9784	0.21283
2.9801	0.21304
2.9818	0.21326
2.9836	0.21349
2.9853	0.21362
2.987	0.21386
2.9887	0.21421
2.9904	0.21446
2.9922	0.21464
2.9939	0.21490
2.9956	0.21516
2.9974	0.21534
2.9991	0.21554
3.0008	0.21581
3.0026	0.21607
3.0043	0.21627
3.006	0.21648
3.0078	0.21674
3.0095	0.21697
3.0113	0.21719
3.013	0.21745
3.0148	0.21763
3.0165	0.21786
3.0183	0.21808
3.02	0.21829
3.0218	0.21855
3.0236	0.21880
3.0253	0.21903
3.0271	0.21927
3.0289	0.21950
3.0306	0.21970
3.0324	0.21990
3.0342	0.22020
3.036	0.22046
3.0377	0.22063
3.0395	0.22077
3.0413	0.22096
3.0431	0.22118
3.0449	0.22138
3.0467	0.22155
3.0484	0.22172
3.0502	0.22194
3.052	0.22208
3.0538	0.22221
3.0556	0.22242
3.0574	0.22258
3.0592	0.22271
3.0611	0.22284
3.0629	0.22302
3.0647	0.22316
3.0665	0.22330
3.0683	0.22344
3.0701	0.22360
3.0719	0.22371
3.0738	0.22387
3.0756	0.22403
3.0774	0.22417
3.0792	0.22431
3.0811	0.22441
3.0829	0.22450
3.0847	0.22458
3.0866	0.22471
3.0884	0.22492
3.0902	0.22510
3.0921	0.22529
3.0939	0.22541
3.0958	0.22556
3.0976	0.22575
3.0995	0.22585
3.1013	0.22601
3.1032	0.22620
3.105	0.22637
3.1069	0.22656
3.1088	0.22673
3.1106	0.22686
3.1125	0.22702
3.1144	0.22716
3.1162	0.22732
3.1181	0.22751
3.12	0.22773
3.1219	0.22793
3.1237	0.22808
3.1256	0.22827
3.1275	0.22845
3.1294	0.22864
3.1313	0.22881
3.1332	0.22899
3.1351	0.22913
3.137	0.22930
3.1389	0.22947
3.1408	0.22959
3.1427	0.22972
3.1446	0.22993
3.1465	0.23014
3.1484	0.23029
3.1503	0.23051
3.1522	0.23069
3.1541	0.23086
3.1561	0.23107
3.158	0.23125
3.1599	0.23146
3.1618	0.23164
3.1638	0.23186
3.1657	0.23204
3.1676	0.23225
3.1696	0.23248
3.1715	0.23262
3.1734	0.23279
3.1754	0.23296
3.1773	0.23313
3.1793	0.23336
3.1812	0.23356
3.1832	0.23373
3.1851	0.23386
3.1871	0.23404
3.1891	0.23421
3.191	0.23437
3.193	0.23463
3.1949	0.23489
3.1969	0.23511
3.1989	0.23536
3.2009	0.23554
3.2029	0.23575
3.2048	0.23597
3.2068	0.23617
3.2088	0.23639
3.2108	0.23663
3.2128	0.23684
3.2148	0.23700
3.2168	0.23720
3.2188	0.23748
3.2208	0.23777
3.2228	0.23806
3.2248	0.23824
3.2268	0.23843
3.2288	0.23863
3.2308	0.23880
3.2328	0.23902
3.2348	0.23924
3.2368	0.23946
3.2389	0.23970
3.2409	0.23991
3.2429	0.24009
3.2449	0.24027
3.247	0.24056
3.249	0.24086
3.251	0.24106
3.2531	0.24127
3.2551	0.24140
3.2572	0.24161
3.2592	0.24185
3.2613	0.24198
3.2633	0.24219
3.2654	0.24239
3.2674	0.24264
3.2695	0.24293
3.2716	0.24315
3.2736	0.24327
3.2757	0.24344
3.2778	0.24369
3.2798	0.24385
3.2819	0.24396
3.284	0.24422
3.2861	0.24445
3.2881	0.24457
3.2902	0.24472
3.2923	0.24487
3.2944	0.24499
3.2965	0.24514
3.2986	0.24535
3.3007	0.24558
3.3028	0.24575
3.3049	0.24596
3.307	0.24614
3.3091	0.24635
3.3112	0.24651
3.3134	0.24667
3.3155	0.24679
3.3176	0.24693
3.3197	0.24718
3.3219	0.24745
3.324	0.24766
3.3261	0.24781
3.3283	0.24804
3.3304	0.24833
3.3325	0.24851
3.3347	0.24874
3.3368	0.24896
3.339	0.24915
3.3411	0.24934
3.3433	0.24956
3.3454	0.24974
3.3476	0.24999
3.3498	0.25028
3.3519	0.25057
3.3541	0.25078
3.3563	0.25098
3.3584	0.25119
3.3606	0.25148
3.3628	0.25179
3.365	0.25202
3.3671	0.25225
3.3693	0.25254
3.3715	0.25276
3.3737	0.25304
3.3759	0.25334
3.3781	0.25358
3.3803	0.25378
3.3825	0.25412
3.3847	0.25435
3.3869	0.25454
3.3891	0.25473
3.3914	0.25488
3.3936	0.25504
3.3958	0.25526
3.398	0.25550
3.4003	0.25575
3.4025	0.25597
3.4047	0.25617
3.407	0.25643
3.4092	0.25678
3.4114	0.25710
3.4137	0.25748
3.4159	0.25780
3.4182	0.25807
3.4204	0.25836
3.4227	0.25867
3.425	0.25899
3.4272	0.25924
3.4295	0.25938
3.4318	0.25933
3.434	0.25924
3.4363	0.25936
3.4386	0.25942
3.4409	0.25951
3.4432	0.25961
3.4454	0.25973
3.4477	0.25991
3.45	0.26009
3.4523	0.26026
3.4546	0.26043
3.4569	0.26058
3.4592	0.26073
3.4616	0.26087
3.4639	0.26104
3.4662	0.26123
3.4685	0.26139
3.4708	0.26160
3.4731	0.26175
3.4755	0.26193
3.4778	0.26221
3.4801	0.26237
3.4825	0.26256
3.4848	0.26284
3.4872	0.26296
3.4895	0.26304
3.4919	0.26319
3.4942	0.26339
3.4966	0.26366
3.4989	0.26395
3.5013	0.26428
3.5036	0.26460
3.506	0.26488
3.5084	0.26511
3.5108	0.26521
3.5131	0.26514
3.5155	0.26508
3.5179	0.26506
3.5203	0.26496
3.5227	0.26502
3.5251	0.26519
3.5275	0.26527
3.5299	0.26545
3.5323	0.26561
3.5347	0.26573
3.5371	0.26585
3.5395	0.26599
3.5419	0.26616
3.5444	0.26635
3.5468	0.26653
3.5492	0.26667
3.5516	0.26677
3.5541	0.26696
3.5565	0.26715
3.559	0.26730
3.5614	0.26739
3.5639	0.26756
3.5663	0.26773
3.5688	0.26789
3.5712	0.26806
3.5737	0.26824
3.5761	0.26837
3.5786	0.26854
3.5811	0.26877
3.5836	0.26893
3.586	0.26913
3.5885	0.26929
3.591	0.26939
3.5935	0.26956
3.596	0.26967
3.5985	0.26983
3.601	0.27006
3.6035	0.27024
3.606	0.27038
3.6085	0.27057
3.611	0.27073
3.6135	0.27089
3.616	0.27105
3.6186	0.27114
3.6211	0.27127
3.6236	0.27146
3.6261	0.27170
3.6287	0.27184
3.6312	0.27203
3.6338	0.27228
3.6363	0.27237
3.6389	0.27243
3.6414	0.27260
3.644	0.27287
3.6466	0.27306
3.6491	0.27317
3.6517	0.27334
3.6543	0.27348
3.6568	0.27368
3.6594	0.27391
3.662	0.27410
3.6646	0.27420
3.6672	0.27430
3.6698	0.27449
3.6724	0.27464
3.675	0.27479
3.6776	0.27496
3.6802	0.27510
3.6828	0.27521
3.6854	0.27535
3.6881	0.27549
3.6907	0.27564
3.6933	0.27581
3.6959	0.27595
3.6986	0.27609
3.7012	0.27630
3.7039	0.27651
3.7065	0.27665
3.7092	0.27677
3.7118	0.27680
3.7145	0.27691
3.7171	0.27713
3.7198	0.27731
3.7225	0.27743
3.7251	0.27751
3.7278	0.27763
3.7305	0.27784
3.7332	0.27794
3.7359	0.27811
3.7386	0.27836
3.7413	0.27852
3.744	0.27870
3.7467	0.27892
3.7494	0.27904
3.7521	0.27911
3.7548	0.27931
3.7575	0.27942
3.7603	0.27949
3.763	0.27964
3.7657	0.27977
3.7685	0.27986
3.7712	0.27996
3.7739	0.28012
3.7767	0.28025
3.7794	0.28043
3.7822	0.28058
3.785	0.28054
3.7877	0.28058
3.7905	0.28080
3.7933	0.28086
3.7961	0.28095
3.7988	0.28110
3.8016	0.28127
3.8044	0.28141
3.8072	0.28143
3.81	0.28153
3.8128	0.28170
3.8156	0.28182
3.8184	0.28190
3.8212	0.28194
3.824	0.28200
3.8269	0.28212
3.8297	0.28226
3.8325	0.28237
3.8354	0.28247
3.8382	0.28248
3.841	0.28264
3.8439	0.28287
3.8467	0.28307
3.8496	0.28316
3.8524	0.28319
3.8553	0.28322
3.8582	0.28329
3.8611	0.28348
3.8639	0.28358
3.8668	0.28362
3.8697	0.28368
3.8726	0.28380
3.8755	0.28392
3.8784	0.28405
3.8813	0.28411
3.8842	0.28411
3.8871	0.28417
3.89	0.28429
3.8929	0.28437
3.8959	0.28437
3.8988	0.28442
3.9017	0.28457
3.9047	0.28468
3.9076	0.28475
3.9106	0.28490
3.9135	0.28502
3.9165	0.28503
3.9194	0.28512
3.9224	0.28526
3.9254	0.28536
3.9283	0.28546
3.9313	0.28551
3.9343	0.28560
3.9373	0.28565
3.9403	0.28575
3.9433	0.28584
3.9463	0.28591
3.9493	0.28601
3.9523	0.28610
3.9553	0.28620
3.9583	0.28628
3.9614	0.28637
3.9644	0.28645
3.9674	0.28653
3.9705	0.28660
3.9735	0.28670
3.9766	0.28681
3.9796	0.28694
3.9826	0.28705
3.9857	0.28715
3.9888	0.28720
3.9919	0.28727
3.9949	0.28738
3.998	0.28749
4.0011	0.28759
4.0042	0.28767
4.0073	0.28775
4.0104	0.28782
4.0135	0.28791
4.0166	0.28800
4.0197	0.28811
4.0228	0.28821
4.0259	0.28832
4.0291	0.28841
4.0322	0.28845
4.0353	0.28849
4.0385	0.28855
4.0416	0.28862
4.0448	0.28871
4.0479	0.28877
4.0511	0.28884
4.0543	0.28893
4.0574	0.28900
4.0606	0.28908
4.0638	0.28916
4.067	0.28924
4.0702	0.28932
4.0734	0.28938
4.0766	0.28944
4.0798	0.28950
4.083	0.28956
4.0862	0.28960
4.0894	0.28965
4.0927	0.28969
4.0959	0.28976
4.0991	0.28983
4.1024	0.28989
4.1056	0.28995
4.1089	0.28998
4.1121	0.29002
4.1154	0.29009
4.1187	0.29013
4.122	0.29017
4.1252	0.29020
4.1285	0.29024
4.1318	0.29028
4.1351	0.29033
4.1384	0.29037
4.1417	0.29040
4.145	0.29041
4.1483	0.29043
4.1516	0.29044
4.155	0.29045
4.1583	0.29050
4.1616	0.29056
4.165	0.29059
4.1683	0.29060
4.1717	0.29060
4.175	0.29065
4.1784	0.29072
4.1818	0.29075
4.1852	0.29078
4.1885	0.29081
4.1919	0.29084
4.1953	0.29086
4.1987	0.29089
4.2021	0.29093
4.2055	0.29095
4.2089	0.29096
4.2124	0.29095
4.2158	0.29090
4.2192	0.29086
4.2226	0.29082
4.2261	0.29077
4.2295	0.29074
4.233	0.29072
4.2365	0.29073
4.2399	0.29074
4.2434	0.29076
4.2469	0.29078
4.2503	0.29082
4.2538	0.29087
4.2573	0.29095
4.2608	0.29098
4.2643	0.29096
4.2678	0.29091
4.2713	0.29087
4.2749	0.29087
4.2784	0.29088
4.2819	0.29087
4.2855	0.29088
4.289	0.29091
4.2926	0.29092
4.2961	0.29089
4.2997	0.29088
4.3033	0.29089
4.3068	0.29089
4.3104	0.29089
4.314	0.29092
4.3176	0.29094
4.3212	0.29093
4.3248	0.29091
4.3284	0.29089
4.332	0.29086
4.3356	0.29082
4.3393	0.29076
4.3429	0.29077
4.3465	0.29080
4.3502	0.29078
4.3538	0.29076
4.3575	0.29074
4.3611	0.29070
4.3648	0.29066
4.3685	0.29061
4.3722	0.29060
4.3759	0.29059
4.3796	0.29058
4.3833	0.29055
4.387	0.29053
4.3907	0.29053
4.3944	0.29051
4.3981	0.29048
4.4019	0.29049
4.4056	0.29047
4.4094	0.29046
4.4131	0.29043
4.4169	0.29039
4.4206	0.29034
4.4244	0.29030
4.4282	0.29026
4.432	0.29024
4.4358	0.29021
4.4396	0.29018
4.4434	0.29014
4.4472	0.29010
4.451	0.29005
4.4548	0.29002
4.4586	0.28998
4.4625	0.28995
4.4663	0.28989
4.4702	0.28982
4.474	0.28977
4.4779	0.28975
4.4818	0.28971
4.4856	0.28966
4.4895	0.28962
4.4934	0.28956
4.4973	0.28950
4.5012	0.28946
4.5051	0.28940
4.509	0.28932
4.513	0.28924
4.5169	0.28917
4.5209	0.28909
4.5248	0.28903
4.5287	0.28897
4.5327	0.28892
4.5367	0.28882
4.5406	0.28874
4.5446	0.28868
4.5486	0.28862
4.5526	0.28854
4.5566	0.28845
4.5606	0.28837
4.5646	0.28833
4.5686	0.28827
4.5727	0.28820
4.5767	0.28811
4.5808	0.28803
4.5848	0.28796
4.5889	0.28790
4.5929	0.28782
4.597	0.28775
4.6011	0.28769
4.6052	0.28766
4.6093	0.28758
4.6134	0.28750
4.6175	0.28741
4.6216	0.28733
4.6257	0.28722
4.6298	0.28712
4.634	0.28705
4.6381	0.28698
4.6423	0.28689
4.6464	0.28680
4.6506	0.28670
4.6548	0.28662
4.659	0.28652
4.6631	0.28642
4.6673	0.28631
4.6715	0.28621
4.6758	0.28610
4.68	0.28597
4.6842	0.28584
4.6884	0.28575
4.6927	0.28563
4.6969	0.28553
4.7012	0.28540
4.7055	0.28528
4.7097	0.28517
4.714	0.28506
4.7183	0.28490
4.7226	0.28478
4.7269	0.28469
4.7312	0.28460
4.7355	0.28449
4.7399	0.28439
4.7442	0.28427
4.7485	0.28418
4.7529	0.28408
4.7573	0.28397
4.7616	0.28386
4.766	0.28376
4.7704	0.28366
4.7748	0.28356
4.7792	0.28343
4.7836	0.28331
4.788	0.28319
4.7924	0.28307
4.7969	0.28292
4.8013	0.28278
4.8058	0.28261
4.8102	0.28247
4.8147	0.28232
4.8191	0.28218
4.8236	0.28207
4.8281	0.28196
4.8326	0.28180
4.8371	0.28168
4.8416	0.28154
4.8462	0.28140
4.8507	0.28128
4.8553	0.28115
4.8598	0.28102
4.8644	0.28092
4.8689	0.28077
4.8735	0.28063
4.8781	0.28045
4.8827	0.28034
4.8873	0.28022
4.8919	0.28010
4.8965	0.27999
4.9011	0.27986
4.9058	0.27968
4.9104	0.27953
4.9151	0.27936
4.9197	0.27924
4.9244	0.27910
4.9291	0.27898
4.9338	0.27884
4.9385	0.27870
4.9432	0.27855
4.9479	0.27838
4.9526	0.27826
4.9574	0.27814
4.9621	0.27796
4.9669	0.27781
4.9716	0.27765
4.9764	0.27750
4.9812	0.27733
4.986	0.27719
4.9908	0.27707
4.9956	0.27697
5.0004	0.27682
5.0052	0.27666
5.01	0.27651
5.0149	0.27638
5.0198	0.27621
5.0246	0.27603
5.0295	0.27589
5.0344	0.27575
5.0393	0.27560
5.0442	0.27545
5.0491	0.27528
5.054	0.27511
5.0589	0.27494
5.0639	0.27481
5.0688	0.27467
5.0738	0.27450
5.0788	0.27433
5.0837	0.27421
5.0887	0.27407
5.0937	0.27396
5.0987	0.27381
5.1037	0.27366
5.1088	0.27351
5.1138	0.27340
5.1189	0.27325
5.1239	0.27314
5.129	0.27299
5.1341	0.27283
5.1391	0.27265
5.1443	0.27251
5.1494	0.27230
5.1545	0.27212
5.1596	0.27198
5.1647	0.27184
5.1699	0.27167
5.175	0.27152
5.1802	0.27138
5.1854	0.27127
5.1906	0.27112
5.1958	0.27098
5.201	0.27079
5.2062	0.27062
5.2115	0.27049
5.2167	0.27028
5.222	0.27013
5.2272	0.26996
5.2325	0.26973
5.2378	0.26957
5.2431	0.26942
5.2484	0.26925
5.2537	0.26908
5.259	0.26891
5.2644	0.26871
5.2697	0.26854
5.2751	0.26833
5.2805	0.26814
5.2858	0.26797
5.2912	0.26778
5.2966	0.26755
5.302	0.26741
5.3075	0.26725
5.3129	0.26711
5.3184	0.26695
5.3238	0.26676
5.3293	0.26657
5.3348	0.26642
5.3403	0.26624
5.3458	0.26605
5.3513	0.26576
5.3568	0.26554
5.3624	0.26545
5.3679	0.26533
5.3735	0.26512
5.379	0.26495
5.3846	0.26476
5.3902	0.26459
5.3958	0.26443
5.4015	0.26427
5.4071	0.26409
5.4127	0.26391
5.4184	0.26376
5.4241	0.26342
5.4297	0.26319
5.4354	0.26314
5.4411	0.26293
5.4468	0.26271
5.4526	0.26252
5.4583	0.26237
5.4641	0.26215
5.4698	0.26203
5.4756	0.26193
5.4814	0.26171
5.4872	0.26153
5.493	0.26141
5.4988	0.26121
5.5047	0.26101
5.5105	0.26077
5.5164	0.26059
5.5223	0.26041
5.5281	0.26028
5.534	0.26012
5.54	0.25998
5.5459	0.25982
5.5518	0.25963
5.5578	0.25940
5.5637	0.25925
5.5697	0.25915
5.5757	0.25903
5.5817	0.25867
5.5877	0.25851
5.5937	0.25849
5.5998	0.25841
5.6058	0.25820
5.6119	0.25808
5.618	0.25787
5.6241	0.25768
5.6302	0.25751
5.6363	0.25740
5.6424	0.25708
5.6486	0.25683
5.6547	0.25681
5.6609	0.25667
5.6671	0.25658
5.6733	0.25644
5.6795	0.25619
5.6857	0.25620
5.692	0.25621
5.6982	0.25616
5.7045	0.25626
5.7108	0.25619
5.7171	0.25603
5.7234	0.25600
5.7297	0.25600
5.7361	0.25600
5.7424	0.25593
5.7488	0.25579
5.7551	0.25562
5.7615	0.25564
5.768	0.25513
5.7744	0.25484
5.7808	0.25477
5.7873	0.25453
5.7937	0.25432
5.8002	0.25415
5.8067	0.25391
5.8132	0.25377
5.8197	0.25343
5.8263	0.25297
5.8328	0.25280
5.8394	0.25265
5.846	0.25246
5.8526	0.25231
5.8592	0.25217
5.8658	0.25192
5.8725	0.25186
5.8791	0.25164
5.8858	0.25107
5.8925	0.25113
5.8992	0.25078
5.9059	0.25070
5.9126	0.25075
5.9194	0.25060
5.9262	0.25049
5.9329	0.25039
5.9397	0.24981
5.9465	0.24970
5.9534	0.24972
5.9602	0.24968
5.9671	0.24949
5.974	0.24915
5.9808	0.24914
5.9878	0.24905
5.9947	0.24884
6.0016	0.24884
6.0086	0.24881
6.0155	0.24855
6.0225	0.24834
6.0295	0.24828
6.0365	0.24822
6.0436	0.24813
6.0506	0.24739
6.0577	0.24712
6.0648	0.24726
6.0719	0.24697
6.079	0.24654
6.0861	0.24632
6.0933	0.24603
6.1005	0.24574
6.1076	0.24554
6.1149	0.24497
6.1221	0.24452
6.1293	0.24440
6.1365	0.24411
6.1438	0.24371
6.1511	0.24332
6.1584	0.24297
6.1657	0.24258
6.1731	0.24232
6.1804	0.24206
6.1878	0.24159
6.1952	0.24129
6.2026	0.24115
6.21	0.24086
6.2175	0.24053
6.225	0.24023
6.2324	0.23994
6.2399	0.23958
6.2475	0.23929
6.255	0.23899
6.2625	0.23876
6.2701	0.23852
6.2777	0.23828
6.2853	0.23796
6.2929	0.23765
6.3006	0.23740
6.3083	0.23718
6.3159	0.23689
6.3236	0.23667
6.3314	0.23647
6.3391	0.23633
6.3469	0.23588
6.3546	0.23566
6.3624	0.23560
6.3703	0.23539
6.3781	0.23515
6.3859	0.23509
6.3938	0.23495
6.4017	0.23495
6.4096	0.23480
6.4176	0.23429
6.4255	0.23424
6.4335	0.23426
6.4415	0.23407
6.4495	0.23396
6.4575	0.23365
6.4656	0.23349
6.4736	0.23324
6.4817	0.23301
6.4898	0.23262
6.498	0.23211
6.5061	0.23190
6.5143	0.23183
6.5225	0.23135
6.5307	0.23102
6.5389	0.23086
6.5472	0.23063
6.5555	0.23020
6.5638	0.22996
6.5721	0.22956
6.5804	0.22912
6.5888	0.22891
6.5972	0.22859
6.6056	0.22831
6.614	0.22797
6.6225	0.22757
6.6309	0.22728
6.6394	0.22656
6.6479	0.22608
6.6565	0.22584
6.665	0.22548
6.6736	0.22505
6.6822	0.22453
6.6908	0.22397
6.6995	0.22368
6.7081	0.22322
6.7168	0.22265
6.7255	0.22213
6.7343	0.22162
6.743	0.22117
6.7518	0.22075
6.7606	0.22030
6.7694	0.21992
6.7783	0.21948
6.7871	0.21904
6.796	0.21845
6.805	0.21804
6.8139	0.21760
6.8229	0.21706
6.8319	0.21633
6.8409	0.21580
6.8499	0.21533
6.859	0.21475
6.868	0.21380
6.8772	0.21322
6.8863	0.21267
6.8955	0.21202
6.9046	0.21124
6.9138	0.21050
6.9231	0.20986
6.9323	0.20924
6.9416	0.20856
6.9509	0.20794
6.9602	0.20709
6.9696	0.20629
6.979	0.20564
6.9884	0.20495
6.9978	0.20424
7.0073	0.20362
7.0168	0.20299
7.0263	0.20234
7.0358	0.20181
7.0454	0.20123
7.0549	0.20058
7.0645	0.20021
7.0742	0.19984
7.0839	0.19952
7.0935	0.19915
7.1033	0.19887
7.113	0.19855
7.1228	0.19833
7.1326	0.19814
7.1424	0.19797
7.1522	0.19771
7.1621	0.19759
7.172	0.19741
7.182	0.19727
7.1919	0.19714
7.2019	0.19703
7.2119	0.19679
7.222	0.19660
7.232	0.19640
7.2421	0.19621
7.2523	0.19593
7.2624	0.19568
7.2726	0.19539
7.2828	0.19508
7.2931	0.19478
7.3033	0.19453
7.3136	0.19422
7.324	0.19395
7.3343	0.19362
7.3447	0.19330
7.3551	0.19300
7.3656	0.19277
7.3761	0.19245
7.3866	0.19214
7.3971	0.19182
7.4077	0.19156
7.4183	0.19126
7.4289	0.19101
7.4396	0.19071
7.4503	0.19051
7.461	0.19025
7.4717	0.18996
7.4825	0.18967
7.4933	0.18946
7.5042	0.18925
7.515	0.18902
7.5259	0.18870
7.5369	0.18844
7.5479	0.18816
7.5589	0.18791
7.5699	0.18762
7.581	0.18737
7.592	0.18709
7.6032	0.18683
7.6144	0.18649
7.6255	0.18618
7.6368	0.18584
7.648	0.18555
7.6593	0.18522
7.6707	0.18493
7.682	0.18458
7.6934	0.18424
7.7049	0.18389
7.7163	0.18358
7.7278	0.18323
7.7394	0.18287
7.7509	0.18247
7.7625	0.18215
7.7742	0.18179
7.7858	0.18144
7.7975	0.18109
7.8093	0.18080
7.8211	0.18048
7.8329	0.18019
7.8447	0.17986
7.8566	0.17956
7.8685	0.17920
7.8805	0.17889
7.8925	0.17859
7.9045	0.17831
7.9166	0.17801
7.9287	0.17770
7.9408	0.17734
7.953	0.17706
7.9652	0.17672
7.9775	0.17636
7.9898	0.17593
8.0021	0.17555
8.0145	0.17519
8.0269	0.17486
8.0393	0.17448
8.0518	0.17410
8.0643	0.17369
8.0769	0.17332
8.0895	0.17289
8.1021	0.17249
8.1148	0.17206
8.1275	0.17165
8.1403	0.17118
8.1531	0.17075
8.1659	0.17033
8.1788	0.16988
8.1917	0.16940
8.2047	0.16898
8.2177	0.16848
8.2307	0.16802
8.2438	0.16754
8.2569	0.16710
8.2701	0.16661
8.2833	0.16616
8.2966	0.16568
8.3099	0.16521
8.3232	0.16474
8.3366	0.16431
8.35	0.16380
8.3635	0.16336
8.377	0.16288
8.3905	0.16240
8.4041	0.16192
8.4178	0.16145
8.4315	0.16094
8.4452	0.16054
8.459	0.16010
8.4728	0.15967
8.4867	0.15923
8.5006	0.15885
8.5145	0.15842
8.5285	0.15800
8.5426	0.15756
8.5567	0.15715
8.5708	0.15670
8.585	0.15634
8.5993	0.15595
8.6135	0.15555
8.6279	0.15507
8.6423	0.15462
8.6567	0.15410
8.6712	0.15365
8.6857	0.15310
8.7003	0.15256
8.7149	0.15196
8.7296	0.15142
8.7443	0.15085
8.759	0.15031
8.7739	0.14975
8.7887	0.14922
8.8037	0.14863
8.8186	0.14815
8.8337	0.14764
8.8487	0.14717
8.8638	0.14670
8.879	0.14625
8.8943	0.14573
8.9095	0.14524
8.9249	0.14468
8.9403	0.14415
8.9557	0.14355
8.9712	0.14297
8.9868	0.14234
9.0023	0.14174
9.018	0.14110
9.0337	0.14045
9.0495	0.13968
9.0653	0.13897
9.0812	0.13823
9.0971	0.13752
9.1131	0.13671
9.1291	0.13590
9.1452	0.13505
9.1614	0.13426
9.1776	0.13335
9.1939	0.13251
9.2102	0.13163
9.2266	0.13078
9.243	0.12991
9.2595	0.12909
9.2761	0.12821
9.2927	0.12743
9.3094	0.12659
9.3262	0.12579
9.343	0.12496
9.3598	0.12427
9.3768	0.12352
9.3937	0.12280
9.4108	0.12205
9.4279	0.12139
9.4451	0.12061
9.4623	0.11993
9.4796	0.11924
9.497	0.11863
9.5144	0.11802
9.5319	0.11742
9.5494	0.11668
9.567	0.11594
9.5847	0.11509
9.6025	0.11432
9.6203	0.11355
9.6382	0.11282
9.6561	0.11207
9.6742	0.11141
9.6922	0.11068
9.7104	0.11008
9.7286	0.10942
9.7469	0.10890
9.7652	0.10828
9.7837	0.10769
9.8022	0.10703
9.8207	0.10640
9.8394	0.10571
9.8581	0.10512
9.8768	0.10448
9.8957	0.10388
9.9146	0.10329
9.9336	0.10283
9.9527	0.10228
9.9718	0.10180
9.991	0.10125
10.0103	0.10067
10.0297	0.10001
10.0491	0.09941
10.0686	0.09870
10.0882	0.09804
10.1079	0.09734
10.1276	0.09666
10.1474	0.09590
10.1673	0.09529
10.1873	0.09463
10.2074	0.09402
10.2275	0.09333
10.2477	0.09278
10.268	0.09216
10.2884	0.09157
10.3088	0.09087
10.3294	0.09027
10.35	0.08961
10.3707	0.08894
10.3915	0.08816
10.4123	0.08741
10.4333	0.08660
10.4543	0.08584
10.4755	0.08499
10.4967	0.08425
10.518	0.08336
10.5393	0.08250
10.5608	0.08158
10.5823	0.08069
10.604	0.07973
10.6257	0.07887
10.6475	0.07790
10.6694	0.07695
10.6914	0.07596
10.7135	0.07504
10.7357	0.07399
10.758	0.07298
10.7803	0.07192
10.8028	0.07098
10.8254	0.06999
10.848	0.06910
10.8708	0.06816
10.8936	0.06728
10.9165	0.06633
10.9395	0.06549
10.9627	0.06449
10.9859	0.06358
11.0092	0.06261
11.0327	0.06168
11.0562	0.06063
11.0798	0.05963
11.1035	0.05853
11.1273	0.05753
11.1513	0.05649
11.1753	0.05551
11.1995	0.05441
11.2237	0.05337
11.248	0.05222
11.2725	0.05122
11.297	0.05012
11.3217	0.04913
11.3465	0.04802
11.3714	0.04700
11.3964	0.04589
11.4215	0.04483
11.4467	0.04365
11.472	0.04261
11.4975	0.04146
11.523	0.04038
11.5487	0.03927
11.5745	0.03828
11.6003	0.03713
11.6263	0.03610
11.6525	0.03504
11.6787	0.03410
11.7051	0.03299
11.7316	0.03195
11.7582	0.03090
11.7849	0.02998
11.8117	0.02893
11.8387	0.02797
11.8658	0.02698
11.893	0.02611
11.9203	0.02511
11.9478	0.02426
11.9754	0.02337
12.0031	0.02265
12.031	0.02174
12.059	0.02095
12.0871	0.02014
12.1153	0.01950
12.1437	0.01872
12.1722	0.01804
12.2008	0.01729
12.2296	0.01669
12.2585	0.01603
12.2876	0.01547
12.3168	0.01479
12.3461	0.01436
12.3755	0.01389
12.4051	0.01352
12.4349	0.01303
12.4648	0.01271
12.4948	0.01237
12.525	0.01218
12.5553	0.01198
12.5858	0.01192
12.6164	0.01181
12.6472	0.01188
12.6781	0.01191
12.7092	0.01219
12.7404	0.01249
12.7718	0.01292
12.8033	0.01345
12.835	0.01422
12.8669	0.01492
12.8989	0.01588
12.9311	0.01694
12.9634	0.01823
12.9959	0.01957
13.0285	0.02118
13.0613	0.02282
13.0943	0.02473
13.1275	0.02675
13.1608	0.02902
13.1943	0.03132
13.228	0.03386
13.2618	0.03642
13.2958	0.03919
13.33	0.04196
13.3643	0.04490
13.3988	0.04772
13.4336	0.05053
13.4685	0.05328
13.5035	0.05602
13.5388	0.05855
13.5742	0.06099
13.6099	0.06307
13.6457	0.06504
13.6817	0.06674
13.7179	0.06829
13.7543	0.06964
13.7908	0.07089
13.8276	0.07193
13.8646	0.07287
13.9018	0.07363
13.9392	0.07444
13.9767	0.07507
14.0145	0.07574
14.0525	0.07628
14.0907	0.07688
14.129	0.07739
14.1676	0.07796
14.2065	0.07837
14.2455	0.07889
14.2847	0.07925
14.3242	0.07967
14.3639	0.08002
14.4038	0.08040
14.4439	0.08077
14.4843	0.08119
14.5248	0.08138
14.5656	0.08168
14.6067	0.08191
14.6479	0.08216
14.6894	0.08227
14.7312	0.08245
14.7731	0.08256
14.8153	0.08274
14.8578	0.08273
14.9005	0.08269
14.9434	0.08259
14.9866	0.08252
15.03	0.08234
15.0737	0.08222
15.1177	0.08197
15.1619	0.08178
15.2063	0.08152
15.2511	0.08132
15.2961	0.08105
15.3413	0.08083
15.3868	0.08045
15.4326	0.08015
15.4787	0.07985
15.525	0.07966
15.5717	0.07928
15.6186	0.07886
15.6658	0.07844
15.7132	0.07822
15.761	0.07772
15.809	0.07727
15.8574	0.07686
15.906	0.07658
15.955	0.07619
16.0042	0.07575
16.0538	0.07524
16.1036	0.07489
16.1538	0.07438
16.2043	0.07392
16.2551	0.07353
16.3062	0.07337
16.3576	0.07313
16.4094	0.07306
16.4615	0.07302
16.5139	0.07317
16.5667	0.07333
16.6198	0.07360
16.6732	0.07390
16.727	0.07445
16.7811	0.07492
16.8356	0.07556
16.8905	0.07618
16.9457	0.07712
17.0012	0.07785
17.0572	0.07870
17.1134	0.07941
17.1701	0.08026
17.2272	0.08114
17.2846	0.08198
17.3424	0.08247
17.4006	0.08318
17.4592	0.08382
17.5182	0.08452
17.5775	0.08506
17.6373	0.08568
17.6975	0.08602
17.7581	0.08650
17.8192	0.08694
17.8806	0.08752
17.9425	0.08796
18.0048	0.08839
18.0675	0.08852
18.1307	0.08890
18.1943	0.08930
18.2584	0.08965
18.3229	0.08971
18.3879	0.09013
18.4533	0.09050
18.5192	0.09099
18.5856	0.09116
18.6524	0.09141
18.7198	0.09160
18.7876	0.09191
18.8559	0.09203
18.9247	0.09231
18.9941	0.09246
19.0639	0.09269
19.1342	0.09278
19.2051	0.09296
19.2765	0.09279
19.3484	0.09301
19.4209	0.09312
19.4939	0.09328
19.5675	0.09316
19.6416	0.09282
19.7163	0.09257
19.7916	0.09205
19.8674	0.09146
19.9438	0.09134
20.0208	0.09125
20.0984	0.09091
20.1766	0.09048
20.2554	0.09035
20.3349	0.08985
20.4149	0.08942
20.4956	0.08888
20.5769	0.08821
20.6589	0.08773
20.7416	0.08755
20.8248	0.08676
20.9088	0.08620
20.9935	0.08588
21.0788	0.08544
21.1648	0.08530
21.2516	0.08543
21.3391	0.08505
21.4272	0.08469
21.5161	0.08442
21.6058	0.08466
21.6962	0.08477
21.7873	0.08489
21.8793	0.08498
21.972	0.08577
22.0655	0.08637
22.1598	0.08673
22.2549	0.08715
22.3508	0.08798
22.4476	0.08871
22.5452	0.08906
22.6436	0.08998
22.7429	0.09108
22.8431	0.09179
22.9442	0.09242
23.0462	0.09282
23.1491	0.09329
23.2529	0.09417
23.3576	0.09498
23.4633	0.09487
23.5699	0.09437
23.6776	0.09407
23.7862	0.09426
23.8958	0.09411
24.0064	0.09342
24.1181	0.09272
24.2308	0.09209
24.3445	0.09122
24.4593	0.09028
24.5753	0.08904
24.6923	0.08785
24.8104	0.08640
24.9297	0.08475
25.0501	0.08328
25.1717	0.08250
25.2945	0.08106
25.4185	0.07968
25.5437	0.07866
25.6702	0.07782
25.7979	0.07624
25.9269	0.07456
26.0572	0.07267
26.1888	0.07102
26.3217	0.07032
26.456	0.06944
26.5917	0.06807
26.7288	0.06693
26.8672	0.06656
27.0072	0.06708
27.1486	0.06690
27.2915	0.06674
27.4359	0.06692
27.5818	0.06670
27.7293	0.06678
27.8784	0.06720
28.0291	0.06649
28.1814	0.06595
28.3354	0.06566
28.4911	0.06567
28.6485	0.06534
28.8077	0.06516
28.9686	0.06527
29.1313	0.06549
29.2959	0.06610
29.4624	0.06656
29.6307	0.06621
29.801	0.06697
29.9733	0.06680
30.1475	0.06617
30.3238	0.06597
30.5022	0.06637
30.6827	0.06793
30.8653	0.06928
31.0502	0.06917
31.2372	0.06897
31.4265	0.06878
31.6182	0.06969
31.8121	0.07017
32.0085	0.07126
32.2073	0.07263
32.4086	0.07437
32.6124	0.07758
32.8188	0.08062
33.0279	0.08274
33.2396	0.08523
33.4541	0.08743
33.6713	0.09048
33.8914	0.09169
34.1143	0.09375
34.3403	0.09699
34.5692	0.09831
34.8012	0.09897
35.0363	0.10051
35.2747	0.10211
35.5163	0.10193
35.7612	0.10267
36.0096	0.10552
36.2614	0.10614
36.5167	0.10612
36.7757	0.10627
37.0384	0.10623
37.3049	0.10648
37.5752	0.10702
37.8495	0.10746
38.1278	0.10793
38.4102	0.10753
38.6968	0.10688
38.9878	0.10717
39.2832	0.10958
39.583	0.10745
39.8875	0.10594
40.1967	0.10661
40.5108	0.10683
40.8297	0.10309
41.1538	0.10161
41.483	0.10106
41.8176	0.09843
42.1575	0.09588
42.5031	0.09743
42.8544	0.09717
43.2115	0.09446
43.5746	0.09244
43.9439	0.09141
44.3195	0.08981
44.7015	0.08771
45.0902	0.08985
45.4858	0.09387
45.8883	0.09864
46.298	0.10077
46.7151	0.09848
47.1398	0.10174
47.5723	0.10126
48.0128	0.09773
48.4615	0.09788
48.9186	0.09642
49.3846	0.09451
49.8594	0.09714
50.3435	0.09968
50.837	0.10072
51.3404	0.09861
51.8538	0.09991
52.3776	0.09873
52.912	0.09563
53.4575	0.09780
54.0144	0.09775
54.5829	0.09870
55.1636	0.09516
55.7568	0.09414
56.3628	0.09886
56.9822	0.10185
57.6153	0.10398
58.2627	0.10405
58.9247	0.09656
59.602	0.09020
60.2951	0.09347
61.0044	0.09209
61.7307	0.09179
62.4744	0.09804
63.2363	0.10351
64.017	0.10754
64.8172	0.10318
65.6377	0.10497
66.4792	0.11611
67.3426	0.11170
68.2286	0.10580
69.1384	0.10817
70.0727	0.10476
71.0326	0.08953
72.0191	0.09073
73.0335	0.09759
74.0768	0.10137
75.1504	0.10643
76.2555	0.10714
77.3937	0.10754
78.5663	0.10327
79.775	0.11346
81.0215	0.12172
82.3076	0.12776
83.6351	0.10676
85.0062	0.10719
86.423	0.12362
87.8878	0.12340
89.403	0.11068
90.9715	0.12159
92.596	0.13073
94.2796	0.14124
96.0255	0.14529
97.8373	0.12189
99.7188	0.11635
