Brown University Keck/NASA Relab Spectrum IL-PJI-008/BKR2IL008
Wavelength(micron)	Reflectance
0.28	0.05286
0.285	0.05100
0.29	0.05001
0.295	0.04891
0.3	0.04838
0.305	0.04775
0.31	0.04752
0.315	0.04759
0.32	0.04766
0.325	0.04783
0.33	0.04792
0.335	0.04772
0.34	0.04756
0.345	0.04727
0.35	0.04706
0.355	0.04685
0.36	0.04703
0.365	0.04643
0.37	0.04625
0.375	0.04576
0.38	0.04545
0.385	0.04501
0.39	0.04470
0.395	0.04429
0.4	0.04399
0.405	0.04357
0.41	0.04324
0.415	0.04276
0.42	0.04242
0.425	0.04193
0.43	0.04154
0.435	0.04113
0.44	0.04075
0.445	0.04033
0.45	0.03998
0.455	0.03950
0.46	0.03925
0.465	0.03891
0.47	0.03869
0.475	0.03853
0.48	0.03838
0.485	0.03825
0.49	0.03820
0.495	0.03808
0.5	0.03805
0.505	0.03794
0.51	0.03795
0.515	0.03794
0.52	0.03796
0.525	0.03793
0.53	0.03798
0.535	0.03796
0.54	0.03803
0.545	0.03805
0.55	0.03809
0.555	0.03810
0.56	0.03812
0.565	0.03820
0.57	0.03825
0.575	0.03832
0.58	0.03845
0.585	0.03848
0.59	0.03859
0.595	0.03871
0.6	0.03880
0.605	0.03895
0.61	0.03908
0.615	0.03919
0.62	0.03933
0.625	0.03951
0.63	0.03961
0.635	0.03979
0.64	0.03990
0.645	0.04010
0.65	0.04021
0.655	0.04030
0.66	0.04038
0.665	0.04060
0.67	0.04100
0.675	0.04140
0.68	0.04175
0.685	0.04214
0.69	0.04241
0.695	0.04276
0.7	0.04303
0.705	0.04336
0.71	0.04362
0.715	0.04392
0.72	0.04421
0.725	0.04458
0.73	0.04488
0.735	0.04524
0.74	0.04563
0.745	0.04601
0.75	0.04642
0.755	0.04694
0.76	0.04730
0.765	0.04792
0.77	0.04849
0.775	0.04904
0.78	0.04950
0.785	0.05025
0.79	0.05089
0.795	0.05165
0.8	0.05221
0.805	0.05329
0.81	0.05409
0.815	0.05489
0.82	0.05582
0.825	0.05694
0.83	0.05803
0.835	0.05907
0.84	0.06015
0.845	0.06161
0.85	0.06272
0.855	0.06428
0.86	0.06572
0.865	0.06705
0.87	0.06858
0.875	0.07005
0.88	0.07162
0.885	0.07327
0.89	0.07523
0.895	0.07668
0.9	0.07867
0.905	0.08007
0.91	0.08220
0.915	0.08346
0.92	0.08599
0.925	0.08753
0.93	0.08888
0.935	0.09005
0.94	0.09155
0.945	0.09284
0.95	0.09435
0.955	0.09536
0.96	0.09650
0.965	0.09698
0.97	0.09741
0.9703	0.09741
0.9704	0.09757
0.9706	0.09750
0.9708	0.09725
0.971	0.09730
0.9712	0.09757
0.9713	0.09759
0.9715	0.09747
0.9717	0.09751
0.9719	0.09779
0.9721	0.09783
0.9723	0.09793
0.9724	0.09792
0.9726	0.09776
0.9728	0.09756
0.973	0.09751
0.9732	0.09783
0.9733	0.09823
0.9735	0.09840
0.9737	0.09818
0.9739	0.09811
0.9741	0.09827
0.9743	0.09835
0.9745	0.09788
0.9746	0.09767
0.9748	0.09785
0.975	0.09834
0.9752	0.09852
0.9754	0.09837
0.9755	0.09813
0.9757	0.09814
0.9759	0.09825
0.9761	0.09833
0.9763	0.09848
0.9765	0.09845
0.9767	0.09843
0.9768	0.09839
0.977	0.09840
0.9772	0.09842
0.9774	0.09868
0.9776	0.09877
0.9778	0.09876
0.9779	0.09849
0.9781	0.09826
0.9783	0.09842
0.9785	0.09875
0.9787	0.09895
0.9789	0.09908
0.979	0.09887
0.9792	0.09870
0.9794	0.09864
0.9796	0.09883
0.9798	0.09874
0.98	0.09887
0.9802	0.09913
0.9803	0.09909
0.9805	0.09906
0.9807	0.09899
0.9809	0.09902
0.9811	0.09909
0.9813	0.09935
0.9815	0.09951
0.9817	0.09918
0.9818	0.09888
0.982	0.09883
0.9822	0.09890
0.9824	0.09875
0.9826	0.09880
0.9828	0.09900
0.983	0.09922
0.9831	0.09921
0.9833	0.09922
0.9835	0.09920
0.9837	0.09909
0.9839	0.09921
0.9841	0.09956
0.9843	0.09955
0.9844	0.09957
0.9846	0.09915
0.9848	0.09917
0.985	0.09954
0.9852	0.09952
0.9854	0.09954
0.9856	0.09965
0.9858	0.09968
0.9859	0.09962
0.9861	0.09953
0.9863	0.09948
0.9865	0.09922
0.9867	0.09930
0.9869	0.09928
0.9871	0.09944
0.9873	0.09967
0.9874	0.09970
0.9876	0.09981
0.9878	0.09983
0.988	0.09965
0.9882	0.09969
0.9884	0.09986
0.9886	0.09963
0.9888	0.09951
0.989	0.09961
0.9891	0.09955
0.9893	0.09995
0.9895	0.10003
0.9897	0.09962
0.9899	0.09946
0.9901	0.09942
0.9903	0.09929
0.9905	0.09940
0.9907	0.09977
0.9908	0.09992
0.991	0.09955
0.9912	0.09950
0.9914	0.09969
0.9916	0.09974
0.9918	0.09966
0.992	0.09961
0.9922	0.09986
0.9924	0.09994
0.9925	0.09995
0.9927	0.10009
0.9929	0.10010
0.9931	0.10009
0.9933	0.10017
0.9935	0.09990
0.9937	0.09976
0.9939	0.09973
0.9941	0.10007
0.9943	0.10042
0.9945	0.10039
0.9946	0.10032
0.9948	0.09987
0.995	0.09965
0.9952	0.09991
0.9954	0.10012
0.9956	0.10010
0.9958	0.09996
0.996	0.09989
0.9962	0.10017
0.9964	0.10037
0.9965	0.10047
0.9967	0.10043
0.9969	0.10008
0.9971	0.10000
0.9973	0.09995
0.9975	0.10008
0.9977	0.10016
0.9979	0.10001
0.9981	0.09987
0.9983	0.10007
0.9985	0.10029
0.9987	0.10037
0.9989	0.10022
0.999	0.10032
0.9992	0.10049
0.9994	0.10042
0.9996	0.10027
0.9998	0.10029
1	0.10046
1.0002	0.10028
1.0004	0.10017
1.0006	0.10030
1.0008	0.10022
1.001	0.10023
1.0012	0.10036
1.0014	0.10042
1.0016	0.10039
1.0018	0.10050
1.0019	0.10049
1.0021	0.10025
1.0023	0.10015
1.0025	0.10032
1.0027	0.10034
1.0029	0.10016
1.0031	0.10008
1.0033	0.10032
1.0035	0.10069
1.0037	0.10063
1.0039	0.10039
1.0041	0.10053
1.0043	0.10047
1.0045	0.10025
1.0047	0.10033
1.0049	0.10045
1.005	0.10057
1.0053	0.10057
1.0054	0.10026
1.0056	0.10028
1.0058	0.10041
1.006	0.10039
1.0062	0.10041
1.0064	0.10047
1.0066	0.10041
1.0068	0.10021
1.007	0.10013
1.0072	0.10016
1.0074	0.10046
1.0076	0.10054
1.0078	0.10040
1.008	0.10023
1.0082	0.10033
1.0084	0.10056
1.0086	0.10059
1.0088	0.10031
1.009	0.10017
1.0092	0.10027
1.0094	0.10037
1.0095	0.10046
1.0098	0.10040
1.01	0.10026
1.0101	0.10034
1.0103	0.10030
1.0105	0.10008
1.0107	0.10005
1.0109	0.10024
1.0111	0.10038
1.0113	0.10048
1.0115	0.10053
1.0117	0.10040
1.0119	0.10031
1.0121	0.10039
1.0123	0.10052
1.0125	0.10029
1.0127	0.10020
1.0129	0.10033
1.0131	0.10030
1.0133	0.10024
1.0135	0.10027
1.0137	0.10034
1.0139	0.10040
1.0141	0.10042
1.0143	0.10029
1.0145	0.10025
1.0147	0.10017
1.0149	0.10009
1.0151	0.10017
1.0153	0.10023
1.0155	0.10020
1.0157	0.10009
1.0159	0.10005
1.0161	0.10038
1.0163	0.10047
1.0165	0.10036
1.0167	0.10039
1.0169	0.10002
1.0171	0.09981
1.0173	0.09998
1.0175	0.10023
1.0177	0.10042
1.0179	0.10026
1.0181	0.10002
1.0183	0.10012
1.0185	0.10021
1.0187	0.10024
1.0189	0.10039
1.0191	0.10033
1.0193	0.10006
1.0195	0.09995
1.0197	0.10002
1.0199	0.10000
1.0201	0.10002
1.0203	0.10002
1.0205	0.09999
1.0207	0.09994
1.0209	0.10015
1.0211	0.10027
1.0213	0.10000
1.0215	0.09994
1.0217	0.10009
1.0219	0.10011
1.0221	0.10000
1.0223	0.09979
1.0225	0.09978
1.0227	0.09974
1.0229	0.09962
1.0231	0.09988
1.0233	0.09994
1.0235	0.09995
1.0237	0.10011
1.0239	0.10008
1.0241	0.09997
1.0243	0.10003
1.0245	0.09998
1.0247	0.09984
1.0249	0.09985
1.0251	0.09986
1.0253	0.09992
1.0255	0.10006
1.0257	0.10018
1.0259	0.10006
1.0261	0.09994
1.0263	0.09995
1.0265	0.09992
1.0268	0.09983
1.0269	0.09981
1.0272	0.09976
1.0274	0.09962
1.0276	0.09958
1.0278	0.09950
1.028	0.09946
1.0282	0.09967
1.0284	0.09959
1.0286	0.09949
1.0288	0.09969
1.029	0.09965
1.0292	0.09926
1.0294	0.09932
1.0296	0.09941
1.0298	0.09924
1.03	0.09927
1.0302	0.09959
1.0304	0.09983
1.0306	0.09973
1.0308	0.09966
1.031	0.09959
1.0312	0.09943
1.0314	0.09927
1.0317	0.09904
1.0318	0.09889
1.0321	0.09906
1.0323	0.09930
1.0325	0.09926
1.0327	0.09940
1.0329	0.09939
1.0331	0.09929
1.0333	0.09930
1.0335	0.09927
1.0337	0.09929
1.0339	0.09937
1.0341	0.09929
1.0343	0.09916
1.0345	0.09915
1.0347	0.09897
1.0349	0.09885
1.0352	0.09893
1.0354	0.09915
1.0356	0.09900
1.0358	0.09894
1.036	0.09901
1.0362	0.09898
1.0364	0.09895
1.0366	0.09881
1.0368	0.09882
1.037	0.09886
1.0372	0.09884
1.0374	0.09883
1.0376	0.09876
1.0378	0.09880
1.0381	0.09879
1.0383	0.09863
1.0385	0.09857
1.0387	0.09868
1.0389	0.09850
1.0391	0.09842
1.0393	0.09860
1.0395	0.09856
1.0397	0.09852
1.0399	0.09843
1.0401	0.09834
1.0403	0.09840
1.0406	0.09862
1.0408	0.09877
1.041	0.09889
1.0412	0.09862
1.0414	0.09841
1.0416	0.09851
1.0418	0.09838
1.042	0.09834
1.0422	0.09845
1.0424	0.09856
1.0426	0.09846
1.0428	0.09826
1.0431	0.09813
1.0433	0.09810
1.0435	0.09804
1.0437	0.09800
1.0439	0.09801
1.0441	0.09794
1.0443	0.09786
1.0445	0.09794
1.0448	0.09812
1.045	0.09819
1.0452	0.09794
1.0454	0.09755
1.0456	0.09753
1.0458	0.09783
1.046	0.09793
1.0462	0.09795
1.0464	0.09806
1.0466	0.09790
1.0469	0.09785
1.0471	0.09777
1.0473	0.09784
1.0475	0.09787
1.0477	0.09781
1.0479	0.09783
1.0481	0.09772
1.0483	0.09754
1.0486	0.09752
1.0488	0.09745
1.049	0.09749
1.0492	0.09736
1.0494	0.09717
1.0496	0.09722
1.0498	0.09743
1.05	0.09746
1.0503	0.09747
1.0505	0.09741
1.0507	0.09730
1.0509	0.09718
1.0511	0.09726
1.0513	0.09722
1.0515	0.09713
1.0517	0.09699
1.0519	0.09686
1.0522	0.09685
1.0524	0.09707
1.0526	0.09705
1.0528	0.09691
1.053	0.09695
1.0532	0.09692
1.0534	0.09675
1.0537	0.09667
1.0539	0.09663
1.0541	0.09676
1.0543	0.09688
1.0545	0.09680
1.0547	0.09660
1.0549	0.09654
1.0552	0.09668
1.0554	0.09672
1.0556	0.09670
1.0558	0.09678
1.056	0.09679
1.0562	0.09678
1.0564	0.09656
1.0567	0.09639
1.0569	0.09629
1.0571	0.09632
1.0573	0.09647
1.0575	0.09635
1.0578	0.09617
1.058	0.09611
1.0582	0.09628
1.0584	0.09639
1.0586	0.09619
1.0588	0.09615
1.059	0.09645
1.0593	0.09632
1.0595	0.09606
1.0597	0.09616
1.0599	0.09625
1.0601	0.09609
1.0603	0.09606
1.0606	0.09604
1.0608	0.09595
1.061	0.09578
1.0612	0.09573
1.0614	0.09588
1.0617	0.09586
1.0619	0.09576
1.0621	0.09589
1.0623	0.09596
1.0625	0.09594
1.0627	0.09574
1.0629	0.09564
1.0632	0.09556
1.0634	0.09556
1.0636	0.09563
1.0638	0.09552
1.064	0.09536
1.0643	0.09529
1.0645	0.09518
1.0647	0.09526
1.0649	0.09528
1.0651	0.09528
1.0653	0.09530
1.0656	0.09520
1.0658	0.09502
1.066	0.09478
1.0662	0.09486
1.0664	0.09503
1.0667	0.09493
1.0669	0.09495
1.0671	0.09510
1.0673	0.09506
1.0676	0.09501
1.0678	0.09501
1.068	0.09503
1.0682	0.09499
1.0684	0.09498
1.0687	0.09474
1.0689	0.09451
1.0691	0.09469
1.0693	0.09474
1.0695	0.09463
1.0698	0.09459
1.07	0.09454
1.0702	0.09451
1.0704	0.09457
1.0706	0.09450
1.0708	0.09442
1.0711	0.09444
1.0713	0.09430
1.0715	0.09423
1.0717	0.09429
1.072	0.09429
1.0722	0.09420
1.0724	0.09423
1.0726	0.09423
1.0728	0.09421
1.0731	0.09420
1.0733	0.09416
1.0735	0.09408
1.0737	0.09393
1.074	0.09383
1.0742	0.09389
1.0744	0.09400
1.0746	0.09406
1.0748	0.09405
1.0751	0.09391
1.0753	0.09377
1.0755	0.09384
1.0757	0.09364
1.076	0.09340
1.0762	0.09337
1.0764	0.09348
1.0766	0.09350
1.0769	0.09352
1.0771	0.09347
1.0773	0.09342
1.0775	0.09338
1.0778	0.09324
1.078	0.09317
1.0782	0.09326
1.0784	0.09341
1.0787	0.09354
1.0789	0.09338
1.0791	0.09321
1.0793	0.09322
1.0796	0.09310
1.0798	0.09303
1.08	0.09305
1.0802	0.09291
1.0804	0.09289
1.0807	0.09298
1.0809	0.09297
1.0811	0.09286
1.0813	0.09294
1.0816	0.09297
1.0818	0.09299
1.082	0.09287
1.0823	0.09270
1.0825	0.09278
1.0827	0.09271
1.0829	0.09245
1.0832	0.09243
1.0834	0.09254
1.0836	0.09246
1.0838	0.09229
1.0841	0.09211
1.0843	0.09203
1.0845	0.09212
1.0848	0.09228
1.085	0.09230
1.0852	0.09219
1.0854	0.09227
1.0857	0.09222
1.0859	0.09210
1.0861	0.09218
1.0863	0.09218
1.0866	0.09217
1.0868	0.09212
1.087	0.09200
1.0873	0.09186
1.0875	0.09183
1.0877	0.09183
1.0879	0.09167
1.0882	0.09147
1.0884	0.09156
1.0886	0.09170
1.0888	0.09169
1.0891	0.09157
1.0893	0.09159
1.0895	0.09159
1.0898	0.09147
1.09	0.09131
1.0902	0.09141
1.0904	0.09144
1.0907	0.09132
1.0909	0.09139
1.0911	0.09129
1.0914	0.09124
1.0916	0.09109
1.0918	0.09094
1.0921	0.09112
1.0923	0.09118
1.0925	0.09092
1.0928	0.09087
1.093	0.09098
1.0932	0.09089
1.0934	0.09086
1.0937	0.09092
1.0939	0.09089
1.0941	0.09080
1.0944	0.09066
1.0946	0.09067
1.0948	0.09064
1.0951	0.09051
1.0953	0.09048
1.0955	0.09059
1.0958	0.09070
1.096	0.09057
1.0962	0.09035
1.0964	0.09037
1.0967	0.09033
1.0969	0.09015
1.0971	0.09021
1.0974	0.09029
1.0976	0.09033
1.0978	0.09030
1.0981	0.09010
1.0983	0.09000
1.0985	0.09003
1.0988	0.08998
1.099	0.08996
1.0992	0.08994
1.0995	0.08999
1.0997	0.08993
1.0999	0.08980
1.1002	0.08966
1.1004	0.08959
1.1006	0.08957
1.1009	0.08967
1.1011	0.08965
1.1013	0.08956
1.1016	0.08952
1.1018	0.08952
1.102	0.08961
1.1023	0.08958
1.1025	0.08936
1.1027	0.08932
1.103	0.08939
1.1032	0.08928
1.1034	0.08923
1.1037	0.08918
1.1039	0.08931
1.1042	0.08925
1.1044	0.08916
1.1046	0.08913
1.1049	0.08908
1.1051	0.08910
1.1053	0.08898
1.1056	0.08888
1.1058	0.08897
1.106	0.08894
1.1063	0.08879
1.1065	0.08875
1.1067	0.08882
1.107	0.08884
1.1072	0.08879
1.1074	0.08873
1.1077	0.08860
1.1079	0.08845
1.1082	0.08838
1.1084	0.08836
1.1086	0.08846
1.1089	0.08862
1.1091	0.08844
1.1093	0.08823
1.1096	0.08823
1.1098	0.08816
1.1101	0.08796
1.1103	0.08803
1.1105	0.08821
1.1108	0.08816
1.111	0.08804
1.1113	0.08797
1.1115	0.08795
1.1117	0.08795
1.112	0.08798
1.1122	0.08798
1.1124	0.08782
1.1127	0.08755
1.1129	0.08759
1.1132	0.08764
1.1134	0.08765
1.1136	0.08775
1.1139	0.08771
1.1141	0.08757
1.1143	0.08754
1.1146	0.08760
1.1148	0.08757
1.1151	0.08736
1.1153	0.08725
1.1156	0.08725
1.1158	0.08726
1.116	0.08735
1.1163	0.08741
1.1165	0.08730
1.1168	0.08717
1.117	0.08716
1.1172	0.08722
1.1175	0.08725
1.1177	0.08718
1.118	0.08711
1.1182	0.08712
1.1184	0.08712
1.1187	0.08705
1.1189	0.08688
1.1192	0.08671
1.1194	0.08667
1.1197	0.08659
1.1199	0.08656
1.1201	0.08655
1.1204	0.08662
1.1206	0.08670
1.1209	0.08663
1.1211	0.08662
1.1213	0.08654
1.1216	0.08642
1.1218	0.08636
1.1221	0.08635
1.1223	0.08635
1.1226	0.08633
1.1228	0.08635
1.123	0.08633
1.1233	0.08613
1.1235	0.08602
1.1238	0.08594
1.124	0.08602
1.1243	0.08608
1.1245	0.08596
1.1248	0.08596
1.125	0.08594
1.1252	0.08574
1.1255	0.08569
1.1257	0.08578
1.126	0.08583
1.1262	0.08582
1.1265	0.08580
1.1267	0.08574
1.1269	0.08566
1.1272	0.08570
1.1274	0.08574
1.1277	0.08566
1.1279	0.08557
1.1282	0.08555
1.1284	0.08553
1.1287	0.08539
1.1289	0.08536
1.1292	0.08544
1.1294	0.08532
1.1297	0.08515
1.1299	0.08501
1.1301	0.08501
1.1304	0.08519
1.1306	0.08524
1.1309	0.08514
1.1311	0.08499
1.1314	0.08495
1.1316	0.08503
1.1319	0.08505
1.1321	0.08498
1.1324	0.08473
1.1326	0.08474
1.1329	0.08498
1.1331	0.08489
1.1333	0.08477
1.1336	0.08475
1.1338	0.08466
1.1341	0.08469
1.1343	0.08464
1.1346	0.08457
1.1348	0.08455
1.1351	0.08448
1.1353	0.08441
1.1356	0.08440
1.1358	0.08433
1.1361	0.08438
1.1363	0.08435
1.1366	0.08433
1.1368	0.08427
1.1371	0.08431
1.1373	0.08424
1.1376	0.08411
1.1378	0.08407
1.1381	0.08404
1.1383	0.08407
1.1386	0.08408
1.1388	0.08404
1.1391	0.08398
1.1393	0.08388
1.1396	0.08380
1.1398	0.08384
1.1401	0.08393
1.1403	0.08382
1.1406	0.08365
1.1408	0.08370
1.1411	0.08377
1.1413	0.08369
1.1416	0.08354
1.1418	0.08352
1.1421	0.08360
1.1423	0.08354
1.1426	0.08339
1.1428	0.08341
1.1431	0.08348
1.1433	0.08347
1.1436	0.08345
1.1439	0.08336
1.1441	0.08332
1.1444	0.08335
1.1446	0.08326
1.1449	0.08321
1.1451	0.08320
1.1454	0.08303
1.1456	0.08290
1.1459	0.08302
1.1461	0.08302
1.1464	0.08284
1.1466	0.08281
1.1469	0.08289
1.1472	0.08306
1.1474	0.08302
1.1477	0.08285
1.1479	0.08275
1.1482	0.08272
1.1484	0.08267
1.1487	0.08261
1.1489	0.08263
1.1492	0.08253
1.1494	0.08238
1.1497	0.08240
1.1499	0.08248
1.1502	0.08255
1.1504	0.08249
1.1507	0.08246
1.151	0.08231
1.1512	0.08227
1.1515	0.08229
1.1517	0.08221
1.152	0.08211
1.1522	0.08204
1.1525	0.08220
1.1528	0.08224
1.153	0.08219
1.1533	0.08218
1.1535	0.08208
1.1538	0.08206
1.154	0.08214
1.1543	0.08203
1.1546	0.08189
1.1548	0.08184
1.1551	0.08179
1.1553	0.08180
1.1556	0.08179
1.1558	0.08178
1.1561	0.08178
1.1564	0.08180
1.1566	0.08182
1.1569	0.08170
1.1571	0.08164
1.1574	0.08162
1.1577	0.08147
1.1579	0.08140
1.1582	0.08150
1.1584	0.08155
1.1587	0.08149
1.1589	0.08147
1.1592	0.08133
1.1595	0.08120
1.1597	0.08132
1.16	0.08136
1.1602	0.08117
1.1605	0.08118
1.1608	0.08126
1.161	0.08120
1.1613	0.08108
1.1615	0.08101
1.1618	0.08103
1.1621	0.08106
1.1623	0.08102
1.1626	0.08099
1.1628	0.08105
1.1631	0.08106
1.1634	0.08094
1.1636	0.08081
1.1639	0.08079
1.1642	0.08079
1.1644	0.08084
1.1647	0.08071
1.1649	0.08061
1.1652	0.08069
1.1654	0.08074
1.1657	0.08071
1.166	0.08063
1.1662	0.08061
1.1665	0.08057
1.1668	0.08054
1.167	0.08062
1.1673	0.08062
1.1676	0.08039
1.1678	0.08025
1.1681	0.08026
1.1683	0.08036
1.1686	0.08043
1.1689	0.08031
1.1691	0.08023
1.1694	0.08018
1.1697	0.08026
1.1699	0.08028
1.1702	0.08022
1.1704	0.08018
1.1707	0.08005
1.171	0.08009
1.1713	0.08011
1.1715	0.08000
1.1718	0.07986
1.172	0.07987
1.1723	0.07983
1.1726	0.07980
1.1728	0.07992
1.1731	0.07990
1.1734	0.07984
1.1736	0.07984
1.1739	0.07982
1.1742	0.07968
1.1744	0.07962
1.1747	0.07965
1.175	0.07966
1.1752	0.07954
1.1755	0.07951
1.1758	0.07958
1.176	0.07960
1.1763	0.07954
1.1766	0.07936
1.1768	0.07932
1.1771	0.07928
1.1774	0.07932
1.1776	0.07947
1.1779	0.07940
1.1782	0.07936
1.1784	0.07940
1.1787	0.07938
1.179	0.07933
1.1792	0.07920
1.1795	0.07922
1.1798	0.07925
1.18	0.07923
1.1803	0.07920
1.1806	0.07914
1.1808	0.07916
1.1811	0.07913
1.1814	0.07912
1.1817	0.07909
1.1819	0.07894
1.1822	0.07896
1.1825	0.07899
1.1827	0.07896
1.183	0.07889
1.1833	0.07881
1.1835	0.07883
1.1838	0.07884
1.1841	0.07880
1.1844	0.07882
1.1846	0.07871
1.1849	0.07856
1.1852	0.07854
1.1854	0.07856
1.1857	0.07854
1.186	0.07855
1.1863	0.07850
1.1865	0.07842
1.1868	0.07853
1.1871	0.07864
1.1873	0.07854
1.1876	0.07840
1.1879	0.07835
1.1882	0.07830
1.1884	0.07837
1.1887	0.07828
1.189	0.07825
1.1893	0.07840
1.1895	0.07846
1.1898	0.07828
1.1901	0.07812
1.1903	0.07815
1.1906	0.07819
1.1909	0.07811
1.1912	0.07805
1.1914	0.07807
1.1917	0.07803
1.192	0.07801
1.1923	0.07806
1.1925	0.07806
1.1928	0.07796
1.1931	0.07790
1.1933	0.07793
1.1936	0.07786
1.1939	0.07781
1.1942	0.07780
1.1944	0.07781
1.1947	0.07790
1.195	0.07789
1.1953	0.07788
1.1956	0.07780
1.1958	0.07766
1.1961	0.07764
1.1964	0.07769
1.1967	0.07767
1.1969	0.07770
1.1972	0.07765
1.1975	0.07759
1.1978	0.07760
1.198	0.07749
1.1983	0.07742
1.1986	0.07742
1.1989	0.07743
1.1992	0.07749
1.1994	0.07759
1.1997	0.07755
1.2	0.07740
1.2003	0.07738
1.2005	0.07738
1.2008	0.07725
1.2011	0.07719
1.2014	0.07728
1.2017	0.07743
1.2019	0.07745
1.2022	0.07732
1.2025	0.07724
1.2028	0.07722
1.203	0.07719
1.2033	0.07716
1.2036	0.07717
1.2039	0.07717
1.2042	0.07712
1.2044	0.07702
1.2047	0.07694
1.205	0.07688
1.2053	0.07686
1.2056	0.07687
1.2058	0.07691
1.2061	0.07693
1.2064	0.07680
1.2067	0.07680
1.207	0.07690
1.2072	0.07690
1.2075	0.07689
1.2078	0.07689
1.2081	0.07678
1.2084	0.07673
1.2087	0.07680
1.2089	0.07679
1.2092	0.07666
1.2095	0.07663
1.2098	0.07671
1.2101	0.07667
1.2103	0.07663
1.2106	0.07659
1.2109	0.07649
1.2112	0.07645
1.2115	0.07647
1.2118	0.07650
1.212	0.07657
1.2123	0.07659
1.2126	0.07650
1.2129	0.07639
1.2132	0.07644
1.2135	0.07648
1.2137	0.07635
1.214	0.07627
1.2143	0.07623
1.2146	0.07624
1.2149	0.07630
1.2152	0.07629
1.2154	0.07623
1.2157	0.07620
1.216	0.07613
1.2163	0.07612
1.2166	0.07617
1.2169	0.07624
1.2172	0.07623
1.2174	0.07606
1.2177	0.07600
1.218	0.07607
1.2183	0.07610
1.2186	0.07610
1.2189	0.07601
1.2192	0.07597
1.2194	0.07595
1.2197	0.07590
1.22	0.07594
1.2203	0.07597
1.2206	0.07584
1.2209	0.07581
1.2212	0.07585
1.2215	0.07584
1.2218	0.07581
1.222	0.07578
1.2223	0.07569
1.2226	0.07576
1.2229	0.07587
1.2232	0.07584
1.2235	0.07573
1.2238	0.07568
1.2241	0.07577
1.2243	0.07583
1.2246	0.07573
1.2249	0.07565
1.2252	0.07564
1.2255	0.07558
1.2258	0.07563
1.2261	0.07572
1.2264	0.07560
1.2267	0.07552
1.227	0.07557
1.2273	0.07554
1.2275	0.07543
1.2278	0.07546
1.2281	0.07553
1.2284	0.07554
1.2287	0.07551
1.229	0.07546
1.2293	0.07543
1.2296	0.07545
1.2299	0.07538
1.2302	0.07537
1.2304	0.07535
1.2307	0.07536
1.231	0.07539
1.2313	0.07544
1.2316	0.07538
1.2319	0.07529
1.2322	0.07525
1.2325	0.07527
1.2328	0.07521
1.2331	0.07518
1.2334	0.07531
1.2337	0.07538
1.234	0.07535
1.2343	0.07527
1.2346	0.07522
1.2348	0.07523
1.2351	0.07527
1.2354	0.07524
1.2357	0.07519
1.236	0.07507
1.2363	0.07501
1.2366	0.07497
1.2369	0.07494
1.2372	0.07501
1.2375	0.07497
1.2378	0.07491
1.2381	0.07494
1.2384	0.07500
1.2387	0.07510
1.239	0.07505
1.2393	0.07497
1.2396	0.07494
1.2399	0.07493
1.2402	0.07492
1.2405	0.07502
1.2408	0.07500
1.2411	0.07485
1.2413	0.07481
1.2417	0.07485
1.2419	0.07483
1.2422	0.07480
1.2425	0.07481
1.2428	0.07474
1.2431	0.07466
1.2434	0.07461
1.2437	0.07463
1.244	0.07472
1.2443	0.07478
1.2446	0.07479
1.2449	0.07476
1.2452	0.07472
1.2455	0.07467
1.2458	0.07469
1.2461	0.07468
1.2464	0.07474
1.2467	0.07481
1.247	0.07477
1.2473	0.07479
1.2476	0.07471
1.2479	0.07461
1.2482	0.07460
1.2485	0.07458
1.2488	0.07457
1.2491	0.07459
1.2494	0.07454
1.2497	0.07459
1.25	0.07466
1.2503	0.07465
1.2506	0.07464
1.2509	0.07453
1.2512	0.07446
1.2515	0.07442
1.2518	0.07447
1.2521	0.07453
1.2524	0.07452
1.2528	0.07449
1.2531	0.07450
1.2533	0.07448
1.2537	0.07447
1.254	0.07442
1.2543	0.07433
1.2546	0.07433
1.2549	0.07441
1.2552	0.07439
1.2555	0.07439
1.2558	0.07439
1.2561	0.07442
1.2564	0.07437
1.2567	0.07422
1.257	0.07423
1.2573	0.07433
1.2576	0.07434
1.2579	0.07432
1.2582	0.07431
1.2585	0.07427
1.2588	0.07425
1.2591	0.07432
1.2594	0.07430
1.2598	0.07425
1.2601	0.07423
1.2604	0.07426
1.2607	0.07426
1.261	0.07420
1.2613	0.07419
1.2616	0.07422
1.2619	0.07417
1.2622	0.07414
1.2625	0.07420
1.2628	0.07419
1.2631	0.07417
1.2634	0.07415
1.2637	0.07412
1.2641	0.07416
1.2644	0.07422
1.2647	0.07419
1.265	0.07413
1.2653	0.07410
1.2656	0.07405
1.2659	0.07405
1.2662	0.07408
1.2665	0.07409
1.2668	0.07411
1.2671	0.07412
1.2674	0.07403
1.2678	0.07393
1.2681	0.07388
1.2684	0.07398
1.2687	0.07399
1.269	0.07396
1.2693	0.07402
1.2696	0.07404
1.2699	0.07404
1.2702	0.07398
1.2706	0.07395
1.2709	0.07397
1.2712	0.07401
1.2715	0.07405
1.2718	0.07403
1.2721	0.07395
1.2724	0.07392
1.2727	0.07395
1.2731	0.07404
1.2734	0.07405
1.2737	0.07399
1.274	0.07388
1.2743	0.07383
1.2746	0.07393
1.2749	0.07401
1.2752	0.07396
1.2756	0.07391
1.2759	0.07388
1.2762	0.07383
1.2765	0.07378
1.2768	0.07375
1.2771	0.07375
1.2774	0.07380
1.2778	0.07383
1.2781	0.07379
1.2784	0.07381
1.2787	0.07379
1.279	0.07385
1.2793	0.07393
1.2797	0.07386
1.28	0.07377
1.2803	0.07375
1.2806	0.07372
1.2809	0.07376
1.2812	0.07380
1.2816	0.07380
1.2819	0.07384
1.2822	0.07390
1.2825	0.07393
1.2828	0.07389
1.2831	0.07384
1.2834	0.07387
1.2838	0.07385
1.2841	0.07380
1.2844	0.07382
1.2847	0.07379
1.285	0.07373
1.2854	0.07367
1.2857	0.07368
1.286	0.07378
1.2863	0.07388
1.2866	0.07382
1.2869	0.07379
1.2873	0.07380
1.2876	0.07378
1.2879	0.07368
1.2882	0.07368
1.2886	0.07375
1.2889	0.07376
1.2892	0.07376
1.2895	0.07381
1.2898	0.07382
1.2902	0.07385
1.2905	0.07380
1.2908	0.07371
1.2911	0.07373
1.2914	0.07381
1.2918	0.07378
1.2921	0.07375
1.2924	0.07378
1.2927	0.07374
1.2931	0.07372
1.2934	0.07377
1.2937	0.07384
1.294	0.07382
1.2943	0.07374
1.2947	0.07374
1.295	0.07378
1.2953	0.07370
1.2956	0.07367
1.296	0.07370
1.2963	0.07372
1.2966	0.07371
1.2969	0.07370
1.2973	0.07370
1.2976	0.07363
1.2979	0.07362
1.2982	0.07372
1.2986	0.07379
1.2989	0.07378
1.2992	0.07373
1.2995	0.07376
1.2999	0.07378
1.3002	0.07379
1.3005	0.07377
1.3008	0.07372
1.3012	0.07370
1.3015	0.07376
1.3018	0.07379
1.3021	0.07380
1.3025	0.07375
1.3028	0.07380
1.3031	0.07387
1.3034	0.07378
1.3038	0.07369
1.3041	0.07364
1.3044	0.07365
1.3048	0.07372
1.3051	0.07378
1.3054	0.07388
1.3058	0.07394
1.3061	0.07383
1.3064	0.07370
1.3067	0.07369
1.3071	0.07373
1.3074	0.07372
1.3077	0.07366
1.3081	0.07372
1.3084	0.07379
1.3087	0.07377
1.3091	0.07374
1.3094	0.07381
1.3097	0.07384
1.31	0.07379
1.3104	0.07371
1.3107	0.07370
1.311	0.07374
1.3114	0.07381
1.3117	0.07378
1.312	0.07373
1.3124	0.07379
1.3127	0.07387
1.313	0.07385
1.3134	0.07379
1.3137	0.07375
1.314	0.07380
1.3144	0.07378
1.3147	0.07378
1.315	0.07386
1.3154	0.07385
1.3157	0.07386
1.316	0.07390
1.3164	0.07389
1.3167	0.07383
1.317	0.07388
1.3174	0.07393
1.3177	0.07390
1.318	0.07387
1.3184	0.07385
1.3187	0.07383
1.319	0.07383
1.3194	0.07385
1.3197	0.07387
1.3201	0.07399
1.3204	0.07399
1.3207	0.07391
1.3211	0.07392
1.3214	0.07394
1.3217	0.07395
1.3221	0.07392
1.3224	0.07391
1.3227	0.07391
1.3231	0.07387
1.3234	0.07386
1.3238	0.07384
1.3241	0.07384
1.3244	0.07386
1.3248	0.07386
1.3251	0.07389
1.3254	0.07391
1.3258	0.07394
1.3261	0.07394
1.3265	0.07391
1.3268	0.07396
1.3271	0.07405
1.3275	0.07402
1.3278	0.07393
1.3282	0.07394
1.3285	0.07401
1.3288	0.07404
1.3292	0.07400
1.3295	0.07401
1.3299	0.07399
1.3302	0.07398
1.3306	0.07404
1.3309	0.07410
1.3312	0.07415
1.3316	0.07414
1.3319	0.07405
1.3323	0.07401
1.3326	0.07406
1.3329	0.07412
1.3333	0.07418
1.3336	0.07414
1.334	0.07408
1.3343	0.07405
1.3347	0.07403
1.335	0.07403
1.3353	0.07409
1.3357	0.07410
1.336	0.07408
1.3364	0.07411
1.3367	0.07418
1.3371	0.07414
1.3374	0.07413
1.3378	0.07415
1.3381	0.07415
1.3384	0.07412
1.3388	0.07417
1.3391	0.07421
1.3395	0.07421
1.3398	0.07422
1.3402	0.07418
1.3405	0.07412
1.3409	0.07417
1.3412	0.07423
1.3416	0.07424
1.3419	0.07425
1.3423	0.07422
1.3426	0.07420
1.3429	0.07433
1.3433	0.07437
1.3437	0.07431
1.344	0.07423
1.3443	0.07414
1.3447	0.07420
1.345	0.07431
1.3454	0.07432
1.3457	0.07435
1.3461	0.07434
1.3464	0.07433
1.3468	0.07434
1.3471	0.07436
1.3475	0.07439
1.3478	0.07444
1.3482	0.07446
1.3485	0.07447
1.3489	0.07444
1.3492	0.07441
1.3496	0.07442
1.3499	0.07444
1.3503	0.07446
1.3507	0.07439
1.351	0.07435
1.3513	0.07442
1.3517	0.07451
1.3521	0.07451
1.3524	0.07450
1.3528	0.07450
1.3531	0.07452
1.3535	0.07454
1.3538	0.07455
1.3542	0.07454
1.3545	0.07450
1.3549	0.07449
1.3552	0.07453
1.3556	0.07451
1.3559	0.07454
1.3563	0.07461
1.3567	0.07460
1.357	0.07459
1.3574	0.07462
1.3577	0.07466
1.3581	0.07462
1.3584	0.07458
1.3588	0.07459
1.3592	0.07472
1.3595	0.07475
1.3599	0.07468
1.3602	0.07469
1.3606	0.07473
1.3609	0.07477
1.3613	0.07479
1.3617	0.07482
1.362	0.07478
1.3624	0.07473
1.3627	0.07479
1.3631	0.07482
1.3634	0.07481
1.3638	0.07485
1.3642	0.07484
1.3645	0.07479
1.3649	0.07473
1.3652	0.07476
1.3656	0.07484
1.3659	0.07485
1.3663	0.07485
1.3667	0.07487
1.367	0.07482
1.3674	0.07481
1.3678	0.07488
1.3681	0.07494
1.3685	0.07489
1.3688	0.07487
1.3692	0.07487
1.3696	0.07487
1.3699	0.07492
1.3703	0.07501
1.3707	0.07498
1.371	0.07493
1.3714	0.07489
1.3717	0.07494
1.3721	0.07506
1.3725	0.07512
1.3728	0.07505
1.3732	0.07498
1.3736	0.07494
1.3739	0.07502
1.3743	0.07513
1.3746	0.07514
1.375	0.07506
1.3754	0.07508
1.3757	0.07511
1.3761	0.07511
1.3765	0.07517
1.3768	0.07515
1.3772	0.07513
1.3776	0.07511
1.3779	0.07512
1.3783	0.07515
1.3787	0.07520
1.379	0.07522
1.3794	0.07522
1.3798	0.07524
1.3801	0.07524
1.3805	0.07522
1.3809	0.07526
1.3812	0.07527
1.3816	0.07528
1.382	0.07533
1.3823	0.07536
1.3827	0.07537
1.3831	0.07537
1.3834	0.07535
1.3838	0.07532
1.3842	0.07530
1.3846	0.07533
1.3849	0.07534
1.3853	0.07535
1.3857	0.07542
1.386	0.07543
1.3864	0.07540
1.3868	0.07541
1.3872	0.07543
1.3875	0.07550
1.3879	0.07551
1.3883	0.07547
1.3886	0.07553
1.389	0.07553
1.3894	0.07552
1.3898	0.07551
1.3901	0.07555
1.3905	0.07559
1.3909	0.07554
1.3912	0.07560
1.3916	0.07561
1.392	0.07560
1.3924	0.07558
1.3927	0.07562
1.3931	0.07564
1.3935	0.07562
1.3939	0.07560
1.3942	0.07563
1.3946	0.07567
1.395	0.07568
1.3954	0.07565
1.3957	0.07563
1.3961	0.07565
1.3965	0.07573
1.3969	0.07573
1.3972	0.07575
1.3976	0.07576
1.398	0.07571
1.3984	0.07571
1.3988	0.07579
1.3991	0.07585
1.3995	0.07583
1.3999	0.07584
1.4003	0.07586
1.4006	0.07586
1.401	0.07588
1.4014	0.07588
1.4018	0.07590
1.4022	0.07593
1.4025	0.07590
1.4029	0.07588
1.4033	0.07597
1.4037	0.07606
1.4041	0.07604
1.4044	0.07598
1.4048	0.07597
1.4052	0.07595
1.4056	0.07596
1.406	0.07605
1.4063	0.07610
1.4067	0.07604
1.4071	0.07601
1.4075	0.07603
1.4079	0.07607
1.4083	0.07613
1.4086	0.07611
1.409	0.07610
1.4094	0.07618
1.4098	0.07623
1.4102	0.07620
1.4106	0.07615
1.4109	0.07615
1.4113	0.07616
1.4117	0.07615
1.4121	0.07620
1.4125	0.07623
1.4128	0.07620
1.4132	0.07626
1.4136	0.07627
1.414	0.07624
1.4144	0.07623
1.4148	0.07624
1.4152	0.07625
1.4156	0.07628
1.4159	0.07630
1.4163	0.07633
1.4167	0.07630
1.4171	0.07629
1.4175	0.07633
1.4179	0.07631
1.4183	0.07628
1.4187	0.07632
1.419	0.07633
1.4194	0.07638
1.4198	0.07647
1.4202	0.07644
1.4206	0.07645
1.421	0.07650
1.4214	0.07648
1.4218	0.07648
1.4222	0.07654
1.4225	0.07658
1.4229	0.07656
1.4233	0.07656
1.4237	0.07662
1.4241	0.07658
1.4245	0.07659
1.4249	0.07659
1.4253	0.07656
1.4257	0.07659
1.4261	0.07666
1.4265	0.07669
1.4268	0.07670
1.4272	0.07671
1.4276	0.07669
1.428	0.07665
1.4284	0.07669
1.4288	0.07669
1.4292	0.07671
1.4296	0.07677
1.43	0.07673
1.4304	0.07676
1.4308	0.07685
1.4312	0.07679
1.4316	0.07675
1.432	0.07677
1.4324	0.07684
1.4328	0.07688
1.4332	0.07687
1.4336	0.07683
1.4339	0.07683
1.4343	0.07684
1.4348	0.07686
1.4351	0.07692
1.4355	0.07694
1.4359	0.07694
1.4363	0.07695
1.4367	0.07694
1.4371	0.07694
1.4375	0.07694
1.4379	0.07689
1.4383	0.07692
1.4387	0.07699
1.4391	0.07702
1.4395	0.07706
1.4399	0.07708
1.4403	0.07705
1.4407	0.07700
1.4411	0.07700
1.4415	0.07704
1.4419	0.07708
1.4423	0.07711
1.4427	0.07714
1.4431	0.07712
1.4435	0.07711
1.4439	0.07715
1.4443	0.07721
1.4447	0.07725
1.4451	0.07725
1.4456	0.07722
1.4459	0.07718
1.4463	0.07722
1.4468	0.07728
1.4472	0.07721
1.4476	0.07721
1.448	0.07723
1.4484	0.07723
1.4488	0.07728
1.4492	0.07730
1.4496	0.07725
1.45	0.07724
1.4504	0.07731
1.4508	0.07735
1.4512	0.07735
1.4516	0.07740
1.452	0.07739
1.4524	0.07740
1.4528	0.07739
1.4532	0.07739
1.4537	0.07743
1.4541	0.07746
1.4545	0.07747
1.4549	0.07745
1.4553	0.07748
1.4557	0.07753
1.4561	0.07745
1.4565	0.07738
1.4569	0.07750
1.4573	0.07757
1.4577	0.07754
1.4582	0.07749
1.4586	0.07749
1.459	0.07754
1.4594	0.07756
1.4598	0.07754
1.4602	0.07758
1.4606	0.07761
1.461	0.07763
1.4614	0.07764
1.4618	0.07767
1.4623	0.07776
1.4627	0.07779
1.4631	0.07776
1.4635	0.07776
1.4639	0.07773
1.4643	0.07771
1.4647	0.07775
1.4652	0.07775
1.4656	0.07776
1.466	0.07783
1.4664	0.07788
1.4668	0.07785
1.4672	0.07782
1.4676	0.07780
1.4681	0.07782
1.4685	0.07786
1.4689	0.07784
1.4693	0.07778
1.4697	0.07778
1.4701	0.07785
1.4706	0.07786
1.471	0.07788
1.4714	0.07795
1.4718	0.07791
1.4722	0.07790
1.4726	0.07796
1.4731	0.07795
1.4735	0.07793
1.4739	0.07797
1.4743	0.07807
1.4747	0.07808
1.4752	0.07811
1.4756	0.07813
1.476	0.07812
1.4764	0.07811
1.4768	0.07802
1.4773	0.07803
1.4777	0.07806
1.4781	0.07810
1.4785	0.07811
1.4789	0.07813
1.4794	0.07819
1.4798	0.07821
1.4802	0.07819
1.4806	0.07822
1.4811	0.07827
1.4815	0.07827
1.4819	0.07830
1.4823	0.07833
1.4828	0.07831
1.4832	0.07827
1.4836	0.07830
1.484	0.07833
1.4844	0.07834
1.4849	0.07837
1.4853	0.07836
1.4857	0.07833
1.4862	0.07838
1.4866	0.07841
1.487	0.07840
1.4874	0.07836
1.4879	0.07834
1.4883	0.07841
1.4887	0.07848
1.4891	0.07849
1.4896	0.07851
1.49	0.07852
1.4904	0.07854
1.4908	0.07854
1.4913	0.07851
1.4917	0.07850
1.4921	0.07849
1.4926	0.07852
1.493	0.07857
1.4934	0.07859
1.4939	0.07853
1.4943	0.07853
1.4947	0.07859
1.4952	0.07862
1.4956	0.07864
1.496	0.07864
1.4964	0.07870
1.4969	0.07871
1.4973	0.07871
1.4977	0.07876
1.4982	0.07877
1.4986	0.07876
1.499	0.07874
1.4995	0.07871
1.4999	0.07872
1.5003	0.07876
1.5008	0.07881
1.5012	0.07883
1.5017	0.07881
1.5021	0.07881
1.5025	0.07885
1.5029	0.07884
1.5034	0.07888
1.5038	0.07889
1.5043	0.07890
1.5047	0.07893
1.5051	0.07888
1.5056	0.07889
1.506	0.07896
1.5064	0.07900
1.5069	0.07896
1.5073	0.07893
1.5078	0.07900
1.5082	0.07902
1.5086	0.07900
1.5091	0.07900
1.5095	0.07905
1.51	0.07908
1.5104	0.07905
1.5108	0.07905
1.5113	0.07908
1.5117	0.07910
1.5122	0.07912
1.5126	0.07914
1.513	0.07915
1.5135	0.07915
1.5139	0.07913
1.5144	0.07914
1.5148	0.07923
1.5153	0.07926
1.5157	0.07921
1.5161	0.07924
1.5166	0.07925
1.517	0.07923
1.5175	0.07923
1.5179	0.07928
1.5184	0.07934
1.5188	0.07936
1.5193	0.07937
1.5197	0.07939
1.5201	0.07938
1.5206	0.07935
1.521	0.07936
1.5215	0.07932
1.5219	0.07937
1.5224	0.07944
1.5228	0.07945
1.5233	0.07948
1.5237	0.07952
1.5242	0.07955
1.5246	0.07956
1.5251	0.07951
1.5255	0.07949
1.5259	0.07952
1.5264	0.07955
1.5268	0.07957
1.5273	0.07961
1.5278	0.07963
1.5282	0.07966
1.5287	0.07964
1.5291	0.07960
1.5296	0.07962
1.53	0.07967
1.5305	0.07970
1.5309	0.07973
1.5314	0.07976
1.5318	0.07972
1.5323	0.07970
1.5327	0.07975
1.5332	0.07978
1.5336	0.07979
1.5341	0.07980
1.5345	0.07984
1.535	0.07985
1.5354	0.07985
1.5359	0.07988
1.5363	0.07988
1.5368	0.07989
1.5373	0.07992
1.5377	0.07997
1.5382	0.07995
1.5386	0.07994
1.5391	0.08001
1.5396	0.08005
1.54	0.08009
1.5405	0.08010
1.5409	0.08009
1.5414	0.08004
1.5418	0.08000
1.5423	0.08002
1.5428	0.08005
1.5432	0.08011
1.5437	0.08014
1.5441	0.08010
1.5446	0.08014
1.5451	0.08021
1.5455	0.08021
1.546	0.08020
1.5464	0.08021
1.5469	0.08022
1.5474	0.08026
1.5478	0.08030
1.5483	0.08030
1.5487	0.08028
1.5492	0.08027
1.5497	0.08031
1.5501	0.08035
1.5506	0.08035
1.5511	0.08036
1.5515	0.08044
1.552	0.08049
1.5524	0.08043
1.5529	0.08041
1.5534	0.08047
1.5538	0.08052
1.5543	0.08052
1.5548	0.08050
1.5553	0.08051
1.5557	0.08053
1.5562	0.08055
1.5567	0.08054
1.5571	0.08050
1.5576	0.08051
1.5581	0.08059
1.5585	0.08064
1.559	0.08065
1.5595	0.08067
1.5599	0.08069
1.5604	0.08074
1.5609	0.08072
1.5613	0.08070
1.5618	0.08079
1.5623	0.08080
1.5628	0.08076
1.5632	0.08079
1.5637	0.08085
1.5642	0.08086
1.5646	0.08086
1.5651	0.08089
1.5656	0.08091
1.5661	0.08093
1.5665	0.08097
1.567	0.08101
1.5675	0.08105
1.5679	0.08105
1.5684	0.08103
1.5689	0.08104
1.5694	0.08105
1.5698	0.08107
1.5703	0.08108
1.5708	0.08111
1.5713	0.08111
1.5718	0.08111
1.5722	0.08113
1.5727	0.08115
1.5732	0.08116
1.5737	0.08114
1.5741	0.08123
1.5746	0.08134
1.5751	0.08133
1.5756	0.08136
1.5761	0.08139
1.5765	0.08135
1.577	0.08132
1.5775	0.08138
1.578	0.08140
1.5784	0.08143
1.5789	0.08149
1.5794	0.08151
1.5799	0.08147
1.5804	0.08146
1.5809	0.08152
1.5813	0.08151
1.5818	0.08151
1.5823	0.08156
1.5828	0.08162
1.5833	0.08165
1.5838	0.08163
1.5842	0.08168
1.5847	0.08174
1.5852	0.08173
1.5857	0.08171
1.5862	0.08174
1.5867	0.08180
1.5872	0.08184
1.5876	0.08186
1.5881	0.08186
1.5886	0.08186
1.5891	0.08189
1.5896	0.08195
1.5901	0.08198
1.5906	0.08196
1.591	0.08194
1.5915	0.08197
1.592	0.08195
1.5925	0.08200
1.593	0.08207
1.5935	0.08207
1.594	0.08209
1.5945	0.08212
1.595	0.08211
1.5954	0.08213
1.5959	0.08218
1.5964	0.08221
1.5969	0.08227
1.5974	0.08229
1.5979	0.08226
1.5984	0.08228
1.5989	0.08231
1.5994	0.08232
1.5999	0.08235
1.6004	0.08235
1.6009	0.08235
1.6014	0.08240
1.6019	0.08243
1.6023	0.08241
1.6028	0.08248
1.6033	0.08254
1.6038	0.08256
1.6043	0.08260
1.6048	0.08263
1.6053	0.08270
1.6058	0.08273
1.6063	0.08267
1.6068	0.08265
1.6073	0.08268
1.6078	0.08271
1.6083	0.08273
1.6088	0.08277
1.6093	0.08278
1.6098	0.08279
1.6103	0.08281
1.6108	0.08287
1.6113	0.08294
1.6118	0.08296
1.6123	0.08297
1.6128	0.08302
1.6133	0.08301
1.6138	0.08302
1.6143	0.08305
1.6148	0.08311
1.6153	0.08313
1.6158	0.08315
1.6163	0.08316
1.6168	0.08320
1.6173	0.08324
1.6178	0.08326
1.6184	0.08322
1.6189	0.08323
1.6194	0.08326
1.6199	0.08329
1.6204	0.08331
1.6209	0.08338
1.6214	0.08344
1.6219	0.08344
1.6224	0.08344
1.6229	0.08352
1.6234	0.08353
1.6239	0.08355
1.6244	0.08360
1.6249	0.08362
1.6255	0.08364
1.626	0.08366
1.6265	0.08372
1.627	0.08377
1.6275	0.08375
1.628	0.08377
1.6285	0.08380
1.629	0.08383
1.6296	0.08385
1.6301	0.08389
1.6306	0.08394
1.6311	0.08395
1.6316	0.08398
1.6321	0.08397
1.6326	0.08398
1.6331	0.08399
1.6337	0.08400
1.6342	0.08407
1.6347	0.08410
1.6352	0.08412
1.6357	0.08421
1.6362	0.08424
1.6368	0.08424
1.6373	0.08424
1.6378	0.08431
1.6383	0.08439
1.6388	0.08441
1.6393	0.08438
1.6399	0.08440
1.6404	0.08440
1.6409	0.08439
1.6414	0.08440
1.6419	0.08448
1.6424	0.08456
1.643	0.08461
1.6435	0.08467
1.644	0.08474
1.6445	0.08475
1.6451	0.08474
1.6456	0.08477
1.6461	0.08479
1.6466	0.08485
1.6472	0.08489
1.6477	0.08484
1.6482	0.08484
1.6487	0.08491
1.6492	0.08497
1.6498	0.08501
1.6503	0.08508
1.6508	0.08517
1.6513	0.08520
1.6519	0.08519
1.6524	0.08512
1.6529	0.08508
1.6534	0.08517
1.654	0.08525
1.6545	0.08529
1.655	0.08532
1.6556	0.08539
1.6561	0.08545
1.6566	0.08548
1.6572	0.08556
1.6577	0.08565
1.6582	0.08566
1.6587	0.08567
1.6593	0.08569
1.6598	0.08568
1.6603	0.08571
1.6609	0.08574
1.6614	0.08577
1.6619	0.08583
1.6625	0.08584
1.663	0.08586
1.6635	0.08592
1.6641	0.08597
1.6646	0.08603
1.6651	0.08610
1.6657	0.08614
1.6662	0.08614
1.6667	0.08617
1.6673	0.08624
1.6678	0.08625
1.6683	0.08629
1.6689	0.08631
1.6694	0.08633
1.67	0.08638
1.6705	0.08643
1.671	0.08648
1.6716	0.08651
1.6721	0.08654
1.6727	0.08658
1.6732	0.08663
1.6737	0.08670
1.6743	0.08674
1.6748	0.08677
1.6754	0.08681
1.6759	0.08685
1.6764	0.08691
1.677	0.08696
1.6775	0.08699
1.6781	0.08700
1.6786	0.08706
1.6792	0.08708
1.6797	0.08707
1.6802	0.08713
1.6808	0.08721
1.6813	0.08725
1.6819	0.08727
1.6824	0.08730
1.683	0.08735
1.6835	0.08735
1.6841	0.08741
1.6846	0.08746
1.6852	0.08748
1.6857	0.08752
1.6863	0.08755
1.6868	0.08762
1.6873	0.08771
1.6879	0.08774
1.6884	0.08775
1.689	0.08780
1.6896	0.08785
1.6901	0.08789
1.6907	0.08793
1.6912	0.08793
1.6918	0.08795
1.6923	0.08803
1.6929	0.08806
1.6934	0.08810
1.694	0.08816
1.6945	0.08820
1.6951	0.08824
1.6956	0.08833
1.6962	0.08836
1.6967	0.08838
1.6973	0.08841
1.6978	0.08843
1.6984	0.08849
1.699	0.08859
1.6995	0.08865
1.7001	0.08865
1.7006	0.08872
1.7012	0.08877
1.7018	0.08879
1.7023	0.08882
1.7029	0.08885
1.7034	0.08890
1.704	0.08897
1.7046	0.08901
1.7051	0.08904
1.7057	0.08907
1.7062	0.08911
1.7068	0.08916
1.7074	0.08919
1.7079	0.08926
1.7085	0.08935
1.709	0.08938
1.7096	0.08939
1.7102	0.08943
1.7107	0.08950
1.7113	0.08955
1.7119	0.08956
1.7124	0.08960
1.713	0.08965
1.7136	0.08972
1.7141	0.08981
1.7147	0.08984
1.7153	0.08993
1.7158	0.08998
1.7164	0.09004
1.717	0.09013
1.7175	0.09016
1.7181	0.09020
1.7187	0.09022
1.7192	0.09026
1.7198	0.09029
1.7204	0.09033
1.721	0.09047
1.7215	0.09051
1.7221	0.09047
1.7227	0.09052
1.7232	0.09058
1.7238	0.09062
1.7244	0.09068
1.725	0.09079
1.7255	0.09088
1.7261	0.09093
1.7267	0.09098
1.7273	0.09101
1.7278	0.09102
1.7284	0.09106
1.729	0.09116
1.7296	0.09121
1.7301	0.09124
1.7307	0.09125
1.7313	0.09129
1.7319	0.09136
1.7325	0.09139
1.733	0.09148
1.7336	0.09159
1.7342	0.09161
1.7348	0.09162
1.7354	0.09168
1.7359	0.09176
1.7365	0.09183
1.7371	0.09185
1.7377	0.09191
1.7383	0.09202
1.7388	0.09208
1.7394	0.09215
1.74	0.09220
1.7406	0.09228
1.7412	0.09234
1.7418	0.09235
1.7423	0.09234
1.7429	0.09243
1.7435	0.09254
1.7441	0.09260
1.7447	0.09263
1.7453	0.09268
1.7459	0.09276
1.7465	0.09281
1.7471	0.09280
1.7476	0.09285
1.7482	0.09297
1.7488	0.09305
1.7494	0.09312
1.75	0.09317
1.7506	0.09319
1.7512	0.09322
1.7518	0.09330
1.7524	0.09340
1.753	0.09342
1.7536	0.09345
1.7541	0.09347
1.7547	0.09348
1.7553	0.09355
1.7559	0.09366
1.7565	0.09376
1.7571	0.09380
1.7577	0.09387
1.7583	0.09394
1.7589	0.09399
1.7595	0.09407
1.7601	0.09412
1.7607	0.09416
1.7613	0.09420
1.7619	0.09423
1.7625	0.09431
1.7631	0.09442
1.7637	0.09449
1.7643	0.09451
1.7649	0.09456
1.7655	0.09465
1.7661	0.09475
1.7667	0.09480
1.7673	0.09484
1.7679	0.09494
1.7685	0.09503
1.7691	0.09506
1.7697	0.09511
1.7703	0.09521
1.7709	0.09525
1.7715	0.09527
1.7721	0.09533
1.7727	0.09538
1.7733	0.09547
1.7739	0.09557
1.7746	0.09566
1.7752	0.09575
1.7758	0.09577
1.7764	0.09577
1.777	0.09585
1.7776	0.09592
1.7782	0.09596
1.7788	0.09603
1.7794	0.09610
1.78	0.09616
1.7807	0.09625
1.7813	0.09630
1.7819	0.09634
1.7825	0.09641
1.7831	0.09651
1.7837	0.09660
1.7843	0.09670
1.7849	0.09680
1.7856	0.09682
1.7862	0.09685
1.7868	0.09693
1.7874	0.09699
1.788	0.09706
1.7886	0.09710
1.7893	0.09712
1.7899	0.09721
1.7905	0.09737
1.7911	0.09747
1.7917	0.09750
1.7923	0.09753
1.793	0.09757
1.7936	0.09761
1.7942	0.09771
1.7948	0.09782
1.7954	0.09790
1.7961	0.09792
1.7967	0.09798
1.7973	0.09811
1.7979	0.09817
1.7986	0.09827
1.7992	0.09834
1.7998	0.09838
1.8004	0.09845
1.8011	0.09851
1.8017	0.09856
1.8023	0.09862
1.8029	0.09868
1.8036	0.09877
1.8042	0.09884
1.8048	0.09890
1.8054	0.09895
1.8061	0.09906
1.8067	0.09918
1.8073	0.09921
1.808	0.09926
1.8086	0.09934
1.8092	0.09941
1.8099	0.09947
1.8105	0.09956
1.8111	0.09969
1.8118	0.09974
1.8124	0.09981
1.813	0.09987
1.8137	0.09989
1.8143	0.09996
1.8149	0.10007
1.8156	0.10011
1.8162	0.10019
1.8168	0.10028
1.8175	0.10034
1.8181	0.10040
1.8188	0.10049
1.8194	0.10059
1.82	0.10065
1.8207	0.10071
1.8213	0.10081
1.8219	0.10087
1.8226	0.10097
1.8232	0.10104
1.8239	0.10107
1.8245	0.10115
1.8252	0.10125
1.8258	0.10128
1.8264	0.10135
1.8271	0.10147
1.8277	0.10157
1.8284	0.10164
1.829	0.10167
1.8297	0.10174
1.8303	0.10184
1.831	0.10192
1.8316	0.10198
1.8323	0.10204
1.8329	0.10214
1.8336	0.10226
1.8342	0.10234
1.8348	0.10240
1.8355	0.10246
1.8361	0.10252
1.8368	0.10263
1.8374	0.10273
1.8381	0.10276
1.8388	0.10281
1.8394	0.10291
1.8401	0.10302
1.8407	0.10312
1.8414	0.10315
1.842	0.10320
1.8427	0.10332
1.8433	0.10342
1.844	0.10350
1.8446	0.10357
1.8453	0.10368
1.8459	0.10373
1.8466	0.10375
1.8473	0.10386
1.8479	0.10398
1.8486	0.10405
1.8492	0.10414
1.8499	0.10425
1.8506	0.10435
1.8512	0.10442
1.8519	0.10446
1.8526	0.10453
1.8532	0.10458
1.8539	0.10464
1.8545	0.10480
1.8552	0.10493
1.8559	0.10496
1.8565	0.10501
1.8572	0.10511
1.8579	0.10523
1.8585	0.10530
1.8592	0.10532
1.8599	0.10539
1.8605	0.10547
1.8612	0.10555
1.8619	0.10564
1.8625	0.10574
1.8632	0.10589
1.8639	0.10600
1.8645	0.10602
1.8652	0.10609
1.8659	0.10619
1.8666	0.10631
1.8672	0.10636
1.8679	0.10639
1.8686	0.10656
1.8692	0.10667
1.8699	0.10670
1.8706	0.10674
1.8713	0.10688
1.8719	0.10697
1.8726	0.10701
1.8733	0.10712
1.874	0.10725
1.8747	0.10730
1.8753	0.10735
1.876	0.10744
1.8767	0.10753
1.8774	0.10761
1.878	0.10774
1.8787	0.10786
1.8794	0.10796
1.8801	0.10807
1.8808	0.10817
1.8814	0.10824
1.8821	0.10831
1.8828	0.10840
1.8835	0.10848
1.8842	0.10854
1.8849	0.10859
1.8856	0.10868
1.8862	0.10881
1.8869	0.10885
1.8876	0.10890
1.8883	0.10904
1.889	0.10919
1.8897	0.10925
1.8904	0.10934
1.8911	0.10942
1.8918	0.10950
1.8924	0.10959
1.8931	0.10969
1.8938	0.10976
1.8945	0.10985
1.8952	0.10996
1.8959	0.11005
1.8966	0.11009
1.8973	0.11017
1.898	0.11027
1.8987	0.11040
1.8994	0.11047
1.9001	0.11053
1.9008	0.11063
1.9015	0.11073
1.9022	0.11084
1.9029	0.11093
1.9036	0.11104
1.9043	0.11108
1.905	0.11112
1.9057	0.11122
1.9064	0.11135
1.9071	0.11149
1.9078	0.11159
1.9085	0.11163
1.9092	0.11171
1.9099	0.11180
1.9106	0.11188
1.9113	0.11203
1.912	0.11213
1.9127	0.11221
1.9134	0.11228
1.9141	0.11236
1.9148	0.11242
1.9155	0.11250
1.9162	0.11263
1.9169	0.11273
1.9176	0.11281
1.9183	0.11286
1.9191	0.11296
1.9198	0.11303
1.9205	0.11308
1.9212	0.11321
1.9219	0.11334
1.9226	0.11345
1.9233	0.11357
1.924	0.11367
1.9248	0.11371
1.9255	0.11376
1.9262	0.11389
1.9269	0.11401
1.9276	0.11408
1.9283	0.11416
1.9291	0.11423
1.9298	0.11437
1.9305	0.11451
1.9312	0.11460
1.9319	0.11466
1.9327	0.11479
1.9334	0.11488
1.9341	0.11491
1.9348	0.11499
1.9355	0.11512
1.9363	0.11526
1.937	0.11537
1.9377	0.11545
1.9384	0.11551
1.9392	0.11553
1.9399	0.11562
1.9406	0.11582
1.9413	0.11597
1.9421	0.11602
1.9428	0.11610
1.9435	0.11621
1.9442	0.11625
1.945	0.11632
1.9457	0.11648
1.9464	0.11663
1.9472	0.11673
1.9479	0.11677
1.9486	0.11684
1.9494	0.11694
1.9501	0.11705
1.9508	0.11713
1.9516	0.11726
1.9523	0.11738
1.953	0.11745
1.9538	0.11751
1.9545	0.11760
1.9552	0.11769
1.956	0.11776
1.9567	0.11787
1.9575	0.11796
1.9582	0.11806
1.9589	0.11819
1.9597	0.11828
1.9604	0.11835
1.9612	0.11845
1.9619	0.11854
1.9626	0.11864
1.9634	0.11876
1.9641	0.11883
1.9649	0.11891
1.9656	0.11904
1.9664	0.11915
1.9671	0.11923
1.9679	0.11934
1.9686	0.11946
1.9693	0.11952
1.9701	0.11958
1.9708	0.11967
1.9716	0.11980
1.9723	0.11994
1.9731	0.12002
1.9738	0.12007
1.9746	0.12020
1.9753	0.12032
1.9761	0.12038
1.9769	0.12048
1.9776	0.12056
1.9784	0.12066
1.9791	0.12078
1.9799	0.12093
1.9806	0.12104
1.9814	0.12109
1.9822	0.12118
1.9829	0.12131
1.9837	0.12139
1.9844	0.12143
1.9852	0.12155
1.9859	0.12167
1.9867	0.12176
1.9875	0.12186
1.9882	0.12195
1.989	0.12206
1.9898	0.12219
1.9905	0.12229
1.9913	0.12236
1.9921	0.12244
1.9928	0.12254
1.9936	0.12266
1.9943	0.12276
1.9951	0.12282
1.9959	0.12289
1.9967	0.12302
1.9974	0.12316
1.9982	0.12327
1.999	0.12337
1.9997	0.12345
2.0005	0.12351
2.0013	0.12365
2.0021	0.12374
2.0028	0.12378
2.0036	0.12389
2.0044	0.12403
2.0052	0.12414
2.0059	0.12423
2.0067	0.12431
2.0075	0.12438
2.0083	0.12447
2.009	0.12459
2.0098	0.12469
2.0106	0.12482
2.0114	0.12494
2.0122	0.12500
2.0129	0.12508
2.0137	0.12520
2.0145	0.12532
2.0153	0.12542
2.0161	0.12548
2.0168	0.12559
2.0176	0.12571
2.0184	0.12580
2.0192	0.12587
2.02	0.12594
2.0208	0.12608
2.0216	0.12618
2.0223	0.12626
2.0231	0.12641
2.0239	0.12651
2.0247	0.12654
2.0255	0.12665
2.0263	0.12681
2.0271	0.12688
2.0279	0.12692
2.0287	0.12702
2.0295	0.12713
2.0303	0.12722
2.0311	0.12733
2.0319	0.12746
2.0327	0.12759
2.0335	0.12772
2.0343	0.12783
2.0351	0.12790
2.0358	0.12794
2.0367	0.12808
2.0374	0.12823
2.0383	0.12831
2.0391	0.12839
2.0399	0.12843
2.0407	0.12851
2.0415	0.12864
2.0423	0.12879
2.0431	0.12887
2.0439	0.12895
2.0447	0.12905
2.0455	0.12916
2.0463	0.12924
2.0471	0.12935
2.0479	0.12946
2.0487	0.12955
2.0495	0.12964
2.0504	0.12979
2.0512	0.12988
2.052	0.12991
2.0528	0.13001
2.0536	0.13014
2.0544	0.13024
2.0552	0.13035
2.056	0.13047
2.0569	0.13056
2.0577	0.13062
2.0585	0.13065
2.0593	0.13076
2.0601	0.13088
2.0609	0.13097
2.0618	0.13108
2.0626	0.13119
2.0634	0.13129
2.0642	0.13139
2.0651	0.13149
2.0659	0.13158
2.0667	0.13168
2.0675	0.13179
2.0683	0.13190
2.0692	0.13196
2.07	0.13204
2.0708	0.13213
2.0716	0.13225
2.0725	0.13238
2.0733	0.13247
2.0741	0.13255
2.075	0.13264
2.0758	0.13273
2.0766	0.13278
2.0775	0.13286
2.0783	0.13299
2.0791	0.13308
2.08	0.13318
2.0808	0.13331
2.0816	0.13343
2.0825	0.13352
2.0833	0.13357
2.0841	0.13368
2.085	0.13381
2.0858	0.13389
2.0866	0.13395
2.0875	0.13402
2.0883	0.13417
2.0892	0.13431
2.09	0.13440
2.0909	0.13445
2.0917	0.13450
2.0926	0.13460
2.0934	0.13476
2.0942	0.13487
2.0951	0.13497
2.0959	0.13507
2.0968	0.13515
2.0976	0.13526
2.0985	0.13538
2.0993	0.13547
2.1002	0.13555
2.101	0.13565
2.1019	0.13574
2.1027	0.13584
2.1036	0.13594
2.1044	0.13600
2.1053	0.13606
2.1061	0.13617
2.107	0.13630
2.1079	0.13638
2.1087	0.13645
2.1096	0.13657
2.1104	0.13669
2.1113	0.13677
2.1121	0.13687
2.113	0.13695
2.1139	0.13708
2.1147	0.13719
2.1156	0.13728
2.1165	0.13739
2.1173	0.13751
2.1182	0.13764
2.1191	0.13775
2.1199	0.13783
2.1208	0.13788
2.1217	0.13792
2.1225	0.13799
2.1234	0.13811
2.1243	0.13824
2.1251	0.13830
2.126	0.13842
2.1269	0.13856
2.1278	0.13863
2.1286	0.13870
2.1295	0.13881
2.1304	0.13893
2.1313	0.13906
2.1321	0.13914
2.133	0.13921
2.1339	0.13931
2.1348	0.13944
2.1356	0.13954
2.1365	0.13959
2.1374	0.13966
2.1383	0.13976
2.1392	0.13990
2.1401	0.14001
2.1409	0.14012
2.1418	0.14022
2.1427	0.14034
2.1436	0.14045
2.1445	0.14052
2.1454	0.14057
2.1463	0.14066
2.1471	0.14078
2.148	0.14093
2.1489	0.14102
2.1498	0.14113
2.1507	0.14126
2.1516	0.14134
2.1525	0.14142
2.1534	0.14150
2.1543	0.14164
2.1552	0.14174
2.1561	0.14183
2.157	0.14192
2.1579	0.14195
2.1588	0.14202
2.1597	0.14214
2.1606	0.14225
2.1615	0.14237
2.1624	0.14250
2.1633	0.14257
2.1642	0.14270
2.1651	0.14282
2.166	0.14288
2.1669	0.14297
2.1678	0.14307
2.1687	0.14314
2.1696	0.14324
2.1705	0.14336
2.1714	0.14345
2.1723	0.14353
2.1732	0.14364
2.1741	0.14377
2.1751	0.14386
2.176	0.14390
2.1769	0.14400
2.1778	0.14413
2.1787	0.14421
2.1796	0.14430
2.1806	0.14440
2.1815	0.14453
2.1824	0.14464
2.1833	0.14469
2.1842	0.14476
2.1851	0.14487
2.1861	0.14496
2.187	0.14504
2.1879	0.14511
2.1888	0.14523
2.1898	0.14535
2.1907	0.14548
2.1916	0.14560
2.1925	0.14562
2.1935	0.14570
2.1944	0.14584
2.1953	0.14592
2.1963	0.14602
2.1972	0.14614
2.1981	0.14623
2.1991	0.14634
2.2	0.14646
2.2009	0.14653
2.2019	0.14661
2.2028	0.14671
2.2037	0.14687
2.2047	0.14699
2.2056	0.14704
2.2065	0.14710
2.2075	0.14721
2.2084	0.14732
2.2094	0.14742
2.2103	0.14754
2.2112	0.14761
2.2122	0.14770
2.2131	0.14781
2.2141	0.14790
2.215	0.14799
2.216	0.14807
2.2169	0.14820
2.2179	0.14828
2.2188	0.14839
2.2198	0.14852
2.2207	0.14856
2.2217	0.14861
2.2226	0.14871
2.2236	0.14880
2.2245	0.14893
2.2255	0.14903
2.2264	0.14910
2.2274	0.14918
2.2284	0.14927
2.2293	0.14936
2.2303	0.14944
2.2312	0.14955
2.2322	0.14964
2.2331	0.14978
2.2341	0.14992
2.2351	0.14998
2.236	0.15005
2.237	0.15016
2.238	0.15028
2.2389	0.15038
2.2399	0.15044
2.2409	0.15054
2.2418	0.15062
2.2428	0.15070
2.2438	0.15079
2.2448	0.15087
2.2457	0.15098
2.2467	0.15112
2.2477	0.15128
2.2486	0.15139
2.2496	0.15145
2.2506	0.15148
2.2516	0.15155
2.2526	0.15164
2.2535	0.15176
2.2545	0.15184
2.2555	0.15193
2.2565	0.15202
2.2575	0.15212
2.2584	0.15222
2.2594	0.15232
2.2604	0.15244
2.2614	0.15255
2.2624	0.15262
2.2634	0.15271
2.2644	0.15280
2.2654	0.15287
2.2663	0.15295
2.2673	0.15304
2.2683	0.15316
2.2693	0.15324
2.2703	0.15333
2.2713	0.15347
2.2723	0.15360
2.2733	0.15369
2.2743	0.15378
2.2753	0.15386
2.2763	0.15396
2.2773	0.15403
2.2783	0.15415
2.2793	0.15428
2.2803	0.15434
2.2813	0.15442
2.2823	0.15457
2.2833	0.15468
2.2843	0.15474
2.2853	0.15486
2.2863	0.15494
2.2873	0.15501
2.2883	0.15511
2.2894	0.15524
2.2904	0.15536
2.2914	0.15547
2.2924	0.15553
2.2934	0.15564
2.2944	0.15574
2.2954	0.15586
2.2964	0.15600
2.2975	0.15609
2.2985	0.15617
2.2995	0.15629
2.3005	0.15638
2.3016	0.15647
2.3026	0.15658
2.3036	0.15667
2.3046	0.15678
2.3056	0.15687
2.3067	0.15691
2.3077	0.15703
2.3087	0.15715
2.3098	0.15730
2.3108	0.15739
2.3118	0.15745
2.3128	0.15751
2.3139	0.15765
2.3149	0.15776
2.3159	0.15785
2.317	0.15797
2.318	0.15802
2.3191	0.15809
2.3201	0.15823
2.3211	0.15836
2.3222	0.15848
2.3232	0.15858
2.3243	0.15865
2.3253	0.15874
2.3263	0.15887
2.3274	0.15897
2.3284	0.15902
2.3295	0.15914
2.3305	0.15927
2.3316	0.15936
2.3326	0.15945
2.3337	0.15955
2.3347	0.15965
2.3358	0.15974
2.3368	0.15982
2.3379	0.15992
2.3389	0.16001
2.34	0.16006
2.341	0.16020
2.3421	0.16029
2.3431	0.16035
2.3442	0.16049
2.3453	0.16066
2.3463	0.16076
2.3474	0.16083
2.3485	0.16098
2.3495	0.16106
2.3506	0.16109
2.3517	0.16122
2.3527	0.16135
2.3538	0.16144
2.3549	0.16156
2.3559	0.16166
2.357	0.16175
2.3581	0.16183
2.3591	0.16190
2.3602	0.16201
2.3613	0.16212
2.3624	0.16223
2.3634	0.16231
2.3645	0.16238
2.3656	0.16250
2.3667	0.16264
2.3678	0.16272
2.3689	0.16278
2.3699	0.16293
2.371	0.16308
2.3721	0.16317
2.3732	0.16326
2.3743	0.16336
2.3754	0.16349
2.3764	0.16360
2.3775	0.16368
2.3786	0.16379
2.3797	0.16395
2.3808	0.16406
2.3819	0.16412
2.383	0.16419
2.3841	0.16433
2.3852	0.16447
2.3863	0.16457
2.3874	0.16468
2.3885	0.16478
2.3896	0.16486
2.3907	0.16495
2.3918	0.16505
2.3929	0.16518
2.394	0.16532
2.3951	0.16541
2.3962	0.16544
2.3973	0.16556
2.3984	0.16573
2.3995	0.16584
2.4006	0.16591
2.4018	0.16605
2.4029	0.16617
2.404	0.16630
2.4051	0.16639
2.4062	0.16647
2.4073	0.16655
2.4085	0.16662
2.4096	0.16674
2.4107	0.16686
2.4118	0.16698
2.4129	0.16711
2.4141	0.16726
2.4152	0.16736
2.4163	0.16745
2.4174	0.16756
2.4186	0.16767
2.4197	0.16781
2.4208	0.16788
2.422	0.16798
2.4231	0.16810
2.4242	0.16825
2.4254	0.16841
2.4265	0.16847
2.4276	0.16851
2.4288	0.16863
2.4299	0.16876
2.4311	0.16886
2.4322	0.16897
2.4333	0.16910
2.4345	0.16923
2.4356	0.16936
2.4368	0.16948
2.4379	0.16958
2.4391	0.16969
2.4402	0.16977
2.4414	0.16986
2.4425	0.17002
2.4436	0.17016
2.4448	0.17024
2.4459	0.17033
2.4471	0.17043
2.4483	0.17055
2.4494	0.17068
2.4506	0.17080
2.4517	0.17093
2.4529	0.17105
2.4541	0.17115
2.4552	0.17125
2.4564	0.17136
2.4576	0.17149
2.4587	0.17157
2.4599	0.17164
2.4611	0.17179
2.4622	0.17196
2.4634	0.17208
2.4646	0.17220
2.4657	0.17225
2.4669	0.17232
2.4681	0.17246
2.4693	0.17258
2.4704	0.17272
2.4716	0.17283
2.4728	0.17293
2.474	0.17300
2.4751	0.17312
2.4763	0.17327
2.4775	0.17339
2.4787	0.17346
2.4799	0.17356
2.4811	0.17369
2.4823	0.17379
2.4834	0.17392
2.4846	0.17402
2.4858	0.17411
2.487	0.17425
2.4882	0.17439
2.4894	0.17448
2.4906	0.17460
2.4918	0.17470
2.493	0.17479
2.4942	0.17493
2.4954	0.17508
2.4966	0.17522
2.4978	0.17533
2.499	0.17548
2.5002	0.17562
2.5014	0.17575
2.5026	0.17580
2.5038	0.17589
2.505	0.17604
2.5063	0.17618
2.5075	0.17633
2.5087	0.17648
2.5099	0.17659
2.5111	0.17669
2.5123	0.17678
2.5135	0.17689
2.5148	0.17698
2.516	0.17712
2.5172	0.17725
2.5184	0.17735
2.5196	0.17751
2.5209	0.17768
2.5221	0.17778
2.5233	0.17783
2.5246	0.17798
2.5258	0.17814
2.527	0.17825
2.5282	0.17837
2.5295	0.17847
2.5307	0.17856
2.5319	0.17868
2.5332	0.17882
2.5344	0.17896
2.5357	0.17912
2.5369	0.17928
2.5381	0.17950
2.5394	0.17961
2.5406	0.17967
2.5419	0.17976
2.5431	0.17988
2.5444	0.18012
2.5456	0.18027
2.5469	0.18030
2.5481	0.18045
2.5494	0.18068
2.5506	0.18078
2.5519	0.18088
2.5531	0.18102
2.5544	0.18120
2.5556	0.18131
2.5569	0.18142
2.5582	0.18151
2.5594	0.18164
2.5607	0.18160
2.562	0.18162
2.5632	0.18184
2.5645	0.18202
2.5658	0.18227
2.567	0.18245
2.5683	0.18252
2.5696	0.18260
2.5709	0.18280
2.5721	0.18287
2.5734	0.18287
2.5747	0.18325
2.576	0.18334
2.5773	0.18334
2.5785	0.18356
2.5798	0.18370
2.5811	0.18375
2.5824	0.18383
2.5837	0.18374
2.585	0.18409
2.5862	0.18432
2.5875	0.18436
2.5888	0.18455
2.5901	0.18476
2.5914	0.18495
2.5927	0.18496
2.594	0.18459
2.5953	0.18456
2.5966	0.18526
2.5979	0.18562
2.5992	0.18577
2.6005	0.18580
2.6018	0.18586
2.6031	0.18593
2.6044	0.18587
2.6057	0.18597
2.6071	0.18633
2.6084	0.18652
2.6097	0.18660
2.611	0.18680
2.6123	0.18699
2.6136	0.18709
2.6149	0.18721
2.6163	0.18709
2.6176	0.18721
2.6189	0.18749
2.6202	0.18747
2.6216	0.18783
2.6229	0.18822
2.6242	0.18834
2.6255	0.18832
2.6269	0.18833
2.6282	0.18861
2.6295	0.18850
2.6309	0.18854
2.6322	0.18898
2.6335	0.18915
2.6349	0.18933
2.6362	0.18956
2.6376	0.18970
2.6389	0.18983
2.6402	0.19000
2.6416	0.19015
2.6429	0.19027
2.6443	0.19044
2.6456	0.19049
2.647	0.19061
2.6483	0.19080
2.6497	0.19103
2.651	0.19116
2.6524	0.19119
2.6538	0.19134
2.6551	0.19145
2.6565	0.19169
2.6578	0.19191
2.6592	0.19196
2.6606	0.19218
2.6619	0.19236
2.6633	0.19244
2.6647	0.19226
2.666	0.19223
2.6674	0.19252
2.6688	0.19287
2.6701	0.19266
2.6715	0.19306
2.6729	0.19365
2.6743	0.19388
2.6756	0.19385
2.677	0.19389
2.6784	0.19416
2.6798	0.19440
2.6812	0.19475
2.6826	0.19488
2.684	0.19501
2.6854	0.19520
2.6868	0.19534
2.6881	0.19555
2.6895	0.19576
2.6909	0.19588
2.6923	0.19597
2.6937	0.19611
2.6951	0.19632
2.6965	0.19665
2.6979	0.19702
2.6993	0.19720
2.7007	0.19728
2.7021	0.19744
2.7036	0.19770
2.705	0.19792
2.7064	0.19817
2.7078	0.19827
2.7092	0.19812
2.7106	0.19802
2.712	0.19839
2.7135	0.19885
2.7149	0.19901
2.7163	0.19912
2.7177	0.19925
2.7191	0.19953
2.7206	0.19945
2.722	0.19959
2.7234	0.19968
2.7249	0.19968
2.7263	0.20007
2.7277	0.20040
2.7292	0.20061
2.7306	0.20082
2.732	0.20092
2.7335	0.20093
2.7349	0.20099
2.7364	0.20130
2.7378	0.20138
2.7393	0.20126
2.7407	0.20135
2.7422	0.20173
2.7436	0.20217
2.7451	0.20244
2.7465	0.20257
2.748	0.20269
2.7494	0.20282
2.7509	0.20296
2.7523	0.20312
2.7538	0.20310
2.7553	0.20289
2.7567	0.20328
2.7582	0.20376
2.7597	0.20394
2.7611	0.20395
2.7626	0.20395
2.7641	0.20413
2.7656	0.20439
2.767	0.20457
2.7685	0.20476
2.77	0.20492
2.7715	0.20499
2.7729	0.20520
2.7744	0.20547
2.7759	0.20570
2.7774	0.20592
2.7789	0.20616
2.7804	0.20627
2.7819	0.20642
2.7834	0.20668
2.7849	0.20683
2.7864	0.20674
2.7879	0.20688
2.7894	0.20726
2.7909	0.20755
2.7924	0.20781
2.7939	0.20795
2.7954	0.20805
2.7969	0.20822
2.7984	0.20845
2.7999	0.20864
2.8014	0.20865
2.8029	0.20872
2.8044	0.20901
2.806	0.20938
2.8075	0.20962
2.809	0.20979
2.8105	0.20993
2.8121	0.21016
2.8136	0.21035
2.8151	0.21053
2.8166	0.21072
2.8182	0.21087
2.8197	0.21101
2.8212	0.21115
2.8228	0.21141
2.8243	0.21164
2.8258	0.21182
2.8274	0.21198
2.8289	0.21216
2.8305	0.21234
2.832	0.21255
2.8336	0.21273
2.8351	0.21288
2.8367	0.21306
2.8382	0.21330
2.8398	0.21354
2.8413	0.21375
2.8429	0.21392
2.8444	0.21413
2.846	0.21430
2.8476	0.21450
2.8491	0.21472
2.8507	0.21498
2.8523	0.21522
2.8538	0.21538
2.8554	0.21551
2.857	0.21569
2.8586	0.21596
2.8601	0.21616
2.8617	0.21632
2.8633	0.21651
2.8649	0.21670
2.8664	0.21693
2.868	0.21717
2.8696	0.21740
2.8712	0.21760
2.8728	0.21776
2.8744	0.21802
2.876	0.21819
2.8776	0.21829
2.8792	0.21854
2.8808	0.21881
2.8824	0.21898
2.884	0.21910
2.8856	0.21930
2.8872	0.21948
2.8888	0.21970
2.8904	0.21997
2.892	0.22014
2.8936	0.22032
2.8953	0.22049
2.8969	0.22064
2.8985	0.22089
2.9001	0.22108
2.9017	0.22119
2.9034	0.22139
2.905	0.22165
2.9066	0.22182
2.9083	0.22200
2.9099	0.22224
2.9115	0.22247
2.9131	0.22256
2.9148	0.22275
2.9164	0.22295
2.9181	0.22313
2.9197	0.22332
2.9214	0.22357
2.923	0.22375
2.9247	0.22389
2.9263	0.22417
2.928	0.22451
2.9296	0.22472
2.9313	0.22487
2.9329	0.22507
2.9346	0.22526
2.9363	0.22550
2.9379	0.22584
2.9396	0.22611
2.9412	0.22629
2.9429	0.22649
2.9446	0.22670
2.9463	0.22685
2.9479	0.22708
2.9496	0.22732
2.9513	0.22757
2.953	0.22784
2.9546	0.22805
2.9563	0.22827
2.958	0.22857
2.9597	0.22884
2.9614	0.22909
2.9631	0.22935
2.9648	0.22951
2.9665	0.22967
2.9682	0.22995
2.9699	0.23027
2.9716	0.23053
2.9733	0.23080
2.975	0.23110
2.9767	0.23138
2.9784	0.23163
2.9801	0.23186
2.9818	0.23210
2.9836	0.23235
2.9853	0.23249
2.987	0.23275
2.9887	0.23312
2.9904	0.23341
2.9922	0.23360
2.9939	0.23388
2.9956	0.23416
2.9974	0.23435
2.9991	0.23457
3.0008	0.23487
3.0026	0.23515
3.0043	0.23537
3.006	0.23560
3.0078	0.23588
3.0095	0.23613
3.0113	0.23637
3.013	0.23666
3.0148	0.23686
3.0165	0.23710
3.0183	0.23734
3.02	0.23757
3.0218	0.23785
3.0236	0.23813
3.0253	0.23838
3.0271	0.23864
3.0289	0.23889
3.0306	0.23910
3.0324	0.23933
3.0342	0.23965
3.036	0.23993
3.0377	0.24011
3.0395	0.24027
3.0413	0.24047
3.0431	0.24072
3.0449	0.24093
3.0467	0.24111
3.0484	0.24130
3.0502	0.24154
3.052	0.24169
3.0538	0.24184
3.0556	0.24206
3.0574	0.24223
3.0592	0.24238
3.0611	0.24252
3.0629	0.24272
3.0647	0.24287
3.0665	0.24302
3.0683	0.24318
3.0701	0.24335
3.0719	0.24347
3.0738	0.24364
3.0756	0.24381
3.0774	0.24396
3.0792	0.24412
3.0811	0.24423
3.0829	0.24433
3.0847	0.24441
3.0866	0.24456
3.0884	0.24479
3.0902	0.24499
3.0921	0.24519
3.0939	0.24532
3.0958	0.24549
3.0976	0.24569
3.0995	0.24579
3.1013	0.24597
3.1032	0.24617
3.105	0.24636
3.1069	0.24656
3.1088	0.24676
3.1106	0.24690
3.1125	0.24707
3.1144	0.24722
3.1162	0.24740
3.1181	0.24760
3.12	0.24785
3.1219	0.24805
3.1237	0.24823
3.1256	0.24843
3.1275	0.24862
3.1294	0.24883
3.1313	0.24901
3.1332	0.24921
3.1351	0.24937
3.137	0.24955
3.1389	0.24973
3.1408	0.24986
3.1427	0.25001
3.1446	0.25024
3.1465	0.25046
3.1484	0.25063
3.1503	0.25087
3.1522	0.25106
3.1541	0.25125
3.1561	0.25148
3.158	0.25167
3.1599	0.25190
3.1618	0.25210
3.1638	0.25233
3.1657	0.25254
3.1676	0.25276
3.1696	0.25301
3.1715	0.25317
3.1734	0.25335
3.1754	0.25353
3.1773	0.25372
3.1793	0.25397
3.1812	0.25418
3.1832	0.25437
3.1851	0.25451
3.1871	0.25471
3.1891	0.25490
3.191	0.25507
3.193	0.25535
3.1949	0.25564
3.1969	0.25588
3.1989	0.25614
3.2009	0.25634
3.2029	0.25657
3.2048	0.25681
3.2068	0.25703
3.2088	0.25727
3.2108	0.25753
3.2128	0.25775
3.2148	0.25793
3.2168	0.25815
3.2188	0.25846
3.2208	0.25877
3.2228	0.25908
3.2248	0.25928
3.2268	0.25949
3.2288	0.25971
3.2308	0.25989
3.2328	0.26013
3.2348	0.26037
3.2368	0.26061
3.2389	0.26087
3.2409	0.26110
3.2429	0.26130
3.2449	0.26149
3.247	0.26181
3.249	0.26213
3.251	0.26235
3.2531	0.26258
3.2551	0.26272
3.2572	0.26295
3.2592	0.26321
3.2613	0.26335
3.2633	0.26358
3.2654	0.26380
3.2674	0.26407
3.2695	0.26439
3.2716	0.26462
3.2736	0.26475
3.2757	0.26494
3.2778	0.26521
3.2798	0.26538
3.2819	0.26551
3.284	0.26579
3.2861	0.26604
3.2881	0.26617
3.2902	0.26633
3.2923	0.26649
3.2944	0.26662
3.2965	0.26679
3.2986	0.26701
3.3007	0.26726
3.3028	0.26745
3.3049	0.26768
3.307	0.26788
3.3091	0.26811
3.3112	0.26828
3.3134	0.26845
3.3155	0.26859
3.3176	0.26874
3.3197	0.26901
3.3219	0.26930
3.324	0.26954
3.3261	0.26970
3.3283	0.26995
3.3304	0.27026
3.3325	0.27046
3.3347	0.27071
3.3368	0.27095
3.339	0.27115
3.3411	0.27136
3.3433	0.27160
3.3454	0.27180
3.3476	0.27206
3.3498	0.27238
3.3519	0.27269
3.3541	0.27293
3.3563	0.27315
3.3584	0.27337
3.3606	0.27369
3.3628	0.27403
3.365	0.27428
3.3671	0.27453
3.3693	0.27484
3.3715	0.27508
3.3737	0.27539
3.3759	0.27571
3.3781	0.27597
3.3803	0.27619
3.3825	0.27657
3.3847	0.27682
3.3869	0.27702
3.3891	0.27723
3.3914	0.27739
3.3936	0.27757
3.3958	0.27780
3.398	0.27806
3.4003	0.27834
3.4025	0.27857
3.4047	0.27880
3.407	0.27908
3.4092	0.27946
3.4114	0.27980
3.4137	0.28022
3.4159	0.28057
3.4182	0.28086
3.4204	0.28118
3.4227	0.28151
3.425	0.28187
3.4272	0.28213
3.4295	0.28228
3.4318	0.28223
3.434	0.28214
3.4363	0.28227
3.4386	0.28233
3.4409	0.28243
3.4432	0.28254
3.4454	0.28267
3.4477	0.28286
3.45	0.28306
3.4523	0.28324
3.4546	0.28343
3.4569	0.28359
3.4592	0.28375
3.4616	0.28391
3.4639	0.28410
3.4662	0.28430
3.4685	0.28447
3.4708	0.28471
3.4731	0.28486
3.4755	0.28507
3.4778	0.28537
3.4801	0.28555
3.4825	0.28575
3.4848	0.28605
3.4872	0.28618
3.4895	0.28627
3.4919	0.28643
3.4942	0.28665
3.4966	0.28695
3.4989	0.28727
3.5013	0.28762
3.5036	0.28797
3.506	0.28827
3.5084	0.28852
3.5108	0.28864
3.5131	0.28856
3.5155	0.28849
3.5179	0.28847
3.5203	0.28836
3.5227	0.28843
3.5251	0.28861
3.5275	0.28870
3.5299	0.28889
3.5323	0.28907
3.5347	0.28919
3.5371	0.28932
3.5395	0.28948
3.5419	0.28967
3.5444	0.28987
3.5468	0.29007
3.5492	0.29022
3.5516	0.29033
3.5541	0.29054
3.5565	0.29075
3.559	0.29091
3.5614	0.29101
3.5639	0.29119
3.5663	0.29138
3.5688	0.29155
3.5712	0.29173
3.5737	0.29193
3.5761	0.29207
3.5786	0.29225
3.5811	0.29251
3.5836	0.29268
3.586	0.29290
3.5885	0.29308
3.591	0.29319
3.5935	0.29337
3.596	0.29349
3.5985	0.29366
3.601	0.29391
3.6035	0.29410
3.606	0.29426
3.6085	0.29446
3.611	0.29464
3.6135	0.29481
3.616	0.29499
3.6186	0.29508
3.6211	0.29523
3.6236	0.29544
3.6261	0.29570
3.6287	0.29585
3.6312	0.29606
3.6338	0.29632
3.6363	0.29643
3.6389	0.29649
3.6414	0.29668
3.644	0.29697
3.6466	0.29718
3.6491	0.29730
3.6517	0.29748
3.6543	0.29764
3.6568	0.29785
3.6594	0.29810
3.662	0.29830
3.6646	0.29841
3.6672	0.29853
3.6698	0.29874
3.6724	0.29889
3.675	0.29906
3.6776	0.29925
3.6802	0.29939
3.6828	0.29952
3.6854	0.29967
3.6881	0.29982
3.6907	0.29998
3.6933	0.30017
3.6959	0.30032
3.6986	0.30047
3.7012	0.30070
3.7039	0.30093
3.7065	0.30109
3.7092	0.30122
3.7118	0.30125
3.7145	0.30137
3.7171	0.30161
3.7198	0.30180
3.7225	0.30193
3.7251	0.30202
3.7278	0.30215
3.7305	0.30237
3.7332	0.30248
3.7359	0.30267
3.7386	0.30295
3.7413	0.30312
3.744	0.30331
3.7467	0.30356
3.7494	0.30368
3.7521	0.30376
3.7548	0.30398
3.7575	0.30410
3.7603	0.30417
3.763	0.30434
3.7657	0.30448
3.7685	0.30457
3.7712	0.30469
3.7739	0.30486
3.7767	0.30500
3.7794	0.30519
3.7822	0.30536
3.785	0.30532
3.7877	0.30536
3.7905	0.30560
3.7933	0.30566
3.7961	0.30576
3.7988	0.30593
3.8016	0.30611
3.8044	0.30626
3.8072	0.30628
3.81	0.30640
3.8128	0.30658
3.8156	0.30671
3.8184	0.30680
3.8212	0.30684
3.824	0.30690
3.8269	0.30704
3.8297	0.30718
3.8325	0.30731
3.8354	0.30742
3.8382	0.30743
3.841	0.30760
3.8439	0.30785
3.8467	0.30807
3.8496	0.30817
3.8524	0.30820
3.8553	0.30823
3.8582	0.30831
3.8611	0.30851
3.8639	0.30862
3.8668	0.30867
3.8697	0.30874
3.8726	0.30886
3.8755	0.30899
3.8784	0.30914
3.8813	0.30920
3.8842	0.30920
3.8871	0.30927
3.89	0.30940
3.8929	0.30948
3.8959	0.30948
3.8988	0.30954
3.9017	0.30970
3.9047	0.30982
3.9076	0.30990
3.9106	0.31006
3.9135	0.31019
3.9165	0.31020
3.9194	0.31030
3.9224	0.31046
3.9254	0.31057
3.9283	0.31067
3.9313	0.31072
3.9343	0.31082
3.9373	0.31088
3.9403	0.31099
3.9433	0.31109
3.9463	0.31117
3.9493	0.31127
3.9523	0.31137
3.9553	0.31147
3.9583	0.31157
3.9614	0.31166
3.9644	0.31175
3.9674	0.31183
3.9705	0.31192
3.9735	0.31202
3.9766	0.31214
3.9796	0.31228
3.9826	0.31241
3.9857	0.31251
3.9888	0.31256
3.9919	0.31264
3.9949	0.31277
3.998	0.31288
4.0011	0.31299
4.0042	0.31308
4.0073	0.31316
4.0104	0.31324
4.0135	0.31334
4.0166	0.31344
4.0197	0.31356
4.0228	0.31366
4.0259	0.31378
4.0291	0.31388
4.0322	0.31393
4.0353	0.31397
4.0385	0.31403
4.0416	0.31412
4.0448	0.31420
4.0479	0.31427
4.0511	0.31435
4.0543	0.31445
4.0574	0.31453
4.0606	0.31461
4.0638	0.31470
4.067	0.31479
4.0702	0.31488
4.0734	0.31493
4.0766	0.31500
4.0798	0.31507
4.083	0.31513
4.0862	0.31518
4.0894	0.31523
4.0927	0.31528
4.0959	0.31535
4.0991	0.31543
4.1024	0.31549
4.1056	0.31555
4.1089	0.31559
4.1121	0.31564
4.1154	0.31571
4.1187	0.31575
4.122	0.31580
4.1252	0.31583
4.1285	0.31588
4.1318	0.31592
4.1351	0.31597
4.1384	0.31602
4.1417	0.31605
4.145	0.31606
4.1483	0.31608
4.1516	0.31609
4.155	0.31611
4.1583	0.31616
4.1616	0.31622
4.165	0.31625
4.1683	0.31626
4.1717	0.31627
4.175	0.31632
4.1784	0.31639
4.1818	0.31642
4.1852	0.31646
4.1885	0.31649
4.1919	0.31652
4.1953	0.31655
4.1987	0.31658
4.2021	0.31662
4.2055	0.31664
4.2089	0.31666
4.2124	0.31664
4.2158	0.31659
4.2192	0.31654
4.2226	0.31651
4.2261	0.31645
4.2295	0.31641
4.233	0.31640
4.2365	0.31640
4.2399	0.31642
4.2434	0.31644
4.2469	0.31646
4.2503	0.31651
4.2538	0.31656
4.2573	0.31665
4.2608	0.31668
4.2643	0.31666
4.2678	0.31660
4.2713	0.31656
4.2749	0.31655
4.2784	0.31657
4.2819	0.31656
4.2855	0.31657
4.289	0.31660
4.2926	0.31662
4.2961	0.31659
4.2997	0.31657
4.3033	0.31658
4.3068	0.31658
4.3104	0.31658
4.314	0.31661
4.3176	0.31663
4.3212	0.31663
4.3248	0.31660
4.3284	0.31658
4.332	0.31654
4.3356	0.31650
4.3393	0.31644
4.3429	0.31645
4.3465	0.31648
4.3502	0.31646
4.3538	0.31644
4.3575	0.31642
4.3611	0.31637
4.3648	0.31633
4.3685	0.31627
4.3722	0.31626
4.3759	0.31626
4.3796	0.31625
4.3833	0.31621
4.387	0.31619
4.3907	0.31619
4.3944	0.31617
4.3981	0.31613
4.4019	0.31614
4.4056	0.31612
4.4094	0.31611
4.4131	0.31608
4.4169	0.31603
4.4206	0.31599
4.4244	0.31594
4.4282	0.31590
4.432	0.31587
4.4358	0.31584
4.4396	0.31581
4.4434	0.31577
4.4472	0.31572
4.451	0.31566
4.4548	0.31563
4.4586	0.31559
4.4625	0.31556
4.4663	0.31549
4.4702	0.31542
4.474	0.31537
4.4779	0.31534
4.4818	0.31529
4.4856	0.31524
4.4895	0.31520
4.4934	0.31514
4.4973	0.31507
4.5012	0.31502
4.5051	0.31495
4.509	0.31488
4.513	0.31479
4.5169	0.31471
4.5209	0.31462
4.5248	0.31455
4.5287	0.31449
4.5327	0.31444
4.5367	0.31433
4.5406	0.31425
4.5446	0.31418
4.5486	0.31411
4.5526	0.31403
4.5566	0.31392
4.5606	0.31384
4.5646	0.31380
4.5686	0.31373
4.5727	0.31366
4.5767	0.31356
4.5808	0.31346
4.5848	0.31339
4.5889	0.31333
4.5929	0.31324
4.597	0.31316
4.6011	0.31310
4.6052	0.31306
4.6093	0.31298
4.6134	0.31289
4.6175	0.31279
4.6216	0.31270
4.6257	0.31258
4.6298	0.31248
4.634	0.31240
4.6381	0.31232
4.6423	0.31223
4.6464	0.31213
4.6506	0.31202
4.6548	0.31193
4.659	0.31182
4.6631	0.31172
4.6673	0.31160
4.6715	0.31149
4.6758	0.31137
4.68	0.31123
4.6842	0.31109
4.6884	0.31099
4.6927	0.31085
4.6969	0.31074
4.7012	0.31061
4.7055	0.31048
4.7097	0.31036
4.714	0.31023
4.7183	0.31006
4.7226	0.30993
4.7269	0.30983
4.7312	0.30974
4.7355	0.30962
4.7399	0.30951
4.7442	0.30938
4.7485	0.30928
4.7529	0.30917
4.7573	0.30905
4.7616	0.30893
4.766	0.30882
4.7704	0.30871
4.7748	0.30861
4.7792	0.30846
4.7836	0.30833
4.788	0.30820
4.7924	0.30807
4.7969	0.30791
4.8013	0.30775
4.8058	0.30757
4.8102	0.30742
4.8147	0.30726
4.8191	0.30711
4.8236	0.30698
4.8281	0.30686
4.8326	0.30669
4.8371	0.30655
4.8416	0.30640
4.8462	0.30626
4.8507	0.30612
4.8553	0.30598
4.8598	0.30584
4.8644	0.30573
4.8689	0.30557
4.8735	0.30541
4.8781	0.30522
4.8827	0.30509
4.8873	0.30497
4.8919	0.30483
4.8965	0.30471
4.9011	0.30457
4.9058	0.30438
4.9104	0.30422
4.9151	0.30404
4.9197	0.30390
4.9244	0.30375
4.9291	0.30362
4.9338	0.30346
4.9385	0.30331
4.9432	0.30315
4.9479	0.30297
4.9526	0.30284
4.9574	0.30270
4.9621	0.30251
4.9669	0.30235
4.9716	0.30218
4.9764	0.30201
4.9812	0.30182
4.986	0.30168
4.9908	0.30154
4.9956	0.30143
5.0004	0.30127
5.0052	0.30110
5.01	0.30093
5.0149	0.30079
5.0198	0.30060
5.0246	0.30041
5.0295	0.30025
5.0344	0.30011
5.0393	0.29994
5.0442	0.29977
5.0491	0.29959
5.054	0.29941
5.0589	0.29922
5.0639	0.29908
5.0688	0.29893
5.0738	0.29875
5.0788	0.29856
5.0837	0.29843
5.0887	0.29827
5.0937	0.29815
5.0987	0.29799
5.1037	0.29783
5.1088	0.29767
5.1138	0.29754
5.1189	0.29739
5.1239	0.29726
5.129	0.29710
5.1341	0.29693
5.1391	0.29673
5.1443	0.29658
5.1494	0.29635
5.1545	0.29615
5.1596	0.29600
5.1647	0.29585
5.1699	0.29567
5.175	0.29550
5.1802	0.29535
5.1854	0.29522
5.1906	0.29506
5.1958	0.29491
5.201	0.29470
5.2062	0.29453
5.2115	0.29438
5.2167	0.29415
5.222	0.29398
5.2272	0.29380
5.2325	0.29356
5.2378	0.29338
5.2431	0.29322
5.2484	0.29303
5.2537	0.29284
5.259	0.29266
5.2644	0.29244
5.2697	0.29225
5.2751	0.29203
5.2805	0.29182
5.2858	0.29164
5.2912	0.29143
5.2966	0.29118
5.302	0.29103
5.3075	0.29085
5.3129	0.29070
5.3184	0.29052
5.3238	0.29032
5.3293	0.29012
5.3348	0.28995
5.3403	0.28975
5.3458	0.28955
5.3513	0.28923
5.3568	0.28899
5.3624	0.28889
5.3679	0.28876
5.3735	0.28854
5.379	0.28835
5.3846	0.28814
5.3902	0.28796
5.3958	0.28778
5.4015	0.28761
5.4071	0.28742
5.4127	0.28721
5.4184	0.28705
5.4241	0.28668
5.4297	0.28644
5.4354	0.28638
5.4411	0.28615
5.4468	0.28591
5.4526	0.28571
5.4583	0.28554
5.4641	0.28530
5.4698	0.28517
5.4756	0.28507
5.4814	0.28483
5.4872	0.28463
5.493	0.28449
5.4988	0.28428
5.5047	0.28406
5.5105	0.28380
5.5164	0.28360
5.5223	0.28341
5.5281	0.28327
5.534	0.28309
5.54	0.28294
5.5459	0.28277
5.5518	0.28256
5.5578	0.28231
5.5637	0.28215
5.5697	0.28204
5.5757	0.28191
5.5817	0.28152
5.5877	0.28134
5.5937	0.28132
5.5998	0.28123
5.6058	0.28100
5.6119	0.28088
5.618	0.28064
5.6241	0.28044
5.6302	0.28025
5.6363	0.28013
5.6424	0.27978
5.6486	0.27951
5.6547	0.27949
5.6609	0.27933
5.6671	0.27924
5.6733	0.27909
5.6795	0.27881
5.6857	0.27883
5.692	0.27883
5.6982	0.27879
5.7045	0.27889
5.7108	0.27881
5.7171	0.27865
5.7234	0.27861
5.7297	0.27861
5.7361	0.27861
5.7424	0.27854
5.7488	0.27838
5.7551	0.27819
5.7615	0.27821
5.768	0.27766
5.7744	0.27735
5.7808	0.27727
5.7873	0.27701
5.7937	0.27678
5.8002	0.27660
5.8067	0.27634
5.8132	0.27618
5.8197	0.27582
5.8263	0.27531
5.8328	0.27513
5.8394	0.27497
5.846	0.27475
5.8526	0.27460
5.8592	0.27444
5.8658	0.27417
5.8725	0.27410
5.8791	0.27386
5.8858	0.27325
5.8925	0.27331
5.8992	0.27293
5.9059	0.27285
5.9126	0.27290
5.9194	0.27274
5.9262	0.27261
5.9329	0.27250
5.9397	0.27187
5.9465	0.27175
5.9534	0.27178
5.9602	0.27173
5.9671	0.27153
5.974	0.27115
5.9808	0.27115
5.9878	0.27104
5.9947	0.27082
6.0016	0.27082
6.0086	0.27079
6.0155	0.27050
6.0225	0.27028
6.0295	0.27021
6.0365	0.27014
6.0436	0.27004
6.0506	0.26924
6.0577	0.26895
6.0648	0.26909
6.0719	0.26878
6.079	0.26831
6.0861	0.26807
6.0933	0.26776
6.1005	0.26744
6.1076	0.26723
6.1149	0.26661
6.1221	0.26611
6.1293	0.26598
6.1365	0.26567
6.1438	0.26523
6.1511	0.26481
6.1584	0.26443
6.1657	0.26400
6.1731	0.26372
6.1804	0.26344
6.1878	0.26293
6.1952	0.26260
6.2026	0.26244
6.21	0.26213
6.2175	0.26177
6.225	0.26144
6.2324	0.26113
6.2399	0.26073
6.2475	0.26042
6.255	0.26010
6.2625	0.25985
6.2701	0.25959
6.2777	0.25933
6.2853	0.25898
6.2929	0.25863
6.3006	0.25836
6.3083	0.25813
6.3159	0.25781
6.3236	0.25757
6.3314	0.25736
6.3391	0.25720
6.3469	0.25671
6.3546	0.25647
6.3624	0.25641
6.3703	0.25617
6.3781	0.25592
6.3859	0.25585
6.3938	0.25570
6.4017	0.25570
6.4096	0.25554
6.4176	0.25498
6.4255	0.25493
6.4335	0.25495
6.4415	0.25475
6.4495	0.25462
6.4575	0.25429
6.4656	0.25411
6.4736	0.25384
6.4817	0.25359
6.4898	0.25317
6.498	0.25261
6.5061	0.25239
6.5143	0.25231
6.5225	0.25178
6.5307	0.25142
6.5389	0.25125
6.5472	0.25099
6.5555	0.25053
6.5638	0.25027
6.5721	0.24983
6.5804	0.24936
6.5888	0.24912
6.5972	0.24878
6.6056	0.24848
6.614	0.24811
6.6225	0.24767
6.6309	0.24735
6.6394	0.24657
6.6479	0.24605
6.6565	0.24578
6.665	0.24539
6.6736	0.24492
6.6822	0.24436
6.6908	0.24375
6.6995	0.24344
6.7081	0.24294
6.7168	0.24231
6.7255	0.24174
6.7343	0.24119
6.743	0.24071
6.7518	0.24025
6.7606	0.23976
6.7694	0.23934
6.7783	0.23886
6.7871	0.23839
6.796	0.23774
6.805	0.23729
6.8139	0.23682
6.8229	0.23623
6.8319	0.23544
6.8409	0.23486
6.8499	0.23435
6.859	0.23372
6.868	0.23268
6.8772	0.23205
6.8863	0.23145
6.8955	0.23074
6.9046	0.22989
6.9138	0.22909
6.9231	0.22839
6.9323	0.22772
6.9416	0.22698
6.9509	0.22630
6.9602	0.22538
6.9696	0.22451
6.979	0.22380
6.9884	0.22305
6.9978	0.22227
7.0073	0.22160
7.0168	0.22091
7.0263	0.22021
7.0358	0.21964
7.0454	0.21901
7.0549	0.21829
7.0645	0.21789
7.0742	0.21749
7.0839	0.21714
7.0935	0.21674
7.1033	0.21643
7.113	0.21608
7.1228	0.21584
7.1326	0.21564
7.1424	0.21545
7.1522	0.21517
7.1621	0.21504
7.172	0.21484
7.182	0.21469
7.1919	0.21455
7.2019	0.21443
7.2119	0.21417
7.222	0.21397
7.232	0.21375
7.2421	0.21354
7.2523	0.21324
7.2624	0.21296
7.2726	0.21264
7.2828	0.21231
7.2931	0.21198
7.3033	0.21171
7.3136	0.21137
7.324	0.21108
7.3343	0.21072
7.3447	0.21038
7.3551	0.21005
7.3656	0.20979
7.3761	0.20945
7.3866	0.20910
7.3971	0.20876
7.4077	0.20847
7.4183	0.20816
7.4289	0.20787
7.4396	0.20756
7.4503	0.20734
7.461	0.20705
7.4717	0.20673
7.4825	0.20642
7.4933	0.20619
7.5042	0.20596
7.515	0.20571
7.5259	0.20537
7.5369	0.20508
7.5479	0.20478
7.5589	0.20451
7.5699	0.20419
7.581	0.20391
7.592	0.20362
7.6032	0.20333
7.6144	0.20296
7.6255	0.20262
7.6368	0.20226
7.648	0.20193
7.6593	0.20158
7.6707	0.20126
7.682	0.20088
7.6934	0.20051
7.7049	0.20013
7.7163	0.19980
7.7278	0.19941
7.7394	0.19902
7.7509	0.19859
7.7625	0.19824
7.7742	0.19785
7.7858	0.19746
7.7975	0.19708
7.8093	0.19677
7.8211	0.19642
7.8329	0.19611
7.8447	0.19575
7.8566	0.19542
7.8685	0.19502
7.8805	0.19469
7.8925	0.19437
7.9045	0.19406
7.9166	0.19373
7.9287	0.19340
7.9408	0.19300
7.953	0.19270
7.9652	0.19232
7.9775	0.19193
7.9898	0.19147
8.0021	0.19106
8.0145	0.19067
8.0269	0.19031
8.0393	0.18989
8.0518	0.18948
8.0643	0.18903
8.0769	0.18862
8.0895	0.18816
8.1021	0.18772
8.1148	0.18726
8.1275	0.18681
8.1403	0.18630
8.1531	0.18583
8.1659	0.18537
8.1788	0.18489
8.1917	0.18436
8.2047	0.18390
8.2177	0.18336
8.2307	0.18286
8.2438	0.18233
8.2569	0.18186
8.2701	0.18133
8.2833	0.18083
8.2966	0.18031
8.3099	0.17980
8.3232	0.17929
8.3366	0.17882
8.35	0.17826
8.3635	0.17779
8.377	0.17726
8.3905	0.17674
8.4041	0.17622
8.4178	0.17571
8.4315	0.17516
8.4452	0.17472
8.459	0.17424
8.4728	0.17377
8.4867	0.17329
8.5006	0.17288
8.5145	0.17241
8.5285	0.17195
8.5426	0.17147
8.5567	0.17102
8.5708	0.17054
8.585	0.17015
8.5993	0.16973
8.6135	0.16929
8.6279	0.16877
8.6423	0.16827
8.6567	0.16771
8.6712	0.16722
8.6857	0.16662
8.7003	0.16603
8.7149	0.16538
8.7296	0.16479
8.7443	0.16417
8.759	0.16359
8.7739	0.16298
8.7887	0.16240
8.8037	0.16175
8.8186	0.16124
8.8337	0.16068
8.8487	0.16017
8.8638	0.15965
8.879	0.15917
8.8943	0.15860
8.9095	0.15807
8.9249	0.15746
8.9403	0.15688
8.9557	0.15623
8.9712	0.15560
8.9868	0.15491
9.0023	0.15426
9.018	0.15356
9.0337	0.15286
9.0495	0.15201
9.0653	0.15124
9.0812	0.15044
9.0971	0.14966
9.1131	0.14879
9.1291	0.14790
9.1452	0.14698
9.1614	0.14612
9.1776	0.14513
9.1939	0.14422
9.2102	0.14326
9.2266	0.14233
9.243	0.14138
9.2595	0.14049
9.2761	0.13954
9.2927	0.13869
9.3094	0.13777
9.3262	0.13690
9.343	0.13600
9.3598	0.13525
9.3768	0.13443
9.3937	0.13365
9.4108	0.13283
9.4279	0.13211
9.4451	0.13126
9.4623	0.13053
9.4796	0.12977
9.497	0.12911
9.5144	0.12844
9.5319	0.12779
9.5494	0.12698
9.567	0.12618
9.5847	0.12526
9.6025	0.12442
9.6203	0.12358
9.6382	0.12279
9.6561	0.12197
9.6742	0.12125
9.6922	0.12046
9.7104	0.11980
9.7286	0.11908
9.7469	0.11851
9.7652	0.11785
9.7837	0.11720
9.8022	0.11648
9.8207	0.11580
9.8394	0.11505
9.8581	0.11441
9.8768	0.11370
9.8957	0.11306
9.9146	0.11242
9.9336	0.11192
9.9527	0.11131
9.9718	0.11079
9.991	0.11019
10.0103	0.10956
10.0297	0.10884
10.0491	0.10819
10.0686	0.10741
10.0882	0.10670
10.1079	0.10594
10.1276	0.10520
10.1474	0.10437
10.1673	0.10370
10.1873	0.10299
10.2074	0.10232
10.2275	0.10157
10.2477	0.10097
10.268	0.10030
10.2884	0.09966
10.3088	0.09889
10.3294	0.09825
10.35	0.09752
10.3707	0.09679
10.3915	0.09594
10.4123	0.09513
10.4333	0.09425
10.4543	0.09342
10.4755	0.09250
10.4967	0.09169
10.518	0.09072
10.5393	0.08979
10.5608	0.08878
10.5823	0.08782
10.604	0.08677
10.6257	0.08584
10.6475	0.08478
10.6694	0.08375
10.6914	0.08267
10.7135	0.08167
10.7357	0.08053
10.758	0.07943
10.7803	0.07827
10.8028	0.07725
10.8254	0.07617
10.848	0.07520
10.8708	0.07418
10.8936	0.07322
10.9165	0.07219
10.9395	0.07127
10.9627	0.07019
10.9859	0.06920
11.0092	0.06814
11.0327	0.06713
11.0562	0.06598
11.0798	0.06490
11.1035	0.06370
11.1273	0.06261
11.1513	0.06147
11.1753	0.06041
11.1995	0.05921
11.2237	0.05808
11.248	0.05683
11.2725	0.05574
11.297	0.05455
11.3217	0.05347
11.3465	0.05226
11.3714	0.05116
11.3964	0.04994
11.4215	0.04879
11.4467	0.04750
11.472	0.04637
11.4975	0.04512
11.523	0.04394
11.5487	0.04274
11.5745	0.04166
11.6003	0.04041
11.6263	0.03929
11.6525	0.03813
11.6787	0.03711
11.7051	0.03590
11.7316	0.03477
11.7582	0.03363
11.7849	0.03263
11.8117	0.03148
11.8387	0.03044
11.8658	0.02936
11.893	0.02841
11.9203	0.02733
11.9478	0.02640
11.9754	0.02544
12.0031	0.02465
12.031	0.02366
12.059	0.02280
12.0871	0.02192
12.1153	0.02122
12.1437	0.02037
12.1722	0.01963
12.2008	0.01882
12.2296	0.01817
12.2585	0.01745
12.2876	0.01683
12.3168	0.01610
12.3461	0.01563
12.3755	0.01512
12.4051	0.01472
12.4349	0.01418
12.4648	0.01384
12.4948	0.01346
12.525	0.01326
12.5553	0.01304
12.5858	0.01298
12.6164	0.01286
12.6472	0.01293
12.6781	0.01296
12.7092	0.01326
12.7404	0.01359
12.7718	0.01406
12.8033	0.01463
12.835	0.01547
12.8669	0.01624
12.8989	0.01728
12.9311	0.01844
12.9634	0.01984
12.9959	0.02130
13.0285	0.02305
13.0613	0.02483
13.0943	0.02692
13.1275	0.02912
13.1608	0.03158
13.1943	0.03409
13.228	0.03685
13.2618	0.03964
13.2958	0.04265
13.33	0.04566
13.3643	0.04887
13.3988	0.05193
13.4336	0.05499
13.4685	0.05798
13.5035	0.06096
13.5388	0.06373
13.5742	0.06637
13.6099	0.06865
13.6457	0.07079
13.6817	0.07264
13.7179	0.07433
13.7543	0.07579
13.7908	0.07715
13.8276	0.07829
13.8646	0.07930
13.9018	0.08013
13.9392	0.08101
13.9767	0.08170
14.0145	0.08242
14.0525	0.08302
14.0907	0.08367
14.129	0.08423
14.1676	0.08484
14.2065	0.08529
14.2455	0.08585
14.2847	0.08625
14.3242	0.08671
14.3639	0.08708
14.4038	0.08750
14.4439	0.08791
14.4843	0.08837
14.5248	0.08857
14.5656	0.08890
14.6067	0.08914
14.6479	0.08942
14.6894	0.08954
14.7312	0.08973
14.7731	0.08986
14.8153	0.09005
14.8578	0.09004
14.9005	0.08999
14.9434	0.08988
14.9866	0.08981
15.03	0.08961
15.0737	0.08949
15.1177	0.08921
15.1619	0.08901
15.2063	0.08872
15.2511	0.08850
15.2961	0.08821
15.3413	0.08797
15.3868	0.08755
15.4326	0.08722
15.4787	0.08690
15.525	0.08669
15.5717	0.08628
15.6186	0.08582
15.6658	0.08537
15.7132	0.08513
15.761	0.08458
15.809	0.08409
15.8574	0.08365
15.906	0.08335
15.955	0.08292
16.0042	0.08244
16.0538	0.08189
16.1036	0.08150
16.1538	0.08095
16.2043	0.08045
16.2551	0.08002
16.3062	0.07985
16.3576	0.07959
16.4094	0.07951
16.4615	0.07947
16.5139	0.07963
16.5667	0.07981
16.6198	0.08011
16.6732	0.08043
16.727	0.08102
16.7811	0.08154
16.8356	0.08223
16.8905	0.08291
16.9457	0.08393
17.0012	0.08473
17.0572	0.08565
17.1134	0.08642
17.1701	0.08735
17.2272	0.08831
17.2846	0.08922
17.3424	0.08976
17.4006	0.09053
17.4592	0.09122
17.5182	0.09199
17.5775	0.09258
17.6373	0.09325
17.6975	0.09362
17.7581	0.09414
17.8192	0.09462
17.8806	0.09525
17.9425	0.09573
18.0048	0.09619
18.0675	0.09634
18.1307	0.09675
18.1943	0.09718
18.2584	0.09756
18.3229	0.09764
18.3879	0.09809
18.4533	0.09849
18.5192	0.09902
18.5856	0.09921
18.6524	0.09949
18.7198	0.09969
18.7876	0.10003
18.8559	0.10015
18.9247	0.10046
18.9941	0.10063
19.0639	0.10088
19.1342	0.10097
19.2051	0.10117
19.2765	0.10099
19.3484	0.10122
19.4209	0.10134
19.4939	0.10152
19.5675	0.10139
19.6416	0.10101
19.7163	0.10074
19.7916	0.10018
19.8674	0.09954
19.9438	0.09941
20.0208	0.09931
20.0984	0.09894
20.1766	0.09847
20.2554	0.09833
20.3349	0.09779
20.4149	0.09732
20.4956	0.09673
20.5769	0.09600
20.6589	0.09547
20.7416	0.09528
20.8248	0.09442
20.9088	0.09381
20.9935	0.09346
21.0788	0.09299
21.1648	0.09284
21.2516	0.09298
21.3391	0.09257
21.4272	0.09217
21.5161	0.09187
21.6058	0.09213
21.6962	0.09226
21.7873	0.09239
21.8793	0.09248
21.972	0.09334
22.0655	0.09399
22.1598	0.09439
22.2549	0.09484
22.3508	0.09575
22.4476	0.09654
22.5452	0.09693
22.6436	0.09793
22.7429	0.09913
22.8431	0.09990
22.9442	0.10058
23.0462	0.10102
23.1491	0.10152
23.2529	0.10249
23.3576	0.10337
23.4633	0.10325
23.5699	0.10271
23.6776	0.10238
23.7862	0.10258
23.8958	0.10242
24.0064	0.10167
24.1181	0.10091
24.2308	0.10022
24.3445	0.09928
24.4593	0.09826
24.5753	0.09691
24.6923	0.09561
24.8104	0.09403
24.9297	0.09223
25.0501	0.09064
25.1717	0.08978
25.2945	0.08822
25.4185	0.08671
25.5437	0.08561
25.6702	0.08469
25.7979	0.08298
25.9269	0.08115
26.0572	0.07909
26.1888	0.07730
26.3217	0.07653
26.456	0.07557
26.5917	0.07408
26.7288	0.07284
26.8672	0.07244
27.0072	0.07301
27.1486	0.07280
27.2915	0.07264
27.4359	0.07283
27.5818	0.07259
27.7293	0.07268
27.8784	0.07313
28.0291	0.07236
28.1814	0.07177
28.3354	0.07146
28.4911	0.07147
28.6485	0.07111
28.8077	0.07091
28.9686	0.07104
29.1313	0.07127
29.2959	0.07194
29.4624	0.07244
29.6307	0.07205
29.801	0.07288
29.9733	0.07270
30.1475	0.07202
30.3238	0.07180
30.5022	0.07224
30.6827	0.07393
30.8653	0.07540
31.0502	0.07527
31.2372	0.07506
31.4265	0.07485
31.6182	0.07585
31.8121	0.07637
32.0085	0.07755
32.2073	0.07905
32.4086	0.08093
32.6124	0.08443
32.8188	0.08774
33.0279	0.09005
33.2396	0.09275
33.4541	0.09515
33.6713	0.09847
33.8914	0.09979
34.1143	0.10203
34.3403	0.10555
34.5692	0.10699
34.8012	0.10771
35.0363	0.10939
35.2747	0.11113
35.5163	0.11094
35.7612	0.11174
36.0096	0.11484
36.2614	0.11551
36.5167	0.11549
36.7757	0.11565
37.0384	0.11562
37.3049	0.11588
37.5752	0.11647
37.8495	0.11695
38.1278	0.11746
38.4102	0.11702
38.6968	0.11632
38.9878	0.11663
39.2832	0.11926
39.583	0.11694
39.8875	0.11529
40.1967	0.11602
40.5108	0.11627
40.8297	0.11220
41.1538	0.11058
41.483	0.10998
41.8176	0.10712
42.1575	0.10434
42.5031	0.10603
42.8544	0.10575
43.2115	0.10281
43.5746	0.10061
43.9439	0.09948
44.3195	0.09774
44.7015	0.09546
45.0902	0.09778
45.4858	0.10216
45.8883	0.10735
46.298	0.10967
46.7151	0.10717
47.1398	0.11072
47.5723	0.11021
48.0128	0.10636
48.4615	0.10652
48.9186	0.10494
49.3846	0.10286
49.8594	0.10572
50.3435	0.10848
50.837	0.10962
51.3404	0.10732
51.8538	0.10874
52.3776	0.10745
52.912	0.10408
53.4575	0.10644
54.0144	0.10638
54.5829	0.10742
55.1636	0.10356
55.7568	0.10245
56.3628	0.10759
56.9822	0.11084
57.6153	0.11317
58.2627	0.11324
58.9247	0.10509
59.602	0.09817
60.2951	0.10172
61.0044	0.10023
61.7307	0.09989
62.4744	0.10669
63.2363	0.11265
64.017	0.11704
64.8172	0.11229
65.6377	0.11424
66.4792	0.12637
67.3426	0.12156
68.2286	0.11514
69.1384	0.11773
70.0727	0.11401
71.0326	0.09743
72.0191	0.09874
73.0335	0.10621
74.0768	0.11033
75.1504	0.11583
76.2555	0.11660
77.3937	0.11704
78.5663	0.11239
79.775	0.12349
81.0215	0.13247
82.3076	0.13904
83.6351	0.11619
85.0062	0.11666
86.423	0.13454
87.8878	0.13430
89.403	0.12046
90.9715	0.13232
92.596	0.14227
94.2796	0.15372
96.0255	0.15812
97.8373	0.13266
99.7188	0.12663
