Brown University Keck/NASA Relab Spectrum JB-JLB-810/BKR1JB810
Wavelength(micron)	Reflectance
0.28	0.01622
0.285	0.01398
0.29	0.01334
0.295	0.01299
0.3	0.01285
0.305	0.01280
0.31	0.01279
0.315	0.01297
0.32	0.01320
0.325	0.01342
0.33	0.01358
0.335	0.01370
0.34	0.01384
0.345	0.01392
0.35	0.01412
0.355	0.01445
0.36	0.01487
0.365	0.01533
0.37	0.01585
0.375	0.01650
0.38	0.01727
0.385	0.01816
0.39	0.01928
0.395	0.02044
0.4	0.02183
0.405	0.02310
0.41	0.02459
0.415	0.02621
0.42	0.02815
0.425	0.03032
0.43	0.03282
0.435	0.03535
0.44	0.03810
0.445	0.04069
0.45	0.04326
0.455	0.04575
0.46	0.04790
0.465	0.05013
0.47	0.05222
0.475	0.05467
0.48	0.05729
0.485	0.06006
0.49	0.06326
0.495	0.06666
0.5	0.07063
0.505	0.07497
0.51	0.07949
0.515	0.08423
0.52	0.08915
0.525	0.09420
0.53	0.09963
0.535	0.10476
0.54	0.11014
0.545	0.11525
0.55	0.12055
0.555	0.12602
0.56	0.13160
0.565	0.13677
0.57	0.14232
0.575	0.14742
0.58	0.15286
0.585	0.15831
0.59	0.16350
0.595	0.16849
0.6	0.17329
0.605	0.17779
0.61	0.18257
0.615	0.18687
0.62	0.19089
0.625	0.19464
0.63	0.19802
0.635	0.20169
0.64	0.20485
0.645	0.20769
0.65	0.21042
0.655	0.21308
0.66	0.21495
0.665	0.21713
0.67	0.21962
0.675	0.22173
0.68	0.22346
0.685	0.22494
0.69	0.22691
0.695	0.22785
0.7	0.22913
0.705	0.22974
0.71	0.23099
0.715	0.23160
0.72	0.23208
0.725	0.23278
0.73	0.23340
0.735	0.23355
0.74	0.23393
0.745	0.23385
0.75	0.23406
0.755	0.23375
0.76	0.23352
0.765	0.23337
0.77	0.23288
0.775	0.23238
0.78	0.23143
0.785	0.23103
0.79	0.22984
0.795	0.22925
0.8	0.22815
0.805	0.22687
0.81	0.22579
0.815	0.22472
0.82	0.22378
0.825	0.22291
0.83	0.22182
0.835	0.22085
0.84	0.21962
0.845	0.21860
0.85	0.21755
0.855	0.21687
0.86	0.21575
0.865	0.21499
0.87	0.21418
0.875	0.21332
0.88	0.21238
0.885	0.21198
0.89	0.21117
0.895	0.21058
0.9	0.20997
0.905	0.20941
0.91	0.20849
0.915	0.20849
0.92	0.20756
0.925	0.20771
0.93	0.20748
0.935	0.20698
0.94	0.20652
0.945	0.20689
0.95	0.20594
0.955	0.20572
0.96	0.20468
0.965	0.20470
0.97	0.20481
0.975	0.20414
0.98	0.20407
0.985	0.20411
0.99	0.20407
0.995	0.20370
1	0.20327
1.005	0.20264
1.01	0.20285
1.015	0.20289
1.02	0.20343
1.025	0.20388
1.03	0.20392
1.035	0.20320
1.04	0.20395
1.045	0.20484
1.05	0.20399
1.055	0.20476
1.06	0.20518
1.065	0.20532
1.07	0.20523
1.075	0.20567
1.08	0.20588
1.085	0.20620
1.09	0.20682
1.095	0.20729
1.1	0.20694
1.105	0.20707
1.11	0.20835
1.115	0.20868
1.12	0.20879
1.125	0.20974
1.13	0.20926
1.135	0.21011
1.14	0.20978
1.145	0.21078
1.15	0.21100
1.155	0.21081
1.16	0.21176
1.165	0.21235
1.17	0.21185
1.175	0.21260
1.18	0.21248
1.185	0.21302
1.19	0.21368
1.195	0.21379
1.2	0.21403
1.205	0.21390
1.21	0.21430
1.215	0.21394
1.22	0.21429
1.225	0.21394
1.23	0.21445
1.235	0.21555
1.24	0.21472
1.245	0.21517
1.25	0.21508
1.255	0.21504
1.26	0.21511
1.265	0.21532
1.27	0.21541
1.275	0.21529
1.28	0.21523
1.285	0.21530
1.29	0.21518
1.295	0.21509
1.3	0.21519
1.3005	0.21522
1.3008	0.21526
1.3012	0.21514
1.3015	0.21506
1.3018	0.21503
1.3021	0.21505
1.3025	0.21512
1.3028	0.21516
1.3031	0.21510
1.3034	0.21512
1.3038	0.21519
1.3041	0.21518
1.3044	0.21520
1.3048	0.21522
1.3051	0.21510
1.3054	0.21502
1.3058	0.21501
1.3061	0.21505
1.3064	0.21504
1.3067	0.21497
1.3071	0.21497
1.3074	0.21510
1.3077	0.21510
1.3081	0.21508
1.3084	0.21517
1.3087	0.21511
1.3091	0.21495
1.3094	0.21489
1.3097	0.21493
1.31	0.21502
1.3104	0.21503
1.3107	0.21505
1.311	0.21506
1.3114	0.21515
1.3117	0.21521
1.312	0.21502
1.3124	0.21484
1.3127	0.21486
1.313	0.21492
1.3134	0.21489
1.3137	0.21488
1.314	0.21490
1.3144	0.21494
1.3147	0.21488
1.315	0.21479
1.3154	0.21482
1.3157	0.21483
1.316	0.21480
1.3164	0.21481
1.3167	0.21482
1.317	0.21471
1.3174	0.21465
1.3177	0.21467
1.318	0.21470
1.3184	0.21474
1.3187	0.21479
1.319	0.21485
1.3194	0.21483
1.3197	0.21478
1.3201	0.21478
1.3204	0.21489
1.3207	0.21487
1.3211	0.21479
1.3214	0.21472
1.3217	0.21467
1.3221	0.21468
1.3224	0.21474
1.3227	0.21469
1.3231	0.21467
1.3234	0.21458
1.3238	0.21455
1.3241	0.21471
1.3244	0.21476
1.3248	0.21467
1.3251	0.21460
1.3254	0.21464
1.3258	0.21461
1.3261	0.21457
1.3265	0.21458
1.3268	0.21451
1.3271	0.21465
1.3275	0.21475
1.3278	0.21456
1.3282	0.21451
1.3285	0.21453
1.3288	0.21457
1.3292	0.21458
1.3295	0.21449
1.3299	0.21444
1.3302	0.21452
1.3306	0.21461
1.3309	0.21455
1.3312	0.21445
1.3316	0.21444
1.3319	0.21444
1.3323	0.21443
1.3326	0.21449
1.3329	0.21447
1.3333	0.21433
1.3336	0.21428
1.334	0.21446
1.3343	0.21445
1.3347	0.21425
1.335	0.21427
1.3353	0.21435
1.3357	0.21434
1.336	0.21433
1.3364	0.21449
1.3367	0.21453
1.3371	0.21434
1.3374	0.21420
1.3378	0.21421
1.3381	0.21436
1.3384	0.21422
1.3388	0.21414
1.3391	0.21425
1.3395	0.21417
1.3398	0.21416
1.3402	0.21428
1.3405	0.21432
1.3409	0.21423
1.3412	0.21419
1.3416	0.21406
1.3419	0.21390
1.3423	0.21403
1.3426	0.21413
1.3429	0.21406
1.3433	0.21408
1.3437	0.21417
1.344	0.21419
1.3443	0.21409
1.3447	0.21407
1.345	0.21401
1.3454	0.21400
1.3457	0.21407
1.3461	0.21411
1.3464	0.21410
1.3468	0.21415
1.3471	0.21415
1.3475	0.21402
1.3478	0.21397
1.3482	0.21402
1.3485	0.21397
1.3489	0.21385
1.3492	0.21380
1.3496	0.21373
1.3499	0.21369
1.3503	0.21373
1.3507	0.21381
1.351	0.21374
1.3513	0.21363
1.3517	0.21377
1.3521	0.21383
1.3524	0.21381
1.3528	0.21385
1.3531	0.21388
1.3535	0.21379
1.3538	0.21363
1.3542	0.21357
1.3545	0.21365
1.3549	0.21360
1.3552	0.21346
1.3556	0.21349
1.3559	0.21360
1.3563	0.21367
1.3567	0.21366
1.357	0.21356
1.3574	0.21351
1.3577	0.21350
1.3581	0.21349
1.3584	0.21346
1.3588	0.21338
1.3592	0.21344
1.3595	0.21354
1.3599	0.21347
1.3602	0.21335
1.3606	0.21331
1.3609	0.21339
1.3613	0.21341
1.3617	0.21336
1.362	0.21324
1.3624	0.21317
1.3627	0.21320
1.3631	0.21314
1.3634	0.21316
1.3638	0.21319
1.3642	0.21315
1.3645	0.21308
1.3649	0.21298
1.3652	0.21295
1.3656	0.21291
1.3659	0.21284
1.3663	0.21273
1.3667	0.21249
1.367	0.21224
1.3674	0.21202
1.3678	0.21192
1.3681	0.21186
1.3685	0.21172
1.3688	0.21165
1.3692	0.21169
1.3696	0.21171
1.3699	0.21168
1.3703	0.21159
1.3706	0.21160
1.371	0.21165
1.3714	0.21165
1.3717	0.21161
1.3721	0.21155
1.3725	0.21152
1.3728	0.21146
1.3732	0.21146
1.3736	0.21145
1.3739	0.21148
1.3743	0.21151
1.3746	0.21143
1.375	0.21128
1.3754	0.21122
1.3757	0.21117
1.3761	0.21116
1.3765	0.21109
1.3768	0.21109
1.3772	0.21116
1.3776	0.21121
1.3779	0.21119
1.3783	0.21114
1.3787	0.21108
1.379	0.21106
1.3794	0.21115
1.3798	0.21116
1.3801	0.21105
1.3805	0.21101
1.3809	0.21110
1.3812	0.21116
1.3816	0.21102
1.382	0.21104
1.3823	0.21102
1.3827	0.21083
1.3831	0.21081
1.3834	0.21082
1.3838	0.21076
1.3842	0.21074
1.3846	0.21074
1.3849	0.21071
1.3853	0.21067
1.3857	0.21065
1.386	0.21058
1.3864	0.21050
1.3868	0.21045
1.3872	0.21036
1.3875	0.21026
1.3879	0.21024
1.3883	0.21024
1.3886	0.21013
1.389	0.21004
1.3894	0.20994
1.3898	0.20983
1.3901	0.20976
1.3905	0.20966
1.3909	0.20960
1.3912	0.20956
1.3916	0.20950
1.392	0.20950
1.3924	0.20953
1.3927	0.20951
1.3931	0.20942
1.3935	0.20946
1.3939	0.20949
1.3942	0.20943
1.3946	0.20935
1.395	0.20919
1.3954	0.20914
1.3957	0.20919
1.3961	0.20912
1.3965	0.20896
1.3969	0.20887
1.3972	0.20882
1.3976	0.20880
1.398	0.20879
1.3984	0.20870
1.3988	0.20865
1.3991	0.20861
1.3995	0.20853
1.3999	0.20848
1.4003	0.20853
1.4006	0.20847
1.401	0.20835
1.4014	0.20831
1.4018	0.20829
1.4022	0.20827
1.4025	0.20826
1.4029	0.20840
1.4033	0.20843
1.4037	0.20836
1.4041	0.20837
1.4044	0.20828
1.4048	0.20820
1.4052	0.20828
1.4056	0.20827
1.4059	0.20820
1.4063	0.20817
1.4067	0.20822
1.4071	0.20821
1.4075	0.20828
1.4079	0.20839
1.4083	0.20834
1.4086	0.20828
1.409	0.20825
1.4094	0.20819
1.4098	0.20825
1.4102	0.20833
1.4105	0.20827
1.4109	0.20820
1.4113	0.20812
1.4117	0.20819
1.4121	0.20830
1.4125	0.20831
1.4128	0.20829
1.4132	0.20830
1.4136	0.20833
1.414	0.20830
1.4144	0.20828
1.4148	0.20825
1.4152	0.20822
1.4156	0.20821
1.4159	0.20826
1.4163	0.20826
1.4167	0.20818
1.4171	0.20822
1.4175	0.20832
1.4179	0.20834
1.4183	0.20833
1.4187	0.20835
1.419	0.20830
1.4194	0.20830
1.4198	0.20840
1.4202	0.20841
1.4206	0.20835
1.421	0.20835
1.4214	0.20831
1.4218	0.20833
1.4222	0.20832
1.4225	0.20828
1.4229	0.20832
1.4233	0.20830
1.4237	0.20828
1.4241	0.20830
1.4245	0.20830
1.4249	0.20838
1.4253	0.20843
1.4257	0.20847
1.4261	0.20844
1.4264	0.20833
1.4268	0.20823
1.4272	0.20825
1.4276	0.20825
1.428	0.20831
1.4284	0.20827
1.4288	0.20826
1.4292	0.20835
1.4296	0.20840
1.43	0.20839
1.4304	0.20836
1.4308	0.20829
1.4312	0.20836
1.4316	0.20843
1.432	0.20838
1.4324	0.20835
1.4328	0.20834
1.4332	0.20833
1.4336	0.20831
1.4339	0.20828
1.4343	0.20824
1.4347	0.20828
1.4351	0.20839
1.4355	0.20839
1.4359	0.20831
1.4363	0.20829
1.4367	0.20836
1.4371	0.20838
1.4375	0.20825
1.4379	0.20816
1.4383	0.20822
1.4387	0.20836
1.4391	0.20835
1.4395	0.20814
1.4399	0.20806
1.4403	0.20811
1.4407	0.20813
1.4411	0.20807
1.4415	0.20810
1.4419	0.20817
1.4423	0.20809
1.4427	0.20805
1.4431	0.20815
1.4435	0.20815
1.4439	0.20807
1.4443	0.20802
1.4447	0.20802
1.4451	0.20807
1.4455	0.20803
1.4459	0.20799
1.4463	0.20799
1.4468	0.20797
1.4472	0.20796
1.4476	0.20804
1.448	0.20801
1.4484	0.20797
1.4488	0.20792
1.4492	0.20785
1.4496	0.20784
1.45	0.20785
1.4504	0.20794
1.4508	0.20800
1.4512	0.20797
1.4516	0.20788
1.452	0.20780
1.4524	0.20774
1.4528	0.20771
1.4532	0.20771
1.4537	0.20773
1.4541	0.20778
1.4545	0.20771
1.4549	0.20759
1.4553	0.20753
1.4557	0.20761
1.4561	0.20773
1.4565	0.20769
1.4569	0.20749
1.4573	0.20744
1.4577	0.20752
1.4582	0.20751
1.4586	0.20747
1.459	0.20744
1.4594	0.20747
1.4598	0.20750
1.4602	0.20745
1.4606	0.20738
1.461	0.20730
1.4614	0.20727
1.4618	0.20732
1.4623	0.20736
1.4627	0.20733
1.4631	0.20731
1.4635	0.20727
1.4639	0.20726
1.4643	0.20721
1.4647	0.20717
1.4652	0.20716
1.4656	0.20715
1.466	0.20707
1.4664	0.20713
1.4668	0.20718
1.4672	0.20703
1.4676	0.20690
1.4681	0.20688
1.4685	0.20697
1.4689	0.20708
1.4693	0.20708
1.4697	0.20700
1.4701	0.20697
1.4706	0.20696
1.471	0.20686
1.4714	0.20687
1.4718	0.20688
1.4722	0.20679
1.4726	0.20671
1.4731	0.20662
1.4735	0.20667
1.4739	0.20677
1.4743	0.20673
1.4747	0.20663
1.4752	0.20660
1.4756	0.20659
1.476	0.20658
1.4764	0.20662
1.4768	0.20658
1.4773	0.20654
1.4777	0.20652
1.4781	0.20660
1.4785	0.20665
1.4789	0.20656
1.4794	0.20649
1.4798	0.20648
1.4802	0.20644
1.4806	0.20635
1.4811	0.20628
1.4815	0.20627
1.4819	0.20632
1.4823	0.20635
1.4828	0.20627
1.4832	0.20625
1.4836	0.20632
1.484	0.20624
1.4844	0.20608
1.4849	0.20608
1.4853	0.20609
1.4857	0.20605
1.4862	0.20605
1.4866	0.20604
1.487	0.20604
1.4874	0.20601
1.4879	0.20601
1.4883	0.20599
1.4887	0.20587
1.4891	0.20582
1.4896	0.20585
1.49	0.20592
1.4904	0.20599
1.4908	0.20593
1.4913	0.20580
1.4917	0.20577
1.4921	0.20571
1.4926	0.20563
1.493	0.20564
1.4934	0.20561
1.4939	0.20560
1.4943	0.20562
1.4947	0.20553
1.4952	0.20546
1.4956	0.20546
1.496	0.20547
1.4964	0.20545
1.4969	0.20547
1.4973	0.20548
1.4977	0.20540
1.4982	0.20542
1.4986	0.20542
1.499	0.20533
1.4995	0.20525
1.4999	0.20521
1.5003	0.20520
1.5008	0.20523
1.5012	0.20520
1.5017	0.20524
1.5021	0.20522
1.5025	0.20505
1.5029	0.20499
1.5034	0.20511
1.5038	0.20516
1.5043	0.20504
1.5047	0.20493
1.5051	0.20488
1.5056	0.20481
1.506	0.20472
1.5064	0.20482
1.5069	0.20483
1.5073	0.20468
1.5078	0.20466
1.5082	0.20470
1.5086	0.20472
1.5091	0.20469
1.5095	0.20466
1.5099	0.20461
1.5104	0.20449
1.5108	0.20451
1.5113	0.20453
1.5117	0.20449
1.5122	0.20451
1.5126	0.20447
1.513	0.20440
1.5135	0.20437
1.5139	0.20429
1.5144	0.20422
1.5148	0.20422
1.5153	0.20421
1.5157	0.20418
1.5161	0.20422
1.5166	0.20429
1.517	0.20420
1.5175	0.20406
1.5179	0.20405
1.5184	0.20413
1.5188	0.20411
1.5193	0.20406
1.5197	0.20409
1.5201	0.20410
1.5206	0.20401
1.521	0.20393
1.5215	0.20390
1.5219	0.20387
1.5224	0.20386
1.5228	0.20381
1.5233	0.20375
1.5237	0.20364
1.5242	0.20363
1.5246	0.20371
1.5251	0.20374
1.5255	0.20364
1.5259	0.20355
1.5264	0.20348
1.5268	0.20349
1.5273	0.20341
1.5278	0.20331
1.5282	0.20328
1.5287	0.20321
1.5291	0.20327
1.5296	0.20334
1.53	0.20329
1.5305	0.20324
1.5309	0.20321
1.5314	0.20311
1.5318	0.20303
1.5323	0.20305
1.5327	0.20307
1.5332	0.20303
1.5336	0.20298
1.5341	0.20293
1.5345	0.20293
1.535	0.20284
1.5354	0.20279
1.5359	0.20285
1.5363	0.20287
1.5368	0.20275
1.5373	0.20268
1.5377	0.20267
1.5382	0.20258
1.5386	0.20256
1.5391	0.20249
1.5396	0.20247
1.54	0.20252
1.5405	0.20251
1.5409	0.20242
1.5414	0.20235
1.5418	0.20230
1.5423	0.20220
1.5428	0.20220
1.5432	0.20226
1.5437	0.20229
1.5441	0.20228
1.5446	0.20224
1.5451	0.20223
1.5455	0.20212
1.546	0.20207
1.5464	0.20200
1.5469	0.20194
1.5474	0.20200
1.5478	0.20196
1.5483	0.20191
1.5487	0.20186
1.5492	0.20181
1.5497	0.20182
1.5501	0.20179
1.5506	0.20175
1.5511	0.20170
1.5515	0.20163
1.552	0.20157
1.5524	0.20161
1.5529	0.20164
1.5534	0.20160
1.5538	0.20154
1.5543	0.20154
1.5548	0.20148
1.5553	0.20133
1.5557	0.20132
1.5562	0.20132
1.5567	0.20133
1.5571	0.20123
1.5576	0.20113
1.5581	0.20122
1.5585	0.20125
1.559	0.20121
1.5595	0.20115
1.5599	0.20116
1.5604	0.20116
1.5609	0.20114
1.5613	0.20112
1.5618	0.20104
1.5623	0.20099
1.5628	0.20091
1.5632	0.20084
1.5637	0.20079
1.5642	0.20072
1.5646	0.20069
1.5651	0.20068
1.5656	0.20076
1.5661	0.20077
1.5665	0.20073
1.567	0.20067
1.5675	0.20049
1.5679	0.20046
1.5684	0.20045
1.5689	0.20047
1.5694	0.20047
1.5698	0.20041
1.5703	0.20033
1.5708	0.20025
1.5713	0.20023
1.5718	0.20019
1.5722	0.20011
1.5727	0.20009
1.5732	0.20005
1.5737	0.20003
1.5741	0.20011
1.5746	0.20006
1.5751	0.20004
1.5756	0.20006
1.5761	0.19999
1.5765	0.19991
1.577	0.19983
1.5775	0.19974
1.578	0.19972
1.5784	0.19973
1.5789	0.19969
1.5794	0.19965
1.5799	0.19960
1.5804	0.19957
1.5808	0.19960
1.5813	0.19958
1.5818	0.19951
1.5823	0.19949
1.5828	0.19948
1.5833	0.19945
1.5838	0.19935
1.5842	0.19925
1.5847	0.19917
1.5852	0.19910
1.5857	0.19908
1.5862	0.19914
1.5867	0.19913
1.5872	0.19907
1.5876	0.19910
1.5881	0.19903
1.5886	0.19894
1.5891	0.19897
1.5896	0.19891
1.5901	0.19882
1.5906	0.19878
1.591	0.19873
1.5915	0.19872
1.592	0.19870
1.5925	0.19864
1.593	0.19864
1.5935	0.19857
1.594	0.19847
1.5945	0.19849
1.595	0.19851
1.5954	0.19851
1.5959	0.19847
1.5964	0.19841
1.5969	0.19831
1.5974	0.19830
1.5979	0.19834
1.5984	0.19826
1.5989	0.19814
1.5994	0.19816
1.5999	0.19815
1.6004	0.19808
1.6009	0.19809
1.6014	0.19808
1.6019	0.19797
1.6023	0.19786
1.6028	0.19782
1.6033	0.19778
1.6038	0.19777
1.6043	0.19776
1.6048	0.19770
1.6053	0.19769
1.6058	0.19766
1.6063	0.19769
1.6068	0.19766
1.6073	0.19757
1.6078	0.19755
1.6083	0.19753
1.6088	0.19747
1.6093	0.19736
1.6098	0.19732
1.6103	0.19736
1.6108	0.19728
1.6113	0.19709
1.6118	0.19704
1.6123	0.19714
1.6128	0.19716
1.6133	0.19701
1.6138	0.19692
1.6143	0.19695
1.6148	0.19688
1.6153	0.19677
1.6158	0.19683
1.6163	0.19688
1.6168	0.19680
1.6173	0.19674
1.6178	0.19668
1.6184	0.19665
1.6189	0.19656
1.6194	0.19654
1.6199	0.19651
1.6204	0.19644
1.6209	0.19632
1.6214	0.19633
1.6219	0.19634
1.6224	0.19633
1.6229	0.19635
1.6234	0.19631
1.6239	0.19620
1.6244	0.19610
1.6249	0.19609
1.6255	0.19610
1.626	0.19603
1.6265	0.19606
1.627	0.19607
1.6275	0.19598
1.628	0.19588
1.6285	0.19576
1.629	0.19573
1.6296	0.19577
1.6301	0.19578
1.6306	0.19570
1.6311	0.19563
1.6316	0.19555
1.6321	0.19547
1.6326	0.19548
1.6331	0.19550
1.6337	0.19549
1.6342	0.19542
1.6347	0.19536
1.6352	0.19530
1.6357	0.19529
1.6362	0.19521
1.6368	0.19514
1.6373	0.19507
1.6378	0.19507
1.6383	0.19509
1.6388	0.19502
1.6393	0.19491
1.6398	0.19485
1.6404	0.19481
1.6409	0.19480
1.6414	0.19480
1.6419	0.19474
1.6424	0.19472
1.643	0.19463
1.6435	0.19458
1.644	0.19460
1.6445	0.19460
1.6451	0.19460
1.6456	0.19456
1.6461	0.19447
1.6466	0.19435
1.6472	0.19429
1.6477	0.19430
1.6482	0.19439
1.6487	0.19440
1.6492	0.19424
1.6498	0.19413
1.6503	0.19412
1.6508	0.19411
1.6513	0.19406
1.6519	0.19397
1.6524	0.19391
1.6529	0.19387
1.6534	0.19383
1.654	0.19385
1.6545	0.19375
1.655	0.19367
1.6556	0.19366
1.6561	0.19362
1.6566	0.19353
1.6572	0.19345
1.6577	0.19340
1.6582	0.19344
1.6587	0.19346
1.6593	0.19348
1.6598	0.19346
1.6603	0.19332
1.6609	0.19319
1.6614	0.19316
1.6619	0.19307
1.6625	0.19309
1.663	0.19317
1.6635	0.19309
1.6641	0.19296
1.6646	0.19289
1.6651	0.19290
1.6657	0.19288
1.6662	0.19290
1.6667	0.19282
1.6673	0.19271
1.6678	0.19278
1.6683	0.19276
1.6689	0.19266
1.6694	0.19262
1.67	0.19260
1.6705	0.19252
1.671	0.19248
1.6716	0.19251
1.6721	0.19243
1.6727	0.19233
1.6732	0.19232
1.6737	0.19234
1.6743	0.19233
1.6748	0.19223
1.6754	0.19212
1.6759	0.19207
1.6764	0.19205
1.677	0.19206
1.6775	0.19197
1.6781	0.19189
1.6786	0.19187
1.6792	0.19180
1.6797	0.19176
1.6802	0.19180
1.6808	0.19176
1.6813	0.19167
1.6819	0.19167
1.6824	0.19164
1.683	0.19157
1.6835	0.19153
1.6841	0.19145
1.6846	0.19141
1.6852	0.19149
1.6857	0.19145
1.6863	0.19130
1.6868	0.19119
1.6873	0.19117
1.6879	0.19124
1.6884	0.19118
1.689	0.19107
1.6896	0.19103
1.6901	0.19100
1.6907	0.19095
1.6912	0.19095
1.6918	0.19092
1.6923	0.19085
1.6929	0.19080
1.6934	0.19074
1.694	0.19065
1.6945	0.19064
1.6951	0.19066
1.6956	0.19061
1.6962	0.19056
1.6967	0.19052
1.6973	0.19048
1.6978	0.19038
1.6984	0.19027
1.699	0.19018
1.6995	0.19013
1.7001	0.19014
1.7006	0.19007
1.7012	0.19002
1.7018	0.19001
1.7023	0.18992
1.7029	0.18992
1.7034	0.18991
1.704	0.18983
1.7046	0.18979
1.7051	0.18981
1.7057	0.18975
1.7062	0.18967
1.7068	0.18956
1.7073	0.18947
1.7079	0.18949
1.7085	0.18952
1.709	0.18950
1.7096	0.18945
1.7102	0.18937
1.7107	0.18930
1.7113	0.18926
1.7119	0.18922
1.7124	0.18917
1.713	0.18911
1.7136	0.18902
1.7141	0.18895
1.7147	0.18890
1.7153	0.18886
1.7158	0.18888
1.7164	0.18881
1.717	0.18878
1.7175	0.18877
1.7181	0.18865
1.7187	0.18858
1.7192	0.18855
1.7198	0.18847
1.7204	0.18845
1.7209	0.18845
1.7215	0.18839
1.7221	0.18835
1.7227	0.18829
1.7232	0.18823
1.7238	0.18824
1.7244	0.18817
1.725	0.18810
1.7255	0.18800
1.7261	0.18792
1.7267	0.18787
1.7273	0.18790
1.7278	0.18784
1.7284	0.18780
1.729	0.18784
1.7296	0.18778
1.7301	0.18765
1.7307	0.18764
1.7313	0.18762
1.7319	0.18759
1.7325	0.18753
1.733	0.18746
1.7336	0.18735
1.7342	0.18734
1.7348	0.18734
1.7353	0.18723
1.7359	0.18715
1.7365	0.18716
1.7371	0.18715
1.7377	0.18715
1.7383	0.18713
1.7388	0.18709
1.7394	0.18706
1.74	0.18699
1.7406	0.18687
1.7412	0.18684
1.7418	0.18678
1.7423	0.18676
1.7429	0.18681
1.7435	0.18671
1.7441	0.18661
1.7447	0.18654
1.7453	0.18650
1.7459	0.18641
1.7465	0.18633
1.7471	0.18633
1.7476	0.18629
1.7482	0.18630
1.7488	0.18629
1.7494	0.18626
1.75	0.18626
1.7506	0.18621
1.7512	0.18611
1.7518	0.18605
1.7524	0.18597
1.753	0.18598
1.7536	0.18600
1.7541	0.18590
1.7547	0.18577
1.7553	0.18571
1.7559	0.18568
1.7565	0.18565
1.7571	0.18560
1.7577	0.18559
1.7583	0.18548
1.7589	0.18539
1.7595	0.18539
1.7601	0.18537
1.7607	0.18533
1.7613	0.18530
1.7619	0.18527
1.7625	0.18529
1.7631	0.18528
1.7637	0.18520
1.7643	0.18510
1.7649	0.18502
1.7655	0.18501
1.7661	0.18494
1.7667	0.18484
1.7673	0.18478
1.7679	0.18473
1.7685	0.18467
1.7691	0.18465
1.7697	0.18466
1.7703	0.18459
1.7709	0.18455
1.7715	0.18452
1.7721	0.18445
1.7727	0.18436
1.7733	0.18432
1.7739	0.18427
1.7746	0.18427
1.7752	0.18424
1.7758	0.18415
1.7764	0.18403
1.777	0.18398
1.7776	0.18394
1.7782	0.18397
1.7788	0.18403
1.7794	0.18400
1.78	0.18389
1.7807	0.18375
1.7813	0.18366
1.7819	0.18367
1.7825	0.18369
1.7831	0.18367
1.7837	0.18358
1.7843	0.18348
1.7849	0.18346
1.7856	0.18346
1.7862	0.18338
1.7868	0.18334
1.7874	0.18327
1.788	0.18321
1.7886	0.18314
1.7893	0.18310
1.7899	0.18313
1.7905	0.18309
1.7911	0.18295
1.7917	0.18292
1.7923	0.18300
1.793	0.18295
1.7936	0.18280
1.7942	0.18270
1.7948	0.18270
1.7954	0.18266
1.7961	0.18264
1.7967	0.18261
1.7973	0.18257
1.7979	0.18255
1.7986	0.18255
1.7992	0.18248
1.7998	0.18241
1.8004	0.18241
1.8011	0.18232
1.8017	0.18222
1.8023	0.18217
1.8029	0.18215
1.8036	0.18211
1.8042	0.18208
1.8048	0.18195
1.8054	0.18192
1.8061	0.18190
1.8067	0.18183
1.8073	0.18181
1.808	0.18176
1.8086	0.18164
1.8092	0.18156
1.8099	0.18153
1.8105	0.18156
1.8111	0.18153
1.8118	0.18141
1.8124	0.18136
1.813	0.18138
1.8137	0.18134
1.8143	0.18124
1.8149	0.18117
1.8156	0.18110
1.8162	0.18104
1.8168	0.18101
1.8175	0.18106
1.8181	0.18104
1.8188	0.18095
1.8194	0.18083
1.82	0.18075
1.8207	0.18074
1.8213	0.18068
1.8219	0.18064
1.8226	0.18061
1.8232	0.18055
1.8239	0.18049
1.8245	0.18039
1.8252	0.18031
1.8258	0.18027
1.8264	0.18020
1.8271	0.18013
1.8277	0.18008
1.8284	0.18004
1.829	0.18002
1.8297	0.17999
1.8303	0.17990
1.8309	0.17991
1.8316	0.17993
1.8323	0.17989
1.8329	0.17982
1.8335	0.17969
1.8342	0.17966
1.8348	0.17961
1.8355	0.17953
1.8361	0.17956
1.8368	0.17954
1.8374	0.17941
1.8381	0.17930
1.8388	0.17926
1.8394	0.17927
1.8401	0.17923
1.8407	0.17915
1.8414	0.17910
1.842	0.17906
1.8427	0.17905
1.8433	0.17900
1.844	0.17896
1.8446	0.17900
1.8453	0.17888
1.8459	0.17872
1.8466	0.17867
1.8473	0.17862
1.8479	0.17865
1.8486	0.17863
1.8492	0.17853
1.8499	0.17849
1.8506	0.17846
1.8512	0.17833
1.8519	0.17830
1.8525	0.17830
1.8532	0.17828
1.8539	0.17819
1.8545	0.17807
1.8552	0.17807
1.8559	0.17802
1.8565	0.17793
1.8572	0.17790
1.8578	0.17788
1.8585	0.17784
1.8592	0.17777
1.8598	0.17774
1.8605	0.17772
1.8612	0.17762
1.8619	0.17752
1.8625	0.17744
1.8632	0.17740
1.8639	0.17735
1.8645	0.17727
1.8652	0.17724
1.8659	0.17718
1.8666	0.17711
1.8672	0.17704
1.8679	0.17690
1.8686	0.17685
1.8692	0.17689
1.8699	0.17685
1.8706	0.17672
1.8713	0.17662
1.8719	0.17659
1.8726	0.17657
1.8733	0.17646
1.874	0.17639
1.8747	0.17634
1.8753	0.17627
1.876	0.17617
1.8767	0.17607
1.8774	0.17602
1.878	0.17596
1.8787	0.17588
1.8794	0.17575
1.8801	0.17562
1.8808	0.17550
1.8814	0.17546
1.8821	0.17540
1.8828	0.17529
1.8835	0.17520
1.8842	0.17513
1.8849	0.17505
1.8856	0.17494
1.8862	0.17486
1.8869	0.17472
1.8876	0.17461
1.8883	0.17455
1.889	0.17447
1.8897	0.17439
1.8904	0.17425
1.8911	0.17415
1.8918	0.17411
1.8924	0.17402
1.8931	0.17392
1.8938	0.17382
1.8945	0.17374
1.8952	0.17366
1.8959	0.17365
1.8966	0.17360
1.8973	0.17346
1.898	0.17328
1.8987	0.17316
1.8994	0.17315
1.9001	0.17306
1.9008	0.17298
1.9015	0.17293
1.9022	0.17282
1.9029	0.17275
1.9036	0.17269
1.9043	0.17265
1.9049	0.17253
1.9057	0.17243
1.9063	0.17238
1.9071	0.17238
1.9078	0.17239
1.9085	0.17233
1.9092	0.17222
1.9099	0.17208
1.9106	0.17198
1.9113	0.17196
1.912	0.17201
1.9127	0.17199
1.9134	0.17186
1.9141	0.17183
1.9148	0.17185
1.9155	0.17178
1.9162	0.17168
1.9169	0.17161
1.9176	0.17159
1.9183	0.17157
1.9191	0.17152
1.9198	0.17141
1.9205	0.17135
1.9212	0.17139
1.9219	0.17140
1.9226	0.17125
1.9233	0.17119
1.924	0.17120
1.9248	0.17118
1.9255	0.17115
1.9262	0.17105
1.9269	0.17095
1.9276	0.17093
1.9283	0.17090
1.9291	0.17088
1.9298	0.17082
1.9305	0.17072
1.9312	0.17065
1.9319	0.17062
1.9327	0.17063
1.9334	0.17066
1.9341	0.17061
1.9348	0.17051
1.9355	0.17042
1.9363	0.17047
1.937	0.17045
1.9377	0.17039
1.9384	0.17038
1.9392	0.17031
1.9399	0.17021
1.9406	0.17013
1.9413	0.17014
1.9421	0.17012
1.9428	0.17000
1.9435	0.16994
1.9442	0.16988
1.945	0.16985
1.9457	0.16984
1.9464	0.16983
1.9472	0.16979
1.9479	0.16972
1.9486	0.16970
1.9494	0.16969
1.9501	0.16969
1.9508	0.16965
1.9516	0.16958
1.9523	0.16956
1.953	0.16944
1.9538	0.16930
1.9545	0.16928
1.9552	0.16927
1.956	0.16919
1.9567	0.16917
1.9574	0.16921
1.9582	0.16920
1.9589	0.16910
1.9597	0.16908
1.9604	0.16901
1.9612	0.16895
1.9619	0.16896
1.9626	0.16897
1.9634	0.16897
1.9641	0.16889
1.9649	0.16876
1.9656	0.16868
1.9664	0.16865
1.9671	0.16864
1.9678	0.16862
1.9686	0.16857
1.9693	0.16854
1.9701	0.16852
1.9708	0.16846
1.9716	0.16840
1.9723	0.16831
1.9731	0.16827
1.9738	0.16820
1.9746	0.16811
1.9753	0.16811
1.9761	0.16808
1.9769	0.16804
1.9776	0.16796
1.9784	0.16785
1.9791	0.16778
1.9799	0.16778
1.9806	0.16780
1.9814	0.16774
1.9822	0.16769
1.9829	0.16765
1.9837	0.16761
1.9844	0.16759
1.9852	0.16756
1.9859	0.16749
1.9867	0.16741
1.9875	0.16736
1.9882	0.16727
1.989	0.16731
1.9898	0.16730
1.9905	0.16723
1.9913	0.16716
1.9921	0.16709
1.9928	0.16702
1.9936	0.16698
1.9943	0.16691
1.9951	0.16690
1.9959	0.16687
1.9967	0.16684
1.9974	0.16682
1.9982	0.16673
1.999	0.16670
1.9997	0.16666
2.0005	0.16654
2.0013	0.16650
2.0021	0.16652
2.0028	0.16650
2.0036	0.16641
2.0044	0.16635
2.0052	0.16634
2.0059	0.16627
2.0067	0.16616
2.0075	0.16610
2.0083	0.16607
2.009	0.16606
2.0098	0.16599
2.0106	0.16602
2.0114	0.16606
2.0122	0.16600
2.0129	0.16592
2.0137	0.16585
2.0145	0.16580
2.0153	0.16573
2.0161	0.16568
2.0168	0.16567
2.0176	0.16559
2.0184	0.16548
2.0192	0.16544
2.02	0.16544
2.0208	0.16544
2.0216	0.16538
2.0223	0.16527
2.0231	0.16525
2.0239	0.16524
2.0247	0.16518
2.0255	0.16510
2.0263	0.16510
2.0271	0.16512
2.0279	0.16506
2.0287	0.16492
2.0295	0.16485
2.0303	0.16484
2.0311	0.16477
2.0319	0.16476
2.0327	0.16476
2.0335	0.16469
2.0343	0.16460
2.0351	0.16458
2.0358	0.16457
2.0367	0.16450
2.0374	0.16449
2.0383	0.16441
2.0391	0.16430
2.0399	0.16430
2.0407	0.16426
2.0415	0.16421
2.0423	0.16417
2.0431	0.16410
2.0439	0.16400
2.0447	0.16392
2.0455	0.16389
2.0463	0.16389
2.0471	0.16386
2.0479	0.16378
2.0487	0.16377
2.0495	0.16371
2.0503	0.16361
2.0511	0.16355
2.052	0.16353
2.0528	0.16352
2.0536	0.16346
2.0544	0.16336
2.0552	0.16336
2.056	0.16328
2.0569	0.16317
2.0577	0.16312
2.0585	0.16306
2.0593	0.16300
2.0601	0.16297
2.0609	0.16294
2.0618	0.16292
2.0626	0.16287
2.0634	0.16283
2.0642	0.16280
2.065	0.16268
2.0659	0.16258
2.0667	0.16254
2.0675	0.16247
2.0683	0.16243
2.0692	0.16242
2.07	0.16236
2.0708	0.16225
2.0716	0.16219
2.0725	0.16215
2.0733	0.16211
2.0741	0.16208
2.075	0.16200
2.0758	0.16190
2.0766	0.16187
2.0774	0.16189
2.0783	0.16186
2.0791	0.16182
2.0799	0.16174
2.0808	0.16165
2.0816	0.16157
2.0825	0.16148
2.0833	0.16142
2.0841	0.16141
2.085	0.16139
2.0858	0.16133
2.0866	0.16123
2.0875	0.16115
2.0883	0.16111
2.0892	0.16104
2.09	0.16094
2.0909	0.16093
2.0917	0.16090
2.0926	0.16081
2.0934	0.16073
2.0942	0.16073
2.0951	0.16072
2.0959	0.16060
2.0968	0.16048
2.0976	0.16046
2.0985	0.16043
2.0993	0.16037
2.1002	0.16029
2.101	0.16026
2.1019	0.16026
2.1027	0.16020
2.1036	0.16018
2.1044	0.16008
2.1053	0.16003
2.1061	0.16004
2.107	0.15996
2.1079	0.15994
2.1087	0.15992
2.1096	0.15979
2.1104	0.15972
2.1113	0.15975
2.1121	0.15973
2.113	0.15960
2.1139	0.15948
2.1147	0.15944
2.1156	0.15944
2.1165	0.15933
2.1173	0.15928
2.1182	0.15923
2.1191	0.15915
2.1199	0.15907
2.1208	0.15897
2.1217	0.15892
2.1225	0.15900
2.1234	0.15902
2.1243	0.15890
2.1251	0.15878
2.126	0.15877
2.1269	0.15874
2.1278	0.15860
2.1286	0.15855
2.1295	0.15850
2.1304	0.15840
2.1313	0.15836
2.1321	0.15830
2.133	0.15819
2.1339	0.15809
2.1348	0.15808
2.1356	0.15807
2.1365	0.15799
2.1374	0.15795
2.1383	0.15783
2.1392	0.15780
2.1401	0.15773
2.1409	0.15761
2.1418	0.15750
2.1427	0.15743
2.1436	0.15734
2.1445	0.15723
2.1454	0.15712
2.1463	0.15716
2.1471	0.15715
2.148	0.15710
2.1489	0.15704
2.1498	0.15696
2.1507	0.15687
2.1516	0.15676
2.1525	0.15670
2.1534	0.15670
2.1543	0.15668
2.1552	0.15655
2.1561	0.15648
2.157	0.15637
2.1579	0.15628
2.1588	0.15622
2.1597	0.15619
2.1606	0.15614
2.1615	0.15606
2.1624	0.15597
2.1633	0.15584
2.1642	0.15571
2.1651	0.15565
2.166	0.15560
2.1669	0.15552
2.1678	0.15539
2.1687	0.15530
2.1696	0.15523
2.1705	0.15512
2.1714	0.15500
2.1723	0.15496
2.1732	0.15491
2.1741	0.15477
2.1751	0.15459
2.176	0.15445
2.1769	0.15435
2.1778	0.15429
2.1787	0.15420
2.1796	0.15403
2.1806	0.15390
2.1815	0.15380
2.1824	0.15367
2.1833	0.15354
2.1842	0.15338
2.1851	0.15320
2.1861	0.15310
2.187	0.15298
2.1879	0.15288
2.1888	0.15278
2.1898	0.15261
2.1907	0.15252
2.1916	0.15246
2.1925	0.15235
2.1935	0.15230
2.1944	0.15225
2.1953	0.15220
2.1963	0.15215
2.1972	0.15203
2.1981	0.15198
2.1991	0.15200
2.2	0.15194
2.2009	0.15194
2.2019	0.15199
2.2028	0.15198
2.2037	0.15192
2.2047	0.15183
2.2056	0.15180
2.2065	0.15185
2.2075	0.15180
2.2084	0.15170
2.2094	0.15166
2.2103	0.15164
2.2112	0.15165
2.2122	0.15166
2.2131	0.15162
2.2141	0.15160
2.215	0.15156
2.216	0.15148
2.2169	0.15132
2.2179	0.15120
2.2188	0.15126
2.2198	0.15128
2.2207	0.15115
2.2217	0.15100
2.2226	0.15093
2.2236	0.15096
2.2245	0.15085
2.2255	0.15070
2.2264	0.15066
2.2274	0.15059
2.2284	0.15051
2.2293	0.15042
2.2303	0.15036
2.2312	0.15031
2.2322	0.15021
2.2331	0.15004
2.2341	0.14992
2.2351	0.14989
2.236	0.14983
2.237	0.14977
2.238	0.14968
2.2389	0.14966
2.2399	0.14953
2.2409	0.14945
2.2418	0.14941
2.2428	0.14931
2.2438	0.14921
2.2448	0.14913
2.2457	0.14897
2.2467	0.14892
2.2477	0.14891
2.2486	0.14882
2.2496	0.14875
2.2506	0.14861
2.2516	0.14850
2.2526	0.14850
2.2535	0.14842
2.2545	0.14832
2.2555	0.14824
2.2565	0.14812
2.2574	0.14798
2.2584	0.14787
2.2594	0.14780
2.2604	0.14775
2.2614	0.14777
2.2624	0.14781
2.2634	0.14768
2.2644	0.14751
2.2653	0.14737
2.2663	0.14736
2.2673	0.14731
2.2683	0.14717
2.2693	0.14712
2.2703	0.14713
2.2713	0.14702
2.2723	0.14686
2.2733	0.14671
2.2743	0.14665
2.2753	0.14668
2.2763	0.14663
2.2773	0.14653
2.2783	0.14647
2.2793	0.14640
2.2803	0.14632
2.2813	0.14623
2.2823	0.14621
2.2833	0.14618
2.2843	0.14607
2.2853	0.14599
2.2863	0.14593
2.2873	0.14582
2.2883	0.14573
2.2894	0.14571
2.2904	0.14572
2.2914	0.14562
2.2924	0.14561
2.2934	0.14553
2.2944	0.14541
2.2954	0.14533
2.2964	0.14524
2.2975	0.14511
2.2985	0.14508
2.2995	0.14506
2.3005	0.14504
2.3015	0.14500
2.3026	0.14492
2.3036	0.14485
2.3046	0.14479
2.3056	0.14469
2.3067	0.14460
2.3077	0.14452
2.3087	0.14449
2.3098	0.14445
2.3108	0.14443
2.3118	0.14437
2.3128	0.14427
2.3139	0.14419
2.3149	0.14414
2.3159	0.14410
2.317	0.14402
2.318	0.14400
2.319	0.14397
2.3201	0.14396
2.3211	0.14392
2.3222	0.14380
2.3232	0.14376
2.3242	0.14373
2.3253	0.14363
2.3263	0.14354
2.3274	0.14347
2.3284	0.14341
2.3295	0.14339
2.3305	0.14332
2.3316	0.14326
2.3326	0.14321
2.3337	0.14316
2.3347	0.14314
2.3358	0.14311
2.3368	0.14310
2.3379	0.14300
2.3389	0.14286
2.34	0.14276
2.341	0.14277
2.3421	0.14270
2.3431	0.14260
2.3442	0.14253
2.3453	0.14244
2.3463	0.14235
2.3474	0.14223
2.3485	0.14217
2.3495	0.14217
2.3506	0.14216
2.3516	0.14208
2.3527	0.14195
2.3538	0.14185
2.3549	0.14181
2.3559	0.14170
2.357	0.14156
2.3581	0.14150
2.3591	0.14141
2.3602	0.14134
2.3613	0.14131
2.3624	0.14123
2.3634	0.14116
2.3645	0.14108
2.3656	0.14100
2.3667	0.14096
2.3678	0.14085
2.3688	0.14078
2.3699	0.14068
2.371	0.14061
2.3721	0.14054
2.3732	0.14049
2.3743	0.14037
2.3754	0.14030
2.3764	0.14019
2.3775	0.14007
2.3786	0.14002
2.3797	0.13999
2.3808	0.13992
2.3819	0.13988
2.383	0.13984
2.3841	0.13973
2.3852	0.13967
2.3863	0.13956
2.3874	0.13944
2.3885	0.13942
2.3896	0.13936
2.3907	0.13923
2.3918	0.13916
2.3929	0.13911
2.394	0.13905
2.3951	0.13896
2.3962	0.13892
2.3973	0.13891
2.3984	0.13884
2.3995	0.13874
2.4006	0.13862
2.4018	0.13850
2.4029	0.13844
2.404	0.13835
2.4051	0.13822
2.4062	0.13815
2.4073	0.13816
2.4085	0.13811
2.4096	0.13796
2.4107	0.13789
2.4118	0.13781
2.4129	0.13768
2.4141	0.13766
2.4152	0.13762
2.4163	0.13755
2.4174	0.13744
2.4186	0.13735
2.4197	0.13727
2.4208	0.13721
2.422	0.13719
2.4231	0.13708
2.4242	0.13696
2.4254	0.13690
2.4265	0.13679
2.4276	0.13665
2.4288	0.13660
2.4299	0.13655
2.431	0.13642
2.4322	0.13633
2.4333	0.13630
2.4345	0.13626
2.4356	0.13618
2.4368	0.13601
2.4379	0.13593
2.4391	0.13592
2.4402	0.13578
2.4413	0.13562
2.4425	0.13554
2.4436	0.13547
2.4448	0.13544
2.4459	0.13546
2.4471	0.13533
2.4483	0.13523
2.4494	0.13517
2.4506	0.13511
2.4517	0.13499
2.4529	0.13487
2.4541	0.13474
2.4552	0.13466
2.4564	0.13455
2.4575	0.13446
2.4587	0.13443
2.4599	0.13433
2.461	0.13421
2.4622	0.13410
2.4634	0.13402
2.4646	0.13396
2.4657	0.13382
2.4669	0.13373
2.4681	0.13363
2.4693	0.13356
2.4704	0.13352
2.4716	0.13342
2.4728	0.13330
2.474	0.13321
2.4751	0.13315
2.4763	0.13309
2.4775	0.13294
2.4787	0.13285
2.4799	0.13283
2.4811	0.13274
2.4823	0.13258
2.4834	0.13246
2.4846	0.13244
2.4858	0.13237
2.487	0.13228
2.4882	0.13224
2.4894	0.13211
2.4906	0.13200
2.4918	0.13186
2.493	0.13170
2.4942	0.13165
2.4954	0.13167
2.4966	0.13157
2.4978	0.13145
2.499	0.13138
2.5002	0.13128
2.5014	0.13110
2.5026	0.13096
2.5038	0.13091
2.505	0.13086
2.5062	0.13083
2.5074	0.13079
2.5087	0.13069
2.5099	0.13056
2.5111	0.13045
2.5123	0.13037
2.5135	0.13024
2.5148	0.13017
2.516	0.13011
2.5172	0.12994
2.5184	0.12984
2.5196	0.12974
2.5209	0.12968
2.5221	0.12961
2.5233	0.12953
2.5245	0.12947
2.5258	0.12939
2.527	0.12919
2.5282	0.12905
2.5295	0.12905
2.5307	0.12906
2.5319	0.12896
2.5332	0.12879
2.5344	0.12864
2.5356	0.12854
2.5369	0.12855
2.5381	0.12853
2.5394	0.12840
2.5406	0.12826
2.5419	0.12815
2.5431	0.12802
2.5444	0.12791
2.5456	0.12782
2.5469	0.12776
2.5481	0.12772
2.5494	0.12768
2.5506	0.12753
2.5519	0.12738
2.5531	0.12726
2.5544	0.12716
2.5556	0.12704
2.5569	0.12694
2.5582	0.12687
2.5594	0.12684
2.5607	0.12670
2.562	0.12651
2.5632	0.12637
2.5645	0.12625
2.5658	0.12612
2.567	0.12602
2.5683	0.12592
2.5696	0.12582
2.5709	0.12572
2.5721	0.12563
2.5734	0.12551
2.5747	0.12539
2.576	0.12529
2.5772	0.12519
2.5785	0.12513
2.5798	0.12502
2.5811	0.12485
2.5824	0.12475
2.5837	0.12470
2.5849	0.12450
2.5862	0.12437
2.5875	0.12424
2.5888	0.12407
2.5901	0.12399
2.5914	0.12389
2.5927	0.12378
2.594	0.12365
2.5953	0.12348
2.5966	0.12335
2.5979	0.12324
2.5992	0.12314
2.6005	0.12309
2.6018	0.12292
2.6031	0.12275
2.6044	0.12260
2.6057	0.12246
2.607	0.12240
2.6084	0.12225
2.6097	0.12211
2.611	0.12198
2.6123	0.12180
2.6136	0.12170
2.6149	0.12160
2.6163	0.12148
2.6176	0.12129
2.6189	0.12113
2.6202	0.12090
2.6215	0.12068
2.6229	0.12061
2.6242	0.12049
2.6255	0.12034
2.6269	0.12018
2.6282	0.12005
2.6295	0.12000
2.6309	0.11975
2.6322	0.11955
2.6335	0.11944
2.6349	0.11922
2.6362	0.11902
2.6375	0.11890
2.6389	0.11870
2.6402	0.11849
2.6416	0.11826
2.6429	0.11796
2.6443	0.11771
2.6456	0.11753
2.647	0.11738
2.6483	0.11720
2.6497	0.11693
2.651	0.11668
2.6524	0.11642
2.6537	0.11617
2.6551	0.11588
2.6565	0.11552
2.6578	0.11521
2.6592	0.11488
2.6606	0.11447
2.6619	0.11412
2.6633	0.11370
2.6646	0.11310
2.666	0.11236
2.6674	0.11143
2.6688	0.11016
2.6701	0.10790
2.6715	0.10382
2.6729	0.09935
2.6743	0.09523
2.6756	0.09239
2.677	0.09103
2.6784	0.09073
2.6798	0.09086
2.6812	0.09102
2.6826	0.09086
2.684	0.09046
2.6854	0.08983
2.6867	0.08909
2.6881	0.08841
2.6895	0.08768
2.6909	0.08690
2.6923	0.08640
2.6937	0.08597
2.6951	0.08566
2.6965	0.08542
2.6979	0.08522
2.6993	0.08504
2.7007	0.08477
2.7021	0.08430
2.7036	0.08373
2.705	0.08306
2.7064	0.08227
2.7078	0.08132
2.7092	0.08028
2.7106	0.07923
2.712	0.07818
2.7134	0.07709
2.7149	0.07589
2.7163	0.07459
2.7177	0.07336
2.7191	0.07242
2.7206	0.07164
2.722	0.07076
2.7234	0.07006
2.7249	0.06945
2.7263	0.06873
2.7277	0.06795
2.7292	0.06715
2.7306	0.06626
2.732	0.06534
2.7335	0.06437
2.7349	0.06351
2.7364	0.06279
2.7378	0.06209
2.7393	0.06136
2.7407	0.06074
2.7421	0.06019
2.7436	0.05976
2.7451	0.05937
2.7465	0.05897
2.748	0.05864
2.7494	0.05823
2.7509	0.05784
2.7523	0.05750
2.7538	0.05712
2.7553	0.05677
2.7567	0.05641
2.7582	0.05599
2.7597	0.05562
2.7611	0.05530
2.7626	0.05490
2.7641	0.05458
2.7656	0.05434
2.767	0.05401
2.7685	0.05368
2.77	0.05339
2.7715	0.05308
2.7729	0.05278
2.7744	0.05249
2.7759	0.05224
2.7774	0.05199
2.7789	0.05168
2.7804	0.05134
2.7819	0.05114
2.7834	0.05087
2.7849	0.05056
2.7864	0.05029
2.7879	0.04999
2.7894	0.04972
2.7909	0.04952
2.7924	0.04935
2.7939	0.04916
2.7954	0.04884
2.7969	0.04850
2.7984	0.04837
2.7999	0.04815
2.8014	0.04781
2.8029	0.04764
2.8044	0.04752
2.806	0.04732
2.8075	0.04704
2.809	0.04672
2.8105	0.04658
2.812	0.04639
2.8136	0.04605
2.8151	0.04587
2.8166	0.04568
2.8182	0.04545
2.8197	0.04528
2.8212	0.04517
2.8228	0.04494
2.8243	0.04472
2.8258	0.04465
2.8274	0.04448
2.8289	0.04424
2.8305	0.04409
2.832	0.04400
2.8336	0.04393
2.8351	0.04374
2.8367	0.04348
2.8382	0.04332
2.8398	0.04322
2.8413	0.04300
2.8429	0.04285
2.8444	0.04282
2.846	0.04270
2.8476	0.04249
2.8491	0.04236
2.8507	0.04224
2.8523	0.04212
2.8538	0.04203
2.8554	0.04187
2.857	0.04170
2.8586	0.04155
2.8601	0.04153
2.8617	0.04157
2.8633	0.04140
2.8649	0.04120
2.8664	0.04116
2.868	0.04110
2.8696	0.04105
2.8712	0.04101
2.8728	0.04087
2.8744	0.04076
2.876	0.04069
2.8776	0.04064
2.8792	0.04054
2.8808	0.04043
2.8824	0.04044
2.884	0.04034
2.8856	0.04019
2.8872	0.04006
2.8888	0.04011
2.8904	0.04012
2.892	0.03993
2.8936	0.03990
2.8953	0.03992
2.8969	0.03990
2.8985	0.03980
2.9001	0.03975
2.9017	0.03975
2.9034	0.03966
2.905	0.03958
2.9066	0.03958
2.9083	0.03951
2.9099	0.03942
2.9115	0.03939
2.9131	0.03934
2.9148	0.03932
2.9164	0.03932
2.9181	0.03928
2.9197	0.03929
2.9214	0.03933
2.923	0.03932
2.9246	0.03926
2.9263	0.03915
2.9279	0.03915
2.9296	0.03920
2.9313	0.03918
2.9329	0.03918
2.9346	0.03912
2.9362	0.03901
2.9379	0.03896
2.9396	0.03891
2.9412	0.03898
2.9429	0.03903
2.9446	0.03904
2.9463	0.03915
2.9479	0.03912
2.9496	0.03894
2.9513	0.03894
2.953	0.03903
2.9546	0.03904
2.9563	0.03899
2.958	0.03894
2.9597	0.03899
2.9614	0.03904
2.9631	0.03899
2.9648	0.03899
2.9665	0.03905
2.9682	0.03913
2.9699	0.03910
2.9716	0.03900
2.9733	0.03898
2.975	0.03902
2.9767	0.03907
2.9784	0.03904
2.9801	0.03903
2.9818	0.03915
2.9836	0.03918
2.9853	0.03906
2.987	0.03905
2.9887	0.03915
2.9904	0.03911
2.9921	0.03903
2.9939	0.03912
2.9956	0.03918
2.9973	0.03917
2.9991	0.03917
3.0008	0.03931
3.0026	0.03933
3.0043	0.03926
3.006	0.03931
3.0078	0.03946
3.0095	0.03949
3.0113	0.03945
3.013	0.03948
3.0148	0.03944
3.0165	0.03939
3.0183	0.03945
3.02	0.03960
3.0218	0.03961
3.0236	0.03959
3.0253	0.03954
3.0271	0.03955
3.0289	0.03969
3.0306	0.03967
3.0324	0.03964
3.0342	0.03974
3.0359	0.03975
3.0377	0.03973
3.0395	0.03976
3.0413	0.03982
3.0431	0.03993
3.0449	0.03997
3.0466	0.03989
3.0484	0.03994
3.0502	0.03994
3.052	0.03987
3.0538	0.03993
3.0556	0.04001
3.0574	0.04001
3.0592	0.03999
3.061	0.03999
3.0629	0.04008
3.0647	0.04017
3.0665	0.04019
3.0683	0.04021
3.0701	0.04018
3.0719	0.04007
3.0737	0.04011
3.0756	0.04023
3.0774	0.04025
3.0792	0.04025
3.0811	0.04030
3.0829	0.04028
3.0847	0.04027
3.0866	0.04032
3.0884	0.04035
3.0902	0.04034
3.0921	0.04029
3.0939	0.04034
3.0958	0.04038
3.0976	0.04036
3.0995	0.04036
3.1013	0.04050
3.1032	0.04057
3.105	0.04054
3.1069	0.04056
3.1088	0.04064
3.1106	0.04063
3.1125	0.04061
3.1144	0.04060
3.1162	0.04067
3.1181	0.04075
3.12	0.04079
3.1219	0.04090
3.1237	0.04099
3.1256	0.04099
3.1275	0.04098
3.1294	0.04101
3.1313	0.04110
3.1332	0.04111
3.1351	0.04108
3.137	0.04112
3.1389	0.04115
3.1408	0.04116
3.1427	0.04114
3.1446	0.04120
3.1465	0.04127
3.1484	0.04130
3.1503	0.04133
3.1522	0.04135
3.1541	0.04142
3.1561	0.04152
3.158	0.04150
3.1599	0.04148
3.1618	0.04155
3.1638	0.04168
3.1657	0.04168
3.1676	0.04173
3.1696	0.04180
3.1715	0.04181
3.1734	0.04180
3.1754	0.04187
3.1773	0.04201
3.1793	0.04197
3.1812	0.04191
3.1832	0.04195
3.1851	0.04209
3.1871	0.04218
3.1891	0.04225
3.191	0.04228
3.193	0.04226
3.1949	0.04234
3.1969	0.04251
3.1989	0.04247
3.2009	0.04244
3.2028	0.04262
3.2048	0.04272
3.2068	0.04271
3.2088	0.04268
3.2108	0.04268
3.2128	0.04280
3.2148	0.04286
3.2168	0.04296
3.2187	0.04305
3.2207	0.04304
3.2228	0.04312
3.2248	0.04319
3.2268	0.04320
3.2288	0.04316
3.2308	0.04317
3.2328	0.04324
3.2348	0.04326
3.2368	0.04329
3.2389	0.04345
3.2409	0.04353
3.2429	0.04357
3.2449	0.04365
3.247	0.04370
3.249	0.04372
3.251	0.04383
3.2531	0.04381
3.2551	0.04378
3.2572	0.04387
3.2592	0.04399
3.2613	0.04404
3.2633	0.04408
3.2654	0.04420
3.2674	0.04424
3.2695	0.04419
3.2715	0.04429
3.2736	0.04439
3.2757	0.04442
3.2778	0.04451
3.2798	0.04458
3.2819	0.04461
3.284	0.04472
3.2861	0.04480
3.2881	0.04486
3.2902	0.04487
3.2923	0.04495
3.2944	0.04503
3.2965	0.04506
3.2986	0.04506
3.3007	0.04513
3.3028	0.04529
3.3049	0.04526
3.307	0.04521
3.3091	0.04531
3.3112	0.04531
3.3134	0.04535
3.3155	0.04550
3.3176	0.04556
3.3197	0.04564
3.3218	0.04573
3.324	0.04575
3.3261	0.04579
3.3282	0.04578
3.3304	0.04587
3.3325	0.04590
3.3347	0.04591
3.3368	0.04599
3.3389	0.04604
3.3411	0.04609
3.3433	0.04623
3.3454	0.04621
3.3476	0.04622
3.3497	0.04627
3.3519	0.04627
3.3541	0.04623
3.3562	0.04618
3.3584	0.04622
3.3606	0.04623
3.3628	0.04617
3.3649	0.04626
3.3671	0.04627
3.3693	0.04623
3.3715	0.04618
3.3737	0.04616
3.3759	0.04610
3.3781	0.04604
3.3803	0.04612
3.3825	0.04630
3.3847	0.04633
3.3869	0.04623
3.3891	0.04632
3.3914	0.04650
3.3936	0.04656
3.3958	0.04653
3.398	0.04648
3.4003	0.04653
3.4025	0.04670
3.4047	0.04686
3.407	0.04686
3.4092	0.04684
3.4114	0.04690
3.4137	0.04700
3.4159	0.04717
3.4182	0.04724
3.4204	0.04731
3.4227	0.04743
3.425	0.04750
3.4272	0.04755
3.4295	0.04767
3.4318	0.04766
3.434	0.04773
3.4363	0.04799
3.4386	0.04824
3.4409	0.04836
3.4432	0.04836
3.4454	0.04836
3.4477	0.04840
3.45	0.04856
3.4523	0.04867
3.4546	0.04863
3.4569	0.04873
3.4592	0.04890
3.4615	0.04907
3.4639	0.04912
3.4662	0.04903
3.4685	0.04907
3.4708	0.04917
3.4731	0.04921
3.4755	0.04911
3.4778	0.04902
3.4801	0.04903
3.4825	0.04908
3.4848	0.04927
3.4871	0.04943
3.4895	0.04948
3.4919	0.04964
3.4942	0.04967
3.4966	0.04973
3.4989	0.04997
3.5013	0.05026
3.5036	0.05046
3.506	0.05060
3.5084	0.05063
3.5108	0.05067
3.5131	0.05082
3.5155	0.05102
3.5179	0.05131
3.5203	0.05155
3.5227	0.05166
3.5251	0.05163
3.5275	0.05169
3.5299	0.05188
3.5323	0.05213
3.5347	0.05233
3.5371	0.05237
3.5395	0.05256
3.5419	0.05279
3.5444	0.05289
3.5468	0.05298
3.5492	0.05304
3.5516	0.05303
3.5541	0.05305
3.5565	0.05317
3.5589	0.05340
3.5614	0.05358
3.5638	0.05358
3.5663	0.05359
3.5688	0.05377
3.5712	0.05396
3.5737	0.05406
3.5761	0.05402
3.5786	0.05399
3.5811	0.05409
3.5835	0.05429
3.586	0.05439
3.5885	0.05455
3.591	0.05464
3.5935	0.05475
3.596	0.05481
3.5985	0.05486
3.601	0.05491
3.6035	0.05498
3.606	0.05501
3.6085	0.05504
3.611	0.05508
3.6135	0.05521
3.616	0.05535
3.6186	0.05535
3.6211	0.05536
3.6236	0.05546
3.6261	0.05548
3.6287	0.05553
3.6312	0.05574
3.6338	0.05599
3.6363	0.05605
3.6389	0.05607
3.6414	0.05614
3.644	0.05608
3.6466	0.05607
3.6491	0.05621
3.6517	0.05636
3.6543	0.05654
3.6568	0.05666
3.6594	0.05659
3.662	0.05665
3.6646	0.05673
3.6672	0.05683
3.6698	0.05704
3.6724	0.05713
3.675	0.05715
3.6776	0.05721
3.6802	0.05722
3.6828	0.05738
3.6854	0.05747
3.688	0.05758
3.6907	0.05782
3.6933	0.05788
3.6959	0.05777
3.6986	0.05776
3.7012	0.05789
3.7039	0.05807
3.7065	0.05822
3.7091	0.05829
3.7118	0.05845
3.7145	0.05859
3.7171	0.05862
3.7198	0.05856
3.7225	0.05871
3.7251	0.05892
3.7278	0.05880
3.7305	0.05865
3.7332	0.05882
3.7359	0.05901
3.7386	0.05899
3.7413	0.05902
3.744	0.05913
3.7467	0.05928
3.7494	0.05944
3.7521	0.05956
3.7548	0.05955
3.7575	0.05969
3.7603	0.05984
3.763	0.05989
3.7657	0.05990
3.7684	0.05996
3.7712	0.06010
3.7739	0.06024
3.7767	0.06018
3.7794	0.06017
3.7822	0.06033
3.7849	0.06051
3.7877	0.06062
3.7905	0.06061
3.7933	0.06068
3.796	0.06088
3.7988	0.06080
3.8016	0.06089
3.8044	0.06117
3.8072	0.06133
3.81	0.06132
3.8128	0.06132
3.8156	0.06124
3.8184	0.06132
3.8212	0.06173
3.824	0.06180
3.8269	0.06160
3.8297	0.06159
3.8325	0.06165
3.8353	0.06178
3.8382	0.06195
3.841	0.06194
3.8439	0.06196
3.8467	0.06195
3.8496	0.06191
3.8524	0.06222
3.8553	0.06239
3.8582	0.06237
3.861	0.06236
3.8639	0.06243
3.8668	0.06255
3.8697	0.06259
3.8726	0.06254
3.8755	0.06271
3.8784	0.06293
3.8813	0.06310
3.8842	0.06303
3.8871	0.06285
3.89	0.06296
3.8929	0.06313
3.8959	0.06320
3.8988	0.06318
3.9017	0.06322
3.9047	0.06333
3.9076	0.06349
3.9106	0.06364
3.9135	0.06380
3.9164	0.06375
3.9194	0.06370
3.9224	0.06368
3.9254	0.06371
3.9283	0.06378
3.9313	0.06386
3.9343	0.06388
3.9373	0.06409
3.9403	0.06409
3.9433	0.06393
3.9463	0.06402
3.9493	0.06413
3.9523	0.06425
3.9553	0.06431
3.9583	0.06437
3.9614	0.06438
3.9644	0.06443
3.9674	0.06450
3.9705	0.06454
3.9735	0.06456
3.9766	0.06462
3.9796	0.06466
3.9826	0.06468
3.9857	0.06471
3.9888	0.06475
3.9919	0.06484
3.9949	0.06487
3.998	0.06485
4.0011	0.06486
4.0042	0.06490
4.0073	0.06494
4.0104	0.06496
4.0135	0.06498
4.0166	0.06503
4.0197	0.06510
4.0228	0.06511
4.0259	0.06509
4.0291	0.06507
4.0322	0.06507
4.0353	0.06512
4.0385	0.06516
4.0416	0.06518
4.0448	0.06519
4.0479	0.06518
4.0511	0.06521
4.0543	0.06525
4.0574	0.06527
4.0606	0.06530
4.0638	0.06529
4.067	0.06529
4.0702	0.06535
4.0734	0.06538
4.0766	0.06536
4.0798	0.06535
4.083	0.06534
4.0862	0.06535
4.0894	0.06537
4.0927	0.06536
4.0959	0.06533
4.0991	0.06536
4.1024	0.06535
4.1056	0.06535
4.1089	0.06536
4.1121	0.06533
4.1154	0.06535
4.1187	0.06534
4.122	0.06537
4.1252	0.06539
4.1285	0.06537
4.1318	0.06535
4.1351	0.06537
4.1384	0.06534
4.1417	0.06531
4.145	0.06531
4.1483	0.06527
4.1516	0.06525
4.155	0.06525
4.1583	0.06525
4.1616	0.06521
4.165	0.06515
4.1683	0.06515
4.1717	0.06516
4.175	0.06517
4.1784	0.06512
4.1818	0.06510
4.1852	0.06510
4.1885	0.06510
4.1919	0.06505
4.1953	0.06500
4.1987	0.06498
4.2021	0.06493
4.2055	0.06491
4.2089	0.06489
4.2124	0.06487
4.2158	0.06482
4.2192	0.06479
4.2226	0.06476
4.2261	0.06472
4.2295	0.06467
4.233	0.06462
4.2365	0.06459
4.2399	0.06458
4.2434	0.06458
4.2469	0.06454
4.2503	0.06446
4.2538	0.06443
4.2573	0.06443
4.2608	0.06441
4.2643	0.06438
4.2678	0.06431
4.2713	0.06427
4.2749	0.06424
4.2784	0.06420
4.2819	0.06414
4.2855	0.06412
4.289	0.06411
4.2926	0.06409
4.2961	0.06405
4.2997	0.06401
4.3033	0.06396
4.3068	0.06394
4.3104	0.06390
4.314	0.06385
4.3176	0.06379
4.3212	0.06376
4.3248	0.06374
4.3284	0.06371
4.332	0.06367
4.3356	0.06365
4.3393	0.06364
4.3429	0.06358
4.3465	0.06351
4.3502	0.06350
4.3538	0.06351
4.3575	0.06348
4.3611	0.06342
4.3648	0.06337
4.3685	0.06334
4.3722	0.06330
4.3759	0.06323
4.3796	0.06320
4.3833	0.06317
4.387	0.06310
4.3907	0.06307
4.3944	0.06305
4.3981	0.06302
4.4019	0.06303
4.4056	0.06301
4.4094	0.06298
4.4131	0.06295
4.4169	0.06287
4.4206	0.06283
4.4244	0.06282
4.4282	0.06280
4.432	0.06276
4.4358	0.06273
4.4396	0.06272
4.4434	0.06270
4.4472	0.06270
4.451	0.06265
4.4548	0.06262
4.4586	0.06258
4.4625	0.06256
4.4663	0.06252
4.4702	0.06248
4.474	0.06245
4.4779	0.06244
4.4818	0.06242
4.4856	0.06240
4.4895	0.06237
4.4934	0.06235
4.4973	0.06235
4.5012	0.06233
4.5051	0.06230
4.509	0.06226
4.513	0.06223
4.5169	0.06223
4.5209	0.06221
4.5248	0.06220
4.5287	0.06221
4.5327	0.06218
4.5367	0.06216
4.5406	0.06215
4.5446	0.06211
4.5486	0.06209
4.5526	0.06208
4.5566	0.06206
4.5606	0.06203
4.5646	0.06204
4.5686	0.06204
4.5727	0.06203
4.5767	0.06200
4.5808	0.06200
4.5848	0.06195
4.5889	0.06190
4.5929	0.06187
4.597	0.06189
4.6011	0.06190
4.6052	0.06183
4.6093	0.06181
4.6134	0.06183
4.6175	0.06182
4.6216	0.06183
4.6257	0.06182
4.6298	0.06176
4.634	0.06174
4.6381	0.06175
4.6423	0.06176
4.6464	0.06176
4.6506	0.06175
4.6548	0.06173
4.659	0.06169
4.6631	0.06164
4.6673	0.06162
4.6715	0.06162
4.6758	0.06161
4.68	0.06159
4.6842	0.06159
4.6884	0.06159
4.6927	0.06157
4.6969	0.06154
4.7012	0.06152
4.7055	0.06150
4.7097	0.06147
4.714	0.06145
4.7183	0.06142
4.7226	0.06140
4.7269	0.06139
4.7312	0.06138
4.7355	0.06136
4.7399	0.06135
4.7442	0.06131
4.7485	0.06129
4.7529	0.06127
4.7573	0.06125
4.7616	0.06125
4.766	0.06121
4.7704	0.06115
4.7748	0.06112
4.7792	0.06110
4.7836	0.06104
4.788	0.06099
4.7924	0.06101
4.7969	0.06100
4.8013	0.06096
4.8058	0.06090
4.8102	0.06089
4.8147	0.06087
4.8191	0.06082
4.8236	0.06077
4.8281	0.06073
4.8326	0.06066
4.8371	0.06061
4.8416	0.06060
4.8462	0.06057
4.8507	0.06052
4.8553	0.06048
4.8598	0.06045
4.8644	0.06045
4.8689	0.06040
4.8735	0.06033
4.8781	0.06030
4.8827	0.06027
4.8873	0.06023
4.8919	0.06020
4.8965	0.06014
4.9011	0.06009
4.9058	0.06004
4.9104	0.06001
4.9151	0.05999
4.9197	0.05994
4.9244	0.05989
4.9291	0.05983
4.9338	0.05976
4.9385	0.05973
4.9432	0.05970
4.9479	0.05964
4.9526	0.05961
4.9574	0.05957
4.9621	0.05949
4.9669	0.05942
4.9716	0.05938
4.9764	0.05935
4.9812	0.05928
4.986	0.05924
4.9908	0.05921
4.9956	0.05914
5.0004	0.05909
5.0052	0.05902
5.01	0.05897
5.0149	0.05895
5.0198	0.05891
5.0246	0.05883
5.0295	0.05881
5.0344	0.05877
5.0393	0.05867
5.0442	0.05861
5.0491	0.05858
5.054	0.05850
5.0589	0.05844
5.0639	0.05838
5.0688	0.05833
5.0738	0.05832
5.0788	0.05829
5.0837	0.05825
5.0887	0.05819
5.0937	0.05816
5.0987	0.05810
5.1037	0.05804
5.1088	0.05797
5.1138	0.05792
5.1189	0.05789
5.1239	0.05787
5.129	0.05784
5.1341	0.05782
5.1391	0.05778
5.1443	0.05771
5.1494	0.05762
5.1545	0.05758
5.1596	0.05757
5.1647	0.05752
5.1699	0.05747
5.175	0.05745
5.1802	0.05740
5.1854	0.05733
5.1906	0.05730
5.1958	0.05729
5.201	0.05728
5.2062	0.05724
5.2115	0.05718
5.2167	0.05713
5.222	0.05710
5.2272	0.05705
5.2325	0.05702
5.2378	0.05700
5.2431	0.05698
5.2484	0.05697
5.2537	0.05695
5.259	0.05691
5.2644	0.05686
5.2697	0.05681
5.2751	0.05678
5.2805	0.05675
5.2858	0.05671
5.2912	0.05669
5.2966	0.05668
5.302	0.05665
5.3075	0.05662
5.3129	0.05660
5.3184	0.05655
5.3238	0.05647
5.3293	0.05643
5.3348	0.05642
5.3403	0.05639
5.3458	0.05636
5.3513	0.05634
5.3568	0.05631
5.3624	0.05627
5.3679	0.05621
5.3735	0.05618
5.379	0.05619
5.3846	0.05615
5.3902	0.05610
5.3958	0.05608
5.4015	0.05606
5.4071	0.05603
5.4127	0.05599
5.4184	0.05595
5.4241	0.05591
5.4297	0.05587
5.4354	0.05586
5.4411	0.05583
5.4469	0.05578
5.4526	0.05573
5.4583	0.05568
5.4641	0.05564
5.4698	0.05561
5.4756	0.05556
5.4814	0.05553
5.4872	0.05551
5.493	0.05546
5.4988	0.05540
5.5047	0.05541
5.5105	0.05540
5.5164	0.05533
5.5223	0.05526
5.5281	0.05522
5.534	0.05517
5.54	0.05510
5.5459	0.05504
5.5518	0.05500
5.5578	0.05498
5.5637	0.05497
5.5697	0.05489
5.5757	0.05480
5.5817	0.05472
5.5877	0.05463
5.5937	0.05456
5.5998	0.05453
5.6058	0.05449
5.6119	0.05440
5.618	0.05431
5.6241	0.05426
5.6302	0.05420
5.6363	0.05413
5.6424	0.05405
5.6486	0.05397
5.6547	0.05387
5.6609	0.05379
5.6671	0.05371
5.6733	0.05363
5.6795	0.05350
5.6857	0.05341
5.692	0.05333
5.6982	0.05327
5.7045	0.05319
5.7108	0.05310
5.7171	0.05302
5.7234	0.05296
5.7297	0.05287
5.736	0.05278
5.7424	0.05264
5.7488	0.05252
5.7551	0.05242
5.7615	0.05227
5.768	0.05208
5.7744	0.05197
5.7808	0.05181
5.7873	0.05163
5.7937	0.05147
5.8002	0.05132
5.8067	0.05114
5.8132	0.05093
5.8198	0.05070
5.8263	0.05050
5.8328	0.05030
5.8394	0.05009
5.846	0.04985
5.8526	0.04963
5.8592	0.04940
5.8658	0.04913
5.8725	0.04884
5.8791	0.04859
5.8858	0.04826
5.8925	0.04797
5.8992	0.04762
5.9059	0.04728
5.9126	0.04695
5.9194	0.04659
5.9262	0.04626
5.9329	0.04593
5.9397	0.04553
5.9465	0.04517
5.9534	0.04480
5.9602	0.04442
5.9671	0.04406
5.974	0.04371
5.9808	0.04336
5.9878	0.04303
5.9947	0.04263
6.0016	0.04228
6.0086	0.04197
6.0155	0.04162
6.0225	0.04127
6.0295	0.04100
6.0365	0.04072
6.0436	0.04041
6.0506	0.04006
6.0577	0.03978
6.0648	0.03956
6.0719	0.03935
6.079	0.03918
6.0861	0.03903
6.0933	0.03885
6.1005	0.03873
6.1076	0.03863
6.1149	0.03856
6.1221	0.03853
6.1293	0.03851
6.1365	0.03851
6.1438	0.03856
6.1511	0.03861
6.1584	0.03865
6.1657	0.03870
6.1731	0.03878
6.1804	0.03885
6.1878	0.03885
6.1952	0.03883
6.2026	0.03881
6.21	0.03876
6.2175	0.03873
6.225	0.03871
6.2324	0.03868
6.2399	0.03863
6.2475	0.03859
6.255	0.03853
6.2625	0.03846
6.2701	0.03835
6.2777	0.03824
6.2853	0.03808
6.2929	0.03789
6.3006	0.03773
6.3083	0.03755
6.3159	0.03733
6.3236	0.03711
6.3314	0.03695
6.3391	0.03676
6.3469	0.03650
6.3546	0.03627
6.3624	0.03610
6.3703	0.03595
6.3781	0.03578
6.3859	0.03561
6.3938	0.03550
6.4017	0.03550
6.4096	0.03554
6.4176	0.03561
6.4255	0.03572
6.4335	0.03585
6.4415	0.03595
6.4495	0.03597
6.4575	0.03599
6.4656	0.03602
6.4736	0.03603
6.4817	0.03605
6.4898	0.03609
6.498	0.03620
6.5061	0.03628
6.5143	0.03633
6.5225	0.03639
6.5307	0.03647
6.5389	0.03654
6.5472	0.03663
6.5555	0.03672
6.5638	0.03679
6.5721	0.03687
6.5804	0.03694
6.5888	0.03702
6.5972	0.03705
6.6056	0.03705
6.614	0.03706
6.6225	0.03706
6.6309	0.03706
6.6394	0.03710
6.6479	0.03714
6.6565	0.03714
6.665	0.03719
6.6736	0.03722
6.6822	0.03725
6.6908	0.03728
6.6995	0.03731
6.7081	0.03735
6.7168	0.03741
6.7255	0.03743
6.7343	0.03748
6.743	0.03753
6.7518	0.03762
6.7606	0.03768
6.7694	0.03772
6.7783	0.03780
6.7871	0.03786
6.796	0.03790
6.805	0.03790
6.8139	0.03795
6.8229	0.03807
6.8319	0.03815
6.8409	0.03817
6.8499	0.03818
6.859	0.03815
6.868	0.03804
6.8772	0.03785
6.8863	0.03769
6.8955	0.03750
6.9046	0.03725
6.9138	0.03700
6.9231	0.03676
6.9323	0.03653
6.9416	0.03636
6.9509	0.03624
6.9602	0.03616
6.9696	0.03611
6.979	0.03608
6.9884	0.03607
6.9978	0.03615
7.0073	0.03619
7.0168	0.03619
7.0263	0.03622
7.0358	0.03624
7.0454	0.03627
7.0549	0.03627
7.0645	0.03627
7.0742	0.03628
7.0839	0.03632
7.0935	0.03636
7.1033	0.03637
7.113	0.03637
7.1228	0.03640
7.1326	0.03642
7.1424	0.03644
7.1522	0.03647
7.1621	0.03647
7.172	0.03647
7.182	0.03648
7.1919	0.03650
7.2019	0.03643
7.2119	0.03630
7.222	0.03621
7.232	0.03609
7.2421	0.03595
7.2523	0.03593
7.2624	0.03607
7.2726	0.03627
7.2828	0.03645
7.2931	0.03655
7.3033	0.03658
7.3136	0.03655
7.324	0.03651
7.3343	0.03651
7.3447	0.03653
7.3551	0.03652
7.3656	0.03652
7.3761	0.03661
7.3866	0.03672
7.3971	0.03689
7.4077	0.03713
7.4183	0.03745
7.4289	0.03779
7.4396	0.03807
7.4503	0.03838
7.461	0.03869
7.4717	0.03894
7.4825	0.03919
7.4933	0.03940
7.5042	0.03959
7.515	0.03979
7.5259	0.03992
7.5369	0.04003
7.5479	0.04022
7.5589	0.04039
7.5699	0.04051
7.581	0.04064
7.592	0.04081
7.6032	0.04094
7.6144	0.04103
7.6255	0.04116
7.6368	0.04131
7.648	0.04143
7.6593	0.04154
7.6707	0.04163
7.682	0.04174
7.6934	0.04181
7.7049	0.04186
7.7163	0.04196
7.7278	0.04203
7.7394	0.04215
7.7509	0.04222
7.7625	0.04221
7.7742	0.04223
7.7858	0.04227
7.7975	0.04227
7.8093	0.04222
7.8211	0.04221
7.8329	0.04222
7.8447	0.04221
7.8566	0.04214
7.8685	0.04211
7.8805	0.04208
7.8925	0.04202
7.9045	0.04193
7.9166	0.04181
7.9287	0.04174
7.9408	0.04164
7.953	0.04156
7.9652	0.04148
7.9775	0.04139
7.9898	0.04134
8.0021	0.04124
8.0145	0.04109
8.0269	0.04093
8.0393	0.04079
8.0518	0.04069
8.0643	0.04058
8.0769	0.04044
8.0895	0.04032
8.1021	0.04014
8.1148	0.03996
8.1275	0.03986
8.1403	0.03973
8.1531	0.03954
8.1659	0.03931
8.1788	0.03917
8.1917	0.03903
8.2047	0.03884
8.2177	0.03863
8.2307	0.03841
8.2438	0.03821
8.257	0.03803
8.2701	0.03776
8.2833	0.03751
8.2966	0.03730
8.3099	0.03708
8.3232	0.03684
8.3366	0.03658
8.35	0.03630
8.3635	0.03603
8.377	0.03573
8.3905	0.03547
8.4042	0.03522
8.4178	0.03488
8.4315	0.03453
8.4452	0.03422
8.459	0.03389
8.4728	0.03352
8.4867	0.03316
8.5006	0.03288
8.5145	0.03258
8.5285	0.03228
8.5426	0.03199
8.5567	0.03165
8.5708	0.03130
8.585	0.03101
8.5993	0.03075
8.6135	0.03053
8.6279	0.03030
8.6423	0.03001
8.6567	0.02971
8.6712	0.02950
8.6857	0.02927
8.7003	0.02904
8.7149	0.02881
8.7296	0.02858
8.7443	0.02837
8.759	0.02818
8.7739	0.02793
8.7887	0.02769
8.8037	0.02750
8.8186	0.02732
8.8337	0.02716
8.8487	0.02696
8.8638	0.02677
8.879	0.02655
8.8943	0.02635
8.9095	0.02621
8.9249	0.02603
8.9403	0.02585
8.9557	0.02572
8.9712	0.02561
8.9868	0.02546
9.0023	0.02532
9.018	0.02517
9.0337	0.02505
9.0495	0.02495
9.0653	0.02486
9.0812	0.02477
9.0971	0.02466
9.1131	0.02453
9.1291	0.02443
9.1452	0.02436
9.1614	0.02428
9.1776	0.02416
9.1939	0.02409
9.2102	0.02399
9.2266	0.02387
9.243	0.02378
9.2595	0.02381
9.2761	0.02378
9.2927	0.02372
9.3094	0.02366
9.3262	0.02362
9.343	0.02360
9.3598	0.02356
9.3768	0.02352
9.3937	0.02355
9.4108	0.02357
9.4279	0.02359
9.4451	0.02356
9.4623	0.02352
9.4796	0.02351
9.497	0.02349
9.5144	0.02351
9.5319	0.02355
9.5494	0.02363
9.5671	0.02364
9.5847	0.02354
9.6025	0.02347
9.6203	0.02342
9.6382	0.02340
9.6561	0.02336
9.6742	0.02334
9.6922	0.02335
9.7104	0.02338
9.7286	0.02337
9.7469	0.02332
9.7652	0.02331
9.7837	0.02337
9.8022	0.02342
9.8207	0.02348
9.8394	0.02349
9.8581	0.02349
9.8768	0.02347
9.8957	0.02347
9.9146	0.02350
9.9336	0.02353
9.9527	0.02357
9.9718	0.02351
9.991	0.02348
10.0103	0.02353
10.0297	0.02359
10.0491	0.02368
10.0686	0.02375
10.0882	0.02379
10.1079	0.02379
10.1276	0.02372
10.1474	0.02375
10.1673	0.02386
10.1873	0.02397
10.2074	0.02402
10.2275	0.02400
10.2477	0.02402
10.268	0.02404
10.2884	0.02405
10.3088	0.02409
10.3294	0.02419
10.35	0.02425
10.3707	0.02426
10.3915	0.02431
10.4123	0.02432
10.4333	0.02433
10.4543	0.02441
10.4755	0.02449
10.4967	0.02447
10.5179	0.02450
10.5393	0.02456
10.5608	0.02465
10.5823	0.02467
10.604	0.02462
10.6257	0.02467
10.6475	0.02474
10.6694	0.02481
10.6914	0.02486
10.7135	0.02490
10.7357	0.02493
10.758	0.02502
10.7803	0.02512
10.8028	0.02519
10.8254	0.02522
10.848	0.02524
10.8708	0.02523
10.8936	0.02530
10.9165	0.02531
10.9395	0.02536
10.9627	0.02547
10.9859	0.02553
11.0092	0.02559
11.0327	0.02565
11.0562	0.02569
11.0798	0.02578
11.1035	0.02578
11.1273	0.02583
11.1513	0.02590
11.1753	0.02597
11.1995	0.02598
11.2237	0.02602
11.248	0.02613
11.2725	0.02622
11.2971	0.02631
11.3217	0.02639
11.3465	0.02638
11.3714	0.02644
11.3964	0.02651
11.4215	0.02658
11.4467	0.02669
11.472	0.02672
11.4975	0.02676
11.523	0.02683
11.5487	0.02687
11.5744	0.02689
11.6003	0.02695
11.6263	0.02702
11.6525	0.02707
11.6787	0.02710
11.7051	0.02714
11.7316	0.02718
11.7582	0.02721
11.7849	0.02723
11.8117	0.02733
11.8387	0.02739
11.8658	0.02729
11.893	0.02733
11.9203	0.02742
11.9478	0.02746
11.9754	0.02750
12.0031	0.02746
12.031	0.02742
12.059	0.02749
12.0871	0.02755
12.1153	0.02759
12.1437	0.02762
12.1722	0.02771
12.2008	0.02783
12.2296	0.02787
12.2585	0.02786
12.2876	0.02781
12.3168	0.02780
12.3461	0.02787
12.3755	0.02788
12.4052	0.02788
12.4349	0.02785
12.4648	0.02784
12.4948	0.02784
12.525	0.02779
12.5553	0.02775
12.5858	0.02777
12.6164	0.02768
12.6472	0.02758
12.6781	0.02759
12.7092	0.02750
12.7404	0.02745
12.7718	0.02740
12.8033	0.02727
12.835	0.02723
12.8669	0.02726
12.8989	0.02715
12.9311	0.02699
12.9634	0.02685
12.9959	0.02682
13.0285	0.02688
13.0613	0.02683
13.0943	0.02669
13.1275	0.02658
13.1608	0.02649
13.1943	0.02643
13.228	0.02635
13.2618	0.02630
13.2958	0.02622
13.33	0.02620
13.3643	0.02615
13.3989	0.02592
13.4336	0.02574
13.4685	0.02574
13.5035	0.02572
13.5388	0.02568
13.5742	0.02561
13.6099	0.02558
13.6457	0.02552
13.6817	0.02541
13.7179	0.02542
13.7543	0.02546
13.7908	0.02542
13.8276	0.02533
13.8646	0.02536
13.9018	0.02528
13.9391	0.02521
13.9767	0.02521
14.0145	0.02525
14.0525	0.02526
14.0907	0.02522
14.129	0.02524
14.1677	0.02529
14.2065	0.02525
14.2455	0.02531
14.2847	0.02529
14.3242	0.02533
14.3639	0.02540
14.4038	0.02550
14.4439	0.02556
14.4842	0.02549
14.5248	0.02541
14.5656	0.02535
14.6067	0.02528
14.6479	0.02545
14.6894	0.02571
14.7312	0.02568
14.7731	0.02558
14.8153	0.02560
14.8578	0.02568
14.9005	0.02578
14.9434	0.02585
14.9866	0.02589
15.03	0.02589
15.0737	0.02594
15.1177	0.02599
15.1619	0.02605
15.2063	0.02608
15.2511	0.02604
15.2961	0.02616
15.3413	0.02629
15.3868	0.02631
15.4326	0.02632
15.4787	0.02625
15.525	0.02634
15.5717	0.02640
15.6186	0.02645
15.6658	0.02646
15.7132	0.02659
15.761	0.02665
15.809	0.02685
15.8574	0.02695
15.906	0.02691
15.955	0.02697
16.0042	0.02700
16.0538	0.02700
16.1036	0.02702
16.1538	0.02707
16.2043	0.02718
16.2551	0.02722
16.3062	0.02731
16.3576	0.02754
16.4094	0.02778
16.4615	0.02796
16.5139	0.02812
16.5667	0.02816
16.6198	0.02814
16.6732	0.02823
16.727	0.02835
16.7811	0.02882
16.8356	0.02924
16.8905	0.02920
16.9457	0.02931
17.0012	0.02964
17.0572	0.02986
17.1134	0.03000
17.1701	0.03038
17.2272	0.03082
17.2846	0.03107
17.3424	0.03138
17.4006	0.03187
17.4592	0.03240
17.5182	0.03297
17.5775	0.03380
17.6373	0.03468
17.6975	0.03559
17.7581	0.03637
17.8192	0.03693
17.8806	0.03756
17.9425	0.03798
18.0048	0.03797
18.0675	0.03802
18.1307	0.03822
18.1943	0.03804
18.2584	0.03774
18.3229	0.03745
18.3879	0.03701
18.4533	0.03670
18.5192	0.03672
18.5856	0.03670
18.6524	0.03663
18.7198	0.03625
18.7876	0.03600
18.8559	0.03589
18.9248	0.03563
18.9941	0.03558
19.0639	0.03567
19.1343	0.03578
19.2051	0.03557
19.2765	0.03533
19.3484	0.03534
19.4209	0.03533
19.4939	0.03501
19.5675	0.03510
19.6416	0.03533
19.7163	0.03520
19.7915	0.03539
19.8674	0.03545
19.9438	0.03551
20.0208	0.03560
20.0984	0.03567
20.1766	0.03573
20.2554	0.03594
20.3349	0.03585
20.4149	0.03601
20.4956	0.03634
20.5769	0.03613
20.6589	0.03594
20.7416	0.03603
20.8248	0.03601
20.9088	0.03632
20.9935	0.03631
21.0788	0.03599
21.1648	0.03582
21.2516	0.03611
21.3391	0.03652
21.4272	0.03670
21.5161	0.03641
21.6058	0.03675
21.6962	0.03725
21.7873	0.03694
21.8793	0.03681
21.972	0.03702
22.0655	0.03680
22.1598	0.03685
22.2549	0.03693
22.3508	0.03677
22.4476	0.03656
22.5452	0.03688
22.6436	0.03732
22.7429	0.03726
22.8431	0.03699
22.9442	0.03669
23.0462	0.03682
23.1491	0.03729
23.2529	0.03738
23.3576	0.03770
23.4633	0.03812
23.5699	0.03836
23.6776	0.03820
23.7862	0.03833
23.8958	0.03828
24.0064	0.03813
24.1181	0.03814
24.2308	0.03828
24.3445	0.03816
24.4593	0.03839
24.5753	0.03851
24.6923	0.03831
24.8104	0.03815
24.9297	0.03783
25.0501	0.03810
25.1717	0.03869
25.2945	0.03870
25.4185	0.03890
25.5437	0.03930
25.6702	0.03888
25.7979	0.03874
25.9269	0.03891
26.0572	0.03959
26.1888	0.04013
26.3217	0.04020
26.456	0.04015
26.5917	0.04055
26.7288	0.04091
26.8672	0.04055
27.0072	0.04085
27.1486	0.04153
27.2915	0.04240
27.4359	0.04293
27.5818	0.04301
27.7293	0.04294
27.8784	0.04346
28.0291	0.04314
28.1814	0.04394
28.3354	0.04627
28.4911	0.04758
28.6485	0.04819
28.8077	0.04900
28.9686	0.04958
29.1313	0.05067
29.2959	0.05109
29.4624	0.05076
29.6307	0.05107
29.801	0.05130
29.9733	0.05098
30.1475	0.05103
30.3238	0.05085
30.5022	0.05113
30.6827	0.05096
30.8653	0.05027
31.0502	0.04938
31.2372	0.04896
31.4265	0.04853
31.6182	0.04868
31.8121	0.04858
32.0085	0.04865
32.2073	0.04788
32.4086	0.04768
32.6124	0.04753
32.8188	0.04743
33.0279	0.04809
33.2396	0.04844
33.4541	0.04851
33.6713	0.04897
33.8914	0.04923
34.1143	0.04933
34.3403	0.04950
34.5692	0.04989
34.8012	0.04926
35.0363	0.04998
35.2747	0.05103
35.5163	0.05101
35.7612	0.05003
36.0096	0.04939
36.2614	0.04943
36.5167	0.04972
36.7757	0.05025
37.0384	0.05119
37.3049	0.05128
37.5752	0.05161
37.8495	0.05199
38.1278	0.05211
38.4102	0.05225
38.6968	0.05052
38.9878	0.04836
39.2832	0.04991
39.583	0.05266
39.8875	0.05336
40.1967	0.05311
40.5108	0.05431
40.8297	0.05490
41.1538	0.05403
41.483	0.05402
41.8176	0.05500
42.1575	0.05477
42.5031	0.05365
42.8544	0.05501
43.2115	0.05858
43.5746	0.05739
43.9439	0.05846
44.3195	0.05980
44.7015	0.05852
45.0902	0.05861
45.4858	0.05847
45.8883	0.05812
46.298	0.05566
46.7151	0.05566
47.1398	0.06044
47.5723	0.06058
48.0128	0.05819
48.4615	0.05998
48.9186	0.06110
49.3846	0.05969
49.8594	0.05920
50.3435	0.06220
50.837	0.06134
51.3404	0.05841
51.8538	0.06136
52.3776	0.06401
52.912	0.06081
53.4575	0.05817
54.0144	0.05782
54.5829	0.06140
55.1636	0.06129
55.7568	0.06522
56.3628	0.06440
56.9822	0.06104
57.6153	0.06366
58.2627	0.06099
58.9247	0.06091
59.602	0.06528
60.2951	0.06178
61.0044	0.05324
61.7307	0.05549
62.4744	0.06209
63.2363	0.06712
64.017	0.06552
64.8172	0.06908
65.6377	0.07346
66.4792	0.07316
67.3426	0.06775
68.2286	0.06573
69.1384	0.06622
70.0727	0.06799
71.0326	0.06755
72.0191	0.06464
73.0335	0.06876
74.0768	0.06990
75.1504	0.06258
76.2555	0.05705
77.3937	0.04791
78.5663	0.03713
79.775	0.05988
81.0215	0.05467
82.3076	0.05335
83.6351	0.06046
85.0062	0.05920
86.423	0.05621
87.8878	0.05410
89.403	0.05852
90.9715	0.07607
92.596	0.08667
94.2796	0.08564
96.0255	0.06984
97.8373	0.06106
99.7188	0.06828
