Brown University Keck/NASA Relab Spectrum JB-JLB-A14-B/BKR1JBA14B
Wavelength(micron)	Reflectance
0.28	0.08942
0.285	0.06811
0.29	0.05929
0.295	0.05673
0.3	0.05414
0.305	0.05414
0.31	0.05415
0.315	0.05512
0.32	0.05661
0.325	0.05818
0.33	0.05988
0.335	0.06160
0.34	0.06380
0.345	0.06597
0.35	0.06830
0.355	0.07124
0.36	0.07469
0.365	0.07764
0.37	0.07888
0.375	0.07994
0.38	0.08194
0.385	0.08465
0.39	0.08904
0.395	0.09203
0.4	0.09645
0.405	0.10057
0.41	0.10529
0.415	0.11070
0.42	0.11434
0.425	0.11454
0.43	0.11836
0.435	0.12074
0.44	0.12311
0.445	0.11690
0.45	0.12033
0.455	0.12520
0.46	0.12847
0.465	0.13054
0.47	0.13147
0.475	0.13195
0.48	0.13059
0.485	0.13411
0.49	0.13835
0.495	0.14160
0.5	0.14359
0.505	0.14090
0.51	0.14705
0.515	0.15012
0.52	0.15201
0.525	0.15337
0.53	0.15454
0.535	0.15532
0.54	0.15502
0.545	0.15383
0.55	0.15591
0.555	0.15997
0.56	0.16337
0.565	0.16587
0.57	0.16835
0.575	0.17046
0.58	0.17339
0.585	0.17620
0.59	0.17868
0.595	0.18115
0.6	0.18362
0.605	0.18619
0.61	0.18856
0.615	0.19127
0.62	0.19389
0.625	0.19655
0.63	0.19956
0.635	0.20238
0.64	0.20558
0.645	0.20874
0.65	0.21184
0.655	0.21527
0.66	0.21890
0.665	0.22252
0.67	0.22632
0.675	0.23049
0.68	0.23440
0.685	0.23883
0.69	0.24260
0.695	0.24599
0.7	0.24882
0.705	0.25105
0.71	0.25247
0.715	0.25309
0.72	0.25236
0.725	0.25023
0.73	0.24714
0.735	0.24321
0.74	0.23779
0.745	0.23149
0.75	0.22368
0.755	0.21554
0.76	0.20671
0.765	0.19669
0.77	0.18697
0.775	0.17700
0.78	0.16712
0.785	0.15780
0.79	0.14817
0.795	0.13946
0.8	0.13098
0.805	0.12322
0.81	0.11630
0.815	0.11050
0.82	0.10455
0.825	0.09955
0.83	0.09542
0.835	0.09126
0.84	0.08764
0.845	0.08466
0.85	0.08174
0.855	0.07980
0.86	0.07748
0.865	0.07660
0.87	0.07483
0.875	0.07352
0.88	0.07235
0.885	0.07129
0.89	0.07025
0.895	0.06959
0.9	0.06942
0.905	0.06968
0.91	0.06956
0.915	0.07006
0.92	0.07030
0.925	0.07099
0.93	0.07191
0.935	0.07268
0.94	0.07323
0.945	0.07440
0.95	0.07582
0.955	0.07725
0.96	0.07959
0.965	0.08197
0.97	0.08422
0.975	0.08652
0.98	0.09020
0.985	0.09371
0.99	0.09830
0.995	0.10312
1	0.10806
1.005	0.11413
1.01	0.12114
1.015	0.12847
1.02	0.13626
1.025	0.14436
1.03	0.15376
1.035	0.16347
1.04	0.17387
1.045	0.18422
1.05	0.19401
1.055	0.20602
1.06	0.21876
1.065	0.23060
1.07	0.24236
1.075	0.25436
1.08	0.26602
1.085	0.27798
1.09	0.28935
1.095	0.30004
1.1	0.30962
1.105	0.31984
1.11	0.32881
1.115	0.33988
1.12	0.34781
1.125	0.35651
1.13	0.36384
1.135	0.37113
1.14	0.37715
1.145	0.38312
1.15	0.38884
1.155	0.39452
1.16	0.39903
1.165	0.40378
1.17	0.40767
1.175	0.41142
1.18	0.41465
1.185	0.41726
1.19	0.41954
1.195	0.42193
1.2	0.42416
1.205	0.42549
1.21	0.42688
1.215	0.42798
1.22	0.42917
1.225	0.43047
1.23	0.43017
1.235	0.42930
1.24	0.42888
1.245	0.42904
1.25	0.42834
1.255	0.42675
1.26	0.42595
1.265	0.42354
1.27	0.42172
1.275	0.41948
1.28	0.41613
1.285	0.41280
1.29	0.41046
1.295	0.40725
1.3	0.40362
1.305	0.39987
1.31	0.39619
1.315	0.39150
1.32	0.38760
1.325	0.38151
1.33	0.37707
1.335	0.37232
1.34	0.36722
1.345	0.36140
1.35	0.35565
1.355	0.35014
1.36	0.34537
1.365	0.33937
1.37	0.33363
1.375	0.32702
1.38	0.32109
1.385	0.31532
1.39	0.30791
1.395	0.30194
1.4	0.29651
1.405	0.29045
1.41	0.28531
1.415	0.28079
1.42	0.27482
1.425	0.26983
1.43	0.26454
1.435	0.25787
1.44	0.25339
1.445	0.24769
1.45	0.24327
1.455	0.23771
1.46	0.23305
1.465	0.22845
1.47	0.22385
1.475	0.21850
1.48	0.21429
1.485	0.20946
1.49	0.20539
1.495	0.20031
1.5	0.19637
1.505	0.19292
1.51	0.18907
1.515	0.18467
1.52	0.18027
1.525	0.17822
1.53	0.17390
1.535	0.17043
1.54	0.16737
1.545	0.16447
1.55	0.16066
1.555	0.15828
1.56	0.15501
1.565	0.15270
1.57	0.14990
1.575	0.14749
1.58	0.14457
1.585	0.14185
1.59	0.13968
1.595	0.13711
1.6	0.13504
1.605	0.13294
1.61	0.13091
1.615	0.12907
1.62	0.12694
1.625	0.12482
1.63	0.12306
1.635	0.12196
1.64	0.11986
1.645	0.11856
1.65	0.11697
1.655	0.11554
1.66	0.11402
1.665	0.11294
1.67	0.11156
1.675	0.11030
1.68	0.10919
1.685	0.10834
1.69	0.10713
1.695	0.10612
1.7	0.10545
1.705	0.10476
1.71	0.10354
1.715	0.10309
1.72	0.10221
1.725	0.10157
1.73	0.10103
1.735	0.10053
1.74	0.09969
1.745	0.09929
1.75	0.09910
1.755	0.09880
1.76	0.09833
1.765	0.09788
1.77	0.09758
1.775	0.09750
1.78	0.09764
1.785	0.09731
1.79	0.09738
1.795	0.09718
1.8	0.09678
1.805	0.09713
1.81	0.09725
1.815	0.09662
1.82	0.09685
1.825	0.09702
1.83	0.09711
1.835	0.09763
1.84	0.09775
1.845	0.09797
1.85	0.09870
1.855	0.09956
1.86	0.09962
1.865	0.10026
1.87	0.10111
1.875	0.10196
1.88	0.10245
1.885	0.10338
1.89	0.10429
1.895	0.10527
1.9	0.10661
1.905	0.10723
1.91	0.10829
1.915	0.10968
1.92	0.11102
1.925	0.11252
1.93	0.11361
1.935	0.11496
1.94	0.11719
1.945	0.11863
1.95	0.12029
1.955	0.12177
1.96	0.12325
1.965	0.12565
1.97	0.12753
1.975	0.12963
1.98	0.13159
1.985	0.13396
1.99	0.13614
1.995	0.13872
2	0.14083
2.005	0.14432
2.01	0.14680
2.015	0.14992
2.02	0.15294
2.025	0.15585
2.03	0.15887
2.035	0.16170
2.04	0.16508
2.045	0.16876
2.05	0.17157
2.055	0.17617
2.06	0.17843
2.065	0.18275
2.07	0.18697
2.075	0.19042
2.08	0.19461
2.085	0.19754
2.09	0.20222
2.095	0.20680
2.1	0.21141
2.105	0.21538
2.11	0.22041
2.115	0.22524
2.12	0.22932
2.125	0.23425
2.13	0.23879
2.135	0.24343
2.14	0.24746
2.145	0.25287
2.15	0.25701
2.155	0.26254
2.16	0.26709
2.165	0.27146
2.17	0.27673
2.175	0.28169
2.18	0.28629
2.185	0.29066
2.19	0.29622
2.195	0.30032
2.2	0.30394
2.205	0.30932
2.21	0.31385
2.215	0.31870
2.22	0.32244
2.225	0.32613
2.23	0.32896
2.235	0.33270
2.24	0.33579
2.245	0.33877
2.25	0.34219
2.255	0.34558
2.26	0.35110
2.265	0.35472
2.27	0.35899
2.275	0.36234
2.28	0.36429
2.285	0.36688
2.29	0.36790
2.295	0.37055
2.3	0.37102
2.305	0.37372
2.31	0.37460
2.315	0.37656
2.32	0.37845
2.325	0.38252
2.33	0.38704
2.335	0.38864
2.34	0.39126
2.345	0.39451
2.35	0.39545
2.355	0.39739
2.36	0.40016
2.365	0.39898
2.37	0.39982
2.375	0.39891
2.38	0.39944
2.385	0.40058
2.39	0.40065
2.395	0.40337
2.4	0.40272
2.405	0.40461
2.41	0.40637
2.415	0.40719
2.42	0.40618
2.425	0.40616
2.43	0.40586
2.435	0.40540
2.44	0.40525
2.4414	0.40526
2.4425	0.40528
2.4436	0.40531
2.4448	0.40527
2.4459	0.40528
2.4471	0.40527
2.4483	0.40530
2.4494	0.40530
2.4506	0.40534
2.4517	0.40531
2.4529	0.40527
2.4541	0.40524
2.4552	0.40527
2.4564	0.40526
2.4576	0.40523
2.4587	0.40511
2.4599	0.40499
2.4611	0.40499
2.4622	0.40500
2.4634	0.40495
2.4646	0.40496
2.4657	0.40489
2.4669	0.40486
2.4681	0.40474
2.4693	0.40470
2.4704	0.40473
2.4716	0.40474
2.4728	0.40467
2.474	0.40460
2.4751	0.40447
2.4763	0.40437
2.4775	0.40434
2.4787	0.40441
2.4799	0.40439
2.4811	0.40439
2.4823	0.40429
2.4834	0.40420
2.4846	0.40412
2.4858	0.40400
2.487	0.40396
2.4882	0.40381
2.4894	0.40361
2.4906	0.40353
2.4918	0.40338
2.493	0.40329
2.4942	0.40324
2.4954	0.40316
2.4966	0.40310
2.4978	0.40301
2.499	0.40286
2.5002	0.40280
2.5014	0.40271
2.5026	0.40271
2.5038	0.40261
2.505	0.40248
2.5063	0.40240
2.5075	0.40221
2.5087	0.40206
2.5099	0.40212
2.5111	0.40204
2.5123	0.40187
2.5135	0.40178
2.5148	0.40167
2.516	0.40145
2.5172	0.40127
2.5184	0.40127
2.5196	0.40113
2.5209	0.40093
2.5221	0.40081
2.5233	0.40065
2.5246	0.40046
2.5258	0.40038
2.527	0.40040
2.5282	0.40024
2.5295	0.40027
2.5307	0.40021
2.5319	0.39996
2.5332	0.39963
2.5344	0.39958
2.5357	0.39961
2.5369	0.39922
2.5381	0.39910
2.5394	0.39926
2.5406	0.39910
2.5419	0.39915
2.5431	0.39880
2.5444	0.39848
2.5456	0.39842
2.5469	0.39846
2.5481	0.39808
2.5494	0.39774
2.5506	0.39775
2.5519	0.39767
2.5531	0.39738
2.5544	0.39715
2.5556	0.39736
2.5569	0.39730
2.5582	0.39704
2.5594	0.39696
2.5607	0.39671
2.562	0.39590
2.5632	0.39553
2.5645	0.39540
2.5658	0.39517
2.567	0.39552
2.5683	0.39575
2.5696	0.39544
2.5709	0.39459
2.5721	0.39503
2.5734	0.39500
2.5747	0.39379
2.576	0.39419
2.5773	0.39391
2.5785	0.39337
2.5798	0.39390
2.5811	0.39371
2.5824	0.39321
2.5837	0.39344
2.585	0.39225
2.5862	0.39277
2.5875	0.39299
2.5888	0.39210
2.5901	0.39192
2.5914	0.39209
2.5927	0.39242
2.594	0.39276
2.5953	0.39101
2.5966	0.38938
2.5979	0.39038
2.5992	0.39082
2.6005	0.39109
2.6018	0.39073
2.6031	0.39019
2.6044	0.38995
2.6057	0.38935
2.6071	0.38881
2.6084	0.38903
2.6097	0.38895
2.611	0.38877
2.6123	0.38896
2.6136	0.38865
2.6149	0.38827
2.6163	0.38867
2.6176	0.38711
2.6189	0.38695
2.6202	0.38761
2.6216	0.38637
2.6229	0.38640
2.6242	0.38669
2.6255	0.38673
2.6269	0.38615
2.6282	0.38528
2.6295	0.38595
2.6309	0.38477
2.6322	0.38383
2.6335	0.38428
2.6349	0.38390
2.6362	0.38367
2.6376	0.38362
2.6389	0.38334
2.6402	0.38308
2.6416	0.38271
2.6429	0.38227
2.6443	0.38201
2.6456	0.38192
2.647	0.38109
2.6483	0.38095
2.6497	0.38084
2.651	0.38071
2.6524	0.38024
2.6538	0.37943
2.6551	0.37927
2.6565	0.37864
2.6578	0.37845
2.6592	0.37857
2.6606	0.37755
2.6619	0.37681
2.6633	0.37670
2.6647	0.37701
2.666	0.37562
2.6674	0.37438
2.6688	0.37407
2.6701	0.37442
2.6715	0.37140
2.6729	0.37095
2.6743	0.37071
2.6756	0.36984
2.677	0.36686
2.6784	0.36388
2.6798	0.36082
2.6812	0.35729
2.6826	0.35350
2.684	0.34735
2.6854	0.34006
2.6868	0.33198
2.6881	0.32304
2.6895	0.31455
2.6909	0.30634
2.6923	0.30016
2.6937	0.29453
2.6951	0.28974
2.6965	0.28733
2.6979	0.28697
2.6993	0.28694
2.7007	0.28693
2.7021	0.28622
2.7036	0.28575
2.705	0.28499
2.7064	0.28345
2.7078	0.28147
2.7092	0.27887
2.7106	0.27537
2.712	0.27156
2.7135	0.26838
2.7149	0.26519
2.7163	0.26033
2.7177	0.25158
2.7191	0.23976
2.7206	0.23023
2.722	0.22622
2.7234	0.22578
2.7249	0.22503
2.7263	0.22598
2.7277	0.22734
2.7292	0.22822
2.7306	0.22833
2.732	0.22890
2.7335	0.23075
2.7349	0.23252
2.7364	0.23433
2.7378	0.23598
2.7393	0.23689
2.7407	0.23735
2.7422	0.23814
2.7436	0.23886
2.7451	0.23994
2.7465	0.24108
2.748	0.24163
2.7494	0.24145
2.7509	0.24119
2.7523	0.24078
2.7538	0.24061
2.7553	0.24027
2.7567	0.23986
2.7582	0.24068
2.7597	0.24155
2.7611	0.24204
2.7626	0.24236
2.7641	0.24233
2.7656	0.24282
2.767	0.24351
2.7685	0.24382
2.77	0.24422
2.7715	0.24426
2.7729	0.24359
2.7744	0.24288
2.7759	0.24199
2.7774	0.24075
2.7789	0.23949
2.7804	0.23844
2.7819	0.23724
2.7834	0.23588
2.7849	0.23468
2.7864	0.23312
2.7879	0.23035
2.7894	0.22768
2.7909	0.22541
2.7924	0.22281
2.7939	0.21971
2.7954	0.21546
2.7969	0.20980
2.7984	0.20219
2.7999	0.19306
2.8014	0.18372
2.8029	0.17447
2.8044	0.16669
2.806	0.16258
2.8075	0.16113
2.809	0.16194
2.8105	0.16503
2.8121	0.16996
2.8136	0.17619
2.8151	0.18338
2.8166	0.19080
2.8182	0.19730
2.8197	0.20335
2.8212	0.20847
2.8228	0.21237
2.8243	0.21502
2.8258	0.21650
2.8274	0.21676
2.8289	0.21573
2.8305	0.21329
2.832	0.20969
2.8336	0.20485
2.8351	0.19921
2.8367	0.19403
2.8382	0.19011
2.8398	0.18772
2.8413	0.18714
2.8429	0.18794
2.8444	0.18986
2.846	0.19264
2.8476	0.19588
2.8491	0.19925
2.8507	0.20304
2.8523	0.20711
2.8538	0.21152
2.8554	0.21599
2.857	0.22035
2.8586	0.22435
2.8601	0.22802
2.8617	0.23125
2.8633	0.23371
2.8649	0.23546
2.8664	0.23697
2.868	0.23831
2.8696	0.23928
2.8712	0.23981
2.8728	0.24020
2.8744	0.24053
2.876	0.24084
2.8776	0.24102
2.8792	0.24100
2.8808	0.24092
2.8824	0.24087
2.884	0.24069
2.8856	0.24032
2.8872	0.23971
2.8888	0.23903
2.8904	0.23836
2.892	0.23776
2.8936	0.23703
2.8953	0.23609
2.8969	0.23501
2.8985	0.23403
2.9001	0.23294
2.9017	0.23141
2.9034	0.22962
2.905	0.22790
2.9066	0.22602
2.9083	0.22395
2.9099	0.22150
2.9115	0.21888
2.9131	0.21626
2.9148	0.21374
2.9164	0.21106
2.9181	0.20845
2.9197	0.20607
2.9214	0.20384
2.923	0.20178
2.9247	0.20011
2.9263	0.19880
2.928	0.19792
2.9296	0.19740
2.9313	0.19732
2.9329	0.19771
2.9346	0.19842
2.9363	0.19950
2.9379	0.20097
2.9396	0.20272
2.9412	0.20462
2.9429	0.20665
2.9446	0.20871
2.9463	0.21068
2.9479	0.21262
2.9496	0.21451
2.9513	0.21641
2.953	0.21810
2.9546	0.21967
2.9563	0.22109
2.958	0.22239
2.9597	0.22356
2.9614	0.22467
2.9631	0.22552
2.9648	0.22631
2.9665	0.22696
2.9682	0.22751
2.9699	0.22799
2.9716	0.22840
2.9733	0.22867
2.975	0.22893
2.9767	0.22913
2.9784	0.22938
2.9801	0.22956
2.9818	0.22970
2.9836	0.22976
2.9853	0.22978
2.987	0.22982
2.9887	0.22973
2.9904	0.22950
2.9922	0.22940
2.9939	0.22927
2.9956	0.22912
2.9974	0.22893
2.9991	0.22865
3.0008	0.22842
3.0026	0.22811
3.0043	0.22774
3.006	0.22754
3.0078	0.22729
3.0095	0.22699
3.0113	0.22683
3.013	0.22668
3.0148	0.22625
3.0165	0.22584
3.0183	0.22551
3.02	0.22518
3.0218	0.22496
3.0236	0.22482
3.0253	0.22470
3.0271	0.22447
3.0289	0.22413
3.0306	0.22386
3.0324	0.22351
3.0342	0.22320
3.036	0.22293
3.0377	0.22274
3.0395	0.22255
3.0413	0.22220
3.0431	0.22182
3.0449	0.22150
3.0467	0.22110
3.0484	0.22072
3.0502	0.22046
3.052	0.22012
3.0538	0.21966
3.0556	0.21922
3.0574	0.21880
3.0592	0.21840
3.0611	0.21790
3.0629	0.21734
3.0647	0.21669
3.0665	0.21601
3.0683	0.21531
3.0701	0.21468
3.0719	0.21391
3.0738	0.21309
3.0756	0.21239
3.0774	0.21169
3.0792	0.21088
3.0811	0.21015
3.0829	0.20929
3.0847	0.20848
3.0866	0.20778
3.0884	0.20702
3.0902	0.20617
3.0921	0.20532
3.0939	0.20442
3.0958	0.20379
3.0976	0.20319
3.0995	0.20249
3.1013	0.20185
3.1032	0.20124
3.105	0.20057
3.1069	0.20008
3.1088	0.19962
3.1106	0.19925
3.1125	0.19891
3.1144	0.19866
3.1162	0.19833
3.1181	0.19807
3.12	0.19791
3.1219	0.19791
3.1237	0.19787
3.1256	0.19788
3.1275	0.19798
3.1294	0.19809
3.1313	0.19819
3.1332	0.19832
3.1351	0.19855
3.137	0.19891
3.1389	0.19926
3.1408	0.19972
3.1427	0.20015
3.1446	0.20057
3.1465	0.20114
3.1484	0.20161
3.1503	0.20203
3.1522	0.20262
3.1541	0.20322
3.1561	0.20378
3.158	0.20430
3.1599	0.20486
3.1618	0.20544
3.1638	0.20613
3.1657	0.20684
3.1676	0.20736
3.1696	0.20770
3.1715	0.20826
3.1734	0.20886
3.1754	0.20947
3.1773	0.21001
3.1793	0.21050
3.1812	0.21091
3.1832	0.21142
3.1851	0.21194
3.1871	0.21239
3.1891	0.21277
3.191	0.21312
3.193	0.21340
3.1949	0.21381
3.1969	0.21416
3.1989	0.21456
3.2009	0.21477
3.2029	0.21490
3.2048	0.21514
3.2068	0.21542
3.2088	0.21566
3.2108	0.21579
3.2128	0.21589
3.2148	0.21604
3.2168	0.21615
3.2188	0.21633
3.2208	0.21651
3.2228	0.21649
3.2248	0.21635
3.2268	0.21641
3.2288	0.21656
3.2308	0.21663
3.2328	0.21670
3.2348	0.21678
3.2368	0.21674
3.2389	0.21667
3.2409	0.21663
3.2429	0.21662
3.2449	0.21659
3.247	0.21671
3.249	0.21683
3.251	0.21676
3.2531	0.21659
3.2551	0.21647
3.2572	0.21641
3.2592	0.21632
3.2613	0.21625
3.2633	0.21632
3.2654	0.21635
3.2674	0.21639
3.2695	0.21636
3.2716	0.21630
3.2736	0.21629
3.2757	0.21621
3.2778	0.21605
3.2798	0.21619
3.2819	0.21623
3.284	0.21623
3.2861	0.21622
3.2881	0.21625
3.2902	0.21626
3.2923	0.21624
3.2944	0.21623
3.2965	0.21625
3.2986	0.21635
3.3007	0.21645
3.3028	0.21644
3.3049	0.21653
3.307	0.21647
3.3091	0.21653
3.3112	0.21666
3.3134	0.21678
3.3155	0.21680
3.3176	0.21686
3.3197	0.21691
3.3219	0.21700
3.324	0.21714
3.3261	0.21739
3.3283	0.21759
3.3304	0.21763
3.3325	0.21769
3.3347	0.21781
3.3368	0.21796
3.339	0.21810
3.3411	0.21807
3.3433	0.21815
3.3454	0.21833
3.3476	0.21839
3.3498	0.21843
3.3519	0.21859
3.3541	0.21867
3.3563	0.21866
3.3584	0.21875
3.3606	0.21884
3.3628	0.21875
3.365	0.21879
3.3671	0.21899
3.3693	0.21895
3.3715	0.21890
3.3737	0.21888
3.3759	0.21888
3.3781	0.21903
3.3803	0.21895
3.3825	0.21891
3.3847	0.21899
3.3869	0.21900
3.3891	0.21900
3.3914	0.21902
3.3936	0.21913
3.3958	0.21928
3.398	0.21940
3.4003	0.21954
3.4025	0.21967
3.4047	0.21983
3.407	0.21989
3.4092	0.21985
3.4114	0.21992
3.4137	0.21994
3.4159	0.21996
3.4182	0.22021
3.4204	0.22056
3.4227	0.22083
3.425	0.22097
3.4272	0.22095
3.4295	0.22089
3.4318	0.22104
3.434	0.22102
3.4363	0.22084
3.4386	0.22071
3.4409	0.22081
3.4432	0.22085
3.4454	0.22077
3.4477	0.22078
3.45	0.22081
3.4523	0.22076
3.4546	0.22084
3.4569	0.22088
3.4592	0.22087
3.4616	0.22093
3.4639	0.22097
3.4662	0.22085
3.4685	0.22073
3.4708	0.22061
3.4731	0.22048
3.4755	0.22042
3.4778	0.22046
3.4801	0.22031
3.4825	0.22009
3.4848	0.21991
3.4872	0.21994
3.4895	0.21993
3.4919	0.21997
3.4942	0.22016
3.4966	0.22021
3.4989	0.22023
3.5013	0.22028
3.5036	0.22041
3.506	0.22062
3.5084	0.22085
3.5108	0.22094
3.5131	0.22076
3.5155	0.22053
3.5179	0.22033
3.5203	0.22025
3.5227	0.22029
3.5251	0.22023
3.5275	0.22011
3.5299	0.22012
3.5323	0.22007
3.5347	0.21989
3.5371	0.21983
3.5395	0.21987
3.5419	0.21985
3.5444	0.21978
3.5468	0.21954
3.5492	0.21936
3.5516	0.21937
3.5541	0.21929
3.5565	0.21925
3.559	0.21917
3.5614	0.21910
3.5639	0.21902
3.5663	0.21895
3.5688	0.21890
3.5712	0.21880
3.5737	0.21869
3.5761	0.21864
3.5786	0.21858
3.5811	0.21846
3.5836	0.21834
3.586	0.21825
3.5885	0.21817
3.591	0.21810
3.5935	0.21797
3.596	0.21787
3.5985	0.21780
3.601	0.21770
3.6035	0.21757
3.606	0.21745
3.6085	0.21739
3.611	0.21735
3.6135	0.21721
3.6161	0.21704
3.6186	0.21696
3.6211	0.21691
3.6236	0.21679
3.6262	0.21665
3.6287	0.21652
3.6313	0.21642
3.6338	0.21635
3.6363	0.21626
3.6389	0.21610
3.6414	0.21599
3.644	0.21587
3.6466	0.21576
3.6491	0.21564
3.6517	0.21555
3.6543	0.21544
3.6569	0.21533
3.6594	0.21520
3.662	0.21508
3.6646	0.21498
3.6672	0.21491
3.6698	0.21480
3.6724	0.21465
3.675	0.21451
3.6776	0.21442
3.6802	0.21430
3.6828	0.21417
3.6854	0.21406
3.6881	0.21397
3.6907	0.21386
3.6933	0.21374
3.6959	0.21360
3.6986	0.21349
3.7012	0.21340
3.7039	0.21329
3.7065	0.21317
3.7092	0.21308
3.7118	0.21295
3.7145	0.21283
3.7171	0.21271
3.7198	0.21255
3.7225	0.21241
3.7252	0.21228
3.7278	0.21216
3.7305	0.21208
3.7332	0.21198
3.7359	0.21183
3.7386	0.21168
3.7413	0.21156
3.744	0.21141
3.7467	0.21130
3.7494	0.21118
3.7521	0.21106
3.7548	0.21094
3.7576	0.21083
3.7603	0.21066
3.763	0.21051
3.7657	0.21038
3.7685	0.21027
3.7712	0.21012
3.774	0.20998
3.7767	0.20984
3.7795	0.20967
3.7822	0.20951
3.785	0.20937
3.7877	0.20921
3.7905	0.20906
3.7933	0.20888
3.7961	0.20871
3.7988	0.20853
3.8016	0.20839
3.8044	0.20824
3.8072	0.20809
3.81	0.20797
3.8128	0.20786
3.8156	0.20771
3.8184	0.20757
3.8212	0.20740
3.8241	0.20727
3.8269	0.20714
3.8297	0.20700
3.8325	0.20687
3.8354	0.20679
3.8382	0.20664
3.8411	0.20648
3.8439	0.20633
3.8468	0.20621
3.8496	0.20605
3.8525	0.20587
3.8553	0.20563
3.8582	0.20547
3.8611	0.20532
3.8639	0.20521
3.8668	0.20505
3.8697	0.20489
3.8726	0.20474
3.8755	0.20456
3.8784	0.20442
3.8813	0.20431
3.8842	0.20411
3.8871	0.20393
3.89	0.20378
3.893	0.20362
3.8959	0.20341
3.8988	0.20320
3.9017	0.20300
3.9047	0.20280
3.9076	0.20256
3.9106	0.20236
3.9135	0.20217
3.9165	0.20198
3.9194	0.20179
3.9224	0.20161
3.9254	0.20139
3.9284	0.20118
3.9313	0.20096
3.9343	0.20076
3.9373	0.20056
3.9403	0.20041
3.9433	0.20026
3.9463	0.20007
3.9493	0.19985
3.9523	0.19964
3.9553	0.19945
3.9583	0.19931
3.9614	0.19919
3.9644	0.19908
3.9674	0.19894
3.9705	0.19883
3.9735	0.19874
3.9766	0.19870
3.9796	0.19863
3.9826	0.19854
3.9857	0.19842
3.9888	0.19832
3.9919	0.19818
3.9949	0.19808
3.998	0.19794
4.0011	0.19778
4.0042	0.19762
4.0073	0.19749
4.0104	0.19733
4.0135	0.19719
4.0166	0.19703
4.0197	0.19687
4.0228	0.19669
4.0259	0.19654
4.0291	0.19634
4.0322	0.19617
4.0353	0.19601
4.0385	0.19585
4.0416	0.19567
4.0448	0.19550
4.0479	0.19531
4.0511	0.19514
4.0543	0.19497
4.0574	0.19482
4.0606	0.19462
4.0638	0.19443
4.067	0.19425
4.0702	0.19404
4.0734	0.19384
4.0766	0.19368
4.0798	0.19349
4.083	0.19332
4.0862	0.19312
4.0894	0.19296
4.0927	0.19279
4.0959	0.19261
4.0991	0.19241
4.1024	0.19223
4.1056	0.19202
4.1089	0.19186
4.1121	0.19168
4.1154	0.19148
4.1187	0.19123
4.122	0.19103
4.1252	0.19085
4.1285	0.19067
4.1318	0.19047
4.1351	0.19027
4.1384	0.19001
4.1417	0.18977
4.145	0.18956
4.1483	0.18935
4.1516	0.18908
4.155	0.18885
4.1583	0.18861
4.1616	0.18838
4.165	0.18812
4.1683	0.18787
4.1717	0.18761
4.175	0.18739
4.1784	0.18714
4.1818	0.18686
4.1852	0.18653
4.1885	0.18624
4.1919	0.18594
4.1953	0.18564
4.1987	0.18534
4.2021	0.18506
4.2055	0.18474
4.2089	0.18445
4.2124	0.18416
4.2158	0.18393
4.2192	0.18366
4.2226	0.18341
4.2261	0.18315
4.2295	0.18291
4.233	0.18266
4.2365	0.18242
4.2399	0.18211
4.2434	0.18182
4.2469	0.18153
4.2503	0.18128
4.2538	0.18101
4.2573	0.18077
4.2608	0.18050
4.2643	0.18024
4.2678	0.18000
4.2713	0.17985
4.2749	0.17967
4.2784	0.17956
4.2819	0.17947
4.2855	0.17941
4.289	0.17931
4.2926	0.17928
4.2961	0.17923
4.2997	0.17918
4.3033	0.17911
4.3068	0.17907
4.3104	0.17902
4.314	0.17900
4.3176	0.17897
4.3212	0.17897
4.3248	0.17896
4.3284	0.17898
4.332	0.17891
4.3356	0.17884
4.3393	0.17876
4.3429	0.17871
4.3465	0.17865
4.3502	0.17858
4.3538	0.17845
4.3575	0.17838
4.3611	0.17829
4.3648	0.17821
4.3685	0.17812
4.3722	0.17804
4.3759	0.17791
4.3796	0.17778
4.3833	0.17766
4.387	0.17758
4.3907	0.17744
4.3944	0.17732
4.3981	0.17719
4.4019	0.17708
4.4056	0.17693
4.4094	0.17681
4.4131	0.17664
4.4169	0.17649
4.4206	0.17632
4.4244	0.17618
4.4282	0.17601
4.432	0.17584
4.4358	0.17563
4.4396	0.17545
4.4434	0.17525
4.4472	0.17506
4.451	0.17487
4.4548	0.17469
4.4586	0.17447
4.4625	0.17428
4.4663	0.17408
4.4702	0.17386
4.474	0.17360
4.4779	0.17339
4.4818	0.17311
4.4856	0.17287
4.4895	0.17258
4.4934	0.17228
4.4973	0.17194
4.5012	0.17159
4.5051	0.17121
4.509	0.17086
4.513	0.17040
4.5169	0.16989
4.5209	0.16933
4.5248	0.16869
4.5287	0.16798
4.5327	0.16725
4.5367	0.16644
4.5406	0.16563
4.5446	0.16478
4.5486	0.16396
4.5526	0.16307
4.5566	0.16213
4.5606	0.16116
4.5646	0.16019
4.5686	0.15916
4.5727	0.15811
4.5767	0.15696
4.5808	0.15579
4.5848	0.15452
4.5889	0.15323
4.5929	0.15185
4.597	0.15045
4.6011	0.14898
4.6052	0.14746
4.6093	0.14591
4.6134	0.14437
4.6175	0.14275
4.6216	0.14114
4.6257	0.13951
4.6298	0.13792
4.634	0.13628
4.6381	0.13469
4.6423	0.13311
4.6464	0.13155
4.6506	0.12997
4.6548	0.12845
4.659	0.12694
4.6631	0.12545
4.6673	0.12397
4.6715	0.12259
4.6758	0.12127
4.68	0.12002
4.6842	0.11885
4.6884	0.11779
4.6927	0.11677
4.6969	0.11583
4.7012	0.11489
4.7055	0.11400
4.7097	0.11318
4.714	0.11243
4.7183	0.11164
4.7226	0.11089
4.7269	0.11017
4.7312	0.10948
4.7355	0.10874
4.7399	0.10800
4.7442	0.10724
4.7485	0.10648
4.7529	0.10566
4.7573	0.10481
4.7616	0.10395
4.766	0.10305
4.7704	0.10207
4.7748	0.10109
4.7792	0.10004
4.7836	0.09894
4.788	0.09782
4.7924	0.09673
4.7969	0.09564
4.8013	0.09457
4.8058	0.09354
4.8102	0.09257
4.8147	0.09165
4.8191	0.09084
4.8236	0.09006
4.8281	0.08933
4.8326	0.08866
4.8371	0.08809
4.8416	0.08759
4.8462	0.08714
4.8507	0.08670
4.8553	0.08633
4.8598	0.08597
4.8644	0.08566
4.8689	0.08541
4.8735	0.08515
4.8781	0.08488
4.8827	0.08468
4.8873	0.08445
4.8919	0.08423
4.8965	0.08402
4.9011	0.08380
4.9058	0.08353
4.9104	0.08328
4.9151	0.08301
4.9197	0.08271
4.9244	0.08235
4.9291	0.08204
4.9338	0.08169
4.9385	0.08136
4.9432	0.08102
4.9479	0.08070
4.9526	0.08041
4.9574	0.08013
4.9621	0.07982
4.9669	0.07956
4.9716	0.07930
4.9764	0.07900
4.9812	0.07871
4.986	0.07842
4.9908	0.07812
4.9956	0.07783
5.0004	0.07754
5.0052	0.07720
5.01	0.07678
5.0149	0.07635
5.0198	0.07588
5.0246	0.07533
5.0295	0.07476
5.0344	0.07418
5.0393	0.07352
5.0442	0.07285
5.0491	0.07218
5.054	0.07151
5.0589	0.07082
5.0639	0.07014
5.0688	0.06944
5.0738	0.06876
5.0788	0.06815
5.0837	0.06756
5.0887	0.06688
5.0937	0.06630
5.0987	0.06577
5.1037	0.06525
5.1088	0.06476
5.1138	0.06430
5.1189	0.06383
5.1239	0.06343
5.129	0.06306
5.1341	0.06277
5.1391	0.06254
5.1443	0.06244
5.1494	0.06245
5.1545	0.06255
5.1596	0.06269
5.1647	0.06295
5.1699	0.06334
5.175	0.06380
5.1802	0.06426
5.1854	0.06481
5.1906	0.06544
5.1958	0.06613
5.201	0.06679
5.2062	0.06744
5.2115	0.06812
5.2167	0.06877
5.222	0.06927
5.2272	0.06985
5.2325	0.07047
5.2378	0.07109
5.2431	0.07159
5.2484	0.07212
5.2537	0.07274
5.259	0.07337
5.2644	0.07396
5.2697	0.07454
5.2751	0.07513
5.2805	0.07577
5.2858	0.07636
5.2912	0.07706
5.2966	0.07762
5.302	0.07808
5.3075	0.07849
5.3129	0.07893
5.3184	0.07928
5.3238	0.07955
5.3293	0.07975
5.3348	0.07991
5.3403	0.07999
5.3458	0.08015
5.3513	0.08023
5.3568	0.08008
5.3624	0.07980
5.3679	0.07953
5.3735	0.07922
5.379	0.07887
5.3846	0.07848
5.3902	0.07805
5.3958	0.07752
5.4015	0.07697
5.4071	0.07645
5.4127	0.07597
5.4184	0.07555
5.4241	0.07505
5.4297	0.07445
5.4354	0.07408
5.4411	0.07383
5.4468	0.07368
5.4526	0.07348
5.4583	0.07343
5.4641	0.07347
5.4698	0.07344
5.4756	0.07341
5.4814	0.07342
5.4872	0.07331
5.493	0.07329
5.4988	0.07318
5.5047	0.07305
5.5105	0.07282
5.5164	0.07262
5.5223	0.07229
5.5281	0.07181
5.534	0.07119
5.54	0.07057
5.5459	0.06990
5.5518	0.06919
5.5578	0.06837
5.5637	0.06760
5.5697	0.06691
5.5757	0.06636
5.5817	0.06569
5.5877	0.06496
5.5937	0.06447
5.5998	0.06412
5.6058	0.06376
5.6119	0.06351
5.618	0.06329
5.6241	0.06307
5.6302	0.06299
5.6363	0.06301
5.6424	0.06311
5.6486	0.06303
5.6547	0.06299
5.6609	0.06301
5.6671	0.06307
5.6733	0.06321
5.6795	0.06327
5.6857	0.06327
5.692	0.06334
5.6982	0.06332
5.7045	0.06332
5.7108	0.06336
5.7171	0.06332
5.7234	0.06308
5.7297	0.06279
5.736	0.06260
5.7424	0.06243
5.7488	0.06231
5.7551	0.06207
5.7615	0.06209
5.768	0.06217
5.7744	0.06196
5.7808	0.06190
5.7873	0.06188
5.7937	0.06190
5.8002	0.06199
5.8067	0.06206
5.8132	0.06229
5.8198	0.06273
5.8263	0.06296
5.8328	0.06298
5.8394	0.06302
5.846	0.06316
5.8526	0.06334
5.8592	0.06350
5.8658	0.06362
5.8725	0.06359
5.8791	0.06376
5.8858	0.06351
5.8925	0.06327
5.8992	0.06274
5.9059	0.06208
5.9126	0.06159
5.9194	0.06109
5.9262	0.06051
5.9329	0.06020
5.9397	0.05936
5.9465	0.05834
5.9534	0.05754
5.9602	0.05680
5.9671	0.05619
5.974	0.05538
5.9808	0.05478
5.9878	0.05438
5.9947	0.05366
6.0016	0.05311
6.0086	0.05277
6.0155	0.05246
6.0225	0.05200
6.0295	0.05167
6.0365	0.05151
6.0436	0.05172
6.0506	0.05167
6.0577	0.05111
6.0648	0.05101
6.0719	0.05104
6.079	0.05068
6.0861	0.05050
6.0933	0.05041
6.1005	0.05033
6.1076	0.05039
6.1148	0.05027
6.1221	0.04975
6.1293	0.04946
6.1365	0.04923
6.1438	0.04903
6.1511	0.04881
6.1584	0.04860
6.1657	0.04816
6.1731	0.04781
6.1804	0.04768
6.1878	0.04745
6.1952	0.04707
6.2026	0.04683
6.21	0.04671
6.2175	0.04658
6.225	0.04642
6.2324	0.04632
6.2399	0.04625
6.2475	0.04615
6.255	0.04604
6.2625	0.04592
6.2701	0.04581
6.2777	0.04575
6.2853	0.04572
6.2929	0.04568
6.3006	0.04573
6.3083	0.04583
6.3159	0.04597
6.3236	0.04617
6.3314	0.04645
6.3391	0.04686
6.3469	0.04743
6.3546	0.04771
6.3624	0.04810
6.3703	0.04872
6.3781	0.04929
6.3859	0.04972
6.3938	0.05024
6.4017	0.05069
6.4096	0.05149
6.4176	0.05235
6.4255	0.05237
6.4335	0.05262
6.4415	0.05297
6.4495	0.05328
6.4575	0.05352
6.4656	0.05377
6.4736	0.05422
6.4817	0.05457
6.4898	0.05500
6.498	0.05504
6.5061	0.05487
6.5143	0.05494
6.5225	0.05501
6.5307	0.05471
6.539	0.05454
6.5472	0.05437
6.5555	0.05404
6.5638	0.05374
6.5721	0.05361
6.5804	0.05297
6.5888	0.05248
6.5972	0.05204
6.6056	0.05159
6.614	0.05130
6.6225	0.05116
6.6309	0.05131
6.6394	0.05120
6.6479	0.05051
6.6565	0.05024
6.665	0.05018
6.6736	0.05017
6.6822	0.05009
6.6908	0.04994
6.6995	0.04984
6.7081	0.04990
6.7168	0.04989
6.7255	0.04972
6.7343	0.04957
6.743	0.04946
6.7518	0.04935
6.7606	0.04921
6.7694	0.04916
6.7783	0.04909
6.7871	0.04910
6.796	0.04888
6.805	0.04858
6.8139	0.04846
6.8229	0.04843
6.8319	0.04824
6.8409	0.04797
6.8499	0.04788
6.859	0.04794
6.868	0.04759
6.8772	0.04715
6.8863	0.04684
6.8955	0.04662
6.9046	0.04643
6.9138	0.04614
6.9231	0.04587
6.9323	0.04566
6.9416	0.04544
6.9509	0.04534
6.9602	0.04519
6.9696	0.04486
6.979	0.04461
6.9884	0.04443
6.9978	0.04418
7.0073	0.04395
7.0168	0.04376
7.0263	0.04353
7.0358	0.04332
7.0454	0.04316
7.0549	0.04277
7.0645	0.04244
7.0742	0.04219
7.0839	0.04201
7.0935	0.04182
7.1033	0.04167
7.113	0.04154
7.1228	0.04142
7.1326	0.04126
7.1424	0.04111
7.1522	0.04087
7.1621	0.04065
7.172	0.04035
7.182	0.03994
7.1919	0.03959
7.2019	0.03925
7.2119	0.03882
7.222	0.03843
7.232	0.03805
7.2421	0.03770
7.2523	0.03735
7.2624	0.03697
7.2726	0.03659
7.2828	0.03620
7.2931	0.03575
7.3033	0.03533
7.3136	0.03488
7.324	0.03449
7.3343	0.03412
7.3447	0.03369
7.3551	0.03322
7.3656	0.03283
7.3761	0.03246
7.3866	0.03214
7.3971	0.03180
7.4077	0.03146
7.4183	0.03112
7.4289	0.03083
7.4396	0.03050
7.4502	0.03025
7.461	0.02995
7.4717	0.02961
7.4825	0.02925
7.4933	0.02894
7.5041	0.02861
7.515	0.02834
7.5259	0.02799
7.5369	0.02766
7.5479	0.02728
7.5589	0.02694
7.5699	0.02660
7.581	0.02628
7.592	0.02591
7.6032	0.02560
7.6144	0.02522
7.6255	0.02487
7.6368	0.02453
7.648	0.02421
7.6593	0.02385
7.6707	0.02350
7.682	0.02313
7.6934	0.02280
7.7049	0.02242
7.7163	0.02209
7.7278	0.02169
7.7394	0.02136
7.7509	0.02105
7.7625	0.02074
7.7742	0.02039
7.7858	0.02007
7.7975	0.01970
7.8093	0.01940
7.8211	0.01903
7.8329	0.01868
7.8447	0.01836
7.8566	0.01804
7.8685	0.01767
7.8805	0.01740
7.8925	0.01706
7.9045	0.01668
7.9166	0.01627
7.9287	0.01594
7.9408	0.01559
7.953	0.01524
7.9652	0.01482
7.9775	0.01445
7.9898	0.01408
8.0021	0.01375
8.0145	0.01335
8.0269	0.01299
8.0393	0.01261
8.0518	0.01226
8.0643	0.01183
8.0769	0.01147
8.0895	0.01103
8.1021	0.01063
8.1148	0.01025
8.1275	0.00989
8.1403	0.00950
8.1531	0.00915
8.1659	0.00878
8.1788	0.00841
8.1917	0.00801
8.2047	0.00770
8.2177	0.00730
8.2307	0.00698
8.2438	0.00664
8.257	0.00634
8.2701	0.00598
8.2833	0.00573
8.2966	0.00545
8.3099	0.00517
8.3232	0.00488
8.3366	0.00468
8.35	0.00443
8.3635	0.00424
8.377	0.00403
8.3905	0.00394
8.4042	0.00383
8.4178	0.00384
8.4315	0.00390
8.4452	0.00412
8.459	0.00457
8.4728	0.00531
8.4867	0.00636
8.5006	0.00800
8.5145	0.01021
8.5285	0.01314
8.5426	0.01684
8.5567	0.02150
8.5708	0.02710
8.585	0.03371
8.5993	0.04135
8.6135	0.05000
8.6279	0.05957
8.6423	0.06994
8.6567	0.08092
8.6712	0.09233
8.6857	0.10416
8.7003	0.11586
8.7149	0.12689
8.7296	0.13561
8.7443	0.14002
8.759	0.13889
8.7739	0.13465
8.7887	0.13204
8.8037	0.13367
8.8186	0.13861
8.8337	0.14514
8.8487	0.15134
8.8638	0.15621
8.879	0.15923
8.8943	0.16083
8.9095	0.16150
8.9249	0.16195
8.9403	0.16228
8.9557	0.16284
8.9712	0.16331
8.9867	0.16376
9.0023	0.16404
9.018	0.16446
9.0337	0.16488
9.0495	0.16536
9.0653	0.16565
9.0812	0.16608
9.0971	0.16639
9.1131	0.16668
9.1291	0.16677
9.1452	0.16684
9.1614	0.16677
9.1776	0.16690
9.1939	0.16705
9.2102	0.16735
9.2266	0.16759
9.243	0.16808
9.2595	0.16865
9.2761	0.16952
9.2927	0.17053
9.3094	0.17193
9.3262	0.17341
9.343	0.17522
9.3598	0.17695
9.3768	0.17874
9.3937	0.18021
9.4108	0.18123
9.4279	0.18155
9.4451	0.18157
9.4623	0.18096
9.4796	0.18011
9.497	0.17886
9.5144	0.17728
9.5319	0.17489
9.5494	0.17156
9.567	0.16727
9.5847	0.16245
9.6025	0.15715
9.6203	0.15176
9.6382	0.14617
9.6561	0.14076
9.6742	0.13553
9.6922	0.13070
9.7104	0.12623
9.7286	0.12236
9.7469	0.11906
9.7652	0.11647
9.7837	0.11445
9.8022	0.11320
9.8207	0.11266
9.8394	0.11302
9.8581	0.11446
9.8768	0.11711
9.8957	0.12076
9.9146	0.12506
9.9336	0.12939
9.9527	0.13346
9.9718	0.13668
9.991	0.13894
10.0103	0.14021
10.0297	0.14105
10.0491	0.14191
10.0686	0.14355
10.0882	0.14600
10.1079	0.14907
10.1276	0.15226
10.1474	0.15577
10.1673	0.15994
10.1873	0.16549
10.2074	0.17217
10.2275	0.17859
10.2477	0.18248
10.268	0.18281
10.2884	0.17940
10.3088	0.17393
10.3294	0.16852
10.35	0.16528
10.3707	0.16452
10.3915	0.16545
10.4123	0.16642
10.4333	0.16654
10.4543	0.16524
10.4755	0.16273
10.4967	0.15906
10.518	0.15472
10.5393	0.15003
10.5608	0.14546
10.5823	0.14112
10.604	0.13729
10.6257	0.13382
10.6475	0.13094
10.6694	0.12841
10.6914	0.12629
10.7135	0.12441
10.7357	0.12275
10.758	0.12125
10.7803	0.11991
10.8028	0.11841
10.8254	0.11676
10.848	0.11461
10.8708	0.11195
10.8936	0.10887
10.9165	0.10552
10.9395	0.10198
10.9627	0.09842
10.9859	0.09510
11.0092	0.09249
11.0327	0.09077
11.0562	0.09015
11.0798	0.09028
11.1035	0.09068
11.1273	0.09134
11.1513	0.09232
11.1753	0.09348
11.1995	0.09491
11.2237	0.09668
11.248	0.09917
11.2725	0.10235
11.297	0.10626
11.3217	0.11061
11.3465	0.11486
11.3714	0.11847
11.3964	0.12118
11.4215	0.12265
11.4467	0.12311
11.472	0.12262
11.4975	0.12145
11.523	0.11983
11.5487	0.11773
11.5745	0.11541
11.6003	0.11322
11.6263	0.11103
11.6525	0.10922
11.6787	0.10787
11.7051	0.10696
11.7316	0.10618
11.7582	0.10538
11.7849	0.10426
11.8117	0.10287
11.8387	0.10117
11.8658	0.09924
11.893	0.09698
11.9203	0.09478
11.9478	0.09281
11.9754	0.09112
12.0031	0.08969
12.031	0.08833
12.059	0.08675
12.0871	0.08502
12.1153	0.08325
12.1437	0.08146
12.1722	0.07966
12.2008	0.07797
12.2296	0.07639
12.2585	0.07483
12.2876	0.07332
12.3168	0.07194
12.3461	0.07057
12.3755	0.06943
12.4052	0.06829
12.4349	0.06704
12.4648	0.06581
12.4948	0.06460
12.525	0.06345
12.5553	0.06225
12.5858	0.06104
12.6164	0.05989
12.6472	0.05877
12.6781	0.05770
12.7092	0.05661
12.7404	0.05546
12.7718	0.05423
12.8033	0.05292
12.835	0.05163
12.8669	0.05036
12.8989	0.04898
12.931	0.04767
12.9634	0.04649
12.9959	0.04561
13.0285	0.04524
13.0613	0.04545
13.0943	0.04624
13.1275	0.04746
13.1608	0.04848
13.1943	0.04900
13.228	0.04896
13.2618	0.04827
13.2958	0.04745
13.33	0.04691
13.3643	0.04677
13.3989	0.04662
13.4336	0.04608
13.4685	0.04529
13.5035	0.04427
13.5388	0.04299
13.5742	0.04182
13.6099	0.04082
13.6457	0.04009
13.6817	0.03995
13.7179	0.04064
13.7543	0.04187
13.7908	0.04311
13.8276	0.04379
13.8646	0.04379
13.9018	0.04331
13.9391	0.04259
13.9767	0.04181
14.0145	0.04104
14.0525	0.04054
14.0907	0.04031
14.129	0.04047
14.1677	0.04137
14.2065	0.04275
14.2455	0.04503
14.2847	0.04825
14.3242	0.05170
14.3639	0.05482
14.4038	0.05697
14.4439	0.05739
14.4843	0.05600
14.5248	0.05311
14.5656	0.04970
14.6067	0.04635
14.6479	0.04323
14.6894	0.04064
14.7311	0.03852
14.7731	0.03690
14.8153	0.03579
14.8578	0.03480
14.9005	0.03391
14.9434	0.03303
14.9866	0.03222
15.03	0.03162
15.0737	0.03141
15.1177	0.03189
15.1619	0.03345
15.2063	0.03573
15.2511	0.03846
15.2961	0.04100
15.3413	0.04327
15.3868	0.04523
15.4326	0.04649
15.4787	0.04691
15.5251	0.04649
15.5717	0.04548
15.6186	0.04484
15.6658	0.04471
15.7132	0.04491
15.761	0.04522
15.809	0.04525
15.8574	0.04436
15.906	0.04273
15.955	0.04047
16.0042	0.03830
16.0538	0.03664
16.1036	0.03609
16.1538	0.03733
16.2043	0.04085
16.2551	0.04694
16.3062	0.05543
16.3576	0.06552
16.4094	0.07619
16.4615	0.08625
16.5139	0.09492
16.5667	0.10201
16.6198	0.10740
16.6732	0.11170
16.727	0.11473
16.7811	0.11715
16.8356	0.11955
16.8904	0.12235
16.9457	0.12590
17.0012	0.12992
17.0571	0.13454
17.1134	0.13981
17.1701	0.14496
17.2272	0.15049
17.2846	0.15566
17.3424	0.16024
17.4006	0.16442
17.4592	0.16719
17.5182	0.16835
17.5775	0.16845
17.6373	0.16754
17.6975	0.16644
17.7581	0.16550
17.8192	0.16618
17.8806	0.16903
17.9425	0.17360
18.0048	0.17865
18.0675	0.18386
18.1307	0.18860
18.1943	0.19323
18.2583	0.19679
18.3229	0.19849
18.3879	0.19786
18.4533	0.19631
18.5192	0.19575
18.5856	0.19662
18.6524	0.19687
18.7198	0.19490
18.7876	0.18987
18.8559	0.18441
18.9248	0.18240
18.9941	0.18670
19.0639	0.19586
19.1343	0.20559
19.2051	0.21460
19.2765	0.22257
19.3484	0.22738
19.4209	0.22954
19.4939	0.22849
19.5675	0.22647
19.6416	0.22364
19.7163	0.22023
19.7916	0.21701
19.8674	0.21314
19.9438	0.20895
20.0208	0.20408
20.0984	0.19845
20.1766	0.19171
20.2554	0.18486
20.3348	0.17763
20.4149	0.17082
20.4956	0.16465
20.5769	0.15855
20.6589	0.15243
20.7416	0.14614
20.8248	0.13942
20.9088	0.13329
20.9934	0.12860
21.0788	0.12326
21.1648	0.11926
21.2516	0.11865
21.339	0.12057
21.4272	0.12435
21.5161	0.12926
21.6058	0.13305
21.6962	0.13724
21.7873	0.14179
21.8793	0.14479
21.972	0.14571
22.0655	0.14647
22.1598	0.14689
22.2549	0.14572
22.3508	0.14424
22.4475	0.14156
22.5451	0.13794
22.6436	0.13324
22.7429	0.12883
22.8431	0.12441
22.9442	0.11948
23.0462	0.11470
23.1491	0.11009
23.2529	0.10591
23.3576	0.10192
23.4633	0.09782
23.5699	0.09368
23.6776	0.09006
23.7862	0.08755
23.8958	0.08514
24.0064	0.08393
24.1181	0.08479
24.2308	0.08747
24.3445	0.09164
24.4593	0.09637
24.5753	0.10144
24.6923	0.10568
24.8104	0.10793
24.9297	0.10834
25.0501	0.10869
25.1717	0.10895
25.2946	0.10856
25.4186	0.10792
25.5438	0.10721
25.6702	0.10529
25.7979	0.10328
25.9269	0.10084
26.0572	0.09801
26.1888	0.09500
26.3217	0.09138
26.456	0.08892
26.5917	0.08945
26.7288	0.08907
26.8672	0.08785
27.0072	0.08696
27.1486	0.08819
27.2915	0.08955
27.4359	0.09243
27.5818	0.09848
27.7293	0.10713
27.8784	0.11703
28.0291	0.12726
28.1814	0.13411
28.3354	0.14156
28.4911	0.14599
28.6485	0.14750
28.8077	0.14693
28.9686	0.14556
29.1313	0.14387
29.296	0.14271
29.4624	0.14041
29.6308	0.13883
29.8011	0.13900
29.9733	0.13778
30.1476	0.13556
30.3239	0.13444
30.5022	0.13373
30.6827	0.13040
30.8653	0.12670
31.0502	0.12285
31.2372	0.11996
31.4265	0.11771
31.6182	0.11573
31.8122	0.11297
32.0086	0.11151
32.2074	0.11114
32.4087	0.10918
32.6125	0.10648
32.8189	0.10533
33.0279	0.10444
33.2396	0.10136
33.4541	0.09870
33.6713	0.09692
33.8914	0.09576
34.1143	0.09378
34.3403	0.09192
34.5692	0.09079
34.8013	0.09203
35.0364	0.09244
35.2747	0.09292
35.5164	0.09276
35.7613	0.09239
36.0096	0.09821
36.2614	0.10109
36.5167	0.10183
36.7757	0.10395
37.0384	0.10659
37.3049	0.10950
37.5752	0.11183
37.8495	0.11002
38.1278	0.10773
38.4103	0.10508
38.6969	0.10444
38.9879	0.10378
39.2832	0.10414
39.5831	0.10009
39.8876	0.09741
40.1968	0.09499
40.5108	0.09247
40.8298	0.08861
41.1538	0.08325
41.483	0.08094
41.8176	0.08102
42.1575	0.08397
42.5031	0.08753
42.8544	0.09450
43.2116	0.10331
43.5747	0.10896
43.944	0.11345
44.3196	0.11827
44.7016	0.11538
45.0903	0.12315
45.4858	0.13072
45.8883	0.13021
46.298	0.12845
46.7151	0.12719
47.1398	0.12218
47.5723	0.12068
48.0128	0.11421
48.4616	0.10903
48.9188	0.11426
49.3847	0.11921
49.8595	0.11223
50.3436	0.11279
50.8372	0.11242
51.3405	0.11123
51.8538	0.10972
52.3776	0.10973
52.912	0.10953
53.4575	0.11138
54.0144	0.11259
54.5829	0.11269
55.1636	0.11179
55.7569	0.11143
56.363	0.11640
56.9823	0.11315
57.6155	0.11317
58.2628	0.12529
58.9249	0.11464
59.6022	0.09940
60.2951	0.09564
61.0044	0.09876
61.7307	0.10087
62.4744	0.10224
63.2363	0.10033
64.017	0.09708
64.8172	0.10384
65.6379	0.10653
66.4794	0.06809
67.3428	0.09035
68.2289	0.09968
69.1386	0.09454
70.0729	0.09731
71.0328	0.11336
72.0191	0.10557
73.0335	0.10541
74.0768	0.09256
75.1504	0.07733
76.2555	0.12020
77.3937	0.11630
78.5663	0.09765
79.7754	0.09569
81.0219	0.10367
82.3079	0.10361
83.6355	0.11889
85.0065	0.13341
86.4233	0.13250
87.8881	0.13159
89.4031	0.11451
90.9715	0.08537
92.596	0.09695
94.2796	0.11592
96.0255	0.12920
97.8373	0.14317
99.7188	0.17957
