Brown University Keck/NASA Relab Spectrum OP-RLK-014-C/BKR2OP014C
Wavelength(micron)	Reflectance
0.3	0.11105
0.305	0.11433
0.31	0.11971
0.315	0.12471
0.32	0.13210
0.325	0.13835
0.33	0.14606
0.335	0.15358
0.34	0.16071
0.345	0.16772
0.35	0.17467
0.355	0.18051
0.36	0.18528
0.365	0.19042
0.37	0.19372
0.375	0.19679
0.38	0.19980
0.385	0.20201
0.39	0.20304
0.395	0.20562
0.4	0.20814
0.405	0.21044
0.41	0.21272
0.415	0.21516
0.42	0.21698
0.425	0.21865
0.43	0.22114
0.435	0.22440
0.44	0.22609
0.445	0.22847
0.45	0.23045
0.455	0.23309
0.46	0.23514
0.465	0.23781
0.47	0.23905
0.475	0.24154
0.48	0.24337
0.485	0.24563
0.49	0.24739
0.495	0.24987
0.5	0.25187
0.505	0.25270
0.51	0.25630
0.515	0.25955
0.52	0.26185
0.525	0.26528
0.53	0.26678
0.535	0.26899
0.54	0.27109
0.545	0.27200
0.55	0.27353
0.555	0.27600
0.56	0.27768
0.565	0.27972
0.57	0.28081
0.575	0.28249
0.58	0.28359
0.585	0.28554
0.59	0.28665
0.595	0.28787
0.6	0.28924
0.605	0.29075
0.61	0.29181
0.615	0.29373
0.62	0.29502
0.625	0.29645
0.63	0.29768
0.635	0.29982
0.64	0.30016
0.645	0.30188
0.65	0.30264
0.655	0.30416
0.66	0.30410
0.665	0.30537
0.67	0.30643
0.675	0.30763
0.68	0.30888
0.685	0.31029
0.69	0.31114
0.695	0.31211
0.7	0.31302
0.705	0.31402
0.71	0.31497
0.715	0.31612
0.72	0.31747
0.725	0.31762
0.73	0.31792
0.735	0.31870
0.74	0.31863
0.745	0.31888
0.75	0.31811
0.755	0.31736
0.76	0.31650
0.765	0.31457
0.77	0.31253
0.775	0.31087
0.78	0.30755
0.785	0.30428
0.79	0.30029
0.795	0.29630
0.8	0.29211
0.805	0.28727
0.81	0.28243
0.815	0.27632
0.82	0.27061
0.825	0.26527
0.83	0.25883
0.835	0.25256
0.84	0.24688
0.8402	0.24646
0.8404	0.24497
0.8405	0.24440
0.8406	0.24447
0.8408	0.24413
0.8409	0.24401
0.841	0.24454
0.8412	0.24446
0.8413	0.24391
0.8415	0.24349
0.8416	0.24252
0.8417	0.24193
0.8419	0.24259
0.842	0.24269
0.8421	0.24265
0.8423	0.24239
0.8424	0.24345
0.8425	0.24496
0.8427	0.24420
0.8428	0.24315
0.843	0.24446
0.8431	0.24438
0.8432	0.24309
0.8434	0.24286
0.8435	0.24223
0.8436	0.24214
0.8438	0.24179
0.8439	0.24194
0.844	0.24161
0.8442	0.24168
0.8443	0.24219
0.8445	0.24156
0.8446	0.24026
0.8447	0.24149
0.8449	0.24158
0.845	0.24075
0.8452	0.24049
0.8453	0.24055
0.8454	0.24017
0.8456	0.23963
0.8457	0.23884
0.8458	0.23880
0.846	0.23971
0.8461	0.23996
0.8463	0.24019
0.8464	0.24025
0.8465	0.24048
0.8467	0.23984
0.8468	0.23860
0.847	0.23811
0.8471	0.23853
0.8472	0.23847
0.8474	0.23741
0.8475	0.23782
0.8476	0.23810
0.8478	0.23771
0.8479	0.23900
0.8481	0.23948
0.8482	0.23919
0.8483	0.23768
0.8485	0.23706
0.8486	0.23767
0.8488	0.23640
0.8489	0.23549
0.849	0.23570
0.8492	0.23547
0.8493	0.23547
0.8495	0.23609
0.8496	0.23567
0.8497	0.23574
0.8499	0.23521
0.85	0.23449
0.8501	0.23530
0.8503	0.23590
0.8504	0.23495
0.8506	0.23482
0.8507	0.23586
0.8508	0.23623
0.851	0.23550
0.8511	0.23586
0.8513	0.23599
0.8514	0.23533
0.8515	0.23418
0.8517	0.23455
0.8518	0.23502
0.852	0.23474
0.8521	0.23438
0.8522	0.23423
0.8524	0.23407
0.8525	0.23466
0.8527	0.23427
0.8528	0.23316
0.8529	0.23322
0.8531	0.23360
0.8532	0.23330
0.8534	0.23181
0.8535	0.23116
0.8536	0.23193
0.8538	0.23174
0.8539	0.23032
0.8541	0.23098
0.8542	0.23193
0.8543	0.23147
0.8545	0.23110
0.8546	0.23128
0.8548	0.23150
0.8549	0.23116
0.855	0.23033
0.8552	0.23048
0.8553	0.23032
0.8555	0.22951
0.8556	0.22919
0.8558	0.22902
0.8559	0.22921
0.856	0.22913
0.8562	0.22915
0.8563	0.23010
0.8565	0.22982
0.8566	0.22981
0.8568	0.22937
0.8569	0.22875
0.857	0.22912
0.8572	0.22987
0.8573	0.23054
0.8575	0.22961
0.8576	0.22906
0.8577	0.22899
0.8579	0.22894
0.858	0.22886
0.8582	0.22856
0.8583	0.22928
0.8585	0.22897
0.8586	0.22762
0.8587	0.22685
0.8589	0.22701
0.859	0.22732
0.8592	0.22743
0.8593	0.22738
0.8594	0.22634
0.8596	0.22696
0.8597	0.22764
0.8599	0.22731
0.86	0.22664
0.8602	0.22609
0.8603	0.22592
0.8604	0.22613
0.8606	0.22561
0.8607	0.22596
0.8609	0.22576
0.861	0.22467
0.8612	0.22418
0.8613	0.22433
0.8614	0.22466
0.8616	0.22537
0.8617	0.22520
0.8619	0.22462
0.862	0.22472
0.8622	0.22436
0.8623	0.22357
0.8625	0.22376
0.8626	0.22330
0.8627	0.22384
0.8629	0.22420
0.863	0.22293
0.8632	0.22198
0.8633	0.22258
0.8635	0.22371
0.8636	0.22282
0.8637	0.22154
0.8639	0.22156
0.864	0.22191
0.8642	0.22219
0.8643	0.22191
0.8645	0.22205
0.8646	0.22202
0.8648	0.22207
0.8649	0.22292
0.865	0.22300
0.8652	0.22225
0.8653	0.22180
0.8655	0.22195
0.8656	0.22166
0.8658	0.22070
0.8659	0.22029
0.866	0.22022
0.8662	0.22074
0.8663	0.22153
0.8665	0.22172
0.8666	0.22097
0.8668	0.22061
0.8669	0.22070
0.8671	0.22022
0.8672	0.21984
0.8673	0.22008
0.8675	0.21992
0.8676	0.21987
0.8678	0.21943
0.8679	0.21885
0.8681	0.21867
0.8682	0.21944
0.8684	0.21926
0.8685	0.21872
0.8687	0.21943
0.8688	0.22019
0.869	0.21926
0.8691	0.21804
0.8692	0.21700
0.8694	0.21706
0.8695	0.21763
0.8697	0.21720
0.8698	0.21682
0.87	0.21687
0.8701	0.21620
0.8703	0.21624
0.8704	0.21693
0.8706	0.21762
0.8707	0.21704
0.8708	0.21679
0.871	0.21659
0.8711	0.21670
0.8713	0.21641
0.8714	0.21688
0.8716	0.21640
0.8717	0.21575
0.8719	0.21555
0.872	0.21505
0.8722	0.21535
0.8723	0.21558
0.8725	0.21500
0.8726	0.21500
0.8728	0.21471
0.8729	0.21432
0.873	0.21493
0.8732	0.21508
0.8733	0.21412
0.8735	0.21439
0.8736	0.21528
0.8738	0.21517
0.8739	0.21397
0.8741	0.21353
0.8742	0.21382
0.8744	0.21367
0.8745	0.21358
0.8747	0.21338
0.8748	0.21269
0.875	0.21253
0.8751	0.21239
0.8753	0.21265
0.8754	0.21336
0.8755	0.21267
0.8757	0.21269
0.8758	0.21355
0.876	0.21319
0.8762	0.21255
0.8763	0.21206
0.8764	0.21185
0.8766	0.21182
0.8767	0.21251
0.8769	0.21221
0.877	0.21125
0.8772	0.21115
0.8773	0.21156
0.8775	0.21196
0.8776	0.21133
0.8778	0.21074
0.8779	0.21150
0.8781	0.21135
0.8782	0.21062
0.8784	0.21056
0.8785	0.21126
0.8787	0.21203
0.8788	0.21208
0.879	0.21156
0.8791	0.21154
0.8793	0.21111
0.8794	0.21096
0.8796	0.21156
0.8797	0.21136
0.8799	0.21039
0.88	0.21061
0.8802	0.21157
0.8803	0.21138
0.8805	0.21031
0.8806	0.21047
0.8808	0.21070
0.8809	0.21013
0.8811	0.20954
0.8812	0.20986
0.8814	0.20965
0.8815	0.20945
0.8817	0.20872
0.8818	0.20753
0.882	0.20783
0.8821	0.20892
0.8823	0.20927
0.8824	0.20923
0.8826	0.20922
0.8827	0.20918
0.8829	0.20874
0.883	0.20893
0.8832	0.20877
0.8833	0.20856
0.8835	0.20883
0.8836	0.20807
0.8838	0.20750
0.8839	0.20753
0.8841	0.20762
0.8842	0.20698
0.8844	0.20611
0.8845	0.20632
0.8847	0.20655
0.8848	0.20698
0.885	0.20662
0.8851	0.20683
0.8853	0.20737
0.8854	0.20710
0.8856	0.20630
0.8857	0.20642
0.8859	0.20717
0.886	0.20737
0.8862	0.20678
0.8863	0.20625
0.8865	0.20659
0.8866	0.20663
0.8868	0.20629
0.8869	0.20662
0.8871	0.20633
0.8872	0.20585
0.8874	0.20577
0.8875	0.20586
0.8877	0.20607
0.8878	0.20578
0.888	0.20534
0.8882	0.20529
0.8883	0.20533
0.8885	0.20505
0.8886	0.20469
0.8888	0.20473
0.8889	0.20527
0.8891	0.20542
0.8892	0.20537
0.8894	0.20518
0.8895	0.20494
0.8897	0.20501
0.8898	0.20487
0.89	0.20424
0.8901	0.20372
0.8903	0.20416
0.8904	0.20445
0.8906	0.20536
0.8908	0.20536
0.8909	0.20448
0.891	0.20355
0.8912	0.20320
0.8914	0.20400
0.8915	0.20437
0.8917	0.20389
0.8918	0.20344
0.892	0.20332
0.8921	0.20343
0.8923	0.20322
0.8924	0.20381
0.8926	0.20433
0.8927	0.20425
0.8929	0.20335
0.893	0.20259
0.8932	0.20273
0.8934	0.20296
0.8935	0.20269
0.8937	0.20246
0.8938	0.20219
0.894	0.20199
0.8941	0.20235
0.8943	0.20265
0.8944	0.20267
0.8946	0.20240
0.8947	0.20245
0.8949	0.20255
0.895	0.20262
0.8952	0.20220
0.8954	0.20156
0.8955	0.20194
0.8957	0.20169
0.8958	0.20149
0.896	0.20141
0.8961	0.20121
0.8963	0.20120
0.8964	0.20140
0.8966	0.20206
0.8968	0.20231
0.8969	0.20159
0.8971	0.20132
0.8972	0.20127
0.8974	0.20108
0.8975	0.20093
0.8977	0.20144
0.8978	0.20174
0.898	0.20179
0.8982	0.20154
0.8983	0.20177
0.8985	0.20151
0.8986	0.20083
0.8988	0.20064
0.8989	0.20107
0.8991	0.20143
0.8992	0.20128
0.8994	0.20081
0.8996	0.20056
0.8997	0.20021
0.8999	0.19979
0.9	0.20007
0.9002	0.20043
0.9003	0.20059
0.9005	0.20065
0.9007	0.20074
0.9008	0.20039
0.901	0.20039
0.9011	0.20070
0.9013	0.20037
0.9014	0.19991
0.9016	0.19955
0.9018	0.19917
0.9019	0.19928
0.9021	0.20029
0.9022	0.20038
0.9024	0.19990
0.9025	0.19961
0.9027	0.19950
0.9028	0.19924
0.903	0.19902
0.9032	0.19920
0.9033	0.19914
0.9035	0.19897
0.9036	0.19901
0.9038	0.19907
0.904	0.19912
0.9041	0.19915
0.9043	0.19898
0.9044	0.19927
0.9046	0.19959
0.9047	0.19938
0.9049	0.19912
0.905	0.19859
0.9052	0.19891
0.9054	0.19905
0.9055	0.19933
0.9057	0.19934
0.9058	0.19884
0.906	0.19842
0.9062	0.19822
0.9063	0.19846
0.9065	0.19856
0.9066	0.19809
0.9068	0.19750
0.907	0.19772
0.9071	0.19863
0.9073	0.19914
0.9074	0.19961
0.9076	0.19983
0.9077	0.19936
0.9079	0.19890
0.9081	0.19870
0.9082	0.19860
0.9084	0.19835
0.9085	0.19854
0.9087	0.19881
0.9089	0.19899
0.909	0.19862
0.9092	0.19819
0.9093	0.19840
0.9095	0.19853
0.9097	0.19782
0.9098	0.19745
0.91	0.19751
0.9101	0.19772
0.9103	0.19771
0.9105	0.19806
0.9106	0.19838
0.9108	0.19785
0.9109	0.19774
0.9111	0.19805
0.9113	0.19769
0.9114	0.19751
0.9116	0.19780
0.9117	0.19803
0.9119	0.19802
0.9121	0.19806
0.9122	0.19855
0.9124	0.19884
0.9125	0.19895
0.9127	0.19901
0.9129	0.19879
0.913	0.19869
0.9132	0.19837
0.9133	0.19764
0.9135	0.19759
0.9137	0.19790
0.9138	0.19810
0.914	0.19826
0.9142	0.19785
0.9143	0.19728
0.9145	0.19710
0.9146	0.19706
0.9148	0.19716
0.915	0.19745
0.9151	0.19760
0.9153	0.19796
0.9154	0.19763
0.9156	0.19779
0.9158	0.19834
0.9159	0.19810
0.9161	0.19781
0.9163	0.19791
0.9164	0.19809
0.9166	0.19825
0.9167	0.19816
0.9169	0.19818
0.9171	0.19808
0.9172	0.19800
0.9174	0.19792
0.9175	0.19770
0.9177	0.19752
0.9179	0.19763
0.918	0.19753
0.9182	0.19745
0.9184	0.19758
0.9185	0.19759
0.9187	0.19755
0.9188	0.19765
0.919	0.19786
0.9192	0.19799
0.9193	0.19797
0.9195	0.19790
0.9197	0.19802
0.9198	0.19826
0.92	0.19815
0.9202	0.19823
0.9203	0.19807
0.9205	0.19766
0.9206	0.19769
0.9208	0.19790
0.921	0.19774
0.9211	0.19794
0.9213	0.19798
0.9215	0.19838
0.9216	0.19881
0.9218	0.19843
0.922	0.19857
0.9221	0.19857
0.9223	0.19826
0.9224	0.19831
0.9226	0.19816
0.9228	0.19822
0.9229	0.19838
0.9231	0.19842
0.9233	0.19880
0.9234	0.19849
0.9236	0.19824
0.9238	0.19829
0.9239	0.19816
0.9241	0.19811
0.9243	0.19825
0.9244	0.19813
0.9246	0.19815
0.9247	0.19826
0.9249	0.19836
0.9251	0.19864
0.9252	0.19852
0.9254	0.19835
0.9256	0.19852
0.9257	0.19884
0.9259	0.19881
0.9261	0.19854
0.9262	0.19868
0.9264	0.19905
0.9266	0.19888
0.9267	0.19878
0.9269	0.19879
0.9271	0.19861
0.9272	0.19897
0.9274	0.19969
0.9276	0.19996
0.9277	0.19985
0.9279	0.19932
0.928	0.19910
0.9282	0.19924
0.9284	0.19916
0.9285	0.19954
0.9287	0.19948
0.9289	0.19903
0.929	0.19895
0.9292	0.19893
0.9294	0.19903
0.9295	0.19917
0.9297	0.19912
0.9299	0.19925
0.93	0.19982
0.9302	0.19995
0.9304	0.19987
0.9305	0.19974
0.9307	0.19960
0.9309	0.19941
0.931	0.19943
0.9312	0.19974
0.9314	0.19975
0.9316	0.19987
0.9317	0.20026
0.9319	0.20012
0.9321	0.20005
0.9322	0.20029
0.9324	0.20034
0.9326	0.19998
0.9327	0.20011
0.9329	0.20037
0.9331	0.20058
0.9332	0.20048
0.9334	0.20044
0.9336	0.20057
0.9337	0.20103
0.9339	0.20113
0.9341	0.20094
0.9342	0.20081
0.9344	0.20028
0.9346	0.20038
0.9348	0.20097
0.9349	0.20158
0.9351	0.20182
0.9353	0.20137
0.9354	0.20136
0.9356	0.20169
0.9358	0.20173
0.9359	0.20183
0.9361	0.20189
0.9363	0.20193
0.9364	0.20175
0.9366	0.20186
0.9368	0.20242
0.9369	0.20246
0.9371	0.20241
0.9373	0.20261
0.9375	0.20260
0.9376	0.20256
0.9378	0.20290
0.938	0.20313
0.9381	0.20290
0.9383	0.20262
0.9385	0.20248
0.9386	0.20262
0.9388	0.20312
0.939	0.20294
0.9392	0.20257
0.9393	0.20269
0.9395	0.20319
0.9397	0.20341
0.9398	0.20315
0.94	0.20316
0.9402	0.20334
0.9403	0.20372
0.9405	0.20408
0.9407	0.20370
0.9408	0.20359
0.941	0.20401
0.9412	0.20415
0.9414	0.20420
0.9415	0.20422
0.9417	0.20445
0.9419	0.20476
0.942	0.20434
0.9422	0.20445
0.9424	0.20490
0.9426	0.20503
0.9427	0.20506
0.9429	0.20519
0.9431	0.20513
0.9433	0.20515
0.9434	0.20508
0.9436	0.20519
0.9438	0.20553
0.9439	0.20579
0.9441	0.20564
0.9443	0.20561
0.9445	0.20574
0.9446	0.20604
0.9448	0.20623
0.945	0.20603
0.9451	0.20634
0.9453	0.20664
0.9455	0.20654
0.9457	0.20662
0.9458	0.20687
0.946	0.20677
0.9462	0.20674
0.9463	0.20696
0.9465	0.20720
0.9467	0.20731
0.9469	0.20737
0.947	0.20742
0.9472	0.20745
0.9474	0.20751
0.9476	0.20751
0.9477	0.20727
0.9479	0.20731
0.9481	0.20791
0.9483	0.20839
0.9484	0.20850
0.9486	0.20836
0.9488	0.20808
0.949	0.20837
0.9491	0.20899
0.9493	0.20953
0.9495	0.20947
0.9496	0.20916
0.9498	0.20921
0.95	0.20934
0.9502	0.20927
0.9503	0.20923
0.9505	0.20916
0.9507	0.20918
0.9509	0.20942
0.951	0.20934
0.9512	0.20989
0.9514	0.21048
0.9516	0.21033
0.9517	0.21019
0.9519	0.21067
0.9521	0.21107
0.9523	0.21131
0.9524	0.21120
0.9526	0.21119
0.9528	0.21100
0.953	0.21084
0.9531	0.21106
0.9533	0.21157
0.9535	0.21165
0.9537	0.21148
0.9538	0.21169
0.954	0.21199
0.9542	0.21165
0.9544	0.21181
0.9545	0.21214
0.9547	0.21241
0.9549	0.21285
0.9551	0.21322
0.9552	0.21317
0.9554	0.21304
0.9556	0.21309
0.9558	0.21348
0.956	0.21338
0.9561	0.21346
0.9563	0.21353
0.9565	0.21344
0.9567	0.21364
0.9568	0.21408
0.957	0.21454
0.9572	0.21485
0.9574	0.21491
0.9575	0.21497
0.9577	0.21514
0.9579	0.21492
0.9581	0.21497
0.9582	0.21532
0.9584	0.21562
0.9586	0.21585
0.9588	0.21618
0.959	0.21640
0.9591	0.21625
0.9593	0.21628
0.9595	0.21650
0.9597	0.21664
0.9598	0.21690
0.96	0.21685
0.9602	0.21671
0.9604	0.21709
0.9605	0.21724
0.9607	0.21730
0.9609	0.21759
0.9611	0.21783
0.9613	0.21802
0.9614	0.21852
0.9616	0.21889
0.9618	0.21884
0.962	0.21862
0.9622	0.21888
0.9623	0.21883
0.9625	0.21862
0.9627	0.21864
0.9629	0.21921
0.963	0.21972
0.9632	0.21968
0.9634	0.21962
0.9636	0.21981
0.9638	0.22014
0.9639	0.22043
0.9641	0.22064
0.9643	0.22072
0.9645	0.22081
0.9647	0.22106
0.9648	0.22129
0.965	0.22153
0.9652	0.22201
0.9654	0.22194
0.9656	0.22189
0.9657	0.22219
0.9659	0.22245
0.9661	0.22261
0.9663	0.22277
0.9665	0.22286
0.9666	0.22276
0.9668	0.22293
0.967	0.22327
0.9672	0.22347
0.9674	0.22353
0.9675	0.22366
0.9677	0.22390
0.9679	0.22395
0.9681	0.22393
0.9683	0.22394
0.9684	0.22403
0.9686	0.22451
0.9688	0.22464
0.969	0.22483
0.9692	0.22526
0.9693	0.22563
0.9695	0.22570
0.9697	0.22571
0.9699	0.22606
0.9701	0.22624
0.9703	0.22637
0.9704	0.22647
0.9706	0.22682
0.9708	0.22706
0.971	0.22718
0.9712	0.22731
0.9713	0.22753
0.9715	0.22784
0.9717	0.22794
0.9719	0.22812
0.9721	0.22847
0.9723	0.22865
0.9724	0.22884
0.9726	0.22888
0.9728	0.22891
0.973	0.22918
0.9732	0.22944
0.9733	0.22969
0.9735	0.23000
0.9737	0.23008
0.9739	0.23005
0.9741	0.23019
0.9743	0.23056
0.9745	0.23071
0.9746	0.23096
0.9748	0.23099
0.975	0.23101
0.9752	0.23142
0.9754	0.23181
0.9755	0.23182
0.9757	0.23178
0.9759	0.23208
0.9761	0.23239
0.9763	0.23264
0.9765	0.23286
0.9767	0.23298
0.9768	0.23309
0.977	0.23327
0.9772	0.23357
0.9774	0.23365
0.9776	0.23394
0.9778	0.23441
0.9779	0.23479
0.9781	0.23486
0.9783	0.23532
0.9785	0.23543
0.9787	0.23514
0.9789	0.23519
0.979	0.23553
0.9792	0.23584
0.9794	0.23592
0.9796	0.23618
0.9798	0.23645
0.98	0.23663
0.9802	0.23692
0.9803	0.23708
0.9805	0.23718
0.9807	0.23734
0.9809	0.23745
0.9811	0.23777
0.9813	0.23829
0.9815	0.23866
0.9817	0.23881
0.9818	0.23898
0.982	0.23900
0.9822	0.23897
0.9824	0.23936
0.9826	0.23974
0.9828	0.23991
0.983	0.23985
0.9831	0.23988
0.9833	0.24032
0.9835	0.24066
0.9837	0.24084
0.9839	0.24099
0.9841	0.24128
0.9843	0.24150
0.9844	0.24175
0.9846	0.24202
0.9848	0.24197
0.985	0.24188
0.9852	0.24211
0.9854	0.24256
0.9856	0.24298
0.9858	0.24325
0.9859	0.24328
0.9861	0.24318
0.9863	0.24349
0.9865	0.24401
0.9867	0.24430
0.9869	0.24448
0.9871	0.24466
0.9873	0.24471
0.9874	0.24477
0.9876	0.24496
0.9878	0.24526
0.988	0.24546
0.9882	0.24561
0.9884	0.24587
0.9886	0.24592
0.9888	0.24616
0.989	0.24663
0.9891	0.24688
0.9893	0.24683
0.9895	0.24683
0.9897	0.24736
0.9899	0.24811
0.9901	0.24817
0.9903	0.24804
0.9905	0.24812
0.9907	0.24828
0.9908	0.24872
0.991	0.24921
0.9912	0.24935
0.9914	0.24930
0.9916	0.24960
0.9918	0.24981
0.992	0.25004
0.9922	0.25008
0.9924	0.25026
0.9925	0.25071
0.9927	0.25089
0.9929	0.25105
0.9931	0.25142
0.9933	0.25178
0.9935	0.25203
0.9937	0.25221
0.9939	0.25240
0.9941	0.25236
0.9943	0.25247
0.9945	0.25271
0.9946	0.25331
0.9948	0.25369
0.995	0.25370
0.9952	0.25397
0.9954	0.25437
0.9956	0.25438
0.9958	0.25423
0.996	0.25434
0.9962	0.25478
0.9964	0.25525
0.9965	0.25530
0.9967	0.25537
0.9969	0.25560
0.9971	0.25592
0.9973	0.25611
0.9975	0.25615
0.9977	0.25631
0.9979	0.25672
0.9981	0.25690
0.9983	0.25701
0.9985	0.25735
0.9987	0.25754
0.9989	0.25780
0.999	0.25791
0.9992	0.25798
0.9994	0.25823
0.9996	0.25840
0.9998	0.25875
1	0.25921
1.0002	0.25953
1.0004	0.25978
1.0006	0.25974
1.0008	0.25979
1.001	0.26009
1.0012	0.26018
1.0014	0.26054
1.0016	0.26088
1.0018	0.26101
1.0019	0.26136
1.0021	0.26154
1.0023	0.26160
1.0025	0.26174
1.0027	0.26185
1.0029	0.26214
1.0031	0.26258
1.0033	0.26291
1.0035	0.26309
1.0037	0.26336
1.0039	0.26368
1.0041	0.26385
1.0043	0.26398
1.0045	0.26424
1.0047	0.26435
1.0049	0.26445
1.005	0.26471
1.0053	0.26484
1.0054	0.26510
1.0056	0.26547
1.0058	0.26556
1.006	0.26570
1.0062	0.26589
1.0064	0.26608
1.0066	0.26639
1.0068	0.26667
1.007	0.26696
1.0072	0.26714
1.0074	0.26739
1.0076	0.26765
1.0078	0.26786
1.008	0.26815
1.0082	0.26820
1.0084	0.26836
1.0086	0.26856
1.0088	0.26874
1.009	0.26913
1.0092	0.26949
1.0094	0.26954
1.0095	0.26966
1.0098	0.26975
1.01	0.26987
1.0101	0.27012
1.0103	0.27030
1.0105	0.27058
1.0107	0.27101
1.0109	0.27133
1.0111	0.27140
1.0113	0.27150
1.0115	0.27148
1.0117	0.27181
1.0119	0.27214
1.0121	0.27230
1.0123	0.27259
1.0125	0.27280
1.0127	0.27304
1.0129	0.27338
1.0131	0.27350
1.0133	0.27369
1.0135	0.27373
1.0137	0.27381
1.0139	0.27417
1.0141	0.27453
1.0143	0.27472
1.0145	0.27493
1.0147	0.27516
1.0149	0.27526
1.0151	0.27519
1.0153	0.27545
1.0155	0.27601
1.0157	0.27629
1.0159	0.27628
1.0161	0.27651
1.0163	0.27682
1.0165	0.27688
1.0167	0.27707
1.0169	0.27728
1.0171	0.27732
1.0173	0.27756
1.0175	0.27786
1.0177	0.27791
1.0179	0.27804
1.0181	0.27828
1.0183	0.27856
1.0185	0.27884
1.0187	0.27895
1.0189	0.27927
1.0191	0.27953
1.0193	0.27962
1.0195	0.27971
1.0197	0.27980
1.0199	0.28010
1.0201	0.28049
1.0203	0.28075
1.0205	0.28076
1.0207	0.28071
1.0209	0.28091
1.0211	0.28120
1.0213	0.28137
1.0215	0.28173
1.0217	0.28193
1.0219	0.28210
1.0221	0.28225
1.0223	0.28235
1.0225	0.28274
1.0227	0.28298
1.0229	0.28293
1.0231	0.28323
1.0233	0.28348
1.0235	0.28359
1.0237	0.28381
1.0239	0.28409
1.0241	0.28418
1.0243	0.28440
1.0245	0.28462
1.0247	0.28478
1.0249	0.28495
1.0251	0.28498
1.0253	0.28513
1.0255	0.28542
1.0257	0.28566
1.0259	0.28590
1.0261	0.28625
1.0263	0.28647
1.0265	0.28653
1.0268	0.28673
1.0269	0.28687
1.0272	0.28694
1.0274	0.28722
1.0276	0.28742
1.0278	0.28750
1.028	0.28774
1.0282	0.28812
1.0284	0.28830
1.0286	0.28820
1.0288	0.28835
1.029	0.28868
1.0292	0.28894
1.0294	0.28913
1.0296	0.28931
1.0298	0.28945
1.03	0.28971
1.0302	0.28996
1.0304	0.29008
1.0306	0.29015
1.0308	0.29038
1.031	0.29049
1.0312	0.29055
1.0314	0.29093
1.0317	0.29127
1.0318	0.29144
1.0321	0.29157
1.0323	0.29170
1.0325	0.29195
1.0327	0.29207
1.0329	0.29210
1.0331	0.29222
1.0333	0.29232
1.0335	0.29248
1.0337	0.29288
1.0339	0.29322
1.0341	0.29328
1.0343	0.29335
1.0345	0.29341
1.0347	0.29360
1.0349	0.29369
1.0352	0.29385
1.0354	0.29401
1.0356	0.29414
1.0358	0.29436
1.036	0.29462
1.0362	0.29476
1.0364	0.29493
1.0366	0.29531
1.0368	0.29543
1.037	0.29530
1.0372	0.29538
1.0374	0.29562
1.0376	0.29577
1.0378	0.29615
1.0381	0.29625
1.0383	0.29629
1.0385	0.29659
1.0387	0.29686
1.0389	0.29697
1.0391	0.29712
1.0393	0.29742
1.0395	0.29754
1.0397	0.29746
1.0399	0.29745
1.0401	0.29768
1.0403	0.29806
1.0406	0.29836
1.0408	0.29842
1.041	0.29861
1.0412	0.29877
1.0414	0.29899
1.0416	0.29928
1.0418	0.29938
1.042	0.29942
1.0422	0.29962
1.0424	0.29977
1.0426	0.29986
1.0428	0.30009
1.0431	0.30028
1.0433	0.30043
1.0435	0.30061
1.0437	0.30077
1.0439	0.30085
1.0441	0.30100
1.0443	0.30107
1.0445	0.30131
1.0448	0.30169
1.045	0.30185
1.0452	0.30181
1.0454	0.30179
1.0456	0.30195
1.0458	0.30212
1.046	0.30245
1.0462	0.30263
1.0464	0.30271
1.0466	0.30293
1.0469	0.30300
1.0471	0.30312
1.0473	0.30341
1.0475	0.30360
1.0477	0.30384
1.0479	0.30404
1.0481	0.30393
1.0483	0.30395
1.0486	0.30418
1.0488	0.30430
1.049	0.30445
1.0492	0.30454
1.0494	0.30458
1.0496	0.30471
1.0498	0.30484
1.05	0.30507
1.0503	0.30527
1.0505	0.30546
1.0507	0.30556
1.0509	0.30564
1.0511	0.30576
1.0513	0.30600
1.0515	0.30626
1.0517	0.30653
1.0519	0.30649
1.0522	0.30644
1.0524	0.30680
1.0526	0.30710
1.0528	0.30716
1.053	0.30732
1.0532	0.30745
1.0534	0.30753
1.0537	0.30763
1.0539	0.30779
1.0541	0.30801
1.0543	0.30823
1.0545	0.30841
1.0547	0.30841
1.0549	0.30851
1.0552	0.30875
1.0554	0.30887
1.0556	0.30881
1.0558	0.30900
1.056	0.30913
1.0562	0.30935
1.0564	0.30957
1.0567	0.30971
1.0569	0.30968
1.0571	0.30992
1.0573	0.31011
1.0575	0.31019
1.0578	0.31051
1.058	0.31061
1.0582	0.31053
1.0584	0.31053
1.0586	0.31062
1.0588	0.31088
1.059	0.31111
1.0593	0.31117
1.0595	0.31138
1.0597	0.31153
1.0599	0.31169
1.0601	0.31186
1.0603	0.31182
1.0606	0.31201
1.0608	0.31232
1.061	0.31242
1.0612	0.31244
1.0614	0.31252
1.0617	0.31271
1.0619	0.31288
1.0621	0.31291
1.0623	0.31296
1.0625	0.31311
1.0627	0.31335
1.0629	0.31348
1.0632	0.31347
1.0634	0.31357
1.0636	0.31375
1.0638	0.31389
1.064	0.31408
1.0643	0.31421
1.0645	0.31425
1.0647	0.31443
1.0649	0.31458
1.0651	0.31464
1.0653	0.31478
1.0656	0.31492
1.0658	0.31505
1.066	0.31509
1.0662	0.31511
1.0664	0.31517
1.0667	0.31534
1.0669	0.31549
1.0671	0.31571
1.0673	0.31596
1.0676	0.31613
1.0678	0.31628
1.068	0.31640
1.0682	0.31643
1.0684	0.31644
1.0687	0.31656
1.0689	0.31660
1.0691	0.31678
1.0693	0.31700
1.0695	0.31718
1.0698	0.31725
1.07	0.31718
1.0702	0.31725
1.0704	0.31733
1.0706	0.31745
1.0708	0.31756
1.0711	0.31774
1.0713	0.31799
1.0715	0.31809
1.0717	0.31816
1.072	0.31829
1.0722	0.31860
1.0724	0.31877
1.0726	0.31880
1.0728	0.31883
1.0731	0.31896
1.0733	0.31897
1.0735	0.31918
1.0737	0.31927
1.074	0.31936
1.0742	0.31949
1.0744	0.31952
1.0746	0.31959
1.0748	0.31956
1.0751	0.31963
1.0753	0.31992
1.0755	0.32009
1.0757	0.32014
1.076	0.32015
1.0762	0.32025
1.0764	0.32041
1.0766	0.32067
1.0769	0.32085
1.0771	0.32095
1.0773	0.32117
1.0775	0.32108
1.0778	0.32097
1.078	0.32111
1.0782	0.32134
1.0784	0.32139
1.0787	0.32152
1.0789	0.32175
1.0791	0.32180
1.0793	0.32185
1.0796	0.32190
1.0798	0.32209
1.08	0.32222
1.0802	0.32230
1.0804	0.32234
1.0807	0.32237
1.0809	0.32255
1.0811	0.32285
1.0813	0.32296
1.0816	0.32294
1.0818	0.32293
1.082	0.32314
1.0823	0.32335
1.0825	0.32337
1.0827	0.32333
1.0829	0.32338
1.0832	0.32355
1.0834	0.32354
1.0836	0.32364
1.0838	0.32388
1.0841	0.32392
1.0843	0.32399
1.0845	0.32417
1.0848	0.32433
1.085	0.32429
1.0852	0.32429
1.0854	0.32451
1.0857	0.32464
1.0859	0.32459
1.0861	0.32471
1.0863	0.32473
1.0866	0.32475
1.0868	0.32486
1.087	0.32507
1.0873	0.32526
1.0875	0.32537
1.0877	0.32548
1.0879	0.32549
1.0882	0.32546
1.0884	0.32558
1.0886	0.32577
1.0888	0.32590
1.0891	0.32600
1.0893	0.32604
1.0895	0.32613
1.0898	0.32613
1.09	0.32635
1.0902	0.32672
1.0904	0.32678
1.0907	0.32666
1.0909	0.32663
1.0911	0.32667
1.0914	0.32672
1.0916	0.32688
1.0918	0.32705
1.0921	0.32702
1.0923	0.32704
1.0925	0.32725
1.0928	0.32747
1.093	0.32759
1.0932	0.32767
1.0934	0.32757
1.0937	0.32767
1.0939	0.32790
1.0941	0.32789
1.0944	0.32781
1.0946	0.32791
1.0948	0.32800
1.0951	0.32822
1.0953	0.32843
1.0955	0.32844
1.0958	0.32844
1.096	0.32850
1.0962	0.32863
1.0964	0.32871
1.0967	0.32882
1.0969	0.32893
1.0971	0.32899
1.0974	0.32905
1.0976	0.32910
1.0978	0.32915
1.0981	0.32924
1.0983	0.32933
1.0985	0.32940
1.0988	0.32942
1.099	0.32946
1.0992	0.32944
1.0995	0.32958
1.0997	0.32981
1.0999	0.32984
1.1002	0.32989
1.1004	0.32993
1.1006	0.32997
1.1009	0.33006
1.1011	0.33029
1.1013	0.33047
1.1016	0.33050
1.1018	0.33052
1.102	0.33050
1.1023	0.33059
1.1025	0.33075
1.1027	0.33087
1.103	0.33088
1.1032	0.33091
1.1034	0.33099
1.1037	0.33098
1.1039	0.33095
1.1042	0.33091
1.1044	0.33114
1.1046	0.33145
1.1049	0.33131
1.1051	0.33120
1.1053	0.33136
1.1056	0.33160
1.1058	0.33176
1.106	0.33188
1.1063	0.33177
1.1065	0.33172
1.1067	0.33196
1.107	0.33211
1.1072	0.33220
1.1074	0.33229
1.1077	0.33227
1.1079	0.33223
1.1082	0.33218
1.1084	0.33225
1.1086	0.33240
1.1089	0.33248
1.1091	0.33250
1.1093	0.33257
1.1096	0.33275
1.1098	0.33283
1.1101	0.33280
1.1103	0.33290
1.1105	0.33304
1.1108	0.33314
1.111	0.33319
1.1113	0.33326
1.1115	0.33320
1.1117	0.33324
1.112	0.33341
1.1122	0.33342
1.1124	0.33344
1.1127	0.33359
1.1129	0.33360
1.1132	0.33366
1.1134	0.33391
1.1136	0.33409
1.1139	0.33400
1.1141	0.33391
1.1143	0.33399
1.1146	0.33406
1.1148	0.33409
1.1151	0.33421
1.1153	0.33441
1.1156	0.33432
1.1158	0.33428
1.116	0.33446
1.1163	0.33453
1.1165	0.33454
1.1168	0.33459
1.117	0.33470
1.1172	0.33483
1.1175	0.33490
1.1177	0.33492
1.118	0.33499
1.1182	0.33516
1.1184	0.33527
1.1187	0.33524
1.1189	0.33517
1.1192	0.33511
1.1194	0.33512
1.1197	0.33535
1.1199	0.33551
1.1201	0.33555
1.1204	0.33562
1.1206	0.33570
1.1209	0.33577
1.1211	0.33586
1.1213	0.33581
1.1216	0.33574
1.1218	0.33586
1.1221	0.33601
1.1223	0.33603
1.1226	0.33600
1.1228	0.33607
1.123	0.33620
1.1233	0.33636
1.1235	0.33641
1.1238	0.33639
1.124	0.33644
1.1243	0.33645
1.1245	0.33649
1.1248	0.33657
1.125	0.33662
1.1252	0.33671
1.1255	0.33678
1.1257	0.33684
1.126	0.33682
1.1262	0.33688
1.1265	0.33702
1.1267	0.33706
1.1269	0.33701
1.1272	0.33707
1.1274	0.33713
1.1277	0.33713
1.1279	0.33722
1.1282	0.33728
1.1284	0.33730
1.1287	0.33736
1.1289	0.33763
1.1292	0.33780
1.1294	0.33776
1.1297	0.33774
1.1299	0.33785
1.1301	0.33786
1.1304	0.33780
1.1306	0.33788
1.1309	0.33797
1.1311	0.33804
1.1314	0.33808
1.1316	0.33821
1.1319	0.33822
1.1321	0.33823
1.1324	0.33827
1.1326	0.33821
1.1329	0.33826
1.1331	0.33837
1.1333	0.33843
1.1336	0.33861
1.1338	0.33867
1.1341	0.33862
1.1343	0.33873
1.1346	0.33884
1.1348	0.33892
1.1351	0.33899
1.1353	0.33896
1.1356	0.33894
1.1358	0.33914
1.1361	0.33920
1.1363	0.33922
1.1366	0.33921
1.1368	0.33917
1.1371	0.33926
1.1373	0.33941
1.1376	0.33950
1.1378	0.33944
1.1381	0.33932
1.1383	0.33941
1.1386	0.33958
1.1388	0.33973
1.1391	0.33972
1.1393	0.33969
1.1396	0.33977
1.1398	0.33976
1.1401	0.33980
1.1403	0.33986
1.1406	0.33995
1.1408	0.34007
1.1411	0.34013
1.1413	0.34009
1.1416	0.34022
1.1418	0.34036
1.1421	0.34035
1.1423	0.34039
1.1426	0.34046
1.1428	0.34056
1.1431	0.34060
1.1433	0.34055
1.1436	0.34053
1.1439	0.34054
1.1441	0.34063
1.1444	0.34069
1.1446	0.34077
1.1449	0.34084
1.1451	0.34088
1.1454	0.34083
1.1456	0.34089
1.1459	0.34099
1.1461	0.34103
1.1464	0.34108
1.1466	0.34108
1.1469	0.34112
1.1472	0.34121
1.1474	0.34120
1.1477	0.34119
1.1479	0.34132
1.1482	0.34147
1.1484	0.34150
1.1487	0.34150
1.1489	0.34157
1.1492	0.34167
1.1494	0.34172
1.1497	0.34180
1.1499	0.34174
1.1502	0.34182
1.1504	0.34192
1.1507	0.34190
1.151	0.34205
1.1512	0.34207
1.1515	0.34206
1.1517	0.34218
1.152	0.34216
1.1522	0.34212
1.1525	0.34220
1.1528	0.34229
1.153	0.34236
1.1533	0.34240
1.1535	0.34240
1.1538	0.34243
1.154	0.34244
1.1543	0.34243
1.1546	0.34257
1.1548	0.34270
1.1551	0.34273
1.1553	0.34265
1.1556	0.34262
1.1558	0.34271
1.1561	0.34272
1.1564	0.34282
1.1566	0.34294
1.1569	0.34296
1.1571	0.34292
1.1574	0.34291
1.1577	0.34293
1.1579	0.34304
1.1582	0.34316
1.1584	0.34325
1.1587	0.34333
1.1589	0.34330
1.1592	0.34325
1.1595	0.34328
1.1597	0.34334
1.16	0.34342
1.1602	0.34341
1.1605	0.34354
1.1608	0.34371
1.161	0.34384
1.1613	0.34374
1.1615	0.34362
1.1618	0.34377
1.1621	0.34390
1.1623	0.34391
1.1626	0.34391
1.1628	0.34393
1.1631	0.34401
1.1634	0.34399
1.1636	0.34400
1.1639	0.34410
1.1642	0.34420
1.1644	0.34425
1.1647	0.34426
1.1649	0.34433
1.1652	0.34442
1.1654	0.34450
1.1657	0.34459
1.166	0.34461
1.1662	0.34457
1.1665	0.34458
1.1668	0.34458
1.167	0.34464
1.1673	0.34472
1.1676	0.34471
1.1678	0.34482
1.1681	0.34496
1.1683	0.34494
1.1686	0.34501
1.1689	0.34512
1.1691	0.34504
1.1694	0.34505
1.1697	0.34517
1.1699	0.34525
1.1702	0.34537
1.1704	0.34537
1.1707	0.34534
1.171	0.34536
1.1713	0.34537
1.1715	0.34541
1.1718	0.34544
1.172	0.34547
1.1723	0.34550
1.1726	0.34560
1.1728	0.34572
1.1731	0.34576
1.1734	0.34572
1.1736	0.34575
1.1739	0.34584
1.1742	0.34589
1.1744	0.34578
1.1747	0.34584
1.175	0.34601
1.1752	0.34613
1.1755	0.34613
1.1758	0.34608
1.176	0.34617
1.1763	0.34627
1.1766	0.34621
1.1768	0.34625
1.1771	0.34634
1.1774	0.34637
1.1776	0.34637
1.1779	0.34647
1.1782	0.34652
1.1784	0.34653
1.1787	0.34661
1.179	0.34666
1.1792	0.34675
1.1795	0.34677
1.1798	0.34667
1.18	0.34672
1.1803	0.34687
1.1806	0.34696
1.1808	0.34699
1.1811	0.34698
1.1814	0.34700
1.1817	0.34709
1.1819	0.34716
1.1822	0.34723
1.1825	0.34716
1.1827	0.34711
1.183	0.34715
1.1833	0.34715
1.1835	0.34719
1.1838	0.34731
1.1841	0.34750
1.1844	0.34766
1.1846	0.34765
1.1849	0.34771
1.1852	0.34770
1.1854	0.34765
1.1857	0.34775
1.186	0.34782
1.1863	0.34782
1.1865	0.34785
1.1868	0.34795
1.1871	0.34802
1.1873	0.34793
1.1876	0.34792
1.1879	0.34800
1.1882	0.34805
1.1884	0.34814
1.1887	0.34814
1.189	0.34816
1.1893	0.34822
1.1895	0.34822
1.1898	0.34830
1.1901	0.34839
1.1903	0.34843
1.1906	0.34844
1.1909	0.34847
1.1912	0.34857
1.1914	0.34868
1.1917	0.34869
1.192	0.34870
1.1923	0.34877
1.1925	0.34877
1.1928	0.34876
1.1931	0.34884
1.1933	0.34887
1.1936	0.34882
1.1939	0.34900
1.1942	0.34909
1.1944	0.34905
1.1947	0.34914
1.195	0.34931
1.1953	0.34935
1.1956	0.34929
1.1958	0.34934
1.1961	0.34938
1.1964	0.34940
1.1967	0.34944
1.1969	0.34940
1.1972	0.34947
1.1975	0.34958
1.1978	0.34957
1.198	0.34963
1.1983	0.34972
1.1986	0.34969
1.1989	0.34967
1.1992	0.34970
1.1994	0.34975
1.1997	0.34978
1.2	0.34988
1.2003	0.35003
1.2005	0.35010
1.2008	0.35008
1.2011	0.35004
1.2014	0.35003
1.2017	0.35007
1.2019	0.35011
1.2022	0.35018
1.2025	0.35026
1.2028	0.35043
1.203	0.35050
1.2033	0.35042
1.2036	0.35040
1.2039	0.35048
1.2042	0.35047
1.2044	0.35059
1.2047	0.35074
1.205	0.35076
1.2053	0.35072
1.2056	0.35073
1.2058	0.35084
1.2061	0.35082
1.2064	0.35076
1.2067	0.35087
1.207	0.35092
1.2072	0.35096
1.2075	0.35112
1.2078	0.35117
1.2081	0.35119
1.2084	0.35119
1.2087	0.35120
1.2089	0.35126
1.2092	0.35132
1.2095	0.35145
1.2098	0.35158
1.2101	0.35156
1.2103	0.35146
1.2106	0.35149
1.2109	0.35159
1.2112	0.35163
1.2115	0.35171
1.2118	0.35172
1.212	0.35167
1.2123	0.35176
1.2126	0.35190
1.2129	0.35193
1.2132	0.35188
1.2135	0.35187
1.2137	0.35199
1.214	0.35205
1.2143	0.35213
1.2146	0.35220
1.2149	0.35225
1.2152	0.35229
1.2154	0.35228
1.2157	0.35223
1.216	0.35231
1.2163	0.35249
1.2166	0.35254
1.2169	0.35253
1.2172	0.35258
1.2174	0.35261
1.2177	0.35270
1.218	0.35276
1.2183	0.35274
1.2186	0.35282
1.2189	0.35288
1.2192	0.35289
1.2194	0.35289
1.2197	0.35307
1.22	0.35314
1.2203	0.35308
1.2206	0.35305
1.2209	0.35310
1.2212	0.35317
1.2215	0.35324
1.2218	0.35327
1.222	0.35334
1.2223	0.35334
1.2226	0.35334
1.2229	0.35337
1.2232	0.35352
1.2235	0.35352
1.2238	0.35352
1.2241	0.35359
1.2243	0.35369
1.2246	0.35363
1.2249	0.35361
1.2252	0.35372
1.2255	0.35382
1.2258	0.35391
1.2261	0.35388
1.2264	0.35384
1.2267	0.35387
1.227	0.35393
1.2273	0.35402
1.2275	0.35406
1.2278	0.35405
1.2281	0.35409
1.2284	0.35422
1.2287	0.35430
1.229	0.35439
1.2293	0.35440
1.2296	0.35437
1.2299	0.35447
1.2302	0.35455
1.2304	0.35451
1.2307	0.35453
1.231	0.35465
1.2313	0.35470
1.2316	0.35477
1.2319	0.35475
1.2322	0.35481
1.2325	0.35490
1.2328	0.35490
1.2331	0.35495
1.2334	0.35498
1.2337	0.35505
1.234	0.35512
1.2343	0.35508
1.2346	0.35507
1.2348	0.35510
1.2351	0.35523
1.2354	0.35529
1.2357	0.35528
1.236	0.35539
1.2363	0.35550
1.2366	0.35551
1.2369	0.35552
1.2372	0.35557
1.2375	0.35561
1.2378	0.35565
1.2381	0.35568
1.2384	0.35575
1.2387	0.35586
1.239	0.35587
1.2393	0.35580
1.2396	0.35581
1.2399	0.35588
1.2402	0.35594
1.2405	0.35610
1.2408	0.35615
1.2411	0.35609
1.2413	0.35606
1.2417	0.35611
1.2419	0.35625
1.2422	0.35630
1.2425	0.35639
1.2428	0.35648
1.2431	0.35646
1.2434	0.35645
1.2437	0.35653
1.244	0.35659
1.2443	0.35665
1.2446	0.35670
1.2449	0.35663
1.2452	0.35665
1.2455	0.35677
1.2458	0.35684
1.2461	0.35695
1.2464	0.35697
1.2467	0.35698
1.247	0.35697
1.2473	0.35697
1.2476	0.35691
1.2479	0.35692
1.2482	0.35711
1.2485	0.35720
1.2488	0.35722
1.2491	0.35728
1.2494	0.35738
1.2497	0.35745
1.25	0.35746
1.2503	0.35753
1.2506	0.35752
1.2509	0.35753
1.2512	0.35758
1.2515	0.35767
1.2518	0.35769
1.2521	0.35768
1.2524	0.35772
1.2528	0.35781
1.2531	0.35789
1.2533	0.35794
1.2537	0.35799
1.254	0.35801
1.2543	0.35806
1.2546	0.35811
1.2549	0.35811
1.2552	0.35814
1.2555	0.35825
1.2558	0.35830
1.2561	0.35835
1.2564	0.35840
1.2567	0.35846
1.257	0.35843
1.2573	0.35838
1.2576	0.35837
1.2579	0.35845
1.2582	0.35856
1.2585	0.35866
1.2588	0.35871
1.2591	0.35867
1.2594	0.35873
1.2598	0.35885
1.2601	0.35887
1.2604	0.35885
1.2607	0.35892
1.261	0.35901
1.2613	0.35910
1.2616	0.35919
1.2619	0.35917
1.2622	0.35920
1.2625	0.35921
1.2628	0.35916
1.2631	0.35916
1.2634	0.35922
1.2637	0.35927
1.2641	0.35934
1.2644	0.35948
1.2647	0.35953
1.265	0.35951
1.2653	0.35960
1.2656	0.35967
1.2659	0.35967
1.2662	0.35974
1.2665	0.35977
1.2668	0.35987
1.2671	0.35997
1.2674	0.35990
1.2678	0.35989
1.2681	0.35994
1.2684	0.35999
1.2687	0.36009
1.269	0.36018
1.2693	0.36026
1.2696	0.36028
1.2699	0.36022
1.2702	0.36021
1.2706	0.36031
1.2709	0.36037
1.2712	0.36040
1.2715	0.36045
1.2718	0.36051
1.2721	0.36057
1.2724	0.36060
1.2727	0.36065
1.2731	0.36073
1.2734	0.36079
1.2737	0.36080
1.274	0.36080
1.2743	0.36081
1.2746	0.36081
1.2749	0.36093
1.2752	0.36102
1.2756	0.36106
1.2759	0.36104
1.2762	0.36105
1.2765	0.36106
1.2768	0.36109
1.2771	0.36115
1.2774	0.36119
1.2778	0.36121
1.2781	0.36123
1.2784	0.36134
1.2787	0.36145
1.279	0.36152
1.2793	0.36153
1.2797	0.36152
1.28	0.36152
1.2803	0.36158
1.2806	0.36170
1.2809	0.36173
1.2812	0.36177
1.2816	0.36177
1.2819	0.36183
1.2822	0.36195
1.2825	0.36201
1.2828	0.36198
1.2831	0.36199
1.2834	0.36211
1.2838	0.36224
1.2841	0.36223
1.2844	0.36218
1.2847	0.36220
1.285	0.36226
1.2854	0.36229
1.2857	0.36236
1.286	0.36246
1.2863	0.36248
1.2866	0.36251
1.2869	0.36259
1.2873	0.36261
1.2876	0.36264
1.2879	0.36272
1.2882	0.36274
1.2886	0.36274
1.2889	0.36280
1.2892	0.36290
1.2895	0.36294
1.2898	0.36296
1.2902	0.36301
1.2905	0.36301
1.2908	0.36308
1.2911	0.36313
1.2914	0.36317
1.2918	0.36317
1.2921	0.36313
1.2924	0.36326
1.2927	0.36329
1.2931	0.36333
1.2934	0.36341
1.2937	0.36332
1.294	0.36339
1.2943	0.36352
1.2947	0.36350
1.295	0.36353
1.2953	0.36356
1.2956	0.36364
1.296	0.36367
1.2963	0.36371
1.2966	0.36384
1.2969	0.36388
1.2973	0.36386
1.2976	0.36395
1.2979	0.36403
1.2982	0.36401
1.2986	0.36403
1.2989	0.36404
1.2992	0.36402
1.2995	0.36415
1.2999	0.36423
1.3002	0.36426
1.3005	0.36429
1.3008	0.36433
1.3012	0.36440
1.3015	0.36443
1.3018	0.36443
1.3021	0.36449
1.3025	0.36454
1.3028	0.36454
1.3031	0.36457
1.3034	0.36464
1.3038	0.36472
1.3041	0.36473
1.3044	0.36478
1.3048	0.36485
1.3051	0.36480
1.3054	0.36480
1.3058	0.36486
1.3061	0.36497
1.3064	0.36505
1.3067	0.36503
1.3071	0.36502
1.3074	0.36510
1.3077	0.36512
1.3081	0.36510
1.3084	0.36514
1.3087	0.36518
1.3091	0.36520
1.3094	0.36529
1.3097	0.36535
1.31	0.36538
1.3104	0.36546
1.3107	0.36550
1.311	0.36551
1.3114	0.36557
1.3117	0.36561
1.312	0.36570
1.3124	0.36574
1.3127	0.36575
1.313	0.36578
1.3134	0.36578
1.3137	0.36579
1.314	0.36586
1.3144	0.36590
1.3147	0.36595
1.315	0.36604
1.3154	0.36610
1.3157	0.36610
1.316	0.36605
1.3164	0.36609
1.3167	0.36621
1.317	0.36621
1.3174	0.36622
1.3177	0.36628
1.318	0.36629
1.3184	0.36637
1.3187	0.36646
1.319	0.36647
1.3194	0.36645
1.3197	0.36648
1.3201	0.36648
1.3204	0.36655
1.3207	0.36664
1.3211	0.36667
1.3214	0.36675
1.3217	0.36679
1.3221	0.36681
1.3224	0.36690
1.3227	0.36682
1.3231	0.36684
1.3234	0.36690
1.3238	0.36697
1.3241	0.36701
1.3244	0.36703
1.3248	0.36711
1.3251	0.36714
1.3254	0.36719
1.3258	0.36724
1.3261	0.36715
1.3265	0.36714
1.3268	0.36722
1.3271	0.36731
1.3275	0.36739
1.3278	0.36743
1.3282	0.36747
1.3285	0.36748
1.3288	0.36751
1.3292	0.36761
1.3295	0.36763
1.3299	0.36763
1.3302	0.36761
1.3306	0.36764
1.3309	0.36775
1.3312	0.36781
1.3316	0.36779
1.3319	0.36780
1.3323	0.36786
1.3326	0.36788
1.3329	0.36793
1.3333	0.36802
1.3336	0.36802
1.334	0.36804
1.3343	0.36811
1.3347	0.36814
1.335	0.36814
1.3353	0.36812
1.3357	0.36815
1.336	0.36818
1.3364	0.36813
1.3367	0.36818
1.3371	0.36833
1.3374	0.36839
1.3378	0.36847
1.3381	0.36848
1.3384	0.36851
1.3388	0.36854
1.3391	0.36857
1.3395	0.36857
1.3398	0.36856
1.3402	0.36860
1.3405	0.36863
1.3409	0.36870
1.3412	0.36877
1.3416	0.36880
1.3419	0.36885
1.3423	0.36890
1.3426	0.36896
1.3429	0.36898
1.3433	0.36898
1.3437	0.36900
1.344	0.36901
1.3443	0.36905
1.3447	0.36912
1.345	0.36914
1.3454	0.36908
1.3457	0.36901
1.3461	0.36908
1.3464	0.36920
1.3468	0.36922
1.3471	0.36927
1.3475	0.36935
1.3478	0.36939
1.3482	0.36946
1.3485	0.36950
1.3489	0.36949
1.3493	0.36955
1.3496	0.36962
1.3499	0.36954
1.3503	0.36955
1.3507	0.36966
1.351	0.36970
1.3513	0.36965
1.3517	0.36965
1.3521	0.36975
1.3524	0.36977
1.3528	0.36978
1.3531	0.36985
1.3535	0.36987
1.3538	0.36982
1.3542	0.36993
1.3545	0.37005
1.3549	0.37009
1.3552	0.37007
1.3556	0.36996
1.3559	0.36995
1.3563	0.37005
1.3567	0.37011
1.357	0.37016
1.3574	0.37016
1.3577	0.37020
1.3581	0.37020
1.3584	0.37019
1.3588	0.37024
1.3592	0.37032
1.3595	0.37037
1.3599	0.37032
1.3602	0.37033
1.3606	0.37032
1.3609	0.37028
1.3613	0.37030
1.3617	0.37034
1.362	0.37043
1.3624	0.37050
1.3627	0.37051
1.3631	0.37049
1.3634	0.37048
1.3638	0.37051
1.3642	0.37054
1.3645	0.37057
1.3649	0.37061
1.3652	0.37060
1.3656	0.37069
1.3659	0.37079
1.3663	0.37078
1.3667	0.37077
1.367	0.37078
1.3674	0.37080
1.3678	0.37087
1.3681	0.37092
1.3685	0.37086
1.3688	0.37083
1.3692	0.37088
1.3696	0.37090
1.3699	0.37092
1.3703	0.37105
1.3707	0.37103
1.371	0.37096
1.3714	0.37095
1.3717	0.37097
1.3721	0.37101
1.3725	0.37104
1.3728	0.37104
1.3732	0.37110
1.3736	0.37114
1.3739	0.37109
1.3743	0.37106
1.3746	0.37108
1.375	0.37112
1.3754	0.37118
1.3757	0.37120
1.3761	0.37124
1.3765	0.37129
1.3768	0.37126
1.3772	0.37125
1.3776	0.37130
1.3779	0.37135
1.3783	0.37135
1.3787	0.37135
1.379	0.37137
1.3794	0.37139
1.3798	0.37144
1.3801	0.37153
1.3805	0.37154
1.3809	0.37156
1.3812	0.37161
1.3816	0.37160
1.382	0.37156
1.3823	0.37157
1.3827	0.37161
1.3831	0.37165
1.3834	0.37160
1.3838	0.37166
1.3842	0.37173
1.3846	0.37165
1.3849	0.37159
1.3853	0.37164
1.3857	0.37170
1.386	0.37169
1.3864	0.37172
1.3868	0.37172
1.3872	0.37162
1.3875	0.37160
1.3879	0.37164
1.3883	0.37167
1.3886	0.37165
1.389	0.37158
1.3894	0.37147
1.3898	0.37135
1.3901	0.37115
1.3905	0.37081
1.3909	0.37036
1.3912	0.36947
1.3916	0.36787
1.392	0.36574
1.3924	0.36425
1.3927	0.36444
1.3931	0.36568
1.3935	0.36686
1.3939	0.36764
1.3942	0.36822
1.3946	0.36883
1.395	0.36944
1.3954	0.36989
1.3957	0.37011
1.3961	0.37024
1.3965	0.37045
1.3969	0.37063
1.3972	0.37069
1.3976	0.37067
1.398	0.37070
1.3984	0.37074
1.3988	0.37076
1.3991	0.37088
1.3995	0.37105
1.3999	0.37124
1.4003	0.37140
1.4006	0.37152
1.401	0.37159
1.4014	0.37164
1.4018	0.37168
1.4022	0.37177
1.4025	0.37193
1.4029	0.37203
1.4033	0.37211
1.4037	0.37225
1.4041	0.37226
1.4044	0.37226
1.4048	0.37229
1.4052	0.37235
1.4056	0.37234
1.406	0.37230
1.4063	0.37230
1.4067	0.37234
1.4071	0.37239
1.4075	0.37244
1.4079	0.37246
1.4083	0.37245
1.4086	0.37243
1.409	0.37238
1.4094	0.37242
1.4098	0.37243
1.4102	0.37246
1.4106	0.37254
1.4109	0.37255
1.4113	0.37258
1.4117	0.37257
1.4121	0.37248
1.4125	0.37252
1.4128	0.37258
1.4132	0.37253
1.4136	0.37254
1.414	0.37259
1.4144	0.37261
1.4148	0.37260
1.4152	0.37261
1.4156	0.37262
1.4159	0.37264
1.4163	0.37265
1.4167	0.37265
1.4171	0.37264
1.4175	0.37257
1.4179	0.37258
1.4183	0.37267
1.4187	0.37267
1.419	0.37260
1.4194	0.37261
1.4198	0.37265
1.4202	0.37270
1.4206	0.37276
1.421	0.37280
1.4214	0.37279
1.4218	0.37278
1.4222	0.37277
1.4225	0.37277
1.4229	0.37277
1.4233	0.37281
1.4237	0.37275
1.4241	0.37270
1.4245	0.37269
1.4249	0.37272
1.4253	0.37275
1.4257	0.37278
1.4261	0.37274
1.4265	0.37272
1.4268	0.37271
1.4272	0.37276
1.4276	0.37281
1.428	0.37284
1.4284	0.37282
1.4288	0.37284
1.4292	0.37287
1.4296	0.37285
1.43	0.37282
1.4304	0.37274
1.4308	0.37271
1.4312	0.37276
1.4316	0.37275
1.432	0.37273
1.4324	0.37273
1.4328	0.37276
1.4332	0.37274
1.4336	0.37273
1.4339	0.37270
1.4343	0.37268
1.4348	0.37270
1.4351	0.37272
1.4355	0.37270
1.4359	0.37265
1.4363	0.37264
1.4367	0.37263
1.4371	0.37262
1.4375	0.37266
1.4379	0.37266
1.4383	0.37263
1.4387	0.37260
1.4391	0.37260
1.4395	0.37258
1.4399	0.37258
1.4403	0.37261
1.4407	0.37260
1.4411	0.37256
1.4415	0.37255
1.4419	0.37252
1.4423	0.37249
1.4427	0.37252
1.4431	0.37256
1.4435	0.37253
1.4439	0.37246
1.4443	0.37244
1.4447	0.37244
1.4451	0.37247
1.4456	0.37249
1.4459	0.37250
1.4463	0.37243
1.4468	0.37239
1.4472	0.37239
1.4476	0.37243
1.448	0.37237
1.4484	0.37235
1.4488	0.37236
1.4492	0.37227
1.4496	0.37224
1.45	0.37223
1.4504	0.37221
1.4508	0.37221
1.4512	0.37222
1.4516	0.37226
1.452	0.37227
1.4524	0.37221
1.4528	0.37216
1.4532	0.37215
1.4537	0.37212
1.4541	0.37214
1.4545	0.37211
1.4549	0.37207
1.4553	0.37206
1.4557	0.37202
1.4561	0.37198
1.4565	0.37193
1.4569	0.37196
1.4573	0.37196
1.4577	0.37193
1.4582	0.37191
1.4586	0.37187
1.459	0.37176
1.4594	0.37172
1.4598	0.37180
1.4602	0.37181
1.4606	0.37177
1.461	0.37170
1.4614	0.37167
1.4618	0.37165
1.4623	0.37162
1.4627	0.37162
1.4631	0.37162
1.4635	0.37157
1.4639	0.37154
1.4643	0.37150
1.4647	0.37147
1.4652	0.37148
1.4656	0.37150
1.466	0.37148
1.4664	0.37145
1.4668	0.37138
1.4672	0.37136
1.4676	0.37134
1.4681	0.37132
1.4685	0.37132
1.4689	0.37125
1.4693	0.37116
1.4697	0.37115
1.4701	0.37115
1.4706	0.37118
1.471	0.37116
1.4714	0.37110
1.4718	0.37107
1.4722	0.37101
1.4726	0.37093
1.4731	0.37091
1.4735	0.37086
1.4739	0.37086
1.4743	0.37086
1.4747	0.37083
1.4752	0.37079
1.4756	0.37076
1.476	0.37073
1.4764	0.37069
1.4768	0.37061
1.4773	0.37053
1.4777	0.37051
1.4781	0.37051
1.4785	0.37053
1.4789	0.37052
1.4794	0.37045
1.4798	0.37038
1.4802	0.37032
1.4806	0.37027
1.4811	0.37025
1.4815	0.37022
1.4819	0.37021
1.4823	0.37023
1.4828	0.37022
1.4832	0.37012
1.4836	0.37000
1.484	0.36995
1.4844	0.36991
1.4849	0.36990
1.4853	0.36992
1.4857	0.36989
1.4862	0.36982
1.4866	0.36971
1.487	0.36970
1.4874	0.36968
1.4879	0.36962
1.4883	0.36956
1.4887	0.36943
1.4891	0.36939
1.4896	0.36938
1.49	0.36936
1.4904	0.36931
1.4908	0.36925
1.4913	0.36925
1.4917	0.36920
1.4921	0.36914
1.4926	0.36914
1.493	0.36907
1.4934	0.36900
1.4939	0.36898
1.4943	0.36893
1.4947	0.36887
1.4952	0.36879
1.4956	0.36874
1.496	0.36875
1.4964	0.36874
1.4969	0.36864
1.4973	0.36860
1.4977	0.36854
1.4982	0.36847
1.4986	0.36845
1.499	0.36840
1.4995	0.36834
1.4999	0.36831
1.5003	0.36829
1.5008	0.36824
1.5012	0.36817
1.5017	0.36805
1.5021	0.36794
1.5025	0.36792
1.5029	0.36787
1.5034	0.36784
1.5038	0.36782
1.5043	0.36771
1.5047	0.36764
1.5051	0.36760
1.5056	0.36757
1.506	0.36752
1.5064	0.36743
1.5069	0.36734
1.5073	0.36732
1.5078	0.36724
1.5082	0.36717
1.5086	0.36712
1.5091	0.36706
1.5095	0.36702
1.51	0.36696
1.5104	0.36691
1.5108	0.36690
1.5113	0.36682
1.5117	0.36674
1.5122	0.36668
1.5126	0.36657
1.513	0.36651
1.5135	0.36647
1.5139	0.36640
1.5144	0.36637
1.5148	0.36631
1.5153	0.36626
1.5157	0.36619
1.5161	0.36612
1.5166	0.36613
1.517	0.36602
1.5175	0.36591
1.5179	0.36586
1.5184	0.36576
1.5188	0.36571
1.5193	0.36568
1.5197	0.36559
1.5201	0.36550
1.5206	0.36541
1.521	0.36537
1.5215	0.36533
1.5219	0.36533
1.5224	0.36526
1.5228	0.36519
1.5233	0.36515
1.5237	0.36502
1.5242	0.36489
1.5246	0.36483
1.5251	0.36477
1.5255	0.36470
1.5259	0.36465
1.5264	0.36457
1.5268	0.36444
1.5273	0.36436
1.5278	0.36431
1.5282	0.36426
1.5287	0.36419
1.5291	0.36414
1.5296	0.36409
1.53	0.36397
1.5305	0.36388
1.5309	0.36379
1.5314	0.36374
1.5318	0.36371
1.5323	0.36361
1.5327	0.36351
1.5332	0.36340
1.5336	0.36330
1.5341	0.36323
1.5345	0.36315
1.535	0.36309
1.5354	0.36305
1.5359	0.36296
1.5363	0.36287
1.5368	0.36275
1.5373	0.36264
1.5377	0.36256
1.5382	0.36258
1.5386	0.36251
1.5391	0.36237
1.5396	0.36231
1.54	0.36222
1.5405	0.36209
1.5409	0.36202
1.5414	0.36196
1.5418	0.36183
1.5423	0.36172
1.5428	0.36163
1.5432	0.36153
1.5437	0.36146
1.5441	0.36142
1.5446	0.36136
1.5451	0.36123
1.5455	0.36115
1.546	0.36109
1.5464	0.36101
1.5469	0.36089
1.5474	0.36081
1.5478	0.36078
1.5483	0.36067
1.5488	0.36057
1.5492	0.36048
1.5497	0.36038
1.5501	0.36030
1.5506	0.36020
1.5511	0.36009
1.5515	0.35999
1.552	0.35989
1.5524	0.35978
1.5529	0.35970
1.5534	0.35968
1.5538	0.35962
1.5543	0.35947
1.5548	0.35935
1.5553	0.35926
1.5557	0.35911
1.5562	0.35900
1.5567	0.35896
1.5571	0.35888
1.5576	0.35874
1.5581	0.35867
1.5585	0.35860
1.559	0.35850
1.5595	0.35833
1.5599	0.35824
1.5604	0.35823
1.5609	0.35812
1.5613	0.35799
1.5618	0.35789
1.5623	0.35779
1.5628	0.35769
1.5632	0.35757
1.5637	0.35747
1.5642	0.35736
1.5646	0.35729
1.5651	0.35723
1.5656	0.35717
1.5661	0.35707
1.5665	0.35697
1.567	0.35681
1.5675	0.35665
1.5679	0.35657
1.5684	0.35652
1.5689	0.35641
1.5694	0.35632
1.5698	0.35622
1.5703	0.35606
1.5708	0.35593
1.5713	0.35588
1.5718	0.35581
1.5722	0.35567
1.5727	0.35557
1.5732	0.35546
1.5737	0.35535
1.5741	0.35520
1.5746	0.35510
1.5751	0.35504
1.5756	0.35492
1.5761	0.35477
1.5765	0.35462
1.577	0.35451
1.5775	0.35445
1.578	0.35440
1.5784	0.35427
1.5789	0.35414
1.5794	0.35405
1.5799	0.35393
1.5804	0.35383
1.5809	0.35378
1.5813	0.35367
1.5818	0.35352
1.5823	0.35336
1.5828	0.35325
1.5833	0.35317
1.5838	0.35306
1.5842	0.35292
1.5847	0.35277
1.5852	0.35272
1.5857	0.35266
1.5862	0.35252
1.5867	0.35235
1.5872	0.35221
1.5876	0.35209
1.5881	0.35195
1.5886	0.35189
1.5891	0.35181
1.5896	0.35167
1.5901	0.35153
1.5906	0.35146
1.591	0.35138
1.5915	0.35123
1.592	0.35108
1.5925	0.35096
1.593	0.35087
1.5935	0.35077
1.594	0.35061
1.5945	0.35049
1.595	0.35039
1.5954	0.35029
1.5959	0.35015
1.5964	0.34998
1.5969	0.34988
1.5974	0.34979
1.5979	0.34963
1.5984	0.34948
1.5989	0.34940
1.5994	0.34932
1.5999	0.34914
1.6004	0.34899
1.6009	0.34892
1.6014	0.34884
1.6019	0.34869
1.6023	0.34852
1.6028	0.34841
1.6033	0.34834
1.6038	0.34824
1.6043	0.34809
1.6048	0.34799
1.6053	0.34792
1.6058	0.34781
1.6063	0.34762
1.6068	0.34745
1.6073	0.34732
1.6078	0.34726
1.6083	0.34715
1.6088	0.34697
1.6093	0.34680
1.6098	0.34670
1.6103	0.34661
1.6108	0.34648
1.6113	0.34636
1.6118	0.34623
1.6123	0.34608
1.6128	0.34594
1.6133	0.34580
1.6138	0.34565
1.6143	0.34552
1.6148	0.34543
1.6153	0.34533
1.6158	0.34524
1.6163	0.34512
1.6168	0.34497
1.6173	0.34481
1.6178	0.34465
1.6184	0.34457
1.6189	0.34442
1.6194	0.34431
1.6199	0.34424
1.6204	0.34410
1.6209	0.34396
1.6214	0.34385
1.6219	0.34371
1.6224	0.34357
1.6229	0.34342
1.6234	0.34327
1.6239	0.34318
1.6244	0.34305
1.6249	0.34291
1.6255	0.34274
1.626	0.34258
1.6265	0.34249
1.627	0.34238
1.6275	0.34225
1.628	0.34210
1.6285	0.34194
1.629	0.34183
1.6296	0.34174
1.6301	0.34159
1.6306	0.34141
1.6311	0.34122
1.6316	0.34107
1.6321	0.34095
1.6326	0.34086
1.6331	0.34080
1.6337	0.34070
1.6342	0.34056
1.6347	0.34039
1.6352	0.34026
1.6357	0.34014
1.6362	0.33991
1.6368	0.33978
1.6373	0.33971
1.6378	0.33960
1.6383	0.33947
1.6388	0.33937
1.6393	0.33921
1.6398	0.33899
1.6404	0.33880
1.6409	0.33871
1.6414	0.33858
1.6419	0.33845
1.6424	0.33837
1.643	0.33819
1.6435	0.33800
1.644	0.33790
1.6445	0.33781
1.6451	0.33768
1.6456	0.33753
1.6461	0.33738
1.6466	0.33724
1.6472	0.33712
1.6477	0.33699
1.6482	0.33685
1.6487	0.33666
1.6492	0.33648
1.6498	0.33637
1.6503	0.33627
1.6508	0.33616
1.6513	0.33604
1.6519	0.33593
1.6524	0.33579
1.6529	0.33562
1.6534	0.33546
1.654	0.33532
1.6545	0.33519
1.655	0.33507
1.6556	0.33489
1.6561	0.33476
1.6566	0.33465
1.6572	0.33449
1.6577	0.33432
1.6582	0.33417
1.6587	0.33404
1.6593	0.33394
1.6598	0.33381
1.6603	0.33367
1.6609	0.33352
1.6614	0.33339
1.6619	0.33332
1.6625	0.33318
1.663	0.33301
1.6635	0.33288
1.6641	0.33276
1.6646	0.33263
1.6651	0.33250
1.6657	0.33235
1.6662	0.33220
1.6667	0.33204
1.6673	0.33189
1.6678	0.33178
1.6683	0.33167
1.6689	0.33151
1.6694	0.33138
1.67	0.33125
1.6705	0.33110
1.671	0.33095
1.6716	0.33081
1.6721	0.33070
1.6727	0.33060
1.6732	0.33049
1.6737	0.33034
1.6743	0.33016
1.6748	0.33006
1.6754	0.32994
1.6759	0.32982
1.6764	0.32968
1.677	0.32948
1.6775	0.32935
1.6781	0.32926
1.6786	0.32908
1.6792	0.32891
1.6797	0.32883
1.6802	0.32870
1.6808	0.32855
1.6813	0.32843
1.6819	0.32832
1.6824	0.32821
1.683	0.32809
1.6835	0.32790
1.6841	0.32769
1.6846	0.32757
1.6852	0.32748
1.6857	0.32738
1.6863	0.32725
1.6868	0.32706
1.6873	0.32694
1.6879	0.32684
1.6884	0.32672
1.689	0.32658
1.6896	0.32645
1.6901	0.32632
1.6907	0.32612
1.6912	0.32596
1.6918	0.32585
1.6923	0.32575
1.6929	0.32564
1.6934	0.32547
1.694	0.32530
1.6945	0.32518
1.6951	0.32505
1.6956	0.32486
1.6962	0.32471
1.6967	0.32459
1.6973	0.32448
1.6978	0.32439
1.6984	0.32428
1.699	0.32414
1.6995	0.32400
1.7001	0.32386
1.7006	0.32371
1.7012	0.32360
1.7018	0.32349
1.7023	0.32336
1.7029	0.32324
1.7034	0.32312
1.704	0.32296
1.7046	0.32280
1.7051	0.32264
1.7057	0.32257
1.7062	0.32245
1.7068	0.32230
1.7074	0.32214
1.7079	0.32205
1.7085	0.32194
1.709	0.32178
1.7096	0.32164
1.7102	0.32152
1.7107	0.32140
1.7113	0.32126
1.7119	0.32107
1.7124	0.32095
1.713	0.32084
1.7136	0.32070
1.7141	0.32058
1.7147	0.32049
1.7153	0.32036
1.7158	0.32021
1.7164	0.32004
1.717	0.31991
1.7175	0.31982
1.7181	0.31973
1.7187	0.31959
1.7192	0.31946
1.7198	0.31933
1.7204	0.31926
1.721	0.31922
1.7215	0.31913
1.7221	0.31896
1.7227	0.31880
1.7232	0.31866
1.7238	0.31852
1.7244	0.31840
1.725	0.31829
1.7255	0.31817
1.7261	0.31804
1.7267	0.31793
1.7273	0.31783
1.7278	0.31773
1.7284	0.31760
1.729	0.31747
1.7296	0.31735
1.7301	0.31721
1.7307	0.31705
1.7313	0.31693
1.7319	0.31683
1.7325	0.31672
1.733	0.31662
1.7336	0.31652
1.7342	0.31641
1.7348	0.31628
1.7354	0.31617
1.7359	0.31609
1.7365	0.31595
1.7371	0.31581
1.7377	0.31570
1.7383	0.31563
1.7388	0.31551
1.7394	0.31539
1.74	0.31530
1.7406	0.31520
1.7412	0.31509
1.7418	0.31499
1.7423	0.31487
1.7429	0.31476
1.7435	0.31469
1.7441	0.31455
1.7447	0.31443
1.7453	0.31437
1.7459	0.31423
1.7465	0.31405
1.7471	0.31393
1.7476	0.31385
1.7482	0.31375
1.7488	0.31364
1.7494	0.31352
1.75	0.31341
1.7506	0.31330
1.7512	0.31320
1.7518	0.31309
1.7524	0.31299
1.753	0.31287
1.7536	0.31277
1.7541	0.31267
1.7547	0.31259
1.7553	0.31249
1.7559	0.31239
1.7565	0.31229
1.7571	0.31215
1.7577	0.31207
1.7583	0.31193
1.7589	0.31178
1.7595	0.31170
1.7601	0.31162
1.7607	0.31153
1.7613	0.31144
1.7619	0.31136
1.7625	0.31132
1.7631	0.31123
1.7637	0.31108
1.7643	0.31094
1.7649	0.31081
1.7655	0.31070
1.7661	0.31065
1.7667	0.31058
1.7673	0.31049
1.7679	0.31038
1.7685	0.31028
1.7691	0.31018
1.7697	0.31010
1.7703	0.31000
1.7709	0.30993
1.7715	0.30988
1.7721	0.30981
1.7727	0.30969
1.7733	0.30958
1.7739	0.30949
1.7746	0.30939
1.7752	0.30929
1.7758	0.30922
1.7764	0.30916
1.777	0.30908
1.7776	0.30896
1.7782	0.30888
1.7788	0.30883
1.7794	0.30873
1.78	0.30864
1.7807	0.30857
1.7813	0.30852
1.7819	0.30842
1.7825	0.30832
1.7831	0.30823
1.7837	0.30817
1.7843	0.30808
1.7849	0.30799
1.7856	0.30793
1.7862	0.30787
1.7868	0.30777
1.7874	0.30770
1.788	0.30766
1.7886	0.30756
1.7893	0.30746
1.7899	0.30733
1.7905	0.30727
1.7911	0.30726
1.7917	0.30721
1.7923	0.30713
1.793	0.30705
1.7936	0.30699
1.7942	0.30692
1.7948	0.30684
1.7954	0.30675
1.7961	0.30667
1.7967	0.30661
1.7973	0.30653
1.7979	0.30646
1.7986	0.30641
1.7992	0.30636
1.7998	0.30631
1.8004	0.30625
1.8011	0.30616
1.8017	0.30609
1.8023	0.30602
1.8029	0.30595
1.8036	0.30591
1.8042	0.30584
1.8048	0.30579
1.8054	0.30578
1.8061	0.30572
1.8067	0.30562
1.8073	0.30555
1.808	0.30547
1.8086	0.30542
1.8092	0.30541
1.8099	0.30538
1.8105	0.30532
1.8111	0.30525
1.8118	0.30518
1.8124	0.30516
1.813	0.30510
1.8137	0.30501
1.8143	0.30494
1.8149	0.30490
1.8156	0.30484
1.8162	0.30480
1.8168	0.30480
1.8175	0.30477
1.8181	0.30468
1.8188	0.30465
1.8194	0.30461
1.82	0.30458
1.8207	0.30455
1.8213	0.30447
1.8219	0.30439
1.8226	0.30438
1.8232	0.30437
1.8239	0.30435
1.8245	0.30435
1.8252	0.30432
1.8258	0.30427
1.8264	0.30423
1.8271	0.30417
1.8277	0.30413
1.8284	0.30409
1.829	0.30407
1.8297	0.30405
1.8303	0.30401
1.831	0.30400
1.8316	0.30401
1.8323	0.30396
1.8329	0.30390
1.8336	0.30386
1.8342	0.30386
1.8348	0.30386
1.8355	0.30383
1.8361	0.30382
1.8368	0.30380
1.8374	0.30373
1.8381	0.30369
1.8388	0.30367
1.8394	0.30366
1.8401	0.30367
1.8407	0.30363
1.8414	0.30360
1.842	0.30360
1.8427	0.30358
1.8433	0.30357
1.844	0.30358
1.8446	0.30357
1.8453	0.30356
1.8459	0.30353
1.8466	0.30349
1.8473	0.30348
1.8479	0.30350
1.8486	0.30351
1.8492	0.30348
1.8499	0.30343
1.8506	0.30341
1.8512	0.30342
1.8519	0.30344
1.8526	0.30344
1.8532	0.30345
1.8539	0.30344
1.8545	0.30348
1.8552	0.30347
1.8559	0.30341
1.8565	0.30344
1.8572	0.30348
1.8579	0.30345
1.8585	0.30345
1.8592	0.30347
1.8599	0.30351
1.8605	0.30351
1.8612	0.30352
1.8619	0.30354
1.8625	0.30355
1.8632	0.30350
1.8639	0.30352
1.8645	0.30353
1.8652	0.30351
1.8659	0.30352
1.8666	0.30353
1.8672	0.30357
1.8679	0.30358
1.8686	0.30359
1.8692	0.30363
1.8699	0.30367
1.8706	0.30367
1.8713	0.30371
1.8719	0.30377
1.8726	0.30378
1.8733	0.30378
1.874	0.30380
1.8747	0.30382
1.8753	0.30385
1.876	0.30385
1.8767	0.30384
1.8774	0.30391
1.878	0.30395
1.8787	0.30398
1.8794	0.30401
1.8801	0.30404
1.8808	0.30406
1.8814	0.30407
1.8821	0.30412
1.8828	0.30416
1.8835	0.30420
1.8842	0.30426
1.8849	0.30429
1.8856	0.30425
1.8862	0.30430
1.8869	0.30437
1.8876	0.30439
1.8883	0.30443
1.889	0.30447
1.8897	0.30447
1.8904	0.30453
1.8911	0.30459
1.8918	0.30464
1.8924	0.30469
1.8931	0.30472
1.8938	0.30476
1.8945	0.30479
1.8952	0.30482
1.8959	0.30489
1.8966	0.30497
1.8973	0.30500
1.898	0.30503
1.8987	0.30512
1.8994	0.30520
1.9001	0.30528
1.9008	0.30533
1.9015	0.30537
1.9022	0.30547
1.9029	0.30551
1.9036	0.30554
1.9043	0.30555
1.905	0.30560
1.9057	0.30568
1.9064	0.30578
1.9071	0.30588
1.9078	0.30593
1.9085	0.30597
1.9092	0.30605
1.9099	0.30616
1.9106	0.30624
1.9113	0.30631
1.912	0.30637
1.9127	0.30642
1.9134	0.30646
1.9141	0.30652
1.9148	0.30662
1.9155	0.30675
1.9162	0.30683
1.9169	0.30691
1.9176	0.30698
1.9183	0.30705
1.9191	0.30714
1.9198	0.30722
1.9205	0.30732
1.9212	0.30744
1.9219	0.30758
1.9226	0.30767
1.9233	0.30773
1.924	0.30784
1.9248	0.30795
1.9255	0.30806
1.9262	0.30818
1.9269	0.30828
1.9276	0.30839
1.9283	0.30847
1.9291	0.30857
1.9298	0.30866
1.9305	0.30876
1.9312	0.30885
1.9319	0.30897
1.9327	0.30908
1.9334	0.30920
1.9341	0.30934
1.9348	0.30944
1.9355	0.30951
1.9363	0.30962
1.937	0.30976
1.9377	0.30987
1.9384	0.31002
1.9392	0.31014
1.9399	0.31023
1.9406	0.31036
1.9413	0.31048
1.9421	0.31062
1.9428	0.31074
1.9435	0.31088
1.9442	0.31102
1.945	0.31113
1.9457	0.31123
1.9464	0.31133
1.9472	0.31148
1.9479	0.31165
1.9486	0.31176
1.9494	0.31184
1.9501	0.31195
1.9508	0.31211
1.9516	0.31226
1.9523	0.31241
1.953	0.31257
1.9538	0.31274
1.9545	0.31289
1.9552	0.31298
1.956	0.31308
1.9567	0.31324
1.9575	0.31342
1.9582	0.31357
1.9589	0.31372
1.9597	0.31388
1.9604	0.31408
1.9612	0.31420
1.9619	0.31432
1.9626	0.31450
1.9634	0.31463
1.9641	0.31473
1.9649	0.31488
1.9656	0.31507
1.9664	0.31522
1.9671	0.31538
1.9679	0.31553
1.9686	0.31567
1.9693	0.31581
1.9701	0.31600
1.9708	0.31615
1.9716	0.31629
1.9723	0.31646
1.9731	0.31665
1.9738	0.31678
1.9746	0.31695
1.9753	0.31711
1.9761	0.31727
1.9769	0.31744
1.9776	0.31762
1.9784	0.31777
1.9791	0.31796
1.9799	0.31813
1.9806	0.31827
1.9814	0.31844
1.9822	0.31861
1.9829	0.31878
1.9837	0.31901
1.9844	0.31919
1.9852	0.31938
1.9859	0.31957
1.9867	0.31971
1.9875	0.31990
1.9882	0.32009
1.989	0.32025
1.9898	0.32043
1.9905	0.32064
1.9913	0.32085
1.9921	0.32105
1.9928	0.32122
1.9936	0.32140
1.9943	0.32160
1.9951	0.32176
1.9959	0.32192
1.9967	0.32215
1.9974	0.32240
1.9982	0.32259
1.999	0.32277
1.9997	0.32299
2.0005	0.32319
2.0013	0.32333
2.0021	0.32354
2.0028	0.32374
2.0036	0.32392
2.0044	0.32413
2.0052	0.32437
2.0059	0.32456
2.0067	0.32474
2.0075	0.32497
2.0083	0.32520
2.009	0.32540
2.0098	0.32561
2.0106	0.32581
2.0114	0.32606
2.0122	0.32628
2.0129	0.32647
2.0137	0.32670
2.0145	0.32695
2.0153	0.32720
2.0161	0.32742
2.0168	0.32762
2.0176	0.32783
2.0184	0.32803
2.0192	0.32823
2.02	0.32846
2.0208	0.32871
2.0216	0.32896
2.0223	0.32923
2.0231	0.32944
2.0239	0.32961
2.0247	0.32985
2.0255	0.33010
2.0263	0.33031
2.0271	0.33052
2.0279	0.33076
2.0287	0.33100
2.0295	0.33124
2.0303	0.33150
2.0311	0.33175
2.0319	0.33195
2.0327	0.33216
2.0335	0.33238
2.0343	0.33264
2.0351	0.33289
2.0358	0.33313
2.0367	0.33339
2.0374	0.33365
2.0383	0.33389
2.0391	0.33409
2.0399	0.33429
2.0407	0.33455
2.0415	0.33482
2.0423	0.33510
2.0431	0.33539
2.0439	0.33563
2.0447	0.33582
2.0455	0.33602
2.0463	0.33623
2.0471	0.33648
2.0479	0.33677
2.0487	0.33705
2.0495	0.33728
2.0504	0.33751
2.0512	0.33776
2.052	0.33800
2.0528	0.33821
2.0536	0.33846
2.0544	0.33871
2.0552	0.33896
2.056	0.33922
2.0569	0.33946
2.0577	0.33972
2.0585	0.33999
2.0593	0.34024
2.0601	0.34051
2.0609	0.34076
2.0618	0.34100
2.0626	0.34126
2.0634	0.34152
2.0642	0.34177
2.0651	0.34200
2.0659	0.34224
2.0667	0.34249
2.0675	0.34276
2.0683	0.34304
2.0692	0.34332
2.07	0.34358
2.0708	0.34385
2.0716	0.34407
2.0725	0.34429
2.0733	0.34460
2.0741	0.34487
2.075	0.34509
2.0758	0.34537
2.0766	0.34565
2.0775	0.34584
2.0783	0.34605
2.0791	0.34636
2.08	0.34667
2.0808	0.34691
2.0816	0.34716
2.0825	0.34744
2.0833	0.34771
2.0841	0.34798
2.085	0.34822
2.0858	0.34847
2.0866	0.34876
2.0875	0.34900
2.0883	0.34924
2.0892	0.34951
2.09	0.34976
2.0909	0.35007
2.0917	0.35039
2.0926	0.35062
2.0934	0.35086
2.0942	0.35115
2.0951	0.35145
2.0959	0.35168
2.0968	0.35190
2.0976	0.35221
2.0985	0.35253
2.0993	0.35279
2.1002	0.35299
2.101	0.35321
2.1019	0.35353
2.1027	0.35380
2.1036	0.35401
2.1044	0.35426
2.1053	0.35454
2.1061	0.35482
2.107	0.35508
2.1079	0.35529
2.1087	0.35551
2.1096	0.35578
2.1104	0.35606
2.1113	0.35631
2.1121	0.35656
2.113	0.35685
2.1139	0.35712
2.1147	0.35738
2.1156	0.35764
2.1165	0.35794
2.1173	0.35820
2.1182	0.35845
2.1191	0.35870
2.1199	0.35895
2.1208	0.35920
2.1217	0.35947
2.1225	0.35973
2.1234	0.36002
2.1243	0.36034
2.1251	0.36061
2.126	0.36080
2.1269	0.36100
2.1278	0.36125
2.1286	0.36153
2.1295	0.36179
2.1304	0.36204
2.1313	0.36231
2.1321	0.36261
2.133	0.36292
2.1339	0.36322
2.1348	0.36349
2.1356	0.36375
2.1365	0.36399
2.1374	0.36423
2.1383	0.36450
2.1392	0.36477
2.1401	0.36503
2.1409	0.36529
2.1418	0.36553
2.1427	0.36578
2.1436	0.36606
2.1445	0.36629
2.1454	0.36655
2.1463	0.36682
2.1471	0.36707
2.148	0.36731
2.1489	0.36758
2.1498	0.36783
2.1507	0.36806
2.1516	0.36830
2.1525	0.36856
2.1534	0.36880
2.1543	0.36901
2.1552	0.36928
2.1561	0.36956
2.157	0.36983
2.1579	0.37009
2.1588	0.37036
2.1597	0.37062
2.1606	0.37083
2.1615	0.37103
2.1624	0.37134
2.1633	0.37159
2.1642	0.37180
2.1651	0.37205
2.166	0.37227
2.1669	0.37247
2.1678	0.37271
2.1687	0.37298
2.1696	0.37323
2.1705	0.37345
2.1714	0.37366
2.1723	0.37389
2.1732	0.37416
2.1741	0.37445
2.1751	0.37471
2.176	0.37490
2.1769	0.37509
2.1778	0.37532
2.1787	0.37553
2.1796	0.37577
2.1806	0.37603
2.1815	0.37627
2.1824	0.37646
2.1833	0.37668
2.1842	0.37693
2.1851	0.37716
2.1861	0.37739
2.187	0.37759
2.1879	0.37778
2.1888	0.37801
2.1898	0.37826
2.1907	0.37849
2.1916	0.37873
2.1925	0.37894
2.1935	0.37911
2.1944	0.37932
2.1953	0.37955
2.1963	0.37975
2.1972	0.37996
2.1981	0.38017
2.1991	0.38035
2.2	0.38060
2.2009	0.38088
2.2019	0.38109
2.2028	0.38130
2.2037	0.38154
2.2047	0.38174
2.2056	0.38191
2.2065	0.38214
2.2075	0.38234
2.2084	0.38254
2.2094	0.38277
2.2103	0.38299
2.2112	0.38323
2.2122	0.38342
2.2131	0.38362
2.2141	0.38384
2.215	0.38398
2.216	0.38416
2.2169	0.38443
2.2179	0.38463
2.2188	0.38478
2.2198	0.38498
2.2207	0.38520
2.2217	0.38541
2.2226	0.38558
2.2236	0.38577
2.2245	0.38597
2.2255	0.38618
2.2264	0.38636
2.2274	0.38654
2.2284	0.38673
2.2293	0.38689
2.2303	0.38705
2.2312	0.38726
2.2322	0.38745
2.2331	0.38762
2.2341	0.38778
2.2351	0.38793
2.236	0.38808
2.237	0.38826
2.238	0.38844
2.2389	0.38860
2.2399	0.38874
2.2409	0.38888
2.2418	0.38904
2.2428	0.38919
2.2438	0.38934
2.2448	0.38950
2.2457	0.38965
2.2467	0.38978
2.2477	0.38996
2.2486	0.39013
2.2496	0.39028
2.2506	0.39045
2.2516	0.39060
2.2526	0.39076
2.2535	0.39093
2.2545	0.39109
2.2555	0.39129
2.2565	0.39145
2.2575	0.39161
2.2584	0.39172
2.2594	0.39184
2.2604	0.39200
2.2614	0.39214
2.2624	0.39226
2.2634	0.39235
2.2644	0.39243
2.2654	0.39254
2.2663	0.39261
2.2673	0.39260
2.2683	0.39266
2.2693	0.39277
2.2703	0.39289
2.2713	0.39297
2.2723	0.39303
2.2733	0.39313
2.2743	0.39325
2.2753	0.39336
2.2763	0.39341
2.2773	0.39346
2.2783	0.39353
2.2793	0.39359
2.2803	0.39360
2.2813	0.39360
2.2823	0.39361
2.2833	0.39362
2.2843	0.39369
2.2853	0.39372
2.2863	0.39373
2.2873	0.39374
2.2883	0.39369
2.2894	0.39358
2.2904	0.39344
2.2914	0.39322
2.2924	0.39309
2.2934	0.39300
2.2944	0.39288
2.2954	0.39283
2.2964	0.39279
2.2975	0.39268
2.2985	0.39255
2.2995	0.39248
2.3005	0.39260
2.3016	0.39290
2.3026	0.39323
2.3036	0.39349
2.3046	0.39370
2.3056	0.39377
2.3067	0.39374
2.3077	0.39369
2.3087	0.39365
2.3098	0.39359
2.3108	0.39348
2.3118	0.39337
2.3128	0.39333
2.3139	0.39337
2.3149	0.39351
2.3159	0.39375
2.317	0.39408
2.318	0.39449
2.3191	0.39489
2.3201	0.39526
2.3211	0.39568
2.3222	0.39611
2.3232	0.39661
2.3243	0.39722
2.3253	0.39785
2.3263	0.39849
2.3274	0.39918
2.3284	0.39973
2.3295	0.40013
2.3305	0.40050
2.3316	0.40091
2.3326	0.40128
2.3337	0.40159
2.3347	0.40192
2.3358	0.40217
2.3368	0.40242
2.3379	0.40266
2.3389	0.40287
2.34	0.40309
2.341	0.40329
2.3421	0.40351
2.3431	0.40371
2.3442	0.40390
2.3453	0.40408
2.3463	0.40420
2.3474	0.40432
2.3485	0.40447
2.3495	0.40461
2.3506	0.40472
2.3517	0.40483
2.3527	0.40495
2.3538	0.40507
2.3549	0.40519
2.3559	0.40530
2.357	0.40544
2.3581	0.40557
2.3591	0.40571
2.3602	0.40587
2.3613	0.40603
2.3624	0.40614
2.3634	0.40618
2.3645	0.40621
2.3656	0.40627
2.3667	0.40629
2.3678	0.40632
2.3689	0.40637
2.3699	0.40639
2.371	0.40638
2.3721	0.40639
2.3732	0.40640
2.3743	0.40636
2.3754	0.40629
2.3764	0.40623
2.3775	0.40617
2.3786	0.40607
2.3797	0.40599
2.3808	0.40599
2.3819	0.40589
2.383	0.40577
2.3841	0.40570
2.3852	0.40568
2.3863	0.40578
2.3874	0.40594
2.3885	0.40614
2.3896	0.40645
2.3907	0.40677
2.3918	0.40708
2.3929	0.40740
2.394	0.40773
2.3951	0.40805
2.3962	0.40837
2.3973	0.40871
2.3984	0.40910
2.3995	0.40951
2.4006	0.40986
2.4018	0.41017
2.4029	0.41046
2.404	0.41073
2.4051	0.41094
2.4062	0.41113
2.4073	0.41132
2.4085	0.41153
2.4096	0.41173
2.4107	0.41187
2.4118	0.41202
2.4129	0.41219
2.4141	0.41231
2.4152	0.41243
2.4163	0.41256
2.4174	0.41267
2.4186	0.41283
2.4197	0.41299
2.4208	0.41319
2.422	0.41337
2.4231	0.41354
2.4242	0.41373
2.4254	0.41393
2.4265	0.41407
2.4276	0.41420
2.4288	0.41433
2.4299	0.41449
2.4311	0.41470
2.4322	0.41488
2.4333	0.41498
2.4345	0.41510
2.4356	0.41522
2.4368	0.41530
2.4379	0.41536
2.4391	0.41542
2.4402	0.41552
2.4414	0.41561
2.4425	0.41570
2.4436	0.41581
2.4448	0.41597
2.4459	0.41619
2.4471	0.41640
2.4483	0.41659
2.4494	0.41672
2.4506	0.41682
2.4517	0.41694
2.4529	0.41707
2.4541	0.41711
2.4552	0.41720
2.4564	0.41733
2.4576	0.41742
2.4587	0.41750
2.4599	0.41760
2.4611	0.41771
2.4622	0.41782
2.4634	0.41795
2.4646	0.41812
2.4657	0.41830
2.4669	0.41850
2.4681	0.41863
2.4693	0.41873
2.4704	0.41888
2.4716	0.41899
2.4728	0.41911
2.474	0.41927
2.4751	0.41942
2.4763	0.41961
2.4775	0.41978
2.4787	0.41995
2.4799	0.42011
2.4811	0.42026
2.4823	0.42041
2.4834	0.42057
2.4846	0.42071
2.4858	0.42092
2.487	0.42115
2.4882	0.42131
2.4894	0.42140
2.4906	0.42156
2.4918	0.42167
2.493	0.42174
2.4942	0.42188
2.4954	0.42206
2.4966	0.42223
2.4978	0.42242
2.499	0.42254
2.5002	0.42268
2.5014	0.42286
2.5026	0.42300
2.5038	0.42314
2.505	0.42336
2.5063	0.42357
2.5075	0.42371
2.5087	0.42384
2.5099	0.42400
2.5111	0.42416
2.5123	0.42431
2.5135	0.42440
2.5148	0.42457
2.516	0.42471
2.5172	0.42481
2.5184	0.42497
2.5196	0.42519
2.5209	0.42542
2.5221	0.42560
2.5233	0.42578
2.5246	0.42595
2.5258	0.42607
2.527	0.42618
2.5282	0.42635
2.5295	0.42652
2.5307	0.42664
2.5319	0.42681
2.5332	0.42697
2.5344	0.42712
2.5357	0.42725
2.5369	0.42735
2.5381	0.42747
2.5394	0.42757
2.5406	0.42769
2.5419	0.42788
2.5431	0.42805
2.5444	0.42821
2.5456	0.42838
2.5469	0.42851
2.5481	0.42859
2.5494	0.42869
2.5506	0.42877
2.5519	0.42890
2.5531	0.42900
2.5544	0.42912
2.5556	0.42919
2.5569	0.42930
2.5582	0.42941
2.5594	0.42953
2.5607	0.42966
2.562	0.42982
2.5632	0.42997
2.5645	0.43011
2.5658	0.43028
2.567	0.43039
2.5683	0.43047
2.5696	0.43059
2.5709	0.43073
2.5721	0.43084
2.5734	0.43099
2.5747	0.43122
2.576	0.43134
2.5773	0.43151
2.5785	0.43169
2.5798	0.43178
2.5811	0.43190
2.5824	0.43206
2.5837	0.43214
2.585	0.43232
2.5862	0.43243
2.5875	0.43258
2.5888	0.43277
2.5901	0.43292
2.5914	0.43305
2.5927	0.43312
2.594	0.43314
2.5953	0.43338
2.5966	0.43360
2.5979	0.43369
2.5992	0.43376
2.6005	0.43383
2.6018	0.43397
2.6031	0.43411
2.6044	0.43418
2.6057	0.43431
2.6071	0.43448
2.6084	0.43460
2.6097	0.43472
2.611	0.43485
2.6123	0.43496
2.6136	0.43510
2.6149	0.43521
2.6163	0.43531
2.6176	0.43551
2.6189	0.43556
2.6202	0.43556
2.6216	0.43575
2.6229	0.43585
2.6242	0.43591
2.6255	0.43592
2.6269	0.43601
2.6282	0.43614
2.6295	0.43617
2.6309	0.43629
2.6322	0.43638
2.6335	0.43634
2.6349	0.43639
2.6362	0.43643
2.6376	0.43649
2.6389	0.43655
2.6402	0.43662
2.6416	0.43671
2.6429	0.43683
2.6443	0.43692
2.6456	0.43703
2.647	0.43711
2.6483	0.43720
2.6497	0.43727
2.651	0.43732
2.6524	0.43736
2.6538	0.43742
2.6551	0.43747
2.6565	0.43754
2.6578	0.43752
2.6592	0.43746
2.6606	0.43745
2.6619	0.43746
2.6633	0.43737
2.6647	0.43721
2.666	0.43708
2.6674	0.43682
2.6688	0.43622
2.6701	0.43543
2.6715	0.43479
2.6729	0.43390
2.6743	0.43271
2.6756	0.43133
2.677	0.42986
2.6784	0.42826
2.6798	0.42639
2.6812	0.42423
2.6826	0.42181
2.684	0.41958
2.6854	0.41770
2.6868	0.41615
2.6881	0.41490
2.6895	0.41389
2.6909	0.41281
2.6923	0.41170
2.6937	0.41081
2.6951	0.41033
2.6965	0.40999
2.6979	0.40960
2.6993	0.40903
2.7007	0.40823
2.7021	0.40716
2.7036	0.40578
2.705	0.40399
2.7064	0.40178
2.7078	0.39906
2.7092	0.39593
2.7106	0.39215
2.712	0.38772
2.7135	0.38225
2.7149	0.37470
2.7163	0.36241
2.7177	0.34340
2.7191	0.31929
2.7206	0.29425
2.722	0.28142
2.7234	0.28617
2.7249	0.29549
2.7263	0.30461
2.7277	0.31372
2.7292	0.31983
2.7306	0.32143
2.732	0.32324
2.7335	0.32757
2.7349	0.33255
2.7364	0.33860
2.7378	0.34306
2.7393	0.34607
2.7407	0.35146
2.7422	0.35770
2.7436	0.36088
2.7451	0.36177
2.7465	0.36210
2.748	0.36244
2.7494	0.36273
2.7509	0.36262
2.7523	0.36272
2.7538	0.36326
2.7553	0.36336
2.7567	0.36319
2.7582	0.36296
2.7597	0.36268
2.7611	0.36219
2.7626	0.36174
2.7641	0.36143
2.7656	0.36115
2.767	0.36077
2.7685	0.36038
2.77	0.35992
2.7715	0.35945
2.7729	0.35893
2.7744	0.35838
2.7759	0.35803
2.7774	0.35777
2.7789	0.35744
2.7804	0.35713
2.7819	0.35683
2.7834	0.35656
2.7849	0.35630
2.7864	0.35606
2.7879	0.35580
2.7894	0.35571
2.7909	0.35568
2.7924	0.35557
2.7939	0.35554
2.7954	0.35554
2.7969	0.35551
2.7984	0.35555
2.7999	0.35556
2.8014	0.35548
2.8029	0.35541
2.8044	0.35543
2.806	0.35549
2.8075	0.35552
2.809	0.35549
2.8105	0.35543
2.8121	0.35545
2.8136	0.35559
2.8151	0.35568
2.8166	0.35570
2.8182	0.35578
2.8197	0.35588
2.8212	0.35598
2.8228	0.35616
2.8243	0.35638
2.8258	0.35657
2.8274	0.35664
2.8289	0.35669
2.8305	0.35686
2.832	0.35696
2.8336	0.35692
2.8351	0.35691
2.8367	0.35686
2.8382	0.35670
2.8398	0.35653
2.8413	0.35644
2.8429	0.35636
2.8444	0.35630
2.846	0.35628
2.8476	0.35624
2.8491	0.35625
2.8507	0.35633
2.8523	0.35635
2.8538	0.35646
2.8554	0.35664
2.857	0.35683
2.8586	0.35699
2.8601	0.35718
2.8617	0.35732
2.8633	0.35728
2.8649	0.35722
2.8664	0.35725
2.868	0.35724
2.8696	0.35713
2.8712	0.35703
2.8728	0.35693
2.8744	0.35686
2.876	0.35682
2.8776	0.35670
2.8792	0.35655
2.8808	0.35648
2.8824	0.35641
2.884	0.35628
2.8856	0.35614
2.8872	0.35599
2.8888	0.35587
2.8904	0.35579
2.892	0.35570
2.8936	0.35559
2.8953	0.35549
2.8969	0.35539
2.8985	0.35536
2.9001	0.35532
2.9017	0.35525
2.9034	0.35513
2.905	0.35499
2.9066	0.35492
2.9083	0.35484
2.9099	0.35476
2.9115	0.35470
2.9131	0.35460
2.9148	0.35451
2.9164	0.35443
2.9181	0.35446
2.9197	0.35454
2.9214	0.35454
2.923	0.35450
2.9247	0.35458
2.9263	0.35469
2.928	0.35482
2.9296	0.35502
2.9313	0.35524
2.9329	0.35539
2.9346	0.35557
2.9363	0.35585
2.9379	0.35616
2.9396	0.35641
2.9412	0.35668
2.9429	0.35695
2.9446	0.35719
2.9463	0.35750
2.9479	0.35783
2.9496	0.35816
2.9513	0.35844
2.953	0.35868
2.9546	0.35893
2.9563	0.35917
2.958	0.35939
2.9597	0.35965
2.9614	0.35993
2.9631	0.36018
2.9648	0.36042
2.9665	0.36064
2.9682	0.36097
2.9699	0.36123
2.9716	0.36145
2.9733	0.36170
2.975	0.36200
2.9767	0.36231
2.9784	0.36262
2.9801	0.36290
2.9818	0.36317
2.9836	0.36350
2.9853	0.36381
2.987	0.36408
2.9887	0.36444
2.9904	0.36476
2.9922	0.36505
2.9939	0.36538
2.9956	0.36564
2.9974	0.36594
2.9991	0.36624
3.0008	0.36657
3.0026	0.36690
3.0043	0.36718
3.006	0.36751
3.0078	0.36787
3.0095	0.36821
3.0113	0.36848
3.013	0.36873
3.0148	0.36906
3.0165	0.36938
3.0183	0.36970
3.02	0.36992
3.0218	0.37016
3.0236	0.37044
3.0253	0.37066
3.0271	0.37084
3.0289	0.37107
3.0306	0.37135
3.0324	0.37160
3.0342	0.37182
3.036	0.37201
3.0377	0.37220
3.0395	0.37239
3.0413	0.37256
3.0431	0.37283
3.0449	0.37311
3.0467	0.37333
3.0484	0.37352
3.0502	0.37369
3.052	0.37389
3.0538	0.37408
3.0556	0.37430
3.0574	0.37447
3.0592	0.37464
3.0611	0.37481
3.0629	0.37497
3.0647	0.37511
3.0665	0.37525
3.0683	0.37544
3.0701	0.37560
3.0719	0.37575
3.0738	0.37592
3.0756	0.37606
3.0774	0.37621
3.0792	0.37637
3.0811	0.37649
3.0829	0.37660
3.0847	0.37676
3.0866	0.37688
3.0884	0.37700
3.0902	0.37721
3.0921	0.37740
3.0939	0.37756
3.0958	0.37773
3.0976	0.37790
3.0995	0.37806
3.1013	0.37819
3.1032	0.37839
3.105	0.37859
3.1069	0.37875
3.1088	0.37891
3.1106	0.37909
3.1125	0.37929
3.1144	0.37945
3.1162	0.37960
3.1181	0.37978
3.12	0.37992
3.1219	0.38013
3.1237	0.38037
3.1256	0.38061
3.1275	0.38082
3.1294	0.38099
3.1313	0.38120
3.1332	0.38140
3.1351	0.38160
3.137	0.38182
3.1389	0.38199
3.1408	0.38217
3.1427	0.38235
3.1446	0.38253
3.1465	0.38264
3.1484	0.38283
3.1503	0.38308
3.1522	0.38320
3.1541	0.38336
3.1561	0.38354
3.158	0.38371
3.1599	0.38387
3.1618	0.38401
3.1638	0.38422
3.1657	0.38444
3.1676	0.38466
3.1696	0.38487
3.1715	0.38507
3.1734	0.38526
3.1754	0.38546
3.1773	0.38570
3.1793	0.38592
3.1812	0.38612
3.1832	0.38635
3.1851	0.38658
3.1871	0.38681
3.1891	0.38702
3.191	0.38727
3.193	0.38757
3.1949	0.38779
3.1969	0.38803
3.1989	0.38825
3.2009	0.38846
3.2029	0.38875
3.2048	0.38893
3.2068	0.38911
3.2088	0.38932
3.2108	0.38951
3.2128	0.38978
3.2148	0.39007
3.2168	0.39028
3.2188	0.39044
3.2208	0.39061
3.2228	0.39083
3.2248	0.39103
3.2268	0.39120
3.2288	0.39131
3.2308	0.39151
3.2328	0.39178
3.2348	0.39198
3.2368	0.39222
3.2389	0.39247
3.2409	0.39261
3.2429	0.39285
3.2449	0.39306
3.247	0.39325
3.249	0.39345
3.251	0.39360
3.2531	0.39376
3.2551	0.39404
3.2572	0.39426
3.2592	0.39440
3.2613	0.39462
3.2633	0.39487
3.2654	0.39507
3.2674	0.39530
3.2695	0.39555
3.2716	0.39582
3.2736	0.39604
3.2757	0.39620
3.2778	0.39644
3.2798	0.39673
3.2819	0.39696
3.284	0.39711
3.2861	0.39723
3.2881	0.39742
3.2902	0.39761
3.2923	0.39777
3.2944	0.39798
3.2965	0.39824
3.2986	0.39841
3.3007	0.39856
3.3028	0.39876
3.3049	0.39896
3.307	0.39913
3.3091	0.39934
3.3112	0.39959
3.3134	0.39980
3.3155	0.40001
3.3176	0.40026
3.3197	0.40046
3.3219	0.40068
3.324	0.40091
3.3261	0.40112
3.3283	0.40125
3.3304	0.40142
3.3325	0.40152
3.3347	0.40157
3.3368	0.40157
3.339	0.40158
3.3411	0.40159
3.3433	0.40161
3.3454	0.40167
3.3476	0.40176
3.3498	0.40184
3.3519	0.40192
3.3541	0.40201
3.3563	0.40205
3.3584	0.40203
3.3606	0.40201
3.3628	0.40192
3.365	0.40185
3.3671	0.40177
3.3693	0.40159
3.3715	0.40153
3.3737	0.40156
3.3759	0.40156
3.3781	0.40173
3.3803	0.40207
3.3825	0.40246
3.3847	0.40283
3.3869	0.40318
3.3891	0.40343
3.3914	0.40350
3.3936	0.40359
3.3958	0.40363
3.398	0.40351
3.4003	0.40331
3.4025	0.40314
3.4047	0.40302
3.407	0.40291
3.4092	0.40275
3.4114	0.40264
3.4137	0.40266
3.4159	0.40277
3.4182	0.40308
3.4204	0.40365
3.4227	0.40427
3.425	0.40496
3.4272	0.40570
3.4295	0.40647
3.4318	0.40716
3.434	0.40764
3.4363	0.40810
3.4386	0.40859
3.4409	0.40904
3.4432	0.40945
3.4454	0.40983
3.4477	0.41025
3.45	0.41065
3.4523	0.41097
3.4546	0.41131
3.4569	0.41165
3.4592	0.41194
3.4616	0.41222
3.4639	0.41247
3.4662	0.41260
3.4685	0.41267
3.4708	0.41272
3.4731	0.41279
3.4755	0.41293
3.4778	0.41312
3.4801	0.41324
3.4825	0.41335
3.4848	0.41352
3.4872	0.41373
3.4895	0.41382
3.4919	0.41389
3.4942	0.41398
3.4966	0.41402
3.4989	0.41413
3.5013	0.41436
3.5036	0.41471
3.506	0.41521
3.5084	0.41591
3.5108	0.41666
3.5131	0.41733
3.5155	0.41793
3.5179	0.41854
3.5203	0.41909
3.5227	0.41960
3.5251	0.42011
3.5275	0.42054
3.5299	0.42087
3.5323	0.42123
3.5347	0.42157
3.5371	0.42182
3.5395	0.42212
3.5419	0.42238
3.5444	0.42265
3.5468	0.42300
3.5492	0.42324
3.5516	0.42336
3.5541	0.42362
3.5565	0.42383
3.559	0.42396
3.5614	0.42422
3.5639	0.42453
3.5663	0.42468
3.5688	0.42484
3.5712	0.42510
3.5737	0.42525
3.5761	0.42539
3.5786	0.42563
3.5811	0.42576
3.5836	0.42591
3.586	0.42617
3.5885	0.42632
3.591	0.42644
3.5935	0.42667
3.596	0.42685
3.5985	0.42696
3.601	0.42715
3.6035	0.42736
3.606	0.42744
3.6085	0.42756
3.611	0.42782
3.6135	0.42810
3.616	0.42824
3.6186	0.42832
3.6211	0.42838
3.6236	0.42850
3.6261	0.42861
3.6287	0.42878
3.6312	0.42900
3.6338	0.42919
3.6363	0.42933
3.6389	0.42941
3.6414	0.42950
3.644	0.42964
3.6466	0.42974
3.6491	0.42987
3.6517	0.43002
3.6543	0.43018
3.6569	0.43036
3.6594	0.43054
3.662	0.43069
3.6646	0.43086
3.6672	0.43106
3.6698	0.43124
3.6724	0.43141
3.675	0.43157
3.6776	0.43173
3.6802	0.43189
3.6828	0.43206
3.6854	0.43220
3.6881	0.43232
3.6907	0.43242
3.6933	0.43257
3.6959	0.43277
3.6986	0.43295
3.7012	0.43314
3.7039	0.43331
3.7065	0.43350
3.7092	0.43367
3.7118	0.43379
3.7145	0.43394
3.7171	0.43410
3.7198	0.43423
3.7225	0.43433
3.7252	0.43445
3.7278	0.43459
3.7305	0.43475
3.7332	0.43489
3.7359	0.43500
3.7386	0.43515
3.7413	0.43529
3.744	0.43542
3.7467	0.43555
3.7494	0.43570
3.7521	0.43584
3.7548	0.43594
3.7576	0.43605
3.7603	0.43617
3.763	0.43631
3.7657	0.43642
3.7685	0.43654
3.7712	0.43668
3.774	0.43680
3.7767	0.43688
3.7795	0.43699
3.7822	0.43709
3.785	0.43719
3.7877	0.43727
3.7905	0.43733
3.7933	0.43744
3.7961	0.43758
3.7988	0.43767
3.8016	0.43774
3.8044	0.43781
3.8072	0.43789
3.81	0.43795
3.8128	0.43800
3.8156	0.43807
3.8184	0.43817
3.8212	0.43826
3.8241	0.43834
3.8269	0.43843
3.8297	0.43850
3.8325	0.43854
3.8354	0.43861
3.8382	0.43866
3.8411	0.43872
3.8439	0.43878
3.8468	0.43887
3.8496	0.43894
3.8525	0.43899
3.8553	0.43903
3.8582	0.43910
3.8611	0.43919
3.8639	0.43927
3.8668	0.43931
3.8697	0.43935
3.8726	0.43939
3.8755	0.43944
3.8784	0.43952
3.8813	0.43957
3.8842	0.43958
3.8871	0.43963
3.89	0.43968
3.893	0.43974
3.8959	0.43977
3.8988	0.43979
3.9017	0.43983
3.9047	0.43986
3.9076	0.43988
3.9106	0.43989
3.9135	0.43990
3.9165	0.43992
3.9194	0.43992
3.9224	0.43992
3.9254	0.43990
3.9284	0.43986
3.9313	0.43987
3.9343	0.43989
3.9373	0.43988
3.9403	0.43987
3.9433	0.43977
3.9463	0.43968
3.9493	0.43963
3.9523	0.43960
3.9553	0.43956
3.9583	0.43953
3.9614	0.43947
3.9644	0.43939
3.9674	0.43935
3.9705	0.43931
3.9735	0.43926
3.9766	0.43926
3.9796	0.43925
3.9826	0.43923
3.9857	0.43920
3.9888	0.43922
3.9919	0.43921
3.9949	0.43920
3.998	0.43919
4.0011	0.43920
4.0042	0.43919
4.0073	0.43918
4.0104	0.43916
4.0135	0.43916
4.0166	0.43915
4.0197	0.43912
4.0228	0.43904
4.0259	0.43903
4.0291	0.43905
4.0322	0.43903
4.0353	0.43899
4.0385	0.43898
4.0416	0.43894
4.0448	0.43889
4.0479	0.43882
4.0511	0.43878
4.0543	0.43875
4.0574	0.43870
4.0606	0.43864
4.0638	0.43858
4.067	0.43851
4.0702	0.43849
4.0734	0.43841
4.0766	0.43831
4.0798	0.43825
4.083	0.43817
4.0862	0.43811
4.0894	0.43806
4.0927	0.43796
4.0959	0.43791
4.0991	0.43785
4.1024	0.43773
4.1056	0.43764
4.1089	0.43759
4.1121	0.43754
4.1154	0.43747
4.1187	0.43738
4.122	0.43727
4.1252	0.43718
4.1285	0.43711
4.1318	0.43702
4.1351	0.43693
4.1384	0.43685
4.1417	0.43679
4.145	0.43672
4.1483	0.43662
4.1516	0.43651
4.155	0.43641
4.1583	0.43633
4.1616	0.43627
4.165	0.43616
4.1683	0.43607
4.1717	0.43599
4.175	0.43594
4.1784	0.43585
4.1818	0.43577
4.1852	0.43572
4.1885	0.43568
4.1919	0.43557
4.1953	0.43548
4.1987	0.43542
4.2021	0.43533
4.2055	0.43527
4.2089	0.43520
4.2124	0.43508
4.2158	0.43498
4.2192	0.43491
4.2226	0.43482
4.2261	0.43474
4.2295	0.43465
4.233	0.43453
4.2365	0.43441
4.2399	0.43428
4.2434	0.43415
4.2469	0.43403
4.2503	0.43393
4.2538	0.43380
4.2573	0.43360
4.2608	0.43334
4.2643	0.43316
4.2678	0.43306
4.2713	0.43308
4.2749	0.43315
4.2784	0.43319
4.2819	0.43318
4.2855	0.43314
4.289	0.43309
4.2926	0.43305
4.2961	0.43301
4.2997	0.43295
4.3033	0.43290
4.3068	0.43285
4.3104	0.43276
4.314	0.43269
4.3176	0.43261
4.3212	0.43255
4.3248	0.43251
4.3284	0.43249
4.332	0.43245
4.3356	0.43241
4.3393	0.43235
4.3429	0.43231
4.3465	0.43224
4.3502	0.43218
4.3538	0.43215
4.3575	0.43212
4.3611	0.43208
4.3648	0.43207
4.3685	0.43201
4.3722	0.43198
4.3759	0.43195
4.3796	0.43193
4.3833	0.43188
4.387	0.43183
4.3907	0.43176
4.3944	0.43165
4.3981	0.43159
4.4019	0.43155
4.4056	0.43147
4.4094	0.43140
4.4131	0.43131
4.4169	0.43121
4.4206	0.43113
4.4244	0.43105
4.4282	0.43096
4.432	0.43086
4.4358	0.43073
4.4396	0.43066
4.4434	0.43058
4.4472	0.43047
4.451	0.43035
4.4548	0.43027
4.4586	0.43014
4.4625	0.42997
4.4663	0.42977
4.4702	0.42964
4.474	0.42948
4.4779	0.42926
4.4818	0.42902
4.4856	0.42882
4.4895	0.42858
4.4934	0.42831
4.4973	0.42805
4.5012	0.42778
4.5051	0.42743
4.509	0.42696
4.513	0.42645
4.5169	0.42591
4.5208	0.42520
4.5248	0.42446
4.5287	0.42363
4.5327	0.42269
4.5367	0.42167
4.5406	0.42065
4.5446	0.41957
4.5486	0.41845
4.5526	0.41733
4.5566	0.41617
4.5606	0.41492
4.5646	0.41364
4.5686	0.41230
4.5727	0.41090
4.5767	0.40942
4.5808	0.40787
4.5848	0.40628
4.5889	0.40464
4.5929	0.40292
4.597	0.40116
4.6011	0.39930
4.6052	0.39735
4.6093	0.39528
4.6134	0.39316
4.6175	0.39105
4.6216	0.38889
4.6257	0.38673
4.6298	0.38464
4.634	0.38255
4.6381	0.38053
4.6423	0.37857
4.6464	0.37663
4.6506	0.37472
4.6548	0.37288
4.659	0.37106
4.6631	0.36935
4.6673	0.36780
4.6715	0.36643
4.6758	0.36522
4.68	0.36412
4.6842	0.36310
4.6884	0.36215
4.6927	0.36120
4.6969	0.36025
4.7012	0.35926
4.7055	0.35826
4.7097	0.35726
4.714	0.35627
4.7183	0.35523
4.7226	0.35409
4.7269	0.35285
4.7312	0.35153
4.7355	0.35008
4.7399	0.34852
4.7442	0.34683
4.7485	0.34505
4.7529	0.34316
4.7573	0.34120
4.7616	0.33921
4.766	0.33717
4.7704	0.33509
4.7748	0.33301
4.7792	0.33087
4.7836	0.32866
4.788	0.32647
4.7924	0.32431
4.7969	0.32218
4.8013	0.32010
4.8058	0.31812
4.8102	0.31630
4.8147	0.31457
4.8191	0.31299
4.8236	0.31161
4.8281	0.31037
4.8326	0.30931
4.8371	0.30847
4.8416	0.30780
4.8462	0.30733
4.8507	0.30698
4.8553	0.30673
4.8598	0.30661
4.8644	0.30657
4.8689	0.30655
4.8735	0.30662
4.8781	0.30674
4.8827	0.30690
4.8873	0.30706
4.8919	0.30716
4.8965	0.30724
4.9011	0.30730
4.9058	0.30731
4.9104	0.30728
4.9151	0.30721
4.9197	0.30709
4.9244	0.30687
4.9291	0.30667
4.9338	0.30646
4.9385	0.30616
4.9432	0.30578
4.9479	0.30535
4.9526	0.30491
4.9574	0.30444
4.9621	0.30391
4.9669	0.30336
4.9716	0.30274
4.9764	0.30208
4.9812	0.30139
4.986	0.30063
4.9908	0.29975
4.9956	0.29878
5.0004	0.29774
5.0052	0.29659
5.01	0.29531
5.0149	0.29395
5.0198	0.29250
5.0246	0.29094
5.0295	0.28928
5.0344	0.28753
5.0393	0.28563
5.0442	0.28364
5.0491	0.28159
5.054	0.27947
5.0589	0.27734
5.0639	0.27520
5.0688	0.27311
5.0738	0.27108
5.0788	0.26911
5.0837	0.26716
5.0887	0.26519
5.0937	0.26327
5.0987	0.26138
5.1037	0.25949
5.1088	0.25768
5.1138	0.25590
5.1189	0.25418
5.1239	0.25258
5.129	0.25114
5.1341	0.24990
5.1391	0.24892
5.1443	0.24832
5.1494	0.24819
5.1545	0.24854
5.1596	0.24942
5.1647	0.25082
5.1699	0.25259
5.175	0.25466
5.1802	0.25700
5.1854	0.25953
5.1906	0.26212
5.1958	0.26470
5.201	0.26720
5.2062	0.26958
5.2115	0.27181
5.2167	0.27378
5.222	0.27545
5.2272	0.27692
5.2325	0.27820
5.2378	0.27934
5.2431	0.28036
5.2484	0.28133
5.2537	0.28234
5.259	0.28344
5.2644	0.28468
5.2697	0.28605
5.2751	0.28755
5.2805	0.28912
5.2858	0.29074
5.2912	0.29244
5.2966	0.29404
5.302	0.29551
5.3075	0.29684
5.3129	0.29800
5.3184	0.29900
5.3238	0.29986
5.3293	0.30058
5.3348	0.30116
5.3403	0.30158
5.3458	0.30186
5.3513	0.30205
5.3568	0.30193
5.3624	0.30155
5.3679	0.30103
5.3735	0.30029
5.379	0.29931
5.3846	0.29811
5.3902	0.29676
5.3958	0.29522
5.4015	0.29353
5.4071	0.29183
5.4127	0.29016
5.4184	0.28863
5.4241	0.28723
5.4297	0.28581
5.4354	0.28465
5.4411	0.28380
5.4468	0.28322
5.4526	0.28289
5.4583	0.28290
5.4641	0.28326
5.4698	0.28377
5.4756	0.28444
5.4814	0.28537
5.4872	0.28634
5.493	0.28743
5.4988	0.28863
5.5047	0.28991
5.5105	0.29107
5.5164	0.29211
5.5223	0.29294
5.5281	0.29339
5.534	0.29336
5.54	0.29292
5.5459	0.29195
5.5518	0.29051
5.5578	0.28862
5.5637	0.28653
5.5697	0.28444
5.5757	0.28259
5.5817	0.28087
5.5877	0.27924
5.5937	0.27789
5.5998	0.27684
5.6058	0.27589
5.6119	0.27502
5.618	0.27423
5.6241	0.27347
5.6302	0.27278
5.6363	0.27227
5.6424	0.27186
5.6486	0.27122
5.6547	0.27065
5.6609	0.27014
5.6671	0.26958
5.6733	0.26929
5.6795	0.26899
5.6857	0.26862
5.692	0.26834
5.6982	0.26803
5.7045	0.26770
5.7108	0.26739
5.7171	0.26676
5.7234	0.26602
5.7297	0.26523
5.7361	0.26448
5.7424	0.26378
5.7488	0.26320
5.7551	0.26262
5.7615	0.26243
5.768	0.26246
5.7744	0.26209
5.7808	0.26178
5.7873	0.26168
5.7937	0.26163
5.8002	0.26160
5.8067	0.26149
5.8132	0.26147
5.8197	0.26163
5.8263	0.26161
5.8328	0.26129
5.8394	0.26106
5.846	0.26098
5.8526	0.26103
5.8592	0.26110
5.8658	0.26116
5.8725	0.26105
5.8791	0.26110
5.8858	0.26057
5.8925	0.25957
5.8992	0.25838
5.9059	0.25657
5.9126	0.25463
5.9194	0.25254
5.9262	0.25020
5.9329	0.24781
5.9397	0.24482
5.9465	0.24116
5.9534	0.23742
5.9602	0.23363
5.9671	0.22981
5.974	0.22587
5.9808	0.22208
5.9878	0.21882
5.9947	0.21582
6.0016	0.21329
6.0086	0.21136
6.0155	0.20991
6.0225	0.20866
6.0295	0.20779
6.0365	0.20722
6.0436	0.20712
6.0506	0.20714
6.0577	0.20657
6.0648	0.20617
6.0719	0.20624
6.079	0.20612
6.0861	0.20586
6.0933	0.20566
6.1005	0.20545
6.1076	0.20527
6.1148	0.20495
6.1221	0.20407
6.1293	0.20294
6.1365	0.20176
6.1438	0.20038
6.1511	0.19876
6.1584	0.19709
6.1657	0.19524
6.1731	0.19339
6.1804	0.19188
6.1878	0.19058
6.1952	0.18926
6.2026	0.18836
6.21	0.18788
6.2175	0.18776
6.225	0.18794
6.2324	0.18831
6.2399	0.18871
6.2475	0.18906
6.255	0.18932
6.2625	0.18952
6.2701	0.18966
6.2777	0.18972
6.2853	0.18978
6.2929	0.18993
6.3006	0.19024
6.3083	0.19082
6.3159	0.19171
6.3236	0.19293
6.3314	0.19444
6.3391	0.19644
6.3469	0.19883
6.3546	0.20106
6.3624	0.20346
6.3703	0.20616
6.3781	0.20875
6.3859	0.21117
6.3938	0.21356
6.4017	0.21580
6.4096	0.21820
6.4176	0.22023
6.4255	0.22139
6.4335	0.22241
6.4415	0.22333
6.4495	0.22409
6.4575	0.22479
6.4656	0.22546
6.4736	0.22618
6.4817	0.22685
6.4898	0.22758
6.498	0.22805
6.5061	0.22795
6.5143	0.22786
6.5225	0.22781
6.5307	0.22725
6.5389	0.22643
6.5472	0.22546
6.5555	0.22423
6.5638	0.22277
6.5721	0.22128
6.5804	0.21945
6.5888	0.21767
6.5972	0.21611
6.6056	0.21472
6.614	0.21369
6.6225	0.21312
6.6309	0.21316
6.6394	0.21352
6.6479	0.21366
6.6565	0.21404
6.665	0.21496
6.6736	0.21610
6.6822	0.21727
6.6908	0.21816
6.6995	0.21885
6.7081	0.21958
6.7168	0.22012
6.7255	0.22038
6.7343	0.22044
6.743	0.22048
6.7518	0.22048
6.7606	0.22031
6.7694	0.22012
6.7783	0.21997
6.7871	0.21978
6.796	0.21928
6.805	0.21856
6.8139	0.21802
6.8229	0.21760
6.8319	0.21699
6.8409	0.21625
6.8499	0.21562
6.859	0.21516
6.868	0.21443
6.8772	0.21325
6.8863	0.21223
6.8955	0.21134
6.9046	0.21046
6.9138	0.20955
6.9231	0.20862
6.9323	0.20774
6.9416	0.20683
6.9509	0.20601
6.9602	0.20530
6.9696	0.20440
6.979	0.20352
6.9884	0.20286
6.9978	0.20223
7.0073	0.20161
7.0168	0.20109
7.0263	0.20068
7.0358	0.20027
7.0454	0.19999
7.0549	0.19956
7.0645	0.19909
7.0742	0.19868
7.0839	0.19829
7.0935	0.19787
7.1033	0.19740
7.113	0.19689
7.1228	0.19629
7.1326	0.19551
7.1424	0.19472
7.1522	0.19381
7.1621	0.19281
7.172	0.19172
7.182	0.19046
7.1919	0.18916
7.2019	0.18790
7.2119	0.18660
7.222	0.18525
7.232	0.18396
7.2421	0.18267
7.2523	0.18135
7.2624	0.18007
7.2726	0.17877
7.2828	0.17731
7.2931	0.17572
7.3034	0.17412
7.3136	0.17247
7.324	0.17084
7.3343	0.16919
7.3447	0.16754
7.3551	0.16591
7.3656	0.16436
7.3761	0.16293
7.3866	0.16167
7.3971	0.16054
7.4077	0.15950
7.4183	0.15849
7.4289	0.15743
7.4396	0.15627
7.4502	0.15505
7.461	0.15377
7.4717	0.15245
7.4825	0.15106
7.4933	0.14966
7.5041	0.14828
7.515	0.14692
7.5259	0.14554
7.5369	0.14416
7.5479	0.14274
7.5589	0.14131
7.5699	0.13981
7.581	0.13830
7.592	0.13674
7.6032	0.13519
7.6144	0.13361
7.6255	0.13204
7.6368	0.13046
7.648	0.12885
7.6593	0.12716
7.6707	0.12546
7.682	0.12368
7.6934	0.12182
7.7049	0.11988
7.7163	0.11793
7.7278	0.11600
7.7394	0.11414
7.7509	0.11229
7.7625	0.11048
7.7742	0.10866
7.7858	0.10687
7.7975	0.10503
7.8093	0.10319
7.8211	0.10132
7.8329	0.09939
7.8447	0.09727
7.8566	0.09511
7.8685	0.09289
7.8805	0.09064
7.8925	0.08841
7.9045	0.08623
7.9166	0.08398
7.9287	0.08173
7.9408	0.07942
7.953	0.07711
7.9652	0.07478
7.9775	0.07247
7.9898	0.07011
8.0021	0.06777
8.0145	0.06542
8.0269	0.06305
8.0393	0.06071
8.0518	0.05840
8.0643	0.05603
8.0769	0.05369
8.0895	0.05136
8.1021	0.04908
8.1148	0.04676
8.1275	0.04449
8.1403	0.04225
8.1531	0.04013
8.1659	0.03798
8.1788	0.03591
8.1917	0.03394
8.2047	0.03212
8.2177	0.03030
8.2307	0.02857
8.2438	0.02690
8.257	0.02540
8.2701	0.02396
8.2833	0.02264
8.2966	0.02142
8.3099	0.02035
8.3232	0.01941
8.3366	0.01861
8.35	0.01791
8.3635	0.01741
8.377	0.01703
8.3905	0.01687
8.4042	0.01686
8.4178	0.01711
8.4315	0.01761
8.4452	0.01843
8.459	0.01957
8.4728	0.02116
8.4867	0.02312
8.5006	0.02560
8.5145	0.02851
8.5285	0.03200
8.5426	0.03594
8.5567	0.04043
8.5708	0.04541
8.585	0.05086
8.5993	0.05668
8.6135	0.06282
8.6279	0.06911
8.6423	0.07550
8.6567	0.08173
8.6712	0.08757
8.6857	0.09263
8.7003	0.09615
8.7149	0.09692
8.7295	0.09407
8.7443	0.08907
8.759	0.08648
8.7739	0.08888
8.7887	0.09420
8.8037	0.09903
8.8186	0.10152
8.8337	0.10137
8.8487	0.09937
8.8638	0.09614
8.879	0.09281
8.8943	0.09050
8.9095	0.08987
8.9249	0.09066
8.9403	0.09213
8.9557	0.09359
8.9712	0.09490
8.9868	0.09586
9.0023	0.09648
9.018	0.09679
9.0337	0.09690
9.0495	0.09682
9.0653	0.09670
9.0812	0.09658
9.0971	0.09652
9.1131	0.09643
9.1291	0.09634
9.1452	0.09627
9.1614	0.09626
9.1776	0.09622
9.1939	0.09621
9.2102	0.09612
9.2266	0.09611
9.243	0.09626
9.2595	0.09646
9.2761	0.09660
9.2927	0.09675
9.3094	0.09692
9.3262	0.09701
9.343	0.09696
9.3598	0.09683
9.3768	0.09657
9.3938	0.09617
9.4108	0.09549
9.4279	0.09459
9.4451	0.09343
9.4623	0.09206
9.4796	0.09046
9.497	0.08875
9.5144	0.08676
9.5319	0.08445
9.5494	0.08175
9.567	0.07866
9.5847	0.07508
9.6025	0.07115
9.6203	0.06687
9.6382	0.06231
9.6561	0.05778
9.6742	0.05370
9.6922	0.05030
9.7104	0.04786
9.7286	0.04643
9.7469	0.04612
9.7652	0.04686
9.7837	0.04878
9.8022	0.05169
9.8207	0.05522
9.8394	0.05891
9.8581	0.06252
9.8768	0.06577
9.8957	0.06825
9.9146	0.06954
9.9336	0.06964
9.9527	0.06877
9.9718	0.06744
9.991	0.06620
10.0103	0.06585
10.0297	0.06689
10.0491	0.06928
10.0686	0.07243
10.0882	0.07576
10.1079	0.07904
10.1276	0.08259
10.1475	0.08665
10.1673	0.09100
10.1873	0.09462
10.2074	0.09665
10.2275	0.09677
10.2477	0.09496
10.268	0.09148
10.2884	0.08734
10.3088	0.08390
10.3294	0.08263
10.35	0.08360
10.3707	0.08581
10.3915	0.08792
10.4123	0.08933
10.4333	0.08986
10.4543	0.08961
10.4754	0.08869
10.4967	0.08716
10.5179	0.08511
10.5393	0.08280
10.5608	0.08036
10.5823	0.07800
10.604	0.07601
10.6257	0.07448
10.6475	0.07324
10.6694	0.07251
10.6914	0.07225
10.7135	0.07236
10.7357	0.07262
10.758	0.07275
10.7803	0.07239
10.8028	0.07135
10.8254	0.06942
10.848	0.06684
10.8708	0.06368
10.8936	0.06009
10.9165	0.05646
10.9395	0.05332
10.9627	0.05090
10.9859	0.04947
11.0092	0.04903
11.0327	0.04953
11.0562	0.05040
11.0798	0.05098
11.1035	0.05100
11.1274	0.05071
11.1513	0.05048
11.1753	0.05083
11.1995	0.05232
11.2237	0.05534
11.248	0.05958
11.2725	0.06435
11.2971	0.06874
11.3217	0.07226
11.3465	0.07484
11.3714	0.07664
11.3964	0.07762
11.4215	0.07801
11.4467	0.07791
11.472	0.07749
11.4975	0.07681
11.523	0.07600
11.5487	0.07500
11.5744	0.07396
11.6003	0.07287
11.6263	0.07169
11.6525	0.07048
11.6787	0.06921
11.7051	0.06766
11.7316	0.06597
11.7582	0.06425
11.7849	0.06274
11.8117	0.06165
11.8387	0.06108
11.8658	0.06093
11.893	0.06106
11.9203	0.06128
11.9478	0.06159
11.9754	0.06198
12.0031	0.06254
12.031	0.06316
12.059	0.06416
12.0871	0.06560
12.1153	0.06731
12.1437	0.06895
12.1722	0.07051
12.2008	0.07203
12.2296	0.07356
12.2585	0.07490
12.2876	0.07601
12.3168	0.07710
12.3461	0.07810
12.3755	0.07884
12.4052	0.07946
12.4349	0.08003
12.4648	0.08050
12.4948	0.08076
12.525	0.08092
12.5553	0.08085
12.5858	0.08071
12.6164	0.08052
12.6472	0.08026
12.6781	0.07996
12.7092	0.07969
12.7404	0.07943
12.7718	0.07910
12.8033	0.07874
12.835	0.07827
12.8669	0.07768
12.8989	0.07676
12.9311	0.07531
12.9634	0.07339
12.9959	0.07088
13.0285	0.06802
13.0613	0.06495
13.0943	0.06219
13.1275	0.05994
13.1608	0.05849
13.1943	0.05771
13.228	0.05709
13.2618	0.05601
13.2958	0.05418
13.33	0.05136
13.3643	0.04809
13.3988	0.04553
13.4336	0.04440
13.4685	0.04430
13.5035	0.04447
13.5388	0.04405
13.5742	0.04265
13.6099	0.04063
13.6457	0.03886
13.6817	0.03768
13.7179	0.03744
13.7543	0.03795
13.7908	0.03864
13.8276	0.03913
13.8646	0.03953
13.9018	0.03997
13.9392	0.04039
13.9767	0.04065
14.0145	0.04076
14.0525	0.04054
14.0907	0.04008
14.129	0.03944
14.1676	0.03874
14.2065	0.03806
14.2455	0.03782
14.2847	0.03798
14.3242	0.03878
14.3639	0.03993
14.4038	0.04079
14.4439	0.04096
14.4843	0.04027
14.5248	0.03877
14.5656	0.03697
14.6067	0.03516
14.6479	0.03367
14.6894	0.03220
14.7312	0.03098
14.7731	0.03038
14.8153	0.03031
14.8578	0.03010
14.9005	0.02959
14.9434	0.02847
14.9866	0.02681
15.03	0.02500
15.0737	0.02346
15.1177	0.02230
15.1619	0.02182
15.2063	0.02211
15.2511	0.02321
15.2961	0.02487
15.3413	0.02646
15.3868	0.02761
15.4326	0.02853
15.4787	0.02913
15.525	0.02942
15.5717	0.02935
15.6186	0.02916
15.6658	0.02892
15.7132	0.02890
15.761	0.02905
15.809	0.02937
15.8574	0.03012
15.906	0.03126
15.955	0.03273
16.0042	0.03500
16.0538	0.03818
16.1036	0.04212
16.1538	0.04677
16.2043	0.05176
16.2551	0.05680
16.3062	0.06195
16.3576	0.06692
16.4094	0.07138
16.4615	0.07528
16.5139	0.07864
16.5667	0.08155
16.6198	0.08418
16.6732	0.08632
16.727	0.08802
16.7811	0.08938
16.8356	0.09059
16.8905	0.09152
16.9457	0.09271
17.0012	0.09386
17.0572	0.09499
17.1134	0.09620
17.1701	0.09748
17.2272	0.09834
17.2846	0.09865
17.3424	0.09864
17.4006	0.09801
17.4592	0.09630
17.5182	0.09417
17.5775	0.09149
17.6373	0.08855
17.6975	0.08583
17.7581	0.08388
17.8192	0.08372
17.8806	0.08523
17.9425	0.08752
18.0048	0.09007
18.0675	0.09273
18.1307	0.09577
18.1943	0.09843
18.2584	0.09959
18.3229	0.09902
18.3879	0.09718
18.4533	0.09483
18.5192	0.09256
18.5856	0.09092
18.6524	0.08992
18.7198	0.08832
18.7876	0.08596
18.8559	0.08429
18.9247	0.08550
18.9941	0.08961
19.0639	0.09547
19.1342	0.10141
19.2051	0.10646
19.2765	0.11025
19.3484	0.11260
19.4209	0.11390
19.4939	0.11426
19.5675	0.11369
19.6416	0.11293
19.7163	0.11159
19.7916	0.11011
19.8674	0.10827
19.9438	0.10586
20.0208	0.10289
20.0984	0.09970
20.1766	0.09650
20.2554	0.09329
20.3348	0.08958
20.4149	0.08605
20.4956	0.08303
20.5769	0.08014
20.6589	0.07750
20.7416	0.07526
20.8248	0.07298
20.9088	0.07005
20.9935	0.06705
21.0788	0.06453
21.1648	0.06323
21.2516	0.06458
21.3391	0.06651
21.4272	0.06817
21.5161	0.07083
21.6058	0.07466
21.6962	0.07864
21.7873	0.08176
21.8793	0.08401
21.972	0.08539
22.0654	0.08590
22.1597	0.08599
22.2548	0.08489
22.3508	0.08348
22.4475	0.08147
22.5451	0.07834
22.6436	0.07506
22.7429	0.07203
22.8431	0.06957
22.9442	0.06769
23.0461	0.06628
23.149	0.06552
23.2528	0.06437
23.3576	0.06284
23.4633	0.06082
23.5699	0.05879
23.6775	0.05714
23.7861	0.05580
23.8958	0.05464
24.0064	0.05263
24.118	0.05108
24.2307	0.05028
24.3445	0.05025
24.4593	0.05123
24.5753	0.05353
24.6923	0.05650
24.8104	0.05935
24.9297	0.06129
25.0501	0.06248
25.1717	0.06306
25.2945	0.06284
25.4185	0.06217
25.5437	0.06189
25.6702	0.06146
25.7979	0.06053
25.9269	0.05918
26.0572	0.05750
26.1888	0.05581
26.3217	0.05514
26.456	0.05533
26.5917	0.05660
26.7288	0.05808
26.8672	0.05964
27.0072	0.06074
27.1486	0.06071
27.2915	0.05983
27.4359	0.05994
27.5818	0.06119
27.7293	0.06473
27.8784	0.06939
28.0291	0.07389
28.1814	0.07767
28.3354	0.08062
28.4911	0.08221
28.6485	0.08259
28.8077	0.08176
28.9686	0.08010
29.1313	0.07880
29.2959	0.07740
29.4624	0.07598
29.6307	0.07610
29.801	0.07792
29.9733	0.08017
30.1475	0.08188
30.3238	0.08238
30.5022	0.08211
30.6827	0.08018
30.8653	0.07691
31.0502	0.07334
31.2372	0.07207
31.4265	0.07202
31.6182	0.07280
31.8121	0.07416
32.0085	0.07501
32.2073	0.07525
32.4086	0.07450
32.6124	0.07428
32.8188	0.07384
33.0279	0.07315
33.2396	0.07189
33.4541	0.07037
33.6713	0.06940
33.8914	0.06940
34.1143	0.06912
34.3403	0.06884
34.5692	0.06805
34.8012	0.06823
35.0363	0.06883
35.2747	0.06944
35.5163	0.06902
35.7612	0.06883
36.0096	0.06840
36.2614	0.06683
36.5167	0.06741
36.7757	0.06966
37.0384	0.07255
37.3049	0.07580
37.5752	0.07741
37.8495	0.07783
38.1278	0.07821
38.4102	0.07861
38.6968	0.07909
38.9878	0.08030
39.2832	0.08063
39.583	0.08008
39.8875	0.08030
40.1967	0.08003
40.5108	0.07719
40.8298	0.07415
41.1538	0.06882
41.483	0.06494
41.8176	0.06220
42.1575	0.05921
42.5031	0.05627
42.8544	0.05510
43.2115	0.05762
43.5746	0.06307
43.9439	0.06883
44.3195	0.07300
44.7015	0.07522
45.0902	0.07606
45.4858	0.07722
45.8883	0.07892
46.298	0.08092
46.7151	0.08512
47.1398	0.08641
47.5723	0.08587
48.0128	0.08562
48.4615	0.08534
48.9187	0.08538
49.3846	0.08215
49.8594	0.08060
