Brown University Keck/NASA Relab Spectrum OP-RLK-014-A/BKR2OP014A
Wavelength(micron)	Reflectance
0.3	0.13272
0.305	0.13829
0.31	0.14401
0.315	0.15116
0.32	0.16078
0.325	0.16874
0.33	0.18007
0.335	0.18967
0.34	0.20027
0.345	0.21087
0.35	0.21999
0.355	0.22888
0.36	0.23832
0.365	0.24756
0.37	0.25548
0.375	0.26258
0.38	0.26954
0.385	0.27443
0.39	0.28474
0.395	0.28985
0.4	0.29653
0.405	0.30280
0.41	0.30727
0.415	0.31230
0.42	0.31683
0.425	0.32018
0.43	0.32675
0.435	0.33387
0.44	0.34015
0.445	0.34395
0.45	0.34953
0.455	0.35457
0.46	0.36000
0.465	0.36425
0.47	0.36844
0.475	0.37307
0.48	0.37783
0.485	0.38265
0.49	0.38785
0.495	0.39277
0.5	0.39784
0.505	0.39907
0.51	0.40962
0.515	0.41686
0.52	0.42376
0.525	0.42919
0.53	0.43492
0.535	0.43969
0.54	0.44558
0.545	0.44685
0.55	0.45015
0.555	0.45661
0.56	0.46090
0.565	0.46381
0.57	0.46815
0.575	0.47089
0.58	0.47383
0.585	0.47727
0.59	0.48049
0.595	0.48282
0.6	0.48576
0.605	0.48967
0.61	0.49297
0.615	0.49644
0.62	0.49985
0.625	0.50323
0.63	0.50708
0.635	0.50884
0.64	0.51294
0.645	0.51544
0.65	0.51965
0.655	0.52068
0.66	0.52168
0.665	0.52584
0.67	0.52800
0.675	0.53111
0.68	0.53445
0.685	0.53579
0.69	0.53915
0.695	0.54018
0.7	0.54388
0.705	0.54470
0.71	0.54651
0.715	0.54727
0.72	0.54917
0.725	0.54938
0.73	0.54842
0.735	0.54799
0.74	0.54792
0.745	0.54340
0.75	0.54020
0.755	0.53508
0.76	0.53029
0.765	0.52241
0.77	0.51488
0.775	0.50594
0.78	0.49547
0.785	0.48396
0.79	0.47171
0.795	0.45956
0.8	0.44640
0.805	0.43218
0.81	0.41912
0.815	0.40338
0.82	0.39074
0.825	0.37609
0.83	0.36292
0.835	0.34970
0.84	0.33849
0.8402	0.33986
0.8404	0.33961
0.8405	0.33912
0.8406	0.33855
0.8408	0.33666
0.8409	0.33635
0.841	0.33732
0.8412	0.33784
0.8413	0.33726
0.8415	0.33673
0.8416	0.33671
0.8417	0.33601
0.8419	0.33543
0.842	0.33481
0.8421	0.33419
0.8423	0.33373
0.8424	0.33275
0.8425	0.33285
0.8427	0.33427
0.8428	0.33360
0.843	0.33395
0.8431	0.33481
0.8432	0.33426
0.8434	0.33328
0.8435	0.33309
0.8436	0.33241
0.8438	0.33199
0.8439	0.33133
0.844	0.33038
0.8442	0.33018
0.8443	0.33100
0.8445	0.33152
0.8446	0.33101
0.8447	0.33066
0.8449	0.33021
0.845	0.32911
0.8452	0.32886
0.8453	0.32970
0.8454	0.32966
0.8456	0.32875
0.8457	0.32807
0.8458	0.32732
0.846	0.32773
0.8461	0.32750
0.8463	0.32692
0.8464	0.32741
0.8465	0.32702
0.8467	0.32585
0.8468	0.32606
0.847	0.32686
0.8471	0.32659
0.8472	0.32513
0.8474	0.32494
0.8475	0.32639
0.8476	0.32597
0.8478	0.32427
0.8479	0.32354
0.8481	0.32357
0.8482	0.32344
0.8483	0.32339
0.8485	0.32337
0.8486	0.32423
0.8488	0.32475
0.8489	0.32355
0.849	0.32204
0.8492	0.32050
0.8493	0.32012
0.8495	0.32217
0.8496	0.32323
0.8497	0.32225
0.8499	0.32078
0.85	0.32032
0.8501	0.32066
0.8503	0.32042
0.8504	0.31964
0.8506	0.31903
0.8507	0.31904
0.8508	0.31981
0.851	0.32055
0.8511	0.32077
0.8513	0.32042
0.8514	0.32058
0.8515	0.31939
0.8517	0.31853
0.8518	0.31778
0.852	0.31762
0.8521	0.31730
0.8522	0.31661
0.8524	0.31658
0.8525	0.31705
0.8527	0.31692
0.8528	0.31651
0.8529	0.31646
0.8531	0.31580
0.8532	0.31479
0.8534	0.31482
0.8535	0.31423
0.8536	0.31480
0.8538	0.31502
0.8539	0.31316
0.8541	0.31161
0.8542	0.31142
0.8543	0.31210
0.8545	0.31243
0.8546	0.31156
0.8548	0.31183
0.8549	0.31256
0.855	0.31309
0.8552	0.31221
0.8553	0.31144
0.8555	0.31176
0.8556	0.31130
0.8558	0.31003
0.8559	0.31055
0.856	0.31077
0.8562	0.30953
0.8563	0.30885
0.8565	0.30827
0.8566	0.30760
0.8568	0.30856
0.8569	0.30920
0.857	0.30922
0.8572	0.30911
0.8573	0.30824
0.8575	0.30745
0.8576	0.30746
0.8577	0.30743
0.8579	0.30705
0.858	0.30677
0.8582	0.30752
0.8583	0.30778
0.8585	0.30682
0.8586	0.30614
0.8587	0.30627
0.8589	0.30589
0.859	0.30495
0.8592	0.30505
0.8593	0.30465
0.8594	0.30442
0.8596	0.30418
0.8597	0.30396
0.8599	0.30441
0.86	0.30327
0.8602	0.30242
0.8603	0.30318
0.8604	0.30372
0.8606	0.30364
0.8607	0.30359
0.8609	0.30316
0.861	0.30223
0.8612	0.30181
0.8613	0.30114
0.8614	0.30044
0.8616	0.30055
0.8617	0.30050
0.8619	0.30164
0.862	0.30162
0.8622	0.30086
0.8623	0.30100
0.8625	0.30092
0.8626	0.30010
0.8627	0.29927
0.8629	0.29842
0.863	0.29838
0.8632	0.29917
0.8633	0.29922
0.8635	0.29874
0.8636	0.29806
0.8637	0.29809
0.8639	0.29894
0.864	0.29944
0.8642	0.29881
0.8643	0.29805
0.8645	0.29736
0.8646	0.29709
0.8648	0.29676
0.8649	0.29497
0.865	0.29482
0.8652	0.29615
0.8653	0.29627
0.8655	0.29590
0.8656	0.29542
0.8658	0.29463
0.8659	0.29458
0.866	0.29408
0.8662	0.29335
0.8663	0.29411
0.8665	0.29468
0.8666	0.29417
0.8668	0.29444
0.8669	0.29421
0.8671	0.29390
0.8672	0.29323
0.8673	0.29158
0.8675	0.29202
0.8676	0.29334
0.8678	0.29327
0.8679	0.29269
0.8681	0.29218
0.8682	0.29170
0.8684	0.29051
0.8685	0.29076
0.8687	0.29082
0.8688	0.29125
0.869	0.29171
0.8691	0.29102
0.8692	0.28991
0.8694	0.28937
0.8695	0.28871
0.8697	0.28892
0.8698	0.28960
0.87	0.28903
0.8701	0.28874
0.8703	0.28951
0.8704	0.28963
0.8706	0.28858
0.8707	0.28803
0.8708	0.28828
0.871	0.28854
0.8711	0.28870
0.8713	0.28803
0.8714	0.28734
0.8716	0.28735
0.8717	0.28674
0.8719	0.28597
0.872	0.28544
0.8722	0.28545
0.8723	0.28610
0.8725	0.28582
0.8726	0.28512
0.8728	0.28519
0.8729	0.28518
0.873	0.28509
0.8732	0.28522
0.8733	0.28507
0.8735	0.28484
0.8736	0.28495
0.8738	0.28415
0.8739	0.28356
0.8741	0.28354
0.8742	0.28354
0.8744	0.28368
0.8745	0.28409
0.8747	0.28414
0.8748	0.28447
0.875	0.28425
0.8751	0.28329
0.8753	0.28266
0.8754	0.28261
0.8755	0.28239
0.8757	0.28212
0.8758	0.28229
0.876	0.28268
0.8762	0.28223
0.8763	0.28142
0.8764	0.28195
0.8766	0.28176
0.8767	0.28139
0.8769	0.28101
0.877	0.28085
0.8772	0.28048
0.8773	0.28077
0.8775	0.28060
0.8776	0.28033
0.8778	0.28012
0.8779	0.27967
0.8781	0.27936
0.8782	0.27945
0.8784	0.27963
0.8785	0.27914
0.8787	0.27898
0.8788	0.27949
0.879	0.27861
0.8791	0.27803
0.8793	0.27859
0.8794	0.27901
0.8796	0.27823
0.8797	0.27826
0.8799	0.27791
0.88	0.27778
0.8802	0.27748
0.8803	0.27773
0.8805	0.27726
0.8806	0.27679
0.8808	0.27652
0.8809	0.27620
0.8811	0.27627
0.8812	0.27644
0.8814	0.27649
0.8815	0.27629
0.8817	0.27594
0.8818	0.27539
0.882	0.27564
0.8821	0.27533
0.8823	0.27531
0.8824	0.27540
0.8826	0.27494
0.8827	0.27472
0.8829	0.27436
0.883	0.27404
0.8832	0.27457
0.8833	0.27496
0.8835	0.27421
0.8836	0.27359
0.8838	0.27378
0.8839	0.27411
0.8841	0.27420
0.8842	0.27392
0.8844	0.27357
0.8845	0.27279
0.8847	0.27183
0.8848	0.27173
0.885	0.27215
0.8851	0.27211
0.8853	0.27182
0.8854	0.27119
0.8856	0.27161
0.8857	0.27238
0.8859	0.27205
0.886	0.27147
0.8862	0.27195
0.8863	0.27227
0.8865	0.27165
0.8866	0.27125
0.8868	0.27146
0.8869	0.27160
0.8871	0.27113
0.8872	0.27101
0.8874	0.27173
0.8875	0.27144
0.8877	0.27100
0.8878	0.27037
0.888	0.27003
0.8882	0.26998
0.8883	0.26908
0.8885	0.26886
0.8886	0.26902
0.8888	0.26885
0.8889	0.26869
0.8891	0.26860
0.8892	0.26871
0.8894	0.26856
0.8895	0.26907
0.8897	0.26908
0.8898	0.26849
0.89	0.26867
0.8901	0.26934
0.8903	0.26925
0.8904	0.26863
0.8906	0.26760
0.8908	0.26742
0.8909	0.26803
0.891	0.26788
0.8912	0.26808
0.8914	0.26844
0.8915	0.26822
0.8917	0.26772
0.8918	0.26773
0.892	0.26706
0.8921	0.26582
0.8923	0.26559
0.8924	0.26568
0.8926	0.26538
0.8927	0.26532
0.8929	0.26533
0.893	0.26558
0.8932	0.26564
0.8934	0.26529
0.8935	0.26529
0.8937	0.26555
0.8938	0.26527
0.894	0.26597
0.8941	0.26662
0.8943	0.26638
0.8944	0.26536
0.8946	0.26494
0.8947	0.26476
0.8949	0.26425
0.895	0.26357
0.8952	0.26398
0.8954	0.26430
0.8955	0.26406
0.8957	0.26474
0.8958	0.26515
0.896	0.26459
0.8961	0.26408
0.8963	0.26397
0.8964	0.26368
0.8966	0.26374
0.8968	0.26360
0.8969	0.26348
0.8971	0.26350
0.8972	0.26304
0.8974	0.26286
0.8975	0.26283
0.8977	0.26304
0.8978	0.26312
0.898	0.26264
0.8982	0.26236
0.8983	0.26260
0.8985	0.26289
0.8986	0.26302
0.8988	0.26233
0.8989	0.26184
0.8991	0.26169
0.8992	0.26207
0.8994	0.26208
0.8996	0.26185
0.8997	0.26190
0.8999	0.26162
0.9	0.26125
0.9002	0.26129
0.9003	0.26171
0.9005	0.26204
0.9007	0.26169
0.9008	0.26164
0.901	0.26122
0.9011	0.26104
0.9013	0.26156
0.9014	0.26118
0.9016	0.26073
0.9018	0.26046
0.9019	0.26031
0.9021	0.26086
0.9022	0.26128
0.9024	0.26075
0.9025	0.26047
0.9027	0.26038
0.9028	0.26019
0.903	0.26016
0.9032	0.25983
0.9033	0.26000
0.9035	0.25988
0.9036	0.26028
0.9038	0.26057
0.904	0.25998
0.9041	0.25933
0.9043	0.25920
0.9044	0.25959
0.9046	0.25985
0.9047	0.25993
0.9049	0.25991
0.905	0.26009
0.9052	0.25996
0.9054	0.25957
0.9055	0.25960
0.9057	0.25965
0.9058	0.26033
0.906	0.26009
0.9062	0.25923
0.9063	0.25928
0.9065	0.25927
0.9066	0.25926
0.9068	0.25931
0.907	0.25913
0.9071	0.25902
0.9073	0.25894
0.9074	0.25898
0.9076	0.25855
0.9077	0.25823
0.9079	0.25868
0.9081	0.25897
0.9082	0.25858
0.9084	0.25885
0.9085	0.25876
0.9087	0.25896
0.9089	0.25870
0.909	0.25833
0.9092	0.25848
0.9093	0.25854
0.9095	0.25843
0.9097	0.25864
0.9098	0.25836
0.91	0.25807
0.9101	0.25809
0.9103	0.25840
0.9105	0.25841
0.9106	0.25862
0.9108	0.25855
0.9109	0.25774
0.9111	0.25733
0.9113	0.25749
0.9114	0.25777
0.9116	0.25811
0.9117	0.25817
0.9119	0.25794
0.9121	0.25771
0.9122	0.25785
0.9124	0.25773
0.9125	0.25771
0.9127	0.25780
0.9129	0.25775
0.913	0.25849
0.9132	0.25860
0.9133	0.25832
0.9135	0.25789
0.9137	0.25786
0.9138	0.25823
0.914	0.25813
0.9142	0.25754
0.9143	0.25737
0.9145	0.25779
0.9146	0.25752
0.9148	0.25738
0.915	0.25802
0.9151	0.25812
0.9153	0.25805
0.9154	0.25813
0.9156	0.25760
0.9158	0.25768
0.9159	0.25814
0.9161	0.25806
0.9163	0.25740
0.9164	0.25757
0.9166	0.25778
0.9167	0.25782
0.9169	0.25794
0.9171	0.25789
0.9172	0.25776
0.9174	0.25788
0.9175	0.25832
0.9177	0.25811
0.9179	0.25797
0.918	0.25785
0.9182	0.25817
0.9184	0.25828
0.9185	0.25828
0.9187	0.25824
0.9188	0.25801
0.919	0.25796
0.9192	0.25796
0.9193	0.25775
0.9195	0.25791
0.9197	0.25829
0.9198	0.25780
0.92	0.25775
0.9202	0.25794
0.9203	0.25817
0.9205	0.25840
0.9206	0.25824
0.9208	0.25806
0.921	0.25799
0.9211	0.25797
0.9213	0.25812
0.9215	0.25827
0.9216	0.25855
0.9218	0.25873
0.922	0.25860
0.9221	0.25857
0.9223	0.25840
0.9224	0.25842
0.9226	0.25828
0.9228	0.25811
0.9229	0.25815
0.9231	0.25821
0.9233	0.25828
0.9234	0.25810
0.9236	0.25824
0.9238	0.25866
0.9239	0.25869
0.9241	0.25858
0.9243	0.25838
0.9244	0.25835
0.9246	0.25861
0.9247	0.25895
0.9249	0.25852
0.9251	0.25900
0.9252	0.25943
0.9254	0.25896
0.9256	0.25874
0.9257	0.25912
0.9259	0.25929
0.9261	0.25934
0.9262	0.25948
0.9264	0.25969
0.9266	0.25969
0.9267	0.25982
0.9269	0.25986
0.9271	0.26001
0.9272	0.25970
0.9274	0.25909
0.9276	0.25899
0.9277	0.25920
0.9279	0.25981
0.928	0.26006
0.9282	0.26015
0.9284	0.25986
0.9285	0.25970
0.9287	0.26029
0.9289	0.26064
0.929	0.26046
0.9292	0.26033
0.9294	0.26034
0.9295	0.26013
0.9297	0.26016
0.9299	0.26065
0.93	0.26101
0.9302	0.26110
0.9304	0.26110
0.9305	0.26107
0.9307	0.26127
0.9309	0.26175
0.931	0.26169
0.9312	0.26140
0.9314	0.26126
0.9316	0.26107
0.9317	0.26119
0.9319	0.26146
0.9321	0.26162
0.9322	0.26153
0.9324	0.26186
0.9326	0.26231
0.9327	0.26240
0.9329	0.26225
0.9331	0.26243
0.9332	0.26283
0.9334	0.26295
0.9336	0.26272
0.9337	0.26228
0.9339	0.26223
0.9341	0.26299
0.9342	0.26325
0.9344	0.26278
0.9346	0.26295
0.9348	0.26318
0.9349	0.26306
0.9351	0.26341
0.9353	0.26394
0.9354	0.26387
0.9356	0.26392
0.9358	0.26397
0.9359	0.26386
0.9361	0.26414
0.9363	0.26437
0.9364	0.26467
0.9366	0.26488
0.9368	0.26450
0.9369	0.26442
0.9371	0.26456
0.9373	0.26494
0.9375	0.26509
0.9376	0.26504
0.9378	0.26523
0.938	0.26514
0.9381	0.26511
0.9383	0.26558
0.9385	0.26571
0.9386	0.26564
0.9388	0.26588
0.939	0.26615
0.9392	0.26605
0.9393	0.26636
0.9395	0.26683
0.9397	0.26686
0.9398	0.26672
0.94	0.26668
0.9402	0.26700
0.9403	0.26732
0.9405	0.26764
0.9407	0.26803
0.9408	0.26773
0.941	0.26746
0.9412	0.26760
0.9414	0.26812
0.9415	0.26853
0.9417	0.26852
0.9419	0.26842
0.942	0.26835
0.9422	0.26848
0.9424	0.26878
0.9426	0.26924
0.9427	0.26944
0.9429	0.26932
0.9431	0.26948
0.9433	0.26955
0.9434	0.26944
0.9436	0.26968
0.9438	0.26979
0.9439	0.26994
0.9441	0.27004
0.9443	0.27027
0.9445	0.27067
0.9446	0.27078
0.9448	0.27093
0.945	0.27136
0.9451	0.27151
0.9453	0.27177
0.9455	0.27211
0.9457	0.27250
0.9458	0.27283
0.946	0.27278
0.9462	0.27268
0.9463	0.27258
0.9465	0.27291
0.9467	0.27305
0.9469	0.27302
0.947	0.27299
0.9472	0.27318
0.9474	0.27371
0.9476	0.27379
0.9477	0.27349
0.9479	0.27392
0.9481	0.27454
0.9483	0.27479
0.9484	0.27483
0.9486	0.27460
0.9488	0.27462
0.949	0.27525
0.9491	0.27553
0.9493	0.27563
0.9495	0.27582
0.9496	0.27597
0.9498	0.27624
0.95	0.27662
0.9502	0.27660
0.9503	0.27651
0.9505	0.27695
0.9507	0.27735
0.9509	0.27781
0.951	0.27776
0.9512	0.27763
0.9514	0.27797
0.9516	0.27828
0.9517	0.27838
0.9519	0.27866
0.9521	0.27848
0.9523	0.27865
0.9524	0.27899
0.9526	0.27930
0.9528	0.27954
0.953	0.27978
0.9531	0.28002
0.9533	0.28047
0.9535	0.28066
0.9537	0.28070
0.9538	0.28081
0.954	0.28118
0.9542	0.28132
0.9544	0.28127
0.9545	0.28142
0.9547	0.28160
0.9549	0.28203
0.9551	0.28258
0.9552	0.28256
0.9554	0.28271
0.9556	0.28346
0.9558	0.28360
0.956	0.28388
0.9561	0.28420
0.9563	0.28439
0.9565	0.28458
0.9567	0.28473
0.9568	0.28505
0.957	0.28528
0.9572	0.28541
0.9574	0.28577
0.9575	0.28624
0.9577	0.28622
0.9579	0.28625
0.9581	0.28642
0.9582	0.28673
0.9584	0.28721
0.9586	0.28748
0.9588	0.28743
0.959	0.28761
0.9591	0.28789
0.9593	0.28804
0.9595	0.28840
0.9597	0.28856
0.9598	0.28900
0.96	0.28953
0.9602	0.28953
0.9604	0.28974
0.9605	0.29018
0.9607	0.29061
0.9609	0.29087
0.9611	0.29144
0.9613	0.29160
0.9614	0.29140
0.9616	0.29174
0.9618	0.29229
0.962	0.29248
0.9622	0.29223
0.9623	0.29255
0.9625	0.29323
0.9627	0.29356
0.9629	0.29402
0.963	0.29414
0.9632	0.29397
0.9634	0.29433
0.9636	0.29477
0.9638	0.29483
0.9639	0.29496
0.9641	0.29541
0.9643	0.29567
0.9645	0.29624
0.9647	0.29667
0.9648	0.29689
0.965	0.29698
0.9652	0.29725
0.9654	0.29752
0.9656	0.29793
0.9657	0.29839
0.9659	0.29879
0.9661	0.29905
0.9663	0.29921
0.9665	0.29975
0.9666	0.29993
0.9668	0.29958
0.967	0.29990
0.9672	0.30055
0.9674	0.30093
0.9675	0.30121
0.9677	0.30170
0.9679	0.30229
0.9681	0.30239
0.9683	0.30203
0.9684	0.30259
0.9686	0.30345
0.9688	0.30388
0.969	0.30423
0.9692	0.30416
0.9693	0.30412
0.9695	0.30442
0.9697	0.30457
0.9699	0.30470
0.9701	0.30542
0.9703	0.30598
0.9704	0.30612
0.9706	0.30648
0.9708	0.30706
0.971	0.30735
0.9712	0.30761
0.9713	0.30796
0.9715	0.30815
0.9717	0.30846
0.9719	0.30877
0.9721	0.30890
0.9723	0.30923
0.9724	0.30979
0.9726	0.31030
0.9728	0.31063
0.973	0.31100
0.9732	0.31118
0.9733	0.31151
0.9735	0.31196
0.9737	0.31238
0.9739	0.31278
0.9741	0.31315
0.9743	0.31323
0.9745	0.31355
0.9746	0.31440
0.9748	0.31488
0.975	0.31486
0.9752	0.31505
0.9754	0.31547
0.9755	0.31592
0.9757	0.31627
0.9759	0.31657
0.9761	0.31698
0.9763	0.31733
0.9765	0.31778
0.9767	0.31819
0.9768	0.31840
0.977	0.31876
0.9772	0.31946
0.9774	0.31977
0.9776	0.31989
0.9778	0.32037
0.9779	0.32056
0.9781	0.32058
0.9783	0.32109
0.9785	0.32159
0.9787	0.32188
0.9789	0.32223
0.979	0.32257
0.9792	0.32290
0.9794	0.32326
0.9796	0.32369
0.9798	0.32415
0.98	0.32458
0.9802	0.32483
0.9803	0.32514
0.9805	0.32556
0.9807	0.32615
0.9809	0.32650
0.9811	0.32678
0.9813	0.32725
0.9815	0.32753
0.9817	0.32777
0.9818	0.32828
0.982	0.32874
0.9822	0.32910
0.9824	0.32950
0.9826	0.32992
0.9828	0.33053
0.983	0.33099
0.9831	0.33130
0.9833	0.33166
0.9835	0.33199
0.9837	0.33246
0.9839	0.33277
0.9841	0.33300
0.9843	0.33342
0.9844	0.33396
0.9846	0.33456
0.9848	0.33468
0.985	0.33474
0.9852	0.33543
0.9854	0.33597
0.9856	0.33611
0.9858	0.33634
0.9859	0.33690
0.9861	0.33763
0.9863	0.33792
0.9865	0.33797
0.9867	0.33817
0.9869	0.33869
0.9871	0.33893
0.9873	0.33946
0.9874	0.34012
0.9876	0.34032
0.9878	0.34047
0.988	0.34136
0.9882	0.34224
0.9884	0.34231
0.9886	0.34240
0.9888	0.34276
0.989	0.34344
0.9891	0.34393
0.9893	0.34403
0.9895	0.34426
0.9897	0.34483
0.9899	0.34534
0.9901	0.34568
0.9903	0.34610
0.9905	0.34666
0.9907	0.34714
0.9908	0.34781
0.991	0.34827
0.9912	0.34861
0.9914	0.34905
0.9916	0.34905
0.9918	0.34947
0.992	0.34999
0.9922	0.35004
0.9924	0.35043
0.9925	0.35110
0.9927	0.35152
0.9929	0.35203
0.9931	0.35246
0.9933	0.35303
0.9935	0.35342
0.9937	0.35379
0.9939	0.35422
0.9941	0.35467
0.9943	0.35532
0.9945	0.35562
0.9946	0.35593
0.9948	0.35640
0.995	0.35684
0.9952	0.35743
0.9954	0.35794
0.9956	0.35832
0.9958	0.35874
0.996	0.35907
0.9962	0.35930
0.9964	0.35963
0.9965	0.36007
0.9967	0.36051
0.9969	0.36080
0.9971	0.36120
0.9973	0.36180
0.9975	0.36213
0.9977	0.36274
0.9979	0.36345
0.9981	0.36395
0.9983	0.36433
0.9985	0.36446
0.9987	0.36490
0.9989	0.36530
0.999	0.36583
0.9992	0.36647
0.9994	0.36707
0.9996	0.36766
0.9998	0.36804
1	0.36824
1.0002	0.36872
1.0004	0.36928
1.0006	0.36955
1.0008	0.37009
1.001	0.37075
1.0012	0.37109
1.0014	0.37134
1.0016	0.37166
1.0018	0.37197
1.0019	0.37238
1.0021	0.37296
1.0023	0.37338
1.0025	0.37384
1.0027	0.37443
1.0029	0.37498
1.0031	0.37538
1.0033	0.37572
1.0035	0.37598
1.0037	0.37646
1.0039	0.37701
1.0041	0.37762
1.0043	0.37814
1.0045	0.37841
1.0047	0.37877
1.0049	0.37929
1.005	0.37976
1.0053	0.38006
1.0054	0.38045
1.0056	0.38077
1.0058	0.38128
1.006	0.38188
1.0062	0.38232
1.0064	0.38289
1.0066	0.38349
1.0068	0.38389
1.007	0.38438
1.0072	0.38451
1.0074	0.38495
1.0076	0.38567
1.0078	0.38610
1.008	0.38645
1.0082	0.38687
1.0084	0.38746
1.0086	0.38805
1.0088	0.38827
1.009	0.38852
1.0092	0.38920
1.0094	0.38966
1.0095	0.39008
1.0098	0.39066
1.01	0.39130
1.0101	0.39164
1.0103	0.39188
1.0105	0.39219
1.0107	0.39271
1.0109	0.39338
1.0111	0.39394
1.0113	0.39418
1.0115	0.39459
1.0117	0.39521
1.0119	0.39564
1.0121	0.39608
1.0123	0.39626
1.0125	0.39658
1.0127	0.39713
1.0129	0.39754
1.0131	0.39817
1.0133	0.39888
1.0135	0.39921
1.0137	0.39944
1.0139	0.39975
1.0141	0.40029
1.0143	0.40071
1.0145	0.40118
1.0147	0.40180
1.0149	0.40214
1.0151	0.40242
1.0153	0.40288
1.0155	0.40334
1.0157	0.40372
1.0159	0.40422
1.0161	0.40484
1.0163	0.40536
1.0165	0.40594
1.0167	0.40657
1.0169	0.40689
1.0171	0.40719
1.0173	0.40781
1.0175	0.40824
1.0177	0.40861
1.0179	0.40907
1.0181	0.40949
1.0183	0.41010
1.0185	0.41058
1.0187	0.41095
1.0189	0.41116
1.0191	0.41155
1.0193	0.41212
1.0195	0.41235
1.0197	0.41268
1.0199	0.41316
1.0201	0.41361
1.0203	0.41400
1.0205	0.41476
1.0207	0.41524
1.0209	0.41548
1.0211	0.41574
1.0213	0.41616
1.0215	0.41675
1.0217	0.41725
1.0219	0.41778
1.0221	0.41818
1.0223	0.41853
1.0225	0.41913
1.0227	0.41954
1.0229	0.42006
1.0231	0.42060
1.0233	0.42100
1.0235	0.42140
1.0237	0.42172
1.0239	0.42198
1.0241	0.42269
1.0243	0.42328
1.0245	0.42346
1.0247	0.42375
1.0249	0.42421
1.0251	0.42462
1.0253	0.42506
1.0255	0.42561
1.0257	0.42614
1.0259	0.42680
1.0261	0.42737
1.0263	0.42775
1.0265	0.42790
1.0268	0.42821
1.0269	0.42879
1.0272	0.42926
1.0274	0.42968
1.0276	0.43031
1.0278	0.43083
1.028	0.43124
1.0282	0.43163
1.0284	0.43189
1.0286	0.43220
1.0288	0.43267
1.029	0.43321
1.0292	0.43363
1.0294	0.43410
1.0296	0.43468
1.0298	0.43509
1.03	0.43531
1.0302	0.43565
1.0304	0.43611
1.0306	0.43661
1.0308	0.43714
1.031	0.43747
1.0312	0.43781
1.0314	0.43835
1.0317	0.43880
1.0318	0.43923
1.0321	0.43973
1.0323	0.44009
1.0325	0.44052
1.0327	0.44100
1.0329	0.44119
1.0331	0.44147
1.0333	0.44217
1.0335	0.44281
1.0337	0.44306
1.0339	0.44341
1.0341	0.44402
1.0343	0.44446
1.0345	0.44481
1.0347	0.44521
1.0349	0.44542
1.0352	0.44579
1.0354	0.44639
1.0356	0.44692
1.0358	0.44735
1.036	0.44772
1.0362	0.44807
1.0364	0.44836
1.0366	0.44863
1.0368	0.44899
1.037	0.44949
1.0372	0.44987
1.0374	0.45043
1.0376	0.45096
1.0378	0.45145
1.0381	0.45181
1.0383	0.45213
1.0385	0.45259
1.0387	0.45308
1.0389	0.45338
1.0391	0.45373
1.0393	0.45416
1.0395	0.45450
1.0397	0.45477
1.0399	0.45519
1.0401	0.45562
1.0403	0.45596
1.0406	0.45632
1.0408	0.45695
1.041	0.45742
1.0412	0.45783
1.0414	0.45830
1.0416	0.45865
1.0418	0.45907
1.042	0.45961
1.0422	0.45999
1.0424	0.46015
1.0426	0.46051
1.0428	0.46117
1.0431	0.46148
1.0433	0.46185
1.0435	0.46233
1.0437	0.46263
1.0439	0.46292
1.0441	0.46334
1.0443	0.46372
1.0445	0.46415
1.0448	0.46450
1.045	0.46479
1.0452	0.46535
1.0454	0.46588
1.0456	0.46628
1.0458	0.46667
1.046	0.46684
1.0462	0.46726
1.0464	0.46772
1.0466	0.46804
1.0469	0.46847
1.0471	0.46877
1.0473	0.46894
1.0475	0.46939
1.0477	0.47009
1.0479	0.47054
1.0481	0.47075
1.0483	0.47123
1.0486	0.47169
1.0488	0.47194
1.049	0.47229
1.0492	0.47271
1.0494	0.47301
1.0496	0.47347
1.0498	0.47393
1.05	0.47436
1.0503	0.47479
1.0505	0.47503
1.0507	0.47527
1.0509	0.47569
1.0511	0.47626
1.0513	0.47676
1.0515	0.47704
1.0517	0.47715
1.0519	0.47743
1.0522	0.47771
1.0524	0.47813
1.0526	0.47867
1.0528	0.47905
1.053	0.47937
1.0532	0.47984
1.0534	0.48035
1.0537	0.48077
1.0539	0.48098
1.0541	0.48133
1.0543	0.48173
1.0545	0.48200
1.0547	0.48251
1.0549	0.48305
1.0552	0.48335
1.0554	0.48346
1.0556	0.48372
1.0558	0.48425
1.056	0.48463
1.0562	0.48498
1.0564	0.48531
1.0567	0.48558
1.0569	0.48591
1.0571	0.48628
1.0573	0.48664
1.0575	0.48696
1.0578	0.48743
1.058	0.48778
1.0582	0.48808
1.0584	0.48852
1.0586	0.48885
1.0588	0.48905
1.059	0.48951
1.0593	0.49004
1.0595	0.49039
1.0597	0.49056
1.0599	0.49085
1.0601	0.49134
1.0603	0.49183
1.0606	0.49209
1.0608	0.49239
1.061	0.49272
1.0612	0.49302
1.0614	0.49346
1.0617	0.49390
1.0619	0.49410
1.0621	0.49421
1.0623	0.49470
1.0625	0.49513
1.0627	0.49537
1.0629	0.49568
1.0632	0.49604
1.0634	0.49630
1.0636	0.49659
1.0638	0.49697
1.064	0.49745
1.0643	0.49785
1.0645	0.49817
1.0647	0.49847
1.0649	0.49883
1.0651	0.49926
1.0653	0.49961
1.0656	0.50001
1.0658	0.50036
1.066	0.50070
1.0662	0.50082
1.0664	0.50109
1.0667	0.50145
1.0669	0.50167
1.0671	0.50210
1.0673	0.50243
1.0676	0.50273
1.0678	0.50324
1.068	0.50355
1.0682	0.50385
1.0684	0.50428
1.0687	0.50469
1.0689	0.50496
1.0691	0.50521
1.0693	0.50549
1.0695	0.50589
1.0698	0.50621
1.07	0.50652
1.0702	0.50683
1.0704	0.50710
1.0706	0.50735
1.0708	0.50768
1.0711	0.50795
1.0713	0.50820
1.0715	0.50858
1.0717	0.50900
1.072	0.50925
1.0722	0.50951
1.0724	0.50983
1.0726	0.51020
1.0728	0.51057
1.0731	0.51093
1.0733	0.51113
1.0735	0.51132
1.0737	0.51151
1.074	0.51182
1.0742	0.51230
1.0744	0.51272
1.0746	0.51308
1.0748	0.51320
1.0751	0.51344
1.0753	0.51387
1.0755	0.51414
1.0757	0.51427
1.076	0.51456
1.0762	0.51489
1.0764	0.51524
1.0766	0.51581
1.0769	0.51608
1.0771	0.51606
1.0773	0.51633
1.0775	0.51674
1.0778	0.51707
1.078	0.51737
1.0782	0.51772
1.0784	0.51790
1.0787	0.51819
1.0789	0.51852
1.0791	0.51871
1.0793	0.51901
1.0796	0.51945
1.0798	0.51966
1.08	0.51978
1.0802	0.52019
1.0804	0.52058
1.0807	0.52081
1.0809	0.52087
1.0811	0.52109
1.0813	0.52139
1.0816	0.52163
1.0818	0.52192
1.082	0.52222
1.0823	0.52247
1.0825	0.52281
1.0827	0.52321
1.0829	0.52347
1.0832	0.52363
1.0834	0.52382
1.0836	0.52413
1.0838	0.52446
1.0841	0.52467
1.0843	0.52502
1.0845	0.52543
1.0848	0.52576
1.085	0.52596
1.0852	0.52607
1.0854	0.52631
1.0857	0.52659
1.0859	0.52687
1.0861	0.52713
1.0863	0.52748
1.0866	0.52787
1.0868	0.52812
1.087	0.52816
1.0873	0.52825
1.0875	0.52848
1.0877	0.52881
1.0879	0.52918
1.0882	0.52933
1.0884	0.52945
1.0886	0.52970
1.0888	0.53000
1.0891	0.53038
1.0893	0.53065
1.0895	0.53083
1.0898	0.53106
1.09	0.53122
1.0902	0.53150
1.0904	0.53195
1.0907	0.53218
1.0909	0.53214
1.0911	0.53237
1.0914	0.53268
1.0916	0.53295
1.0918	0.53317
1.0921	0.53338
1.0923	0.53366
1.0925	0.53381
1.0928	0.53401
1.093	0.53439
1.0932	0.53461
1.0934	0.53469
1.0937	0.53497
1.0939	0.53532
1.0941	0.53558
1.0944	0.53566
1.0946	0.53583
1.0948	0.53615
1.0951	0.53648
1.0953	0.53665
1.0955	0.53678
1.0958	0.53699
1.096	0.53720
1.0962	0.53737
1.0964	0.53748
1.0967	0.53783
1.0969	0.53817
1.0971	0.53844
1.0974	0.53865
1.0976	0.53892
1.0978	0.53909
1.0981	0.53910
1.0983	0.53917
1.0985	0.53951
1.0988	0.53978
1.099	0.53992
1.0992	0.54014
1.0995	0.54044
1.0997	0.54071
1.0999	0.54085
1.1002	0.54105
1.1004	0.54114
1.1006	0.54123
1.1009	0.54148
1.1011	0.54178
1.1013	0.54205
1.1016	0.54236
1.1018	0.54251
1.102	0.54258
1.1023	0.54280
1.1025	0.54305
1.1027	0.54329
1.103	0.54343
1.1032	0.54364
1.1034	0.54380
1.1037	0.54375
1.1039	0.54394
1.1042	0.54433
1.1044	0.54452
1.1046	0.54461
1.1049	0.54468
1.1051	0.54500
1.1053	0.54537
1.1056	0.54546
1.1058	0.54561
1.106	0.54587
1.1063	0.54606
1.1065	0.54622
1.1067	0.54639
1.107	0.54647
1.1072	0.54662
1.1074	0.54691
1.1077	0.54728
1.1079	0.54744
1.1082	0.54746
1.1084	0.54758
1.1086	0.54780
1.1089	0.54795
1.1091	0.54810
1.1093	0.54813
1.1096	0.54832
1.1098	0.54865
1.1101	0.54886
1.1103	0.54909
1.1105	0.54923
1.1108	0.54925
1.111	0.54944
1.1113	0.54969
1.1115	0.54989
1.1117	0.55001
1.112	0.55018
1.1122	0.55041
1.1124	0.55067
1.1127	0.55068
1.1129	0.55060
1.1132	0.55073
1.1134	0.55116
1.1136	0.55141
1.1139	0.55147
1.1141	0.55164
1.1143	0.55187
1.1146	0.55192
1.1148	0.55199
1.1151	0.55222
1.1153	0.55249
1.1156	0.55271
1.1158	0.55276
1.116	0.55294
1.1163	0.55315
1.1165	0.55315
1.1168	0.55326
1.117	0.55344
1.1172	0.55352
1.1175	0.55371
1.1177	0.55398
1.118	0.55415
1.1182	0.55435
1.1184	0.55452
1.1187	0.55462
1.1189	0.55471
1.1192	0.55478
1.1194	0.55486
1.1197	0.55503
1.1199	0.55514
1.1201	0.55525
1.1204	0.55551
1.1206	0.55570
1.1209	0.55577
1.1211	0.55595
1.1213	0.55609
1.1216	0.55614
1.1218	0.55631
1.1221	0.55651
1.1223	0.55652
1.1226	0.55665
1.1228	0.55691
1.123	0.55701
1.1233	0.55711
1.1235	0.55722
1.1238	0.55736
1.124	0.55757
1.1243	0.55771
1.1245	0.55787
1.1248	0.55800
1.125	0.55804
1.1252	0.55812
1.1255	0.55833
1.1257	0.55852
1.126	0.55862
1.1262	0.55865
1.1265	0.55871
1.1267	0.55883
1.1269	0.55904
1.1272	0.55919
1.1274	0.55939
1.1277	0.55950
1.1279	0.55949
1.1282	0.55961
1.1284	0.55979
1.1287	0.56002
1.1289	0.56017
1.1292	0.56033
1.1294	0.56042
1.1297	0.56049
1.1299	0.56053
1.1301	0.56064
1.1304	0.56081
1.1306	0.56082
1.1309	0.56087
1.1311	0.56107
1.1314	0.56128
1.1316	0.56136
1.1319	0.56137
1.1321	0.56152
1.1324	0.56177
1.1326	0.56173
1.1329	0.56179
1.1331	0.56202
1.1333	0.56215
1.1336	0.56224
1.1338	0.56227
1.1341	0.56231
1.1343	0.56244
1.1346	0.56254
1.1348	0.56272
1.1351	0.56292
1.1353	0.56305
1.1356	0.56319
1.1358	0.56323
1.1361	0.56327
1.1363	0.56343
1.1366	0.56355
1.1368	0.56362
1.1371	0.56372
1.1373	0.56382
1.1376	0.56396
1.1378	0.56411
1.1381	0.56421
1.1383	0.56435
1.1386	0.56449
1.1388	0.56467
1.1391	0.56470
1.1393	0.56471
1.1396	0.56480
1.1398	0.56500
1.1401	0.56507
1.1403	0.56510
1.1406	0.56527
1.1408	0.56532
1.1411	0.56541
1.1413	0.56554
1.1416	0.56547
1.1418	0.56545
1.1421	0.56567
1.1423	0.56592
1.1426	0.56596
1.1428	0.56598
1.1431	0.56616
1.1433	0.56628
1.1436	0.56631
1.1439	0.56632
1.1441	0.56648
1.1444	0.56663
1.1446	0.56666
1.1449	0.56673
1.1451	0.56675
1.1454	0.56690
1.1456	0.56706
1.1459	0.56714
1.1461	0.56725
1.1464	0.56731
1.1466	0.56739
1.1469	0.56742
1.1472	0.56748
1.1474	0.56760
1.1477	0.56770
1.1479	0.56795
1.1482	0.56802
1.1484	0.56795
1.1487	0.56802
1.1489	0.56817
1.1492	0.56816
1.1494	0.56826
1.1497	0.56838
1.1499	0.56842
1.1502	0.56858
1.1504	0.56866
1.1507	0.56873
1.151	0.56879
1.1512	0.56884
1.1515	0.56898
1.1517	0.56892
1.152	0.56893
1.1522	0.56917
1.1525	0.56934
1.1528	0.56943
1.153	0.56951
1.1533	0.56952
1.1535	0.56953
1.1538	0.56959
1.154	0.56964
1.1543	0.56981
1.1546	0.57006
1.1548	0.57013
1.1551	0.57011
1.1553	0.57026
1.1556	0.57038
1.1558	0.57037
1.1561	0.57039
1.1564	0.57045
1.1566	0.57051
1.1569	0.57055
1.1571	0.57056
1.1574	0.57063
1.1577	0.57078
1.1579	0.57089
1.1582	0.57105
1.1584	0.57126
1.1587	0.57138
1.1589	0.57131
1.1592	0.57132
1.1595	0.57145
1.1597	0.57140
1.16	0.57143
1.1602	0.57137
1.1605	0.57139
1.1608	0.57145
1.161	0.57161
1.1613	0.57178
1.1615	0.57188
1.1618	0.57205
1.1621	0.57206
1.1623	0.57205
1.1626	0.57215
1.1628	0.57216
1.1631	0.57239
1.1634	0.57261
1.1636	0.57257
1.1639	0.57249
1.1642	0.57261
1.1644	0.57268
1.1647	0.57268
1.1649	0.57282
1.1652	0.57294
1.1654	0.57303
1.1657	0.57311
1.166	0.57318
1.1662	0.57324
1.1665	0.57316
1.1668	0.57316
1.167	0.57330
1.1673	0.57351
1.1676	0.57363
1.1678	0.57362
1.1681	0.57364
1.1683	0.57370
1.1686	0.57378
1.1689	0.57382
1.1691	0.57388
1.1694	0.57393
1.1697	0.57393
1.1699	0.57397
1.1702	0.57398
1.1704	0.57399
1.1707	0.57413
1.171	0.57421
1.1713	0.57426
1.1715	0.57441
1.1718	0.57447
1.172	0.57439
1.1723	0.57445
1.1726	0.57458
1.1728	0.57476
1.1731	0.57487
1.1734	0.57490
1.1736	0.57491
1.1739	0.57500
1.1742	0.57508
1.1744	0.57513
1.1747	0.57518
1.175	0.57512
1.1752	0.57521
1.1755	0.57537
1.1758	0.57543
1.176	0.57549
1.1763	0.57558
1.1766	0.57557
1.1768	0.57559
1.1771	0.57562
1.1774	0.57567
1.1776	0.57575
1.1779	0.57586
1.1782	0.57590
1.1784	0.57597
1.1787	0.57608
1.179	0.57609
1.1792	0.57604
1.1795	0.57610
1.1798	0.57621
1.18	0.57631
1.1803	0.57644
1.1806	0.57656
1.1808	0.57658
1.1811	0.57657
1.1814	0.57660
1.1817	0.57666
1.1819	0.57668
1.1822	0.57674
1.1825	0.57681
1.1827	0.57683
1.183	0.57679
1.1833	0.57686
1.1835	0.57704
1.1838	0.57719
1.1841	0.57723
1.1844	0.57712
1.1846	0.57708
1.1849	0.57724
1.1852	0.57737
1.1854	0.57742
1.1857	0.57747
1.186	0.57754
1.1863	0.57756
1.1865	0.57747
1.1868	0.57746
1.1871	0.57763
1.1873	0.57778
1.1876	0.57784
1.1879	0.57781
1.1882	0.57782
1.1884	0.57782
1.1887	0.57778
1.189	0.57787
1.1893	0.57800
1.1895	0.57804
1.1898	0.57804
1.1901	0.57811
1.1903	0.57819
1.1906	0.57829
1.1909	0.57832
1.1912	0.57837
1.1914	0.57846
1.1917	0.57852
1.192	0.57860
1.1923	0.57858
1.1925	0.57853
1.1928	0.57869
1.1931	0.57885
1.1933	0.57875
1.1936	0.57882
1.1939	0.57906
1.1942	0.57907
1.1944	0.57900
1.1947	0.57903
1.195	0.57907
1.1953	0.57908
1.1956	0.57921
1.1958	0.57927
1.1961	0.57936
1.1964	0.57935
1.1967	0.57937
1.1969	0.57938
1.1972	0.57942
1.1975	0.57953
1.1978	0.57959
1.198	0.57959
1.1983	0.57966
1.1986	0.57969
1.1989	0.57963
1.1992	0.57973
1.1994	0.57982
1.1997	0.57987
1.2	0.57993
1.2003	0.57993
1.2005	0.58003
1.2008	0.58008
1.2011	0.58009
1.2014	0.58013
1.2017	0.58019
1.2019	0.58029
1.2022	0.58032
1.2025	0.58025
1.2028	0.58024
1.203	0.58040
1.2033	0.58051
1.2036	0.58050
1.2039	0.58052
1.2042	0.58057
1.2044	0.58062
1.2047	0.58069
1.205	0.58075
1.2053	0.58076
1.2056	0.58075
1.2058	0.58078
1.2061	0.58084
1.2064	0.58086
1.2067	0.58097
1.207	0.58094
1.2072	0.58105
1.2075	0.58121
1.2078	0.58117
1.2081	0.58115
1.2084	0.58115
1.2087	0.58115
1.2089	0.58126
1.2092	0.58140
1.2095	0.58144
1.2098	0.58142
1.2101	0.58144
1.2103	0.58151
1.2106	0.58161
1.2109	0.58155
1.2112	0.58145
1.2115	0.58157
1.2118	0.58177
1.212	0.58186
1.2123	0.58178
1.2126	0.58182
1.2129	0.58193
1.2132	0.58203
1.2135	0.58203
1.2137	0.58200
1.214	0.58217
1.2143	0.58214
1.2146	0.58206
1.2149	0.58215
1.2152	0.58229
1.2154	0.58229
1.2157	0.58228
1.216	0.58231
1.2163	0.58238
1.2166	0.58242
1.2169	0.58245
1.2172	0.58253
1.2174	0.58251
1.2177	0.58259
1.218	0.58267
1.2183	0.58268
1.2186	0.58272
1.2189	0.58277
1.2192	0.58279
1.2194	0.58274
1.2197	0.58280
1.22	0.58297
1.2203	0.58294
1.2206	0.58292
1.2209	0.58298
1.2212	0.58299
1.2215	0.58303
1.2218	0.58308
1.222	0.58314
1.2223	0.58314
1.2226	0.58315
1.2229	0.58322
1.2232	0.58329
1.2235	0.58328
1.2238	0.58332
1.2241	0.58333
1.2243	0.58344
1.2246	0.58354
1.2249	0.58356
1.2252	0.58360
1.2255	0.58363
1.2258	0.58365
1.2261	0.58370
1.2264	0.58369
1.2267	0.58362
1.227	0.58363
1.2273	0.58375
1.2275	0.58383
1.2278	0.58390
1.2281	0.58397
1.2284	0.58392
1.2287	0.58394
1.229	0.58409
1.2293	0.58424
1.2296	0.58425
1.2299	0.58418
1.2302	0.58414
1.2304	0.58418
1.2307	0.58423
1.231	0.58425
1.2313	0.58426
1.2316	0.58432
1.2319	0.58435
1.2322	0.58440
1.2325	0.58449
1.2328	0.58448
1.2331	0.58455
1.2334	0.58454
1.2337	0.58458
1.234	0.58467
1.2343	0.58470
1.2346	0.58473
1.2348	0.58478
1.2351	0.58480
1.2354	0.58478
1.2357	0.58480
1.236	0.58482
1.2363	0.58490
1.2366	0.58500
1.2369	0.58511
1.2372	0.58509
1.2375	0.58510
1.2378	0.58511
1.2381	0.58515
1.2384	0.58517
1.2387	0.58519
1.239	0.58514
1.2393	0.58511
1.2396	0.58523
1.2399	0.58537
1.2402	0.58537
1.2405	0.58532
1.2408	0.58536
1.2411	0.58535
1.2413	0.58533
1.2417	0.58546
1.2419	0.58556
1.2422	0.58553
1.2425	0.58561
1.2428	0.58567
1.2431	0.58561
1.2434	0.58576
1.2437	0.58587
1.244	0.58581
1.2443	0.58579
1.2446	0.58577
1.2449	0.58581
1.2452	0.58586
1.2455	0.58590
1.2458	0.58600
1.2461	0.58607
1.2464	0.58602
1.2467	0.58601
1.247	0.58606
1.2473	0.58605
1.2476	0.58599
1.2479	0.58603
1.2482	0.58613
1.2485	0.58615
1.2488	0.58622
1.2491	0.58634
1.2494	0.58627
1.2497	0.58627
1.25	0.58632
1.2503	0.58632
1.2506	0.58633
1.2509	0.58633
1.2512	0.58637
1.2515	0.58644
1.2518	0.58646
1.2521	0.58647
1.2524	0.58649
1.2528	0.58657
1.2531	0.58651
1.2533	0.58638
1.2537	0.58650
1.254	0.58668
1.2543	0.58669
1.2546	0.58662
1.2549	0.58668
1.2552	0.58680
1.2555	0.58683
1.2558	0.58683
1.2561	0.58681
1.2564	0.58681
1.2567	0.58683
1.257	0.58689
1.2573	0.58695
1.2576	0.58693
1.2579	0.58691
1.2582	0.58696
1.2585	0.58705
1.2588	0.58708
1.2591	0.58706
1.2594	0.58708
1.2598	0.58710
1.2601	0.58712
1.2604	0.58714
1.2607	0.58720
1.261	0.58724
1.2613	0.58726
1.2616	0.58734
1.2619	0.58739
1.2622	0.58736
1.2625	0.58732
1.2628	0.58731
1.2631	0.58735
1.2634	0.58739
1.2637	0.58735
1.2641	0.58738
1.2644	0.58745
1.2647	0.58748
1.265	0.58749
1.2653	0.58742
1.2656	0.58745
1.2659	0.58749
1.2662	0.58754
1.2665	0.58768
1.2668	0.58762
1.2671	0.58754
1.2674	0.58763
1.2678	0.58769
1.2681	0.58774
1.2684	0.58777
1.2687	0.58773
1.269	0.58766
1.2693	0.58767
1.2696	0.58769
1.2699	0.58769
1.2702	0.58775
1.2706	0.58779
1.2709	0.58773
1.2712	0.58776
1.2715	0.58783
1.2718	0.58781
1.2721	0.58786
1.2724	0.58795
1.2727	0.58797
1.2731	0.58792
1.2734	0.58795
1.2737	0.58799
1.274	0.58798
1.2743	0.58800
1.2746	0.58805
1.2749	0.58810
1.2752	0.58811
1.2756	0.58809
1.2759	0.58805
1.2762	0.58808
1.2765	0.58811
1.2768	0.58807
1.2771	0.58807
1.2774	0.58817
1.2778	0.58821
1.2781	0.58814
1.2784	0.58807
1.2787	0.58810
1.279	0.58821
1.2793	0.58830
1.2797	0.58833
1.28	0.58829
1.2803	0.58827
1.2806	0.58829
1.2809	0.58830
1.2812	0.58825
1.2816	0.58818
1.2819	0.58823
1.2822	0.58839
1.2825	0.58842
1.2828	0.58835
1.2831	0.58840
1.2834	0.58848
1.2838	0.58851
1.2841	0.58858
1.2844	0.58851
1.2847	0.58851
1.285	0.58861
1.2854	0.58859
1.2857	0.58866
1.286	0.58879
1.2863	0.58879
1.2866	0.58875
1.2869	0.58874
1.2873	0.58869
1.2876	0.58863
1.2879	0.58864
1.2882	0.58864
1.2886	0.58869
1.2889	0.58878
1.2892	0.58878
1.2895	0.58868
1.2898	0.58866
1.2902	0.58868
1.2905	0.58876
1.2908	0.58877
1.2911	0.58871
1.2914	0.58869
1.2918	0.58868
1.2921	0.58880
1.2924	0.58881
1.2927	0.58869
1.2931	0.58871
1.2934	0.58881
1.2937	0.58884
1.294	0.58889
1.2943	0.58891
1.2947	0.58887
1.295	0.58879
1.2953	0.58882
1.2956	0.58890
1.296	0.58885
1.2963	0.58883
1.2966	0.58889
1.2969	0.58894
1.2973	0.58887
1.2976	0.58885
1.2979	0.58886
1.2982	0.58886
1.2986	0.58888
1.2989	0.58883
1.2992	0.58886
1.2995	0.58884
1.2999	0.58882
1.3002	0.58883
1.3005	0.58887
1.3008	0.58894
1.3012	0.58892
1.3015	0.58898
1.3018	0.58896
1.3021	0.58881
1.3025	0.58880
1.3028	0.58886
1.3031	0.58891
1.3034	0.58899
1.3038	0.58900
1.3041	0.58900
1.3044	0.58894
1.3048	0.58888
1.3051	0.58891
1.3054	0.58887
1.3058	0.58891
1.3061	0.58896
1.3064	0.58897
1.3067	0.58895
1.3071	0.58889
1.3074	0.58892
1.3077	0.58891
1.3081	0.58886
1.3084	0.58889
1.3087	0.58892
1.3091	0.58892
1.3094	0.58890
1.3097	0.58888
1.31	0.58888
1.3104	0.58892
1.3107	0.58889
1.311	0.58886
1.3114	0.58888
1.3117	0.58887
1.312	0.58886
1.3124	0.58885
1.3127	0.58878
1.313	0.58877
1.3134	0.58879
1.3137	0.58879
1.314	0.58884
1.3144	0.58885
1.3147	0.58880
1.315	0.58885
1.3154	0.58886
1.3157	0.58885
1.316	0.58885
1.3164	0.58885
1.3167	0.58884
1.317	0.58880
1.3174	0.58879
1.3177	0.58874
1.318	0.58870
1.3184	0.58873
1.3187	0.58880
1.319	0.58874
1.3194	0.58867
1.3197	0.58867
1.3201	0.58863
1.3204	0.58867
1.3207	0.58877
1.3211	0.58876
1.3214	0.58865
1.3217	0.58859
1.3221	0.58851
1.3224	0.58855
1.3227	0.58861
1.3231	0.58865
1.3234	0.58862
1.3238	0.58849
1.3241	0.58843
1.3244	0.58843
1.3248	0.58844
1.3251	0.58848
1.3254	0.58839
1.3258	0.58839
1.3261	0.58836
1.3265	0.58834
1.3268	0.58835
1.3271	0.58829
1.3275	0.58825
1.3278	0.58826
1.3282	0.58824
1.3285	0.58824
1.3288	0.58819
1.3292	0.58814
1.3295	0.58822
1.3299	0.58822
1.3302	0.58814
1.3306	0.58812
1.3309	0.58812
1.3312	0.58810
1.3316	0.58809
1.3319	0.58803
1.3323	0.58795
1.3326	0.58790
1.3329	0.58793
1.3333	0.58785
1.3336	0.58779
1.334	0.58782
1.3343	0.58779
1.3347	0.58776
1.335	0.58776
1.3353	0.58772
1.3357	0.58775
1.336	0.58770
1.3364	0.58765
1.3367	0.58765
1.3371	0.58765
1.3374	0.58757
1.3378	0.58747
1.3381	0.58742
1.3384	0.58746
1.3388	0.58753
1.3391	0.58751
1.3395	0.58748
1.3398	0.58741
1.3402	0.58736
1.3405	0.58730
1.3409	0.58723
1.3412	0.58717
1.3416	0.58721
1.3419	0.58719
1.3423	0.58709
1.3426	0.58704
1.3429	0.58702
1.3433	0.58698
1.3437	0.58694
1.344	0.58692
1.3443	0.58686
1.3447	0.58680
1.345	0.58681
1.3454	0.58680
1.3457	0.58666
1.3461	0.58654
1.3464	0.58654
1.3468	0.58653
1.3471	0.58652
1.3475	0.58653
1.3478	0.58641
1.3482	0.58624
1.3485	0.58617
1.3489	0.58620
1.3493	0.58623
1.3496	0.58616
1.3499	0.58602
1.3503	0.58591
1.3507	0.58593
1.351	0.58603
1.3513	0.58599
1.3517	0.58592
1.3521	0.58581
1.3524	0.58574
1.3528	0.58571
1.3531	0.58564
1.3535	0.58559
1.3538	0.58549
1.3542	0.58542
1.3545	0.58548
1.3549	0.58548
1.3552	0.58536
1.3556	0.58524
1.3559	0.58518
1.3563	0.58519
1.3567	0.58513
1.357	0.58508
1.3574	0.58499
1.3577	0.58492
1.3581	0.58487
1.3584	0.58480
1.3588	0.58470
1.3592	0.58454
1.3595	0.58449
1.3599	0.58451
1.3602	0.58451
1.3606	0.58444
1.3609	0.58430
1.3613	0.58423
1.3617	0.58415
1.362	0.58415
1.3624	0.58404
1.3627	0.58395
1.3631	0.58398
1.3634	0.58394
1.3638	0.58384
1.3642	0.58378
1.3645	0.58375
1.3649	0.58376
1.3652	0.58364
1.3656	0.58348
1.3659	0.58341
1.3663	0.58336
1.3667	0.58330
1.367	0.58321
1.3674	0.58309
1.3678	0.58298
1.3681	0.58288
1.3685	0.58279
1.3688	0.58272
1.3692	0.58262
1.3696	0.58248
1.3699	0.58235
1.3703	0.58220
1.3707	0.58199
1.371	0.58192
1.3714	0.58183
1.3717	0.58168
1.3721	0.58159
1.3725	0.58150
1.3728	0.58138
1.3732	0.58127
1.3736	0.58116
1.3739	0.58102
1.3743	0.58085
1.3746	0.58075
1.375	0.58071
1.3754	0.58063
1.3757	0.58047
1.3761	0.58031
1.3765	0.58017
1.3768	0.58005
1.3772	0.57992
1.3776	0.57984
1.3779	0.57987
1.3783	0.57974
1.3787	0.57950
1.379	0.57939
1.3794	0.57926
1.3798	0.57901
1.3801	0.57872
1.3805	0.57844
1.3809	0.57824
1.3812	0.57815
1.3816	0.57809
1.382	0.57795
1.3823	0.57775
1.3827	0.57761
1.3831	0.57753
1.3834	0.57739
1.3838	0.57718
1.3842	0.57696
1.3846	0.57679
1.3849	0.57659
1.3853	0.57635
1.3857	0.57608
1.386	0.57579
1.3864	0.57546
1.3868	0.57518
1.3872	0.57495
1.3875	0.57471
1.3879	0.57445
1.3883	0.57427
1.3886	0.57407
1.389	0.57379
1.3894	0.57344
1.3898	0.57301
1.3901	0.57246
1.3905	0.57166
1.3909	0.57032
1.3912	0.56772
1.3916	0.56308
1.392	0.55717
1.3924	0.55323
1.3927	0.55422
1.3931	0.55792
1.3935	0.56090
1.3939	0.56260
1.3942	0.56379
1.3946	0.56528
1.395	0.56682
1.3954	0.56778
1.3957	0.56841
1.3961	0.56901
1.3965	0.56970
1.3969	0.57029
1.3972	0.57038
1.3976	0.56997
1.398	0.56965
1.3984	0.56980
1.3988	0.57004
1.3991	0.57038
1.3995	0.57083
1.3999	0.57116
1.4003	0.57134
1.4006	0.57152
1.401	0.57164
1.4014	0.57170
1.4018	0.57172
1.4022	0.57175
1.4025	0.57179
1.4029	0.57179
1.4033	0.57174
1.4037	0.57163
1.4041	0.57156
1.4044	0.57152
1.4048	0.57134
1.4052	0.57124
1.4056	0.57125
1.406	0.57113
1.4063	0.57098
1.4067	0.57090
1.4071	0.57084
1.4075	0.57080
1.4079	0.57070
1.4083	0.57059
1.4086	0.57049
1.409	0.57036
1.4094	0.57023
1.4098	0.57012
1.4102	0.57000
1.4106	0.56989
1.4109	0.56982
1.4113	0.56974
1.4117	0.56964
1.4121	0.56951
1.4125	0.56940
1.4128	0.56934
1.4132	0.56922
1.4136	0.56908
1.414	0.56898
1.4144	0.56889
1.4148	0.56882
1.4152	0.56877
1.4156	0.56868
1.4159	0.56857
1.4163	0.56846
1.4167	0.56833
1.4171	0.56821
1.4175	0.56812
1.4179	0.56802
1.4183	0.56789
1.4187	0.56777
1.419	0.56765
1.4194	0.56757
1.4198	0.56745
1.4202	0.56727
1.4206	0.56709
1.421	0.56698
1.4214	0.56690
1.4218	0.56683
1.4222	0.56673
1.4225	0.56657
1.4229	0.56646
1.4233	0.56637
1.4237	0.56629
1.4241	0.56617
1.4245	0.56603
1.4249	0.56590
1.4253	0.56572
1.4257	0.56555
1.4261	0.56543
1.4265	0.56531
1.4268	0.56512
1.4272	0.56500
1.4276	0.56498
1.428	0.56485
1.4284	0.56464
1.4288	0.56454
1.4292	0.56440
1.4296	0.56422
1.43	0.56412
1.4304	0.56399
1.4308	0.56377
1.4312	0.56360
1.4316	0.56351
1.432	0.56335
1.4324	0.56315
1.4328	0.56308
1.4332	0.56299
1.4336	0.56282
1.4339	0.56264
1.4343	0.56244
1.4348	0.56229
1.4351	0.56223
1.4355	0.56207
1.4359	0.56186
1.4363	0.56167
1.4367	0.56152
1.4371	0.56144
1.4375	0.56131
1.4379	0.56112
1.4383	0.56092
1.4387	0.56074
1.4391	0.56061
1.4395	0.56044
1.4399	0.56022
1.4403	0.56006
1.4407	0.55990
1.4411	0.55977
1.4415	0.55962
1.4419	0.55952
1.4423	0.55934
1.4427	0.55916
1.4431	0.55899
1.4435	0.55884
1.4439	0.55864
1.4443	0.55850
1.4447	0.55836
1.4451	0.55816
1.4456	0.55798
1.4459	0.55778
1.4463	0.55758
1.4468	0.55736
1.4472	0.55724
1.4476	0.55715
1.448	0.55701
1.4484	0.55679
1.4488	0.55657
1.4492	0.55642
1.4496	0.55622
1.45	0.55602
1.4504	0.55584
1.4508	0.55567
1.4512	0.55548
1.4516	0.55529
1.452	0.55512
1.4524	0.55492
1.4528	0.55470
1.4532	0.55454
1.4537	0.55441
1.4541	0.55420
1.4545	0.55402
1.4549	0.55387
1.4553	0.55372
1.4557	0.55351
1.4561	0.55332
1.4565	0.55314
1.4569	0.55292
1.4573	0.55268
1.4577	0.55247
1.4582	0.55228
1.4586	0.55207
1.459	0.55184
1.4594	0.55167
1.4598	0.55149
1.4602	0.55129
1.4606	0.55114
1.461	0.55095
1.4614	0.55069
1.4618	0.55047
1.4623	0.55030
1.4627	0.55019
1.4631	0.55004
1.4635	0.54980
1.4639	0.54954
1.4643	0.54931
1.4647	0.54912
1.4652	0.54894
1.4656	0.54872
1.466	0.54853
1.4664	0.54837
1.4668	0.54819
1.4672	0.54798
1.4676	0.54772
1.4681	0.54751
1.4685	0.54733
1.4689	0.54704
1.4693	0.54681
1.4697	0.54665
1.4701	0.54646
1.4706	0.54627
1.471	0.54603
1.4714	0.54580
1.4718	0.54557
1.4722	0.54537
1.4726	0.54517
1.4731	0.54498
1.4735	0.54479
1.4739	0.54457
1.4743	0.54433
1.4747	0.54408
1.4752	0.54387
1.4756	0.54367
1.476	0.54343
1.4764	0.54320
1.4768	0.54303
1.4773	0.54280
1.4777	0.54253
1.4781	0.54233
1.4785	0.54215
1.4789	0.54190
1.4794	0.54164
1.4798	0.54139
1.4802	0.54113
1.4806	0.54090
1.4811	0.54069
1.4815	0.54048
1.4819	0.54023
1.4823	0.54002
1.4828	0.53980
1.4832	0.53955
1.4836	0.53934
1.484	0.53911
1.4844	0.53886
1.4849	0.53860
1.4853	0.53837
1.4857	0.53821
1.4862	0.53795
1.4866	0.53768
1.487	0.53745
1.4874	0.53723
1.4879	0.53693
1.4883	0.53670
1.4887	0.53650
1.4891	0.53629
1.4896	0.53604
1.49	0.53574
1.4904	0.53548
1.4908	0.53527
1.4913	0.53509
1.4917	0.53490
1.4921	0.53464
1.4926	0.53436
1.493	0.53411
1.4934	0.53380
1.4939	0.53352
1.4943	0.53332
1.4947	0.53305
1.4952	0.53277
1.4956	0.53258
1.496	0.53239
1.4964	0.53214
1.4969	0.53190
1.4973	0.53167
1.4977	0.53139
1.4982	0.53109
1.4986	0.53086
1.499	0.53060
1.4995	0.53032
1.4999	0.53014
1.5003	0.52990
1.5008	0.52962
1.5012	0.52933
1.5017	0.52908
1.5021	0.52882
1.5025	0.52856
1.5029	0.52828
1.5034	0.52798
1.5038	0.52778
1.5043	0.52757
1.5047	0.52736
1.5051	0.52709
1.5056	0.52674
1.506	0.52644
1.5064	0.52621
1.5069	0.52595
1.5073	0.52568
1.5078	0.52538
1.5082	0.52511
1.5086	0.52487
1.5091	0.52459
1.5095	0.52435
1.51	0.52412
1.5104	0.52380
1.5108	0.52355
1.5113	0.52335
1.5117	0.52310
1.5122	0.52282
1.5126	0.52253
1.513	0.52225
1.5135	0.52199
1.5139	0.52170
1.5144	0.52140
1.5148	0.52117
1.5153	0.52091
1.5157	0.52065
1.5161	0.52042
1.5166	0.52015
1.517	0.51983
1.5175	0.51950
1.5179	0.51921
1.5184	0.51897
1.5188	0.51876
1.5193	0.51849
1.5197	0.51817
1.5201	0.51786
1.5206	0.51756
1.521	0.51733
1.5215	0.51712
1.5219	0.51683
1.5224	0.51649
1.5228	0.51623
1.5233	0.51595
1.5237	0.51563
1.5242	0.51534
1.5246	0.51513
1.5251	0.51485
1.5255	0.51454
1.5259	0.51425
1.5264	0.51398
1.5268	0.51368
1.5273	0.51344
1.5278	0.51320
1.5282	0.51289
1.5287	0.51258
1.5291	0.51224
1.5296	0.51195
1.53	0.51167
1.5305	0.51139
1.5309	0.51116
1.5314	0.51087
1.5318	0.51054
1.5323	0.51023
1.5327	0.50992
1.5332	0.50965
1.5336	0.50935
1.5341	0.50910
1.5345	0.50885
1.535	0.50852
1.5354	0.50824
1.5359	0.50795
1.5363	0.50766
1.5368	0.50736
1.5373	0.50703
1.5377	0.50671
1.5382	0.50646
1.5386	0.50618
1.5391	0.50588
1.5396	0.50557
1.54	0.50519
1.5405	0.50485
1.5409	0.50462
1.5414	0.50443
1.5418	0.50412
1.5423	0.50375
1.5428	0.50343
1.5432	0.50318
1.5437	0.50293
1.5441	0.50258
1.5446	0.50225
1.5451	0.50202
1.5455	0.50172
1.546	0.50136
1.5464	0.50107
1.5469	0.50082
1.5474	0.50055
1.5478	0.50023
1.5483	0.49987
1.5488	0.49955
1.5492	0.49930
1.5497	0.49900
1.5501	0.49867
1.5506	0.49836
1.5511	0.49805
1.5515	0.49773
1.552	0.49742
1.5524	0.49710
1.5529	0.49684
1.5534	0.49662
1.5538	0.49627
1.5543	0.49593
1.5548	0.49563
1.5553	0.49527
1.5557	0.49493
1.5562	0.49468
1.5567	0.49439
1.5571	0.49407
1.5576	0.49379
1.5581	0.49353
1.5585	0.49320
1.559	0.49284
1.5595	0.49255
1.5599	0.49223
1.5604	0.49191
1.5609	0.49160
1.5613	0.49130
1.5618	0.49097
1.5623	0.49060
1.5628	0.49031
1.5632	0.49003
1.5637	0.48976
1.5642	0.48943
1.5646	0.48908
1.5651	0.48872
1.5656	0.48840
1.5661	0.48815
1.5665	0.48794
1.567	0.48759
1.5675	0.48718
1.5679	0.48692
1.5684	0.48669
1.5689	0.48634
1.5694	0.48599
1.5698	0.48568
1.5703	0.48536
1.5708	0.48506
1.5713	0.48483
1.5718	0.48454
1.5722	0.48418
1.5727	0.48384
1.5732	0.48348
1.5737	0.48317
1.5741	0.48286
1.5746	0.48258
1.5751	0.48226
1.5756	0.48195
1.5761	0.48166
1.5765	0.48133
1.577	0.48097
1.5775	0.48062
1.578	0.48031
1.5784	0.48005
1.5789	0.47975
1.5794	0.47944
1.5799	0.47912
1.5804	0.47879
1.5809	0.47844
1.5813	0.47810
1.5818	0.47777
1.5823	0.47749
1.5828	0.47719
1.5833	0.47684
1.5838	0.47652
1.5842	0.47621
1.5847	0.47589
1.5852	0.47554
1.5857	0.47526
1.5862	0.47498
1.5867	0.47461
1.5872	0.47425
1.5876	0.47397
1.5881	0.47365
1.5886	0.47333
1.5891	0.47303
1.5896	0.47271
1.5901	0.47237
1.5906	0.47209
1.591	0.47180
1.5915	0.47146
1.592	0.47113
1.5925	0.47079
1.593	0.47049
1.5935	0.47018
1.594	0.46986
1.5945	0.46956
1.595	0.46921
1.5954	0.46887
1.5959	0.46855
1.5964	0.46823
1.5969	0.46794
1.5974	0.46763
1.5979	0.46730
1.5984	0.46699
1.5989	0.46667
1.5994	0.46631
1.5999	0.46599
1.6004	0.46569
1.6009	0.46539
1.6014	0.46503
1.6019	0.46460
1.6023	0.46429
1.6028	0.46405
1.6033	0.46372
1.6038	0.46338
1.6043	0.46305
1.6048	0.46277
1.6053	0.46245
1.6058	0.46207
1.6063	0.46176
1.6068	0.46147
1.6073	0.46114
1.6078	0.46083
1.6083	0.46055
1.6088	0.46021
1.6093	0.45987
1.6098	0.45957
1.6103	0.45927
1.6108	0.45897
1.6113	0.45865
1.6118	0.45831
1.6123	0.45799
1.6128	0.45768
1.6133	0.45733
1.6138	0.45698
1.6143	0.45664
1.6148	0.45635
1.6153	0.45605
1.6158	0.45572
1.6163	0.45541
1.6168	0.45506
1.6173	0.45476
1.6178	0.45444
1.6184	0.45413
1.6189	0.45379
1.6194	0.45347
1.6199	0.45318
1.6204	0.45287
1.6209	0.45257
1.6214	0.45223
1.6219	0.45186
1.6224	0.45156
1.6229	0.45129
1.6234	0.45099
1.6239	0.45063
1.6244	0.45032
1.6249	0.44997
1.6255	0.44962
1.626	0.44934
1.6265	0.44905
1.627	0.44868
1.6275	0.44834
1.628	0.44801
1.6285	0.44768
1.629	0.44743
1.6296	0.44715
1.6301	0.44682
1.6306	0.44649
1.6311	0.44615
1.6316	0.44584
1.6321	0.44549
1.6326	0.44518
1.6331	0.44486
1.6337	0.44457
1.6342	0.44426
1.6347	0.44391
1.6352	0.44359
1.6357	0.44328
1.6362	0.44297
1.6368	0.44263
1.6373	0.44229
1.6378	0.44197
1.6383	0.44168
1.6388	0.44139
1.6393	0.44104
1.6398	0.44075
1.6404	0.44045
1.6409	0.44014
1.6414	0.43979
1.6419	0.43942
1.6424	0.43919
1.643	0.43892
1.6435	0.43856
1.644	0.43825
1.6445	0.43795
1.6451	0.43763
1.6456	0.43730
1.6461	0.43696
1.6466	0.43670
1.6472	0.43642
1.6477	0.43613
1.6482	0.43581
1.6487	0.43544
1.6492	0.43516
1.6498	0.43488
1.6503	0.43453
1.6508	0.43417
1.6513	0.43385
1.6519	0.43355
1.6524	0.43331
1.6529	0.43299
1.6534	0.43262
1.654	0.43230
1.6545	0.43199
1.655	0.43169
1.6556	0.43137
1.6561	0.43106
1.6566	0.43082
1.6572	0.43053
1.6577	0.43017
1.6582	0.42983
1.6587	0.42954
1.6593	0.42928
1.6598	0.42901
1.6603	0.42873
1.6609	0.42842
1.6614	0.42807
1.6619	0.42777
1.6625	0.42742
1.663	0.42715
1.6635	0.42688
1.6641	0.42654
1.6646	0.42620
1.6651	0.42590
1.6657	0.42563
1.6662	0.42535
1.6667	0.42503
1.6673	0.42474
1.6678	0.42448
1.6683	0.42418
1.6689	0.42387
1.6694	0.42355
1.67	0.42322
1.6705	0.42291
1.671	0.42264
1.6716	0.42240
1.6721	0.42213
1.6727	0.42182
1.6732	0.42151
1.6737	0.42125
1.6743	0.42095
1.6748	0.42063
1.6754	0.42034
1.6759	0.42003
1.6764	0.41973
1.677	0.41947
1.6775	0.41920
1.6781	0.41893
1.6786	0.41868
1.6792	0.41837
1.6797	0.41805
1.6802	0.41778
1.6808	0.41747
1.6813	0.41715
1.6819	0.41687
1.6824	0.41660
1.683	0.41628
1.6835	0.41597
1.6841	0.41568
1.6846	0.41540
1.6852	0.41515
1.6857	0.41488
1.6863	0.41457
1.6868	0.41427
1.6873	0.41406
1.6879	0.41382
1.6884	0.41353
1.689	0.41326
1.6896	0.41293
1.6901	0.41258
1.6907	0.41229
1.6912	0.41205
1.6918	0.41183
1.6923	0.41153
1.6929	0.41127
1.6934	0.41097
1.694	0.41061
1.6945	0.41032
1.6951	0.41010
1.6956	0.40984
1.6962	0.40954
1.6967	0.40925
1.6973	0.40900
1.6978	0.40877
1.6984	0.40850
1.699	0.40821
1.6995	0.40792
1.7001	0.40764
1.7006	0.40732
1.7012	0.40707
1.7018	0.40686
1.7023	0.40662
1.7029	0.40633
1.7034	0.40605
1.704	0.40581
1.7046	0.40553
1.7051	0.40526
1.7057	0.40500
1.7062	0.40470
1.7068	0.40443
1.7074	0.40418
1.7079	0.40394
1.7085	0.40368
1.709	0.40342
1.7096	0.40311
1.7102	0.40283
1.7107	0.40259
1.7113	0.40233
1.7119	0.40204
1.7124	0.40179
1.713	0.40154
1.7136	0.40125
1.7141	0.40099
1.7147	0.40076
1.7153	0.40050
1.7158	0.40027
1.7164	0.40004
1.717	0.39978
1.7175	0.39954
1.7181	0.39931
1.7187	0.39903
1.7192	0.39874
1.7198	0.39844
1.7204	0.39819
1.721	0.39798
1.7215	0.39777
1.7221	0.39756
1.7227	0.39733
1.7232	0.39710
1.7238	0.39688
1.7244	0.39663
1.725	0.39633
1.7255	0.39605
1.7261	0.39585
1.7267	0.39560
1.7273	0.39528
1.7278	0.39505
1.7284	0.39485
1.729	0.39461
1.7296	0.39437
1.7301	0.39416
1.7307	0.39393
1.7313	0.39367
1.7319	0.39347
1.7325	0.39325
1.733	0.39298
1.7336	0.39273
1.7342	0.39253
1.7348	0.39234
1.7354	0.39210
1.7359	0.39181
1.7365	0.39158
1.7371	0.39138
1.7377	0.39115
1.7383	0.39090
1.7388	0.39063
1.7394	0.39046
1.74	0.39028
1.7406	0.39007
1.7412	0.38986
1.7418	0.38962
1.7423	0.38934
1.7429	0.38908
1.7435	0.38888
1.7441	0.38866
1.7447	0.38847
1.7453	0.38826
1.7459	0.38803
1.7465	0.38782
1.7471	0.38760
1.7476	0.38739
1.7482	0.38718
1.7488	0.38694
1.7494	0.38668
1.75	0.38648
1.7506	0.38631
1.7512	0.38612
1.7518	0.38592
1.7524	0.38573
1.753	0.38557
1.7536	0.38535
1.7541	0.38512
1.7547	0.38489
1.7553	0.38467
1.7559	0.38448
1.7565	0.38424
1.7571	0.38403
1.7577	0.38387
1.7583	0.38366
1.7589	0.38343
1.7595	0.38322
1.7601	0.38305
1.7607	0.38285
1.7613	0.38262
1.7619	0.38248
1.7625	0.38230
1.7631	0.38208
1.7637	0.38190
1.7643	0.38172
1.7649	0.38153
1.7655	0.38136
1.7661	0.38119
1.7667	0.38098
1.7673	0.38075
1.7679	0.38056
1.7685	0.38040
1.7691	0.38022
1.7697	0.38006
1.7703	0.37991
1.7709	0.37971
1.7715	0.37953
1.7721	0.37938
1.7727	0.37922
1.7733	0.37899
1.7739	0.37878
1.7746	0.37863
1.7752	0.37851
1.7758	0.37835
1.7764	0.37820
1.777	0.37802
1.7776	0.37781
1.7782	0.37762
1.7788	0.37742
1.7794	0.37726
1.78	0.37709
1.7807	0.37695
1.7813	0.37685
1.7819	0.37668
1.7825	0.37653
1.7831	0.37637
1.7837	0.37618
1.7843	0.37600
1.7849	0.37584
1.7856	0.37567
1.7862	0.37555
1.7868	0.37546
1.7874	0.37528
1.788	0.37505
1.7886	0.37490
1.7893	0.37479
1.7899	0.37463
1.7905	0.37443
1.7911	0.37426
1.7917	0.37416
1.7923	0.37404
1.793	0.37387
1.7936	0.37375
1.7942	0.37361
1.7948	0.37342
1.7954	0.37329
1.7961	0.37316
1.7967	0.37301
1.7973	0.37289
1.7979	0.37278
1.7986	0.37261
1.7992	0.37246
1.7998	0.37238
1.8004	0.37225
1.8011	0.37212
1.8017	0.37198
1.8023	0.37185
1.8029	0.37174
1.8036	0.37162
1.8042	0.37146
1.8048	0.37133
1.8054	0.37122
1.8061	0.37113
1.8067	0.37096
1.8073	0.37083
1.808	0.37070
1.8086	0.37056
1.8092	0.37043
1.8099	0.37031
1.8105	0.37020
1.8111	0.37010
1.8118	0.37001
1.8124	0.36993
1.813	0.36985
1.8137	0.36973
1.8143	0.36960
1.8149	0.36946
1.8156	0.36931
1.8162	0.36918
1.8168	0.36911
1.8175	0.36905
1.8181	0.36892
1.8188	0.36881
1.8194	0.36870
1.82	0.36858
1.8207	0.36849
1.8213	0.36841
1.8219	0.36835
1.8226	0.36831
1.8232	0.36820
1.8239	0.36803
1.8245	0.36792
1.8252	0.36784
1.8258	0.36775
1.8264	0.36767
1.8271	0.36764
1.8277	0.36757
1.8284	0.36744
1.829	0.36735
1.8297	0.36730
1.8303	0.36719
1.831	0.36709
1.8316	0.36703
1.8323	0.36696
1.8329	0.36686
1.8336	0.36679
1.8342	0.36675
1.8348	0.36669
1.8355	0.36660
1.8361	0.36652
1.8368	0.36644
1.8374	0.36635
1.8381	0.36630
1.8388	0.36630
1.8394	0.36620
1.8401	0.36613
1.8407	0.36611
1.8414	0.36603
1.842	0.36595
1.8427	0.36592
1.8433	0.36584
1.844	0.36576
1.8446	0.36575
1.8453	0.36573
1.8459	0.36564
1.8466	0.36553
1.8473	0.36549
1.8479	0.36551
1.8486	0.36550
1.8492	0.36545
1.8499	0.36536
1.8506	0.36531
1.8512	0.36527
1.8519	0.36519
1.8526	0.36516
1.8532	0.36518
1.8539	0.36514
1.8545	0.36510
1.8552	0.36507
1.8559	0.36505
1.8565	0.36501
1.8572	0.36496
1.8579	0.36491
1.8585	0.36489
1.8592	0.36490
1.8599	0.36486
1.8605	0.36484
1.8612	0.36487
1.8619	0.36483
1.8625	0.36480
1.8632	0.36477
1.8639	0.36475
1.8645	0.36475
1.8652	0.36475
1.8659	0.36472
1.8666	0.36469
1.8672	0.36469
1.8679	0.36468
1.8686	0.36470
1.8692	0.36470
1.8699	0.36465
1.8706	0.36461
1.8713	0.36465
1.8719	0.36469
1.8726	0.36465
1.8733	0.36464
1.874	0.36466
1.8747	0.36467
1.8753	0.36466
1.876	0.36464
1.8767	0.36464
1.8774	0.36465
1.878	0.36466
1.8787	0.36463
1.8794	0.36465
1.8801	0.36469
1.8808	0.36468
1.8814	0.36468
1.8821	0.36472
1.8828	0.36475
1.8835	0.36477
1.8842	0.36477
1.8849	0.36478
1.8856	0.36475
1.8862	0.36474
1.8869	0.36480
1.8876	0.36485
1.8883	0.36483
1.889	0.36485
1.8897	0.36486
1.8904	0.36483
1.8911	0.36485
1.8918	0.36491
1.8924	0.36497
1.8931	0.36499
1.8938	0.36497
1.8945	0.36499
1.8952	0.36506
1.8959	0.36510
1.8966	0.36514
1.8973	0.36517
1.898	0.36519
1.8987	0.36520
1.8994	0.36519
1.9001	0.36523
1.9008	0.36530
1.9015	0.36536
1.9022	0.36540
1.9029	0.36543
1.9036	0.36548
1.9043	0.36550
1.905	0.36555
1.9057	0.36564
1.9064	0.36572
1.9071	0.36580
1.9078	0.36587
1.9085	0.36593
1.9092	0.36600
1.9099	0.36607
1.9106	0.36615
1.9113	0.36624
1.912	0.36635
1.9127	0.36644
1.9134	0.36650
1.9141	0.36657
1.9148	0.36667
1.9155	0.36676
1.9162	0.36687
1.9169	0.36697
1.9176	0.36702
1.9183	0.36708
1.9191	0.36719
1.9198	0.36730
1.9205	0.36740
1.9212	0.36752
1.9219	0.36762
1.9226	0.36770
1.9233	0.36783
1.924	0.36796
1.9248	0.36813
1.9255	0.36823
1.9262	0.36830
1.9269	0.36841
1.9276	0.36854
1.9283	0.36868
1.9291	0.36883
1.9298	0.36897
1.9305	0.36906
1.9312	0.36914
1.9319	0.36924
1.9327	0.36940
1.9334	0.36958
1.9341	0.36973
1.9348	0.36985
1.9355	0.36998
1.9363	0.37009
1.937	0.37021
1.9377	0.37035
1.9384	0.37050
1.9392	0.37065
1.9399	0.37076
1.9406	0.37087
1.9413	0.37106
1.9421	0.37126
1.9428	0.37141
1.9435	0.37151
1.9442	0.37165
1.945	0.37184
1.9457	0.37201
1.9464	0.37215
1.9472	0.37230
1.9479	0.37248
1.9486	0.37267
1.9494	0.37283
1.9501	0.37296
1.9508	0.37311
1.9516	0.37328
1.9523	0.37345
1.953	0.37364
1.9538	0.37379
1.9545	0.37392
1.9552	0.37409
1.956	0.37431
1.9567	0.37453
1.9575	0.37467
1.9582	0.37484
1.9589	0.37502
1.9597	0.37520
1.9604	0.37537
1.9612	0.37555
1.9619	0.37573
1.9626	0.37593
1.9634	0.37610
1.9641	0.37629
1.9649	0.37655
1.9656	0.37676
1.9664	0.37696
1.9671	0.37715
1.9679	0.37730
1.9686	0.37749
1.9693	0.37770
1.9701	0.37792
1.9708	0.37809
1.9716	0.37828
1.9723	0.37852
1.9731	0.37875
1.9738	0.37896
1.9746	0.37916
1.9753	0.37932
1.9761	0.37950
1.9769	0.37971
1.9776	0.37993
1.9784	0.38017
1.9791	0.38042
1.9799	0.38062
1.9806	0.38081
1.9814	0.38104
1.9822	0.38127
1.9829	0.38150
1.9837	0.38175
1.9844	0.38200
1.9852	0.38220
1.9859	0.38245
1.9867	0.38273
1.9875	0.38294
1.9882	0.38313
1.989	0.38338
1.9898	0.38363
1.9905	0.38386
1.9913	0.38414
1.9921	0.38442
1.9928	0.38463
1.9936	0.38484
1.9943	0.38509
1.9951	0.38534
1.9959	0.38562
1.9967	0.38587
1.9974	0.38616
1.9982	0.38645
1.999	0.38666
1.9997	0.38692
2.0005	0.38720
2.0013	0.38747
2.0021	0.38776
2.0028	0.38802
2.0036	0.38827
2.0044	0.38851
2.0052	0.38880
2.0059	0.38909
2.0067	0.38935
2.0075	0.38960
2.0083	0.38990
2.009	0.39020
2.0098	0.39047
2.0106	0.39074
2.0114	0.39102
2.0122	0.39132
2.0129	0.39163
2.0137	0.39192
2.0145	0.39222
2.0153	0.39247
2.0161	0.39275
2.0168	0.39306
2.0176	0.39337
2.0184	0.39367
2.0192	0.39396
2.02	0.39427
2.0208	0.39456
2.0216	0.39489
2.0223	0.39520
2.0231	0.39548
2.0239	0.39579
2.0247	0.39611
2.0255	0.39640
2.0263	0.39671
2.0271	0.39703
2.0279	0.39734
2.0287	0.39763
2.0295	0.39794
2.0303	0.39827
2.0311	0.39862
2.0319	0.39895
2.0327	0.39923
2.0335	0.39951
2.0343	0.39983
2.0351	0.40013
2.0358	0.40041
2.0367	0.40079
2.0374	0.40114
2.0383	0.40146
2.0391	0.40177
2.0399	0.40210
2.0407	0.40244
2.0415	0.40280
2.0423	0.40313
2.0431	0.40345
2.0439	0.40377
2.0447	0.40410
2.0455	0.40442
2.0463	0.40476
2.0471	0.40511
2.0479	0.40539
2.0487	0.40572
2.0495	0.40607
2.0504	0.40639
2.0512	0.40673
2.052	0.40706
2.0528	0.40740
2.0536	0.40779
2.0544	0.40815
2.0552	0.40848
2.056	0.40880
2.0569	0.40913
2.0577	0.40946
2.0585	0.40977
2.0593	0.41015
2.0601	0.41056
2.0609	0.41090
2.0618	0.41119
2.0626	0.41153
2.0634	0.41186
2.0642	0.41218
2.0651	0.41258
2.0659	0.41295
2.0667	0.41327
2.0675	0.41366
2.0683	0.41404
2.0692	0.41438
2.07	0.41473
2.0708	0.41506
2.0716	0.41536
2.0725	0.41570
2.0733	0.41608
2.0741	0.41648
2.075	0.41687
2.0758	0.41725
2.0766	0.41756
2.0775	0.41789
2.0783	0.41824
2.0791	0.41859
2.08	0.41899
2.0808	0.41933
2.0816	0.41965
2.0825	0.42002
2.0833	0.42040
2.0841	0.42076
2.085	0.42114
2.0858	0.42150
2.0866	0.42186
2.0875	0.42223
2.0883	0.42259
2.0892	0.42290
2.09	0.42323
2.0909	0.42362
2.0917	0.42401
2.0926	0.42439
2.0934	0.42479
2.0942	0.42514
2.0951	0.42552
2.0959	0.42585
2.0968	0.42620
2.0976	0.42661
2.0985	0.42695
2.0993	0.42729
2.1002	0.42768
2.101	0.42808
2.1019	0.42846
2.1027	0.42881
2.1036	0.42913
2.1044	0.42948
2.1053	0.42987
2.1061	0.43023
2.107	0.43052
2.1079	0.43085
2.1087	0.43123
2.1096	0.43162
2.1104	0.43195
2.1113	0.43227
2.1121	0.43263
2.113	0.43302
2.1139	0.43340
2.1147	0.43378
2.1156	0.43416
2.1165	0.43454
2.1173	0.43490
2.1182	0.43524
2.1191	0.43565
2.1199	0.43610
2.1208	0.43643
2.1217	0.43675
2.1225	0.43708
2.1234	0.43747
2.1243	0.43784
2.1251	0.43824
2.126	0.43863
2.1269	0.43895
2.1278	0.43929
2.1286	0.43963
2.1295	0.43997
2.1304	0.44036
2.1313	0.44072
2.1321	0.44110
2.133	0.44151
2.1339	0.44188
2.1348	0.44222
2.1356	0.44258
2.1365	0.44293
2.1374	0.44328
2.1383	0.44364
2.1392	0.44399
2.1401	0.44436
2.1409	0.44474
2.1418	0.44510
2.1427	0.44550
2.1436	0.44585
2.1445	0.44615
2.1454	0.44651
2.1463	0.44683
2.1471	0.44712
2.148	0.44749
2.1489	0.44792
2.1498	0.44829
2.1507	0.44861
2.1516	0.44894
2.1525	0.44924
2.1534	0.44960
2.1543	0.44998
2.1552	0.45037
2.1561	0.45068
2.157	0.45099
2.1579	0.45135
2.1588	0.45172
2.1597	0.45207
2.1606	0.45240
2.1615	0.45279
2.1624	0.45312
2.1633	0.45341
2.1642	0.45370
2.1651	0.45405
2.166	0.45438
2.1669	0.45469
2.1678	0.45503
2.1687	0.45539
2.1696	0.45573
2.1705	0.45606
2.1714	0.45635
2.1723	0.45665
2.1732	0.45697
2.1741	0.45729
2.1751	0.45760
2.176	0.45789
2.1769	0.45820
2.1778	0.45853
2.1787	0.45883
2.1796	0.45912
2.1806	0.45943
2.1815	0.45971
2.1824	0.46001
2.1833	0.46032
2.1842	0.46066
2.1851	0.46097
2.1861	0.46123
2.187	0.46148
2.1879	0.46177
2.1888	0.46206
2.1898	0.46237
2.1907	0.46267
2.1916	0.46297
2.1925	0.46327
2.1935	0.46356
2.1944	0.46383
2.1953	0.46409
2.1963	0.46436
2.1972	0.46466
2.1981	0.46497
2.1991	0.46525
2.2	0.46554
2.2009	0.46583
2.2019	0.46608
2.2028	0.46633
2.2037	0.46666
2.2047	0.46696
2.2056	0.46723
2.2065	0.46749
2.2075	0.46776
2.2084	0.46801
2.2094	0.46829
2.2103	0.46857
2.2112	0.46883
2.2122	0.46908
2.2131	0.46935
2.2141	0.46964
2.215	0.46995
2.216	0.47024
2.2169	0.47047
2.2179	0.47069
2.2188	0.47094
2.2198	0.47122
2.2207	0.47147
2.2217	0.47170
2.2226	0.47191
2.2236	0.47219
2.2245	0.47248
2.2255	0.47274
2.2264	0.47294
2.2274	0.47313
2.2284	0.47336
2.2293	0.47359
2.2303	0.47384
2.2312	0.47408
2.2322	0.47430
2.2331	0.47452
2.2341	0.47472
2.2351	0.47488
2.236	0.47503
2.237	0.47524
2.238	0.47546
2.2389	0.47566
2.2399	0.47580
2.2409	0.47593
2.2418	0.47614
2.2428	0.47636
2.2438	0.47652
2.2448	0.47667
2.2457	0.47688
2.2467	0.47711
2.2477	0.47732
2.2486	0.47750
2.2496	0.47770
2.2506	0.47789
2.2516	0.47806
2.2526	0.47827
2.2535	0.47846
2.2545	0.47863
2.2555	0.47882
2.2565	0.47899
2.2575	0.47917
2.2584	0.47938
2.2594	0.47948
2.2604	0.47958
2.2614	0.47969
2.2624	0.47979
2.2634	0.47988
2.2644	0.47996
2.2654	0.48000
2.2663	0.48008
2.2673	0.48016
2.2683	0.48018
2.2693	0.48023
2.2703	0.48031
2.2713	0.48041
2.2723	0.48054
2.2733	0.48068
2.2743	0.48075
2.2753	0.48082
2.2763	0.48088
2.2773	0.48092
2.2783	0.48096
2.2793	0.48092
2.2803	0.48090
2.2813	0.48089
2.2823	0.48085
2.2833	0.48079
2.2843	0.48079
2.2853	0.48079
2.2863	0.48075
2.2873	0.48065
2.2883	0.48051
2.2894	0.48029
2.2904	0.48001
2.2914	0.47974
2.2924	0.47952
2.2934	0.47934
2.2944	0.47919
2.2954	0.47905
2.2964	0.47893
2.2975	0.47880
2.2985	0.47865
2.2995	0.47862
2.3005	0.47882
2.3016	0.47915
2.3026	0.47955
2.3036	0.47989
2.3046	0.48007
2.3056	0.48008
2.3067	0.47996
2.3077	0.47990
2.3087	0.47985
2.3098	0.47970
2.3108	0.47950
2.3118	0.47928
2.3128	0.47913
2.3139	0.47910
2.3149	0.47923
2.3159	0.47956
2.317	0.48002
2.318	0.48051
2.3191	0.48094
2.3201	0.48137
2.3211	0.48186
2.3222	0.48243
2.3232	0.48309
2.3243	0.48382
2.3253	0.48462
2.3263	0.48542
2.3274	0.48612
2.3284	0.48678
2.3295	0.48734
2.3305	0.48784
2.3316	0.48832
2.3326	0.48873
2.3337	0.48907
2.3347	0.48941
2.3358	0.48976
2.3368	0.49005
2.3379	0.49033
2.3389	0.49058
2.34	0.49080
2.341	0.49108
2.3421	0.49142
2.3431	0.49173
2.3442	0.49196
2.3453	0.49215
2.3463	0.49241
2.3474	0.49259
2.3485	0.49278
2.3495	0.49298
2.3506	0.49319
2.3517	0.49336
2.3527	0.49353
2.3538	0.49368
2.3549	0.49391
2.3559	0.49412
2.357	0.49431
2.3581	0.49451
2.3591	0.49470
2.3602	0.49488
2.3613	0.49504
2.3624	0.49517
2.3634	0.49526
2.3645	0.49533
2.3656	0.49538
2.3667	0.49541
2.3678	0.49544
2.3689	0.49546
2.3699	0.49547
2.371	0.49547
2.3721	0.49546
2.3732	0.49545
2.3743	0.49538
2.3754	0.49528
2.3764	0.49518
2.3775	0.49503
2.3786	0.49486
2.3797	0.49471
2.3808	0.49459
2.3819	0.49447
2.383	0.49435
2.3841	0.49424
2.3852	0.49421
2.3863	0.49430
2.3874	0.49451
2.3885	0.49482
2.3896	0.49517
2.3907	0.49549
2.3918	0.49587
2.3929	0.49633
2.394	0.49676
2.3951	0.49709
2.3962	0.49743
2.3973	0.49787
2.3984	0.49839
2.3995	0.49883
2.4006	0.49921
2.4018	0.49960
2.4029	0.49996
2.404	0.50024
2.4051	0.50049
2.4062	0.50075
2.4073	0.50099
2.4085	0.50121
2.4096	0.50143
2.4107	0.50157
2.4118	0.50170
2.4129	0.50186
2.4141	0.50201
2.4152	0.50213
2.4163	0.50225
2.4174	0.50234
2.4186	0.50246
2.4197	0.50266
2.4208	0.50282
2.422	0.50299
2.4231	0.50316
2.4242	0.50329
2.4254	0.50342
2.4265	0.50356
2.4276	0.50370
2.4288	0.50379
2.4299	0.50388
2.4311	0.50401
2.4322	0.50416
2.4333	0.50428
2.4345	0.50433
2.4356	0.50437
2.4368	0.50445
2.4379	0.50456
2.4391	0.50464
2.4402	0.50474
2.4414	0.50484
2.4425	0.50491
2.4436	0.50503
2.4448	0.50519
2.4459	0.50537
2.4471	0.50554
2.4483	0.50573
2.4494	0.50591
2.4506	0.50605
2.4517	0.50615
2.4529	0.50624
2.4541	0.50633
2.4552	0.50640
2.4564	0.50642
2.4576	0.50642
2.4587	0.50653
2.4599	0.50670
2.4611	0.50679
2.4622	0.50685
2.4634	0.50696
2.4646	0.50709
2.4657	0.50722
2.4669	0.50739
2.4681	0.50751
2.4693	0.50760
2.4704	0.50773
2.4716	0.50789
2.4728	0.50802
2.474	0.50815
2.4751	0.50829
2.4763	0.50842
2.4775	0.50853
2.4787	0.50867
2.4799	0.50878
2.4811	0.50895
2.4823	0.50912
2.4834	0.50923
2.4846	0.50938
2.4858	0.50959
2.487	0.50975
2.4882	0.50988
2.4894	0.51000
2.4906	0.51010
2.4918	0.51024
2.493	0.51034
2.4942	0.51042
2.4954	0.51053
2.4966	0.51063
2.4978	0.51079
2.499	0.51092
2.5002	0.51102
2.5014	0.51114
2.5026	0.51131
2.5038	0.51145
2.505	0.51159
2.5063	0.51175
2.5075	0.51192
2.5087	0.51202
2.5099	0.51212
2.5111	0.51222
2.5123	0.51239
2.5135	0.51253
2.5148	0.51261
2.516	0.51272
2.5172	0.51291
2.5184	0.51308
2.5196	0.51329
2.5209	0.51348
2.5221	0.51370
2.5233	0.51387
2.5246	0.51399
2.5258	0.51416
2.527	0.51438
2.5282	0.51454
2.5295	0.51466
2.5307	0.51479
2.5319	0.51494
2.5332	0.51506
2.5344	0.51520
2.5357	0.51529
2.5369	0.51540
2.5381	0.51560
2.5394	0.51574
2.5406	0.51583
2.5419	0.51597
2.5431	0.51614
2.5444	0.51627
2.5456	0.51636
2.5469	0.51640
2.5481	0.51648
2.5494	0.51662
2.5506	0.51667
2.5519	0.51674
2.5531	0.51688
2.5544	0.51701
2.5556	0.51705
2.5569	0.51709
2.5582	0.51715
2.5594	0.51719
2.5607	0.51721
2.562	0.51737
2.5632	0.51754
2.5645	0.51769
2.5658	0.51785
2.567	0.51795
2.5683	0.51803
2.5696	0.51818
2.5709	0.51841
2.5721	0.51856
2.5734	0.51863
2.5747	0.51886
2.576	0.51900
2.5773	0.51916
2.5785	0.51937
2.5798	0.51947
2.5811	0.51957
2.5824	0.51968
2.5837	0.51971
2.585	0.51996
2.5862	0.52002
2.5875	0.52013
2.5888	0.52035
2.5901	0.52047
2.5914	0.52058
2.5927	0.52062
2.594	0.52049
2.5953	0.52068
2.5966	0.52110
2.5979	0.52127
2.5992	0.52135
2.6005	0.52137
2.6018	0.52144
2.6031	0.52154
2.6044	0.52157
2.6057	0.52166
2.6071	0.52191
2.6084	0.52203
2.6097	0.52214
2.611	0.52230
2.6123	0.52236
2.6136	0.52245
2.6149	0.52252
2.6163	0.52241
2.6176	0.52253
2.6189	0.52264
2.6202	0.52259
2.6216	0.52283
2.6229	0.52294
2.6242	0.52292
2.6255	0.52278
2.6269	0.52273
2.6282	0.52288
2.6295	0.52273
2.6309	0.52266
2.6322	0.52286
2.6335	0.52286
2.6349	0.52279
2.6362	0.52271
2.6376	0.52267
2.6389	0.52265
2.6402	0.52265
2.6416	0.52257
2.6429	0.52251
2.6443	0.52249
2.6456	0.52247
2.647	0.52244
2.6483	0.52237
2.6497	0.52222
2.651	0.52209
2.6524	0.52192
2.6538	0.52187
2.6551	0.52175
2.6565	0.52163
2.6578	0.52148
2.6592	0.52116
2.6606	0.52088
2.6619	0.52060
2.6633	0.52024
2.6647	0.51971
2.666	0.51920
2.6674	0.51859
2.6688	0.51772
2.6701	0.51631
2.6715	0.51497
2.6729	0.51324
2.6743	0.51100
2.6756	0.50851
2.677	0.50567
2.6784	0.50231
2.6798	0.49813
2.6812	0.49326
2.6826	0.48788
2.684	0.48259
2.6854	0.47749
2.6868	0.47269
2.6881	0.46800
2.6895	0.46307
2.6909	0.45751
2.6923	0.45142
2.6937	0.44498
2.6951	0.43829
2.6965	0.43049
2.6979	0.42074
2.6993	0.41049
2.7007	0.40204
2.7021	0.39393
2.7036	0.38475
2.705	0.37447
2.7064	0.36376
2.7078	0.35425
2.7092	0.34739
2.7106	0.34258
2.712	0.33893
2.7135	0.33582
2.7149	0.33295
2.7163	0.32882
2.7177	0.32057
2.7191	0.30620
2.7206	0.28855
2.722	0.27972
2.7234	0.28407
2.7249	0.29090
2.7263	0.29724
2.7277	0.30421
2.7292	0.30984
2.7306	0.31124
2.732	0.31183
2.7335	0.31516
2.7349	0.31946
2.7364	0.32364
2.7378	0.32640
2.7393	0.32822
2.7407	0.33037
2.7422	0.33202
2.7436	0.33239
2.7451	0.33225
2.7465	0.33228
2.748	0.33236
2.7494	0.33227
2.7509	0.33214
2.7523	0.33189
2.7538	0.33152
2.7553	0.33123
2.7567	0.33122
2.7582	0.33125
2.7597	0.33119
2.7611	0.33098
2.7626	0.33082
2.7641	0.33082
2.7656	0.33077
2.767	0.33063
2.7685	0.33040
2.77	0.33012
2.7715	0.32985
2.7729	0.32952
2.7744	0.32906
2.7759	0.32875
2.7774	0.32855
2.7789	0.32834
2.7804	0.32805
2.7819	0.32776
2.7834	0.32756
2.7849	0.32737
2.7864	0.32719
2.7879	0.32710
2.7894	0.32718
2.7909	0.32726
2.7924	0.32733
2.7939	0.32753
2.7954	0.32771
2.7969	0.32793
2.7984	0.32817
2.7999	0.32839
2.8014	0.32864
2.8029	0.32896
2.8044	0.32931
2.806	0.32954
2.8075	0.32986
2.809	0.33026
2.8105	0.33073
2.8121	0.33120
2.8136	0.33177
2.8151	0.33238
2.8166	0.33295
2.8182	0.33346
2.8197	0.33408
2.8212	0.33479
2.8228	0.33548
2.8243	0.33617
2.8258	0.33688
2.8274	0.33754
2.8289	0.33813
2.8305	0.33872
2.832	0.33923
2.8336	0.33963
2.8351	0.33995
2.8367	0.34009
2.8382	0.34017
2.8398	0.34027
2.8413	0.34036
2.8429	0.34048
2.8444	0.34067
2.846	0.34103
2.8476	0.34151
2.8491	0.34208
2.8507	0.34275
2.8523	0.34345
2.8538	0.34409
2.8554	0.34464
2.857	0.34517
2.8586	0.34569
2.8601	0.34609
2.8617	0.34639
2.8633	0.34659
2.8649	0.34672
2.8664	0.34682
2.868	0.34690
2.8696	0.34697
2.8712	0.34702
2.8728	0.34704
2.8744	0.34696
2.876	0.34693
2.8776	0.34691
2.8792	0.34685
2.8808	0.34673
2.8824	0.34661
2.884	0.34653
2.8856	0.34643
2.8872	0.34633
2.8888	0.34626
2.8904	0.34623
2.892	0.34613
2.8936	0.34597
2.8953	0.34594
2.8969	0.34595
2.8985	0.34586
2.9001	0.34579
2.9017	0.34574
2.9034	0.34573
2.905	0.34577
2.9066	0.34577
2.9083	0.34574
2.9099	0.34575
2.9115	0.34580
2.9131	0.34591
2.9148	0.34597
2.9164	0.34601
2.9181	0.34613
2.9197	0.34630
2.9214	0.34654
2.923	0.34678
2.9247	0.34706
2.9263	0.34740
2.928	0.34769
2.9296	0.34797
2.9313	0.34837
2.9329	0.34882
2.9346	0.34930
2.9363	0.34977
2.9379	0.35026
2.9396	0.35087
2.9412	0.35141
2.9429	0.35191
2.9446	0.35249
2.9463	0.35303
2.9479	0.35353
2.9496	0.35414
2.9513	0.35477
2.953	0.35528
2.9546	0.35582
2.9563	0.35636
2.958	0.35690
2.9597	0.35747
2.9614	0.35805
2.9631	0.35858
2.9648	0.35907
2.9665	0.35962
2.9682	0.36019
2.9699	0.36068
2.9716	0.36113
2.9733	0.36159
2.975	0.36213
2.9767	0.36265
2.9784	0.36321
2.9801	0.36369
2.9818	0.36417
2.9836	0.36470
2.9853	0.36525
2.987	0.36576
2.9887	0.36625
2.9904	0.36675
2.9922	0.36726
2.9939	0.36777
2.9956	0.36825
2.9974	0.36877
2.9991	0.36931
3.0008	0.36972
3.0026	0.37012
3.0043	0.37061
3.006	0.37112
3.0078	0.37160
3.0095	0.37208
3.0113	0.37255
3.013	0.37303
3.0148	0.37353
3.0165	0.37394
3.0183	0.37437
3.02	0.37487
3.0218	0.37531
3.0236	0.37575
3.0253	0.37622
3.0271	0.37668
3.0289	0.37710
3.0306	0.37749
3.0324	0.37795
3.0342	0.37839
3.036	0.37876
3.0377	0.37908
3.0395	0.37948
3.0413	0.37991
3.0431	0.38030
3.0449	0.38065
3.0467	0.38101
3.0484	0.38142
3.0502	0.38176
3.052	0.38212
3.0538	0.38252
3.0556	0.38285
3.0574	0.38319
3.0592	0.38353
3.0611	0.38380
3.0629	0.38412
3.0647	0.38444
3.0665	0.38476
3.0683	0.38509
3.0701	0.38540
3.0719	0.38571
3.0738	0.38599
3.0756	0.38625
3.0774	0.38657
3.0792	0.38689
3.0811	0.38715
3.0829	0.38740
3.0847	0.38768
3.0866	0.38799
3.0884	0.38833
3.0902	0.38867
3.0921	0.38895
3.0939	0.38923
3.0958	0.38954
3.0976	0.38985
3.0995	0.39017
3.1013	0.39048
3.1032	0.39084
3.105	0.39115
3.1069	0.39148
3.1088	0.39180
3.1106	0.39214
3.1125	0.39257
3.1144	0.39293
3.1162	0.39325
3.1181	0.39359
3.12	0.39395
3.1219	0.39431
3.1237	0.39469
3.1256	0.39509
3.1275	0.39556
3.1294	0.39599
3.1313	0.39639
3.1332	0.39677
3.1351	0.39713
3.137	0.39757
3.1389	0.39793
3.1408	0.39831
3.1427	0.39872
3.1446	0.39912
3.1465	0.39948
3.1484	0.39980
3.1503	0.40020
3.1522	0.40064
3.1541	0.40103
3.1561	0.40142
3.158	0.40184
3.1599	0.40223
3.1618	0.40260
3.1638	0.40297
3.1657	0.40337
3.1676	0.40377
3.1696	0.40420
3.1715	0.40468
3.1734	0.40513
3.1754	0.40551
3.1773	0.40595
3.1793	0.40638
3.1812	0.40679
3.1832	0.40720
3.1851	0.40758
3.1871	0.40804
3.1891	0.40845
3.191	0.40889
3.193	0.40938
3.1949	0.40980
3.1969	0.41025
3.1989	0.41066
3.2009	0.41109
3.2029	0.41155
3.2048	0.41194
3.2068	0.41232
3.2088	0.41272
3.2108	0.41314
3.2128	0.41353
3.2148	0.41392
3.2168	0.41434
3.2188	0.41470
3.2208	0.41510
3.2228	0.41549
3.2248	0.41584
3.2268	0.41623
3.2288	0.41656
3.2308	0.41693
3.2328	0.41740
3.2348	0.41786
3.2368	0.41825
3.2389	0.41855
3.2409	0.41893
3.2429	0.41934
3.2449	0.41967
3.247	0.42002
3.249	0.42037
3.251	0.42068
3.2531	0.42097
3.2551	0.42136
3.2572	0.42183
3.2592	0.42216
3.2613	0.42246
3.2633	0.42290
3.2654	0.42335
3.2674	0.42383
3.2695	0.42425
3.2716	0.42467
3.2736	0.42517
3.2757	0.42551
3.2778	0.42587
3.2798	0.42632
3.2819	0.42669
3.284	0.42696
3.2861	0.42726
3.2881	0.42760
3.2902	0.42797
3.2923	0.42832
3.2944	0.42866
3.2965	0.42898
3.2986	0.42923
3.3007	0.42960
3.3028	0.42996
3.3049	0.43033
3.307	0.43068
3.3091	0.43096
3.3112	0.43132
3.3134	0.43169
3.3155	0.43201
3.3176	0.43230
3.3197	0.43261
3.3219	0.43295
3.324	0.43325
3.3261	0.43353
3.3283	0.43374
3.3304	0.43392
3.3325	0.43410
3.3347	0.43425
3.3368	0.43430
3.339	0.43428
3.3411	0.43429
3.3433	0.43426
3.3454	0.43420
3.3476	0.43419
3.3498	0.43418
3.3519	0.43414
3.3541	0.43408
3.3563	0.43409
3.3584	0.43413
3.3606	0.43408
3.3628	0.43391
3.365	0.43368
3.3671	0.43347
3.3693	0.43329
3.3715	0.43308
3.3737	0.43297
3.3759	0.43301
3.3781	0.43322
3.3803	0.43350
3.3825	0.43396
3.3847	0.43454
3.3869	0.43500
3.3891	0.43541
3.3914	0.43563
3.3936	0.43563
3.3958	0.43553
3.398	0.43531
3.4003	0.43494
3.4025	0.43448
3.4047	0.43396
3.407	0.43348
3.4092	0.43308
3.4114	0.43279
3.4137	0.43274
3.4159	0.43288
3.4182	0.43338
3.4204	0.43422
3.4227	0.43540
3.425	0.43674
3.4272	0.43811
3.4295	0.43952
3.4318	0.44082
3.434	0.44202
3.4363	0.44309
3.4386	0.44396
3.4409	0.44467
3.4432	0.44537
3.4454	0.44612
3.4477	0.44679
3.45	0.44743
3.4523	0.44802
3.4546	0.44858
3.4569	0.44910
3.4592	0.44958
3.4616	0.45002
3.4639	0.45035
3.4662	0.45052
3.4685	0.45078
3.4708	0.45098
3.4731	0.45104
3.4755	0.45113
3.4778	0.45120
3.4801	0.45130
3.4825	0.45153
3.4848	0.45175
3.4872	0.45191
3.4895	0.45202
3.4919	0.45205
3.4942	0.45193
3.4966	0.45172
3.4989	0.45157
3.5013	0.45164
3.5036	0.45206
3.506	0.45281
3.5084	0.45388
3.5108	0.45507
3.5131	0.45630
3.5155	0.45748
3.5179	0.45850
3.5203	0.45950
3.5227	0.46053
3.5251	0.46142
3.5275	0.46219
3.5299	0.46288
3.5323	0.46348
3.5347	0.46403
3.5371	0.46452
3.5395	0.46502
3.5419	0.46543
3.5444	0.46586
3.5468	0.46630
3.5492	0.46663
3.5516	0.46692
3.5541	0.46722
3.5565	0.46752
3.559	0.46783
3.5614	0.46808
3.5639	0.46835
3.5663	0.46869
3.5688	0.46890
3.5712	0.46913
3.5737	0.46946
3.5761	0.46970
3.5786	0.47001
3.5811	0.47023
3.5836	0.47048
3.586	0.47072
3.5885	0.47087
3.591	0.47111
3.5935	0.47139
3.596	0.47161
3.5985	0.47182
3.601	0.47199
3.6035	0.47218
3.606	0.47232
3.6085	0.47251
3.611	0.47274
3.6135	0.47294
3.616	0.47315
3.6186	0.47328
3.6211	0.47347
3.6236	0.47376
3.6261	0.47398
3.6287	0.47412
3.6312	0.47434
3.6338	0.47449
3.6363	0.47461
3.6389	0.47479
3.6414	0.47498
3.644	0.47512
3.6466	0.47531
3.6491	0.47544
3.6517	0.47552
3.6543	0.47573
3.6569	0.47591
3.6594	0.47614
3.662	0.47638
3.6646	0.47656
3.6672	0.47674
3.6698	0.47695
3.6724	0.47715
3.675	0.47736
3.6776	0.47756
3.6802	0.47773
3.6828	0.47791
3.6854	0.47804
3.6881	0.47818
3.6907	0.47833
3.6933	0.47853
3.6959	0.47875
3.6986	0.47894
3.7012	0.47916
3.7039	0.47938
3.7065	0.47955
3.7092	0.47970
3.7118	0.47983
3.7145	0.47999
3.7171	0.48012
3.7198	0.48025
3.7225	0.48040
3.7252	0.48056
3.7278	0.48070
3.7305	0.48083
3.7332	0.48098
3.7359	0.48111
3.7386	0.48123
3.7413	0.48134
3.744	0.48148
3.7467	0.48164
3.7494	0.48179
3.7521	0.48195
3.7548	0.48206
3.7576	0.48216
3.7603	0.48229
3.763	0.48244
3.7657	0.48259
3.7685	0.48272
3.7712	0.48285
3.774	0.48301
3.7767	0.48317
3.7795	0.48329
3.7822	0.48337
3.785	0.48345
3.7877	0.48356
3.7905	0.48366
3.7933	0.48376
3.7961	0.48386
3.7988	0.48398
3.8016	0.48407
3.8044	0.48414
3.8072	0.48428
3.81	0.48437
3.8128	0.48442
3.8156	0.48450
3.8184	0.48457
3.8212	0.48464
3.8241	0.48473
3.8269	0.48479
3.8297	0.48486
3.8325	0.48491
3.8354	0.48495
3.8382	0.48500
3.8411	0.48508
3.8439	0.48513
3.8468	0.48522
3.8496	0.48525
3.8525	0.48528
3.8553	0.48534
3.8582	0.48541
3.8611	0.48543
3.8639	0.48548
3.8668	0.48554
3.8697	0.48560
3.8726	0.48564
3.8755	0.48567
3.8784	0.48571
3.8813	0.48574
3.8842	0.48576
3.8871	0.48578
3.89	0.48579
3.893	0.48582
3.8959	0.48587
3.8988	0.48589
3.9017	0.48588
3.9047	0.48585
3.9076	0.48583
3.9106	0.48584
3.9135	0.48585
3.9165	0.48583
3.9194	0.48576
3.9224	0.48574
3.9254	0.48571
3.9284	0.48569
3.9313	0.48565
3.9343	0.48561
3.9373	0.48559
3.9403	0.48554
3.9433	0.48545
3.9463	0.48541
3.9493	0.48534
3.9523	0.48525
3.9553	0.48515
3.9583	0.48508
3.9614	0.48501
3.9644	0.48494
3.9674	0.48487
3.9705	0.48480
3.9735	0.48475
3.9766	0.48470
3.9796	0.48464
3.9826	0.48460
3.9857	0.48452
3.9888	0.48449
3.9919	0.48447
3.9949	0.48444
3.998	0.48439
4.0011	0.48434
4.0042	0.48428
4.0073	0.48424
4.0104	0.48417
4.0135	0.48407
4.0166	0.48399
4.0197	0.48392
4.0228	0.48384
4.0259	0.48379
4.0291	0.48373
4.0322	0.48364
4.0353	0.48358
4.0385	0.48349
4.0416	0.48336
4.0448	0.48326
4.0479	0.48316
4.0511	0.48306
4.0543	0.48297
4.0574	0.48285
4.0606	0.48273
4.0638	0.48263
4.067	0.48251
4.0702	0.48239
4.0734	0.48228
4.0766	0.48216
4.0798	0.48201
4.083	0.48187
4.0862	0.48175
4.0894	0.48168
4.0927	0.48154
4.0959	0.48138
4.0991	0.48124
4.1024	0.48111
4.1056	0.48099
4.1089	0.48085
4.1121	0.48071
4.1154	0.48053
4.1187	0.48034
4.122	0.48022
4.1252	0.48008
4.1285	0.47993
4.1318	0.47979
4.1351	0.47962
4.1384	0.47943
4.1417	0.47927
4.145	0.47909
4.1483	0.47891
4.1516	0.47873
4.155	0.47859
4.1583	0.47845
4.1616	0.47829
4.165	0.47813
4.1683	0.47799
4.1717	0.47781
4.175	0.47765
4.1784	0.47750
4.1818	0.47735
4.1852	0.47723
4.1885	0.47708
4.1919	0.47689
4.1953	0.47673
4.1987	0.47662
4.2021	0.47650
4.2055	0.47637
4.2089	0.47624
4.2124	0.47606
4.2158	0.47590
4.2192	0.47579
4.2226	0.47567
4.2261	0.47553
4.2295	0.47542
4.233	0.47531
4.2365	0.47517
4.2399	0.47499
4.2434	0.47482
4.2469	0.47468
4.2503	0.47452
4.2538	0.47432
4.2573	0.47413
4.2608	0.47393
4.2643	0.47376
4.2678	0.47360
4.2714	0.47346
4.2749	0.47332
4.2784	0.47317
4.2819	0.47300
4.2855	0.47283
4.289	0.47268
4.2926	0.47255
4.2961	0.47234
4.2997	0.47217
4.3033	0.47203
4.3068	0.47189
4.3104	0.47173
4.314	0.47157
4.3176	0.47140
4.3212	0.47126
4.3248	0.47114
4.3284	0.47102
4.332	0.47088
4.3356	0.47079
4.3393	0.47069
4.3429	0.47056
4.3465	0.47043
4.3502	0.47035
4.3538	0.47023
4.3575	0.47011
4.3611	0.47005
4.3648	0.46996
4.3685	0.46986
4.3722	0.46978
4.3759	0.46965
4.3796	0.46955
4.3833	0.46945
4.387	0.46931
4.3907	0.46919
4.3944	0.46907
4.3981	0.46895
4.4019	0.46883
4.4056	0.46868
4.4094	0.46855
4.4131	0.46842
4.4169	0.46827
4.4206	0.46810
4.4244	0.46793
4.4282	0.46774
4.432	0.46758
4.4358	0.46741
4.4396	0.46728
4.4434	0.46714
4.4472	0.46699
4.451	0.46680
4.4548	0.46661
4.4586	0.46640
4.4625	0.46620
4.4663	0.46594
4.4702	0.46570
4.474	0.46546
4.4779	0.46525
4.4818	0.46500
4.4856	0.46472
4.4895	0.46441
4.4934	0.46409
4.4973	0.46375
4.5012	0.46336
4.5051	0.46289
4.509	0.46236
4.513	0.46175
4.5169	0.46109
4.5208	0.46029
4.5248	0.45941
4.5287	0.45844
4.5327	0.45735
4.5367	0.45622
4.5406	0.45505
4.5446	0.45381
4.5486	0.45255
4.5526	0.45126
4.5566	0.44991
4.5606	0.44853
4.5646	0.44711
4.5686	0.44565
4.5727	0.44410
4.5767	0.44244
4.5808	0.44073
4.5848	0.43899
4.5889	0.43719
4.5929	0.43530
4.597	0.43336
4.6011	0.43129
4.6052	0.42915
4.6093	0.42690
4.6134	0.42458
4.6175	0.42224
4.6216	0.41990
4.6257	0.41760
4.6298	0.41535
4.634	0.41306
4.6381	0.41081
4.6423	0.40864
4.6464	0.40655
4.6506	0.40453
4.6548	0.40250
4.659	0.40050
4.6631	0.39860
4.6673	0.39684
4.6715	0.39533
4.6758	0.39404
4.68	0.39283
4.6842	0.39170
4.6884	0.39064
4.6927	0.38954
4.6969	0.38847
4.7012	0.38738
4.7055	0.38630
4.7097	0.38522
4.714	0.38411
4.7183	0.38297
4.7226	0.38177
4.7269	0.38045
4.7312	0.37902
4.7355	0.37746
4.7399	0.37581
4.7442	0.37403
4.7485	0.37218
4.7529	0.37021
4.7573	0.36815
4.7616	0.36605
4.766	0.36389
4.7704	0.36166
4.7748	0.35944
4.7792	0.35716
4.7836	0.35482
4.788	0.35250
4.7924	0.35020
4.7969	0.34793
4.8013	0.34572
4.8058	0.34359
4.8102	0.34159
4.8147	0.33977
4.8191	0.33812
4.8236	0.33664
4.8281	0.33534
4.8326	0.33421
4.8371	0.33332
4.8416	0.33261
4.8462	0.33210
4.8507	0.33169
4.8553	0.33145
4.8598	0.33136
4.8644	0.33132
4.8689	0.33128
4.8735	0.33132
4.8781	0.33141
4.8827	0.33153
4.8873	0.33165
4.8919	0.33174
4.8965	0.33181
4.9011	0.33188
4.9058	0.33190
4.9104	0.33181
4.9151	0.33170
4.9197	0.33161
4.9244	0.33139
4.9291	0.33113
4.9338	0.33084
4.9385	0.33051
4.9432	0.33009
4.9479	0.32961
4.9526	0.32912
4.9574	0.32862
4.9621	0.32807
4.9669	0.32747
4.9716	0.32684
4.9764	0.32616
4.9812	0.32542
4.986	0.32463
4.9908	0.32376
4.9956	0.32279
5.0004	0.32169
5.0052	0.32051
5.01	0.31921
5.0149	0.31778
5.0198	0.31622
5.0246	0.31456
5.0295	0.31280
5.0344	0.31091
5.0393	0.30888
5.0442	0.30677
5.0491	0.30458
5.054	0.30233
5.0589	0.30001
5.0639	0.29775
5.0688	0.29556
5.0738	0.29339
5.0788	0.29124
5.0837	0.28916
5.0887	0.28709
5.0937	0.28505
5.0987	0.28306
5.1037	0.28109
5.1088	0.27917
5.1138	0.27728
5.1189	0.27543
5.1239	0.27371
5.129	0.27214
5.1341	0.27081
5.1391	0.26976
5.1443	0.26913
5.1494	0.26898
5.1545	0.26936
5.1596	0.27029
5.1647	0.27170
5.1699	0.27353
5.175	0.27577
5.1802	0.27825
5.1854	0.28090
5.1906	0.28362
5.1958	0.28634
5.201	0.28899
5.2062	0.29148
5.2115	0.29382
5.2167	0.29594
5.222	0.29779
5.2272	0.29944
5.2325	0.30089
5.2378	0.30221
5.2431	0.30344
5.2484	0.30458
5.2537	0.30571
5.259	0.30699
5.2644	0.30834
5.2697	0.30984
5.2751	0.31150
5.2805	0.31329
5.2858	0.31512
5.2912	0.31698
5.2966	0.31880
5.302	0.32046
5.3075	0.32196
5.3129	0.32325
5.3184	0.32431
5.3238	0.32522
5.3293	0.32594
5.3348	0.32651
5.3403	0.32688
5.3458	0.32712
5.3513	0.32719
5.3568	0.32699
5.3624	0.32656
5.3679	0.32593
5.3735	0.32505
5.379	0.32393
5.3846	0.32257
5.3902	0.32100
5.3958	0.31930
5.4015	0.31750
5.4071	0.31563
5.4127	0.31382
5.4184	0.31213
5.4241	0.31068
5.4297	0.30936
5.4354	0.30823
5.4411	0.30738
5.4469	0.30684
5.4526	0.30655
5.4583	0.30654
5.4641	0.30685
5.4698	0.30737
5.4756	0.30807
5.4814	0.30899
5.4872	0.31003
5.493	0.31121
5.4988	0.31243
5.5047	0.31368
5.5105	0.31484
5.5164	0.31590
5.5223	0.31670
5.5281	0.31709
5.534	0.31699
5.54	0.31639
5.5459	0.31521
5.5518	0.31352
5.5578	0.31146
5.5637	0.30918
5.5697	0.30689
5.5757	0.30482
5.5817	0.30292
5.5877	0.30124
5.5937	0.29982
5.5998	0.29863
5.6058	0.29760
5.6119	0.29663
5.618	0.29574
5.6241	0.29496
5.6302	0.29421
5.6363	0.29354
5.6424	0.29294
5.6486	0.29223
5.6547	0.29156
5.6609	0.29100
5.6671	0.29039
5.6733	0.28991
5.6795	0.28948
5.6857	0.28904
5.692	0.28860
5.6982	0.28815
5.7045	0.28761
5.7108	0.28705
5.7171	0.28625
5.7234	0.28531
5.7297	0.28435
5.736	0.28340
5.7424	0.28251
5.7488	0.28176
5.7551	0.28110
5.7615	0.28057
5.768	0.28030
5.7744	0.27998
5.7808	0.27964
5.7873	0.27937
5.7937	0.27910
5.8002	0.27883
5.8067	0.27852
5.8132	0.27819
5.8197	0.27786
5.8263	0.27752
5.8328	0.27700
5.8394	0.27652
5.846	0.27611
5.8526	0.27576
5.8592	0.27542
5.8658	0.27503
5.8725	0.27451
5.8791	0.27396
5.8858	0.27304
5.8925	0.27169
5.8992	0.27006
5.9059	0.26801
5.9126	0.26578
5.9194	0.26333
5.9262	0.26057
5.9329	0.25769
5.9397	0.25436
5.9465	0.25065
5.9534	0.24677
5.9602	0.24281
5.9671	0.23877
5.974	0.23478
5.9808	0.23101
5.9878	0.22775
5.9947	0.22486
6.0016	0.22245
6.0086	0.22059
6.0155	0.21916
6.0225	0.21793
6.0295	0.21704
6.0365	0.21634
6.0436	0.21592
6.0506	0.21567
6.0577	0.21521
6.0648	0.21471
6.0719	0.21450
6.079	0.21420
6.0861	0.21376
6.0933	0.21327
6.1005	0.21277
6.1076	0.21223
6.1149	0.21163
6.1221	0.21064
6.1293	0.20946
6.1365	0.20815
6.1438	0.20669
6.1511	0.20510
6.1584	0.20348
6.1657	0.20183
6.1731	0.20028
6.1804	0.19892
6.1878	0.19779
6.1952	0.19684
6.2026	0.19624
6.21	0.19602
6.2175	0.19617
6.225	0.19659
6.2324	0.19717
6.2399	0.19776
6.2475	0.19829
6.255	0.19871
6.2625	0.19895
6.2701	0.19907
6.2777	0.19918
6.2853	0.19930
6.293	0.19956
6.3006	0.20007
6.3083	0.20086
6.3159	0.20189
6.3236	0.20322
6.3314	0.20495
6.3391	0.20703
6.3469	0.20950
6.3546	0.21192
6.3624	0.21437
6.3703	0.21706
6.3781	0.21971
6.3859	0.22216
6.3938	0.22457
6.4017	0.22680
6.4096	0.22901
6.4176	0.23114
6.4255	0.23269
6.4335	0.23399
6.4415	0.23521
6.4495	0.23627
6.4575	0.23727
6.4656	0.23823
6.4736	0.23924
6.4817	0.24023
6.4898	0.24121
6.498	0.24212
6.5061	0.24267
6.5143	0.24301
6.5225	0.24328
6.5307	0.24310
6.539	0.24264
6.5472	0.24193
6.5555	0.24088
6.5638	0.23962
6.5721	0.23829
6.5804	0.23678
6.5888	0.23531
6.5972	0.23402
6.6056	0.23293
6.614	0.23217
6.6225	0.23181
6.6309	0.23189
6.6394	0.23237
6.6479	0.23290
6.6565	0.23356
6.665	0.23455
6.6736	0.23563
6.6822	0.23668
6.6908	0.23749
6.6995	0.23811
6.7081	0.23876
6.7168	0.23926
6.7255	0.23956
6.7343	0.23978
6.743	0.23997
6.7518	0.24004
6.7606	0.23992
6.7694	0.23963
6.7783	0.23918
6.7871	0.23864
6.796	0.23798
6.805	0.23724
6.8139	0.23662
6.8229	0.23610
6.8319	0.23548
6.8409	0.23470
6.8499	0.23391
6.859	0.23315
6.868	0.23224
6.8772	0.23110
6.8863	0.23001
6.8955	0.22897
6.9046	0.22800
6.9138	0.22710
6.9231	0.22622
6.9323	0.22533
6.9416	0.22434
6.9509	0.22330
6.9602	0.22224
6.9696	0.22108
6.979	0.21993
6.9884	0.21899
6.9978	0.21810
7.0073	0.21729
7.0168	0.21661
7.0263	0.21605
7.0358	0.21554
7.0454	0.21514
7.0549	0.21469
7.0645	0.21424
7.0742	0.21388
7.0839	0.21354
7.0935	0.21316
7.1033	0.21274
7.113	0.21228
7.1228	0.21174
7.1326	0.21106
7.1424	0.21030
7.1522	0.20946
7.1621	0.20854
7.172	0.20753
7.182	0.20639
7.1919	0.20518
7.2019	0.20400
7.2119	0.20279
7.222	0.20156
7.232	0.20032
7.2421	0.19913
7.2523	0.19789
7.2624	0.19663
7.2726	0.19532
7.2828	0.19397
7.2931	0.19249
7.3033	0.19091
7.3136	0.18928
7.324	0.18763
7.3343	0.18596
7.3447	0.18435
7.3551	0.18277
7.3656	0.18125
7.3761	0.17981
7.3866	0.17853
7.3971	0.17738
7.4077	0.17636
7.4183	0.17537
7.4289	0.17428
7.4396	0.17311
7.4503	0.17187
7.461	0.17051
7.4717	0.16907
7.4825	0.16755
7.4933	0.16603
7.5041	0.16447
7.515	0.16289
7.5259	0.16129
7.5369	0.15968
7.5479	0.15809
7.5589	0.15646
7.5699	0.15477
7.581	0.15306
7.592	0.15139
7.6032	0.14978
7.6144	0.14822
7.6255	0.14670
7.6368	0.14510
7.648	0.14348
7.6593	0.14182
7.6707	0.14008
7.682	0.13821
7.6934	0.13626
7.7049	0.13419
7.7163	0.13208
7.7278	0.12999
7.7394	0.12795
7.7509	0.12593
7.7625	0.12394
7.7742	0.12196
7.7858	0.12001
7.7975	0.11799
7.8093	0.11593
7.8211	0.11378
7.8329	0.11154
7.8447	0.10923
7.8566	0.10686
7.8685	0.10435
7.8805	0.10191
7.8925	0.09948
7.9045	0.09707
7.9166	0.09462
7.9287	0.09218
7.9408	0.08973
7.953	0.08732
7.9652	0.08483
7.9775	0.08228
7.9898	0.07968
8.0021	0.07710
8.0145	0.07444
8.0269	0.07181
8.0393	0.06918
8.0518	0.06659
8.0643	0.06394
8.0769	0.06129
8.0895	0.05866
8.1021	0.05604
8.1148	0.05333
8.1275	0.05072
8.1403	0.04816
8.1531	0.04566
8.1659	0.04317
8.1788	0.04084
8.1917	0.03855
8.2047	0.03634
8.2177	0.03421
8.2307	0.03217
8.2438	0.03016
8.257	0.02836
8.2701	0.02664
8.2833	0.02511
8.2966	0.02364
8.3099	0.02232
8.3232	0.02116
8.3366	0.02019
8.35	0.01936
8.3635	0.01874
8.377	0.01829
8.3905	0.01811
8.4042	0.01813
8.4178	0.01847
8.4315	0.01911
8.4452	0.02014
8.459	0.02153
8.4728	0.02345
8.4867	0.02582
8.5006	0.02877
8.5145	0.03235
8.5285	0.03655
8.5426	0.04133
8.5567	0.04674
8.5708	0.05276
8.585	0.05931
8.5993	0.06624
8.6135	0.07355
8.6279	0.08104
8.6423	0.08858
8.6567	0.09588
8.6712	0.10272
8.6857	0.10860
8.7003	0.11269
8.7149	0.11352
8.7295	0.10995
8.7443	0.10371
8.759	0.10019
8.7739	0.10262
8.7887	0.10861
8.8037	0.11412
8.8186	0.11693
8.8337	0.11677
8.8487	0.11434
8.8638	0.11047
8.879	0.10638
8.8943	0.10336
8.9095	0.10228
8.9249	0.10293
8.9403	0.10454
8.9557	0.10622
8.9712	0.10769
8.9868	0.10881
9.0023	0.10965
9.018	0.11018
9.0337	0.11029
9.0495	0.11017
9.0653	0.11002
9.0812	0.10985
9.0971	0.10969
9.1131	0.10955
9.1291	0.10944
9.1452	0.10935
9.1614	0.10931
9.1776	0.10928
9.1939	0.10929
9.2102	0.10936
9.2266	0.10960
9.243	0.10990
9.2595	0.11026
9.2761	0.11060
9.2927	0.11094
9.3094	0.11118
9.3262	0.11132
9.343	0.11141
9.3598	0.11135
9.3768	0.11102
9.3938	0.11046
9.4108	0.10961
9.4279	0.10851
9.4451	0.10708
9.4623	0.10537
9.4796	0.10344
9.497	0.10127
9.5144	0.09877
9.5319	0.09600
9.5494	0.09291
9.567	0.08941
9.5847	0.08546
9.6025	0.08111
9.6203	0.07643
9.6382	0.07159
9.6561	0.06677
9.6742	0.06242
9.6922	0.05881
9.7104	0.05610
9.7286	0.05433
9.7469	0.05371
9.7652	0.05431
9.7837	0.05611
9.8022	0.05875
9.8207	0.06205
9.8394	0.06566
9.8581	0.06931
9.8768	0.07251
9.8957	0.07495
9.9146	0.07638
9.9336	0.07660
9.9527	0.07581
9.9718	0.07441
9.991	0.07303
10.0103	0.07259
10.0297	0.07359
10.0491	0.07603
10.0686	0.07931
10.0882	0.08279
10.1079	0.08625
10.1276	0.09006
10.1475	0.09451
10.1673	0.09930
10.1873	0.10347
10.2074	0.10603
10.2275	0.10636
10.2477	0.10446
10.268	0.10060
10.2884	0.09575
10.3088	0.09163
10.3294	0.08985
10.35	0.09057
10.3707	0.09275
10.3915	0.09500
10.4123	0.09663
10.4333	0.09729
10.4543	0.09715
10.4754	0.09623
10.4967	0.09456
10.5179	0.09236
10.5393	0.08994
10.5608	0.08738
10.5823	0.08510
10.604	0.08322
10.6257	0.08172
10.6475	0.08058
10.6694	0.08004
10.6914	0.07996
10.7135	0.08028
10.7357	0.08069
10.758	0.08091
10.7803	0.08050
10.8028	0.07924
10.8254	0.07706
10.848	0.07418
10.8708	0.07061
10.8936	0.06663
10.9165	0.06265
10.9395	0.05912
10.9627	0.05658
10.9859	0.05525
11.0092	0.05507
11.0327	0.05591
11.0562	0.05708
11.0798	0.05787
11.1035	0.05806
11.1274	0.05797
11.1513	0.05802
11.1753	0.05895
11.1995	0.06119
11.2237	0.06506
11.248	0.07012
11.2725	0.07548
11.2971	0.08017
11.3217	0.08392
11.3465	0.08658
11.3714	0.08818
11.3964	0.08901
11.4215	0.08923
11.4467	0.08886
11.472	0.08822
11.4975	0.08739
11.523	0.08635
11.5487	0.08512
11.5744	0.08374
11.6003	0.08239
11.6263	0.08107
11.6525	0.07960
11.6787	0.07801
11.7051	0.07625
11.7316	0.07429
11.7582	0.07229
11.7849	0.07057
11.8117	0.06933
11.8387	0.06882
11.8658	0.06876
11.893	0.06898
11.9203	0.06935
11.9478	0.06986
11.9754	0.07040
12.0031	0.07098
12.031	0.07174
12.059	0.07293
12.0871	0.07453
12.1153	0.07648
12.1437	0.07848
12.1722	0.08034
12.2008	0.08215
12.2296	0.08380
12.2585	0.08529
12.2876	0.08663
12.3168	0.08781
12.3461	0.08882
12.3755	0.08974
12.4052	0.09063
12.4349	0.09131
12.4648	0.09184
12.4948	0.09223
12.525	0.09244
12.5553	0.09229
12.5858	0.09204
12.6164	0.09179
12.6472	0.09146
12.6781	0.09108
12.7092	0.09069
12.7404	0.09012
12.7718	0.08955
12.8033	0.08902
12.835	0.08835
12.8669	0.08750
12.8989	0.08635
12.9311	0.08458
12.9634	0.08217
12.9959	0.07922
13.0285	0.07581
13.0613	0.07229
13.0943	0.06921
13.1275	0.06692
13.1608	0.06564
13.1943	0.06497
13.228	0.06432
13.2618	0.06309
13.2958	0.06099
13.33	0.05783
13.3643	0.05424
13.3988	0.05131
13.4336	0.05006
13.4685	0.05020
13.5035	0.05050
13.5388	0.04993
13.5742	0.04838
13.6099	0.04616
13.6457	0.04403
13.6817	0.04284
13.7179	0.04290
13.7543	0.04364
13.7908	0.04440
13.8276	0.04492
13.8646	0.04538
13.9018	0.04591
13.9392	0.04645
13.9767	0.04666
14.0145	0.04655
14.0525	0.04623
14.0907	0.04569
14.129	0.04488
14.1676	0.04405
14.2065	0.04339
14.2455	0.04309
14.2847	0.04338
14.3242	0.04418
14.3639	0.04536
14.4038	0.04640
14.4439	0.04647
14.4843	0.04538
14.5248	0.04343
14.5656	0.04145
14.6067	0.03951
14.6479	0.03779
14.6894	0.03638
14.7312	0.03521
14.7731	0.03460
14.8153	0.03447
14.8578	0.03417
14.9005	0.03345
14.9434	0.03212
14.9866	0.03043
15.03	0.02847
15.0737	0.02664
15.1177	0.02547
15.1619	0.02499
15.2063	0.02557
15.2511	0.02706
15.2961	0.02867
15.3413	0.03030
15.3868	0.03172
15.4326	0.03277
15.4787	0.03335
15.525	0.03347
15.5717	0.03328
15.6186	0.03308
15.6658	0.03308
15.7132	0.03333
15.761	0.03356
15.809	0.03392
15.8574	0.03462
15.906	0.03579
15.955	0.03734
16.0042	0.03968
16.0538	0.04292
16.1036	0.04704
16.1538	0.05174
16.2043	0.05681
16.2551	0.06198
16.3062	0.06723
16.3576	0.07197
16.4094	0.07633
16.4615	0.08038
16.5139	0.08394
16.5667	0.08701
16.6198	0.08965
16.6732	0.09192
16.727	0.09407
16.7811	0.09587
16.8356	0.09745
16.8905	0.09901
16.9457	0.10072
17.0012	0.10251
17.0572	0.10438
17.1134	0.10618
17.1701	0.10808
17.2272	0.10958
17.2846	0.11052
17.3424	0.11072
17.4006	0.10999
17.4592	0.10838
17.5182	0.10607
17.5775	0.10281
17.6373	0.09914
17.6975	0.09578
17.7581	0.09337
17.8192	0.09290
17.8806	0.09430
17.9425	0.09636
18.0048	0.09886
18.0675	0.10198
18.1307	0.10548
18.1943	0.10841
18.2584	0.10999
18.3229	0.10937
18.3879	0.10721
18.4533	0.10455
18.5192	0.10224
18.5856	0.10086
18.6524	0.09991
18.7198	0.09855
18.7876	0.09628
18.8559	0.09484
18.9247	0.09679
18.9941	0.10191
19.0639	0.10899
19.1342	0.11624
19.2051	0.12204
19.2765	0.12614
19.3484	0.12864
19.4209	0.12969
19.4939	0.13008
19.5675	0.12941
19.6416	0.12826
19.7163	0.12638
19.7916	0.12450
19.8674	0.12243
19.9438	0.11935
20.0208	0.11592
20.0984	0.11242
20.1766	0.10853
20.2554	0.10443
20.3348	0.10058
20.4149	0.09735
20.4956	0.09416
20.5769	0.09143
20.6589	0.08867
20.7416	0.08570
20.8248	0.08279
20.9088	0.07978
20.9935	0.07644
21.0788	0.07344
21.1648	0.07223
21.2516	0.07305
21.3391	0.07559
21.4272	0.07838
21.5161	0.08170
21.6058	0.08540
21.6962	0.08896
21.7873	0.09196
21.8793	0.09414
21.972	0.09519
22.0654	0.09530
22.1597	0.09493
22.2548	0.09429
22.3508	0.09286
22.4475	0.09024
22.5451	0.08671
22.6436	0.08283
22.7429	0.07925
22.8431	0.07646
22.9442	0.07445
23.0461	0.07331
23.149	0.07227
23.2528	0.07074
23.3576	0.06926
23.4633	0.06738
23.5699	0.06525
23.6775	0.06330
23.7861	0.06184
23.8958	0.06065
24.0064	0.05843
24.118	0.05662
24.2307	0.05573
24.3445	0.05565
24.4593	0.05703
24.5753	0.05982
24.6923	0.06291
24.8104	0.06589
24.9297	0.06816
25.0501	0.06967
25.1717	0.06978
25.2945	0.06958
25.4185	0.06915
25.5437	0.06861
25.6702	0.06784
25.7979	0.06688
25.9269	0.06579
26.0572	0.06458
26.1888	0.06268
26.3217	0.06145
26.456	0.06141
26.5917	0.06237
26.7288	0.06463
26.8672	0.06660
27.0072	0.06744
27.1486	0.06759
27.2915	0.06738
27.4359	0.06751
27.5818	0.06936
27.7293	0.07306
27.8784	0.07781
28.0291	0.08317
28.1814	0.08747
28.3354	0.09025
28.4911	0.09164
28.6485	0.09163
28.8077	0.09047
28.9686	0.08889
29.1313	0.08721
29.2959	0.08601
29.4624	0.08469
29.6307	0.08445
29.801	0.08649
29.9733	0.08879
30.1475	0.09003
30.3238	0.09066
30.5022	0.08959
30.6827	0.08681
30.8653	0.08362
31.0502	0.08091
31.2372	0.08031
31.4265	0.08085
31.6182	0.08138
31.8121	0.08285
32.0085	0.08404
32.2073	0.08438
32.4086	0.08335
32.6124	0.08287
32.8188	0.08289
33.0279	0.08159
33.2396	0.07992
33.4541	0.07840
33.6713	0.07787
33.8914	0.07886
34.1143	0.07813
34.3403	0.07684
34.5692	0.07657
34.8012	0.07722
35.0363	0.07793
35.2747	0.07886
35.5163	0.07904
35.7612	0.07902
36.0096	0.07724
36.2614	0.07574
36.5167	0.07748
36.7757	0.08034
37.0384	0.08224
37.3049	0.08488
37.5752	0.08685
37.8495	0.08719
38.1278	0.08774
38.4102	0.08795
38.6968	0.08784
38.9878	0.08834
39.2832	0.08911
39.583	0.09051
39.8875	0.09120
40.1967	0.09178
40.5108	0.08860
40.8298	0.08494
41.1538	0.07980
41.483	0.07411
41.8176	0.07060
42.1575	0.06678
42.5031	0.06322
42.8544	0.06382
43.2115	0.06429
43.5746	0.06755
43.9439	0.07600
44.3195	0.08177
44.7015	0.08461
45.0902	0.08726
45.4858	0.08971
45.8883	0.08989
46.298	0.09060
46.7151	0.09362
47.1398	0.09549
47.5723	0.09639
48.0128	0.09535
48.4615	0.09593
48.9187	0.09738
49.3846	0.09464
49.8594	0.09207
