Brown University Keck/NASA Relab Spectrum JB-JLB-B91/BKR2JBB91
Wavelength(micron)	Reflectance
0.3	0.09110
0.305	0.09206
0.31	0.09530
0.315	0.10085
0.32	0.10715
0.325	0.11436
0.33	0.12198
0.335	0.13066
0.34	0.14113
0.345	0.15243
0.35	0.16398
0.355	0.17608
0.36	0.19026
0.365	0.20155
0.37	0.21139
0.375	0.22069
0.38	0.22971
0.385	0.23951
0.39	0.25141
0.395	0.26112
0.4	0.27128
0.405	0.28020
0.41	0.28793
0.415	0.29576
0.42	0.30230
0.425	0.30526
0.43	0.31312
0.435	0.32145
0.44	0.32542
0.445	0.32475
0.45	0.33079
0.455	0.34055
0.46	0.34299
0.465	0.35251
0.47	0.35759
0.475	0.36280
0.48	0.36498
0.485	0.36966
0.49	0.37968
0.495	0.38118
0.5	0.38492
0.505	0.38578
0.51	0.39230
0.515	0.39633
0.52	0.39962
0.525	0.40201
0.53	0.40491
0.535	0.40608
0.54	0.40673
0.545	0.40811
0.55	0.41045
0.555	0.41355
0.56	0.41684
0.565	0.41914
0.57	0.42190
0.575	0.42211
0.58	0.42475
0.585	0.42667
0.59	0.42814
0.595	0.43017
0.6	0.43112
0.605	0.43275
0.61	0.43408
0.615	0.43595
0.62	0.43816
0.625	0.43972
0.63	0.44082
0.635	0.44195
0.64	0.44382
0.645	0.44527
0.65	0.44719
0.655	0.44833
0.66	0.44989
0.665	0.45145
0.67	0.45321
0.675	0.45564
0.68	0.45679
0.685	0.45902
0.69	0.45928
0.695	0.46023
0.7	0.46143
0.705	0.46324
0.71	0.46346
0.715	0.46199
0.72	0.46114
0.725	0.46039
0.73	0.45836
0.735	0.45685
0.74	0.45397
0.745	0.45058
0.75	0.44680
0.755	0.44130
0.76	0.43625
0.765	0.43000
0.77	0.42463
0.775	0.41837
0.78	0.41223
0.785	0.40543
0.79	0.39740
0.795	0.39122
0.8	0.38396
0.805	0.37671
0.81	0.36982
0.815	0.36349
0.82	0.35776
0.825	0.35130
0.83	0.34600
0.835	0.34086
0.84	0.33593
0.845	0.33112
0.85	0.32705
0.855	0.32290
0.86	0.32010
0.865	0.31569
0.87	0.31382
0.875	0.30998
0.88	0.30871
0.885	0.30535
0.89	0.30422
0.895	0.30184
0.9	0.29952
0.905	0.29817
0.91	0.29781
0.915	0.29760
0.92	0.29767
0.925	0.29935
0.93	0.29941
0.935	0.30066
0.94	0.30201
0.945	0.30136
0.95	0.30252
0.955	0.30470
0.96	0.30792
0.965	0.30971
0.97	0.31338
0.975	0.31666
0.98	0.32241
0.985	0.32634
0.99	0.33215
0.995	0.33626
1	0.34189
1.005	0.34928
1.01	0.35466
1.015	0.36078
1.02	0.36683
1.025	0.37518
1.03	0.38116
1.035	0.38785
1.04	0.39566
1.045	0.40342
1.05	0.41064
1.055	0.41540
1.06	0.42447
1.065	0.43219
1.07	0.43744
1.075	0.44492
1.08	0.45107
1.085	0.45677
1.09	0.46389
1.095	0.46880
1.1	0.47534
1.105	0.48004
1.11	0.48550
1.115	0.49088
1.12	0.49489
1.125	0.50066
1.13	0.50375
1.135	0.50742
1.14	0.51140
1.145	0.51294
1.15	0.51502
1.155	0.51790
1.16	0.52208
1.165	0.52522
1.17	0.52782
1.175	0.53188
1.18	0.53492
1.185	0.53689
1.19	0.54007
1.195	0.54230
1.2	0.54452
1.205	0.54689
1.21	0.54829
1.215	0.55160
1.22	0.55251
1.225	0.55404
1.23	0.55613
1.235	0.55735
1.24	0.55966
1.245	0.56040
1.25	0.56299
1.255	0.56353
1.26	0.56560
1.265	0.56662
1.27	0.56755
1.275	0.56711
1.28	0.56744
1.285	0.56950
1.29	0.57050
1.295	0.56890
1.2956	0.56897
1.296	0.56891
1.2963	0.56896
1.2966	0.56902
1.2969	0.56899
1.2973	0.56895
1.2976	0.56902
1.2979	0.56917
1.2982	0.56925
1.2986	0.56925
1.2989	0.56916
1.2992	0.56896
1.2995	0.56892
1.2999	0.56907
1.3002	0.56908
1.3005	0.56921
1.3008	0.56937
1.3012	0.56937
1.3015	0.56934
1.3018	0.56936
1.3021	0.56949
1.3025	0.56968
1.3028	0.56983
1.3031	0.56970
1.3034	0.56969
1.3038	0.56982
1.3041	0.56981
1.3044	0.56983
1.3048	0.56982
1.3051	0.56974
1.3054	0.56970
1.3058	0.56978
1.3061	0.56994
1.3064	0.57004
1.3067	0.57016
1.3071	0.57029
1.3074	0.57028
1.3077	0.57023
1.3081	0.57023
1.3084	0.57005
1.3087	0.57002
1.3091	0.57012
1.3094	0.57020
1.3097	0.57022
1.31	0.57026
1.3104	0.57022
1.3107	0.57024
1.311	0.57025
1.3114	0.57016
1.3117	0.57016
1.312	0.57024
1.3124	0.57036
1.3127	0.57039
1.313	0.57035
1.3134	0.57041
1.3137	0.57052
1.314	0.57050
1.3144	0.57047
1.3147	0.57048
1.315	0.57044
1.3154	0.57034
1.3157	0.57033
1.316	0.57038
1.3164	0.57039
1.3167	0.57040
1.317	0.57044
1.3174	0.57046
1.3177	0.57043
1.318	0.57048
1.3184	0.57050
1.3187	0.57047
1.319	0.57043
1.3194	0.57036
1.3197	0.57034
1.3201	0.57044
1.3204	0.57053
1.3207	0.57048
1.3211	0.57032
1.3214	0.57021
1.3217	0.57026
1.3221	0.57021
1.3224	0.57044
1.3227	0.57056
1.3231	0.57035
1.3234	0.57034
1.3238	0.57044
1.3241	0.57043
1.3244	0.57044
1.3248	0.57032
1.3251	0.57025
1.3254	0.57034
1.3258	0.57025
1.3261	0.57021
1.3265	0.57027
1.3268	0.57029
1.3271	0.57036
1.3275	0.57033
1.3278	0.57012
1.3282	0.57010
1.3285	0.57030
1.3288	0.57037
1.3292	0.57025
1.3295	0.57010
1.3299	0.57003
1.3302	0.57020
1.3306	0.57031
1.3309	0.57013
1.3312	0.57005
1.3316	0.57019
1.3319	0.57019
1.3323	0.57022
1.3326	0.57012
1.3329	0.57006
1.3333	0.57014
1.3336	0.57012
1.334	0.57014
1.3343	0.57002
1.3347	0.56999
1.335	0.57005
1.3353	0.56995
1.3357	0.56988
1.336	0.56979
1.3364	0.56973
1.3367	0.56975
1.3371	0.56986
1.3374	0.56969
1.3378	0.56955
1.3381	0.56967
1.3384	0.56964
1.3388	0.56948
1.3391	0.56954
1.3395	0.56957
1.3398	0.56946
1.3402	0.56938
1.3405	0.56932
1.3409	0.56927
1.3412	0.56921
1.3416	0.56918
1.3419	0.56924
1.3423	0.56920
1.3426	0.56915
1.3429	0.56920
1.3433	0.56916
1.3437	0.56912
1.344	0.56909
1.3443	0.56893
1.3447	0.56883
1.345	0.56892
1.3454	0.56888
1.3457	0.56866
1.3461	0.56871
1.3464	0.56877
1.3468	0.56868
1.3471	0.56857
1.3475	0.56844
1.3478	0.56842
1.3482	0.56842
1.3485	0.56837
1.3489	0.56832
1.3493	0.56822
1.3496	0.56818
1.3499	0.56812
1.3503	0.56801
1.3507	0.56805
1.351	0.56795
1.3513	0.56770
1.3517	0.56773
1.3521	0.56779
1.3524	0.56779
1.3528	0.56765
1.3531	0.56748
1.3535	0.56756
1.3538	0.56765
1.3542	0.56750
1.3545	0.56714
1.3549	0.56706
1.3552	0.56703
1.3556	0.56705
1.3559	0.56695
1.3563	0.56682
1.3567	0.56663
1.357	0.56649
1.3574	0.56637
1.3577	0.56629
1.3581	0.56618
1.3584	0.56596
1.3588	0.56570
1.3592	0.56567
1.3595	0.56566
1.3599	0.56554
1.3602	0.56543
1.3606	0.56537
1.3609	0.56515
1.3613	0.56493
1.3617	0.56485
1.362	0.56481
1.3624	0.56468
1.3627	0.56451
1.3631	0.56433
1.3634	0.56401
1.3638	0.56395
1.3642	0.56386
1.3645	0.56374
1.3649	0.56349
1.3652	0.56316
1.3656	0.56287
1.3659	0.56264
1.3663	0.56249
1.3667	0.56232
1.367	0.56208
1.3674	0.56171
1.3678	0.56133
1.3681	0.56103
1.3685	0.56065
1.3688	0.56027
1.3692	0.56007
1.3696	0.55969
1.3699	0.55920
1.3703	0.55883
1.3707	0.55861
1.371	0.55825
1.3714	0.55780
1.3717	0.55727
1.3721	0.55685
1.3725	0.55659
1.3728	0.55622
1.3732	0.55575
1.3736	0.55534
1.3739	0.55510
1.3743	0.55471
1.3746	0.55422
1.375	0.55394
1.3754	0.55379
1.3757	0.55355
1.3761	0.55335
1.3765	0.55309
1.3768	0.55284
1.3772	0.55262
1.3776	0.55244
1.3779	0.55232
1.3783	0.55224
1.3787	0.55211
1.379	0.55196
1.3794	0.55186
1.3798	0.55180
1.3801	0.55169
1.3805	0.55160
1.3809	0.55145
1.3812	0.55124
1.3816	0.55117
1.382	0.55100
1.3823	0.55068
1.3827	0.55032
1.3831	0.54983
1.3834	0.54921
1.3838	0.54849
1.3842	0.54747
1.3846	0.54636
1.3849	0.54519
1.3853	0.54363
1.3857	0.54184
1.386	0.53988
1.3864	0.53756
1.3868	0.53490
1.3872	0.53203
1.3875	0.52878
1.3879	0.52509
1.3883	0.52084
1.3886	0.51631
1.389	0.51176
1.3894	0.50707
1.3898	0.50242
1.3901	0.49812
1.3905	0.49428
1.3909	0.49058
1.3912	0.48642
1.3916	0.48115
1.392	0.47456
1.3924	0.47049
1.3927	0.47471
1.3931	0.48435
1.3935	0.49337
1.3939	0.50052
1.3942	0.50661
1.3946	0.51208
1.395	0.51700
1.3954	0.52140
1.3957	0.52537
1.3961	0.52884
1.3965	0.53176
1.3969	0.53409
1.3972	0.53555
1.3976	0.53595
1.398	0.53671
1.3984	0.53822
1.3988	0.53957
1.3991	0.54076
1.3995	0.54197
1.3999	0.54309
1.4003	0.54389
1.4006	0.54423
1.401	0.54438
1.4014	0.54443
1.4018	0.54453
1.4022	0.54458
1.4025	0.54445
1.4029	0.54441
1.4033	0.54446
1.4037	0.54431
1.4041	0.54415
1.4044	0.54405
1.4048	0.54392
1.4052	0.54373
1.4056	0.54355
1.406	0.54338
1.4063	0.54327
1.4067	0.54323
1.4071	0.54314
1.4075	0.54293
1.4079	0.54278
1.4083	0.54267
1.4086	0.54253
1.409	0.54233
1.4094	0.54215
1.4098	0.54205
1.4102	0.54196
1.4106	0.54189
1.4109	0.54178
1.4113	0.54173
1.4117	0.54173
1.4121	0.54170
1.4125	0.54146
1.4128	0.54124
1.4132	0.54116
1.4136	0.54128
1.414	0.54137
1.4144	0.54127
1.4148	0.54124
1.4152	0.54132
1.4156	0.54136
1.4159	0.54141
1.4163	0.54143
1.4167	0.54140
1.4171	0.54138
1.4175	0.54137
1.4179	0.54141
1.4183	0.54138
1.4187	0.54126
1.419	0.54118
1.4194	0.54117
1.4198	0.54108
1.4202	0.54101
1.4206	0.54105
1.421	0.54106
1.4214	0.54098
1.4218	0.54089
1.4222	0.54089
1.4225	0.54095
1.4229	0.54092
1.4233	0.54081
1.4237	0.54073
1.4241	0.54074
1.4245	0.54065
1.4249	0.54042
1.4253	0.54025
1.4257	0.54020
1.4261	0.54022
1.4265	0.54013
1.4268	0.54003
1.4272	0.53992
1.4276	0.53979
1.428	0.53982
1.4284	0.53979
1.4288	0.53960
1.4292	0.53951
1.4296	0.53954
1.43	0.53955
1.4304	0.53939
1.4308	0.53919
1.4312	0.53908
1.4316	0.53895
1.432	0.53881
1.4324	0.53882
1.4328	0.53885
1.4332	0.53872
1.4336	0.53853
1.4339	0.53825
1.4343	0.53808
1.4348	0.53806
1.4351	0.53797
1.4355	0.53782
1.4359	0.53777
1.4363	0.53772
1.4367	0.53761
1.4371	0.53731
1.4375	0.53713
1.4379	0.53714
1.4383	0.53709
1.4387	0.53698
1.4391	0.53689
1.4395	0.53670
1.4399	0.53647
1.4403	0.53644
1.4407	0.53636
1.4411	0.53608
1.4415	0.53587
1.4419	0.53575
1.4423	0.53566
1.4427	0.53552
1.4431	0.53529
1.4435	0.53514
1.4439	0.53502
1.4443	0.53489
1.4447	0.53479
1.4451	0.53472
1.4456	0.53467
1.4459	0.53441
1.4463	0.53403
1.4468	0.53386
1.4472	0.53383
1.4476	0.53375
1.448	0.53343
1.4484	0.53319
1.4488	0.53305
1.4492	0.53300
1.4496	0.53293
1.45	0.53277
1.4504	0.53259
1.4508	0.53243
1.4512	0.53225
1.4516	0.53212
1.452	0.53190
1.4524	0.53170
1.4528	0.53157
1.4532	0.53147
1.4537	0.53127
1.4541	0.53108
1.4545	0.53090
1.4549	0.53065
1.4553	0.53043
1.4557	0.53030
1.4561	0.53018
1.4565	0.52997
1.4569	0.52973
1.4573	0.52951
1.4577	0.52932
1.4582	0.52915
1.4586	0.52898
1.459	0.52875
1.4594	0.52851
1.4598	0.52832
1.4602	0.52807
1.4606	0.52790
1.461	0.52785
1.4614	0.52763
1.4618	0.52732
1.4623	0.52716
1.4627	0.52702
1.4631	0.52678
1.4635	0.52655
1.4639	0.52644
1.4643	0.52629
1.4647	0.52602
1.4652	0.52575
1.4656	0.52564
1.466	0.52564
1.4664	0.52549
1.4668	0.52517
1.4672	0.52496
1.4676	0.52476
1.4681	0.52452
1.4685	0.52434
1.4689	0.52425
1.4693	0.52408
1.4697	0.52388
1.4701	0.52374
1.4706	0.52352
1.471	0.52340
1.4714	0.52333
1.4718	0.52318
1.4722	0.52293
1.4726	0.52267
1.4731	0.52250
1.4735	0.52239
1.4739	0.52217
1.4743	0.52197
1.4747	0.52183
1.4752	0.52177
1.4756	0.52163
1.476	0.52128
1.4764	0.52114
1.4768	0.52105
1.4773	0.52085
1.4777	0.52064
1.4781	0.52038
1.4785	0.52024
1.4789	0.52010
1.4794	0.51997
1.4798	0.51979
1.4802	0.51961
1.4806	0.51932
1.4811	0.51908
1.4815	0.51886
1.4819	0.51863
1.4823	0.51855
1.4828	0.51845
1.4832	0.51823
1.4836	0.51802
1.484	0.51786
1.4844	0.51765
1.4849	0.51740
1.4853	0.51720
1.4857	0.51708
1.4862	0.51708
1.4866	0.51694
1.487	0.51664
1.4874	0.51635
1.4879	0.51611
1.4883	0.51594
1.4887	0.51577
1.4891	0.51566
1.4896	0.51543
1.49	0.51509
1.4904	0.51487
1.4908	0.51466
1.4913	0.51450
1.4917	0.51435
1.4921	0.51415
1.4926	0.51387
1.493	0.51362
1.4934	0.51347
1.4939	0.51331
1.4943	0.51316
1.4947	0.51294
1.4952	0.51272
1.4956	0.51243
1.496	0.51226
1.4964	0.51211
1.4969	0.51185
1.4973	0.51157
1.4977	0.51145
1.4982	0.51131
1.4986	0.51101
1.499	0.51087
1.4995	0.51080
1.4999	0.51051
1.5003	0.51020
1.5008	0.50999
1.5012	0.50980
1.5017	0.50965
1.5021	0.50955
1.5025	0.50933
1.5029	0.50901
1.5034	0.50870
1.5038	0.50854
1.5043	0.50840
1.5047	0.50820
1.5051	0.50796
1.5056	0.50765
1.506	0.50734
1.5064	0.50711
1.5069	0.50690
1.5073	0.50680
1.5078	0.50655
1.5082	0.50636
1.5086	0.50617
1.5091	0.50586
1.5095	0.50562
1.51	0.50552
1.5104	0.50534
1.5108	0.50510
1.5113	0.50493
1.5117	0.50469
1.5122	0.50441
1.5126	0.50420
1.513	0.50390
1.5135	0.50366
1.5139	0.50355
1.5144	0.50333
1.5148	0.50311
1.5153	0.50293
1.5157	0.50270
1.5161	0.50243
1.5166	0.50218
1.517	0.50196
1.5175	0.50180
1.5179	0.50161
1.5184	0.50131
1.5188	0.50108
1.5193	0.50092
1.5197	0.50068
1.5201	0.50041
1.5206	0.50017
1.521	0.49992
1.5215	0.49962
1.5219	0.49951
1.5224	0.49942
1.5228	0.49915
1.5233	0.49890
1.5237	0.49861
1.5242	0.49828
1.5246	0.49801
1.5251	0.49781
1.5255	0.49765
1.5259	0.49743
1.5264	0.49715
1.5268	0.49690
1.5273	0.49674
1.5278	0.49651
1.5282	0.49630
1.5287	0.49609
1.5291	0.49591
1.5296	0.49565
1.53	0.49531
1.5305	0.49500
1.5309	0.49483
1.5314	0.49473
1.5318	0.49456
1.5323	0.49429
1.5327	0.49402
1.5332	0.49379
1.5336	0.49354
1.5341	0.49342
1.5345	0.49319
1.535	0.49291
1.5354	0.49273
1.5359	0.49248
1.5363	0.49222
1.5368	0.49206
1.5373	0.49187
1.5377	0.49157
1.5382	0.49129
1.5386	0.49111
1.5391	0.49095
1.5396	0.49075
1.54	0.49057
1.5405	0.49037
1.5409	0.49006
1.5414	0.48977
1.5418	0.48952
1.5423	0.48932
1.5428	0.48905
1.5432	0.48878
1.5437	0.48867
1.5441	0.48846
1.5446	0.48818
1.5451	0.48796
1.5455	0.48771
1.546	0.48751
1.5464	0.48741
1.5469	0.48723
1.5474	0.48692
1.5478	0.48655
1.5483	0.48633
1.5488	0.48622
1.5492	0.48601
1.5497	0.48578
1.5501	0.48554
1.5506	0.48534
1.5511	0.48509
1.5515	0.48485
1.552	0.48464
1.5524	0.48445
1.5529	0.48412
1.5534	0.48385
1.5538	0.48368
1.5543	0.48356
1.5548	0.48335
1.5553	0.48314
1.5557	0.48290
1.5562	0.48257
1.5567	0.48234
1.5571	0.48222
1.5576	0.48205
1.5581	0.48181
1.5585	0.48145
1.559	0.48120
1.5595	0.48108
1.5599	0.48093
1.5604	0.48077
1.5609	0.48044
1.5613	0.48009
1.5618	0.47983
1.5623	0.47966
1.5628	0.47950
1.5632	0.47925
1.5637	0.47897
1.5642	0.47877
1.5646	0.47855
1.5651	0.47829
1.5656	0.47816
1.5661	0.47803
1.5665	0.47778
1.567	0.47749
1.5675	0.47722
1.5679	0.47701
1.5684	0.47693
1.5689	0.47678
1.5694	0.47646
1.5698	0.47609
1.5703	0.47580
1.5708	0.47555
1.5713	0.47538
1.5718	0.47526
1.5722	0.47511
1.5727	0.47489
1.5732	0.47460
1.5737	0.47432
1.5741	0.47412
1.5746	0.47394
1.5751	0.47385
1.5756	0.47360
1.5761	0.47331
1.5765	0.47304
1.577	0.47273
1.5775	0.47260
1.578	0.47247
1.5784	0.47229
1.5789	0.47207
1.5794	0.47180
1.5799	0.47165
1.5804	0.47149
1.5809	0.47118
1.5813	0.47086
1.5818	0.47066
1.5823	0.47040
1.5828	0.47016
1.5833	0.46994
1.5838	0.46978
1.5842	0.46961
1.5847	0.46934
1.5852	0.46905
1.5857	0.46885
1.5862	0.46868
1.5867	0.46852
1.5872	0.46826
1.5876	0.46804
1.5881	0.46784
1.5886	0.46759
1.5891	0.46737
1.5896	0.46717
1.5901	0.46696
1.5906	0.46671
1.591	0.46652
1.5915	0.46643
1.592	0.46624
1.5925	0.46595
1.593	0.46571
1.5935	0.46553
1.594	0.46528
1.5945	0.46506
1.595	0.46494
1.5954	0.46474
1.5959	0.46442
1.5964	0.46416
1.5969	0.46401
1.5974	0.46385
1.5979	0.46353
1.5984	0.46322
1.5989	0.46305
1.5994	0.46294
1.5999	0.46278
1.6004	0.46245
1.6009	0.46218
1.6014	0.46207
1.6019	0.46188
1.6023	0.46160
1.6028	0.46140
1.6033	0.46126
1.6038	0.46118
1.6043	0.46102
1.6048	0.46072
1.6053	0.46049
1.6058	0.46033
1.6063	0.46002
1.6068	0.45979
1.6073	0.45964
1.6078	0.45938
1.6083	0.45923
1.6088	0.45907
1.6093	0.45883
1.6098	0.45865
1.6103	0.45843
1.6108	0.45815
1.6113	0.45797
1.6118	0.45773
1.6123	0.45751
1.6128	0.45741
1.6133	0.45723
1.6138	0.45692
1.6143	0.45674
1.6148	0.45660
1.6153	0.45637
1.6158	0.45610
1.6163	0.45596
1.6168	0.45589
1.6173	0.45570
1.6178	0.45543
1.6184	0.45528
1.6189	0.45503
1.6194	0.45475
1.6199	0.45456
1.6204	0.45439
1.6209	0.45422
1.6214	0.45404
1.6219	0.45396
1.6224	0.45376
1.6229	0.45355
1.6234	0.45337
1.6239	0.45308
1.6244	0.45279
1.6249	0.45264
1.6255	0.45248
1.626	0.45228
1.6265	0.45204
1.627	0.45185
1.6275	0.45166
1.628	0.45142
1.6285	0.45126
1.629	0.45114
1.6296	0.45093
1.6301	0.45066
1.6306	0.45051
1.6311	0.45042
1.6316	0.45022
1.6321	0.44992
1.6326	0.44980
1.6331	0.44969
1.6337	0.44946
1.6342	0.44923
1.6347	0.44906
1.6352	0.44890
1.6357	0.44877
1.6362	0.44863
1.6368	0.44848
1.6373	0.44823
1.6378	0.44794
1.6383	0.44776
1.6388	0.44763
1.6393	0.44744
1.6398	0.44724
1.6404	0.44702
1.6409	0.44686
1.6414	0.44677
1.6419	0.44657
1.6424	0.44630
1.643	0.44611
1.6435	0.44602
1.644	0.44577
1.6445	0.44558
1.6451	0.44542
1.6456	0.44530
1.6461	0.44515
1.6466	0.44492
1.6472	0.44473
1.6477	0.44455
1.6482	0.44434
1.6487	0.44424
1.6492	0.44409
1.6498	0.44383
1.6503	0.44361
1.6508	0.44349
1.6513	0.44332
1.6519	0.44315
1.6524	0.44292
1.6529	0.44275
1.6534	0.44259
1.654	0.44235
1.6545	0.44222
1.655	0.44208
1.6556	0.44186
1.6561	0.44173
1.6566	0.44168
1.6572	0.44152
1.6577	0.44135
1.6582	0.44117
1.6587	0.44091
1.6593	0.44073
1.6598	0.44060
1.6603	0.44043
1.6609	0.44026
1.6614	0.44008
1.6619	0.44004
1.6625	0.43994
1.663	0.43965
1.6635	0.43942
1.6641	0.43927
1.6646	0.43912
1.6651	0.43897
1.6657	0.43884
1.6662	0.43861
1.6667	0.43838
1.6673	0.43829
1.6678	0.43816
1.6683	0.43794
1.6689	0.43777
1.6694	0.43770
1.67	0.43760
1.6705	0.43743
1.671	0.43722
1.6716	0.43707
1.6721	0.43689
1.6727	0.43672
1.6732	0.43659
1.6737	0.43642
1.6743	0.43627
1.6748	0.43609
1.6754	0.43590
1.6759	0.43579
1.6764	0.43570
1.677	0.43552
1.6775	0.43533
1.6781	0.43516
1.6786	0.43499
1.6792	0.43486
1.6797	0.43471
1.6802	0.43460
1.6808	0.43453
1.6813	0.43435
1.6819	0.43408
1.6824	0.43392
1.683	0.43373
1.6835	0.43364
1.6841	0.43357
1.6846	0.43342
1.6852	0.43332
1.6857	0.43316
1.6863	0.43297
1.6868	0.43286
1.6873	0.43275
1.6879	0.43258
1.6884	0.43245
1.689	0.43220
1.6896	0.43213
1.6901	0.43212
1.6907	0.43191
1.6912	0.43174
1.6918	0.43160
1.6923	0.43139
1.6929	0.43126
1.6934	0.43116
1.694	0.43102
1.6945	0.43086
1.6951	0.43080
1.6956	0.43072
1.6962	0.43057
1.6967	0.43044
1.6973	0.43026
1.6978	0.43010
1.6984	0.42998
1.699	0.42977
1.6995	0.42962
1.7001	0.42952
1.7006	0.42941
1.7012	0.42932
1.7018	0.42918
1.7023	0.42899
1.7029	0.42883
1.7034	0.42874
1.704	0.42868
1.7046	0.42850
1.7051	0.42833
1.7057	0.42826
1.7062	0.42816
1.7068	0.42808
1.7074	0.42797
1.7079	0.42782
1.7085	0.42772
1.709	0.42763
1.7096	0.42748
1.7102	0.42730
1.7107	0.42714
1.7113	0.42704
1.7119	0.42690
1.7124	0.42679
1.713	0.42664
1.7136	0.42654
1.7141	0.42645
1.7147	0.42632
1.7153	0.42617
1.7158	0.42605
1.7164	0.42601
1.717	0.42588
1.7175	0.42570
1.7181	0.42565
1.7187	0.42562
1.7192	0.42551
1.7198	0.42532
1.7204	0.42516
1.721	0.42509
1.7215	0.42504
1.7221	0.42492
1.7227	0.42477
1.7232	0.42462
1.7238	0.42454
1.7244	0.42448
1.725	0.42445
1.7255	0.42425
1.7261	0.42413
1.7267	0.42405
1.7273	0.42395
1.7278	0.42390
1.7284	0.42383
1.729	0.42369
1.7296	0.42356
1.7301	0.42346
1.7307	0.42339
1.7313	0.42327
1.7319	0.42318
1.7325	0.42311
1.733	0.42301
1.7336	0.42294
1.7342	0.42282
1.7348	0.42272
1.7354	0.42259
1.7359	0.42244
1.7365	0.42237
1.7371	0.42228
1.7377	0.42224
1.7383	0.42220
1.7388	0.42216
1.7394	0.42202
1.74	0.42191
1.7406	0.42186
1.7412	0.42175
1.7418	0.42165
1.7423	0.42161
1.7429	0.42146
1.7435	0.42133
1.7441	0.42128
1.7447	0.42122
1.7453	0.42118
1.7459	0.42107
1.7465	0.42105
1.7471	0.42103
1.7476	0.42084
1.7482	0.42068
1.7488	0.42061
1.7494	0.42052
1.75	0.42043
1.7506	0.42043
1.7512	0.42035
1.7518	0.42014
1.7524	0.42008
1.753	0.42008
1.7536	0.42005
1.7541	0.41992
1.7547	0.41977
1.7553	0.41971
1.7559	0.41968
1.7565	0.41967
1.7571	0.41968
1.7577	0.41956
1.7583	0.41941
1.7589	0.41942
1.7595	0.41939
1.7601	0.41930
1.7607	0.41929
1.7613	0.41932
1.7619	0.41919
1.7625	0.41911
1.7631	0.41904
1.7637	0.41898
1.7643	0.41888
1.7649	0.41879
1.7655	0.41876
1.7661	0.41866
1.7667	0.41864
1.7673	0.41866
1.7679	0.41861
1.7685	0.41853
1.7691	0.41842
1.7697	0.41831
1.7703	0.41828
1.7709	0.41827
1.7715	0.41824
1.7721	0.41825
1.7727	0.41825
1.7733	0.41816
1.7739	0.41805
1.7746	0.41796
1.7752	0.41796
1.7758	0.41798
1.7764	0.41791
1.777	0.41782
1.7776	0.41782
1.7782	0.41783
1.7788	0.41780
1.7794	0.41775
1.78	0.41767
1.7807	0.41763
1.7813	0.41767
1.7819	0.41771
1.7825	0.41766
1.7831	0.41756
1.7837	0.41750
1.7843	0.41744
1.7849	0.41735
1.7856	0.41739
1.7862	0.41745
1.7868	0.41736
1.7874	0.41729
1.788	0.41735
1.7886	0.41731
1.7893	0.41734
1.7899	0.41737
1.7905	0.41740
1.7911	0.41734
1.7917	0.41725
1.7923	0.41720
1.793	0.41715
1.7936	0.41718
1.7942	0.41720
1.7948	0.41712
1.7954	0.41710
1.7961	0.41719
1.7967	0.41721
1.7973	0.41713
1.7979	0.41706
1.7986	0.41702
1.7992	0.41699
1.7998	0.41698
1.8004	0.41691
1.8011	0.41688
1.8017	0.41685
1.8023	0.41683
1.8029	0.41684
1.8036	0.41683
1.8042	0.41689
1.8048	0.41688
1.8054	0.41688
1.8061	0.41689
1.8067	0.41692
1.8073	0.41696
1.808	0.41694
1.8086	0.41688
1.8092	0.41685
1.8099	0.41688
1.8105	0.41691
1.8111	0.41683
1.8118	0.41677
1.8124	0.41680
1.813	0.41682
1.8137	0.41682
1.8143	0.41684
1.8149	0.41685
1.8156	0.41685
1.8162	0.41681
1.8168	0.41684
1.8175	0.41689
1.8181	0.41695
1.8188	0.41696
1.8194	0.41695
1.82	0.41692
1.8207	0.41698
1.8213	0.41703
1.8219	0.41693
1.8226	0.41689
1.8232	0.41693
1.8239	0.41697
1.8245	0.41708
1.8252	0.41710
1.8258	0.41707
1.8264	0.41710
1.8271	0.41711
1.8277	0.41710
1.8284	0.41710
1.829	0.41704
1.8297	0.41708
1.8303	0.41718
1.831	0.41729
1.8316	0.41738
1.8323	0.41733
1.8329	0.41725
1.8336	0.41721
1.8342	0.41725
1.8348	0.41731
1.8355	0.41743
1.8361	0.41749
1.8368	0.41741
1.8374	0.41741
1.8381	0.41749
1.8388	0.41754
1.8394	0.41750
1.8401	0.41752
1.8407	0.41762
1.8414	0.41770
1.842	0.41778
1.8427	0.41778
1.8433	0.41777
1.844	0.41779
1.8446	0.41785
1.8453	0.41786
1.8459	0.41783
1.8466	0.41793
1.8473	0.41812
1.8479	0.41823
1.8486	0.41827
1.8492	0.41823
1.8499	0.41826
1.8506	0.41829
1.8512	0.41827
1.8519	0.41825
1.8526	0.41830
1.8532	0.41842
1.8539	0.41854
1.8545	0.41849
1.8552	0.41845
1.8559	0.41859
1.8565	0.41877
1.8572	0.41884
1.8579	0.41880
1.8585	0.41885
1.8592	0.41892
1.8599	0.41893
1.8605	0.41891
1.8612	0.41897
1.8619	0.41905
1.8625	0.41908
1.8632	0.41910
1.8639	0.41908
1.8645	0.41911
1.8652	0.41918
1.8659	0.41922
1.8666	0.41926
1.8672	0.41927
1.8679	0.41924
1.8686	0.41926
1.8692	0.41930
1.8699	0.41927
1.8706	0.41918
1.8713	0.41912
1.8719	0.41908
1.8726	0.41905
1.8733	0.41903
1.874	0.41894
1.8747	0.41885
1.8753	0.41883
1.876	0.41879
1.8767	0.41866
1.8774	0.41857
1.878	0.41846
1.8787	0.41836
1.8794	0.41829
1.8801	0.41818
1.8808	0.41796
1.8814	0.41782
1.8821	0.41761
1.8828	0.41729
1.8835	0.41696
1.8842	0.41658
1.8849	0.41614
1.8856	0.41568
1.8862	0.41513
1.8869	0.41457
1.8876	0.41386
1.8883	0.41311
1.889	0.41235
1.8897	0.41137
1.8904	0.41037
1.8911	0.40932
1.8918	0.40820
1.8924	0.40715
1.8931	0.40607
1.8938	0.40496
1.8945	0.40392
1.8952	0.40293
1.8959	0.40198
1.8966	0.40112
1.8973	0.40035
1.898	0.39983
1.8987	0.39939
1.8994	0.39907
1.9001	0.39876
1.9008	0.39858
1.9015	0.39852
1.9022	0.39847
1.9029	0.39843
1.9036	0.39853
1.9043	0.39867
1.905	0.39886
1.9057	0.39911
1.9064	0.39939
1.9071	0.39959
1.9078	0.39989
1.9085	0.40026
1.9092	0.40059
1.9099	0.40096
1.9106	0.40135
1.9113	0.40169
1.912	0.40205
1.9127	0.40246
1.9134	0.40294
1.9141	0.40342
1.9148	0.40381
1.9155	0.40427
1.9162	0.40485
1.9169	0.40538
1.9176	0.40587
1.9183	0.40626
1.9191	0.40674
1.9198	0.40736
1.9205	0.40799
1.9212	0.40849
1.9219	0.40890
1.9226	0.40937
1.9233	0.40993
1.924	0.41042
1.9248	0.41088
1.9255	0.41142
1.9262	0.41191
1.9269	0.41229
1.9276	0.41276
1.9283	0.41329
1.9291	0.41387
1.9298	0.41436
1.9305	0.41485
1.9312	0.41537
1.9319	0.41581
1.9327	0.41622
1.9334	0.41666
1.9341	0.41722
1.9348	0.41773
1.9355	0.41823
1.9363	0.41867
1.937	0.41904
1.9377	0.41955
1.9384	0.42009
1.9392	0.42055
1.9399	0.42101
1.9406	0.42144
1.9413	0.42186
1.9421	0.42224
1.9428	0.42263
1.9435	0.42301
1.9442	0.42342
1.945	0.42382
1.9457	0.42418
1.9464	0.42450
1.9472	0.42482
1.9479	0.42516
1.9486	0.42552
1.9494	0.42591
1.9501	0.42633
1.9508	0.42667
1.9516	0.42699
1.9523	0.42734
1.953	0.42763
1.9538	0.42798
1.9545	0.42830
1.9552	0.42861
1.956	0.42892
1.9567	0.42925
1.9575	0.42962
1.9582	0.42991
1.9589	0.43020
1.9597	0.43059
1.9604	0.43091
1.9612	0.43118
1.9619	0.43146
1.9626	0.43172
1.9634	0.43205
1.9641	0.43240
1.9649	0.43265
1.9656	0.43287
1.9664	0.43318
1.9671	0.43349
1.9679	0.43382
1.9686	0.43416
1.9693	0.43445
1.9701	0.43479
1.9708	0.43512
1.9716	0.43545
1.9723	0.43577
1.9731	0.43602
1.9738	0.43634
1.9746	0.43669
1.9753	0.43701
1.9761	0.43735
1.9769	0.43771
1.9776	0.43806
1.9784	0.43831
1.9791	0.43855
1.9799	0.43889
1.9806	0.43919
1.9814	0.43950
1.9822	0.43996
1.9829	0.44032
1.9837	0.44059
1.9844	0.44096
1.9852	0.44132
1.9859	0.44165
1.9867	0.44196
1.9875	0.44225
1.9882	0.44259
1.989	0.44290
1.9898	0.44325
1.9905	0.44361
1.9913	0.44395
1.9921	0.44435
1.9928	0.44469
1.9936	0.44501
1.9943	0.44528
1.9951	0.44562
1.9959	0.44605
1.9967	0.44644
1.9974	0.44683
1.9982	0.44715
1.999	0.44748
1.9997	0.44784
2.0005	0.44813
2.0013	0.44855
2.0021	0.44898
2.0028	0.44933
2.0036	0.44962
2.0044	0.45000
2.0052	0.45040
2.0059	0.45076
2.0067	0.45116
2.0075	0.45153
2.0083	0.45191
2.009	0.45226
2.0098	0.45263
2.0106	0.45302
2.0114	0.45336
2.0122	0.45379
2.0129	0.45420
2.0137	0.45458
2.0145	0.45499
2.0153	0.45535
2.0161	0.45562
2.0168	0.45598
2.0176	0.45650
2.0184	0.45690
2.0192	0.45727
2.02	0.45770
2.0208	0.45815
2.0216	0.45853
2.0223	0.45889
2.0231	0.45926
2.0239	0.45970
2.0247	0.46017
2.0255	0.46057
2.0263	0.46094
2.0271	0.46143
2.0279	0.46183
2.0287	0.46216
2.0295	0.46264
2.0303	0.46310
2.0311	0.46348
2.0319	0.46382
2.0327	0.46424
2.0335	0.46471
2.0343	0.46512
2.0351	0.46552
2.0358	0.46590
2.0367	0.46630
2.0374	0.46677
2.0383	0.46720
2.0391	0.46751
2.0399	0.46788
2.0407	0.46833
2.0415	0.46873
2.0423	0.46911
2.0431	0.46948
2.0439	0.46983
2.0447	0.47023
2.0455	0.47058
2.0463	0.47093
2.0471	0.47130
2.0479	0.47177
2.0487	0.47206
2.0495	0.47238
2.0504	0.47289
2.0512	0.47332
2.052	0.47367
2.0528	0.47397
2.0536	0.47425
2.0544	0.47461
2.0552	0.47503
2.056	0.47547
2.0569	0.47583
2.0577	0.47615
2.0585	0.47650
2.0593	0.47689
2.0601	0.47729
2.0609	0.47764
2.0618	0.47797
2.0626	0.47833
2.0634	0.47871
2.0642	0.47904
2.0651	0.47935
2.0659	0.47968
2.0667	0.48001
2.0675	0.48039
2.0683	0.48076
2.0692	0.48113
2.07	0.48150
2.0708	0.48188
2.0716	0.48215
2.0725	0.48241
2.0733	0.48270
2.0741	0.48297
2.075	0.48325
2.0758	0.48352
2.0766	0.48379
2.0775	0.48401
2.0783	0.48426
2.0791	0.48464
2.08	0.48497
2.0808	0.48527
2.0816	0.48568
2.0825	0.48607
2.0833	0.48638
2.0841	0.48671
2.085	0.48713
2.0858	0.48748
2.0866	0.48786
2.0875	0.48832
2.0883	0.48874
2.0892	0.48902
2.09	0.48936
2.0909	0.48983
2.0917	0.49028
2.0926	0.49062
2.0934	0.49096
2.0942	0.49137
2.0951	0.49181
2.0959	0.49222
2.0968	0.49259
2.0976	0.49293
2.0985	0.49329
2.0993	0.49371
2.1002	0.49412
2.101	0.49453
2.1019	0.49488
2.1027	0.49525
2.1036	0.49564
2.1044	0.49601
2.1053	0.49635
2.1061	0.49667
2.107	0.49693
2.1079	0.49717
2.1087	0.49742
2.1096	0.49778
2.1104	0.49815
2.1113	0.49854
2.1121	0.49894
2.113	0.49939
2.1139	0.49979
2.1147	0.50020
2.1156	0.50055
2.1165	0.50084
2.1173	0.50122
2.1182	0.50166
2.1191	0.50198
2.1199	0.50230
2.1208	0.50266
2.1217	0.50308
2.1225	0.50353
2.1234	0.50394
2.1243	0.50426
2.1251	0.50456
2.126	0.50491
2.1269	0.50527
2.1278	0.50558
2.1286	0.50591
2.1295	0.50626
2.1304	0.50665
2.1313	0.50704
2.1321	0.50746
2.133	0.50793
2.1339	0.50847
2.1348	0.50901
2.1356	0.50935
2.1365	0.50975
2.1374	0.51030
2.1383	0.51074
2.1392	0.51110
2.1401	0.51150
2.1409	0.51197
2.1418	0.51241
2.1427	0.51280
2.1436	0.51320
2.1445	0.51361
2.1454	0.51389
2.1463	0.51421
2.1471	0.51472
2.148	0.51519
2.1489	0.51553
2.1498	0.51590
2.1507	0.51627
2.1516	0.51670
2.1525	0.51714
2.1534	0.51751
2.1543	0.51789
2.1552	0.51825
2.1561	0.51857
2.157	0.51891
2.1579	0.51929
2.1588	0.51957
2.1597	0.51988
2.1606	0.52022
2.1615	0.52052
2.1624	0.52085
2.1633	0.52119
2.1642	0.52159
2.1651	0.52190
2.166	0.52216
2.1669	0.52248
2.1678	0.52281
2.1687	0.52309
2.1696	0.52337
2.1705	0.52368
2.1714	0.52395
2.1723	0.52424
2.1732	0.52455
2.1741	0.52487
2.1751	0.52518
2.176	0.52548
2.1769	0.52584
2.1778	0.52616
2.1787	0.52647
2.1796	0.52677
2.1806	0.52711
2.1815	0.52747
2.1824	0.52778
2.1833	0.52813
2.1842	0.52849
2.1851	0.52880
2.1861	0.52903
2.187	0.52927
2.1879	0.52961
2.1888	0.53003
2.1898	0.53029
2.1907	0.53044
2.1916	0.53072
2.1925	0.53107
2.1935	0.53133
2.1944	0.53155
2.1953	0.53187
2.1963	0.53220
2.1972	0.53241
2.1981	0.53260
2.1991	0.53283
2.2	0.53298
2.2009	0.53320
2.2019	0.53345
2.2028	0.53365
2.2037	0.53385
2.2047	0.53417
2.2056	0.53442
2.2065	0.53462
2.2075	0.53483
2.2084	0.53508
2.2094	0.53536
2.2103	0.53561
2.2112	0.53579
2.2122	0.53598
2.2131	0.53623
2.2141	0.53645
2.215	0.53666
2.216	0.53687
2.2169	0.53704
2.2179	0.53716
2.2188	0.53728
2.2198	0.53746
2.2207	0.53766
2.2217	0.53771
2.2226	0.53777
2.2236	0.53779
2.2245	0.53783
2.2255	0.53787
2.2264	0.53782
2.2274	0.53786
2.2284	0.53791
2.2293	0.53776
2.2303	0.53766
2.2312	0.53767
2.2322	0.53762
2.2331	0.53765
2.2341	0.53766
2.2351	0.53768
2.236	0.53771
2.237	0.53771
2.238	0.53763
2.2389	0.53763
2.2399	0.53767
2.2409	0.53771
2.2418	0.53767
2.2428	0.53768
2.2438	0.53772
2.2448	0.53771
2.2457	0.53764
2.2467	0.53757
2.2477	0.53754
2.2486	0.53758
2.2496	0.53776
2.2506	0.53796
2.2516	0.53809
2.2526	0.53824
2.2535	0.53839
2.2545	0.53857
2.2555	0.53872
2.2565	0.53871
2.2575	0.53869
2.2584	0.53865
2.2594	0.53847
2.2604	0.53840
2.2614	0.53820
2.2624	0.53779
2.2634	0.53734
2.2644	0.53689
2.2654	0.53640
2.2663	0.53573
2.2673	0.53495
2.2683	0.53421
2.2693	0.53334
2.2703	0.53244
2.2713	0.53141
2.2723	0.53022
2.2733	0.52894
2.2743	0.52766
2.2753	0.52609
2.2763	0.52420
2.2773	0.52209
2.2783	0.51981
2.2793	0.51727
2.2803	0.51443
2.2813	0.51124
2.2823	0.50787
2.2833	0.50434
2.2843	0.50051
2.2853	0.49655
2.2863	0.49263
2.2873	0.48855
2.2883	0.48440
2.2894	0.48038
2.2904	0.47665
2.2914	0.47340
2.2924	0.47092
2.2934	0.46926
2.2944	0.46829
2.2954	0.46797
2.2964	0.46819
2.2975	0.46859
2.2985	0.46916
2.2995	0.46977
2.3005	0.47045
2.3016	0.47084
2.3026	0.47050
2.3036	0.46909
2.3046	0.46659
2.3056	0.46309
2.3067	0.45870
2.3077	0.45371
2.3087	0.44843
2.3098	0.44301
2.3108	0.43787
2.3118	0.43327
2.3128	0.42970
2.3139	0.42747
2.3149	0.42672
2.3159	0.42741
2.317	0.42952
2.318	0.43268
2.3191	0.43677
2.3201	0.44146
2.3211	0.44633
2.3222	0.45151
2.3232	0.45714
2.3243	0.46310
2.3253	0.46921
2.3263	0.47522
2.3274	0.48092
2.3284	0.48615
2.3295	0.49098
2.3305	0.49537
2.3316	0.49929
2.3326	0.50293
2.3337	0.50620
2.3347	0.50906
2.3358	0.51162
2.3368	0.51403
2.3379	0.51619
2.3389	0.51799
2.34	0.51967
2.341	0.52115
2.3421	0.52246
2.3431	0.52367
2.3442	0.52469
2.3453	0.52545
2.3463	0.52592
2.3474	0.52620
2.3485	0.52642
2.3495	0.52639
2.3506	0.52619
2.3517	0.52594
2.3527	0.52558
2.3538	0.52517
2.3549	0.52479
2.3559	0.52438
2.357	0.52394
2.3581	0.52354
2.3591	0.52313
2.3602	0.52260
2.3613	0.52205
2.3624	0.52134
2.3634	0.52054
2.3645	0.51959
2.3656	0.51842
2.3667	0.51708
2.3678	0.51565
2.3689	0.51391
2.3699	0.51193
2.371	0.50972
2.3721	0.50746
2.3732	0.50506
2.3743	0.50247
2.3754	0.49993
2.3764	0.49742
2.3775	0.49491
2.3786	0.49265
2.3797	0.49069
2.3808	0.48894
2.3819	0.48732
2.383	0.48589
2.3841	0.48456
2.3852	0.48366
2.3863	0.48328
2.3874	0.48323
2.3885	0.48332
2.3896	0.48349
2.3907	0.48395
2.3918	0.48476
2.3929	0.48577
2.394	0.48706
2.3951	0.48871
2.3962	0.49088
2.3973	0.49340
2.3984	0.49626
2.3995	0.49928
2.4006	0.50219
2.4018	0.50491
2.4029	0.50754
2.404	0.50984
2.4051	0.51184
2.4062	0.51362
2.4073	0.51508
2.4085	0.51623
2.4096	0.51725
2.4107	0.51805
2.4118	0.51851
2.4129	0.51865
2.4141	0.51867
2.4152	0.51858
2.4163	0.51823
2.4174	0.51788
2.4186	0.51758
2.4197	0.51713
2.4208	0.51658
2.422	0.51593
2.4231	0.51521
2.4242	0.51448
2.4254	0.51383
2.4265	0.51323
2.4276	0.51272
2.4288	0.51236
2.4299	0.51216
2.4311	0.51209
2.4322	0.51219
2.4333	0.51235
2.4345	0.51243
2.4356	0.51234
2.4368	0.51225
2.4379	0.51220
2.4391	0.51223
2.4402	0.51213
2.4414	0.51198
2.4425	0.51197
2.4436	0.51215
2.4448	0.51239
2.4459	0.51259
2.4471	0.51275
2.4483	0.51291
2.4494	0.51292
2.4506	0.51287
2.4517	0.51272
2.4529	0.51254
2.4541	0.51233
2.4552	0.51197
2.4564	0.51148
2.4576	0.51093
2.4587	0.51037
2.4599	0.51006
2.4611	0.50978
2.4622	0.50946
2.4634	0.50928
2.4646	0.50928
2.4657	0.50940
2.4669	0.50968
2.4681	0.51005
2.4693	0.51051
2.4704	0.51115
2.4716	0.51191
2.4728	0.51268
2.474	0.51350
2.4751	0.51434
2.4763	0.51522
2.4775	0.51611
2.4787	0.51694
2.4799	0.51767
2.4811	0.51832
2.4823	0.51893
2.4834	0.51956
2.4846	0.51995
2.4858	0.52015
2.487	0.52020
2.4882	0.52018
2.4894	0.52011
2.4906	0.51999
2.4918	0.51967
2.493	0.51946
2.4942	0.51937
2.4954	0.51923
2.4966	0.51898
2.4978	0.51888
2.499	0.51903
2.5002	0.51922
2.5014	0.51932
2.5026	0.51951
2.5038	0.51972
2.505	0.51995
2.5063	0.52010
2.5075	0.52027
2.5087	0.52040
2.5099	0.52042
2.5111	0.52027
2.5123	0.51999
2.5135	0.51967
2.5148	0.51932
2.516	0.51897
2.5172	0.51881
2.5184	0.51863
2.5196	0.51859
2.5209	0.51858
2.5221	0.51856
2.5233	0.51856
2.5246	0.51855
2.5258	0.51852
2.527	0.51848
2.5282	0.51840
2.5295	0.51829
2.5307	0.51826
2.5319	0.51826
2.5332	0.51803
2.5344	0.51804
2.5357	0.51822
2.5369	0.51836
2.5381	0.51836
2.5394	0.51835
2.5406	0.51840
2.5419	0.51852
2.5431	0.51851
2.5444	0.51847
2.5456	0.51836
2.5469	0.51832
2.5481	0.51814
2.5494	0.51788
2.5506	0.51749
2.5519	0.51703
2.5531	0.51663
2.5544	0.51622
2.5556	0.51573
2.5569	0.51536
2.5582	0.51520
2.5594	0.51521
2.5607	0.51527
2.562	0.51526
2.5632	0.51514
2.5645	0.51514
2.5658	0.51506
2.567	0.51505
2.5683	0.51504
2.5696	0.51506
2.5709	0.51499
2.5721	0.51502
2.5734	0.51507
2.5747	0.51500
2.576	0.51493
2.5773	0.51504
2.5785	0.51492
2.5798	0.51494
2.5811	0.51512
2.5824	0.51527
2.5837	0.51535
2.585	0.51546
2.5862	0.51555
2.5875	0.51579
2.5888	0.51594
2.5901	0.51609
2.5914	0.51609
2.5927	0.51630
2.594	0.51661
2.5953	0.51675
2.5966	0.51653
2.5979	0.51642
2.5992	0.51632
2.6005	0.51628
2.6018	0.51614
2.6031	0.51607
2.6044	0.51609
2.6057	0.51628
2.6071	0.51614
2.6084	0.51602
2.6097	0.51600
2.611	0.51595
2.6123	0.51568
2.6136	0.51552
2.6149	0.51538
2.6163	0.51519
2.6176	0.51468
2.6189	0.51419
2.6202	0.51375
2.6216	0.51325
2.6229	0.51274
2.6242	0.51223
2.6255	0.51166
2.6269	0.51117
2.6282	0.51052
2.6295	0.51020
2.6309	0.50964
2.6322	0.50872
2.6335	0.50772
2.6349	0.50680
2.6362	0.50571
2.6376	0.50471
2.6389	0.50358
2.6402	0.50253
2.6416	0.50130
2.6429	0.50009
2.6443	0.49868
2.6456	0.49724
2.647	0.49555
2.6483	0.49388
2.6497	0.49208
2.651	0.49028
2.6524	0.48815
2.6538	0.48587
2.6551	0.48333
2.6565	0.48052
2.6578	0.47716
2.6592	0.47355
2.6606	0.46923
2.6619	0.46445
2.6633	0.45897
2.6647	0.45308
2.666	0.44614
2.6674	0.43833
2.6688	0.43001
2.6701	0.42150
2.6715	0.41113
2.6729	0.40089
2.6743	0.39017
2.6756	0.37889
2.677	0.36681
2.6784	0.35469
2.6798	0.34251
2.6812	0.33071
2.6826	0.31950
2.684	0.30884
2.6854	0.29879
2.6868	0.28959
2.6881	0.28097
2.6895	0.27367
2.6909	0.26776
2.6923	0.26389
2.6937	0.26099
2.6951	0.25884
2.6965	0.25709
2.6979	0.25562
2.6993	0.25388
2.7007	0.25162
2.7021	0.24800
2.7036	0.24269
2.705	0.23514
2.7064	0.22537
2.7078	0.21378
2.7092	0.20139
2.7106	0.18876
2.712	0.17660
2.7135	0.16590
2.7149	0.15669
2.7163	0.14892
2.7177	0.14269
2.7191	0.13745
2.7206	0.13395
2.722	0.13385
2.7234	0.13673
2.7249	0.14133
2.7263	0.14695
2.7277	0.15281
2.7292	0.15817
2.7306	0.16192
2.732	0.16508
2.7335	0.16867
2.7349	0.17215
2.7364	0.17478
2.7378	0.17587
2.7393	0.17593
2.7407	0.17587
2.7422	0.17603
2.7436	0.17597
2.7451	0.17553
2.7465	0.17515
2.748	0.17464
2.7494	0.17390
2.7509	0.17308
2.7523	0.17233
2.7538	0.17177
2.7553	0.17147
2.7567	0.17135
2.7582	0.17100
2.7597	0.17055
2.7611	0.17079
2.7626	0.17160
2.7641	0.17220
2.7656	0.17267
2.767	0.17328
2.7685	0.17383
2.77	0.17424
2.7715	0.17447
2.7729	0.17443
2.7744	0.17465
2.7759	0.17505
2.7774	0.17520
2.7789	0.17522
2.7804	0.17518
2.7819	0.17509
2.7834	0.17485
2.7849	0.17460
2.7864	0.17429
2.7879	0.17394
2.7894	0.17344
2.7909	0.17275
2.7924	0.17213
2.7939	0.17146
2.7954	0.17064
2.7969	0.16943
2.7984	0.16770
2.7999	0.16566
2.8014	0.16345
2.8029	0.16123
2.8044	0.15930
2.806	0.15777
2.8075	0.15671
2.809	0.15612
2.8105	0.15599
2.8121	0.15620
2.8136	0.15661
2.8151	0.15715
2.8166	0.15768
2.8182	0.15807
2.8197	0.15832
2.8212	0.15835
2.8228	0.15833
2.8243	0.15816
2.8258	0.15786
2.8274	0.15756
2.8289	0.15713
2.8305	0.15648
2.832	0.15572
2.8336	0.15491
2.8351	0.15407
2.8367	0.15318
2.8382	0.15246
2.8398	0.15223
2.8413	0.15241
2.8429	0.15282
2.8444	0.15338
2.846	0.15417
2.8476	0.15517
2.8491	0.15619
2.8507	0.15724
2.8523	0.15828
2.8538	0.15933
2.8554	0.16033
2.857	0.16137
2.8586	0.16235
2.8601	0.16317
2.8617	0.16400
2.8633	0.16474
2.8649	0.16532
2.8664	0.16591
2.868	0.16643
2.8696	0.16687
2.8712	0.16723
2.8728	0.16753
2.8744	0.16787
2.876	0.16831
2.8776	0.16855
2.8792	0.16872
2.8808	0.16912
2.8824	0.16933
2.884	0.16942
2.8856	0.16957
2.8872	0.16973
2.8888	0.16982
2.8904	0.16993
2.892	0.17004
2.8936	0.17016
2.8953	0.17014
2.8969	0.17004
2.8985	0.17011
2.9001	0.17022
2.9017	0.17024
2.9034	0.17025
2.905	0.17024
2.9066	0.17003
2.9083	0.16989
2.9099	0.16993
2.9115	0.16981
2.9131	0.16959
2.9148	0.16944
2.9164	0.16928
2.9181	0.16911
2.9197	0.16892
2.9214	0.16876
2.923	0.16859
2.9247	0.16845
2.9263	0.16850
2.928	0.16863
2.9296	0.16885
2.9313	0.16918
2.9329	0.16958
2.9346	0.16997
2.9363	0.17042
2.9379	0.17107
2.9396	0.17165
2.9412	0.17219
2.9429	0.17285
2.9446	0.17356
2.9463	0.17417
2.9479	0.17488
2.9496	0.17545
2.9513	0.17593
2.953	0.17647
2.9546	0.17700
2.9563	0.17751
2.958	0.17803
2.9597	0.17850
2.9614	0.17898
2.9631	0.17943
2.9648	0.17981
2.9665	0.18024
2.9682	0.18058
2.9699	0.18094
2.9716	0.18143
2.9733	0.18184
2.975	0.18229
2.9767	0.18271
2.9784	0.18317
2.9801	0.18358
2.9818	0.18399
2.9836	0.18439
2.9853	0.18491
2.987	0.18548
2.9887	0.18588
2.9904	0.18632
2.9922	0.18690
2.9939	0.18739
2.9956	0.18783
2.9974	0.18831
2.9991	0.18876
3.0008	0.18921
3.0026	0.18966
3.0043	0.19017
3.006	0.19072
3.0078	0.19122
3.0095	0.19165
3.0113	0.19219
3.013	0.19275
3.0148	0.19325
3.0165	0.19377
3.0183	0.19422
3.02	0.19485
3.0218	0.19554
3.0236	0.19603
3.0253	0.19649
3.0271	0.19707
3.0289	0.19767
3.0306	0.19827
3.0324	0.19883
3.0342	0.19934
3.036	0.19984
3.0377	0.20046
3.0395	0.20102
3.0413	0.20150
3.0431	0.20212
3.0449	0.20271
3.0467	0.20324
3.0484	0.20371
3.0502	0.20407
3.052	0.20449
3.0538	0.20495
3.0556	0.20535
3.0574	0.20560
3.0592	0.20583
3.0611	0.20619
3.0629	0.20663
3.0647	0.20690
3.0665	0.20703
3.0683	0.20726
3.0701	0.20764
3.0719	0.20777
3.0738	0.20790
3.0756	0.20815
3.0774	0.20840
3.0792	0.20840
3.0811	0.20848
3.0829	0.20862
3.0847	0.20879
3.0866	0.20907
3.0884	0.20935
3.0902	0.20964
3.0921	0.20994
3.0939	0.21017
3.0958	0.21038
3.0976	0.21062
3.0995	0.21092
3.1013	0.21134
3.1032	0.21183
3.105	0.21240
3.1069	0.21300
3.1088	0.21348
3.1106	0.21399
3.1125	0.21471
3.1144	0.21530
3.1162	0.21588
3.1181	0.21663
3.12	0.21742
3.1219	0.21836
3.1237	0.21928
3.1256	0.22001
3.1275	0.22077
3.1294	0.22173
3.1313	0.22269
3.1332	0.22366
3.1351	0.22479
3.137	0.22592
3.1389	0.22688
3.1408	0.22791
3.1427	0.22909
3.1446	0.23035
3.1465	0.23144
3.1484	0.23248
3.1503	0.23363
3.1522	0.23485
3.1541	0.23611
3.1561	0.23728
3.158	0.23840
3.1599	0.23964
3.1618	0.24093
3.1638	0.24233
3.1657	0.24370
3.1676	0.24497
3.1696	0.24630
3.1715	0.24763
3.1734	0.24885
3.1754	0.25031
3.1773	0.25184
3.1793	0.25313
3.1812	0.25446
3.1832	0.25582
3.1851	0.25720
3.1871	0.25867
3.1891	0.26004
3.191	0.26127
3.193	0.26258
3.1949	0.26407
3.1969	0.26548
3.1989	0.26687
3.2009	0.26819
3.2029	0.26941
3.2048	0.27061
3.2068	0.27187
3.2088	0.27322
3.2108	0.27453
3.2128	0.27587
3.2148	0.27715
3.2168	0.27836
3.2188	0.27963
3.2208	0.28093
3.2228	0.28232
3.2248	0.28342
3.2268	0.28464
3.2288	0.28592
3.2308	0.28715
3.2328	0.28834
3.2348	0.28948
3.2368	0.29074
3.2389	0.29193
3.2409	0.29311
3.2429	0.29433
3.2449	0.29547
3.247	0.29658
3.249	0.29765
3.251	0.29876
3.2531	0.29987
3.2551	0.30101
3.2572	0.30210
3.2592	0.30324
3.2613	0.30431
3.2633	0.30539
3.2654	0.30644
3.2674	0.30748
3.2695	0.30849
3.2716	0.30942
3.2736	0.31028
3.2757	0.31114
3.2778	0.31203
3.2798	0.31303
3.2819	0.31396
3.284	0.31463
3.2861	0.31546
3.2881	0.31647
3.2902	0.31732
3.2923	0.31799
3.2944	0.31885
3.2965	0.31975
3.2986	0.32062
3.3007	0.32155
3.3028	0.32253
3.3049	0.32346
3.307	0.32450
3.3091	0.32575
3.3112	0.32689
3.3134	0.32793
3.3155	0.32896
3.3176	0.33016
3.3197	0.33125
3.3219	0.33227
3.324	0.33331
3.3261	0.33424
3.3283	0.33503
3.3304	0.33572
3.3325	0.33621
3.3347	0.33666
3.3368	0.33705
3.339	0.33720
3.3411	0.33731
3.3433	0.33746
3.3454	0.33752
3.3476	0.33755
3.3498	0.33765
3.3519	0.33791
3.3541	0.33818
3.3563	0.33829
3.3584	0.33838
3.3606	0.33832
3.3628	0.33814
3.365	0.33795
3.3671	0.33759
3.3693	0.33722
3.3715	0.33689
3.3737	0.33665
3.3759	0.33648
3.3781	0.33655
3.3803	0.33712
3.3825	0.33807
3.3847	0.33924
3.3869	0.34062
3.3891	0.34190
3.3914	0.34298
3.3936	0.34375
3.3958	0.34394
3.398	0.34370
3.4003	0.34307
3.4025	0.34214
3.4047	0.34112
3.407	0.34022
3.4092	0.33960
3.4114	0.33939
3.4137	0.33986
3.4159	0.34101
3.4182	0.34294
3.4204	0.34562
3.4227	0.34897
3.425	0.35253
3.4272	0.35589
3.4295	0.35886
3.4318	0.36140
3.434	0.36384
3.4363	0.36611
3.4386	0.36810
3.4409	0.36996
3.4432	0.37179
3.4454	0.37333
3.4477	0.37473
3.45	0.37632
3.4523	0.37790
3.4546	0.37937
3.4569	0.38074
3.4592	0.38171
3.4616	0.38244
3.4639	0.38306
3.4662	0.38350
3.4685	0.38354
3.4708	0.38310
3.4731	0.38241
3.4755	0.38169
3.4778	0.38107
3.4801	0.38055
3.4825	0.38034
3.4848	0.38057
3.4872	0.38087
3.4895	0.38108
3.4919	0.38109
3.4942	0.38094
3.4966	0.38081
3.4989	0.38106
3.5013	0.38195
3.5036	0.38387
3.506	0.38665
3.5084	0.38991
3.5108	0.39321
3.5131	0.39631
3.5155	0.39892
3.5179	0.40133
3.5203	0.40387
3.5227	0.40617
3.5251	0.40850
3.5275	0.41070
3.5299	0.41266
3.5323	0.41442
3.5347	0.41613
3.5371	0.41763
3.5395	0.41895
3.5419	0.42022
3.5444	0.42143
3.5468	0.42252
3.5492	0.42340
3.5516	0.42416
3.5541	0.42496
3.5565	0.42583
3.559	0.42672
3.5614	0.42744
3.5639	0.42818
3.5663	0.42891
3.5688	0.42963
3.5712	0.43030
3.5737	0.43101
3.5761	0.43183
3.5786	0.43245
3.5811	0.43311
3.5836	0.43393
3.586	0.43468
3.5885	0.43532
3.591	0.43588
3.5935	0.43646
3.596	0.43699
3.5985	0.43763
3.601	0.43808
3.6035	0.43832
3.606	0.43878
3.6085	0.43932
3.611	0.43977
3.6135	0.44020
3.616	0.44069
3.6186	0.44114
3.6211	0.44143
3.6236	0.44181
3.6261	0.44221
3.6287	0.44259
3.6312	0.44286
3.6338	0.44306
3.6363	0.44336
3.6389	0.44364
3.6414	0.44396
3.644	0.44455
3.6466	0.44494
3.6491	0.44523
3.6517	0.44549
3.6543	0.44573
3.6568	0.44597
3.6594	0.44628
3.662	0.44666
3.6646	0.44692
3.6672	0.44708
3.6698	0.44725
3.6724	0.44734
3.675	0.44758
3.6776	0.44777
3.6802	0.44807
3.6828	0.44841
3.6854	0.44849
3.6881	0.44854
3.6907	0.44870
3.6933	0.44899
3.6959	0.44936
3.6986	0.44986
3.7012	0.45037
3.7039	0.45071
3.7065	0.45067
3.7092	0.45073
3.7118	0.45098
3.7145	0.45112
3.7171	0.45139
3.7198	0.45160
3.7225	0.45167
3.7251	0.45186
3.7278	0.45201
3.7305	0.45202
3.7332	0.45223
3.7359	0.45239
3.7386	0.45232
3.7413	0.45234
3.744	0.45249
3.7467	0.45271
3.7494	0.45284
3.7521	0.45296
3.7548	0.45325
3.7575	0.45317
3.7603	0.45306
3.763	0.45318
3.7657	0.45322
3.7685	0.45311
3.7712	0.45314
3.7739	0.45328
3.7767	0.45332
3.7794	0.45344
3.7822	0.45345
3.785	0.45340
3.7877	0.45334
3.7905	0.45330
3.7933	0.45308
3.7961	0.45279
3.7988	0.45256
3.8016	0.45240
3.8044	0.45226
3.8072	0.45215
3.81	0.45201
3.8128	0.45192
3.8156	0.45182
3.8184	0.45174
3.8212	0.45160
3.8241	0.45148
3.8269	0.45133
3.8297	0.45121
3.8325	0.45106
3.8354	0.45092
3.8382	0.45074
3.8411	0.45059
3.8439	0.45052
3.8468	0.45049
3.8496	0.45044
3.8525	0.45042
3.8553	0.45034
3.8582	0.45031
3.8611	0.45022
3.8639	0.45021
3.8668	0.45018
3.8697	0.45014
3.8726	0.45004
3.8755	0.45001
3.8784	0.44996
3.8813	0.44990
3.8842	0.44980
3.8871	0.44970
3.89	0.44962
3.893	0.44955
3.8959	0.44942
3.8988	0.44931
3.9017	0.44912
3.9047	0.44895
3.9076	0.44874
3.9106	0.44852
3.9135	0.44825
3.9165	0.44804
3.9194	0.44777
3.9224	0.44750
3.9254	0.44715
3.9284	0.44679
3.9313	0.44642
3.9343	0.44608
3.9373	0.44563
3.9403	0.44505
3.9433	0.44423
3.9463	0.44333
3.9493	0.44240
3.9523	0.44146
3.9553	0.44054
3.9583	0.43975
3.9614	0.43896
3.9644	0.43824
3.9674	0.43760
3.9705	0.43714
3.9735	0.43672
3.9766	0.43635
3.9796	0.43596
3.9826	0.43573
3.9857	0.43563
3.9888	0.43571
3.9919	0.43586
3.9949	0.43612
3.998	0.43643
4.0011	0.43677
4.0042	0.43717
4.0073	0.43757
4.0104	0.43789
4.0135	0.43823
4.0166	0.43849
4.0197	0.43862
4.0228	0.43863
4.0259	0.43868
4.0291	0.43876
4.0322	0.43884
4.0353	0.43886
4.0385	0.43886
4.0416	0.43887
4.0448	0.43895
4.0479	0.43890
4.0511	0.43881
4.0543	0.43871
4.0574	0.43860
4.0606	0.43839
4.0638	0.43824
4.067	0.43803
4.0702	0.43778
4.0734	0.43751
4.0766	0.43726
4.0798	0.43698
4.083	0.43674
4.0862	0.43643
4.0894	0.43616
4.0927	0.43587
4.0959	0.43558
4.0991	0.43524
4.1024	0.43488
4.1056	0.43455
4.1089	0.43430
4.1121	0.43392
4.1154	0.43351
4.1187	0.43311
4.122	0.43279
4.1252	0.43248
4.1285	0.43217
4.1318	0.43179
4.1351	0.43146
4.1384	0.43104
4.1417	0.43068
4.145	0.43035
4.1483	0.43003
4.1516	0.42963
4.155	0.42928
4.1583	0.42885
4.1616	0.42846
4.165	0.42804
4.1683	0.42769
4.1717	0.42735
4.175	0.42697
4.1784	0.42650
4.1818	0.42612
4.1852	0.42565
4.1885	0.42526
4.1919	0.42481
4.1953	0.42435
4.1987	0.42391
4.2021	0.42352
4.2055	0.42308
4.2089	0.42259
4.2124	0.42214
4.2158	0.42174
4.2192	0.42125
4.2226	0.42084
4.2261	0.42040
4.2295	0.41992
4.233	0.41938
4.2365	0.41894
4.2399	0.41847
4.2434	0.41801
4.2469	0.41756
4.2503	0.41711
4.2538	0.41653
4.2573	0.41598
4.2608	0.41538
4.2643	0.41488
4.2678	0.41443
4.2714	0.41403
4.2749	0.41372
4.2784	0.41350
4.2819	0.41320
4.2855	0.41291
4.289	0.41257
4.2926	0.41231
4.2961	0.41201
4.2997	0.41168
4.3033	0.41138
4.3068	0.41115
4.3104	0.41081
4.314	0.41054
4.3176	0.41024
4.3212	0.40995
4.3248	0.40962
4.3284	0.40931
4.332	0.40898
4.3356	0.40864
4.3393	0.40822
4.3429	0.40785
4.3465	0.40744
4.3502	0.40702
4.3538	0.40654
4.3575	0.40609
4.3611	0.40560
4.3648	0.40514
4.3685	0.40462
4.3722	0.40410
4.3759	0.40355
4.3796	0.40301
4.3833	0.40242
4.387	0.40188
4.3907	0.40131
4.3944	0.40070
4.3981	0.40009
4.4019	0.39952
4.4056	0.39888
4.4094	0.39825
4.4131	0.39758
4.4169	0.39692
4.4206	0.39622
4.4244	0.39550
4.4282	0.39473
4.432	0.39404
4.4358	0.39331
4.4396	0.39263
4.4434	0.39181
4.4472	0.39102
4.451	0.39020
4.4548	0.38937
4.4586	0.38852
4.4625	0.38766
4.4663	0.38675
4.4702	0.38591
4.474	0.38507
4.4779	0.38428
4.4818	0.38345
4.4856	0.38262
4.4895	0.38173
4.4934	0.38090
4.4973	0.37997
4.5012	0.37904
4.5051	0.37812
4.509	0.37721
4.513	0.37616
4.5169	0.37504
4.5208	0.37381
4.5248	0.37250
4.5287	0.37107
4.5327	0.36969
4.5367	0.36830
4.5406	0.36685
4.5446	0.36526
4.5486	0.36373
4.5526	0.36217
4.5566	0.36063
4.5606	0.35899
4.5646	0.35736
4.5686	0.35562
4.5727	0.35387
4.5767	0.35201
4.5808	0.35009
4.5848	0.34818
4.5889	0.34626
4.5929	0.34429
4.597	0.34236
4.6011	0.34033
4.6052	0.33829
4.6093	0.33619
4.6134	0.33408
4.6175	0.33186
4.6216	0.32969
4.6257	0.32747
4.6298	0.32520
4.634	0.32285
4.6381	0.32054
4.6423	0.31820
4.6464	0.31594
4.6506	0.31370
4.6548	0.31150
4.659	0.30934
4.6631	0.30728
4.6673	0.30520
4.6715	0.30319
4.6758	0.30115
4.68	0.29919
4.6842	0.29727
4.6884	0.29541
4.6927	0.29358
4.6969	0.29185
4.7012	0.29012
4.7055	0.28851
4.7097	0.28690
4.714	0.28529
4.7183	0.28372
4.7226	0.28216
4.7269	0.28052
4.7312	0.27891
4.7355	0.27733
4.7399	0.27580
4.7442	0.27422
4.7485	0.27267
4.7529	0.27117
4.7573	0.26974
4.7616	0.26829
4.766	0.26686
4.7704	0.26539
4.7748	0.26391
4.7792	0.26236
4.7836	0.26078
4.788	0.25908
4.7924	0.25742
4.7969	0.25577
4.8013	0.25414
4.8058	0.25251
4.8102	0.25105
4.8147	0.24959
4.8191	0.24820
4.8236	0.24689
4.8281	0.24562
4.8326	0.24431
4.8371	0.24311
4.8416	0.24193
4.8462	0.24078
4.8507	0.23959
4.8553	0.23844
4.8598	0.23733
4.8644	0.23623
4.8689	0.23514
4.8735	0.23407
4.8781	0.23296
4.8827	0.23203
4.8873	0.23110
4.8919	0.23016
4.8965	0.22915
4.9011	0.22808
4.9058	0.22702
4.9104	0.22600
4.9151	0.22495
4.9197	0.22391
4.9244	0.22280
4.9291	0.22177
4.9338	0.22082
4.9385	0.21996
4.9432	0.21917
4.9479	0.21846
4.9526	0.21773
4.9574	0.21706
4.9621	0.21634
4.9669	0.21561
4.9716	0.21483
4.9764	0.21404
4.9812	0.21320
4.986	0.21243
4.9908	0.21164
4.9956	0.21085
5.0004	0.20999
5.0052	0.20901
5.01	0.20785
5.0149	0.20664
5.0198	0.20532
5.0246	0.20390
5.0295	0.20236
5.0344	0.20074
5.0393	0.19907
5.0442	0.19753
5.0491	0.19606
5.054	0.19465
5.0589	0.19333
5.0639	0.19214
5.0688	0.19096
5.0738	0.18986
5.0788	0.18879
5.0837	0.18777
5.0887	0.18670
5.0937	0.18562
5.0987	0.18454
5.1037	0.18348
5.1088	0.18225
5.1138	0.18093
5.1189	0.17952
5.1239	0.17805
5.129	0.17650
5.1341	0.17504
5.1391	0.17362
5.1443	0.17238
5.1494	0.17123
5.1545	0.17014
5.1596	0.16910
5.1647	0.16819
5.1699	0.16734
5.175	0.16650
5.1802	0.16571
5.1854	0.16497
5.1906	0.16422
5.1958	0.16355
5.201	0.16286
5.2062	0.16212
5.2115	0.16140
5.2167	0.16067
5.222	0.15982
5.2272	0.15897
5.2325	0.15810
5.2378	0.15729
5.2431	0.15652
5.2484	0.15591
5.2537	0.15545
5.259	0.15513
5.2644	0.15491
5.2697	0.15478
5.2751	0.15465
5.2805	0.15457
5.2858	0.15452
5.2912	0.15452
5.2966	0.15448
5.302	0.15447
5.3075	0.15443
5.3129	0.15435
5.3184	0.15424
5.3238	0.15422
5.3293	0.15421
5.3348	0.15421
5.3403	0.15416
5.3458	0.15417
5.3513	0.15426
5.3568	0.15434
5.3624	0.15436
5.3679	0.15447
5.3735	0.15458
5.379	0.15472
5.3846	0.15482
5.3902	0.15495
5.3958	0.15504
5.4015	0.15514
5.4071	0.15520
5.4127	0.15524
5.4184	0.15526
5.4241	0.15529
5.4297	0.15508
5.4354	0.15493
5.4411	0.15478
5.4468	0.15458
5.4526	0.15433
5.4583	0.15413
5.4641	0.15392
5.4698	0.15369
5.4756	0.15340
5.4814	0.15316
5.4872	0.15270
5.493	0.15216
5.4988	0.15154
5.5047	0.15085
5.5105	0.14998
5.5164	0.14905
5.5223	0.14795
5.5281	0.14675
5.534	0.14542
5.54	0.14401
5.5459	0.14249
5.5518	0.14099
5.5578	0.13956
5.5637	0.13832
5.5697	0.13723
5.5757	0.13638
5.5817	0.13573
5.5877	0.13520
5.5937	0.13471
5.5998	0.13425
5.6058	0.13375
5.6119	0.13327
5.618	0.13281
5.6241	0.13238
5.6302	0.13202
5.6363	0.13187
5.6424	0.13188
5.6486	0.13179
5.6547	0.13174
5.6609	0.13181
5.6671	0.13179
5.6733	0.13193
5.6795	0.13207
5.6857	0.13216
5.692	0.13224
5.6982	0.13228
5.7045	0.13231
5.7108	0.13242
5.7171	0.13232
5.7234	0.13215
5.7297	0.13190
5.736	0.13161
5.7424	0.13130
5.7488	0.13098
5.7551	0.13052
5.7615	0.13023
5.768	0.12998
5.7744	0.12947
5.7808	0.12890
5.7873	0.12836
5.7937	0.12775
5.8002	0.12712
5.8067	0.12634
5.8132	0.12561
5.8198	0.12484
5.8263	0.12396
5.8328	0.12285
5.8394	0.12169
5.846	0.12046
5.8526	0.11927
5.8592	0.11803
5.8658	0.11679
5.8725	0.11548
5.8791	0.11426
5.8858	0.11270
5.8925	0.11116
5.8992	0.10950
5.9059	0.10759
5.9126	0.10571
5.9194	0.10383
5.9262	0.10192
5.9329	0.10011
5.9397	0.09803
5.9465	0.09586
5.9534	0.09373
5.9602	0.09167
5.9671	0.08962
5.974	0.08753
5.9808	0.08551
5.9878	0.08365
5.9947	0.08165
6.0016	0.07971
6.0086	0.07787
6.0155	0.07609
6.0225	0.07427
6.0295	0.07257
6.0365	0.07091
6.0436	0.06949
6.0506	0.06792
6.0577	0.06621
6.0648	0.06462
6.0719	0.06313
6.079	0.06162
6.0861	0.06024
6.0933	0.05900
6.1005	0.05800
6.1076	0.05720
6.1148	0.05659
6.1221	0.05596
6.1293	0.05546
6.1365	0.05511
6.1438	0.05498
6.1511	0.05508
6.1584	0.05546
6.1657	0.05606
6.1731	0.05691
6.1804	0.05812
6.1878	0.05976
6.1952	0.06151
6.2026	0.06338
6.21	0.06552
6.2175	0.06775
6.225	0.07011
6.2324	0.07252
6.2399	0.07492
6.2475	0.07727
6.255	0.07953
6.2625	0.08172
6.2701	0.08392
6.2777	0.08601
6.2853	0.08797
6.2929	0.08984
6.3006	0.09166
6.3083	0.09338
6.3159	0.09503
6.3236	0.09668
6.3314	0.09828
6.3391	0.09986
6.3469	0.10144
6.3546	0.10263
6.3624	0.10375
6.3703	0.10496
6.3781	0.10593
6.3859	0.10666
6.3938	0.10737
6.4017	0.10799
6.4096	0.10871
6.4176	0.10941
6.4255	0.10968
6.4335	0.10996
6.4415	0.11025
6.4495	0.11053
6.4575	0.11088
6.4656	0.11115
6.4736	0.11135
6.4817	0.11152
6.4898	0.11170
6.498	0.11174
6.5061	0.11150
6.5143	0.11123
6.5225	0.11098
6.5307	0.11053
6.539	0.11001
6.5472	0.10948
6.5555	0.10885
6.5638	0.10809
6.5721	0.10730
6.5804	0.10632
6.5888	0.10522
6.5972	0.10403
6.6056	0.10277
6.614	0.10150
6.6225	0.10026
6.6309	0.09918
6.6394	0.09807
6.6479	0.09681
6.6565	0.09564
6.665	0.09468
6.6736	0.09374
6.6822	0.09269
6.6908	0.09150
6.6995	0.09046
6.7081	0.08951
6.7168	0.08853
6.7255	0.08750
6.7343	0.08645
6.743	0.08536
6.7518	0.08427
6.7606	0.08311
6.7694	0.08194
6.7783	0.08067
6.7871	0.07939
6.796	0.07802
6.805	0.07676
6.8139	0.07569
6.8229	0.07482
6.8319	0.07389
6.8409	0.07286
6.8499	0.07191
6.859	0.07121
6.868	0.07044
6.8772	0.06951
6.8863	0.06867
6.8955	0.06794
6.9046	0.06713
6.9138	0.06638
6.9231	0.06560
6.9323	0.06481
6.9416	0.06402
6.9509	0.06332
6.9602	0.06258
6.9696	0.06182
6.979	0.06107
6.9884	0.06040
6.9978	0.05972
7.0073	0.05907
7.0168	0.05845
7.0263	0.05791
7.0358	0.05740
7.0454	0.05696
7.0549	0.05648
7.0645	0.05603
7.0742	0.05560
7.0839	0.05526
7.0935	0.05489
7.1033	0.05453
7.113	0.05412
7.1228	0.05367
7.1326	0.05316
7.1424	0.05270
7.1522	0.05222
7.1621	0.05175
7.172	0.05128
7.182	0.05085
7.1919	0.05040
7.2019	0.04994
7.2119	0.04946
7.222	0.04904
7.232	0.04864
7.2421	0.04829
7.2523	0.04793
7.2624	0.04765
7.2726	0.04737
7.2828	0.04713
7.2931	0.04694
7.3033	0.04676
7.3136	0.04661
7.324	0.04651
7.3343	0.04642
7.3447	0.04635
7.3551	0.04626
7.3656	0.04619
7.3761	0.04611
7.3866	0.04608
7.3971	0.04602
7.4077	0.04592
7.4183	0.04585
7.4289	0.04584
7.4396	0.04574
7.4502	0.04561
7.461	0.04552
7.4717	0.04546
7.4825	0.04530
7.4933	0.04514
7.5041	0.04497
7.515	0.04486
7.5259	0.04473
7.5369	0.04457
7.5479	0.04436
7.5589	0.04415
7.5699	0.04389
7.581	0.04363
7.592	0.04332
7.6032	0.04296
7.6144	0.04265
7.6255	0.04234
7.6368	0.04196
7.648	0.04165
7.6593	0.04125
7.6707	0.04080
7.682	0.04031
7.6934	0.03989
7.7049	0.03943
7.7163	0.03898
7.7278	0.03853
7.7394	0.03810
7.7509	0.03763
7.7625	0.03716
7.7742	0.03667
7.7858	0.03619
7.7975	0.03561
7.8093	0.03506
7.8211	0.03458
7.8329	0.03414
7.8447	0.03372
7.8566	0.03331
7.8685	0.03277
7.8805	0.03231
7.8925	0.03183
7.9045	0.03141
7.9166	0.03098
7.9287	0.03049
7.9408	0.02996
7.953	0.02948
7.9652	0.02898
7.9775	0.02852
7.9898	0.02806
8.0021	0.02759
8.0145	0.02705
8.0269	0.02659
8.0393	0.02612
8.0518	0.02568
8.0643	0.02524
8.0769	0.02488
8.0895	0.02452
8.1021	0.02420
8.1148	0.02393
8.1275	0.02371
8.1403	0.02340
8.1531	0.02316
8.1659	0.02293
8.1788	0.02267
8.1917	0.02240
8.2047	0.02223
8.2177	0.02203
8.2307	0.02188
8.2438	0.02173
8.257	0.02156
8.2701	0.02142
8.2833	0.02142
8.2966	0.02139
8.3099	0.02140
8.3232	0.02149
8.3366	0.02167
8.35	0.02187
8.3635	0.02210
8.377	0.02238
8.3905	0.02282
8.4042	0.02331
8.4178	0.02388
8.4315	0.02466
8.4452	0.02568
8.459	0.02681
8.4728	0.02816
8.4867	0.02984
8.5006	0.03186
8.5145	0.03423
8.5285	0.03700
8.5426	0.04021
8.5567	0.04387
8.5708	0.04784
8.585	0.05212
8.5993	0.05673
8.6135	0.06170
8.6279	0.06703
8.6423	0.07269
8.6567	0.07834
8.6712	0.08364
8.6857	0.08851
8.7003	0.09299
8.7149	0.09687
8.7295	0.09996
8.7443	0.10198
8.759	0.10287
8.7739	0.10314
8.7887	0.10353
8.8037	0.10438
8.8186	0.10560
8.8337	0.10697
8.8487	0.10822
8.8638	0.10912
8.879	0.10962
8.8943	0.10995
8.9095	0.11019
8.9249	0.11035
8.9403	0.11045
8.9557	0.11060
8.9712	0.11087
8.9868	0.11115
9.0023	0.11146
9.018	0.11181
9.0337	0.11213
9.0495	0.11241
9.0653	0.11271
9.0812	0.11300
9.0971	0.11316
9.1131	0.11336
9.1291	0.11367
9.1452	0.11401
9.1614	0.11445
9.1776	0.11505
9.1939	0.11574
9.2102	0.11666
9.2266	0.11779
9.243	0.11908
9.2595	0.12057
9.2761	0.12230
9.2927	0.12416
9.3094	0.12629
9.3262	0.12866
9.343	0.13126
9.3598	0.13413
9.3768	0.13722
9.3938	0.14048
9.4108	0.14382
9.4279	0.14690
9.4451	0.14960
9.4623	0.15150
9.4796	0.15260
9.497	0.15312
9.5144	0.15328
9.5319	0.15321
9.5494	0.15295
9.567	0.15252
9.5847	0.15203
9.6025	0.15134
9.6203	0.15038
9.6382	0.14897
9.6561	0.14719
9.6742	0.14515
9.6922	0.14289
9.7104	0.14054
9.7286	0.13819
9.7469	0.13580
9.7652	0.13340
9.7837	0.13104
9.8022	0.12870
9.8207	0.12650
9.8394	0.12451
9.8581	0.12273
9.8768	0.12111
9.8957	0.11972
9.9146	0.11862
9.9336	0.11765
9.9527	0.11655
9.9718	0.11531
9.991	0.11389
10.0103	0.11228
10.0297	0.11072
10.0491	0.10925
10.0686	0.10805
10.0882	0.10700
10.1079	0.10629
10.1276	0.10586
10.1475	0.10547
10.1673	0.10522
10.1873	0.10515
10.2074	0.10531
10.2275	0.10550
10.2477	0.10536
10.268	0.10463
10.2884	0.10316
10.3088	0.10124
10.3294	0.09942
10.35	0.09800
10.3707	0.09703
10.3915	0.09638
10.4123	0.09577
10.4333	0.09508
10.4543	0.09414
10.4754	0.09295
10.4967	0.09159
10.5179	0.08993
10.5393	0.08818
10.5608	0.08656
10.5823	0.08501
10.604	0.08353
10.6257	0.08219
10.6475	0.08097
10.6694	0.07988
10.6914	0.07898
10.7135	0.07821
10.7357	0.07761
10.758	0.07731
10.7803	0.07710
10.8028	0.07667
10.8254	0.07614
10.848	0.07565
10.8708	0.07497
10.8936	0.07407
10.9165	0.07308
10.9395	0.07204
10.9627	0.07103
10.9859	0.07017
11.0092	0.06960
11.0327	0.06931
11.0562	0.06927
11.0798	0.06952
11.1035	0.06991
11.1274	0.07034
11.1513	0.07079
11.1753	0.07127
11.1995	0.07189
11.2237	0.07267
11.248	0.07349
11.2725	0.07441
11.2971	0.07559
11.3217	0.07683
11.3465	0.07797
11.3714	0.07903
11.3964	0.07984
11.4215	0.08025
11.4467	0.08023
11.472	0.07995
11.4975	0.07950
11.523	0.07881
11.5487	0.07795
11.5744	0.07703
11.6003	0.07596
11.6263	0.07489
11.6525	0.07392
11.6787	0.07287
11.7051	0.07161
11.7316	0.07038
11.7582	0.06906
11.7849	0.06774
11.8117	0.06642
11.8387	0.06507
11.8658	0.06376
11.893	0.06242
11.9203	0.06099
11.9478	0.05952
11.9754	0.05815
12.0031	0.05679
12.031	0.05526
12.059	0.05372
12.0871	0.05232
12.1153	0.05084
12.1437	0.04917
12.1722	0.04774
12.2008	0.04650
12.2296	0.04537
12.2585	0.04443
12.2876	0.04376
12.3168	0.04300
12.3461	0.04215
12.3755	0.04147
12.4052	0.04082
12.4349	0.04012
12.4648	0.03958
12.4948	0.03910
12.525	0.03862
12.5553	0.03812
12.5858	0.03756
12.6164	0.03691
12.6472	0.03653
12.6781	0.03625
12.7092	0.03591
12.7404	0.03546
12.7718	0.03506
12.8033	0.03474
12.835	0.03440
12.8669	0.03403
12.8989	0.03374
12.9311	0.03342
12.9634	0.03317
12.9959	0.03310
13.0285	0.03299
13.0613	0.03281
13.0943	0.03278
13.1275	0.03280
13.1608	0.03268
13.1943	0.03245
13.228	0.03212
13.2618	0.03160
13.2958	0.03103
13.33	0.03048
13.3643	0.03008
13.3988	0.02968
13.4336	0.02917
13.4685	0.02852
13.5035	0.02786
13.5388	0.02723
13.5742	0.02675
13.6099	0.02640
13.6457	0.02597
13.6817	0.02558
13.7179	0.02544
13.7543	0.02535
13.7908	0.02521
13.8276	0.02486
13.8646	0.02444
13.9018	0.02390
13.9392	0.02318
13.9767	0.02246
14.0145	0.02188
14.0525	0.02136
14.0907	0.02102
14.129	0.02079
14.1676	0.02100
14.2065	0.02157
14.2455	0.02225
14.2847	0.02313
14.3242	0.02434
14.3639	0.02567
14.4038	0.02680
14.4439	0.02760
14.4843	0.02804
14.5248	0.02793
14.5656	0.02748
14.6067	0.02696
14.6479	0.02641
14.6894	0.02597
14.7312	0.02585
14.7731	0.02571
14.8153	0.02581
14.8578	0.02610
14.9005	0.02629
14.9434	0.02669
14.9866	0.02721
15.03	0.02755
15.0737	0.02797
15.1177	0.02842
15.1619	0.02867
15.2063	0.02887
15.2511	0.02900
15.2961	0.02877
15.3413	0.02847
15.3868	0.02813
15.4326	0.02742
15.4787	0.02672
15.525	0.02616
15.5717	0.02561
15.6186	0.02510
15.6658	0.02476
15.7132	0.02461
15.761	0.02443
15.809	0.02403
15.8574	0.02318
15.906	0.02198
15.955	0.02080
16.0042	0.01972
16.0538	0.01881
16.1036	0.01839
16.1538	0.01850
16.2043	0.01948
16.2551	0.02096
16.3062	0.02293
16.3576	0.02557
16.4094	0.02860
16.4615	0.03179
16.5139	0.03487
16.5667	0.03786
16.6198	0.04086
16.6732	0.04349
16.727	0.04625
16.7811	0.04900
16.8356	0.05199
16.8904	0.05549
16.9457	0.05916
17.0012	0.06302
17.0571	0.06742
17.1134	0.07233
17.1701	0.07780
17.2272	0.08363
17.2846	0.08992
17.3424	0.09631
17.4006	0.10236
17.4592	0.10806
17.5182	0.11339
17.5775	0.11820
17.6373	0.12265
17.6975	0.12652
17.7581	0.13011
17.8192	0.13410
17.8806	0.13882
17.9425	0.14400
18.0048	0.14892
18.0675	0.15339
18.1307	0.15754
18.1943	0.16154
18.2583	0.16495
18.3229	0.16749
18.3879	0.16956
18.4533	0.17130
18.5192	0.17315
18.5856	0.17617
18.6524	0.18005
18.7198	0.18345
18.7876	0.18598
18.8559	0.18798
18.9248	0.19037
18.9941	0.19353
19.0639	0.19658
19.1343	0.19964
19.2051	0.20253
19.2765	0.20464
19.3484	0.20565
19.4209	0.20615
19.4939	0.20480
19.5675	0.20288
19.6416	0.20062
19.7163	0.19871
19.7916	0.19646
19.8674	0.19297
19.9438	0.18955
20.0208	0.18691
20.0984	0.18515
20.1766	0.18481
20.2554	0.18516
20.3349	0.18571
20.4149	0.18581
20.4956	0.18630
20.5769	0.18638
20.6589	0.18537
20.7416	0.18385
20.8248	0.18257
20.9088	0.18125
20.9935	0.17975
21.0788	0.17825
21.1648	0.17674
21.2516	0.17481
21.3391	0.17305
21.4272	0.17162
21.5161	0.16911
21.6058	0.16554
21.6962	0.16138
21.7873	0.15712
21.8793	0.15316
21.972	0.15060
22.0655	0.14924
22.1598	0.14829
22.2549	0.14750
22.3508	0.14631
22.4476	0.14459
22.5452	0.14193
22.6436	0.13825
22.7429	0.13417
22.8431	0.13026
22.9442	0.12551
23.0462	0.12030
23.1491	0.11574
23.2529	0.11196
23.3576	0.10885
23.4633	0.10623
23.5699	0.10463
23.6776	0.10344
23.7862	0.10266
23.8958	0.10136
24.0064	0.09972
24.1181	0.09919
24.2308	0.09917
24.3445	0.09870
24.4593	0.09787
24.5753	0.09661
24.6923	0.09484
24.8104	0.09351
24.9297	0.09273
25.0501	0.09147
25.1717	0.08994
25.2945	0.09021
25.4185	0.09147
25.5437	0.09316
25.6702	0.09482
25.7979	0.09515
25.9269	0.09349
26.0572	0.09232
26.1888	0.09164
26.3217	0.08982
26.456	0.08876
26.5917	0.08852
26.7288	0.08832
26.8672	0.08867
27.0072	0.08835
27.1486	0.08737
27.2915	0.08729
27.4359	0.08765
27.5818	0.08789
27.7293	0.08897
27.8784	0.09122
28.0291	0.09323
28.1814	0.09488
28.3354	0.09640
28.4911	0.09779
28.6485	0.09829
28.8077	0.09768
28.9686	0.09706
29.1313	0.09564
29.2959	0.09514
29.4624	0.09533
29.6307	0.09549
29.801	0.09565
29.9733	0.09483
30.1475	0.09366
30.3238	0.09189
30.5022	0.09043
30.6827	0.08926
30.8653	0.08824
31.0502	0.08702
31.2372	0.08506
31.4265	0.08511
31.6182	0.08613
31.8121	0.08614
32.0085	0.08589
32.2073	0.08565
32.4086	0.08416
32.6124	0.08312
32.8188	0.08394
33.0279	0.08262
33.2396	0.08099
33.4541	0.08147
33.6713	0.08158
33.8914	0.08183
34.1143	0.08193
34.3403	0.08153
34.5692	0.08098
34.8012	0.08072
35.0363	0.08079
35.2747	0.08137
35.5163	0.08314
35.7612	0.08290
36.0096	0.08302
36.2614	0.08280
36.5167	0.08153
36.7757	0.08210
37.0384	0.08298
37.3049	0.08273
37.5752	0.08286
37.8495	0.08124
38.1278	0.07838
38.4102	0.07760
38.6968	0.07680
38.9878	0.07810
39.2832	0.08093
39.583	0.08549
39.8875	0.08670
40.1967	0.08545
40.5108	0.08349
40.8297	0.08230
41.1538	0.08165
41.483	0.08206
41.8176	0.08249
42.1575	0.08255
42.5031	0.08357
42.8544	0.08337
43.2115	0.08275
43.5746	0.08575
43.9439	0.08994
44.3195	0.09333
44.7015	0.09382
45.0902	0.09144
45.4858	0.08894
45.8883	0.09071
46.298	0.09255
46.7151	0.09086
47.1398	0.09008
47.5723	0.09027
48.0128	0.09016
48.4615	0.09017
48.9186	0.08859
49.3846	0.08908
49.8594	0.09094
50.3435	0.09286
50.837	0.09289
51.3404	0.09266
51.8538	0.09007
52.3776	0.08669
52.912	0.08416
53.4575	0.08493
54.0144	0.08551
54.5829	0.08772
55.1636	0.09255
55.7568	0.09125
56.3628	0.08501
56.9822	0.07660
57.6153	0.07637
58.2627	0.07887
58.9247	0.08303
59.602	0.08120
60.2951	0.08437
61.0044	0.09044
61.7307	0.09167
62.4744	0.09525
63.2363	0.09144
64.017	0.08901
64.8172	0.09624
65.6377	0.10167
66.4792	0.09797
67.3426	0.09220
68.2286	0.09630
69.1384	0.10051
70.0727	0.09914
71.0326	0.09209
72.0191	0.08994
73.0335	0.09346
74.0768	0.09748
75.1504	0.10083
76.2555	0.09708
77.3937	0.09735
78.5663	0.11956
79.775	0.14360
81.0215	0.13711
82.3076	0.12233
83.6351	0.12435
85.0062	0.12415
86.423	0.11954
87.8878	0.12443
89.403	0.12330
90.9715	0.11206
92.596	0.11354
94.2796	0.12439
96.0255	0.11799
97.8373	0.11027
99.7188	0.15074
