Brown University Keck/NASA Relab Spectrum JB-JLB-B83-B/BKR2JBB83B
Wavelength(micron)	Reflectance
0.3	0.04979
0.305	0.04801
0.31	0.04639
0.315	0.04695
0.32	0.04787
0.325	0.04970
0.33	0.05305
0.335	0.05545
0.34	0.05933
0.345	0.06398
0.35	0.06766
0.355	0.07573
0.36	0.08179
0.365	0.08894
0.37	0.09322
0.375	0.09584
0.38	0.09764
0.385	0.10359
0.39	0.11008
0.395	0.11528
0.4	0.12117
0.405	0.12700
0.41	0.13367
0.415	0.14039
0.42	0.14553
0.425	0.14656
0.43	0.15157
0.435	0.15730
0.44	0.15760
0.445	0.15317
0.45	0.15573
0.455	0.16277
0.46	0.16672
0.465	0.17081
0.47	0.17271
0.475	0.17452
0.48	0.17307
0.485	0.17836
0.49	0.18145
0.495	0.18668
0.5	0.18925
0.505	0.18830
0.51	0.19484
0.515	0.19842
0.52	0.20024
0.525	0.20298
0.53	0.20309
0.535	0.20578
0.54	0.20503
0.545	0.20542
0.55	0.20688
0.555	0.21253
0.56	0.21257
0.565	0.21680
0.57	0.21803
0.575	0.22134
0.58	0.22198
0.585	0.22579
0.59	0.22686
0.595	0.23071
0.6	0.22957
0.605	0.23223
0.61	0.23332
0.615	0.23505
0.62	0.23726
0.625	0.23844
0.63	0.23884
0.635	0.24099
0.64	0.24198
0.645	0.24330
0.65	0.24487
0.655	0.24708
0.66	0.24899
0.665	0.25071
0.67	0.25211
0.675	0.25397
0.68	0.25536
0.685	0.25692
0.69	0.25871
0.695	0.26008
0.7	0.26125
0.705	0.26199
0.71	0.26184
0.715	0.26132
0.72	0.26067
0.725	0.25905
0.73	0.25708
0.735	0.25520
0.74	0.25191
0.745	0.24836
0.75	0.24337
0.755	0.23932
0.76	0.23338
0.765	0.22926
0.77	0.22011
0.775	0.21287
0.78	0.20658
0.785	0.19929
0.79	0.18911
0.795	0.18505
0.8	0.17578
0.805	0.16939
0.81	0.16145
0.815	0.15620
0.82	0.14909
0.825	0.14511
0.83	0.13820
0.835	0.13450
0.84	0.12828
0.8402	0.12616
0.8404	0.12593
0.8405	0.12686
0.8406	0.12663
0.8408	0.12828
0.8409	0.12768
0.841	0.12685
0.8412	0.12672
0.8413	0.12723
0.8415	0.12747
0.8416	0.12605
0.8417	0.12476
0.8419	0.12452
0.842	0.12463
0.8421	0.12587
0.8423	0.12531
0.8424	0.12404
0.8425	0.12470
0.8427	0.12607
0.8428	0.12550
0.843	0.12391
0.8431	0.12347
0.8432	0.12488
0.8434	0.12459
0.8435	0.12403
0.8436	0.12443
0.8438	0.12530
0.8439	0.12497
0.844	0.12448
0.8442	0.12357
0.8443	0.12388
0.8445	0.12451
0.8446	0.12376
0.8447	0.12327
0.8449	0.12315
0.845	0.12380
0.8452	0.12438
0.8453	0.12360
0.8454	0.12290
0.8456	0.12323
0.8457	0.12227
0.8458	0.12220
0.846	0.12149
0.8461	0.12085
0.8463	0.12267
0.8464	0.12430
0.8465	0.12347
0.8467	0.12377
0.8468	0.12425
0.847	0.12274
0.8471	0.12196
0.8472	0.12108
0.8474	0.12132
0.8475	0.12179
0.8476	0.12173
0.8478	0.12128
0.8479	0.12251
0.8481	0.12230
0.8482	0.12040
0.8483	0.11848
0.8485	0.11860
0.8486	0.11984
0.8488	0.12005
0.8489	0.11890
0.849	0.11903
0.8492	0.12013
0.8493	0.12058
0.8495	0.12106
0.8496	0.12189
0.8497	0.12230
0.8499	0.12144
0.85	0.12080
0.8501	0.12148
0.8503	0.12002
0.8504	0.11801
0.8506	0.11761
0.8507	0.11954
0.8508	0.11926
0.851	0.11844
0.8511	0.11902
0.8513	0.11856
0.8514	0.11790
0.8515	0.11798
0.8517	0.11888
0.8518	0.11944
0.852	0.11917
0.8521	0.11810
0.8522	0.11851
0.8524	0.11774
0.8525	0.11704
0.8527	0.11761
0.8528	0.11847
0.8529	0.11806
0.8531	0.11741
0.8532	0.11727
0.8534	0.11774
0.8535	0.11687
0.8536	0.11682
0.8538	0.11756
0.8539	0.11651
0.8541	0.11411
0.8542	0.11432
0.8543	0.11579
0.8545	0.11646
0.8546	0.11674
0.8548	0.11615
0.8549	0.11559
0.855	0.11528
0.8552	0.11681
0.8553	0.11823
0.8555	0.11724
0.8556	0.11654
0.8558	0.11694
0.8559	0.11478
0.856	0.11343
0.8562	0.11445
0.8563	0.11542
0.8565	0.11556
0.8566	0.11630
0.8568	0.11483
0.8569	0.11401
0.857	0.11507
0.8572	0.11527
0.8573	0.11619
0.8575	0.11596
0.8576	0.11455
0.8577	0.11422
0.8579	0.11464
0.858	0.11400
0.8582	0.11330
0.8583	0.11250
0.8585	0.11247
0.8586	0.11413
0.8587	0.11448
0.8589	0.11302
0.859	0.11313
0.8592	0.11395
0.8593	0.11408
0.8594	0.11276
0.8596	0.11252
0.8597	0.11289
0.8599	0.11356
0.86	0.11402
0.8602	0.11300
0.8603	0.11246
0.8604	0.11352
0.8606	0.11408
0.8607	0.11274
0.8609	0.11211
0.861	0.11278
0.8612	0.11339
0.8613	0.11338
0.8614	0.11316
0.8616	0.11301
0.8617	0.11227
0.8619	0.11162
0.862	0.11200
0.8622	0.11188
0.8623	0.11068
0.8625	0.11092
0.8626	0.11121
0.8627	0.11137
0.8629	0.11055
0.863	0.10934
0.8632	0.11001
0.8633	0.11077
0.8635	0.11115
0.8636	0.11078
0.8637	0.10962
0.8639	0.10906
0.864	0.10967
0.8642	0.11112
0.8643	0.11098
0.8645	0.10882
0.8646	0.10909
0.8648	0.11006
0.8649	0.11046
0.865	0.10983
0.8652	0.10905
0.8653	0.10963
0.8655	0.10926
0.8656	0.10977
0.8658	0.11048
0.8659	0.11027
0.866	0.10942
0.8662	0.10873
0.8663	0.10829
0.8665	0.10828
0.8666	0.10898
0.8668	0.10852
0.8669	0.10841
0.8671	0.10989
0.8672	0.11006
0.8673	0.10916
0.8675	0.10794
0.8676	0.10752
0.8678	0.10833
0.8679	0.10834
0.8681	0.10747
0.8682	0.10689
0.8684	0.10725
0.8685	0.10818
0.8687	0.10810
0.8688	0.10778
0.869	0.10813
0.8691	0.10730
0.8692	0.10694
0.8694	0.10596
0.8695	0.10562
0.8697	0.10628
0.8698	0.10780
0.87	0.10838
0.8701	0.10712
0.8703	0.10721
0.8704	0.10780
0.8706	0.10669
0.8707	0.10616
0.8708	0.10623
0.871	0.10596
0.8711	0.10524
0.8713	0.10513
0.8714	0.10496
0.8716	0.10435
0.8717	0.10560
0.8719	0.10614
0.872	0.10509
0.8722	0.10351
0.8723	0.10340
0.8725	0.10530
0.8726	0.10572
0.8728	0.10550
0.8729	0.10507
0.873	0.10476
0.8732	0.10471
0.8733	0.10440
0.8735	0.10400
0.8736	0.10414
0.8738	0.10465
0.8739	0.10454
0.8741	0.10488
0.8742	0.10537
0.8744	0.10490
0.8745	0.10463
0.8747	0.10453
0.8748	0.10530
0.875	0.10568
0.8751	0.10465
0.8753	0.10388
0.8754	0.10342
0.8755	0.10337
0.8757	0.10449
0.8758	0.10406
0.876	0.10339
0.8762	0.10322
0.8763	0.10330
0.8764	0.10297
0.8766	0.10290
0.8767	0.10364
0.8769	0.10420
0.877	0.10296
0.8772	0.10267
0.8773	0.10308
0.8775	0.10262
0.8776	0.10324
0.8778	0.10358
0.8779	0.10299
0.8781	0.10200
0.8782	0.10142
0.8784	0.10193
0.8785	0.10271
0.8787	0.10226
0.8788	0.10204
0.879	0.10269
0.8791	0.10236
0.8793	0.10224
0.8794	0.10174
0.8796	0.10087
0.8797	0.10073
0.8799	0.10022
0.88	0.10067
0.8802	0.10178
0.8803	0.10183
0.8805	0.10214
0.8806	0.10192
0.8808	0.10197
0.8809	0.10266
0.8811	0.10198
0.8812	0.10108
0.8814	0.10102
0.8815	0.10123
0.8817	0.10038
0.8818	0.10045
0.882	0.10052
0.8821	0.09980
0.8823	0.09985
0.8824	0.10094
0.8826	0.10012
0.8827	0.09887
0.8829	0.09983
0.883	0.10111
0.8832	0.10149
0.8833	0.10051
0.8835	0.10015
0.8836	0.10046
0.8838	0.10025
0.8839	0.10090
0.8841	0.09959
0.8842	0.09777
0.8844	0.09883
0.8845	0.10022
0.8847	0.10002
0.8848	0.09944
0.885	0.09915
0.8851	0.09925
0.8853	0.09919
0.8854	0.09948
0.8856	0.10000
0.8857	0.09828
0.8859	0.09789
0.886	0.09895
0.8862	0.09810
0.8863	0.09775
0.8865	0.09931
0.8866	0.09961
0.8868	0.09871
0.8869	0.09916
0.8871	0.10006
0.8872	0.09929
0.8874	0.09853
0.8875	0.09811
0.8877	0.09821
0.8878	0.09845
0.888	0.09848
0.8882	0.09817
0.8883	0.09834
0.8885	0.09876
0.8886	0.09949
0.8888	0.09865
0.8889	0.09782
0.8891	0.09845
0.8892	0.09880
0.8894	0.09862
0.8895	0.09803
0.8897	0.09761
0.8898	0.09764
0.89	0.09789
0.8901	0.09856
0.8903	0.09794
0.8904	0.09779
0.8906	0.09870
0.8908	0.09834
0.8909	0.09778
0.891	0.09785
0.8912	0.09787
0.8914	0.09756
0.8915	0.09780
0.8917	0.09782
0.8918	0.09740
0.892	0.09733
0.8921	0.09782
0.8923	0.09781
0.8924	0.09798
0.8926	0.09769
0.8927	0.09682
0.8929	0.09674
0.893	0.09665
0.8932	0.09660
0.8934	0.09710
0.8935	0.09697
0.8937	0.09679
0.8938	0.09678
0.894	0.09645
0.8941	0.09609
0.8943	0.09656
0.8944	0.09616
0.8946	0.09603
0.8947	0.09675
0.8949	0.09748
0.895	0.09724
0.8952	0.09574
0.8954	0.09507
0.8955	0.09598
0.8957	0.09583
0.8958	0.09542
0.896	0.09526
0.8961	0.09544
0.8963	0.09550
0.8964	0.09579
0.8966	0.09588
0.8968	0.09555
0.8969	0.09554
0.8971	0.09525
0.8972	0.09549
0.8974	0.09582
0.8975	0.09549
0.8977	0.09530
0.8978	0.09524
0.898	0.09494
0.8982	0.09557
0.8983	0.09580
0.8985	0.09512
0.8986	0.09434
0.8988	0.09471
0.8989	0.09497
0.8991	0.09442
0.8992	0.09423
0.8994	0.09412
0.8996	0.09390
0.8997	0.09451
0.8999	0.09526
0.9	0.09557
0.9002	0.09499
0.9003	0.09486
0.9005	0.09516
0.9007	0.09446
0.9008	0.09417
0.901	0.09465
0.9011	0.09466
0.9013	0.09411
0.9014	0.09393
0.9016	0.09413
0.9018	0.09386
0.9019	0.09379
0.9021	0.09363
0.9022	0.09417
0.9024	0.09507
0.9025	0.09463
0.9027	0.09385
0.9028	0.09403
0.903	0.09352
0.9032	0.09324
0.9033	0.09306
0.9035	0.09311
0.9036	0.09289
0.9038	0.09272
0.904	0.09266
0.9041	0.09258
0.9043	0.09251
0.9044	0.09296
0.9046	0.09323
0.9047	0.09357
0.9049	0.09369
0.905	0.09304
0.9052	0.09305
0.9054	0.09349
0.9055	0.09311
0.9057	0.09299
0.9058	0.09264
0.906	0.09216
0.9062	0.09256
0.9063	0.09304
0.9065	0.09278
0.9066	0.09197
0.9068	0.09148
0.907	0.09289
0.9071	0.09376
0.9073	0.09361
0.9074	0.09351
0.9076	0.09310
0.9077	0.09244
0.9079	0.09227
0.9081	0.09232
0.9082	0.09266
0.9084	0.09241
0.9085	0.09145
0.9087	0.09191
0.9089	0.09279
0.909	0.09238
0.9092	0.09190
0.9093	0.09205
0.9095	0.09204
0.9097	0.09233
0.9098	0.09299
0.91	0.09268
0.9101	0.09235
0.9103	0.09259
0.9105	0.09269
0.9106	0.09222
0.9108	0.09236
0.9109	0.09283
0.9111	0.09275
0.9113	0.09288
0.9114	0.09224
0.9116	0.09166
0.9117	0.09183
0.9119	0.09229
0.9121	0.09187
0.9122	0.09136
0.9124	0.09157
0.9125	0.09215
0.9127	0.09225
0.9129	0.09264
0.913	0.09289
0.9132	0.09237
0.9133	0.09248
0.9135	0.09310
0.9137	0.09324
0.9138	0.09282
0.914	0.09243
0.9142	0.09207
0.9143	0.09164
0.9145	0.09204
0.9146	0.09286
0.9148	0.09278
0.915	0.09176
0.9151	0.09162
0.9153	0.09199
0.9154	0.09172
0.9156	0.09134
0.9158	0.09137
0.9159	0.09150
0.9161	0.09153
0.9163	0.09142
0.9164	0.09090
0.9166	0.09104
0.9167	0.09185
0.9169	0.09192
0.9171	0.09148
0.9172	0.09120
0.9174	0.09167
0.9175	0.09101
0.9177	0.09062
0.9179	0.09098
0.918	0.09142
0.9182	0.09176
0.9184	0.09104
0.9185	0.09065
0.9187	0.09089
0.9188	0.09133
0.919	0.09100
0.9192	0.09079
0.9193	0.09138
0.9195	0.09118
0.9197	0.09096
0.9198	0.09159
0.92	0.09209
0.9202	0.09210
0.9203	0.09147
0.9205	0.09136
0.9206	0.09152
0.9208	0.09144
0.921	0.09163
0.9211	0.09128
0.9213	0.09075
0.9215	0.09049
0.9216	0.09001
0.9218	0.08992
0.922	0.09068
0.9221	0.09120
0.9223	0.09136
0.9224	0.09162
0.9226	0.09090
0.9228	0.09062
0.9229	0.09122
0.9231	0.09134
0.9233	0.09119
0.9234	0.09097
0.9236	0.09057
0.9238	0.09062
0.9239	0.09080
0.9241	0.09104
0.9243	0.09094
0.9244	0.09084
0.9246	0.09062
0.9247	0.09051
0.9249	0.09087
0.9251	0.09083
0.9252	0.09019
0.9254	0.09045
0.9256	0.09049
0.9257	0.09054
0.9259	0.09104
0.9261	0.09117
0.9262	0.09077
0.9264	0.09060
0.9266	0.09076
0.9267	0.09145
0.9269	0.09137
0.9271	0.09069
0.9272	0.09007
0.9274	0.09006
0.9276	0.09060
0.9277	0.09105
0.9279	0.09057
0.928	0.09054
0.9282	0.09082
0.9284	0.09092
0.9285	0.09136
0.9287	0.09131
0.9289	0.09126
0.929	0.09176
0.9292	0.09193
0.9294	0.09166
0.9295	0.09136
0.9297	0.09133
0.9299	0.09087
0.93	0.09102
0.9302	0.09160
0.9304	0.09135
0.9305	0.09094
0.9307	0.09097
0.9309	0.09148
0.931	0.09169
0.9312	0.09073
0.9314	0.09096
0.9316	0.09186
0.9317	0.09152
0.9319	0.09087
0.9321	0.09034
0.9322	0.09047
0.9324	0.09114
0.9326	0.09142
0.9327	0.09176
0.9329	0.09169
0.9331	0.09158
0.9332	0.09151
0.9334	0.09146
0.9336	0.09115
0.9337	0.09086
0.9339	0.09114
0.9341	0.09175
0.9342	0.09177
0.9344	0.09137
0.9346	0.09148
0.9348	0.09174
0.9349	0.09162
0.9351	0.09158
0.9353	0.09141
0.9354	0.09151
0.9356	0.09173
0.9358	0.09130
0.9359	0.09134
0.9361	0.09146
0.9363	0.09098
0.9364	0.09075
0.9366	0.09115
0.9368	0.09189
0.9369	0.09206
0.9371	0.09184
0.9373	0.09183
0.9375	0.09172
0.9376	0.09179
0.9378	0.09204
0.938	0.09207
0.9381	0.09194
0.9383	0.09177
0.9385	0.09169
0.9386	0.09128
0.9388	0.09134
0.939	0.09177
0.9392	0.09200
0.9393	0.09240
0.9395	0.09226
0.9397	0.09195
0.9398	0.09187
0.94	0.09182
0.9402	0.09179
0.9403	0.09200
0.9405	0.09204
0.9407	0.09208
0.9408	0.09189
0.941	0.09180
0.9412	0.09179
0.9414	0.09206
0.9415	0.09258
0.9417	0.09258
0.9419	0.09265
0.942	0.09241
0.9422	0.09242
0.9424	0.09227
0.9426	0.09224
0.9427	0.09249
0.9429	0.09271
0.9431	0.09228
0.9433	0.09187
0.9434	0.09203
0.9436	0.09221
0.9438	0.09198
0.9439	0.09209
0.9441	0.09308
0.9443	0.09309
0.9445	0.09263
0.9446	0.09271
0.9448	0.09248
0.945	0.09244
0.9451	0.09269
0.9453	0.09293
0.9455	0.09307
0.9457	0.09287
0.9458	0.09267
0.946	0.09289
0.9462	0.09261
0.9463	0.09269
0.9465	0.09300
0.9467	0.09287
0.9469	0.09246
0.947	0.09280
0.9472	0.09290
0.9474	0.09308
0.9476	0.09353
0.9477	0.09355
0.9479	0.09365
0.9481	0.09397
0.9483	0.09351
0.9484	0.09282
0.9486	0.09276
0.9488	0.09318
0.949	0.09356
0.9491	0.09353
0.9493	0.09344
0.9495	0.09337
0.9496	0.09355
0.9498	0.09421
0.95	0.09406
0.9502	0.09362
0.9503	0.09354
0.9505	0.09379
0.9507	0.09408
0.9509	0.09440
0.951	0.09490
0.9512	0.09459
0.9514	0.09426
0.9516	0.09425
0.9517	0.09462
0.9519	0.09459
0.9521	0.09424
0.9523	0.09422
0.9524	0.09449
0.9526	0.09468
0.9528	0.09474
0.953	0.09484
0.9531	0.09509
0.9533	0.09534
0.9535	0.09528
0.9537	0.09496
0.9538	0.09455
0.954	0.09451
0.9542	0.09487
0.9544	0.09535
0.9545	0.09542
0.9547	0.09498
0.9549	0.09494
0.9551	0.09506
0.9552	0.09531
0.9554	0.09528
0.9556	0.09492
0.9558	0.09464
0.956	0.09506
0.9561	0.09547
0.9563	0.09553
0.9565	0.09618
0.9567	0.09607
0.9568	0.09567
0.957	0.09585
0.9572	0.09589
0.9574	0.09605
0.9575	0.09648
0.9577	0.09615
0.9579	0.09593
0.9581	0.09620
0.9582	0.09620
0.9584	0.09604
0.9586	0.09630
0.9588	0.09660
0.959	0.09698
0.9591	0.09680
0.9593	0.09651
0.9595	0.09699
0.9597	0.09707
0.9598	0.09702
0.96	0.09702
0.9602	0.09670
0.9604	0.09642
0.9605	0.09650
0.9607	0.09655
0.9609	0.09661
0.9611	0.09661
0.9613	0.09704
0.9614	0.09756
0.9616	0.09744
0.9618	0.09726
0.962	0.09741
0.9622	0.09773
0.9623	0.09772
0.9625	0.09753
0.9627	0.09778
0.9629	0.09793
0.963	0.09811
0.9632	0.09823
0.9634	0.09814
0.9636	0.09833
0.9638	0.09842
0.9639	0.09842
0.9641	0.09814
0.9643	0.09834
0.9645	0.09872
0.9647	0.09853
0.9648	0.09852
0.965	0.09890
0.9652	0.09888
0.9654	0.09895
0.9656	0.09872
0.9657	0.09880
0.9659	0.09904
0.9661	0.09887
0.9663	0.09870
0.9665	0.09887
0.9666	0.09919
0.9668	0.09965
0.967	0.09980
0.9672	0.09989
0.9674	0.09960
0.9675	0.09956
0.9677	0.09963
0.9679	0.09965
0.9681	0.10012
0.9683	0.10051
0.9684	0.10072
0.9686	0.10061
0.9688	0.10051
0.969	0.10032
0.9692	0.10021
0.9693	0.10051
0.9695	0.10112
0.9697	0.10133
0.9699	0.10141
0.9701	0.10140
0.9703	0.10157
0.9704	0.10174
0.9706	0.10149
0.9708	0.10117
0.971	0.10106
0.9712	0.10124
0.9713	0.10156
0.9715	0.10146
0.9717	0.10181
0.9719	0.10249
0.9721	0.10264
0.9723	0.10239
0.9724	0.10215
0.9726	0.10235
0.9728	0.10246
0.973	0.10279
0.9732	0.10294
0.9733	0.10266
0.9735	0.10265
0.9737	0.10274
0.9739	0.10266
0.9741	0.10285
0.9743	0.10294
0.9745	0.10317
0.9746	0.10313
0.9748	0.10308
0.975	0.10351
0.9752	0.10378
0.9754	0.10400
0.9755	0.10397
0.9757	0.10394
0.9759	0.10408
0.9761	0.10399
0.9763	0.10381
0.9765	0.10415
0.9767	0.10453
0.9768	0.10460
0.977	0.10475
0.9772	0.10498
0.9774	0.10492
0.9776	0.10506
0.9778	0.10530
0.9779	0.10535
0.9781	0.10501
0.9783	0.10499
0.9785	0.10558
0.9787	0.10598
0.9789	0.10571
0.979	0.10559
0.9792	0.10604
0.9794	0.10614
0.9796	0.10625
0.9798	0.10605
0.98	0.10597
0.9802	0.10621
0.9803	0.10657
0.9805	0.10668
0.9807	0.10688
0.9809	0.10700
0.9811	0.10698
0.9813	0.10683
0.9815	0.10685
0.9817	0.10731
0.9818	0.10731
0.982	0.10721
0.9822	0.10751
0.9824	0.10781
0.9826	0.10824
0.9828	0.10852
0.983	0.10834
0.9831	0.10824
0.9833	0.10815
0.9835	0.10798
0.9837	0.10810
0.9839	0.10849
0.9841	0.10858
0.9843	0.10870
0.9844	0.10898
0.9846	0.10915
0.9848	0.10953
0.985	0.10971
0.9852	0.10974
0.9854	0.10961
0.9856	0.10964
0.9858	0.11002
0.9859	0.10991
0.9861	0.10964
0.9863	0.11000
0.9865	0.11027
0.9867	0.11024
0.9869	0.11045
0.9871	0.11074
0.9873	0.11059
0.9874	0.11082
0.9876	0.11115
0.9878	0.11150
0.988	0.11183
0.9882	0.11176
0.9884	0.11157
0.9886	0.11202
0.9888	0.11220
0.989	0.11200
0.9891	0.11210
0.9893	0.11259
0.9895	0.11285
0.9897	0.11292
0.9899	0.11301
0.9901	0.11312
0.9903	0.11342
0.9905	0.11355
0.9907	0.11338
0.9908	0.11324
0.991	0.11304
0.9912	0.11327
0.9914	0.11374
0.9916	0.11407
0.9918	0.11398
0.992	0.11395
0.9922	0.11400
0.9924	0.11432
0.9925	0.11469
0.9927	0.11475
0.9929	0.11466
0.9931	0.11507
0.9933	0.11538
0.9935	0.11531
0.9937	0.11552
0.9939	0.11582
0.9941	0.11597
0.9943	0.11609
0.9945	0.11616
0.9946	0.11646
0.9948	0.11678
0.995	0.11674
0.9952	0.11660
0.9954	0.11668
0.9956	0.11704
0.9958	0.11716
0.996	0.11723
0.9962	0.11769
0.9964	0.11797
0.9965	0.11778
0.9967	0.11775
0.9969	0.11806
0.9971	0.11819
0.9973	0.11805
0.9975	0.11834
0.9977	0.11882
0.9979	0.11901
0.9981	0.11883
0.9983	0.11885
0.9985	0.11910
0.9987	0.11920
0.9989	0.11976
0.999	0.12019
0.9992	0.12027
0.9994	0.12023
0.9996	0.12030
0.9998	0.12046
1	0.12049
1.0002	0.12068
1.0004	0.12100
1.0006	0.12089
1.0008	0.12080
1.001	0.12098
1.0012	0.12124
1.0014	0.12170
1.0016	0.12175
1.0018	0.12204
1.0019	0.12248
1.0021	0.12244
1.0023	0.12274
1.0025	0.12313
1.0027	0.12311
1.0029	0.12282
1.0031	0.12297
1.0033	0.12312
1.0035	0.12327
1.0037	0.12347
1.0039	0.12375
1.0041	0.12402
1.0043	0.12447
1.0045	0.12451
1.0047	0.12442
1.0049	0.12461
1.005	0.12464
1.0053	0.12492
1.0054	0.12515
1.0056	0.12528
1.0058	0.12541
1.006	0.12545
1.0062	0.12542
1.0064	0.12568
1.0066	0.12620
1.0068	0.12632
1.007	0.12614
1.0072	0.12628
1.0074	0.12679
1.0076	0.12717
1.0078	0.12754
1.008	0.12762
1.0082	0.12752
1.0084	0.12767
1.0086	0.12765
1.0088	0.12780
1.009	0.12809
1.0092	0.12825
1.0094	0.12848
1.0095	0.12877
1.0098	0.12882
1.01	0.12892
1.0101	0.12906
1.0103	0.12943
1.0105	0.12985
1.0107	0.12998
1.0109	0.12972
1.0111	0.12980
1.0113	0.12994
1.0115	0.13035
1.0117	0.13075
1.0119	0.13092
1.0121	0.13094
1.0123	0.13125
1.0125	0.13168
1.0127	0.13178
1.0129	0.13179
1.0131	0.13228
1.0133	0.13283
1.0135	0.13278
1.0137	0.13266
1.0139	0.13263
1.0141	0.13274
1.0143	0.13302
1.0145	0.13323
1.0147	0.13348
1.0149	0.13383
1.0151	0.13425
1.0153	0.13446
1.0155	0.13441
1.0157	0.13451
1.0159	0.13490
1.0161	0.13520
1.0163	0.13510
1.0165	0.13519
1.0167	0.13558
1.0169	0.13583
1.0171	0.13599
1.0173	0.13600
1.0175	0.13629
1.0177	0.13639
1.0179	0.13651
1.0181	0.13684
1.0183	0.13710
1.0185	0.13727
1.0187	0.13748
1.0189	0.13763
1.0191	0.13791
1.0193	0.13837
1.0195	0.13838
1.0197	0.13826
1.0199	0.13848
1.0201	0.13872
1.0203	0.13890
1.0205	0.13914
1.0207	0.13939
1.0209	0.13946
1.0211	0.13971
1.0213	0.14000
1.0215	0.14005
1.0217	0.14014
1.0219	0.14037
1.0221	0.14063
1.0223	0.14089
1.0225	0.14105
1.0227	0.14132
1.0229	0.14151
1.0231	0.14182
1.0233	0.14232
1.0235	0.14238
1.0237	0.14226
1.0239	0.14258
1.0241	0.14296
1.0243	0.14333
1.0245	0.14364
1.0247	0.14355
1.0249	0.14345
1.0251	0.14362
1.0253	0.14391
1.0255	0.14451
1.0257	0.14491
1.0259	0.14482
1.0261	0.14476
1.0263	0.14521
1.0265	0.14547
1.0268	0.14563
1.0269	0.14591
1.0272	0.14617
1.0274	0.14610
1.0276	0.14611
1.0278	0.14635
1.028	0.14665
1.0282	0.14712
1.0284	0.14722
1.0286	0.14713
1.0288	0.14733
1.029	0.14780
1.0292	0.14824
1.0294	0.14862
1.0296	0.14874
1.0298	0.14867
1.03	0.14882
1.0302	0.14931
1.0304	0.14961
1.0306	0.14954
1.0308	0.14952
1.031	0.14983
1.0312	0.15025
1.0314	0.15052
1.0317	0.15063
1.0318	0.15069
1.0321	0.15120
1.0323	0.15138
1.0325	0.15153
1.0327	0.15187
1.0329	0.15188
1.0331	0.15198
1.0333	0.15241
1.0335	0.15250
1.0337	0.15277
1.0339	0.15324
1.0341	0.15342
1.0343	0.15364
1.0345	0.15390
1.0347	0.15381
1.0349	0.15390
1.0352	0.15417
1.0354	0.15447
1.0356	0.15477
1.0358	0.15505
1.036	0.15539
1.0362	0.15561
1.0364	0.15567
1.0366	0.15565
1.0368	0.15605
1.037	0.15653
1.0372	0.15673
1.0374	0.15669
1.0376	0.15677
1.0378	0.15713
1.0381	0.15743
1.0383	0.15779
1.0385	0.15799
1.0387	0.15794
1.0389	0.15816
1.0391	0.15838
1.0393	0.15862
1.0395	0.15887
1.0397	0.15915
1.0399	0.15941
1.0401	0.15983
1.0403	0.16006
1.0406	0.16011
1.0408	0.16040
1.041	0.16059
1.0412	0.16070
1.0414	0.16094
1.0416	0.16127
1.0418	0.16153
1.042	0.16158
1.0422	0.16181
1.0424	0.16206
1.0426	0.16225
1.0428	0.16252
1.0431	0.16273
1.0433	0.16312
1.0435	0.16346
1.0437	0.16346
1.0439	0.16357
1.0441	0.16393
1.0443	0.16412
1.0445	0.16419
1.0448	0.16461
1.045	0.16494
1.0452	0.16502
1.0454	0.16521
1.0456	0.16552
1.0458	0.16579
1.046	0.16606
1.0462	0.16627
1.0464	0.16652
1.0466	0.16664
1.0469	0.16663
1.0471	0.16717
1.0473	0.16744
1.0475	0.16762
1.0477	0.16795
1.0479	0.16821
1.0481	0.16820
1.0483	0.16824
1.0486	0.16856
1.0488	0.16920
1.049	0.16952
1.0492	0.16952
1.0494	0.16957
1.0496	0.16977
1.0498	0.17015
1.05	0.17070
1.0503	0.17096
1.0505	0.17103
1.0507	0.17097
1.0509	0.17124
1.0511	0.17140
1.0513	0.17162
1.0515	0.17189
1.0517	0.17220
1.0519	0.17259
1.0522	0.17277
1.0524	0.17270
1.0526	0.17278
1.0528	0.17335
1.053	0.17382
1.0532	0.17390
1.0534	0.17408
1.0537	0.17434
1.0539	0.17477
1.0541	0.17497
1.0543	0.17508
1.0545	0.17523
1.0547	0.17535
1.0549	0.17563
1.0552	0.17584
1.0554	0.17610
1.0556	0.17660
1.0558	0.17686
1.056	0.17708
1.0562	0.17735
1.0564	0.17742
1.0567	0.17773
1.0569	0.17816
1.0571	0.17831
1.0573	0.17854
1.0575	0.17875
1.0578	0.17881
1.058	0.17881
1.0582	0.17905
1.0584	0.17933
1.0586	0.17969
1.0588	0.17989
1.059	0.17987
1.0593	0.18006
1.0595	0.18047
1.0597	0.18090
1.0599	0.18114
1.0601	0.18135
1.0603	0.18159
1.0606	0.18171
1.0608	0.18202
1.061	0.18233
1.0612	0.18244
1.0614	0.18267
1.0617	0.18299
1.0619	0.18311
1.0621	0.18332
1.0623	0.18367
1.0625	0.18390
1.0627	0.18403
1.0629	0.18425
1.0632	0.18454
1.0634	0.18479
1.0636	0.18505
1.0638	0.18518
1.064	0.18533
1.0643	0.18575
1.0645	0.18606
1.0647	0.18636
1.0649	0.18654
1.0651	0.18674
1.0653	0.18682
1.0656	0.18719
1.0658	0.18752
1.066	0.18757
1.0662	0.18758
1.0664	0.18778
1.0667	0.18829
1.0669	0.18861
1.0671	0.18875
1.0673	0.18879
1.0676	0.18891
1.0678	0.18914
1.068	0.18937
1.0682	0.18972
1.0684	0.18984
1.0687	0.18998
1.0689	0.19026
1.0691	0.19042
1.0693	0.19058
1.0695	0.19083
1.0698	0.19119
1.07	0.19157
1.0702	0.19164
1.0704	0.19211
1.0706	0.19266
1.0708	0.19274
1.0711	0.19270
1.0713	0.19286
1.0715	0.19307
1.0717	0.19344
1.072	0.19376
1.0722	0.19388
1.0724	0.19406
1.0726	0.19442
1.0728	0.19459
1.0731	0.19472
1.0733	0.19493
1.0735	0.19510
1.0737	0.19518
1.074	0.19551
1.0742	0.19582
1.0744	0.19603
1.0746	0.19642
1.0748	0.19670
1.0751	0.19673
1.0753	0.19687
1.0755	0.19712
1.0757	0.19728
1.076	0.19755
1.0762	0.19783
1.0764	0.19792
1.0766	0.19822
1.0769	0.19865
1.0771	0.19888
1.0773	0.19896
1.0775	0.19916
1.0778	0.19954
1.078	0.19984
1.0782	0.19995
1.0784	0.20008
1.0787	0.20018
1.0789	0.20042
1.0791	0.20086
1.0793	0.20117
1.0796	0.20129
1.0798	0.20145
1.08	0.20161
1.0802	0.20192
1.0804	0.20212
1.0807	0.20232
1.0809	0.20266
1.0811	0.20290
1.0813	0.20298
1.0816	0.20301
1.0818	0.20326
1.082	0.20367
1.0823	0.20386
1.0825	0.20414
1.0827	0.20444
1.0829	0.20477
1.0832	0.20487
1.0834	0.20486
1.0836	0.20503
1.0838	0.20539
1.0841	0.20568
1.0843	0.20588
1.0845	0.20596
1.0848	0.20622
1.085	0.20658
1.0852	0.20675
1.0854	0.20700
1.0857	0.20715
1.0859	0.20720
1.0861	0.20744
1.0863	0.20764
1.0866	0.20795
1.0868	0.20811
1.087	0.20823
1.0873	0.20851
1.0875	0.20870
1.0877	0.20900
1.0879	0.20926
1.0882	0.20918
1.0884	0.20936
1.0886	0.20989
1.0888	0.21017
1.0891	0.21018
1.0893	0.21042
1.0895	0.21074
1.0898	0.21087
1.09	0.21103
1.0902	0.21139
1.0904	0.21168
1.0907	0.21175
1.0909	0.21193
1.0911	0.21216
1.0914	0.21255
1.0916	0.21286
1.0918	0.21273
1.0921	0.21282
1.0923	0.21322
1.0925	0.21340
1.0928	0.21365
1.093	0.21379
1.0932	0.21396
1.0934	0.21408
1.0937	0.21428
1.0939	0.21449
1.0941	0.21476
1.0944	0.21507
1.0946	0.21531
1.0948	0.21551
1.0951	0.21570
1.0953	0.21580
1.0955	0.21599
1.0958	0.21628
1.096	0.21658
1.0962	0.21672
1.0964	0.21696
1.0967	0.21722
1.0969	0.21725
1.0971	0.21744
1.0974	0.21777
1.0976	0.21805
1.0978	0.21818
1.0981	0.21838
1.0983	0.21862
1.0985	0.21875
1.0988	0.21898
1.099	0.21911
1.0992	0.21930
1.0995	0.21958
1.0997	0.21985
1.0999	0.22003
1.1002	0.22036
1.1004	0.22064
1.1006	0.22076
1.1009	0.22087
1.1011	0.22097
1.1013	0.22126
1.1016	0.22150
1.1018	0.22171
1.102	0.22187
1.1023	0.22206
1.1025	0.22211
1.1027	0.22231
1.103	0.22245
1.1032	0.22273
1.1034	0.22295
1.1037	0.22311
1.1039	0.22339
1.1042	0.22365
1.1044	0.22372
1.1046	0.22387
1.1049	0.22417
1.1051	0.22427
1.1053	0.22436
1.1056	0.22469
1.1058	0.22489
1.106	0.22508
1.1063	0.22534
1.1065	0.22545
1.1067	0.22567
1.107	0.22601
1.1072	0.22603
1.1074	0.22610
1.1077	0.22638
1.1079	0.22672
1.1082	0.22679
1.1084	0.22675
1.1086	0.22703
1.1089	0.22729
1.1091	0.22750
1.1093	0.22772
1.1096	0.22784
1.1098	0.22800
1.1101	0.22824
1.1103	0.22844
1.1105	0.22854
1.1108	0.22867
1.111	0.22896
1.1113	0.22917
1.1115	0.22934
1.1117	0.22956
1.112	0.22978
1.1122	0.22994
1.1124	0.23006
1.1127	0.23034
1.1129	0.23048
1.1132	0.23068
1.1134	0.23089
1.1136	0.23104
1.1139	0.23119
1.1141	0.23128
1.1143	0.23143
1.1146	0.23176
1.1148	0.23202
1.1151	0.23215
1.1153	0.23218
1.1156	0.23222
1.1158	0.23245
1.116	0.23272
1.1163	0.23304
1.1165	0.23312
1.1168	0.23320
1.117	0.23341
1.1172	0.23366
1.1175	0.23406
1.1177	0.23431
1.118	0.23429
1.1182	0.23434
1.1184	0.23457
1.1187	0.23471
1.1189	0.23490
1.1192	0.23508
1.1194	0.23533
1.1197	0.23558
1.1199	0.23565
1.1201	0.23577
1.1204	0.23604
1.1206	0.23624
1.1209	0.23629
1.1211	0.23658
1.1213	0.23688
1.1216	0.23694
1.1218	0.23713
1.1221	0.23729
1.1223	0.23736
1.1226	0.23754
1.1228	0.23766
1.123	0.23762
1.1233	0.23786
1.1235	0.23824
1.1238	0.23838
1.124	0.23859
1.1243	0.23875
1.1245	0.23899
1.1248	0.23915
1.125	0.23921
1.1252	0.23950
1.1255	0.23976
1.1257	0.23975
1.126	0.23970
1.1262	0.23995
1.1265	0.24020
1.1267	0.24043
1.1269	0.24068
1.1272	0.24074
1.1274	0.24084
1.1277	0.24092
1.1279	0.24108
1.1282	0.24122
1.1284	0.24140
1.1287	0.24169
1.1289	0.24178
1.1292	0.24193
1.1294	0.24205
1.1297	0.24229
1.1299	0.24256
1.1301	0.24282
1.1304	0.24303
1.1306	0.24298
1.1309	0.24300
1.1311	0.24325
1.1314	0.24337
1.1316	0.24343
1.1319	0.24368
1.1321	0.24391
1.1324	0.24400
1.1326	0.24412
1.1329	0.24445
1.1331	0.24462
1.1333	0.24462
1.1336	0.24459
1.1338	0.24478
1.1341	0.24508
1.1343	0.24529
1.1346	0.24547
1.1348	0.24554
1.1351	0.24558
1.1353	0.24567
1.1356	0.24589
1.1358	0.24622
1.1361	0.24647
1.1363	0.24668
1.1366	0.24683
1.1368	0.24685
1.1371	0.24687
1.1373	0.24685
1.1376	0.24697
1.1378	0.24733
1.1381	0.24763
1.1383	0.24779
1.1386	0.24781
1.1388	0.24789
1.1391	0.24806
1.1393	0.24821
1.1396	0.24840
1.1398	0.24851
1.1401	0.24868
1.1403	0.24891
1.1406	0.24904
1.1408	0.24917
1.1411	0.24923
1.1413	0.24944
1.1416	0.24970
1.1418	0.24989
1.1421	0.24987
1.1423	0.24989
1.1426	0.25009
1.1428	0.25026
1.1431	0.25051
1.1433	0.25068
1.1436	0.25085
1.1439	0.25115
1.1441	0.25113
1.1444	0.25096
1.1446	0.25103
1.1449	0.25139
1.1451	0.25152
1.1454	0.25155
1.1456	0.25170
1.1459	0.25184
1.1461	0.25202
1.1464	0.25237
1.1466	0.25258
1.1469	0.25260
1.1472	0.25254
1.1474	0.25272
1.1477	0.25300
1.1479	0.25316
1.1482	0.25340
1.1484	0.25358
1.1487	0.25375
1.1489	0.25376
1.1492	0.25385
1.1494	0.25395
1.1497	0.25399
1.1499	0.25396
1.1502	0.25410
1.1504	0.25444
1.1507	0.25450
1.151	0.25453
1.1512	0.25478
1.1515	0.25506
1.1517	0.25528
1.152	0.25538
1.1522	0.25549
1.1525	0.25564
1.1528	0.25567
1.153	0.25569
1.1533	0.25579
1.1535	0.25597
1.1538	0.25617
1.154	0.25619
1.1543	0.25623
1.1546	0.25648
1.1548	0.25670
1.1551	0.25689
1.1553	0.25706
1.1556	0.25712
1.1558	0.25724
1.1561	0.25731
1.1564	0.25742
1.1566	0.25754
1.1569	0.25773
1.1571	0.25796
1.1574	0.25803
1.1577	0.25810
1.1579	0.25825
1.1582	0.25830
1.1584	0.25834
1.1587	0.25863
1.1589	0.25885
1.1592	0.25886
1.1595	0.25886
1.1597	0.25904
1.16	0.25914
1.1602	0.25938
1.1605	0.25960
1.1608	0.25960
1.161	0.25963
1.1613	0.25981
1.1615	0.25997
1.1618	0.25999
1.1621	0.26018
1.1623	0.26041
1.1626	0.26043
1.1628	0.26055
1.1631	0.26067
1.1634	0.26068
1.1636	0.26079
1.1639	0.26101
1.1642	0.26116
1.1644	0.26123
1.1647	0.26124
1.1649	0.26148
1.1652	0.26169
1.1654	0.26172
1.1657	0.26182
1.166	0.26187
1.1662	0.26187
1.1665	0.26196
1.1668	0.26217
1.167	0.26235
1.1673	0.26254
1.1676	0.26269
1.1678	0.26285
1.1681	0.26305
1.1683	0.26297
1.1686	0.26303
1.1689	0.26310
1.1691	0.26315
1.1694	0.26337
1.1697	0.26360
1.1699	0.26375
1.1702	0.26382
1.1704	0.26385
1.1707	0.26398
1.171	0.26407
1.1713	0.26420
1.1715	0.26438
1.1718	0.26457
1.172	0.26466
1.1723	0.26479
1.1726	0.26496
1.1728	0.26507
1.1731	0.26503
1.1734	0.26501
1.1736	0.26511
1.1739	0.26527
1.1742	0.26552
1.1744	0.26556
1.1747	0.26569
1.175	0.26583
1.1752	0.26594
1.1755	0.26608
1.1758	0.26605
1.176	0.26600
1.1763	0.26624
1.1766	0.26654
1.1768	0.26663
1.1771	0.26678
1.1774	0.26698
1.1776	0.26680
1.1779	0.26674
1.1782	0.26696
1.1784	0.26708
1.1787	0.26719
1.179	0.26730
1.1792	0.26747
1.1795	0.26754
1.1798	0.26754
1.18	0.26768
1.1803	0.26794
1.1806	0.26808
1.1808	0.26819
1.1811	0.26820
1.1814	0.26826
1.1817	0.26842
1.1819	0.26837
1.1822	0.26850
1.1825	0.26881
1.1827	0.26891
1.183	0.26885
1.1833	0.26897
1.1835	0.26920
1.1838	0.26933
1.1841	0.26937
1.1844	0.26938
1.1846	0.26949
1.1849	0.26972
1.1852	0.26984
1.1854	0.26986
1.1857	0.26988
1.186	0.27009
1.1863	0.27015
1.1865	0.27019
1.1868	0.27037
1.1871	0.27048
1.1873	0.27053
1.1876	0.27050
1.1879	0.27056
1.1882	0.27075
1.1884	0.27080
1.1887	0.27085
1.189	0.27100
1.1893	0.27111
1.1895	0.27128
1.1898	0.27143
1.1901	0.27146
1.1903	0.27172
1.1906	0.27203
1.1909	0.27212
1.1912	0.27212
1.1914	0.27202
1.1917	0.27207
1.192	0.27229
1.1923	0.27244
1.1925	0.27247
1.1928	0.27245
1.1931	0.27247
1.1933	0.27255
1.1936	0.27267
1.1939	0.27282
1.1942	0.27289
1.1944	0.27290
1.1947	0.27305
1.195	0.27324
1.1953	0.27329
1.1956	0.27342
1.1958	0.27346
1.1961	0.27356
1.1964	0.27363
1.1967	0.27359
1.1969	0.27370
1.1972	0.27390
1.1975	0.27413
1.1978	0.27422
1.198	0.27413
1.1983	0.27429
1.1986	0.27450
1.1989	0.27464
1.1992	0.27467
1.1994	0.27464
1.1997	0.27468
1.2	0.27480
1.2003	0.27494
1.2005	0.27513
1.2008	0.27525
1.2011	0.27530
1.2014	0.27536
1.2017	0.27545
1.2019	0.27545
1.2022	0.27546
1.2025	0.27554
1.2028	0.27565
1.203	0.27577
1.2033	0.27571
1.2036	0.27581
1.2039	0.27599
1.2042	0.27615
1.2044	0.27636
1.2047	0.27655
1.205	0.27656
1.2053	0.27647
1.2056	0.27661
1.2058	0.27666
1.2061	0.27659
1.2064	0.27665
1.2067	0.27695
1.207	0.27717
1.2072	0.27719
1.2075	0.27718
1.2078	0.27732
1.2081	0.27733
1.2084	0.27733
1.2087	0.27752
1.2089	0.27767
1.2092	0.27775
1.2095	0.27774
1.2098	0.27782
1.2101	0.27800
1.2103	0.27809
1.2106	0.27820
1.2109	0.27841
1.2112	0.27847
1.2115	0.27847
1.2118	0.27854
1.212	0.27867
1.2123	0.27860
1.2126	0.27855
1.2129	0.27868
1.2132	0.27898
1.2135	0.27908
1.2137	0.27904
1.214	0.27911
1.2143	0.27924
1.2146	0.27937
1.2149	0.27947
1.2152	0.27958
1.2154	0.27974
1.2157	0.27968
1.216	0.27962
1.2163	0.27980
1.2166	0.27991
1.2169	0.27992
1.2172	0.28007
1.2174	0.28023
1.2177	0.28028
1.218	0.28032
1.2183	0.28032
1.2186	0.28033
1.2189	0.28047
1.2192	0.28051
1.2194	0.28046
1.2197	0.28060
1.22	0.28077
1.2203	0.28076
1.2206	0.28090
1.2209	0.28110
1.2212	0.28111
1.2215	0.28116
1.2218	0.28123
1.222	0.28137
1.2223	0.28151
1.2226	0.28161
1.2229	0.28169
1.2232	0.28175
1.2235	0.28181
1.2238	0.28187
1.2241	0.28193
1.2243	0.28200
1.2246	0.28217
1.2249	0.28229
1.2252	0.28229
1.2255	0.28227
1.2258	0.28236
1.2261	0.28239
1.2264	0.28231
1.2267	0.28249
1.227	0.28266
1.2273	0.28273
1.2275	0.28281
1.2278	0.28291
1.2281	0.28303
1.2284	0.28307
1.2287	0.28314
1.229	0.28319
1.2293	0.28321
1.2296	0.28333
1.2299	0.28352
1.2302	0.28370
1.2304	0.28371
1.2307	0.28365
1.231	0.28365
1.2313	0.28379
1.2316	0.28383
1.2319	0.28381
1.2322	0.28394
1.2325	0.28410
1.2328	0.28412
1.2331	0.28410
1.2334	0.28406
1.2337	0.28411
1.234	0.28424
1.2343	0.28439
1.2346	0.28462
1.2348	0.28467
1.2351	0.28474
1.2354	0.28478
1.2357	0.28479
1.236	0.28487
1.2363	0.28499
1.2366	0.28514
1.2369	0.28521
1.2372	0.28531
1.2375	0.28537
1.2378	0.28535
1.2381	0.28536
1.2384	0.28535
1.2387	0.28536
1.239	0.28546
1.2393	0.28553
1.2396	0.28560
1.2399	0.28572
1.2402	0.28581
1.2405	0.28581
1.2408	0.28585
1.2411	0.28608
1.2413	0.28622
1.2417	0.28620
1.2419	0.28623
1.2422	0.28622
1.2425	0.28628
1.2428	0.28640
1.2431	0.28648
1.2434	0.28658
1.2437	0.28660
1.244	0.28660
1.2443	0.28668
1.2446	0.28678
1.2449	0.28687
1.2452	0.28694
1.2455	0.28700
1.2458	0.28706
1.2461	0.28715
1.2464	0.28729
1.2467	0.28728
1.247	0.28724
1.2473	0.28727
1.2476	0.28738
1.2479	0.28755
1.2482	0.28763
1.2485	0.28772
1.2488	0.28778
1.2491	0.28772
1.2494	0.28772
1.2497	0.28777
1.25	0.28782
1.2503	0.28792
1.2506	0.28800
1.2509	0.28812
1.2512	0.28828
1.2515	0.28838
1.2518	0.28840
1.2521	0.28838
1.2524	0.28843
1.2528	0.28857
1.2531	0.28856
1.2533	0.28859
1.2537	0.28877
1.254	0.28887
1.2543	0.28883
1.2546	0.28882
1.2549	0.28891
1.2552	0.28902
1.2555	0.28903
1.2558	0.28905
1.2561	0.28919
1.2564	0.28923
1.2567	0.28923
1.257	0.28930
1.2573	0.28941
1.2576	0.28957
1.2579	0.28969
1.2582	0.28970
1.2585	0.28960
1.2588	0.28944
1.2591	0.28952
1.2594	0.28969
1.2598	0.28977
1.2601	0.28977
1.2604	0.28983
1.2607	0.28999
1.261	0.29006
1.2613	0.29002
1.2616	0.29007
1.2619	0.29022
1.2622	0.29031
1.2625	0.29027
1.2628	0.29028
1.2631	0.29032
1.2634	0.29038
1.2637	0.29044
1.2641	0.29052
1.2644	0.29058
1.2647	0.29062
1.265	0.29065
1.2653	0.29076
1.2656	0.29080
1.2659	0.29078
1.2662	0.29081
1.2665	0.29091
1.2668	0.29088
1.2671	0.29082
1.2674	0.29096
1.2678	0.29116
1.2681	0.29122
1.2684	0.29120
1.2687	0.29113
1.269	0.29113
1.2693	0.29120
1.2696	0.29129
1.2699	0.29143
1.2702	0.29156
1.2706	0.29160
1.2709	0.29156
1.2712	0.29155
1.2715	0.29152
1.2718	0.29155
1.2721	0.29164
1.2724	0.29169
1.2727	0.29175
1.2731	0.29192
1.2734	0.29206
1.2737	0.29200
1.274	0.29191
1.2743	0.29199
1.2746	0.29213
1.2749	0.29225
1.2752	0.29227
1.2756	0.29229
1.2759	0.29227
1.2762	0.29232
1.2765	0.29235
1.2768	0.29234
1.2771	0.29250
1.2774	0.29263
1.2778	0.29252
1.2781	0.29250
1.2784	0.29262
1.2787	0.29265
1.279	0.29266
1.2793	0.29277
1.2797	0.29286
1.28	0.29285
1.2803	0.29281
1.2806	0.29280
1.2809	0.29291
1.2812	0.29300
1.2816	0.29298
1.2819	0.29299
1.2822	0.29304
1.2825	0.29302
1.2828	0.29306
1.2831	0.29312
1.2834	0.29318
1.2838	0.29325
1.2841	0.29322
1.2844	0.29313
1.2847	0.29322
1.285	0.29330
1.2854	0.29331
1.2857	0.29335
1.286	0.29342
1.2863	0.29353
1.2866	0.29357
1.2869	0.29358
1.2873	0.29359
1.2876	0.29363
1.2879	0.29369
1.2882	0.29365
1.2886	0.29361
1.2889	0.29366
1.2892	0.29370
1.2895	0.29370
1.2898	0.29372
1.2902	0.29377
1.2905	0.29381
1.2908	0.29390
1.2911	0.29396
1.2914	0.29391
1.2918	0.29391
1.2921	0.29396
1.2924	0.29395
1.2927	0.29400
1.2931	0.29418
1.2934	0.29416
1.2937	0.29402
1.294	0.29407
1.2943	0.29421
1.2947	0.29419
1.295	0.29410
1.2953	0.29416
1.2956	0.29419
1.296	0.29418
1.2963	0.29423
1.2966	0.29432
1.2969	0.29438
1.2973	0.29444
1.2976	0.29436
1.2979	0.29426
1.2982	0.29426
1.2986	0.29432
1.2989	0.29440
1.2992	0.29441
1.2995	0.29442
1.2999	0.29450
1.3002	0.29456
1.3005	0.29457
1.3008	0.29451
1.3012	0.29450
1.3015	0.29448
1.3018	0.29452
1.3021	0.29456
1.3025	0.29464
1.3028	0.29473
1.3031	0.29464
1.3034	0.29460
1.3038	0.29466
1.3041	0.29466
1.3044	0.29468
1.3048	0.29471
1.3051	0.29474
1.3054	0.29474
1.3058	0.29473
1.3061	0.29468
1.3064	0.29466
1.3067	0.29475
1.3071	0.29475
1.3074	0.29473
1.3077	0.29481
1.3081	0.29481
1.3084	0.29477
1.3087	0.29480
1.3091	0.29487
1.3094	0.29486
1.3097	0.29490
1.31	0.29487
1.3104	0.29486
1.3107	0.29492
1.311	0.29492
1.3114	0.29491
1.3117	0.29494
1.312	0.29491
1.3124	0.29488
1.3127	0.29490
1.313	0.29484
1.3134	0.29483
1.3137	0.29489
1.314	0.29497
1.3144	0.29495
1.3147	0.29485
1.315	0.29486
1.3154	0.29494
1.3157	0.29500
1.316	0.29494
1.3164	0.29485
1.3167	0.29481
1.317	0.29486
1.3174	0.29492
1.3177	0.29484
1.318	0.29479
1.3184	0.29480
1.3187	0.29490
1.319	0.29497
1.3194	0.29488
1.3197	0.29476
1.3201	0.29472
1.3204	0.29473
1.3207	0.29478
1.3211	0.29481
1.3214	0.29479
1.3217	0.29472
1.3221	0.29469
1.3224	0.29469
1.3227	0.29463
1.3231	0.29465
1.3234	0.29469
1.3238	0.29467
1.3241	0.29465
1.3244	0.29470
1.3248	0.29472
1.3251	0.29470
1.3254	0.29471
1.3258	0.29470
1.3261	0.29464
1.3265	0.29457
1.3268	0.29461
1.3271	0.29463
1.3275	0.29456
1.3278	0.29457
1.3282	0.29463
1.3285	0.29454
1.3288	0.29438
1.3292	0.29432
1.3295	0.29437
1.3299	0.29438
1.3302	0.29434
1.3306	0.29427
1.3309	0.29431
1.3312	0.29428
1.3316	0.29418
1.3319	0.29412
1.3323	0.29410
1.3326	0.29411
1.3329	0.29408
1.3333	0.29406
1.3336	0.29407
1.334	0.29412
1.3343	0.29405
1.3347	0.29395
1.335	0.29391
1.3353	0.29400
1.3357	0.29402
1.336	0.29391
1.3364	0.29378
1.3367	0.29371
1.3371	0.29373
1.3374	0.29378
1.3378	0.29370
1.3381	0.29358
1.3384	0.29358
1.3388	0.29357
1.3391	0.29354
1.3395	0.29347
1.3398	0.29347
1.3402	0.29347
1.3405	0.29340
1.3409	0.29332
1.3412	0.29324
1.3416	0.29327
1.3419	0.29331
1.3423	0.29327
1.3426	0.29321
1.3429	0.29321
1.3433	0.29312
1.3437	0.29297
1.344	0.29285
1.3443	0.29281
1.3447	0.29284
1.345	0.29281
1.3454	0.29279
1.3457	0.29278
1.3461	0.29264
1.3464	0.29260
1.3468	0.29264
1.3471	0.29262
1.3475	0.29259
1.3478	0.29251
1.3482	0.29240
1.3485	0.29236
1.3489	0.29229
1.3492	0.29227
1.3496	0.29222
1.3499	0.29207
1.3503	0.29199
1.3507	0.29196
1.351	0.29200
1.3514	0.29203
1.3517	0.29195
1.3521	0.29182
1.3524	0.29175
1.3528	0.29175
1.3531	0.29169
1.3535	0.29173
1.3538	0.29177
1.3542	0.29168
1.3545	0.29155
1.3549	0.29142
1.3552	0.29135
1.3556	0.29128
1.3559	0.29126
1.3563	0.29118
1.3567	0.29109
1.357	0.29101
1.3574	0.29097
1.3577	0.29086
1.3581	0.29083
1.3584	0.29083
1.3588	0.29078
1.3592	0.29064
1.3595	0.29052
1.3599	0.29051
1.3602	0.29056
1.3606	0.29044
1.3609	0.29026
1.3613	0.29020
1.3617	0.29016
1.362	0.29008
1.3624	0.29003
1.3627	0.28996
1.3631	0.28981
1.3634	0.28971
1.3638	0.28971
1.3642	0.28966
1.3645	0.28960
1.3649	0.28954
1.3652	0.28945
1.3656	0.28943
1.3659	0.28927
1.3663	0.28914
1.3667	0.28909
1.367	0.28901
1.3674	0.28890
1.3678	0.28885
1.3681	0.28883
1.3685	0.28873
1.3688	0.28865
1.3692	0.28855
1.3696	0.28839
1.3699	0.28825
1.3703	0.28813
1.3707	0.28801
1.371	0.28794
1.3714	0.28784
1.3717	0.28772
1.3721	0.28767
1.3725	0.28759
1.3728	0.28747
1.3732	0.28737
1.3736	0.28722
1.3739	0.28703
1.3743	0.28682
1.3746	0.28671
1.375	0.28659
1.3754	0.28646
1.3757	0.28635
1.3761	0.28622
1.3765	0.28610
1.3768	0.28599
1.3772	0.28584
1.3776	0.28573
1.3779	0.28560
1.3783	0.28543
1.3787	0.28530
1.379	0.28523
1.3794	0.28518
1.3798	0.28511
1.3801	0.28486
1.3805	0.28474
1.3809	0.28478
1.3812	0.28475
1.3816	0.28462
1.382	0.28450
1.3823	0.28440
1.3827	0.28431
1.3831	0.28422
1.3834	0.28405
1.3838	0.28386
1.3842	0.28378
1.3846	0.28371
1.3849	0.28361
1.3853	0.28351
1.3857	0.28341
1.386	0.28334
1.3864	0.28316
1.3868	0.28305
1.3872	0.28292
1.3875	0.28282
1.3879	0.28274
1.3883	0.28256
1.3886	0.28236
1.389	0.28223
1.3894	0.28203
1.3898	0.28175
1.3901	0.28151
1.3905	0.28131
1.3909	0.28101
1.3912	0.28055
1.3916	0.27994
1.392	0.27937
1.3924	0.27902
1.3927	0.27887
1.3931	0.27884
1.3935	0.27886
1.3939	0.27886
1.3942	0.27895
1.3946	0.27901
1.395	0.27901
1.3954	0.27904
1.3957	0.27898
1.3961	0.27893
1.3965	0.27894
1.3969	0.27883
1.3972	0.27860
1.3976	0.27842
1.398	0.27819
1.3984	0.27799
1.3988	0.27789
1.3991	0.27787
1.3995	0.27789
1.3999	0.27778
1.4003	0.27769
1.4006	0.27776
1.401	0.27780
1.4014	0.27767
1.4018	0.27749
1.4022	0.27740
1.4025	0.27734
1.4029	0.27720
1.4033	0.27715
1.4037	0.27715
1.4041	0.27705
1.4044	0.27684
1.4048	0.27669
1.4052	0.27659
1.4056	0.27649
1.406	0.27636
1.4063	0.27622
1.4067	0.27610
1.4071	0.27606
1.4075	0.27603
1.4079	0.27587
1.4083	0.27562
1.4086	0.27550
1.409	0.27546
1.4094	0.27536
1.4098	0.27520
1.4102	0.27501
1.4106	0.27486
1.4109	0.27478
1.4113	0.27475
1.4117	0.27469
1.4121	0.27448
1.4125	0.27427
1.4128	0.27422
1.4132	0.27419
1.4136	0.27406
1.414	0.27398
1.4144	0.27385
1.4148	0.27375
1.4152	0.27363
1.4156	0.27347
1.4159	0.27337
1.4163	0.27324
1.4167	0.27308
1.4171	0.27295
1.4175	0.27290
1.4179	0.27284
1.4183	0.27273
1.4187	0.27258
1.419	0.27238
1.4194	0.27222
1.4198	0.27214
1.4202	0.27195
1.4206	0.27175
1.421	0.27168
1.4214	0.27153
1.4218	0.27141
1.4222	0.27124
1.4225	0.27111
1.4229	0.27107
1.4233	0.27085
1.4237	0.27068
1.4241	0.27057
1.4245	0.27037
1.4249	0.27021
1.4253	0.27007
1.4257	0.26996
1.4261	0.26987
1.4265	0.26974
1.4268	0.26954
1.4272	0.26937
1.4276	0.26927
1.428	0.26909
1.4284	0.26889
1.4288	0.26878
1.4292	0.26863
1.4296	0.26843
1.43	0.26831
1.4304	0.26824
1.4308	0.26808
1.4312	0.26785
1.4316	0.26768
1.432	0.26754
1.4324	0.26734
1.4328	0.26712
1.4332	0.26696
1.4336	0.26676
1.4339	0.26661
1.4343	0.26655
1.4348	0.26638
1.4351	0.26616
1.4355	0.26598
1.4359	0.26580
1.4363	0.26560
1.4367	0.26544
1.4371	0.26527
1.4375	0.26514
1.4379	0.26505
1.4383	0.26481
1.4387	0.26460
1.4391	0.26448
1.4395	0.26426
1.4399	0.26402
1.4403	0.26390
1.4407	0.26380
1.4411	0.26361
1.4415	0.26336
1.4419	0.26325
1.4423	0.26310
1.4427	0.26287
1.4431	0.26267
1.4435	0.26256
1.4439	0.26246
1.4443	0.26224
1.4447	0.26201
1.4451	0.26184
1.4456	0.26165
1.4459	0.26145
1.4463	0.26134
1.4468	0.26117
1.4472	0.26091
1.4476	0.26071
1.448	0.26050
1.4484	0.26039
1.4488	0.26025
1.4492	0.26003
1.4496	0.25982
1.45	0.25967
1.4504	0.25946
1.4508	0.25927
1.4512	0.25914
1.4516	0.25905
1.452	0.25882
1.4524	0.25857
1.4528	0.25837
1.4532	0.25819
1.4537	0.25799
1.4541	0.25780
1.4545	0.25765
1.4549	0.25744
1.4553	0.25723
1.4557	0.25699
1.4561	0.25680
1.4565	0.25661
1.4569	0.25646
1.4573	0.25630
1.4577	0.25612
1.4582	0.25591
1.4586	0.25569
1.459	0.25553
1.4594	0.25539
1.4598	0.25526
1.4602	0.25507
1.4606	0.25484
1.461	0.25463
1.4614	0.25446
1.4618	0.25430
1.4623	0.25406
1.4627	0.25384
1.4631	0.25366
1.4635	0.25349
1.4639	0.25337
1.4643	0.25321
1.4647	0.25299
1.4652	0.25277
1.4656	0.25256
1.466	0.25242
1.4664	0.25222
1.4668	0.25199
1.4672	0.25178
1.4676	0.25160
1.4681	0.25146
1.4685	0.25123
1.4689	0.25102
1.4693	0.25085
1.4697	0.25064
1.4701	0.25040
1.4706	0.25025
1.471	0.25010
1.4714	0.24990
1.4718	0.24969
1.4722	0.24948
1.4726	0.24927
1.4731	0.24904
1.4735	0.24887
1.4739	0.24869
1.4743	0.24850
1.4747	0.24837
1.4752	0.24814
1.4756	0.24783
1.476	0.24765
1.4764	0.24749
1.4768	0.24730
1.4773	0.24710
1.4777	0.24686
1.4781	0.24674
1.4785	0.24657
1.4789	0.24629
1.4794	0.24602
1.4798	0.24586
1.4802	0.24572
1.4806	0.24552
1.4811	0.24536
1.4815	0.24513
1.4819	0.24493
1.4823	0.24479
1.4828	0.24460
1.4832	0.24434
1.4836	0.24416
1.484	0.24400
1.4844	0.24379
1.4849	0.24358
1.4853	0.24335
1.4857	0.24309
1.4862	0.24287
1.4866	0.24272
1.487	0.24248
1.4874	0.24229
1.4879	0.24219
1.4883	0.24198
1.4887	0.24167
1.4891	0.24141
1.4896	0.24127
1.49	0.24119
1.4904	0.24097
1.4908	0.24069
1.4913	0.24049
1.4917	0.24035
1.4921	0.24010
1.4926	0.23983
1.493	0.23968
1.4934	0.23960
1.4939	0.23937
1.4943	0.23906
1.4947	0.23880
1.4952	0.23862
1.4956	0.23845
1.496	0.23824
1.4964	0.23803
1.4969	0.23782
1.4973	0.23762
1.4977	0.23744
1.4982	0.23722
1.4986	0.23698
1.499	0.23679
1.4995	0.23657
1.4999	0.23637
1.5003	0.23621
1.5008	0.23602
1.5012	0.23582
1.5017	0.23558
1.5021	0.23538
1.5025	0.23519
1.5029	0.23494
1.5034	0.23466
1.5038	0.23449
1.5043	0.23430
1.5047	0.23409
1.5051	0.23389
1.5056	0.23373
1.506	0.23349
1.5064	0.23322
1.5069	0.23299
1.5073	0.23278
1.5078	0.23265
1.5082	0.23252
1.5086	0.23232
1.5091	0.23208
1.5095	0.23188
1.51	0.23171
1.5104	0.23145
1.5108	0.23125
1.5113	0.23108
1.5117	0.23084
1.5122	0.23060
1.5126	0.23041
1.513	0.23015
1.5135	0.22997
1.5139	0.22982
1.5144	0.22962
1.5148	0.22934
1.5153	0.22908
1.5157	0.22886
1.5161	0.22872
1.5166	0.22853
1.517	0.22828
1.5175	0.22807
1.5179	0.22791
1.5184	0.22775
1.5188	0.22756
1.5193	0.22728
1.5197	0.22705
1.5201	0.22689
1.5206	0.22672
1.521	0.22648
1.5215	0.22624
1.5219	0.22600
1.5224	0.22574
1.5228	0.22554
1.5233	0.22535
1.5237	0.22519
1.5242	0.22498
1.5246	0.22478
1.5251	0.22455
1.5255	0.22431
1.5259	0.22412
1.5264	0.22391
1.5268	0.22368
1.5273	0.22355
1.5278	0.22336
1.5282	0.22313
1.5287	0.22294
1.5291	0.22275
1.5296	0.22250
1.53	0.22233
1.5305	0.22214
1.5309	0.22193
1.5314	0.22165
1.5318	0.22139
1.5323	0.22124
1.5327	0.22108
1.5332	0.22087
1.5336	0.22067
1.5341	0.22048
1.5345	0.22025
1.535	0.21999
1.5354	0.21979
1.5359	0.21959
1.5363	0.21936
1.5368	0.21917
1.5373	0.21900
1.5377	0.21876
1.5382	0.21850
1.5386	0.21831
1.5391	0.21812
1.5396	0.21790
1.54	0.21773
1.5405	0.21753
1.5409	0.21729
1.5414	0.21714
1.5418	0.21695
1.5423	0.21670
1.5428	0.21648
1.5432	0.21626
1.5437	0.21611
1.5441	0.21597
1.5446	0.21572
1.5451	0.21550
1.5455	0.21528
1.546	0.21507
1.5464	0.21486
1.5469	0.21461
1.5474	0.21439
1.5478	0.21427
1.5483	0.21410
1.5488	0.21387
1.5492	0.21359
1.5497	0.21341
1.5501	0.21328
1.5506	0.21306
1.5511	0.21287
1.5515	0.21275
1.552	0.21251
1.5524	0.21222
1.5529	0.21202
1.5534	0.21186
1.5538	0.21168
1.5543	0.21145
1.5548	0.21122
1.5553	0.21105
1.5557	0.21085
1.5562	0.21060
1.5567	0.21034
1.5571	0.21014
1.5576	0.20998
1.5581	0.20985
1.5585	0.20966
1.559	0.20948
1.5595	0.20930
1.5599	0.20909
1.5604	0.20889
1.5609	0.20868
1.5613	0.20847
1.5618	0.20824
1.5623	0.20807
1.5628	0.20789
1.5632	0.20764
1.5637	0.20743
1.5642	0.20724
1.5646	0.20712
1.5651	0.20696
1.5656	0.20670
1.5661	0.20648
1.5665	0.20628
1.567	0.20612
1.5675	0.20595
1.5679	0.20574
1.5684	0.20551
1.5689	0.20532
1.5694	0.20514
1.5698	0.20499
1.5703	0.20478
1.5708	0.20459
1.5713	0.20433
1.5718	0.20402
1.5722	0.20386
1.5727	0.20375
1.5732	0.20357
1.5737	0.20336
1.5741	0.20320
1.5746	0.20302
1.5751	0.20283
1.5756	0.20268
1.5761	0.20246
1.5765	0.20220
1.577	0.20207
1.5775	0.20195
1.578	0.20170
1.5784	0.20142
1.5789	0.20130
1.5794	0.20112
1.5799	0.20088
1.5804	0.20066
1.5809	0.20055
1.5813	0.20034
1.5818	0.20006
1.5823	0.19992
1.5828	0.19980
1.5833	0.19966
1.5838	0.19944
1.5842	0.19920
1.5847	0.19905
1.5852	0.19885
1.5857	0.19865
1.5862	0.19844
1.5867	0.19827
1.5872	0.19813
1.5876	0.19794
1.5881	0.19771
1.5886	0.19748
1.5891	0.19730
1.5896	0.19713
1.5901	0.19694
1.5906	0.19687
1.591	0.19676
1.5915	0.19647
1.592	0.19628
1.5925	0.19614
1.593	0.19596
1.5935	0.19577
1.594	0.19558
1.5945	0.19539
1.595	0.19514
1.5954	0.19498
1.5959	0.19482
1.5964	0.19463
1.5969	0.19449
1.5974	0.19432
1.5979	0.19414
1.5984	0.19395
1.5989	0.19370
1.5994	0.19345
1.5999	0.19326
1.6004	0.19315
1.6009	0.19298
1.6014	0.19282
1.6019	0.19266
1.6023	0.19249
1.6028	0.19235
1.6033	0.19213
1.6038	0.19195
1.6043	0.19177
1.6048	0.19154
1.6053	0.19143
1.6058	0.19132
1.6063	0.19106
1.6068	0.19094
1.6073	0.19085
1.6078	0.19063
1.6083	0.19043
1.6088	0.19026
1.6093	0.19002
1.6098	0.18979
1.6103	0.18963
1.6108	0.18952
1.6113	0.18934
1.6118	0.18916
1.6123	0.18901
1.6128	0.18888
1.6133	0.18879
1.6138	0.18860
1.6143	0.18838
1.6148	0.18821
1.6153	0.18806
1.6158	0.18786
1.6163	0.18767
1.6168	0.18753
1.6173	0.18736
1.6178	0.18720
1.6184	0.18709
1.6189	0.18693
1.6194	0.18672
1.6199	0.18657
1.6204	0.18644
1.6209	0.18626
1.6214	0.18610
1.6219	0.18596
1.6224	0.18580
1.6229	0.18564
1.6234	0.18542
1.6239	0.18521
1.6244	0.18503
1.6249	0.18486
1.6255	0.18469
1.626	0.18451
1.6265	0.18440
1.627	0.18425
1.6275	0.18407
1.628	0.18390
1.6285	0.18377
1.629	0.18362
1.6296	0.18348
1.6301	0.18335
1.6306	0.18322
1.6311	0.18307
1.6316	0.18289
1.6321	0.18268
1.6326	0.18255
1.6331	0.18240
1.6337	0.18219
1.6342	0.18206
1.6347	0.18195
1.6352	0.18175
1.6357	0.18153
1.6362	0.18146
1.6368	0.18136
1.6373	0.18122
1.6378	0.18105
1.6383	0.18090
1.6388	0.18080
1.6393	0.18063
1.6398	0.18047
1.6404	0.18029
1.6409	0.18014
1.6414	0.18000
1.6419	0.17977
1.6424	0.17959
1.643	0.17949
1.6435	0.17934
1.644	0.17919
1.6445	0.17902
1.6451	0.17884
1.6456	0.17873
1.6461	0.17864
1.6466	0.17851
1.6472	0.17839
1.6477	0.17824
1.6482	0.17808
1.6487	0.17796
1.6492	0.17782
1.6498	0.17768
1.6503	0.17752
1.6508	0.17736
1.6513	0.17727
1.6519	0.17713
1.6524	0.17692
1.6529	0.17674
1.6534	0.17661
1.654	0.17650
1.6545	0.17643
1.655	0.17636
1.6556	0.17617
1.6561	0.17598
1.6566	0.17580
1.6572	0.17570
1.6577	0.17561
1.6582	0.17548
1.6587	0.17534
1.6593	0.17520
1.6598	0.17508
1.6603	0.17494
1.6609	0.17478
1.6614	0.17468
1.6619	0.17455
1.6625	0.17443
1.663	0.17429
1.6635	0.17413
1.6641	0.17404
1.6646	0.17392
1.6651	0.17373
1.6657	0.17361
1.6662	0.17354
1.6667	0.17343
1.6673	0.17331
1.6678	0.17317
1.6683	0.17300
1.6689	0.17287
1.6694	0.17278
1.67	0.17266
1.6705	0.17251
1.671	0.17236
1.6716	0.17223
1.6721	0.17214
1.6727	0.17200
1.6732	0.17187
1.6737	0.17177
1.6743	0.17164
1.6748	0.17153
1.6754	0.17147
1.6759	0.17134
1.6764	0.17120
1.677	0.17109
1.6775	0.17093
1.6781	0.17074
1.6786	0.17063
1.6792	0.17055
1.6797	0.17042
1.6802	0.17028
1.6808	0.17017
1.6813	0.17008
1.6819	0.17002
1.6824	0.16994
1.683	0.16973
1.6835	0.16958
1.6841	0.16953
1.6846	0.16947
1.6852	0.16936
1.6857	0.16922
1.6863	0.16911
1.6868	0.16900
1.6873	0.16887
1.6879	0.16874
1.6884	0.16864
1.689	0.16852
1.6896	0.16842
1.6901	0.16834
1.6907	0.16825
1.6912	0.16816
1.6918	0.16803
1.6923	0.16792
1.6929	0.16779
1.6934	0.16769
1.694	0.16761
1.6945	0.16752
1.6951	0.16747
1.6956	0.16736
1.6962	0.16722
1.6967	0.16712
1.6973	0.16705
1.6978	0.16691
1.6984	0.16673
1.699	0.16664
1.6995	0.16659
1.7001	0.16648
1.7006	0.16635
1.7012	0.16620
1.7018	0.16611
1.7023	0.16609
1.7029	0.16600
1.7034	0.16588
1.704	0.16581
1.7046	0.16573
1.7051	0.16562
1.7057	0.16551
1.7062	0.16544
1.7068	0.16535
1.7074	0.16520
1.7079	0.16512
1.7085	0.16504
1.709	0.16489
1.7096	0.16482
1.7102	0.16480
1.7107	0.16470
1.7113	0.16462
1.7119	0.16453
1.7124	0.16439
1.713	0.16427
1.7136	0.16421
1.7141	0.16419
1.7147	0.16413
1.7153	0.16402
1.7158	0.16390
1.7164	0.16379
1.717	0.16379
1.7175	0.16371
1.7181	0.16358
1.7187	0.16348
1.7192	0.16336
1.7198	0.16332
1.7204	0.16321
1.721	0.16310
1.7215	0.16307
1.7221	0.16305
1.7227	0.16298
1.7232	0.16288
1.7238	0.16276
1.7244	0.16264
1.725	0.16254
1.7255	0.16251
1.7261	0.16251
1.7267	0.16245
1.7273	0.16234
1.7278	0.16222
1.7284	0.16218
1.729	0.16213
1.7296	0.16202
1.7301	0.16200
1.7307	0.16196
1.7313	0.16186
1.7319	0.16176
1.7325	0.16169
1.733	0.16165
1.7336	0.16160
1.7342	0.16153
1.7348	0.16146
1.7354	0.16140
1.7359	0.16132
1.7365	0.16125
1.7371	0.16123
1.7377	0.16117
1.7383	0.16106
1.7388	0.16101
1.7394	0.16098
1.74	0.16091
1.7406	0.16081
1.7412	0.16073
1.7418	0.16071
1.7423	0.16066
1.7429	0.16056
1.7435	0.16052
1.7441	0.16050
1.7447	0.16045
1.7453	0.16033
1.7459	0.16022
1.7465	0.16019
1.7471	0.16018
1.7476	0.16014
1.7482	0.16011
1.7488	0.16002
1.7494	0.15996
1.75	0.15993
1.7506	0.15991
1.7512	0.15984
1.7518	0.15975
1.7524	0.15971
1.753	0.15968
1.7536	0.15962
1.7541	0.15957
1.7547	0.15953
1.7553	0.15953
1.7559	0.15948
1.7565	0.15942
1.7571	0.15941
1.7577	0.15940
1.7583	0.15933
1.7589	0.15924
1.7595	0.15913
1.7601	0.15909
1.7607	0.15913
1.7613	0.15908
1.7619	0.15901
1.7625	0.15893
1.7631	0.15893
1.7637	0.15894
1.7643	0.15888
1.7649	0.15888
1.7655	0.15884
1.7661	0.15875
1.7667	0.15870
1.7673	0.15868
1.7679	0.15861
1.7685	0.15857
1.7691	0.15856
1.7697	0.15857
1.7703	0.15855
1.7709	0.15857
1.7715	0.15850
1.7721	0.15839
1.7727	0.15838
1.7733	0.15838
1.7739	0.15836
1.7746	0.15832
1.7752	0.15831
1.7758	0.15830
1.7764	0.15829
1.777	0.15821
1.7776	0.15814
1.7782	0.15818
1.7788	0.15817
1.7794	0.15818
1.78	0.15819
1.7807	0.15815
1.7813	0.15811
1.7819	0.15808
1.7825	0.15805
1.7831	0.15807
1.7837	0.15805
1.7843	0.15802
1.7849	0.15797
1.7856	0.15793
1.7862	0.15791
1.7868	0.15793
1.7874	0.15798
1.788	0.15798
1.7886	0.15794
1.7893	0.15793
1.7899	0.15797
1.7905	0.15796
1.7911	0.15792
1.7917	0.15795
1.7923	0.15794
1.793	0.15789
1.7936	0.15785
1.7942	0.15784
1.7948	0.15785
1.7954	0.15788
1.7961	0.15787
1.7967	0.15786
1.7973	0.15786
1.7979	0.15782
1.7986	0.15787
1.7992	0.15797
1.7998	0.15800
1.8004	0.15794
1.8011	0.15784
1.8017	0.15781
1.8023	0.15785
1.8029	0.15789
1.8036	0.15784
1.8042	0.15784
1.8048	0.15786
1.8054	0.15785
1.8061	0.15788
1.8067	0.15796
1.8073	0.15798
1.808	0.15798
1.8086	0.15798
1.8092	0.15799
1.8099	0.15804
1.8105	0.15807
1.8111	0.15809
1.8118	0.15808
1.8124	0.15808
1.813	0.15811
1.8137	0.15815
1.8143	0.15816
1.8149	0.15814
1.8156	0.15817
1.8162	0.15820
1.8168	0.15818
1.8175	0.15822
1.8181	0.15828
1.8188	0.15828
1.8194	0.15829
1.82	0.15831
1.8207	0.15834
1.8213	0.15835
1.8219	0.15843
1.8226	0.15849
1.8232	0.15842
1.8239	0.15844
1.8245	0.15855
1.8252	0.15863
1.8258	0.15865
1.8264	0.15869
1.8271	0.15872
1.8277	0.15873
1.8284	0.15876
1.829	0.15871
1.8297	0.15868
1.8303	0.15879
1.831	0.15891
1.8316	0.15888
1.8323	0.15891
1.8329	0.15901
1.8336	0.15906
1.8342	0.15908
1.8348	0.15918
1.8355	0.15927
1.8361	0.15930
1.8368	0.15931
1.8374	0.15936
1.8381	0.15940
1.8388	0.15940
1.8394	0.15945
1.8401	0.15955
1.8407	0.15960
1.8414	0.15960
1.842	0.15968
1.8427	0.15980
1.8433	0.15986
1.844	0.15992
1.8446	0.15993
1.8453	0.15995
1.8459	0.16002
1.8466	0.16007
1.8473	0.16016
1.8479	0.16023
1.8486	0.16027
1.8492	0.16035
1.8499	0.16038
1.8506	0.16045
1.8512	0.16052
1.8519	0.16051
1.8526	0.16055
1.8532	0.16066
1.8539	0.16078
1.8545	0.16086
1.8552	0.16090
1.8559	0.16099
1.8565	0.16111
1.8572	0.16115
1.8579	0.16113
1.8585	0.16120
1.8592	0.16132
1.8599	0.16146
1.8605	0.16157
1.8612	0.16162
1.8619	0.16158
1.8625	0.16162
1.8632	0.16175
1.8639	0.16189
1.8645	0.16196
1.8652	0.16204
1.8659	0.16211
1.8666	0.16219
1.8672	0.16231
1.8679	0.16244
1.8686	0.16254
1.8692	0.16262
1.8699	0.16271
1.8706	0.16276
1.8713	0.16286
1.8719	0.16300
1.8726	0.16308
1.8733	0.16316
1.874	0.16326
1.8747	0.16333
1.8753	0.16336
1.876	0.16344
1.8767	0.16359
1.8774	0.16370
1.878	0.16381
1.8787	0.16388
1.8794	0.16394
1.8801	0.16402
1.8808	0.16414
1.8814	0.16428
1.8821	0.16439
1.8828	0.16446
1.8835	0.16457
1.8842	0.16475
1.8849	0.16486
1.8856	0.16487
1.8862	0.16498
1.8869	0.16512
1.8876	0.16522
1.8883	0.16535
1.889	0.16551
1.8897	0.16560
1.8904	0.16569
1.8911	0.16583
1.8918	0.16600
1.8924	0.16610
1.8931	0.16613
1.8938	0.16620
1.8945	0.16629
1.8952	0.16643
1.8959	0.16657
1.8966	0.16668
1.8973	0.16678
1.898	0.16687
1.8987	0.16703
1.8994	0.16716
1.9001	0.16724
1.9008	0.16736
1.9015	0.16749
1.9022	0.16764
1.9029	0.16782
1.9036	0.16797
1.9043	0.16809
1.905	0.16827
1.9057	0.16845
1.9064	0.16852
1.9071	0.16861
1.9078	0.16877
1.9085	0.16891
1.9092	0.16898
1.9099	0.16911
1.9106	0.16928
1.9113	0.16943
1.912	0.16961
1.9127	0.16976
1.9134	0.16995
1.9141	0.17011
1.9148	0.17021
1.9155	0.17028
1.9162	0.17046
1.9169	0.17068
1.9176	0.17084
1.9183	0.17100
1.9191	0.17119
1.9198	0.17137
1.9205	0.17155
1.9212	0.17170
1.9219	0.17183
1.9226	0.17195
1.9233	0.17214
1.924	0.17234
1.9248	0.17251
1.9255	0.17267
1.9262	0.17289
1.9269	0.17305
1.9276	0.17316
1.9283	0.17331
1.9291	0.17353
1.9298	0.17376
1.9305	0.17394
1.9312	0.17412
1.9319	0.17430
1.9327	0.17444
1.9334	0.17463
1.9341	0.17486
1.9348	0.17514
1.9355	0.17532
1.9363	0.17542
1.937	0.17557
1.9377	0.17579
1.9384	0.17604
1.9392	0.17625
1.9399	0.17638
1.9406	0.17658
1.9413	0.17679
1.9421	0.17699
1.9428	0.17719
1.9435	0.17740
1.9442	0.17758
1.945	0.17778
1.9457	0.17797
1.9464	0.17813
1.9472	0.17834
1.9479	0.17852
1.9486	0.17874
1.9494	0.17905
1.9501	0.17932
1.9508	0.17948
1.9516	0.17969
1.9523	0.17995
1.953	0.18012
1.9538	0.18030
1.9545	0.18050
1.9552	0.18072
1.956	0.18096
1.9567	0.18119
1.9575	0.18142
1.9582	0.18164
1.9589	0.18181
1.9597	0.18202
1.9604	0.18227
1.9612	0.18249
1.9619	0.18277
1.9626	0.18301
1.9634	0.18319
1.9641	0.18343
1.9649	0.18364
1.9656	0.18385
1.9664	0.18412
1.9671	0.18439
1.9679	0.18463
1.9686	0.18492
1.9693	0.18514
1.9701	0.18534
1.9708	0.18555
1.9716	0.18579
1.9723	0.18606
1.9731	0.18633
1.9738	0.18655
1.9746	0.18681
1.9753	0.18712
1.9761	0.18734
1.9769	0.18757
1.9776	0.18782
1.9784	0.18802
1.9791	0.18827
1.9799	0.18854
1.9806	0.18888
1.9814	0.18914
1.9822	0.18935
1.9829	0.18960
1.9837	0.18983
1.9844	0.19007
1.9852	0.19032
1.9859	0.19059
1.9867	0.19088
1.9875	0.19120
1.9882	0.19149
1.989	0.19173
1.9898	0.19197
1.9905	0.19228
1.9913	0.19257
1.9921	0.19285
1.9928	0.19312
1.9936	0.19334
1.9943	0.19359
1.9951	0.19386
1.9959	0.19415
1.9967	0.19443
1.9974	0.19471
1.9982	0.19504
1.999	0.19534
1.9997	0.19558
2.0005	0.19586
2.0013	0.19614
2.0021	0.19643
2.0028	0.19676
2.0036	0.19705
2.0044	0.19734
2.0052	0.19766
2.0059	0.19794
2.0067	0.19822
2.0075	0.19854
2.0083	0.19890
2.009	0.19925
2.0098	0.19954
2.0106	0.19982
2.0114	0.20012
2.0122	0.20047
2.0129	0.20077
2.0137	0.20099
2.0145	0.20126
2.0153	0.20158
2.0161	0.20190
2.0168	0.20221
2.0176	0.20256
2.0184	0.20290
2.0192	0.20326
2.02	0.20358
2.0208	0.20389
2.0216	0.20420
2.0223	0.20452
2.0231	0.20485
2.0239	0.20517
2.0247	0.20546
2.0255	0.20577
2.0263	0.20610
2.0271	0.20640
2.0279	0.20672
2.0287	0.20708
2.0295	0.20744
2.0303	0.20776
2.0311	0.20805
2.0319	0.20839
2.0327	0.20875
2.0335	0.20908
2.0343	0.20941
2.0351	0.20980
2.0358	0.21014
2.0367	0.21047
2.0374	0.21078
2.0383	0.21110
2.0391	0.21151
2.0399	0.21189
2.0407	0.21215
2.0415	0.21242
2.0423	0.21279
2.0431	0.21317
2.0439	0.21349
2.0447	0.21386
2.0455	0.21428
2.0463	0.21460
2.0471	0.21491
2.0479	0.21528
2.0487	0.21563
2.0495	0.21599
2.0504	0.21633
2.0512	0.21665
2.052	0.21697
2.0528	0.21732
2.0536	0.21769
2.0544	0.21810
2.0552	0.21845
2.056	0.21880
2.0569	0.21921
2.0577	0.21958
2.0585	0.21989
2.0593	0.22024
2.0601	0.22057
2.0609	0.22093
2.0618	0.22135
2.0626	0.22175
2.0634	0.22209
2.0642	0.22248
2.065	0.22291
2.0659	0.22328
2.0667	0.22360
2.0675	0.22398
2.0683	0.22432
2.0692	0.22467
2.07	0.22507
2.0708	0.22543
2.0716	0.22578
2.0725	0.22614
2.0733	0.22654
2.0741	0.22692
2.075	0.22725
2.0758	0.22764
2.0766	0.22800
2.0775	0.22833
2.0783	0.22870
2.0791	0.22910
2.08	0.22946
2.0808	0.22985
2.0816	0.23024
2.0825	0.23060
2.0833	0.23100
2.0841	0.23143
2.085	0.23182
2.0858	0.23212
2.0866	0.23247
2.0875	0.23283
2.0883	0.23324
2.0892	0.23367
2.09	0.23404
2.0909	0.23443
2.0917	0.23481
2.0926	0.23513
2.0934	0.23547
2.0942	0.23585
2.0951	0.23626
2.0959	0.23668
2.0968	0.23703
2.0976	0.23739
2.0985	0.23779
2.0993	0.23817
2.1002	0.23858
2.101	0.23900
2.1019	0.23937
2.1027	0.23969
2.1036	0.24006
2.1044	0.24047
2.1053	0.24082
2.1061	0.24121
2.107	0.24159
2.1079	0.24197
2.1087	0.24236
2.1096	0.24276
2.1104	0.24316
2.1113	0.24354
2.1122	0.24386
2.113	0.24422
2.1139	0.24463
2.1147	0.24505
2.1156	0.24546
2.1165	0.24585
2.1173	0.24615
2.1182	0.24651
2.1191	0.24693
2.1199	0.24729
2.1208	0.24767
2.1217	0.24806
2.1225	0.24842
2.1234	0.24883
2.1243	0.24924
2.1251	0.24958
2.126	0.24992
2.1269	0.25032
2.1278	0.25072
2.1286	0.25102
2.1295	0.25136
2.1304	0.25180
2.1313	0.25221
2.1321	0.25255
2.133	0.25295
2.1339	0.25333
2.1348	0.25368
2.1356	0.25407
2.1365	0.25440
2.1374	0.25474
2.1383	0.25515
2.1392	0.25563
2.1401	0.25603
2.1409	0.25638
2.1418	0.25671
2.1427	0.25699
2.1436	0.25735
2.1445	0.25775
2.1454	0.25817
2.1463	0.25856
2.1471	0.25894
2.148	0.25928
2.1489	0.25967
2.1498	0.26006
2.1507	0.26037
2.1516	0.26069
2.1525	0.26105
2.1534	0.26141
2.1543	0.26174
2.1552	0.26211
2.1561	0.26252
2.157	0.26292
2.1579	0.26327
2.1588	0.26360
2.1597	0.26395
2.1606	0.26429
2.1615	0.26462
2.1624	0.26501
2.1633	0.26538
2.1642	0.26572
2.1651	0.26606
2.166	0.26638
2.1669	0.26669
2.1678	0.26702
2.1687	0.26734
2.1696	0.26767
2.1705	0.26804
2.1714	0.26839
2.1723	0.26872
2.1732	0.26904
2.1741	0.26938
2.1751	0.26976
2.176	0.27006
2.1769	0.27035
2.1778	0.27069
2.1787	0.27103
2.1796	0.27137
2.1806	0.27168
2.1815	0.27198
2.1824	0.27231
2.1833	0.27262
2.1842	0.27288
2.1851	0.27321
2.1861	0.27352
2.187	0.27378
2.1879	0.27409
2.1888	0.27439
2.1898	0.27467
2.1907	0.27499
2.1916	0.27530
2.1925	0.27559
2.1935	0.27590
2.1944	0.27619
2.1953	0.27649
2.1963	0.27678
2.1972	0.27705
2.1981	0.27734
2.1991	0.27763
2.2	0.27790
2.2009	0.27819
2.2019	0.27850
2.2028	0.27879
2.2037	0.27906
2.2047	0.27937
2.2056	0.27969
2.2065	0.27995
2.2075	0.28024
2.2084	0.28054
2.2094	0.28083
2.2103	0.28110
2.2112	0.28136
2.2122	0.28165
2.2131	0.28190
2.2141	0.28213
2.215	0.28243
2.216	0.28268
2.2169	0.28293
2.2179	0.28318
2.2188	0.28343
2.2198	0.28368
2.2207	0.28384
2.2217	0.28398
2.2226	0.28423
2.2236	0.28446
2.2245	0.28468
2.2255	0.28490
2.2264	0.28506
2.2274	0.28523
2.2284	0.28547
2.2293	0.28562
2.2303	0.28568
2.2312	0.28583
2.2322	0.28602
2.2331	0.28614
2.2341	0.28619
2.2351	0.28630
2.236	0.28643
2.237	0.28656
2.238	0.28669
2.2389	0.28672
2.2399	0.28676
2.2409	0.28679
2.2418	0.28685
2.2428	0.28689
2.2438	0.28697
2.2448	0.28702
2.2457	0.28708
2.2467	0.28713
2.2477	0.28726
2.2486	0.28750
2.2496	0.28769
2.2506	0.28789
2.2516	0.28812
2.2526	0.28848
2.2535	0.28885
2.2545	0.28923
2.2555	0.28961
2.2565	0.28999
2.2575	0.29039
2.2584	0.29084
2.2594	0.29124
2.2604	0.29163
2.2614	0.29199
2.2624	0.29228
2.2634	0.29260
2.2644	0.29298
2.2654	0.29337
2.2663	0.29367
2.2673	0.29387
2.2683	0.29412
2.2693	0.29439
2.2703	0.29464
2.2713	0.29488
2.2723	0.29507
2.2733	0.29528
2.2743	0.29547
2.2753	0.29561
2.2763	0.29577
2.2773	0.29589
2.2783	0.29602
2.2793	0.29613
2.2803	0.29621
2.2813	0.29629
2.2823	0.29637
2.2833	0.29643
2.2843	0.29650
2.2853	0.29657
2.2863	0.29651
2.2873	0.29651
2.2883	0.29657
2.2894	0.29662
2.2904	0.29658
2.2914	0.29650
2.2924	0.29647
2.2934	0.29647
2.2944	0.29650
2.2954	0.29652
2.2964	0.29652
2.2975	0.29657
2.2985	0.29668
2.2995	0.29674
2.3005	0.29679
2.3016	0.29694
2.3026	0.29715
2.3036	0.29734
2.3046	0.29745
2.3056	0.29752
2.3067	0.29762
2.3077	0.29775
2.3087	0.29780
2.3098	0.29778
2.3108	0.29787
2.3118	0.29795
2.3128	0.29801
2.3139	0.29809
2.3149	0.29824
2.3159	0.29839
2.317	0.29861
2.318	0.29887
2.3191	0.29910
2.3201	0.29936
2.3211	0.29964
2.3222	0.29992
2.3232	0.30021
2.3243	0.30057
2.3253	0.30098
2.3263	0.30138
2.3274	0.30175
2.3284	0.30217
2.3295	0.30256
2.3305	0.30291
2.3316	0.30330
2.3326	0.30365
2.3337	0.30395
2.3347	0.30423
2.3358	0.30455
2.3368	0.30489
2.3379	0.30524
2.3389	0.30550
2.34	0.30584
2.341	0.30617
2.3421	0.30644
2.3431	0.30677
2.3442	0.30710
2.3453	0.30742
2.3463	0.30765
2.3474	0.30787
2.3485	0.30810
2.3495	0.30830
2.3506	0.30855
2.3517	0.30883
2.3527	0.30901
2.3538	0.30917
2.3549	0.30941
2.3559	0.30963
2.357	0.30980
2.3581	0.30995
2.3591	0.31014
2.3602	0.31029
2.3613	0.31039
2.3624	0.31050
2.3634	0.31061
2.3645	0.31072
2.3656	0.31079
2.3667	0.31085
2.3678	0.31093
2.3689	0.31097
2.3699	0.31101
2.371	0.31104
2.3721	0.31103
2.3732	0.31096
2.3743	0.31098
2.3754	0.31108
2.3764	0.31115
2.3775	0.31115
2.3786	0.31116
2.3797	0.31114
2.3808	0.31120
2.3819	0.31126
2.383	0.31131
2.3841	0.31136
2.3852	0.31142
2.3863	0.31151
2.3874	0.31170
2.3885	0.31187
2.3896	0.31205
2.3907	0.31228
2.3918	0.31253
2.3929	0.31278
2.394	0.31305
2.3951	0.31329
2.3962	0.31356
2.3973	0.31383
2.3984	0.31411
2.3995	0.31440
2.4006	0.31468
2.4018	0.31500
2.4029	0.31534
2.404	0.31558
2.4051	0.31583
2.4062	0.31603
2.4073	0.31621
2.4085	0.31650
2.4096	0.31673
2.4107	0.31693
2.4118	0.31723
2.4129	0.31744
2.4141	0.31759
2.4152	0.31779
2.4163	0.31798
2.4174	0.31817
2.4186	0.31839
2.4197	0.31857
2.4208	0.31875
2.422	0.31893
2.4231	0.31913
2.4242	0.31934
2.4254	0.31954
2.4265	0.31973
2.4276	0.31990
2.4288	0.32005
2.4299	0.32029
2.4311	0.32053
2.4322	0.32079
2.4333	0.32101
2.4345	0.32115
2.4356	0.32130
2.4368	0.32144
2.4379	0.32160
2.4391	0.32183
2.4402	0.32202
2.4414	0.32219
2.4425	0.32236
2.4436	0.32253
2.4448	0.32276
2.4459	0.32298
2.4471	0.32316
2.4483	0.32340
2.4494	0.32363
2.4506	0.32380
2.4517	0.32399
2.4529	0.32423
2.4541	0.32438
2.4552	0.32456
2.4564	0.32477
2.4576	0.32496
2.4587	0.32512
2.4599	0.32530
2.4611	0.32549
2.4622	0.32563
2.4634	0.32583
2.4646	0.32606
2.4657	0.32629
2.4669	0.32651
2.4681	0.32670
2.4693	0.32694
2.4704	0.32715
2.4716	0.32734
2.4728	0.32747
2.474	0.32757
2.4751	0.32776
2.4763	0.32802
2.4775	0.32822
2.4787	0.32839
2.4799	0.32852
2.4811	0.32874
2.4823	0.32903
2.4834	0.32920
2.4846	0.32928
2.4858	0.32950
2.487	0.32970
2.4882	0.32987
2.4894	0.33003
2.4906	0.33015
2.4918	0.33030
2.493	0.33047
2.4942	0.33069
2.4954	0.33097
2.4966	0.33119
2.4978	0.33135
2.499	0.33152
2.5002	0.33174
2.5014	0.33192
2.5026	0.33210
2.5038	0.33231
2.505	0.33246
2.5063	0.33262
2.5075	0.33284
2.5087	0.33304
2.5099	0.33328
2.5111	0.33343
2.5123	0.33358
2.5135	0.33373
2.5148	0.33391
2.516	0.33407
2.5172	0.33422
2.5184	0.33443
2.5196	0.33465
2.5209	0.33480
2.5221	0.33496
2.5233	0.33513
2.5246	0.33532
2.5258	0.33550
2.527	0.33568
2.5282	0.33585
2.5295	0.33599
2.5307	0.33614
2.5319	0.33639
2.5332	0.33657
2.5344	0.33672
2.5357	0.33688
2.5369	0.33702
2.5381	0.33716
2.5394	0.33732
2.5406	0.33741
2.5419	0.33756
2.5431	0.33777
2.5444	0.33791
2.5456	0.33801
2.5469	0.33817
2.5481	0.33838
2.5494	0.33852
2.5506	0.33861
2.5519	0.33882
2.5531	0.33901
2.5544	0.33907
2.5556	0.33907
2.5569	0.33919
2.5582	0.33929
2.5594	0.33947
2.5607	0.33984
2.562	0.34022
2.5632	0.34035
2.5645	0.34033
2.5658	0.34022
2.567	0.34026
2.5683	0.34038
2.5696	0.34060
2.5709	0.34075
2.5721	0.34085
2.5734	0.34115
2.5747	0.34123
2.576	0.34120
2.5773	0.34137
2.5785	0.34138
2.5798	0.34140
2.5811	0.34167
2.5824	0.34191
2.5837	0.34229
2.585	0.34249
2.5862	0.34238
2.5875	0.34252
2.5888	0.34259
2.5901	0.34263
2.5914	0.34268
2.5927	0.34291
2.594	0.34350
2.5953	0.34409
2.5966	0.34371
2.5979	0.34330
2.5992	0.34311
2.6005	0.34309
2.6018	0.34327
2.6031	0.34350
2.6044	0.34379
2.6057	0.34410
2.6071	0.34403
2.6084	0.34398
2.6097	0.34400
2.611	0.34389
2.6123	0.34375
2.6136	0.34387
2.6149	0.34403
2.6163	0.34437
2.6176	0.34458
2.6189	0.34441
2.6202	0.34452
2.6216	0.34453
2.6229	0.34418
2.6242	0.34405
2.6255	0.34415
2.6269	0.34444
2.6282	0.34438
2.6295	0.34444
2.6309	0.34475
2.6322	0.34448
2.6335	0.34412
2.6349	0.34397
2.6362	0.34382
2.6376	0.34377
2.6389	0.34371
2.6402	0.34369
2.6416	0.34369
2.6429	0.34365
2.6443	0.34352
2.6456	0.34348
2.647	0.34342
2.6483	0.34333
2.6497	0.34320
2.651	0.34313
2.6524	0.34322
2.6538	0.34327
2.6551	0.34314
2.6565	0.34306
2.6578	0.34284
2.6592	0.34284
2.6606	0.34278
2.6619	0.34255
2.6633	0.34232
2.6647	0.34259
2.666	0.34279
2.6674	0.34236
2.6688	0.34160
2.6701	0.34133
2.6715	0.34069
2.6729	0.33938
2.6743	0.33817
2.6756	0.33695
2.677	0.33517
2.6784	0.33257
2.6798	0.32906
2.6812	0.32454
2.6826	0.31927
2.684	0.31302
2.6854	0.30568
2.6868	0.29772
2.6881	0.28930
2.6895	0.28128
2.6909	0.27395
2.6923	0.26814
2.6937	0.26367
2.6951	0.26034
2.6965	0.25806
2.6979	0.25685
2.6993	0.25596
2.7007	0.25526
2.7021	0.25431
2.7036	0.25310
2.705	0.25153
2.7064	0.24981
2.7078	0.24777
2.7092	0.24556
2.7106	0.24283
2.712	0.23952
2.7135	0.23592
2.7149	0.23240
2.7163	0.22801
2.7177	0.22099
2.7191	0.21064
2.7206	0.20124
2.722	0.19674
2.7234	0.19635
2.7249	0.19762
2.7263	0.19923
2.7277	0.19995
2.7292	0.19910
2.7306	0.19653
2.732	0.19464
2.7335	0.19478
2.7349	0.19608
2.7364	0.19731
2.7378	0.19791
2.7393	0.19833
2.7407	0.19850
2.7422	0.19809
2.7436	0.19752
2.7451	0.19745
2.7465	0.19787
2.748	0.19799
2.7494	0.19775
2.7509	0.19719
2.7523	0.19658
2.7538	0.19631
2.7553	0.19665
2.7567	0.19727
2.7582	0.19778
2.7597	0.19841
2.7611	0.19910
2.7626	0.19997
2.7641	0.20096
2.7656	0.20208
2.767	0.20367
2.7685	0.20554
2.77	0.20721
2.7715	0.20878
2.7729	0.20987
2.7744	0.21063
2.7759	0.21122
2.7774	0.21158
2.7789	0.21187
2.7804	0.21206
2.7819	0.21218
2.7834	0.21213
2.7849	0.21180
2.7864	0.21125
2.7879	0.21041
2.7894	0.20913
2.7909	0.20758
2.7924	0.20602
2.7939	0.20422
2.7954	0.20175
2.7969	0.19841
2.7984	0.19400
2.7999	0.18849
2.8014	0.18236
2.8029	0.17646
2.8044	0.17131
2.806	0.16740
2.8075	0.16498
2.809	0.16399
2.8105	0.16411
2.8121	0.16520
2.8136	0.16699
2.8151	0.16898
2.8166	0.17071
2.8182	0.17219
2.8197	0.17332
2.8212	0.17404
2.8228	0.17438
2.8243	0.17439
2.8258	0.17410
2.8274	0.17354
2.8289	0.17265
2.8305	0.17138
2.832	0.16970
2.8336	0.16775
2.8351	0.16560
2.8367	0.16359
2.8382	0.16211
2.8398	0.16139
2.8413	0.16156
2.8429	0.16246
2.8444	0.16387
2.846	0.16575
2.8476	0.16781
2.8491	0.17003
2.8507	0.17239
2.8523	0.17481
2.8538	0.17746
2.8554	0.18011
2.857	0.18260
2.8586	0.18497
2.8601	0.18711
2.8617	0.18902
2.8633	0.19072
2.8649	0.19221
2.8664	0.19353
2.868	0.19468
2.8696	0.19554
2.8712	0.19633
2.8728	0.19712
2.8744	0.19771
2.876	0.19813
2.8776	0.19855
2.8792	0.19893
2.8808	0.19929
2.8824	0.19957
2.884	0.19981
2.8856	0.20000
2.8872	0.20025
2.8888	0.20046
2.8904	0.20059
2.892	0.20069
2.8936	0.20082
2.8953	0.20095
2.8969	0.20097
2.8985	0.20096
2.9001	0.20104
2.9017	0.20105
2.9034	0.20097
2.905	0.20077
2.9066	0.20046
2.9083	0.20012
2.9099	0.19982
2.9115	0.19943
2.9131	0.19894
2.9148	0.19838
2.9164	0.19765
2.9181	0.19705
2.9197	0.19657
2.9214	0.19607
2.923	0.19563
2.9247	0.19532
2.9263	0.19524
2.928	0.19534
2.9296	0.19560
2.9313	0.19601
2.9329	0.19667
2.9346	0.19756
2.9363	0.19854
2.9379	0.19968
2.9396	0.20100
2.9412	0.20244
2.9429	0.20387
2.9446	0.20533
2.9463	0.20674
2.9479	0.20810
2.9496	0.20939
2.9513	0.21067
2.953	0.21186
2.9546	0.21296
2.9563	0.21396
2.958	0.21495
2.9597	0.21587
2.9614	0.21667
2.9631	0.21737
2.9648	0.21806
2.9665	0.21869
2.9682	0.21927
2.9699	0.21976
2.9716	0.22031
2.9733	0.22081
2.975	0.22120
2.9767	0.22148
2.9784	0.22178
2.9801	0.22212
2.9818	0.22245
2.9836	0.22269
2.9853	0.22292
2.987	0.22319
2.9887	0.22348
2.9904	0.22371
2.9922	0.22390
2.9939	0.22406
2.9956	0.22431
2.9974	0.22448
2.9991	0.22468
3.0008	0.22477
3.0026	0.22482
3.0043	0.22490
3.006	0.22503
3.0078	0.22529
3.0095	0.22541
3.0113	0.22547
3.013	0.22557
3.0148	0.22565
3.0165	0.22585
3.0183	0.22602
3.02	0.22613
3.0218	0.22614
3.0236	0.22613
3.0253	0.22620
3.0271	0.22632
3.0289	0.22650
3.0306	0.22663
3.0324	0.22672
3.0342	0.22676
3.036	0.22681
3.0377	0.22691
3.0395	0.22697
3.0413	0.22709
3.0431	0.22717
3.0449	0.22712
3.0467	0.22711
3.0484	0.22719
3.0502	0.22719
3.052	0.22714
3.0538	0.22705
3.0556	0.22704
3.0574	0.22704
3.0592	0.22686
3.0611	0.22667
3.0629	0.22654
3.0647	0.22640
3.0665	0.22615
3.0683	0.22595
3.0701	0.22583
3.0719	0.22556
3.0738	0.22518
3.0756	0.22487
3.0774	0.22461
3.0792	0.22428
3.0811	0.22393
3.0829	0.22353
3.0847	0.22319
3.0866	0.22291
3.0884	0.22255
3.0902	0.22212
3.0921	0.22184
3.0939	0.22154
3.0958	0.22123
3.0976	0.22091
3.0995	0.22058
3.1013	0.22036
3.1032	0.22017
3.105	0.22001
3.1069	0.21983
3.1088	0.21964
3.1106	0.21957
3.1125	0.21950
3.1144	0.21940
3.1162	0.21938
3.1181	0.21934
3.12	0.21938
3.1219	0.21950
3.1237	0.21962
3.1256	0.21978
3.1275	0.21993
3.1294	0.22016
3.1313	0.22043
3.1332	0.22071
3.1351	0.22098
3.137	0.22124
3.1389	0.22163
3.1408	0.22206
3.1427	0.22248
3.1446	0.22293
3.1465	0.22339
3.1484	0.22391
3.1503	0.22437
3.1522	0.22478
3.1541	0.22530
3.1561	0.22593
3.158	0.22640
3.1599	0.22678
3.1618	0.22734
3.1638	0.22796
3.1657	0.22849
3.1676	0.22902
3.1696	0.22948
3.1715	0.22993
3.1734	0.23051
3.1754	0.23106
3.1773	0.23149
3.1793	0.23198
3.1812	0.23249
3.1832	0.23289
3.1851	0.23329
3.1871	0.23379
3.1891	0.23429
3.191	0.23471
3.193	0.23507
3.1949	0.23539
3.1969	0.23583
3.1989	0.23623
3.2009	0.23649
3.2029	0.23681
3.2048	0.23716
3.2068	0.23745
3.2088	0.23773
3.2108	0.23798
3.2128	0.23810
3.2148	0.23832
3.2168	0.23863
3.2188	0.23893
3.2208	0.23916
3.2228	0.23937
3.2248	0.23961
3.2268	0.23976
3.2288	0.23988
3.2308	0.24002
3.2328	0.24017
3.2348	0.24029
3.2368	0.24044
3.2389	0.24062
3.2409	0.24074
3.2429	0.24086
3.2449	0.24104
3.247	0.24114
3.249	0.24121
3.251	0.24126
3.2531	0.24137
3.2551	0.24153
3.2572	0.24161
3.2592	0.24165
3.2613	0.24180
3.2633	0.24197
3.2654	0.24200
3.2674	0.24208
3.2695	0.24223
3.2716	0.24233
3.2736	0.24239
3.2757	0.24258
3.2778	0.24275
3.2798	0.24287
3.2819	0.24293
3.284	0.24296
3.2861	0.24304
3.2881	0.24314
3.2902	0.24327
3.2923	0.24336
3.2944	0.24341
3.2965	0.24350
3.2986	0.24352
3.3007	0.24360
3.3028	0.24374
3.3049	0.24379
3.307	0.24375
3.3091	0.24387
3.3112	0.24403
3.3134	0.24412
3.3155	0.24418
3.3176	0.24428
3.3197	0.24437
3.3219	0.24445
3.324	0.24453
3.3261	0.24463
3.3283	0.24480
3.3304	0.24489
3.3325	0.24493
3.3347	0.24499
3.3368	0.24495
3.339	0.24488
3.3411	0.24489
3.3433	0.24495
3.3454	0.24499
3.3476	0.24492
3.3498	0.24487
3.3519	0.24484
3.3541	0.24471
3.3563	0.24462
3.3584	0.24459
3.3606	0.24452
3.3628	0.24429
3.365	0.24393
3.3671	0.24372
3.3693	0.24351
3.3715	0.24335
3.3737	0.24333
3.3759	0.24331
3.3781	0.24324
3.3803	0.24327
3.3825	0.24347
3.3847	0.24366
3.3869	0.24376
3.3891	0.24393
3.3914	0.24396
3.3936	0.24392
3.3958	0.24391
3.398	0.24377
3.4003	0.24364
3.4025	0.24360
3.4047	0.24356
3.407	0.24354
3.4092	0.24351
3.4114	0.24360
3.4137	0.24371
3.4159	0.24394
3.4182	0.24428
3.4204	0.24468
3.4227	0.24520
3.425	0.24577
3.4272	0.24627
3.4295	0.24661
3.4318	0.24699
3.434	0.24727
3.4363	0.24746
3.4386	0.24767
3.4409	0.24789
3.4432	0.24813
3.4454	0.24835
3.4477	0.24846
3.45	0.24853
3.4523	0.24868
3.4546	0.24880
3.4569	0.24889
3.4592	0.24905
3.4616	0.24914
3.4639	0.24920
3.4662	0.24917
3.4685	0.24906
3.4708	0.24903
3.4731	0.24898
3.4755	0.24892
3.4778	0.24895
3.4801	0.24893
3.4825	0.24883
3.4848	0.24885
3.4872	0.24882
3.4895	0.24881
3.4919	0.24888
3.4942	0.24884
3.4966	0.24882
3.4989	0.24895
3.5013	0.24915
3.5036	0.24947
3.506	0.24990
3.5084	0.25038
3.5108	0.25085
3.5131	0.25117
3.5155	0.25143
3.5179	0.25169
3.5203	0.25187
3.5227	0.25212
3.5251	0.25235
3.5275	0.25243
3.5299	0.25247
3.5323	0.25257
3.5347	0.25274
3.5371	0.25282
3.5395	0.25292
3.5419	0.25296
3.5444	0.25287
3.5468	0.25275
3.5492	0.25278
3.5516	0.25291
3.5541	0.25299
3.5565	0.25297
3.559	0.25294
3.5614	0.25292
3.5639	0.25295
3.5663	0.25297
3.5688	0.25292
3.5712	0.25298
3.5737	0.25301
3.5761	0.25297
3.5786	0.25288
3.5811	0.25287
3.5836	0.25292
3.586	0.25282
3.5885	0.25266
3.591	0.25262
3.5935	0.25260
3.596	0.25260
3.5985	0.25265
3.601	0.25267
3.6035	0.25257
3.606	0.25252
3.6085	0.25245
3.611	0.25240
3.6135	0.25239
3.616	0.25234
3.6186	0.25232
3.6211	0.25226
3.6236	0.25221
3.6262	0.25219
3.6287	0.25218
3.6312	0.25218
3.6338	0.25203
3.6363	0.25193
3.6389	0.25187
3.6414	0.25176
3.644	0.25179
3.6466	0.25166
3.6491	0.25161
3.6517	0.25161
3.6543	0.25154
3.6568	0.25152
3.6594	0.25152
3.662	0.25152
3.6646	0.25132
3.6672	0.25120
3.6698	0.25127
3.6724	0.25127
3.675	0.25125
3.6776	0.25113
3.6802	0.25103
3.6828	0.25105
3.6854	0.25102
3.6881	0.25088
3.6907	0.25066
3.6933	0.25062
3.6959	0.25065
3.6986	0.25064
3.7012	0.25067
3.7039	0.25063
3.7065	0.25057
3.7092	0.25050
3.7118	0.25041
3.7145	0.25037
3.7171	0.25026
3.7198	0.25018
3.7225	0.25012
3.7252	0.25006
3.7278	0.24997
3.7305	0.24992
3.7332	0.24980
3.7359	0.24970
3.7386	0.24963
3.7413	0.24959
3.744	0.24950
3.7467	0.24939
3.7494	0.24931
3.7521	0.24925
3.7548	0.24919
3.7576	0.24912
3.7603	0.24900
3.763	0.24893
3.7657	0.24884
3.7685	0.24874
3.7712	0.24863
3.774	0.24854
3.7767	0.24843
3.7795	0.24835
3.7822	0.24822
3.785	0.24810
3.7877	0.24796
3.7905	0.24783
3.7933	0.24772
3.7961	0.24762
3.7988	0.24750
3.8016	0.24740
3.8044	0.24727
3.8072	0.24714
3.81	0.24703
3.8128	0.24701
3.8156	0.24693
3.8184	0.24686
3.8212	0.24679
3.8241	0.24672
3.8269	0.24663
3.8297	0.24654
3.8325	0.24641
3.8354	0.24635
3.8382	0.24628
3.8411	0.24622
3.8439	0.24614
3.8468	0.24602
3.8496	0.24586
3.8525	0.24574
3.8553	0.24561
3.8582	0.24549
3.8611	0.24537
3.8639	0.24527
3.8668	0.24516
3.8697	0.24503
3.8726	0.24487
3.8755	0.24473
3.8784	0.24462
3.8813	0.24453
3.8842	0.24441
3.8871	0.24429
3.89	0.24417
3.8929	0.24403
3.8959	0.24386
3.8988	0.24372
3.9017	0.24353
3.9047	0.24333
3.9076	0.24314
3.9106	0.24298
3.9135	0.24277
3.9165	0.24262
3.9194	0.24245
3.9224	0.24226
3.9254	0.24210
3.9284	0.24198
3.9313	0.24181
3.9343	0.24165
3.9373	0.24143
3.9403	0.24126
3.9433	0.24108
3.9463	0.24091
3.9493	0.24074
3.9523	0.24056
3.9553	0.24036
3.9583	0.24023
3.9614	0.24010
3.9644	0.24000
3.9674	0.23994
3.9705	0.23994
3.9735	0.23989
3.9766	0.23989
3.9796	0.23990
3.9826	0.23993
3.9857	0.23991
3.9888	0.23991
3.9919	0.23990
3.9949	0.23988
3.998	0.23981
4.0011	0.23976
4.0042	0.23964
4.0073	0.23953
4.0104	0.23943
4.0135	0.23934
4.0166	0.23922
4.0197	0.23915
4.0228	0.23900
4.0259	0.23887
4.0291	0.23875
4.0322	0.23862
4.0353	0.23845
4.0385	0.23832
4.0416	0.23818
4.0448	0.23804
4.0479	0.23789
4.0511	0.23776
4.0543	0.23762
4.0574	0.23749
4.0606	0.23735
4.0638	0.23720
4.067	0.23701
4.0702	0.23687
4.0734	0.23672
4.0766	0.23655
4.0798	0.23637
4.083	0.23625
4.0862	0.23609
4.0894	0.23592
4.0927	0.23574
4.0959	0.23557
4.0991	0.23539
4.1024	0.23525
4.1056	0.23507
4.1089	0.23491
4.1121	0.23473
4.1154	0.23455
4.1187	0.23435
4.122	0.23422
4.1252	0.23402
4.1285	0.23384
4.1318	0.23364
4.1351	0.23347
4.1384	0.23327
4.1417	0.23306
4.145	0.23285
4.1483	0.23266
4.1516	0.23242
4.155	0.23223
4.1583	0.23202
4.1616	0.23184
4.165	0.23161
4.1683	0.23138
4.1717	0.23114
4.175	0.23092
4.1784	0.23065
4.1818	0.23041
4.1852	0.23016
4.1885	0.22991
4.1919	0.22961
4.1953	0.22937
4.1987	0.22912
4.2021	0.22886
4.2055	0.22859
4.2089	0.22835
4.2124	0.22813
4.2158	0.22792
4.2192	0.22765
4.2226	0.22742
4.2261	0.22718
4.2295	0.22694
4.233	0.22668
4.2365	0.22648
4.2399	0.22622
4.2434	0.22592
4.2469	0.22562
4.2503	0.22534
4.2538	0.22502
4.2573	0.22470
4.2608	0.22439
4.2643	0.22414
4.2678	0.22390
4.2713	0.22375
4.2749	0.22362
4.2784	0.22353
4.2819	0.22344
4.2855	0.22340
4.289	0.22331
4.2926	0.22323
4.2961	0.22315
4.2997	0.22313
4.3033	0.22307
4.3068	0.22299
4.3104	0.22288
4.314	0.22284
4.3176	0.22283
4.3212	0.22281
4.3248	0.22274
4.3284	0.22268
4.332	0.22259
4.3356	0.22251
4.3393	0.22239
4.3429	0.22226
4.3465	0.22213
4.3502	0.22205
4.3538	0.22192
4.3575	0.22179
4.3611	0.22168
4.3648	0.22154
4.3685	0.22136
4.3722	0.22124
4.3759	0.22108
4.3796	0.22094
4.3833	0.22078
4.387	0.22061
4.3907	0.22041
4.3944	0.22026
4.3981	0.22007
4.4019	0.21988
4.4056	0.21968
4.4094	0.21951
4.4131	0.21928
4.4169	0.21906
4.4206	0.21882
4.4244	0.21862
4.4282	0.21836
4.432	0.21808
4.4358	0.21781
4.4396	0.21755
4.4434	0.21727
4.4472	0.21704
4.451	0.21674
4.4548	0.21646
4.4586	0.21614
4.4625	0.21581
4.4663	0.21544
4.4702	0.21510
4.474	0.21472
4.4779	0.21436
4.4818	0.21395
4.4856	0.21353
4.4895	0.21306
4.4934	0.21256
4.4973	0.21204
4.5012	0.21149
4.5051	0.21088
4.509	0.21027
4.513	0.20955
4.5169	0.20881
4.5208	0.20798
4.5248	0.20710
4.5287	0.20613
4.5327	0.20513
4.5367	0.20407
4.5406	0.20300
4.5446	0.20190
4.5486	0.20078
4.5526	0.19963
4.5566	0.19849
4.5606	0.19731
4.5646	0.19610
4.5686	0.19481
4.5727	0.19344
4.5767	0.19204
4.5808	0.19064
4.5848	0.18916
4.5889	0.18764
4.5929	0.18606
4.597	0.18445
4.6011	0.18277
4.6052	0.18108
4.6093	0.17934
4.6134	0.17761
4.6175	0.17586
4.6216	0.17410
4.6257	0.17227
4.6298	0.17046
4.634	0.16864
4.6381	0.16678
4.6423	0.16492
4.6464	0.16314
4.6506	0.16139
4.6548	0.15964
4.659	0.15789
4.6631	0.15619
4.6673	0.15449
4.6715	0.15288
4.6758	0.15130
4.68	0.14981
4.6842	0.14837
4.6884	0.14700
4.6927	0.14569
4.6969	0.14443
4.7012	0.14321
4.7055	0.14204
4.7097	0.14083
4.714	0.13969
4.7183	0.13862
4.7226	0.13756
4.7269	0.13649
4.7312	0.13545
4.7355	0.13441
4.7399	0.13339
4.7442	0.13235
4.7485	0.13133
4.7529	0.13029
4.7573	0.12922
4.7616	0.12810
4.766	0.12697
4.7704	0.12582
4.7748	0.12465
4.7792	0.12340
4.7836	0.12215
4.788	0.12088
4.7924	0.11963
4.7969	0.11838
4.8013	0.11713
4.8058	0.11587
4.8102	0.11469
4.8147	0.11357
4.8191	0.11250
4.8236	0.11147
4.8281	0.11049
4.8326	0.10958
4.8371	0.10871
4.8416	0.10786
4.8462	0.10712
4.8507	0.10646
4.8553	0.10582
4.8598	0.10519
4.8644	0.10461
4.8689	0.10408
4.8735	0.10360
4.8781	0.10314
4.8827	0.10270
4.8873	0.10226
4.8919	0.10186
4.8965	0.10143
4.9011	0.10102
4.9058	0.10065
4.9104	0.10024
4.9151	0.09978
4.9197	0.09932
4.9244	0.09885
4.9291	0.09845
4.9338	0.09799
4.9385	0.09754
4.9432	0.09711
4.9479	0.09669
4.9526	0.09629
4.9574	0.09588
4.9621	0.09545
4.9669	0.09507
4.9716	0.09469
4.9764	0.09429
4.9812	0.09387
4.986	0.09343
4.9908	0.09296
4.9956	0.09244
5.0004	0.09190
5.0052	0.09139
5.01	0.09080
5.0149	0.09014
5.0198	0.08946
5.0246	0.08874
5.0295	0.08798
5.0344	0.08721
5.0393	0.08642
5.0442	0.08564
5.0491	0.08484
5.054	0.08404
5.0589	0.08324
5.0639	0.08249
5.0688	0.08179
5.0738	0.08109
5.0788	0.08041
5.0837	0.07978
5.0887	0.07915
5.0937	0.07856
5.0987	0.07803
5.1037	0.07749
5.1088	0.07698
5.1138	0.07648
5.1189	0.07603
5.1239	0.07562
5.129	0.07527
5.1341	0.07497
5.1391	0.07477
5.1443	0.07469
5.1494	0.07472
5.1545	0.07486
5.1596	0.07508
5.1647	0.07540
5.1699	0.07582
5.175	0.07635
5.1802	0.07691
5.1854	0.07751
5.1906	0.07817
5.1958	0.07886
5.201	0.07955
5.2062	0.08025
5.2115	0.08091
5.2167	0.08162
5.222	0.08225
5.2272	0.08288
5.2325	0.08351
5.2378	0.08413
5.2431	0.08476
5.2484	0.08537
5.2537	0.08597
5.259	0.08659
5.2644	0.08723
5.2697	0.08790
5.2751	0.08858
5.2805	0.08928
5.2858	0.08996
5.2912	0.09065
5.2966	0.09132
5.302	0.09194
5.3075	0.09253
5.3129	0.09307
5.3184	0.09356
5.3238	0.09405
5.3293	0.09450
5.3348	0.09489
5.3403	0.09519
5.3458	0.09549
5.3513	0.09576
5.3568	0.09596
5.3624	0.09611
5.3679	0.09624
5.3735	0.09631
5.379	0.09633
5.3846	0.09625
5.3902	0.09612
5.3958	0.09596
5.4015	0.09577
5.4071	0.09557
5.4127	0.09537
5.4184	0.09518
5.4241	0.09506
5.4297	0.09491
5.4354	0.09482
5.4411	0.09479
5.4469	0.09484
5.4526	0.09493
5.4583	0.09506
5.4641	0.09522
5.4698	0.09541
5.4756	0.09553
5.4814	0.09569
5.4872	0.09577
5.493	0.09587
5.4988	0.09594
5.5047	0.09597
5.5105	0.09584
5.5164	0.09564
5.5223	0.09535
5.5281	0.09496
5.534	0.09439
5.54	0.09378
5.5459	0.09309
5.5518	0.09233
5.5578	0.09152
5.5637	0.09070
5.5697	0.08990
5.5757	0.08921
5.5817	0.08851
5.5877	0.08783
5.5937	0.08723
5.5998	0.08669
5.6058	0.08619
5.6119	0.08579
5.618	0.08546
5.6241	0.08516
5.6302	0.08486
5.6363	0.08468
5.6424	0.08459
5.6486	0.08447
5.6547	0.08436
5.6609	0.08431
5.6671	0.08422
5.6733	0.08421
5.6795	0.08414
5.6857	0.08400
5.692	0.08386
5.6982	0.08368
5.7045	0.08340
5.7108	0.08315
5.7171	0.08279
5.7234	0.08233
5.7297	0.08179
5.736	0.08133
5.7424	0.08087
5.7488	0.08043
5.7551	0.07991
5.7615	0.07953
5.768	0.07924
5.7744	0.07887
5.7808	0.07850
5.7873	0.07822
5.7937	0.07801
5.8002	0.07789
5.8067	0.07777
5.8132	0.07771
5.8197	0.07771
5.8263	0.07773
5.8328	0.07762
5.8394	0.07748
5.846	0.07733
5.8526	0.07722
5.8592	0.07705
5.8658	0.07678
5.8725	0.07642
5.8791	0.07611
5.8858	0.07552
5.8925	0.07478
5.8992	0.07400
5.9059	0.07310
5.9126	0.07215
5.9194	0.07118
5.9262	0.07014
5.9329	0.06924
5.9397	0.06817
5.9465	0.06701
5.9534	0.06591
5.9602	0.06490
5.9671	0.06394
5.974	0.06302
5.9808	0.06213
5.9878	0.06138
5.9947	0.06064
6.0016	0.06001
6.0086	0.05943
6.0155	0.05890
6.0225	0.05840
6.0295	0.05795
6.0365	0.05754
6.0436	0.05727
6.0506	0.05698
6.0577	0.05652
6.0648	0.05615
6.0719	0.05595
6.079	0.05566
6.0861	0.05533
6.0933	0.05502
6.1005	0.05477
6.1076	0.05458
6.1149	0.05437
6.1221	0.05402
6.1293	0.05366
6.1365	0.05331
6.1438	0.05298
6.1511	0.05266
6.1584	0.05239
6.1657	0.05202
6.1731	0.05166
6.1804	0.05140
6.1878	0.05119
6.1952	0.05094
6.2026	0.05076
6.21	0.05063
6.2175	0.05052
6.225	0.05039
6.2324	0.05029
6.2399	0.05017
6.2475	0.05005
6.255	0.04992
6.2625	0.04981
6.2701	0.04970
6.2777	0.04962
6.2853	0.04953
6.293	0.04945
6.3006	0.04945
6.3083	0.04955
6.3159	0.04966
6.3236	0.04984
6.3314	0.05006
6.3391	0.05037
6.3469	0.05079
6.3546	0.05112
6.3624	0.05145
6.3703	0.05189
6.3781	0.05233
6.3859	0.05274
6.3938	0.05317
6.4017	0.05356
6.4096	0.05401
6.4175	0.05446
6.4255	0.05467
6.4335	0.05493
6.4415	0.05525
6.4495	0.05553
6.4575	0.05581
6.4656	0.05606
6.4736	0.05638
6.4817	0.05673
6.4898	0.05708
6.498	0.05743
6.5061	0.05763
6.5143	0.05779
6.5225	0.05803
6.5307	0.05813
6.539	0.05816
6.5472	0.05819
6.5555	0.05815
6.5638	0.05803
6.5721	0.05791
6.5804	0.05767
6.5888	0.05743
6.5972	0.05721
6.6056	0.05698
6.614	0.05680
6.6225	0.05672
6.6309	0.05679
6.6394	0.05694
6.6479	0.05701
6.6565	0.05704
6.665	0.05719
6.6736	0.05742
6.6822	0.05768
6.6908	0.05793
6.6995	0.05812
6.7081	0.05837
6.7168	0.05862
6.7255	0.05878
6.7343	0.05890
6.743	0.05899
6.7518	0.05909
6.7606	0.05917
6.7694	0.05925
6.7783	0.05932
6.7871	0.05935
6.796	0.05931
6.805	0.05923
6.8139	0.05916
6.8229	0.05911
6.8319	0.05895
6.8409	0.05874
6.8499	0.05855
6.859	0.05839
6.868	0.05813
6.8772	0.05777
6.8863	0.05745
6.8955	0.05714
6.9046	0.05682
6.9138	0.05644
6.9231	0.05608
6.9323	0.05581
6.9416	0.05551
6.9509	0.05520
6.9602	0.05492
6.9696	0.05460
6.979	0.05426
6.9884	0.05397
6.9978	0.05366
7.0073	0.05333
7.0168	0.05297
7.0263	0.05262
7.0358	0.05227
7.0454	0.05196
7.0549	0.05162
7.0645	0.05128
7.0742	0.05097
7.0839	0.05075
7.0935	0.05052
7.1033	0.05034
7.113	0.05019
7.1228	0.05001
7.1326	0.04978
7.1424	0.04958
7.1522	0.04932
7.1621	0.04906
7.172	0.04877
7.182	0.04841
7.1919	0.04804
7.2019	0.04773
7.2119	0.04740
7.222	0.04701
7.232	0.04663
7.2421	0.04627
7.2523	0.04585
7.2624	0.04543
7.2726	0.04501
7.2828	0.04458
7.2931	0.04409
7.3033	0.04361
7.3136	0.04314
7.324	0.04265
7.3343	0.04215
7.3447	0.04168
7.3551	0.04119
7.3656	0.04071
7.3761	0.04025
7.3866	0.03981
7.3971	0.03936
7.4077	0.03894
7.4183	0.03849
7.4289	0.03809
7.4396	0.03771
7.4503	0.03733
7.461	0.03689
7.4717	0.03644
7.4825	0.03602
7.4933	0.03561
7.5042	0.03516
7.515	0.03472
7.5259	0.03429
7.5369	0.03387
7.5479	0.03346
7.5589	0.03304
7.5699	0.03257
7.581	0.03212
7.592	0.03167
7.6032	0.03127
7.6144	0.03080
7.6255	0.03032
7.6368	0.02988
7.648	0.02948
7.6593	0.02902
7.6707	0.02857
7.682	0.02812
7.6934	0.02768
7.7049	0.02722
7.7163	0.02678
7.7278	0.02635
7.7394	0.02595
7.7509	0.02552
7.7625	0.02508
7.7742	0.02463
7.7858	0.02419
7.7975	0.02377
7.8093	0.02337
7.8211	0.02292
7.8329	0.02251
7.8447	0.02207
7.8566	0.02160
7.8685	0.02111
7.8805	0.02071
7.8925	0.02028
7.9045	0.01985
7.9166	0.01938
7.9287	0.01891
7.9408	0.01842
7.953	0.01796
7.9652	0.01751
7.9775	0.01705
7.9898	0.01657
8.0021	0.01613
8.0145	0.01567
8.0269	0.01520
8.0393	0.01470
8.0518	0.01424
8.0643	0.01378
8.0769	0.01335
8.0895	0.01287
8.1021	0.01239
8.1148	0.01193
8.1275	0.01150
8.1403	0.01102
8.1531	0.01054
8.1659	0.01009
8.1788	0.00973
8.1917	0.00934
8.2047	0.00893
8.2177	0.00849
8.2307	0.00811
8.2438	0.00770
8.257	0.00733
8.2701	0.00698
8.2833	0.00665
8.2966	0.00632
8.3099	0.00607
8.3232	0.00573
8.3366	0.00542
8.35	0.00515
8.3635	0.00492
8.377	0.00466
8.3905	0.00451
8.4042	0.00433
8.4178	0.00426
8.4315	0.00427
8.4452	0.00432
8.459	0.00449
8.4728	0.00488
8.4867	0.00550
8.5006	0.00640
8.5145	0.00763
8.5285	0.00929
8.5426	0.01141
8.5567	0.01405
8.5708	0.01718
8.585	0.02086
8.5993	0.02502
8.6135	0.02967
8.6279	0.03481
8.6423	0.04037
8.6567	0.04615
8.6712	0.05201
8.6857	0.05785
8.7003	0.06348
8.7149	0.06871
8.7296	0.07312
8.7443	0.07584
8.759	0.07664
8.7739	0.07656
8.7887	0.07715
8.8037	0.07924
8.8186	0.08250
8.8337	0.08624
8.8487	0.08979
8.8638	0.09272
8.879	0.09489
8.8943	0.09633
8.9095	0.09728
8.9249	0.09801
8.9403	0.09860
8.9557	0.09915
8.9712	0.09964
8.9867	0.10002
9.0023	0.10029
9.018	0.10055
9.0337	0.10069
9.0495	0.10073
9.0653	0.10074
9.0812	0.10080
9.0971	0.10077
9.1131	0.10065
9.1291	0.10054
9.1452	0.10043
9.1614	0.10031
9.1776	0.10024
9.1939	0.10015
9.2102	0.10014
9.2266	0.10024
9.243	0.10040
9.2595	0.10064
9.2761	0.10091
9.2927	0.10119
9.3094	0.10155
9.3262	0.10193
9.343	0.10229
9.3598	0.10258
9.3768	0.10273
9.3937	0.10264
9.4108	0.10233
9.4279	0.10169
9.4451	0.10077
9.4623	0.09962
9.4796	0.09850
9.497	0.09745
9.5144	0.09632
9.5319	0.09508
9.5494	0.09356
9.567	0.09177
9.5847	0.08992
9.6025	0.08802
9.6203	0.08611
9.6382	0.08420
9.6561	0.08230
9.6742	0.08049
9.6922	0.07874
9.7104	0.07707
9.7286	0.07557
9.7469	0.07420
9.7652	0.07300
9.7837	0.07204
9.8022	0.07133
9.8207	0.07093
9.8394	0.07095
9.8581	0.07140
9.8768	0.07229
9.8957	0.07360
9.9146	0.07516
9.9336	0.07679
9.9527	0.07837
9.9718	0.07972
9.991	0.08065
10.0103	0.08123
10.0297	0.08164
10.0491	0.08216
10.0686	0.08306
10.0882	0.08437
10.1079	0.08597
10.1276	0.08781
10.1474	0.08983
10.1673	0.09207
10.1873	0.09469
10.2074	0.09761
10.2275	0.10051
10.2477	0.10267
10.268	0.10350
10.2884	0.10297
10.3088	0.10144
10.3294	0.09970
10.35	0.09855
10.3707	0.09827
10.3915	0.09864
10.4123	0.09905
10.4333	0.09921
10.4543	0.09885
10.4755	0.09792
10.4967	0.09656
10.518	0.09484
10.5393	0.09294
10.5608	0.09104
10.5823	0.08913
10.604	0.08744
10.6257	0.08598
10.6475	0.08474
10.6694	0.08378
10.6914	0.08310
10.7135	0.08259
10.7357	0.08223
10.758	0.08199
10.7803	0.08178
10.8028	0.08139
10.8254	0.08071
10.848	0.07979
10.8708	0.07858
10.8936	0.07706
10.9165	0.07532
10.9395	0.07340
10.9627	0.07155
10.9859	0.06988
11.0092	0.06844
11.0327	0.06741
11.0562	0.06698
11.0798	0.06698
11.1035	0.06720
11.1273	0.06754
11.1513	0.06802
11.1753	0.06856
11.1995	0.06913
11.2237	0.06983
11.248	0.07075
11.2725	0.07203
11.297	0.07367
11.3217	0.07537
11.3465	0.07707
11.3714	0.07855
11.3964	0.07969
11.4215	0.08039
11.4467	0.08048
11.472	0.08009
11.4975	0.07947
11.523	0.07855
11.5487	0.07730
11.5745	0.07590
11.6003	0.07458
11.6263	0.07323
11.6525	0.07176
11.6787	0.07041
11.7051	0.06920
11.7316	0.06802
11.7582	0.06680
11.7849	0.06542
11.8117	0.06394
11.8387	0.06248
11.8658	0.06098
11.893	0.05937
11.9203	0.05777
11.9478	0.05628
11.9754	0.05496
12.0031	0.05371
12.031	0.05257
12.059	0.05143
12.0871	0.05025
12.1153	0.04911
12.1437	0.04800
12.1722	0.04691
12.2008	0.04590
12.2296	0.04501
12.2585	0.04419
12.2876	0.04334
12.3168	0.04251
12.3461	0.04183
12.3755	0.04122
12.4052	0.04061
12.4349	0.04002
12.4648	0.03929
12.4948	0.03852
12.525	0.03789
12.5553	0.03737
12.5858	0.03678
12.6164	0.03618
12.6472	0.03566
12.6781	0.03516
12.7092	0.03459
12.7404	0.03397
12.7718	0.03344
12.8033	0.03284
12.835	0.03218
12.8669	0.03151
12.8989	0.03081
12.931	0.03014
12.9634	0.02950
12.9959	0.02892
13.0285	0.02860
13.0613	0.02860
13.0943	0.02891
13.1275	0.02924
13.1608	0.02947
13.1943	0.02944
13.228	0.02926
13.2618	0.02892
13.2958	0.02844
13.33	0.02806
13.3643	0.02797
13.3989	0.02788
13.4336	0.02754
13.4685	0.02708
13.5035	0.02653
13.5388	0.02587
13.5742	0.02520
13.6099	0.02461
13.6457	0.02423
13.6817	0.02401
13.7179	0.02419
13.7543	0.02461
13.7908	0.02497
13.8276	0.02514
13.8646	0.02494
13.9018	0.02448
13.9391	0.02396
13.9767	0.02335
14.0145	0.02290
14.0525	0.02259
14.0907	0.02230
14.129	0.02230
14.1677	0.02269
14.2065	0.02338
14.2455	0.02456
14.2847	0.02621
14.3242	0.02795
14.3639	0.02949
14.4038	0.03061
14.4439	0.03100
14.4843	0.03052
14.5248	0.02932
14.5656	0.02786
14.6067	0.02632
14.6479	0.02493
14.6894	0.02371
14.7311	0.02259
14.7731	0.02168
14.8153	0.02090
14.8578	0.02017
14.9005	0.01957
14.9434	0.01903
14.9866	0.01845
15.03	0.01799
15.0737	0.01778
15.1177	0.01793
15.1619	0.01868
15.2063	0.01976
15.2511	0.02092
15.2961	0.02183
15.3413	0.02255
15.3868	0.02320
15.4326	0.02368
15.4787	0.02378
15.5251	0.02352
15.5717	0.02322
15.6186	0.02323
15.6658	0.02342
15.7132	0.02375
15.761	0.02399
15.809	0.02384
15.8574	0.02309
15.906	0.02177
15.955	0.02018
16.0042	0.01877
16.0538	0.01787
16.1036	0.01759
16.1538	0.01821
16.2043	0.02042
16.2551	0.02419
16.3062	0.02892
16.3576	0.03436
16.4094	0.04022
16.4615	0.04594
16.5139	0.05127
16.5667	0.05617
16.6198	0.06056
16.6732	0.06457
16.727	0.06850
16.7811	0.07232
16.8356	0.07595
16.8904	0.07952
16.9457	0.08312
17.0012	0.08714
17.0571	0.09163
17.1134	0.09626
17.1701	0.10090
17.2272	0.10570
17.2846	0.11042
17.3424	0.11464
17.4006	0.11811
17.4592	0.12051
17.5182	0.12172
17.5775	0.12189
17.6373	0.12110
17.6975	0.12006
17.7581	0.11895
17.8192	0.11840
17.8806	0.11913
17.9425	0.12119
18.0048	0.12387
18.0675	0.12669
18.1307	0.12951
18.1943	0.13214
18.2583	0.13429
18.3229	0.13554
18.3879	0.13581
18.4533	0.13587
18.5192	0.13665
18.5856	0.13835
18.6524	0.13991
18.7198	0.14007
18.7876	0.13885
18.8559	0.13765
18.9248	0.13815
18.9941	0.14117
19.0639	0.14588
19.1343	0.15090
19.2051	0.15562
19.2765	0.15963
19.3484	0.16204
19.4209	0.16302
19.4939	0.16271
19.5675	0.16145
19.6416	0.15927
19.7163	0.15663
19.7915	0.15384
19.8673	0.15095
19.9438	0.14768
20.0208	0.14433
20.0984	0.14115
20.1766	0.13790
20.2554	0.13403
20.3348	0.13016
20.4149	0.12695
20.4956	0.12384
20.5769	0.12056
20.6589	0.11777
20.7415	0.11460
20.8248	0.11108
20.9088	0.10781
20.9934	0.10459
21.0788	0.10178
21.1648	0.09977
21.2516	0.09894
21.339	0.09968
21.4272	0.10106
21.5161	0.10257
21.6058	0.10411
21.6962	0.10521
21.7873	0.10621
21.8793	0.10730
21.972	0.10689
22.0655	0.10633
22.1598	0.10531
22.2549	0.10423
22.3508	0.10344
22.4475	0.10190
22.5451	0.09990
22.6436	0.09791
22.7429	0.09539
22.8431	0.09297
22.9442	0.09093
23.0462	0.08862
23.1491	0.08641
23.2529	0.08444
23.3576	0.08220
23.4633	0.08013
23.5699	0.07785
23.6776	0.07550
23.7862	0.07382
23.8958	0.07294
24.0064	0.07302
24.1181	0.07382
24.2308	0.07503
24.3445	0.07666
24.4593	0.07897
24.5753	0.08171
24.6923	0.08309
24.8104	0.08364
24.9297	0.08363
25.0501	0.08347
25.1717	0.08257
25.2946	0.08171
25.4186	0.08101
25.5438	0.08013
25.6702	0.07885
25.7979	0.07708
25.9269	0.07498
26.0572	0.07290
26.1888	0.07068
26.3217	0.06921
26.456	0.06793
26.5917	0.06708
26.7288	0.06676
26.8672	0.06671
27.0072	0.06669
27.1486	0.06758
27.2915	0.06848
27.4359	0.06969
27.5818	0.07284
27.7293	0.07770
27.8784	0.08265
28.0291	0.08777
28.1814	0.09226
28.3354	0.09579
28.4911	0.09889
28.6485	0.10075
28.8077	0.10145
28.9686	0.10178
29.1313	0.10157
29.296	0.10075
29.4624	0.09970
29.6308	0.09910
29.8011	0.09834
29.9733	0.09775
30.1476	0.09601
30.3239	0.09445
30.5022	0.09323
30.6827	0.09093
30.8653	0.08843
31.0502	0.08630
31.2372	0.08445
31.4265	0.08291
31.6182	0.08189
31.8122	0.08057
32.0086	0.07963
32.2074	0.07812
32.4087	0.07712
32.6125	0.07780
32.8189	0.07744
33.0279	0.07606
33.2396	0.07494
33.4541	0.07385
33.6713	0.07248
33.8914	0.07102
34.1143	0.07083
34.3403	0.07181
34.5692	0.07142
34.8013	0.07050
35.0364	0.07004
35.2747	0.07084
35.5164	0.07172
35.7613	0.07138
36.0096	0.07242
36.2614	0.07310
36.5167	0.07289
36.7757	0.07448
37.0384	0.07777
37.3049	0.07851
37.5752	0.07741
37.8495	0.07711
38.1278	0.07737
38.4103	0.07652
38.6969	0.07533
38.9879	0.07636
39.2832	0.07699
39.5831	0.07580
39.8876	0.07509
40.1968	0.07363
40.5108	0.07173
40.8298	0.07041
41.1538	0.06927
41.483	0.06891
41.8176	0.06818
42.1575	0.06796
42.5031	0.07024
42.8544	0.07198
43.2116	0.07487
43.5747	0.07769
43.944	0.07958
44.3196	0.08192
44.7016	0.08420
45.0903	0.08803
45.4858	0.08784
45.8883	0.08784
46.298	0.08726
46.7151	0.08533
47.1398	0.08278
47.5723	0.08075
48.0128	0.08263
48.4616	0.08287
48.9188	0.08054
49.3847	0.07591
49.8595	0.07583
50.3436	0.07667
50.8372	0.07671
51.3405	0.07667
51.8538	0.07613
52.3776	0.07414
52.912	0.07247
53.4575	0.07044
54.0144	0.07360
54.5829	0.07347
55.1636	0.07280
55.7569	0.07410
56.363	0.07448
56.9823	0.07307
57.6155	0.07290
58.2628	0.07280
58.9249	0.07244
59.6022	0.07302
60.2951	0.07121
61.0044	0.07661
61.7307	0.08113
62.4744	0.08230
63.2363	0.07969
64.017	0.07759
64.8172	0.07995
65.6379	0.08334
66.4794	0.07808
67.3428	0.07878
68.2289	0.08270
69.1386	0.08509
70.0729	0.09043
71.0328	0.09205
72.0191	0.09763
73.0335	0.09747
74.0768	0.09895
75.1504	0.09938
76.2555	0.09130
77.3937	0.08361
78.5663	0.09116
79.7754	0.09417
81.0219	0.08661
82.3079	0.10105
83.6355	0.11213
85.0065	0.10136
86.4233	0.08999
87.8881	0.10142
89.4031	0.12372
90.9715	0.11124
92.596	0.10095
94.2796	0.10811
96.0255	0.11502
97.8373	0.09784
99.7188	0.10574
