Brown University Keck/NASA Relab Spectrum PE-CMP-034-L/NNPE34L
Wavelength(micron)	Reflectance
0.3	0.17648
0.305	0.17861
0.31	0.18949
0.315	0.20230
0.32	0.21830
0.325	0.23602
0.33	0.25590
0.335	0.27659
0.34	0.29659
0.345	0.31833
0.35	0.34066
0.355	0.36086
0.36	0.37953
0.365	0.39465
0.37	0.40703
0.375	0.41217
0.38	0.41977
0.385	0.42807
0.39	0.43629
0.395	0.44165
0.4	0.44860
0.405	0.45288
0.41	0.45822
0.415	0.46245
0.42	0.46562
0.425	0.46363
0.43	0.47029
0.435	0.47732
0.44	0.48089
0.445	0.47887
0.45	0.48397
0.455	0.48986
0.46	0.49458
0.465	0.49756
0.47	0.50022
0.475	0.50279
0.48	0.50620
0.485	0.51372
0.49	0.52024
0.495	0.52966
0.5	0.53551
0.505	0.53205
0.51	0.55115
0.515	0.56313
0.52	0.57184
0.525	0.57915
0.53	0.58603
0.535	0.59017
0.54	0.59106
0.545	0.59006
0.55	0.59260
0.555	0.59730
0.56	0.60113
0.565	0.60380
0.57	0.60588
0.575	0.60790
0.58	0.60820
0.585	0.61003
0.59	0.61236
0.595	0.61482
0.6	0.61592
0.605	0.61702
0.61	0.61898
0.615	0.62173
0.62	0.62244
0.625	0.62405
0.63	0.62641
0.635	0.62731
0.64	0.62884
0.645	0.62958
0.65	0.63060
0.655	0.63279
0.66	0.63446
0.665	0.63587
0.67	0.63696
0.675	0.63955
0.68	0.64313
0.685	0.64596
0.69	0.64767
0.695	0.64730
0.7	0.64893
0.705	0.64954
0.71	0.65155
0.715	0.65240
0.72	0.65254
0.725	0.65058
0.73	0.64768
0.735	0.64474
0.74	0.63874
0.745	0.63331
0.75	0.62360
0.755	0.61467
0.76	0.60575
0.765	0.59238
0.77	0.57856
0.775	0.56538
0.78	0.54787
0.785	0.53107
0.79	0.51421
0.795	0.49882
0.8	0.48308
0.805	0.46653
0.81	0.44960
0.815	0.43320
0.82	0.41913
0.825	0.40418
0.83	0.38928
0.835	0.37651
0.84	0.36381
0.845	0.35268
0.85	0.34238
0.855	0.33598
0.86	0.32843
0.865	0.31930
0.87	0.31209
0.875	0.30546
0.88	0.30147
0.885	0.29563
0.89	0.28978
0.895	0.28631
0.9	0.28413
0.905	0.28291
0.91	0.28170
0.915	0.28215
0.92	0.28327
0.925	0.28495
0.93	0.28772
0.935	0.29241
0.94	0.29729
0.945	0.30278
0.95	0.30892
0.955	0.31695
0.96	0.32595
0.965	0.33546
0.97	0.34629
0.975	0.35682
0.98	0.36990
0.985	0.38260
0.99	0.39655
0.995	0.41091
1	0.42498
1.005	0.43904
1.01	0.44734
1.015	0.46158
1.02	0.47723
1.025	0.49123
1.03	0.50658
1.035	0.52033
1.04	0.53327
1.045	0.54750
1.05	0.56146
1.055	0.57142
1.06	0.58363
1.065	0.59506
1.07	0.60512
1.075	0.61457
1.08	0.62353
1.085	0.63132
1.09	0.63945
1.095	0.64625
1.1	0.65386
1.105	0.65919
1.11	0.66509
1.115	0.66958
1.12	0.67512
1.125	0.67800
1.13	0.68190
1.135	0.68544
1.14	0.68902
1.145	0.69154
1.15	0.69455
1.155	0.69667
1.16	0.69798
1.165	0.70065
1.17	0.70193
1.175	0.70268
1.18	0.70485
1.185	0.70612
1.19	0.70741
1.195	0.70765
1.2	0.70976
1.205	0.70956
1.21	0.70993
1.215	0.71082
1.22	0.71200
1.225	0.71299
1.23	0.71291
1.235	0.71293
1.24	0.71293
1.245	0.71330
1.25	0.71451
1.255	0.71472
1.26	0.71341
1.265	0.71311
1.27	0.71214
1.275	0.71231
1.28	0.71102
1.285	0.71061
1.29	0.70953
1.295	0.70894
1.3	0.70787
1.305	0.70676
1.31	0.70507
1.315	0.70416
1.32	0.70243
1.325	0.70126
1.33	0.69888
1.335	0.69624
1.34	0.69479
1.345	0.69279
1.35	0.68967
1.355	0.68633
1.36	0.68339
1.365	0.67921
1.37	0.67643
1.375	0.67420
1.38	0.67159
1.385	0.66606
1.39	0.66369
1.395	0.65955
1.4	0.65548
1.405	0.65352
1.41	0.64978
1.415	0.64585
1.42	0.64184
1.425	0.63890
1.43	0.63513
1.435	0.63116
1.44	0.62657
1.445	0.62251
1.45	0.61774
1.455	0.61424
1.46	0.60897
1.465	0.60563
1.47	0.60035
1.475	0.59697
1.48	0.59216
1.485	0.58725
1.49	0.58215
1.495	0.57799
1.5	0.57350
1.505	0.56908
1.51	0.56401
1.515	0.55953
1.52	0.55528
1.525	0.55091
1.53	0.54557
1.535	0.54100
1.54	0.53600
1.545	0.53237
1.55	0.52731
1.555	0.52300
1.56	0.51778
1.565	0.51368
1.57	0.50951
1.575	0.50453
1.58	0.50059
1.585	0.49589
1.59	0.49227
1.595	0.48822
1.6	0.48410
1.605	0.48015
1.61	0.47679
1.615	0.47295
1.62	0.46920
1.625	0.46502
1.63	0.46109
1.635	0.45725
1.64	0.45417
1.645	0.45035
1.65	0.44716
1.655	0.44447
1.66	0.44098
1.665	0.43843
1.67	0.43499
1.675	0.43247
1.68	0.42905
1.685	0.42614
1.69	0.42319
1.695	0.42129
1.7	0.41870
1.705	0.41588
1.71	0.41388
1.715	0.41133
1.72	0.40862
1.725	0.40675
1.73	0.40466
1.735	0.40230
1.74	0.40059
1.745	0.39871
1.75	0.39712
1.755	0.39437
1.76	0.39267
1.765	0.39101
1.77	0.38965
1.775	0.38867
1.78	0.38752
1.785	0.38626
1.79	0.38566
1.795	0.38495
1.8	0.38392
1.805	0.38331
1.81	0.38259
1.815	0.38174
1.82	0.38076
1.825	0.38064
1.83	0.38045
1.835	0.37935
1.84	0.38029
1.845	0.38061
1.85	0.38057
1.855	0.38046
1.86	0.38205
1.865	0.38226
1.87	0.38268
1.875	0.38508
1.88	0.38586
1.885	0.38654
1.89	0.38761
1.895	0.38784
1.9	0.38911
1.905	0.39103
1.91	0.39197
1.915	0.39318
1.92	0.39571
1.925	0.39680
1.93	0.39872
1.935	0.40100
1.94	0.40354
1.945	0.40479
1.95	0.40623
1.955	0.40846
1.96	0.41095
1.965	0.41307
1.97	0.41607
1.975	0.41883
1.98	0.42189
1.985	0.42462
1.99	0.42721
1.995	0.43112
2	0.43378
2.005	0.43685
2.01	0.44029
2.015	0.44335
2.02	0.44739
2.025	0.45072
2.03	0.45435
2.035	0.45822
2.04	0.46231
2.045	0.46525
2.05	0.46922
2.055	0.47347
2.06	0.47719
2.065	0.48121
2.07	0.48441
2.075	0.48861
2.08	0.49347
2.085	0.49757
2.09	0.50142
2.095	0.50538
2.1	0.50953
2.105	0.51330
2.11	0.51745
2.115	0.52230
2.12	0.52546
2.125	0.52953
2.13	0.53355
2.135	0.53651
2.14	0.54101
2.145	0.54447
2.15	0.54840
2.155	0.55189
2.16	0.55495
2.165	0.55970
2.17	0.56288
2.175	0.56634
2.18	0.57128
2.185	0.57467
2.19	0.57866
2.195	0.58152
2.2	0.58497
2.205	0.58818
2.21	0.59042
2.215	0.59446
2.22	0.59771
2.225	0.60083
2.23	0.60291
2.235	0.60575
2.24	0.60881
2.245	0.61071
2.25	0.61245
2.255	0.61678
2.26	0.61976
2.265	0.62220
2.27	0.62395
2.275	0.62691
2.28	0.62862
2.285	0.63140
2.29	0.63279
2.295	0.63491
2.3	0.63715
2.305	0.63915
2.31	0.63980
2.315	0.64159
2.32	0.64354
2.325	0.64597
2.33	0.64812
2.335	0.65025
2.34	0.65167
2.345	0.65215
2.35	0.65438
2.355	0.65452
2.36	0.65527
2.3629	0.65548
2.365	0.65554
2.3672	0.65622
2.3693	0.65681
2.3715	0.65730
2.3737	0.65769
2.3759	0.65764
2.378	0.65775
2.3802	0.65798
2.3824	0.65822
2.3846	0.65855
2.3868	0.65880
2.389	0.65914
2.3912	0.65972
2.3934	0.66029
2.3956	0.66091
2.3978	0.66142
2.4001	0.66176
2.4023	0.66210
2.4045	0.66240
2.4067	0.66283
2.409	0.66320
2.4112	0.66327
2.4135	0.66367
2.4157	0.66383
2.418	0.66412
2.4202	0.66452
2.4225	0.66489
2.4248	0.66515
2.427	0.66548
2.4293	0.66554
2.4316	0.66548
2.4339	0.66538
2.4362	0.66563
2.4384	0.66597
2.4407	0.66604
2.443	0.66619
2.4453	0.66635
2.4477	0.66686
2.45	0.66739
2.4523	0.66711
2.4546	0.66665
2.4569	0.66684
2.4593	0.66721
2.4616	0.66713
2.4639	0.66726
2.4663	0.66770
2.4686	0.66804
2.471	0.66816
2.4733	0.66816
2.4757	0.66816
2.4781	0.66835
2.4804	0.66855
2.4828	0.66861
2.4852	0.66882
2.4876	0.66878
2.49	0.66881
2.4924	0.66876
2.4948	0.66869
2.4972	0.66893
2.4996	0.66922
2.502	0.66908
2.5044	0.66903
2.5068	0.66903
2.5093	0.66886
2.5117	0.66903
2.5141	0.66921
2.5166	0.66909
2.519	0.66951
2.5215	0.66996
2.5239	0.66998
2.5264	0.66996
2.5288	0.67005
2.5313	0.66987
2.5338	0.66960
2.5363	0.66956
2.5388	0.66979
2.5412	0.67012
2.5437	0.66997
2.5462	0.66967
2.5487	0.66957
2.5512	0.66948
2.5538	0.66947
2.5563	0.66942
2.5588	0.66933
2.5613	0.66892
2.5639	0.66870
2.5664	0.66925
2.5689	0.66952
2.5715	0.66928
2.574	0.66919
2.5766	0.66897
2.5792	0.66895
2.5817	0.66883
2.5843	0.66856
2.5869	0.66825
2.5895	0.66840
2.5921	0.66846
2.5947	0.66768
2.5973	0.66693
2.5999	0.66753
2.6025	0.66780
2.6051	0.66721
2.6077	0.66708
2.6103	0.66763
2.613	0.66771
2.6156	0.66761
2.6183	0.66686
2.6209	0.66646
2.6236	0.66676
2.6262	0.66674
2.6289	0.66622
2.6315	0.66579
2.6342	0.66577
2.6369	0.66597
2.6396	0.66583
2.6423	0.66560
2.645	0.66521
2.6477	0.66500
2.6504	0.66464
2.6531	0.66390
2.6558	0.66320
2.6585	0.66288
2.6613	0.66216
2.664	0.66114
2.6667	0.65972
2.6695	0.65858
2.6722	0.65732
2.675	0.65592
2.6778	0.65361
2.6805	0.64995
2.6833	0.64639
2.6861	0.64181
2.6889	0.63595
2.6917	0.62920
2.6945	0.62119
2.6973	0.61167
2.7001	0.60165
2.7029	0.58961
2.7057	0.57621
2.7085	0.56353
2.7114	0.55293
2.7142	0.54564
2.7171	0.54054
2.7199	0.53088
2.7228	0.51682
2.7256	0.51482
2.7285	0.52392
2.7314	0.52807
2.7342	0.52824
2.7371	0.52823
2.74	0.52896
2.7429	0.52896
2.7458	0.52891
2.7487	0.52830
2.7517	0.52724
2.7546	0.52540
2.7575	0.52311
2.7605	0.52148
2.7634	0.52011
2.7663	0.51964
2.7693	0.51872
2.7723	0.51698
2.7752	0.51478
2.7782	0.51300
2.7812	0.51166
2.7842	0.50988
2.7872	0.50884
2.7902	0.50778
2.7932	0.50711
2.7962	0.50649
2.7992	0.50561
2.8022	0.50367
2.8053	0.50134
2.8083	0.49931
2.8114	0.49737
2.8144	0.49656
2.8175	0.49620
2.8205	0.49582
2.8236	0.49554
2.8267	0.49540
2.8298	0.49506
2.8329	0.49403
2.836	0.49214
2.8391	0.48939
2.8422	0.48677
2.8453	0.48480
2.8484	0.48431
2.8516	0.48497
2.8547	0.48612
2.8578	0.48738
2.861	0.48811
2.8642	0.48840
2.8673	0.48798
2.8705	0.48766
2.8737	0.48721
2.8769	0.48644
2.8801	0.48514
2.8833	0.48438
2.8865	0.48370
2.8897	0.48247
2.8929	0.48157
2.8962	0.48088
2.8994	0.48015
2.9027	0.47910
2.9059	0.47813
2.9092	0.47769
2.9124	0.47701
2.9157	0.47563
2.9174	0.47548
2.919	0.47535
2.9206	0.47511
2.9223	0.47479
2.9239	0.47456
2.9256	0.47458
2.9272	0.47470
2.9289	0.47469
2.9305	0.47473
2.9322	0.47464
2.9339	0.47485
2.9355	0.47512
2.9372	0.47537
2.9389	0.47572
2.9405	0.47608
2.9422	0.47619
2.9439	0.47657
2.9455	0.47725
2.9472	0.47757
2.9489	0.47781
2.9506	0.47828
2.9522	0.47885
2.9539	0.47941
2.9556	0.47983
2.9573	0.47996
2.959	0.48018
2.9607	0.48068
2.9624	0.48082
2.9641	0.48105
2.9658	0.48111
2.9674	0.48156
2.9691	0.48212
2.9709	0.48209
2.9726	0.48209
2.9743	0.48239
2.976	0.48266
2.9777	0.48291
2.9794	0.48306
2.9811	0.48320
2.9828	0.48356
2.9845	0.48373
2.9863	0.48359
2.988	0.48363
2.9897	0.48380
2.9914	0.48402
2.9931	0.48418
2.9949	0.48428
2.9966	0.48431
2.9983	0.48461
3.0001	0.48466
3.0018	0.48471
3.0036	0.48477
3.0053	0.48484
3.007	0.48477
3.0088	0.48485
3.0105	0.48495
3.0123	0.48506
3.014	0.48508
3.0158	0.48526
3.0175	0.48532
3.0193	0.48540
3.0211	0.48577
3.0228	0.48581
3.0246	0.48581
3.0263	0.48569
3.0281	0.48569
3.0299	0.48610
3.0317	0.48620
3.0334	0.48604
3.0352	0.48590
3.037	0.48613
3.0388	0.48632
3.0405	0.48634
3.0423	0.48646
3.0441	0.48640
3.0459	0.48647
3.0477	0.48668
3.0495	0.48685
3.0513	0.48693
3.0531	0.48718
3.0549	0.48723
3.0567	0.48705
3.0585	0.48696
3.0603	0.48708
3.0621	0.48708
3.0639	0.48717
3.0657	0.48731
3.0675	0.48740
3.0694	0.48760
3.0712	0.48774
3.073	0.48788
3.0748	0.48786
3.0766	0.48777
3.0785	0.48788
3.0803	0.48780
3.0821	0.48788
3.084	0.48822
3.0858	0.48817
3.0876	0.48830
3.0895	0.48825
3.0913	0.48818
3.0932	0.48823
3.095	0.48840
3.0969	0.48869
3.0987	0.48891
3.1006	0.48874
3.1024	0.48891
3.1043	0.48910
3.1061	0.48904
3.108	0.48889
3.1099	0.48917
3.1117	0.48940
3.1136	0.48958
3.1155	0.48958
3.1173	0.48952
3.1192	0.48973
3.1211	0.48998
3.123	0.49002
3.1249	0.48994
3.1267	0.49005
3.1286	0.49025
3.1305	0.49039
3.1324	0.49062
3.1343	0.49093
3.1362	0.49087
3.1381	0.49078
3.14	0.49104
3.1419	0.49118
3.1438	0.49140
3.1457	0.49154
3.1476	0.49165
3.1495	0.49197
3.1514	0.49225
3.1534	0.49212
3.1553	0.49222
3.1572	0.49233
3.1591	0.49249
3.1611	0.49248
3.163	0.49261
3.1649	0.49291
3.1669	0.49321
3.1688	0.49332
3.1707	0.49332
3.1727	0.49331
3.1746	0.49349
3.1766	0.49378
3.1785	0.49392
3.1805	0.49401
3.1824	0.49425
3.1844	0.49449
3.1863	0.49439
3.1883	0.49448
3.1902	0.49470
3.1922	0.49486
3.1942	0.49494
3.1961	0.49497
3.1981	0.49516
3.2001	0.49528
3.2021	0.49532
3.204	0.49526
3.206	0.49535
3.208	0.49559
3.21	0.49558
3.212	0.49556
3.214	0.49585
3.216	0.49590
3.218	0.49590
3.22	0.49585
3.222	0.49610
3.224	0.49629
3.226	0.49640
3.228	0.49641
3.23	0.49638
3.232	0.49650
3.234	0.49655
3.236	0.49657
3.2381	0.49660
3.2401	0.49659
3.2421	0.49654
3.2441	0.49653
3.2462	0.49671
3.2482	0.49669
3.2502	0.49667
3.2523	0.49690
3.2543	0.49716
3.2564	0.49725
3.2584	0.49716
3.2605	0.49715
3.2625	0.49734
3.2646	0.49748
3.2666	0.49751
3.2687	0.49752
3.2707	0.49769
3.2728	0.49773
3.2749	0.49785
3.277	0.49797
3.279	0.49802
3.2811	0.49812
3.2832	0.49823
3.2853	0.49821
3.2873	0.49814
3.2894	0.49821
3.2915	0.49844
3.2936	0.49848
3.2957	0.49852
3.2978	0.49863
3.2999	0.49872
3.302	0.49872
3.3041	0.49876
3.3062	0.49880
3.3083	0.49892
3.3104	0.49897
3.3125	0.49912
3.3147	0.49929
3.3168	0.49945
3.3189	0.49938
3.321	0.49943
3.3232	0.49948
3.3253	0.49962
3.3274	0.49986
3.3296	0.49993
3.3317	0.49976
3.3338	0.49961
3.336	0.49955
3.3381	0.49971
3.3403	0.49971
3.3424	0.49949
3.3446	0.49940
3.3468	0.49948
3.3489	0.49936
3.3511	0.49923
3.3533	0.49900
3.3554	0.49874
3.3576	0.49866
3.3598	0.49839
3.362	0.49790
3.3641	0.49735
3.3663	0.49677
3.3685	0.49618
3.3707	0.49556
3.3729	0.49507
3.3751	0.49479
3.3773	0.49445
3.3795	0.49417
3.3817	0.49426
3.3839	0.49450
3.3861	0.49474
3.3883	0.49491
3.3905	0.49494
3.3928	0.49476
3.395	0.49438
3.3972	0.49395
3.3994	0.49331
3.4017	0.49258
3.4039	0.49182
3.4061	0.49091
3.4084	0.49005
3.4106	0.48921
3.4129	0.48859
3.4151	0.48805
3.4174	0.48804
3.4196	0.48823
3.4219	0.48872
3.4241	0.48957
3.4264	0.49068
3.4287	0.49182
3.4309	0.49292
3.4332	0.49384
3.4355	0.49473
3.4378	0.49548
3.44	0.49616
3.4423	0.49668
3.4446	0.49719
3.4469	0.49756
3.4492	0.49791
3.4515	0.49819
3.4538	0.49848
3.4561	0.49890
3.4584	0.49923
3.4607	0.49942
3.463	0.49967
3.4653	0.49981
3.4676	0.49983
3.47	0.49972
3.4723	0.49962
3.4746	0.49952
3.477	0.49940
3.4793	0.49924
3.4816	0.49915
3.484	0.49897
3.4863	0.49885
3.4887	0.49860
3.491	0.49830
3.4934	0.49784
3.4957	0.49735
3.4981	0.49673
3.5004	0.49631
3.5028	0.49621
3.5052	0.49645
3.5075	0.49701
3.5099	0.49781
3.5123	0.49867
3.5147	0.49966
3.5171	0.50054
3.5194	0.50135
3.5218	0.50199
3.5242	0.50246
3.5266	0.50294
3.529	0.50343
3.5314	0.50382
3.5338	0.50412
3.5362	0.50431
3.5387	0.50456
3.5411	0.50477
3.5435	0.50501
3.5459	0.50509
3.5483	0.50518
3.5508	0.50527
3.5532	0.50540
3.5556	0.50545
3.5581	0.50552
3.5605	0.50556
3.563	0.50562
3.5654	0.50565
3.5679	0.50580
3.5703	0.50582
3.5728	0.50580
3.5753	0.50575
3.5777	0.50582
3.5802	0.50580
3.5827	0.50577
3.5852	0.50566
3.5876	0.50557
3.5901	0.50557
3.5926	0.50574
3.5951	0.50576
3.5976	0.50572
3.6001	0.50577
3.6026	0.50579
3.6051	0.50568
3.6076	0.50569
3.6101	0.50566
3.6126	0.50565
3.6152	0.50562
3.6177	0.50562
3.6202	0.50555
3.6227	0.50565
3.6253	0.50558
3.6278	0.50562
3.6303	0.50551
3.6329	0.50552
3.6354	0.50539
3.638	0.50540
3.6405	0.50533
3.6431	0.50526
3.6457	0.50521
3.6482	0.50517
3.6508	0.50514
3.6534	0.50511
3.6559	0.50510
3.6585	0.50507
3.6611	0.50506
3.6637	0.50506
3.6663	0.50495
3.6689	0.50495
3.6715	0.50492
3.6741	0.50498
3.6767	0.50492
3.6793	0.50499
3.6819	0.50495
3.6845	0.50499
3.6872	0.50499
3.6898	0.50490
3.6924	0.50486
3.695	0.50488
3.6977	0.50483
3.7003	0.50479
3.703	0.50478
3.7056	0.50477
3.7083	0.50468
3.7109	0.50462
3.7136	0.50449
3.7162	0.50445
3.7189	0.50440
3.7216	0.50431
3.7242	0.50426
3.7269	0.50416
3.7296	0.50409
3.7323	0.50400
3.735	0.50385
3.7377	0.50388
3.7404	0.50384
3.7431	0.50378
3.7458	0.50365
3.7485	0.50359
3.7512	0.50351
3.7539	0.50352
3.7566	0.50347
3.7593	0.50341
3.7621	0.50336
3.7648	0.50333
3.7675	0.50324
3.7703	0.50314
3.773	0.50299
3.7758	0.50296
3.7785	0.50290
3.7813	0.50284
3.784	0.50270
3.7868	0.50260
3.7896	0.50250
3.7923	0.50251
3.7951	0.50243
3.7979	0.50229
3.8007	0.50211
3.8035	0.50197
3.8063	0.50186
3.8091	0.50180
3.8119	0.50168
3.8147	0.50160
3.8175	0.50152
3.8203	0.50146
3.8231	0.50133
3.8259	0.50122
3.8288	0.50117
3.8316	0.50111
3.8344	0.50095
3.8373	0.50087
3.8401	0.50076
3.8429	0.50070
3.8458	0.50059
3.8487	0.50047
3.8515	0.50036
3.8544	0.50039
3.8572	0.50024
3.8601	0.50008
3.863	0.49997
3.8659	0.49993
3.8688	0.49979
3.8716	0.49962
3.8745	0.49946
3.8774	0.49941
3.8803	0.49928
3.8832	0.49915
3.8862	0.49910
3.8891	0.49898
3.892	0.49877
3.8949	0.49863
3.8978	0.49842
3.9008	0.49832
3.9037	0.49820
3.9067	0.49809
3.9096	0.49795
3.9126	0.49778
3.9155	0.49758
3.9185	0.49740
3.9214	0.49728
3.9244	0.49716
3.9274	0.49694
3.9304	0.49681
3.9333	0.49657
3.9363	0.49641
3.9393	0.49622
3.9423	0.49607
3.9453	0.49590
3.9483	0.49565
3.9513	0.49541
3.9543	0.49524
3.9574	0.49503
3.9604	0.49486
3.9634	0.49464
3.9664	0.49449
3.9695	0.49433
3.9725	0.49417
3.9756	0.49400
3.9786	0.49385
3.9817	0.49365
3.9847	0.49349
3.9878	0.49328
3.9909	0.49308
3.9939	0.49292
3.997	0.49279
4.0001	0.49256
4.0032	0.49233
4.0063	0.49209
4.0094	0.49193
4.0125	0.49175
4.0156	0.49153
4.0187	0.49123
4.0218	0.49103
4.0249	0.49084
4.0281	0.49067
4.0312	0.49049
4.0343	0.49029
4.0375	0.49002
4.0406	0.48977
4.0438	0.48950
4.0469	0.48926
4.0501	0.48901
4.0533	0.48883
4.0564	0.48860
4.0596	0.48837
4.0628	0.48804
4.066	0.48787
4.0692	0.48762
4.0724	0.48745
4.0756	0.48724
4.0788	0.48700
4.082	0.48669
4.0852	0.48654
4.0884	0.48627
4.0917	0.48608
4.0949	0.48582
4.0981	0.48560
4.1014	0.48531
4.1046	0.48514
4.1079	0.48490
4.1111	0.48469
4.1144	0.48441
4.1177	0.48418
4.1209	0.48394
4.1242	0.48375
4.1275	0.48359
4.1308	0.48338
4.1341	0.48311
4.1374	0.48286
4.1407	0.48262
4.144	0.48245
4.1473	0.48223
4.1506	0.48203
4.154	0.48182
4.1573	0.48161
4.1606	0.48134
4.164	0.48109
4.1673	0.48083
4.1707	0.48063
4.174	0.48044
4.1774	0.48024
4.3822	0.46861
4.3859	0.46847
4.3896	0.46831
4.3933	0.46814
4.3971	0.46806
4.4008	0.46786
4.4045	0.46760
4.4083	0.46735
4.412	0.46721
4.4158	0.46706
4.4196	0.46690
4.4233	0.46672
4.4271	0.46657
4.4309	0.46636
4.4347	0.46620
4.4385	0.46600
4.4423	0.46580
4.4461	0.46551
4.4499	0.46529
4.4537	0.46506
4.4576	0.46482
4.4614	0.46454
4.4652	0.46427
4.4691	0.46399
4.4729	0.46377
4.4768	0.46341
4.4807	0.46308
4.4845	0.46277
4.4884	0.46244
4.4923	0.46196
4.4962	0.46149
4.5001	0.46094
4.504	0.46043
4.5079	0.45988
4.5119	0.45931
4.5158	0.45855
4.5197	0.45763
4.5237	0.45653
4.5276	0.45539
4.5316	0.45402
4.5356	0.45257
4.5395	0.45103
4.5435	0.44951
4.5475	0.44794
4.5515	0.44636
4.5555	0.44461
4.5595	0.44294
4.5635	0.44121
4.5675	0.43944
4.5715	0.43742
4.5756	0.43545
4.5796	0.43354
4.5837	0.43147
4.5877	0.42934
4.5918	0.42718
4.5959	0.42481
4.5999	0.42240
4.604	0.41984
4.6081	0.41721
4.6122	0.41452
4.6163	0.41185
4.6204	0.40905
4.6246	0.40629
4.6287	0.40356
4.6328	0.40090
4.637	0.39828
4.6411	0.39582
4.6453	0.39342
4.6494	0.39108
4.6536	0.38873
4.6578	0.38660
4.662	0.38448
4.6662	0.38254
4.6704	0.38080
4.6746	0.37925
4.6788	0.37781
4.683	0.37661
4.6873	0.37545
4.6915	0.37433
4.6958	0.37320
4.7	0.37210
4.7043	0.37092
4.7086	0.36971
4.7129	0.36844
4.7171	0.36721
4.7214	0.36592
4.7257	0.36456
4.7301	0.36305
4.7344	0.36145
4.7387	0.35970
4.743	0.35790
4.7474	0.35603
4.7517	0.35405
4.7561	0.35189
4.7605	0.34977
4.7648	0.34758
4.7692	0.34539
4.7736	0.34315
4.778	0.34084
4.7824	0.33857
4.7868	0.33636
4.7913	0.33398
4.7957	0.33163
4.8001	0.32934
4.8046	0.32708
4.809	0.32494
4.8135	0.32292
4.818	0.32104
4.8225	0.31935
4.8269	0.31779
4.8314	0.31642
4.8359	0.31529
4.8405	0.31433
4.845	0.31352
4.8495	0.31299
4.8541	0.31265
4.8586	0.31241
4.8632	0.31225
4.8677	0.31217
4.8723	0.31223
4.8769	0.31241
4.8815	0.31260
4.8861	0.31281
4.8907	0.31297
4.8953	0.31321
4.8999	0.31340
4.9046	0.31357
4.9092	0.31372
4.9139	0.31384
4.9185	0.31383
4.9232	0.31379
4.9279	0.31376
4.9326	0.31371
4.9373	0.31352
4.942	0.31332
4.9467	0.31305
4.9514	0.31278
4.9562	0.31241
4.9609	0.31211
4.9656	0.31161
4.9704	0.31104
4.9752	0.31041
4.98	0.30979
4.9847	0.30899
4.9895	0.30813
4.9943	0.30719
4.9992	0.30617
5.004	0.30498
5.0088	0.30370
5.0137	0.30233
5.0185	0.30093
5.0234	0.29941
5.0283	0.29768
5.0331	0.29589
5.038	0.29402
5.0429	0.29201
5.0478	0.29002
5.0528	0.28786
5.0577	0.28570
5.0626	0.28355
5.0676	0.28144
5.0725	0.27929
5.0775	0.27722
5.0825	0.27518
5.0875	0.27324
5.0925	0.27127
5.0975	0.26942
5.1025	0.26760
5.1075	0.26591
5.1126	0.26407
5.1176	0.26245
5.1227	0.26096
5.1277	0.25950
5.1328	0.25813
5.1379	0.25695
5.143	0.25608
5.1481	0.25562
5.1532	0.25548
5.1583	0.25576
5.1635	0.25659
5.1686	0.25799
5.1738	0.25979
5.179	0.26191
5.1841	0.26430
5.1893	0.26686
5.1945	0.26949
5.1997	0.27224
5.205	0.27499
5.2102	0.27757
5.2154	0.28016
5.2207	0.28255
5.2259	0.28456
5.2312	0.28651
5.2365	0.28826
5.2418	0.28990
5.2471	0.29130
5.2524	0.29264
5.2577	0.29392
5.2631	0.29523
5.2684	0.29657
5.2738	0.29800
5.2792	0.29955
5.2845	0.30118
5.2899	0.30293
5.2953	0.30488
5.3008	0.30654
5.3062	0.30810
5.3116	0.30960
5.3171	0.31103
5.3225	0.31224
5.328	0.31333
5.3335	0.31412
5.339	0.31464
5.3445	0.31505
5.35	0.31554
5.3555	0.31577
5.361	0.31539
5.3666	0.31487
5.3722	0.31426
5.3777	0.31345
5.3833	0.31244
5.3889	0.31112
5.3945	0.30958
5.4001	0.30787
5.4058	0.30598
5.4114	0.30406
5.4171	0.30217
5.4227	0.30066
5.4284	0.29908
5.4341	0.29702
5.4398	0.29573
5.4455	0.29487
5.4512	0.29426
5.457	0.29386
5.4627	0.29390
5.4685	0.29424
5.4743	0.29439
5.4801	0.29485
5.4859	0.29556
5.4917	0.29614
5.4975	0.29716
5.5033	0.29823
5.5092	0.29942
5.515	0.30047
5.5209	0.30158
5.5268	0.30239
5.5327	0.30288
5.5386	0.30286
5.5445	0.30246
5.5505	0.30155
5.5564	0.30022
5.5624	0.29822
5.5684	0.29602
5.5743	0.29383
5.5803	0.29221
5.5864	0.29027
5.5924	0.28815
5.5984	0.28659
5.6045	0.28548
5.6105	0.28426
5.6166	0.28326
5.6227	0.28236
5.6288	0.28135
5.6349	0.28051
5.6411	0.28008
5.6472	0.27964
5.6534	0.27839
5.6595	0.27739
5.6657	0.27643
5.6719	0.27566
5.6781	0.27541
5.6844	0.27478
5.6906	0.27413
5.6969	0.27377
5.7031	0.27311
5.7094	0.27282
5.7157	0.27262
5.722	0.27179
5.7283	0.27096
5.7347	0.27010
5.741	0.26942
5.7474	0.26885
5.7538	0.26846
5.7601	0.26764
5.7666	0.26798
5.773	0.26825
5.7794	0.26731
5.7859	0.26708
5.7923	0.26697
5.7988	0.26692
5.8053	0.26703
5.8118	0.26705
5.8183	0.26738
5.8249	0.26817
5.8314	0.26812
5.838	0.26769
5.8446	0.26754
5.8512	0.26761
5.8578	0.26804
5.8644	0.26861
5.871	0.26902
5.8777	0.26918
5.8844	0.27047
5.8911	0.26972
5.8978	0.26886
5.9045	0.26779
5.9112	0.26545
5.918	0.26381
5.9247	0.26184
5.9315	0.25946
5.9383	0.25768
5.9451	0.25441
5.9519	0.24993
5.9588	0.24604
5.9656	0.24216
5.9725	0.23862
5.9794	0.23416
5.9863	0.23012
5.9932	0.22688
6.0002	0.22320
6.0071	0.22007
6.0141	0.21802
6.0211	0.21637
6.0281	0.21461
6.0351	0.21346
6.0421	0.21293
6.0492	0.21360
6.0562	0.21385
6.0633	0.21226
6.0704	0.21209
6.0775	0.21256
6.0847	0.21211
6.0918	0.21153
6.099	0.21146
6.1062	0.21153
6.1134	0.21180
6.1206	0.21175
6.1278	0.21043
6.1351	0.20930
6.1423	0.20832
6.1496	0.20709
6.1569	0.20551
6.1643	0.20406
6.1716	0.20212
6.1789	0.20031
6.1863	0.19920
6.1937	0.19781
6.2011	0.19600
6.2085	0.19502
6.216	0.19439
6.2235	0.19413
6.2309	0.19397
6.2384	0.19400
6.2459	0.19407
6.2535	0.19415
6.261	0.19413
6.2686	0.19408
6.2762	0.19386
6.2838	0.19360
6.2914	0.19334
6.2991	0.19315
6.3067	0.19305
6.3144	0.19318
6.3221	0.19350
6.3298	0.19411
6.3376	0.19505
6.3453	0.19677
6.3531	0.19863
6.3609	0.19993
6.3687	0.20190
6.3765	0.20435
6.3844	0.20639
6.3923	0.20841
6.4002	0.21056
6.4081	0.21269
6.416	0.21563
6.424	0.21752
6.4319	0.21780
6.4399	0.21862
6.4479	0.21929
6.456	0.22008
6.464	0.22067
6.4721	0.22128
6.4802	0.22217
6.4883	0.22301
6.4964	0.22407
6.5046	0.22407
6.5127	0.22319
6.5209	0.22331
6.5291	0.22341
6.5374	0.22260
6.5456	0.22194
6.5539	0.22123
6.5622	0.22021
6.5705	0.21905
6.5789	0.21797
6.5872	0.21578
6.5956	0.21407
6.604	0.21236
6.6124	0.21071
6.6209	0.20961
6.6293	0.20885
6.6378	0.20901
6.6463	0.20894
6.6549	0.20786
6.6634	0.20774
6.672	0.20852
6.6806	0.20957
6.6892	0.21061
6.6978	0.21117
6.7065	0.21192
6.7152	0.21305
6.7239	0.21376
6.7326	0.21413
6.7414	0.21438
6.7502	0.21461
6.759	0.21486
6.7678	0.21494
6.7766	0.21515
6.7855	0.21524
6.7944	0.21536
6.8033	0.21479
6.8123	0.21394
6.8212	0.21357
6.8302	0.21345
6.8392	0.21288
6.8483	0.21216
6.8573	0.21192
6.8664	0.21201
6.8755	0.21109
6.8846	0.20955
6.8938	0.20875
6.903	0.20794
6.9122	0.20719
6.9214	0.20625
6.9307	0.20529
6.9399	0.20439
6.9492	0.20357
6.9586	0.20302
6.9679	0.20259
6.9773	0.20141
6.9867	0.20051
6.9961	0.19988
7.0056	0.19925
7.0151	0.19859
7.0246	0.19824
7.0341	0.19785
7.0437	0.19766
7.0532	0.19773
7.0629	0.19707
7.0725	0.19653
7.0822	0.19623
7.0918	0.19594
7.1016	0.19557
7.1113	0.19515
7.1211	0.19479
7.1309	0.19421
7.1407	0.19347
7.1505	0.19289
7.1604	0.19203
7.1703	0.19102
7.1802	0.18985
7.1902	0.18835
7.2002	0.18700
7.2102	0.18576
7.2202	0.18432
7.2303	0.18272
7.2404	0.18132
7.2505	0.18001
7.2607	0.17875
7.2709	0.17748
7.2811	0.17618
7.2913	0.17468
7.3016	0.17305
7.3119	0.17155
7.3222	0.16990
7.3326	0.16832
7.343	0.16679
7.3534	0.16515
7.3638	0.16355
7.3743	0.16216
7.3848	0.16080
7.3953	0.15954
7.4059	0.15831
7.4165	0.15719
7.4271	0.15602
7.4378	0.15483
7.4485	0.15356
7.4592	0.15223
7.4699	0.15086
7.4807	0.14941
7.4915	0.14789
7.5024	0.14645
7.5132	0.14494
7.5241	0.14342
7.5351	0.14189
7.546	0.14043
7.557	0.13888
7.5681	0.13733
7.5791	0.13575
7.5902	0.13417
7.6014	0.13249
7.6125	0.13084
7.6237	0.12913
7.635	0.12743
7.6462	0.12570
7.6575	0.12403
7.6688	0.12223
7.6802	0.12042
7.6916	0.11853
7.703	0.11664
7.7145	0.11474
7.726	0.11289
7.7375	0.11100
7.7491	0.10915
7.7607	0.10727
7.7723	0.10542
7.784	0.10357
7.7957	0.10180
7.8074	0.09987
7.8192	0.09798
7.831	0.09603
7.8429	0.09407
7.8548	0.09202
7.8667	0.08987
7.8786	0.08773
7.8906	0.08572
7.9026	0.08357
7.9147	0.08143
7.9268	0.07926
7.939	0.07715
7.9511	0.07484
7.9633	0.07255
7.9756	0.07019
7.9879	0.06786
8.0002	0.06550
8.0126	0.06322
8.025	0.06088
8.0374	0.05867
8.0499	0.05641
8.0624	0.05414
8.075	0.05175
8.0876	0.04947
8.1002	0.04716
8.1129	0.04491
8.1256	0.04259
8.1384	0.04039
8.1512	0.03814
8.164	0.03603
8.1769	0.03389
8.1898	0.03186
8.2027	0.02983
8.2157	0.02793
8.2288	0.02601
8.2419	0.02430
8.255	0.02259
8.2682	0.02107
8.2814	0.01960
8.2946	0.01825
8.3079	0.01686
8.3212	0.01570
8.3346	0.01463
8.348	0.01373
8.3615	0.01280
8.375	0.01221
8.3886	0.01178
8.4022	0.01154
8.4158	0.01142
8.4295	0.01178
8.4432	0.01241
8.457	0.01353
8.4708	0.01518
8.4847	0.01759
8.4986	0.02076
8.5125	0.02492
8.5265	0.02997
8.5406	0.03603
8.5547	0.04308
8.5688	0.05116
8.583	0.06016
8.5972	0.07007
8.6115	0.08073
8.6258	0.09209
8.6402	0.10381
8.6546	0.11570
8.6691	0.12749
8.6836	0.13872
8.6982	0.14845
8.7128	0.15546
8.7275	0.15759
8.7422	0.15355
8.757	0.14649
8.7718	0.14379
8.7867	0.14903
8.8016	0.15867
8.8166	0.16695
8.8316	0.17083
8.8466	0.17013
8.8618	0.16591
8.8769	0.15995
8.8922	0.15399
8.9074	0.14949
8.9228	0.14737
8.9382	0.14719
8.9536	0.14791
8.9691	0.14876
8.9846	0.14934
9.0002	0.14947
9.0159	0.14918
9.0316	0.14849
9.0474	0.14774
9.0632	0.14685
9.079	0.14586
9.095	0.14495
9.111	0.14411
9.127	0.14331
9.1431	0.14276
9.1593	0.14231
9.1755	0.14193
9.1917	0.14168
9.2081	0.14152
9.2244	0.14138
9.2409	0.14136
9.2574	0.14140
9.2739	0.14153
9.2906	0.14182
9.3072	0.14224
9.324	0.14277
9.3408	0.14332
9.3576	0.14382
9.3746	0.14403
9.3915	0.14409
9.4086	0.14385
9.4257	0.14315
9.4429	0.14206
9.4601	0.14070
9.4774	0.13905
9.4948	0.13698
9.5122	0.13467
9.5297	0.13198
9.5472	0.12877
9.5648	0.12487
9.5825	0.12023
9.6003	0.11469
9.6181	0.10830
9.6359	0.10103
9.6539	0.09331
9.6719	0.08569
9.69	0.07897
9.7081	0.07357
9.7263	0.06981
9.7446	0.06802
9.763	0.06842
9.7814	0.07073
9.7999	0.07508
9.8184	0.08099
9.8371	0.08781
9.8558	0.09477
9.8745	0.10110
9.8934	0.10599
9.9123	0.10913
9.9313	0.11016
9.9504	0.10925
9.9695	0.10693
9.9887	0.10424
10.008	0.10217
10.0273	0.10169
10.0468	0.10322
10.0663	0.10674
10.0859	0.11156
10.1055	0.11708
10.1253	0.12298
10.1451	0.12972
10.165	0.13738
10.1849	0.14493
10.205	0.15050
10.2251	0.15281
10.2453	0.15160
10.2656	0.14725
10.286	0.14058
10.3064	0.13322
10.327	0.12755
10.3476	0.12531
10.3683	0.12632
10.389	0.12906
10.4099	0.13155
10.4309	0.13299
10.4519	0.13324
10.473	0.13245
10.4942	0.13065
10.5155	0.12820
10.5369	0.12531
10.5583	0.12208
10.5799	0.11890
10.6015	0.11615
10.6232	0.11374
10.645	0.11197
10.6669	0.11092
10.6889	0.11062
10.711	0.11095
10.7332	0.11165
10.7555	0.11244
10.7778	0.11298
10.8003	0.11263
10.8228	0.11103
10.8455	0.10805
10.8682	0.10388
10.891	0.09884
10.914	0.09332
10.937	0.08773
10.9601	0.08267
10.9833	0.07867
11.0067	0.07621
11.0301	0.07521
11.0536	0.07563
11.0772	0.07655
11.1009	0.07711
11.1248	0.07680
11.1487	0.07579
11.1727	0.07472
11.1968	0.07422
11.2211	0.07480
11.2454	0.07733
11.2699	0.08221
11.2944	0.08893
11.3191	0.09620
11.3438	0.10283
11.3687	0.10822
11.3937	0.11205
11.4188	0.11435
11.444	0.11553
11.4693	0.11573
11.4948	0.11522
11.5203	0.11410
11.546	0.11265
11.5717	0.11105
11.5976	0.10919
11.6236	0.10724
11.6497	0.10532
11.676	0.10328
11.7023	0.10122
11.7288	0.09880
11.7554	0.09610
11.7821	0.09336
11.809	0.09073
11.8359	0.08842
11.863	0.08679
11.8902	0.08557
11.9176	0.08482
11.945	0.08449
11.9726	0.08432
12.0003	0.08420
12.0282	0.08437
12.0561	0.08476
12.0842	0.08543
12.1125	0.08622
12.1408	0.08718
12.1693	0.08823
12.198	0.08923
12.2267	0.09024
12.2556	0.09120
12.2847	0.09197
12.3139	0.09286
12.3432	0.09361
12.3726	0.09416
12.4022	0.09463
12.432	0.09508
12.4619	0.09537
12.4919	0.09560
12.5221	0.09570
12.5524	0.09566
12.5829	0.09535
12.6135	0.09505
12.6442	0.09471
12.6751	0.09435
12.7062	0.09393
12.7374	0.09338
12.7688	0.09262
12.8003	0.09183
12.832	0.09077
12.8639	0.08939
12.8959	0.08766
12.928	0.08556
12.9603	0.08295
12.9928	0.07970
13.0255	0.07594
13.0583	0.07208
13.0913	0.06857
13.1244	0.06589
13.1577	0.06418
13.1912	0.06368
13.2248	0.06368
13.2587	0.06367
13.2927	0.06310
13.3268	0.06159
13.3612	0.05921
13.3957	0.05652
13.4304	0.05424
13.4653	0.05323
13.5004	0.05326
13.5356	0.05327
13.571	0.05247
13.6067	0.05083
13.6425	0.04864
13.6785	0.04660
13.7146	0.04548
13.751	0.04571
13.7876	0.04660
13.8244	0.04743
13.8613	0.04795
13.8985	0.04813
13.9358	0.04805
13.9734	0.04802
14.0112	0.04781
14.0491	0.04755
14.0873	0.04704
14.1257	0.04652
14.1643	0.04606
14.2031	0.04558
14.2421	0.04535
14.2814	0.04606
14.3208	0.04759
14.3605	0.04969
14.4004	0.05217
14.4405	0.05396
14.4808	0.05420
14.5214	0.05290
14.5622	0.05054
14.6032	0.04786
14.6444	0.04508
14.6859	0.04250
14.7277	0.04040
14.7696	0.03891
14.8118	0.03775
14.8543	0.03685
14.8969	0.03591
14.9399	0.03494
14.983	0.03345
15.0265	0.03098
15.0702	0.02900
15.1141	0.02779
15.1583	0.02701
15.2027	0.02731
15.2475	0.02886
15.2924	0.03137
15.3377	0.03402
15.3832	0.03629
15.429	0.03777
15.475	0.03883
15.5214	0.03932
15.568	0.03907
15.6149	0.03808
15.662	0.03727
15.7095	0.03661
15.7572	0.03639
15.8053	0.03655
15.8536	0.03699
15.9023	0.03725
15.9512	0.03806
16.0004	0.03956
16.05	0.04215
16.0998	0.04621
16.15	0.05205
16.2004	0.05932
16.2512	0.06779
16.3023	0.07671
16.3537	0.08595
16.4055	0.09456
16.4576	0.10219
16.51	0.10858
16.5627	0.11415
16.6158	0.11848
16.6692	0.12203
16.723	0.12463
16.7771	0.12669
16.8316	0.12844
16.8864	0.13022
16.9416	0.13188
16.9972	0.13385
17.0531	0.13619
17.1094	0.13879
17.166	0.14144
17.223	0.14415
17.2805	0.14630
17.3382	0.14782
17.3964	0.14835
17.455	0.14760
17.514	0.14532
17.5733	0.14213
17.6331	0.13814
17.6933	0.13417
17.7539	0.13068
17.8149	0.12876
17.8763	0.12884
17.9382	0.13070
18.0005	0.13339
18.0632	0.13672
18.1263	0.14063
18.1899	0.14495
18.254	0.14789
18.3185	0.14862
18.3835	0.14687
18.4489	0.14307
18.5148	0.13873
18.5811	0.13589
18.648	0.13442
18.7153	0.13404
18.7831	0.13256
18.8514	0.12920
18.9202	0.12661
18.9895	0.12846
19.0593	0.13452
19.1297	0.14287
19.2005	0.15095
19.2719	0.15816
19.3438	0.16331
19.4162	0.16613
19.4892	0.16642
19.5628	0.16538
19.6369	0.16335
19.7115	0.16065
19.7868	0.15785
19.8626	0.15491
19.939	0.15143
20.016	0.14691
20.0935	0.14219
20.1717	0.13841
20.2505	0.13326
20.3299	0.12817
20.41	0.12293
20.4907	0.11757
20.572	0.11278
20.6539	0.10820
20.7365	0.10317
20.8198	0.09842
20.9038	0.09356
20.9884	0.08941
21.0737	0.08486
21.1597	0.08080
21.2465	0.07924
21.3339	0.08219
21.422	0.08715
21.5109	0.09260
21.6006	0.09888
21.6909	0.10671
21.7821	0.11482
21.874	0.12145
21.9667	0.12628
22.0601	0.12937
22.1544	0.12931
22.2495	0.12852
22.3454	0.12681
22.4421	0.12393
22.5397	0.11910
22.6381	0.11401
22.7374	0.10771
22.8376	0.10158
22.9387	0.09727
23.0406	0.09393
23.1435	0.09048
23.2472	0.08913
23.352	0.08769
23.4576	0.08432
23.5643	0.07944
23.6718	0.07702
23.7804	0.07506
23.89	0.07282
24.0006	0.07114
24.1123	0.06954
24.2249	0.06744
24.3387	0.06800
24.4535	0.06878
24.5694	0.07298
24.6864	0.07856
24.8045	0.08407
24.9237	0.08828
25.0441	0.09062
25.1657	0.08926
25.2885	0.08843
25.4124	0.08689
25.5376	0.08582
25.664	0.08294
25.7917	0.07900
25.9207	0.07647
