Brown University Keck/NASA Relab Spectrum OP-RLK-013-A/BKR2OP013A
Wavelength(micron)	Reflectance
0.3	0.10870
0.305	0.11119
0.31	0.11677
0.315	0.12275
0.32	0.13216
0.325	0.14349
0.33	0.15395
0.335	0.16780
0.34	0.18133
0.345	0.19421
0.35	0.20624
0.355	0.21835
0.36	0.23229
0.365	0.24437
0.37	0.25355
0.375	0.26146
0.38	0.26955
0.385	0.27838
0.39	0.29338
0.395	0.30060
0.4	0.30826
0.405	0.31426
0.41	0.31935
0.415	0.32505
0.42	0.32956
0.425	0.33294
0.43	0.33827
0.435	0.34442
0.44	0.34951
0.445	0.35044
0.45	0.35421
0.455	0.35857
0.46	0.36278
0.465	0.36540
0.47	0.36927
0.475	0.37194
0.48	0.37483
0.485	0.38019
0.49	0.38541
0.495	0.39041
0.5	0.39650
0.505	0.39933
0.51	0.40709
0.515	0.41384
0.52	0.41879
0.525	0.42262
0.53	0.42745
0.535	0.43007
0.54	0.43206
0.545	0.43312
0.55	0.43576
0.555	0.43878
0.56	0.44141
0.565	0.44279
0.57	0.44455
0.575	0.44619
0.58	0.44805
0.585	0.44890
0.59	0.45086
0.595	0.45201
0.6	0.45439
0.605	0.45517
0.61	0.45704
0.615	0.45812
0.62	0.45962
0.625	0.45978
0.63	0.46227
0.635	0.46301
0.64	0.46527
0.645	0.46628
0.65	0.46784
0.655	0.46936
0.66	0.47158
0.665	0.47400
0.67	0.47617
0.675	0.47912
0.68	0.48189
0.685	0.48499
0.69	0.48494
0.695	0.48549
0.7	0.48761
0.705	0.48787
0.71	0.49137
0.715	0.49124
0.72	0.49147
0.725	0.49222
0.73	0.49396
0.735	0.49273
0.74	0.49219
0.745	0.49023
0.75	0.48901
0.755	0.48778
0.76	0.48450
0.765	0.48110
0.77	0.47798
0.775	0.47219
0.78	0.46613
0.785	0.46067
0.79	0.45394
0.795	0.44671
0.8	0.43871
0.805	0.42947
0.81	0.42073
0.815	0.41069
0.82	0.40065
0.825	0.39197
0.83	0.38244
0.835	0.37310
0.84	0.36434
0.8402	0.36509
0.8404	0.36444
0.8405	0.36403
0.8406	0.36326
0.8408	0.36339
0.8409	0.36284
0.841	0.36143
0.8412	0.36045
0.8413	0.36110
0.8415	0.36217
0.8416	0.36260
0.8417	0.36272
0.8419	0.36267
0.842	0.36208
0.8421	0.36158
0.8423	0.36106
0.8424	0.36103
0.8425	0.36025
0.8427	0.35961
0.8428	0.36008
0.843	0.36137
0.8431	0.36096
0.8432	0.36024
0.8434	0.35999
0.8435	0.36029
0.8436	0.36059
0.8438	0.35896
0.8439	0.35828
0.844	0.35824
0.8442	0.35738
0.8443	0.35792
0.8445	0.35844
0.8446	0.35718
0.8447	0.35682
0.8449	0.35747
0.845	0.35716
0.8452	0.35677
0.8453	0.35671
0.8454	0.35690
0.8456	0.35655
0.8457	0.35572
0.8458	0.35595
0.846	0.35690
0.8461	0.35685
0.8463	0.35575
0.8464	0.35641
0.8465	0.35782
0.8467	0.35675
0.8468	0.35523
0.847	0.35481
0.8471	0.35561
0.8472	0.35671
0.8474	0.35633
0.8475	0.35418
0.8476	0.35252
0.8478	0.35249
0.8479	0.35354
0.8481	0.35340
0.8482	0.35245
0.8483	0.35178
0.8485	0.35233
0.8486	0.35276
0.8488	0.35313
0.8489	0.35319
0.849	0.35186
0.8492	0.35096
0.8493	0.35090
0.8495	0.35202
0.8496	0.35164
0.8497	0.35032
0.8499	0.35050
0.85	0.35018
0.8501	0.35037
0.8503	0.35060
0.8504	0.34992
0.8506	0.34940
0.8507	0.34953
0.8508	0.34989
0.851	0.34892
0.8511	0.34832
0.8513	0.34990
0.8514	0.35015
0.8515	0.34923
0.8517	0.34917
0.8518	0.34897
0.852	0.34851
0.8521	0.34786
0.8522	0.34776
0.8524	0.34823
0.8525	0.34874
0.8527	0.34836
0.8528	0.34796
0.8529	0.34713
0.8531	0.34648
0.8532	0.34633
0.8534	0.34689
0.8535	0.34630
0.8536	0.34505
0.8538	0.34521
0.8539	0.34511
0.8541	0.34508
0.8542	0.34514
0.8543	0.34539
0.8545	0.34455
0.8546	0.34290
0.8548	0.34373
0.8549	0.34536
0.855	0.34556
0.8552	0.34489
0.8553	0.34316
0.8555	0.34315
0.8556	0.34411
0.8558	0.34327
0.8559	0.34308
0.856	0.34442
0.8562	0.34359
0.8563	0.34225
0.8565	0.34264
0.8566	0.34309
0.8568	0.34297
0.8569	0.34272
0.857	0.34277
0.8572	0.34259
0.8573	0.34252
0.8575	0.34270
0.8576	0.34207
0.8577	0.34144
0.8579	0.34117
0.858	0.34053
0.8582	0.34055
0.8583	0.34145
0.8585	0.34159
0.8586	0.34085
0.8587	0.34001
0.8589	0.33906
0.859	0.33865
0.8592	0.33918
0.8593	0.33944
0.8594	0.33930
0.8596	0.33858
0.8597	0.33748
0.8599	0.33809
0.86	0.33913
0.8602	0.33834
0.8603	0.33691
0.8604	0.33617
0.8606	0.33609
0.8607	0.33700
0.8609	0.33715
0.861	0.33730
0.8612	0.33715
0.8613	0.33762
0.8614	0.33798
0.8616	0.33799
0.8617	0.33785
0.8619	0.33650
0.862	0.33547
0.8622	0.33591
0.8623	0.33692
0.8625	0.33647
0.8626	0.33589
0.8627	0.33651
0.8629	0.33556
0.863	0.33497
0.8632	0.33511
0.8633	0.33408
0.8635	0.33429
0.8636	0.33480
0.8637	0.33501
0.8639	0.33449
0.864	0.33401
0.8642	0.33339
0.8643	0.33285
0.8645	0.33271
0.8646	0.33237
0.8648	0.33182
0.8649	0.33207
0.865	0.33202
0.8652	0.33190
0.8653	0.33229
0.8655	0.33236
0.8656	0.33145
0.8658	0.33111
0.8659	0.33143
0.866	0.33177
0.8662	0.33228
0.8663	0.33147
0.8665	0.33098
0.8666	0.33181
0.8668	0.33128
0.8669	0.33027
0.8671	0.32967
0.8672	0.32993
0.8673	0.32980
0.8675	0.32899
0.8676	0.32912
0.8678	0.32953
0.8679	0.32960
0.8681	0.33013
0.8682	0.32936
0.8684	0.32850
0.8685	0.32906
0.8687	0.32879
0.8688	0.32830
0.869	0.32857
0.8691	0.32797
0.8692	0.32719
0.8694	0.32729
0.8695	0.32800
0.8697	0.32858
0.8698	0.32766
0.87	0.32709
0.8701	0.32772
0.8703	0.32813
0.8704	0.32745
0.8706	0.32650
0.8707	0.32612
0.8708	0.32549
0.871	0.32481
0.8711	0.32516
0.8713	0.32585
0.8714	0.32561
0.8716	0.32543
0.8717	0.32536
0.8719	0.32471
0.872	0.32467
0.8722	0.32479
0.8723	0.32509
0.8725	0.32466
0.8726	0.32458
0.8728	0.32533
0.8729	0.32481
0.873	0.32412
0.8732	0.32344
0.8733	0.32312
0.8735	0.32330
0.8736	0.32330
0.8738	0.32356
0.8739	0.32379
0.8741	0.32367
0.8742	0.32336
0.8744	0.32277
0.8745	0.32235
0.8747	0.32286
0.8748	0.32324
0.875	0.32305
0.8751	0.32186
0.8753	0.32122
0.8754	0.32155
0.8755	0.32148
0.8757	0.32144
0.8758	0.32167
0.876	0.32201
0.8762	0.32266
0.8763	0.32287
0.8764	0.32214
0.8766	0.32114
0.8767	0.32156
0.8769	0.32156
0.877	0.32159
0.8772	0.32100
0.8773	0.32020
0.8775	0.32040
0.8776	0.32068
0.8778	0.32038
0.8779	0.31966
0.8781	0.31874
0.8782	0.31881
0.8784	0.31938
0.8785	0.31898
0.8787	0.31905
0.8788	0.31981
0.879	0.32024
0.8791	0.31931
0.8793	0.31811
0.8794	0.31795
0.8796	0.31828
0.8797	0.31889
0.8799	0.31858
0.88	0.31804
0.8802	0.31719
0.8803	0.31729
0.8805	0.31763
0.8806	0.31762
0.8808	0.31689
0.8809	0.31661
0.8811	0.31665
0.8812	0.31676
0.8814	0.31682
0.8815	0.31769
0.8817	0.31763
0.8818	0.31626
0.882	0.31626
0.8821	0.31690
0.8823	0.31640
0.8824	0.31654
0.8826	0.31650
0.8827	0.31593
0.8829	0.31481
0.883	0.31479
0.8832	0.31525
0.8833	0.31548
0.8835	0.31517
0.8836	0.31495
0.8838	0.31495
0.8839	0.31447
0.8841	0.31516
0.8842	0.31584
0.8844	0.31573
0.8845	0.31491
0.8847	0.31418
0.8848	0.31385
0.885	0.31362
0.8851	0.31369
0.8853	0.31425
0.8854	0.31396
0.8856	0.31358
0.8857	0.31323
0.8859	0.31352
0.886	0.31326
0.8862	0.31240
0.8863	0.31267
0.8865	0.31290
0.8866	0.31324
0.8868	0.31332
0.8869	0.31303
0.8871	0.31286
0.8872	0.31242
0.8874	0.31189
0.8875	0.31169
0.8877	0.31244
0.8878	0.31194
0.888	0.31179
0.8882	0.31197
0.8883	0.31236
0.8885	0.31266
0.8886	0.31227
0.8888	0.31193
0.8889	0.31130
0.8891	0.31117
0.8892	0.31171
0.8894	0.31126
0.8895	0.31102
0.8897	0.31092
0.8898	0.31056
0.89	0.31027
0.8901	0.31068
0.8903	0.31092
0.8904	0.31045
0.8906	0.31009
0.8908	0.30988
0.8909	0.31003
0.891	0.30984
0.8912	0.31009
0.8914	0.30994
0.8915	0.30958
0.8917	0.30874
0.8918	0.30744
0.892	0.30794
0.8921	0.30887
0.8923	0.30916
0.8924	0.30941
0.8926	0.30920
0.8927	0.30884
0.8929	0.30841
0.893	0.30854
0.8932	0.30878
0.8934	0.30845
0.8935	0.30800
0.8937	0.30817
0.8938	0.30868
0.894	0.30881
0.8941	0.30849
0.8943	0.30829
0.8944	0.30798
0.8946	0.30773
0.8947	0.30778
0.8949	0.30772
0.895	0.30774
0.8952	0.30833
0.8954	0.30759
0.8955	0.30717
0.8957	0.30747
0.8958	0.30706
0.896	0.30749
0.8961	0.30787
0.8963	0.30709
0.8964	0.30673
0.8966	0.30712
0.8968	0.30727
0.8969	0.30657
0.8971	0.30623
0.8972	0.30619
0.8974	0.30593
0.8975	0.30557
0.8977	0.30603
0.8978	0.30638
0.898	0.30626
0.8982	0.30623
0.8983	0.30648
0.8985	0.30658
0.8986	0.30623
0.8988	0.30621
0.8989	0.30632
0.8991	0.30594
0.8992	0.30533
0.8994	0.30504
0.8996	0.30573
0.8997	0.30600
0.8999	0.30553
0.9	0.30506
0.9002	0.30487
0.9003	0.30504
0.9005	0.30530
0.9007	0.30546
0.9008	0.30515
0.901	0.30476
0.9011	0.30496
0.9013	0.30406
0.9014	0.30329
0.9016	0.30354
0.9018	0.30427
0.9019	0.30372
0.9021	0.30335
0.9022	0.30367
0.9024	0.30458
0.9025	0.30506
0.9027	0.30482
0.9028	0.30394
0.903	0.30342
0.9032	0.30355
0.9033	0.30402
0.9035	0.30414
0.9036	0.30357
0.9038	0.30363
0.904	0.30390
0.9041	0.30389
0.9043	0.30337
0.9044	0.30282
0.9046	0.30274
0.9047	0.30338
0.9049	0.30401
0.905	0.30402
0.9052	0.30435
0.9054	0.30394
0.9055	0.30346
0.9057	0.30332
0.9058	0.30341
0.906	0.30347
0.9062	0.30290
0.9063	0.30280
0.9065	0.30336
0.9066	0.30322
0.9068	0.30352
0.907	0.30344
0.9071	0.30298
0.9073	0.30293
0.9074	0.30274
0.9076	0.30256
0.9077	0.30246
0.9079	0.30246
0.9081	0.30275
0.9082	0.30296
0.9084	0.30241
0.9085	0.30192
0.9087	0.30229
0.9089	0.30248
0.909	0.30224
0.9092	0.30231
0.9093	0.30305
0.9095	0.30333
0.9097	0.30330
0.9098	0.30269
0.91	0.30194
0.9101	0.30192
0.9103	0.30205
0.9105	0.30202
0.9106	0.30185
0.9108	0.30159
0.9109	0.30164
0.9111	0.30158
0.9113	0.30149
0.9114	0.30170
0.9116	0.30194
0.9117	0.30262
0.9119	0.30280
0.9121	0.30229
0.9122	0.30247
0.9124	0.30243
0.9125	0.30214
0.9127	0.30232
0.9129	0.30273
0.913	0.30245
0.9132	0.30172
0.9133	0.30144
0.9135	0.30162
0.9137	0.30227
0.9138	0.30220
0.914	0.30227
0.9142	0.30244
0.9143	0.30211
0.9145	0.30195
0.9146	0.30169
0.9148	0.30108
0.915	0.30085
0.9151	0.30077
0.9153	0.30081
0.9154	0.30118
0.9156	0.30167
0.9158	0.30175
0.9159	0.30160
0.9161	0.30115
0.9163	0.30088
0.9164	0.30100
0.9166	0.30114
0.9167	0.30093
0.9169	0.30083
0.9171	0.30123
0.9172	0.30132
0.9174	0.30112
0.9175	0.30123
0.9177	0.30152
0.9179	0.30154
0.918	0.30125
0.9182	0.30131
0.9184	0.30172
0.9185	0.30177
0.9187	0.30183
0.9188	0.30174
0.919	0.30154
0.9192	0.30116
0.9193	0.30141
0.9195	0.30193
0.9197	0.30196
0.9198	0.30181
0.92	0.30200
0.9202	0.30221
0.9203	0.30202
0.9205	0.30144
0.9206	0.30139
0.9208	0.30202
0.921	0.30162
0.9211	0.30090
0.9213	0.30158
0.9215	0.30224
0.9216	0.30255
0.9218	0.30229
0.922	0.30213
0.9221	0.30226
0.9223	0.30231
0.9224	0.30231
0.9226	0.30202
0.9228	0.30157
0.9229	0.30150
0.9231	0.30147
0.9233	0.30153
0.9234	0.30191
0.9236	0.30213
0.9238	0.30189
0.9239	0.30175
0.9241	0.30132
0.9243	0.30209
0.9244	0.30240
0.9246	0.30182
0.9247	0.30209
0.9249	0.30269
0.9251	0.30295
0.9252	0.30273
0.9254	0.30264
0.9256	0.30277
0.9257	0.30306
0.9259	0.30304
0.9261	0.30266
0.9262	0.30285
0.9264	0.30292
0.9266	0.30240
0.9267	0.30270
0.9269	0.30304
0.9271	0.30279
0.9272	0.30270
0.9274	0.30270
0.9276	0.30288
0.9277	0.30296
0.9279	0.30325
0.928	0.30318
0.9282	0.30299
0.9284	0.30302
0.9285	0.30318
0.9287	0.30324
0.9289	0.30294
0.929	0.30290
0.9292	0.30303
0.9294	0.30301
0.9295	0.30338
0.9297	0.30348
0.9299	0.30359
0.93	0.30367
0.9302	0.30408
0.9304	0.30419
0.9305	0.30397
0.9307	0.30403
0.9309	0.30426
0.931	0.30414
0.9312	0.30407
0.9314	0.30441
0.9316	0.30447
0.9317	0.30443
0.9319	0.30467
0.9321	0.30465
0.9322	0.30422
0.9324	0.30422
0.9326	0.30465
0.9327	0.30480
0.9329	0.30483
0.9331	0.30486
0.9332	0.30498
0.9334	0.30505
0.9336	0.30496
0.9337	0.30478
0.9339	0.30489
0.9341	0.30525
0.9342	0.30553
0.9344	0.30540
0.9346	0.30546
0.9348	0.30541
0.9349	0.30506
0.9351	0.30506
0.9353	0.30526
0.9354	0.30549
0.9356	0.30610
0.9358	0.30630
0.9359	0.30630
0.9361	0.30641
0.9363	0.30622
0.9364	0.30635
0.9366	0.30673
0.9368	0.30689
0.9369	0.30699
0.9371	0.30684
0.9373	0.30658
0.9375	0.30634
0.9376	0.30676
0.9378	0.30733
0.938	0.30736
0.9381	0.30710
0.9383	0.30710
0.9385	0.30679
0.9386	0.30709
0.9388	0.30761
0.939	0.30753
0.9392	0.30755
0.9393	0.30787
0.9395	0.30823
0.9397	0.30807
0.9398	0.30794
0.94	0.30841
0.9402	0.30857
0.9403	0.30847
0.9405	0.30838
0.9407	0.30830
0.9408	0.30845
0.941	0.30882
0.9412	0.30903
0.9414	0.30908
0.9415	0.30909
0.9417	0.30929
0.9419	0.30972
0.942	0.30984
0.9422	0.30971
0.9424	0.30981
0.9426	0.30972
0.9427	0.30967
0.9429	0.30981
0.9431	0.30975
0.9433	0.31001
0.9434	0.31041
0.9436	0.31075
0.9438	0.31070
0.9439	0.31056
0.9441	0.31034
0.9443	0.31021
0.9445	0.31055
0.9446	0.31105
0.9448	0.31133
0.945	0.31160
0.9451	0.31142
0.9453	0.31148
0.9455	0.31175
0.9457	0.31200
0.9458	0.31197
0.946	0.31204
0.9462	0.31230
0.9463	0.31263
0.9465	0.31273
0.9467	0.31247
0.9469	0.31266
0.947	0.31311
0.9472	0.31321
0.9474	0.31348
0.9476	0.31374
0.9477	0.31375
0.9479	0.31362
0.9481	0.31321
0.9483	0.31302
0.9484	0.31354
0.9486	0.31409
0.9488	0.31418
0.949	0.31431
0.9491	0.31445
0.9493	0.31436
0.9495	0.31456
0.9496	0.31476
0.9498	0.31473
0.95	0.31510
0.9502	0.31552
0.9503	0.31571
0.9505	0.31586
0.9507	0.31579
0.9509	0.31585
0.951	0.31599
0.9512	0.31584
0.9514	0.31605
0.9516	0.31640
0.9517	0.31675
0.9519	0.31699
0.9521	0.31715
0.9523	0.31729
0.9524	0.31768
0.9526	0.31773
0.9528	0.31780
0.953	0.31773
0.9531	0.31782
0.9533	0.31794
0.9535	0.31794
0.9537	0.31831
0.9538	0.31865
0.954	0.31864
0.9542	0.31860
0.9544	0.31888
0.9545	0.31923
0.9547	0.31901
0.9549	0.31886
0.9551	0.31912
0.9552	0.31936
0.9554	0.31961
0.9556	0.32003
0.9558	0.32028
0.956	0.32027
0.9561	0.32049
0.9563	0.32084
0.9565	0.32102
0.9567	0.32124
0.9568	0.32123
0.957	0.32153
0.9572	0.32178
0.9574	0.32181
0.9575	0.32212
0.9577	0.32231
0.9579	0.32246
0.9581	0.32277
0.9582	0.32285
0.9584	0.32314
0.9586	0.32344
0.9588	0.32341
0.959	0.32363
0.9591	0.32384
0.9593	0.32367
0.9595	0.32368
0.9597	0.32399
0.9598	0.32445
0.96	0.32488
0.9602	0.32510
0.9604	0.32528
0.9605	0.32533
0.9607	0.32525
0.9609	0.32546
0.9611	0.32561
0.9613	0.32567
0.9614	0.32588
0.9616	0.32632
0.9618	0.32675
0.962	0.32692
0.9622	0.32685
0.9623	0.32708
0.9625	0.32728
0.9627	0.32759
0.9629	0.32777
0.963	0.32778
0.9632	0.32794
0.9634	0.32825
0.9636	0.32844
0.9638	0.32829
0.9639	0.32841
0.9641	0.32899
0.9643	0.32899
0.9645	0.32900
0.9647	0.32945
0.9648	0.32958
0.965	0.32989
0.9652	0.33040
0.9654	0.33065
0.9656	0.33069
0.9657	0.33063
0.9659	0.33068
0.9661	0.33079
0.9663	0.33086
0.9665	0.33117
0.9666	0.33155
0.9668	0.33179
0.967	0.33200
0.9672	0.33201
0.9674	0.33251
0.9675	0.33296
0.9677	0.33293
0.9679	0.33297
0.9681	0.33315
0.9683	0.33338
0.9684	0.33357
0.9686	0.33391
0.9688	0.33405
0.969	0.33426
0.9692	0.33460
0.9693	0.33463
0.9695	0.33486
0.9697	0.33529
0.9699	0.33570
0.9701	0.33627
0.9703	0.33632
0.9704	0.33621
0.9706	0.33648
0.9708	0.33661
0.971	0.33675
0.9712	0.33700
0.9713	0.33751
0.9715	0.33768
0.9717	0.33766
0.9719	0.33807
0.9721	0.33856
0.9723	0.33869
0.9724	0.33880
0.9726	0.33937
0.9728	0.33946
0.973	0.33915
0.9732	0.33923
0.9733	0.33969
0.9735	0.34009
0.9737	0.34034
0.9739	0.34062
0.9741	0.34088
0.9743	0.34112
0.9745	0.34141
0.9746	0.34174
0.9748	0.34186
0.975	0.34203
0.9752	0.34225
0.9754	0.34243
0.9755	0.34246
0.9757	0.34292
0.9759	0.34330
0.9761	0.34345
0.9763	0.34338
0.9765	0.34349
0.9767	0.34378
0.9768	0.34390
0.977	0.34434
0.9772	0.34479
0.9774	0.34480
0.9776	0.34480
0.9778	0.34501
0.9779	0.34548
0.9781	0.34583
0.9783	0.34598
0.9785	0.34615
0.9787	0.34665
0.9789	0.34704
0.979	0.34707
0.9792	0.34716
0.9794	0.34747
0.9796	0.34795
0.9798	0.34815
0.98	0.34835
0.9802	0.34879
0.9803	0.34890
0.9805	0.34917
0.9807	0.34931
0.9809	0.34942
0.9811	0.34986
0.9813	0.34996
0.9815	0.34997
0.9817	0.35026
0.9818	0.35062
0.982	0.35114
0.9822	0.35140
0.9824	0.35157
0.9826	0.35154
0.9828	0.35166
0.983	0.35205
0.9831	0.35246
0.9833	0.35266
0.9835	0.35283
0.9837	0.35343
0.9839	0.35367
0.9841	0.35345
0.9843	0.35341
0.9844	0.35402
0.9846	0.35455
0.9848	0.35469
0.985	0.35487
0.9852	0.35505
0.9854	0.35527
0.9856	0.35558
0.9858	0.35576
0.9859	0.35613
0.9861	0.35638
0.9863	0.35648
0.9865	0.35678
0.9867	0.35710
0.9869	0.35744
0.9871	0.35783
0.9873	0.35804
0.9874	0.35834
0.9876	0.35866
0.9878	0.35887
0.988	0.35901
0.9882	0.35928
0.9884	0.35959
0.9886	0.35976
0.9888	0.36007
0.989	0.36011
0.9891	0.36015
0.9893	0.36037
0.9895	0.36065
0.9897	0.36105
0.9899	0.36142
0.9901	0.36154
0.9903	0.36192
0.9905	0.36252
0.9907	0.36298
0.9908	0.36307
0.991	0.36308
0.9912	0.36356
0.9914	0.36398
0.9916	0.36387
0.9918	0.36392
0.992	0.36421
0.9922	0.36457
0.9924	0.36491
0.9925	0.36515
0.9927	0.36538
0.9929	0.36564
0.9931	0.36604
0.9933	0.36642
0.9935	0.36652
0.9937	0.36680
0.9939	0.36729
0.9941	0.36763
0.9943	0.36788
0.9945	0.36791
0.9946	0.36802
0.9948	0.36837
0.995	0.36855
0.9952	0.36870
0.9954	0.36897
0.9956	0.36927
0.9958	0.36959
0.996	0.36999
0.9962	0.37043
0.9964	0.37055
0.9965	0.37061
0.9967	0.37080
0.9969	0.37096
0.9971	0.37123
0.9973	0.37174
0.9975	0.37202
0.9977	0.37228
0.9979	0.37257
0.9981	0.37271
0.9983	0.37273
0.9985	0.37304
0.9987	0.37337
0.9989	0.37358
0.999	0.37420
0.9992	0.37463
0.9994	0.37474
0.9996	0.37480
0.9998	0.37511
1	0.37564
1.0002	0.37560
1.0004	0.37562
1.0006	0.37597
1.0008	0.37634
1.001	0.37657
1.0012	0.37677
1.0014	0.37719
1.0016	0.37741
1.0018	0.37771
1.0019	0.37805
1.0021	0.37819
1.0023	0.37831
1.0025	0.37861
1.0027	0.37908
1.0029	0.37944
1.0031	0.37953
1.0033	0.37973
1.0035	0.38008
1.0037	0.38044
1.0039	0.38061
1.0041	0.38076
1.0043	0.38103
1.0045	0.38120
1.0047	0.38119
1.0049	0.38159
1.005	0.38217
1.0053	0.38243
1.0054	0.38274
1.0056	0.38307
1.0058	0.38340
1.006	0.38354
1.0062	0.38367
1.0064	0.38389
1.0066	0.38436
1.0068	0.38450
1.007	0.38464
1.0072	0.38482
1.0074	0.38505
1.0076	0.38537
1.0078	0.38562
1.008	0.38586
1.0082	0.38617
1.0084	0.38629
1.0086	0.38649
1.0088	0.38670
1.009	0.38706
1.0092	0.38749
1.0094	0.38762
1.0095	0.38777
1.0098	0.38809
1.01	0.38828
1.0101	0.38864
1.0103	0.38908
1.0105	0.38929
1.0107	0.38964
1.0109	0.38993
1.0111	0.39001
1.0113	0.39021
1.0115	0.39035
1.0117	0.39044
1.0119	0.39070
1.0121	0.39122
1.0123	0.39160
1.0125	0.39185
1.0127	0.39224
1.0129	0.39246
1.0131	0.39273
1.0133	0.39294
1.0135	0.39297
1.0137	0.39308
1.0139	0.39339
1.0141	0.39369
1.0143	0.39425
1.0145	0.39444
1.0147	0.39449
1.0149	0.39479
1.0151	0.39502
1.0153	0.39516
1.0155	0.39539
1.0157	0.39573
1.0159	0.39601
1.0161	0.39643
1.0163	0.39684
1.0165	0.39708
1.0167	0.39728
1.0169	0.39725
1.0171	0.39739
1.0173	0.39768
1.0175	0.39826
1.0177	0.39858
1.0179	0.39870
1.0181	0.39888
1.0183	0.39890
1.0185	0.39915
1.0187	0.39951
1.0189	0.39971
1.0191	0.39981
1.0193	0.40026
1.0195	0.40042
1.0197	0.40059
1.0199	0.40093
1.0201	0.40112
1.0203	0.40136
1.0205	0.40167
1.0207	0.40202
1.0209	0.40223
1.0211	0.40244
1.0213	0.40274
1.0215	0.40297
1.0217	0.40305
1.0219	0.40309
1.0221	0.40345
1.0223	0.40385
1.0225	0.40409
1.0227	0.40431
1.0229	0.40445
1.0231	0.40455
1.0233	0.40478
1.0235	0.40503
1.0237	0.40526
1.0239	0.40553
1.0241	0.40598
1.0243	0.40632
1.0245	0.40648
1.0247	0.40651
1.0249	0.40675
1.0251	0.40710
1.0253	0.40749
1.0255	0.40772
1.0257	0.40784
1.0259	0.40776
1.0261	0.40808
1.0263	0.40869
1.0265	0.40896
1.0268	0.40904
1.0269	0.40924
1.0272	0.40926
1.0274	0.40955
1.0276	0.41000
1.0278	0.41036
1.028	0.41065
1.0282	0.41070
1.0284	0.41067
1.0286	0.41106
1.0288	0.41141
1.029	0.41161
1.0292	0.41176
1.0294	0.41199
1.0296	0.41226
1.0298	0.41233
1.03	0.41242
1.0302	0.41270
1.0304	0.41301
1.0306	0.41329
1.0308	0.41352
1.031	0.41375
1.0312	0.41391
1.0314	0.41411
1.0317	0.41441
1.0318	0.41460
1.0321	0.41481
1.0323	0.41507
1.0325	0.41525
1.0327	0.41553
1.0329	0.41588
1.0331	0.41622
1.0333	0.41612
1.0335	0.41625
1.0337	0.41673
1.0339	0.41700
1.0341	0.41692
1.0343	0.41721
1.0345	0.41762
1.0347	0.41784
1.0349	0.41797
1.0352	0.41808
1.0354	0.41823
1.0356	0.41851
1.0358	0.41868
1.036	0.41876
1.0362	0.41909
1.0364	0.41926
1.0366	0.41938
1.0368	0.41970
1.037	0.41999
1.0372	0.42026
1.0374	0.42035
1.0376	0.42043
1.0378	0.42059
1.0381	0.42066
1.0383	0.42086
1.0385	0.42133
1.0387	0.42154
1.0389	0.42183
1.0391	0.42220
1.0393	0.42238
1.0395	0.42231
1.0397	0.42235
1.0399	0.42267
1.0401	0.42303
1.0403	0.42327
1.0406	0.42345
1.0408	0.42350
1.041	0.42358
1.0412	0.42399
1.0414	0.42419
1.0416	0.42433
1.0418	0.42463
1.042	0.42493
1.0422	0.42513
1.0424	0.42518
1.0426	0.42540
1.0428	0.42566
1.0431	0.42590
1.0433	0.42607
1.0435	0.42621
1.0437	0.42639
1.0439	0.42648
1.0441	0.42651
1.0443	0.42692
1.0445	0.42730
1.0448	0.42747
1.045	0.42788
1.0452	0.42810
1.0454	0.42823
1.0456	0.42837
1.0458	0.42842
1.046	0.42863
1.0462	0.42893
1.0464	0.42937
1.0466	0.42947
1.0469	0.42945
1.0471	0.42948
1.0473	0.42965
1.0475	0.42995
1.0477	0.43023
1.0479	0.43043
1.0481	0.43055
1.0483	0.43076
1.0486	0.43098
1.0488	0.43110
1.049	0.43122
1.0492	0.43139
1.0494	0.43176
1.0496	0.43198
1.0498	0.43205
1.05	0.43221
1.0503	0.43241
1.0505	0.43245
1.0507	0.43254
1.0509	0.43285
1.0511	0.43318
1.0513	0.43339
1.0515	0.43343
1.0517	0.43356
1.0519	0.43384
1.0522	0.43419
1.0524	0.43428
1.0526	0.43430
1.0528	0.43450
1.053	0.43471
1.0532	0.43483
1.0534	0.43516
1.0537	0.43543
1.0539	0.43539
1.0541	0.43553
1.0543	0.43582
1.0545	0.43605
1.0547	0.43619
1.0549	0.43644
1.0552	0.43672
1.0554	0.43685
1.0556	0.43701
1.0558	0.43724
1.056	0.43731
1.0562	0.43732
1.0564	0.43733
1.0567	0.43754
1.0569	0.43792
1.0571	0.43822
1.0573	0.43833
1.0575	0.43829
1.0578	0.43844
1.058	0.43874
1.0582	0.43901
1.0584	0.43926
1.0586	0.43939
1.0588	0.43942
1.059	0.43963
1.0593	0.43991
1.0595	0.43980
1.0597	0.43994
1.0599	0.44016
1.0601	0.44051
1.0603	0.44082
1.0606	0.44081
1.0608	0.44088
1.061	0.44106
1.0612	0.44136
1.0614	0.44150
1.0617	0.44152
1.0619	0.44174
1.0621	0.44197
1.0623	0.44212
1.0625	0.44220
1.0627	0.44239
1.0629	0.44252
1.0632	0.44264
1.0634	0.44285
1.0636	0.44311
1.0638	0.44341
1.064	0.44370
1.0643	0.44381
1.0645	0.44386
1.0647	0.44380
1.0649	0.44384
1.0651	0.44425
1.0653	0.44435
1.0656	0.44427
1.0658	0.44453
1.066	0.44480
1.0662	0.44493
1.0664	0.44513
1.0667	0.44530
1.0669	0.44551
1.0671	0.44587
1.0673	0.44598
1.0676	0.44589
1.0678	0.44612
1.068	0.44635
1.0682	0.44656
1.0684	0.44675
1.0687	0.44681
1.0689	0.44690
1.0691	0.44709
1.0693	0.44715
1.0695	0.44709
1.0698	0.44727
1.07	0.44770
1.0702	0.44783
1.0704	0.44780
1.0706	0.44797
1.0708	0.44822
1.0711	0.44839
1.0713	0.44845
1.0715	0.44852
1.0717	0.44870
1.072	0.44899
1.0722	0.44920
1.0724	0.44937
1.0726	0.44950
1.0728	0.44959
1.0731	0.44955
1.0733	0.44988
1.0735	0.45013
1.0737	0.45016
1.074	0.45028
1.0742	0.45050
1.0744	0.45053
1.0746	0.45064
1.0748	0.45074
1.0751	0.45086
1.0753	0.45110
1.0755	0.45124
1.0757	0.45146
1.076	0.45174
1.0762	0.45189
1.0764	0.45199
1.0766	0.45205
1.0769	0.45205
1.0771	0.45207
1.0773	0.45234
1.0775	0.45253
1.0778	0.45265
1.078	0.45274
1.0782	0.45277
1.0784	0.45297
1.0787	0.45321
1.0789	0.45335
1.0791	0.45347
1.0793	0.45357
1.0796	0.45370
1.0798	0.45383
1.08	0.45399
1.0802	0.45411
1.0804	0.45425
1.0807	0.45426
1.0809	0.45436
1.0811	0.45465
1.0813	0.45485
1.0816	0.45500
1.0818	0.45506
1.082	0.45519
1.0823	0.45535
1.0825	0.45544
1.0827	0.45557
1.0829	0.45563
1.0832	0.45578
1.0834	0.45610
1.0836	0.45622
1.0838	0.45631
1.0841	0.45649
1.0843	0.45665
1.0845	0.45664
1.0848	0.45661
1.085	0.45691
1.0852	0.45710
1.0854	0.45719
1.0857	0.45727
1.0859	0.45744
1.0861	0.45760
1.0863	0.45773
1.0866	0.45774
1.0868	0.45784
1.087	0.45808
1.0873	0.45819
1.0875	0.45829
1.0877	0.45849
1.0879	0.45866
1.0882	0.45860
1.0884	0.45866
1.0886	0.45891
1.0888	0.45914
1.0891	0.45920
1.0893	0.45932
1.0895	0.45936
1.0898	0.45934
1.09	0.45965
1.0902	0.45983
1.0904	0.45988
1.0907	0.46007
1.0909	0.46020
1.0911	0.46022
1.0914	0.46034
1.0916	0.46063
1.0918	0.46067
1.0921	0.46071
1.0923	0.46078
1.0925	0.46078
1.0928	0.46099
1.093	0.46123
1.0932	0.46139
1.0934	0.46146
1.0937	0.46154
1.0939	0.46184
1.0941	0.46200
1.0944	0.46191
1.0946	0.46194
1.0948	0.46215
1.0951	0.46234
1.0953	0.46230
1.0955	0.46235
1.0958	0.46251
1.096	0.46264
1.0962	0.46277
1.0964	0.46292
1.0967	0.46303
1.0969	0.46322
1.0971	0.46328
1.0974	0.46333
1.0976	0.46346
1.0978	0.46362
1.0981	0.46368
1.0983	0.46375
1.0985	0.46384
1.0988	0.46400
1.099	0.46410
1.0992	0.46418
1.0995	0.46432
1.0997	0.46444
1.0999	0.46461
1.1002	0.46470
1.1004	0.46471
1.1006	0.46471
1.1009	0.46488
1.1011	0.46507
1.1013	0.46529
1.1016	0.46540
1.1018	0.46533
1.102	0.46542
1.1023	0.46546
1.1025	0.46560
1.1027	0.46580
1.103	0.46606
1.1032	0.46599
1.1034	0.46593
1.1037	0.46618
1.1039	0.46646
1.1042	0.46649
1.1044	0.46658
1.1046	0.46679
1.1049	0.46682
1.1051	0.46679
1.1053	0.46693
1.1056	0.46695
1.1058	0.46692
1.106	0.46701
1.1063	0.46726
1.1065	0.46743
1.1067	0.46748
1.107	0.46756
1.1072	0.46760
1.1074	0.46767
1.1077	0.46781
1.1079	0.46794
1.1082	0.46813
1.1084	0.46830
1.1086	0.46826
1.1089	0.46824
1.1091	0.46832
1.1093	0.46845
1.1096	0.46856
1.1098	0.46876
1.1101	0.46894
1.1103	0.46897
1.1105	0.46897
1.1108	0.46907
1.111	0.46922
1.1113	0.46928
1.1115	0.46938
1.1117	0.46954
1.112	0.46959
1.1122	0.46961
1.1124	0.46969
1.1127	0.46990
1.1129	0.46995
1.1132	0.47001
1.1134	0.47006
1.1136	0.47016
1.1139	0.47035
1.1141	0.47042
1.1143	0.47042
1.1146	0.47046
1.1148	0.47064
1.1151	0.47071
1.1153	0.47080
1.1156	0.47090
1.1158	0.47096
1.116	0.47116
1.1163	0.47122
1.1165	0.47130
1.1168	0.47141
1.117	0.47150
1.1172	0.47153
1.1175	0.47155
1.1177	0.47153
1.118	0.47167
1.1182	0.47180
1.1184	0.47192
1.1187	0.47202
1.1189	0.47213
1.1192	0.47216
1.1194	0.47215
1.1197	0.47230
1.1199	0.47241
1.1201	0.47249
1.1204	0.47258
1.1206	0.47269
1.1209	0.47275
1.1211	0.47287
1.1213	0.47294
1.1216	0.47297
1.1218	0.47302
1.1221	0.47317
1.1223	0.47337
1.1226	0.47335
1.1228	0.47327
1.123	0.47342
1.1233	0.47353
1.1235	0.47356
1.1238	0.47375
1.124	0.47390
1.1243	0.47387
1.1245	0.47389
1.1248	0.47402
1.125	0.47408
1.1252	0.47407
1.1255	0.47408
1.1257	0.47431
1.126	0.47445
1.1262	0.47441
1.1265	0.47439
1.1267	0.47446
1.1269	0.47456
1.1272	0.47460
1.1274	0.47476
1.1277	0.47490
1.1279	0.47483
1.1282	0.47489
1.1284	0.47513
1.1287	0.47518
1.1289	0.47514
1.1292	0.47527
1.1294	0.47542
1.1297	0.47539
1.1299	0.47529
1.1301	0.47532
1.1304	0.47537
1.1306	0.47559
1.1309	0.47582
1.1311	0.47577
1.1314	0.47578
1.1316	0.47593
1.1319	0.47602
1.1321	0.47601
1.1324	0.47607
1.1326	0.47630
1.1329	0.47641
1.1331	0.47641
1.1333	0.47643
1.1336	0.47642
1.1338	0.47642
1.1341	0.47658
1.1343	0.47680
1.1346	0.47699
1.1348	0.47707
1.1351	0.47717
1.1353	0.47714
1.1356	0.47705
1.1358	0.47701
1.1361	0.47716
1.1363	0.47729
1.1366	0.47727
1.1368	0.47733
1.1371	0.47740
1.1373	0.47739
1.1376	0.47752
1.1378	0.47761
1.1381	0.47761
1.1383	0.47775
1.1386	0.47793
1.1388	0.47801
1.1391	0.47798
1.1393	0.47792
1.1396	0.47802
1.1398	0.47822
1.1401	0.47824
1.1403	0.47821
1.1406	0.47835
1.1408	0.47840
1.1411	0.47849
1.1413	0.47857
1.1416	0.47862
1.1418	0.47867
1.1421	0.47869
1.1423	0.47870
1.1426	0.47875
1.1428	0.47883
1.1431	0.47887
1.1433	0.47889
1.1436	0.47895
1.1439	0.47899
1.1441	0.47895
1.1444	0.47901
1.1446	0.47920
1.1449	0.47931
1.1451	0.47930
1.1454	0.47941
1.1456	0.47945
1.1459	0.47954
1.1461	0.47964
1.1464	0.47972
1.1466	0.47983
1.1469	0.47986
1.1472	0.47987
1.1474	0.47991
1.1477	0.47991
1.1479	0.47985
1.1482	0.47986
1.1484	0.47995
1.1487	0.48006
1.1489	0.48003
1.1492	0.48011
1.1494	0.48024
1.1497	0.48025
1.1499	0.48030
1.1502	0.48044
1.1504	0.48058
1.1507	0.48064
1.151	0.48057
1.1512	0.48058
1.1515	0.48072
1.1517	0.48080
1.152	0.48078
1.1522	0.48072
1.1525	0.48070
1.1528	0.48075
1.153	0.48092
1.1533	0.48108
1.1535	0.48107
1.1538	0.48105
1.154	0.48109
1.1543	0.48120
1.1546	0.48128
1.1548	0.48132
1.1551	0.48132
1.1553	0.48142
1.1556	0.48156
1.1558	0.48158
1.1561	0.48151
1.1564	0.48157
1.1566	0.48168
1.1569	0.48167
1.1571	0.48172
1.1574	0.48177
1.1577	0.48192
1.1579	0.48194
1.1582	0.48199
1.1584	0.48205
1.1587	0.48210
1.1589	0.48214
1.1592	0.48205
1.1595	0.48200
1.1597	0.48222
1.16	0.48236
1.1602	0.48237
1.1605	0.48241
1.1608	0.48241
1.161	0.48248
1.1613	0.48246
1.1615	0.48248
1.1618	0.48256
1.1621	0.48258
1.1623	0.48262
1.1626	0.48265
1.1628	0.48257
1.1631	0.48260
1.1634	0.48267
1.1636	0.48277
1.1639	0.48292
1.1642	0.48295
1.1644	0.48294
1.1647	0.48307
1.1649	0.48313
1.1652	0.48320
1.1654	0.48322
1.1657	0.48317
1.166	0.48318
1.1662	0.48327
1.1665	0.48339
1.1668	0.48340
1.167	0.48342
1.1673	0.48352
1.1676	0.48360
1.1678	0.48358
1.1681	0.48358
1.1683	0.48361
1.1686	0.48369
1.1689	0.48373
1.1691	0.48367
1.1694	0.48372
1.1697	0.48386
1.1699	0.48390
1.1702	0.48390
1.1704	0.48394
1.1707	0.48392
1.171	0.48396
1.1713	0.48400
1.1715	0.48400
1.1718	0.48407
1.172	0.48420
1.1723	0.48426
1.1726	0.48423
1.1728	0.48437
1.1731	0.48441
1.1734	0.48432
1.1736	0.48439
1.1739	0.48450
1.1742	0.48450
1.1744	0.48451
1.1747	0.48450
1.175	0.48440
1.1752	0.48451
1.1755	0.48459
1.1758	0.48459
1.176	0.48468
1.1763	0.48492
1.1766	0.48495
1.1768	0.48496
1.1771	0.48491
1.1774	0.48490
1.1776	0.48496
1.1779	0.48507
1.1782	0.48512
1.1784	0.48515
1.1787	0.48521
1.179	0.48519
1.1792	0.48519
1.1795	0.48529
1.1798	0.48522
1.18	0.48514
1.1803	0.48519
1.1806	0.48530
1.1808	0.48540
1.1811	0.48540
1.1814	0.48538
1.1817	0.48540
1.1819	0.48551
1.1822	0.48550
1.1825	0.48558
1.1827	0.48570
1.183	0.48568
1.1833	0.48569
1.1835	0.48579
1.1838	0.48584
1.1841	0.48592
1.1844	0.48596
1.1846	0.48602
1.1849	0.48599
1.1852	0.48586
1.1854	0.48596
1.1857	0.48608
1.186	0.48609
1.1863	0.48610
1.1865	0.48614
1.1868	0.48616
1.1871	0.48621
1.1873	0.48619
1.1876	0.48613
1.1879	0.48621
1.1882	0.48631
1.1884	0.48633
1.1887	0.48638
1.189	0.48640
1.1893	0.48643
1.1895	0.48639
1.1898	0.48635
1.1901	0.48645
1.1903	0.48654
1.1906	0.48653
1.1909	0.48661
1.1912	0.48671
1.1914	0.48667
1.1917	0.48659
1.192	0.48664
1.1923	0.48676
1.1925	0.48690
1.1928	0.48699
1.1931	0.48697
1.1933	0.48691
1.1936	0.48691
1.1939	0.48696
1.1942	0.48698
1.1944	0.48701
1.1947	0.48710
1.195	0.48708
1.1953	0.48698
1.1956	0.48703
1.1958	0.48708
1.1961	0.48718
1.1964	0.48728
1.1967	0.48718
1.1969	0.48714
1.1972	0.48717
1.1975	0.48729
1.1978	0.48745
1.198	0.48742
1.1983	0.48741
1.1986	0.48748
1.1989	0.48752
1.1992	0.48754
1.1994	0.48753
1.1997	0.48750
1.2	0.48756
1.2003	0.48756
1.2005	0.48751
1.2008	0.48760
1.2011	0.48772
1.2014	0.48777
1.2017	0.48777
1.2019	0.48782
1.2022	0.48785
1.2025	0.48776
1.2028	0.48774
1.203	0.48779
1.2033	0.48781
1.2036	0.48780
1.2039	0.48780
1.2042	0.48792
1.2044	0.48799
1.2047	0.48791
1.205	0.48787
1.2053	0.48795
1.2056	0.48812
1.2058	0.48815
1.2061	0.48808
1.2064	0.48810
1.2067	0.48817
1.207	0.48824
1.2072	0.48825
1.2075	0.48826
1.2078	0.48829
1.2081	0.48839
1.2084	0.48840
1.2087	0.48842
1.2089	0.48835
1.2092	0.48836
1.2095	0.48845
1.2098	0.48846
1.2101	0.48850
1.2103	0.48857
1.2106	0.48853
1.2109	0.48849
1.2112	0.48848
1.2115	0.48851
1.2118	0.48852
1.212	0.48855
1.2123	0.48867
1.2126	0.48876
1.2129	0.48877
1.2132	0.48874
1.2135	0.48870
1.2137	0.48877
1.214	0.48894
1.2143	0.48898
1.2146	0.48890
1.2149	0.48888
1.2152	0.48892
1.2154	0.48902
1.2157	0.48899
1.216	0.48898
1.2163	0.48895
1.2166	0.48893
1.2169	0.48903
1.2172	0.48909
1.2174	0.48911
1.2177	0.48916
1.218	0.48916
1.2183	0.48909
1.2186	0.48917
1.2189	0.48923
1.2192	0.48929
1.2194	0.48929
1.2197	0.48930
1.22	0.48928
1.2203	0.48919
1.2206	0.48921
1.2209	0.48933
1.2212	0.48940
1.2215	0.48937
1.2218	0.48947
1.222	0.48949
1.2223	0.48942
1.2226	0.48944
1.2229	0.48953
1.2232	0.48954
1.2235	0.48964
1.2238	0.48968
1.2241	0.48961
1.2243	0.48960
1.2246	0.48966
1.2249	0.48966
1.2252	0.48973
1.2255	0.48973
1.2258	0.48968
1.2261	0.48973
1.2264	0.48980
1.2267	0.48980
1.227	0.48980
1.2273	0.48982
1.2275	0.48989
1.2278	0.48988
1.2281	0.48990
1.2284	0.48999
1.2287	0.49007
1.229	0.49006
1.2293	0.49003
1.2296	0.48997
1.2299	0.48991
1.2302	0.48997
1.2304	0.49009
1.2307	0.49016
1.231	0.49020
1.2313	0.49012
1.2316	0.49006
1.2319	0.49016
1.2322	0.49025
1.2325	0.49026
1.2328	0.49032
1.2331	0.49040
1.2334	0.49033
1.2337	0.49028
1.234	0.49030
1.2343	0.49036
1.2346	0.49041
1.2348	0.49043
1.2351	0.49042
1.2354	0.49041
1.2357	0.49039
1.236	0.49040
1.2363	0.49046
1.2366	0.49047
1.2369	0.49044
1.2372	0.49046
1.2375	0.49053
1.2378	0.49062
1.2381	0.49070
1.2384	0.49064
1.2387	0.49066
1.239	0.49079
1.2393	0.49074
1.2396	0.49063
1.2399	0.49064
1.2402	0.49068
1.2405	0.49071
1.2408	0.49077
1.2411	0.49084
1.2413	0.49091
1.2417	0.49092
1.2419	0.49098
1.2422	0.49094
1.2425	0.49094
1.2428	0.49103
1.2431	0.49097
1.2434	0.49091
1.2437	0.49100
1.244	0.49101
1.2443	0.49104
1.2446	0.49101
1.2449	0.49105
1.2452	0.49113
1.2455	0.49116
1.2458	0.49120
1.2461	0.49119
1.2464	0.49117
1.2467	0.49120
1.247	0.49130
1.2473	0.49134
1.2476	0.49127
1.2479	0.49123
1.2482	0.49131
1.2485	0.49139
1.2488	0.49133
1.2491	0.49129
1.2494	0.49132
1.2497	0.49133
1.25	0.49132
1.2503	0.49134
1.2506	0.49146
1.2509	0.49154
1.2512	0.49150
1.2515	0.49143
1.2518	0.49145
1.2521	0.49144
1.2524	0.49153
1.2528	0.49160
1.2531	0.49160
1.2533	0.49168
1.2537	0.49178
1.254	0.49166
1.2543	0.49162
1.2546	0.49172
1.2549	0.49173
1.2552	0.49167
1.2555	0.49169
1.2558	0.49181
1.2561	0.49181
1.2564	0.49175
1.2567	0.49183
1.257	0.49185
1.2573	0.49179
1.2576	0.49181
1.2579	0.49189
1.2582	0.49191
1.2585	0.49194
1.2588	0.49187
1.2591	0.49185
1.2594	0.49196
1.2598	0.49193
1.2601	0.49185
1.2604	0.49188
1.2607	0.49196
1.261	0.49195
1.2613	0.49191
1.2616	0.49199
1.2619	0.49207
1.2622	0.49210
1.2625	0.49214
1.2628	0.49217
1.2631	0.49217
1.2634	0.49209
1.2637	0.49207
1.2641	0.49215
1.2644	0.49212
1.2647	0.49212
1.265	0.49223
1.2653	0.49232
1.2656	0.49232
1.2659	0.49231
1.2662	0.49228
1.2665	0.49225
1.2668	0.49228
1.2671	0.49228
1.2674	0.49232
1.2678	0.49242
1.2681	0.49246
1.2684	0.49240
1.2687	0.49245
1.269	0.49244
1.2693	0.49236
1.2696	0.49233
1.2699	0.49238
1.2702	0.49246
1.2706	0.49248
1.2709	0.49243
1.2712	0.49242
1.2715	0.49255
1.2718	0.49255
1.2721	0.49240
1.2724	0.49239
1.2727	0.49243
1.2731	0.49247
1.2734	0.49251
1.2737	0.49258
1.274	0.49259
1.2743	0.49259
1.2746	0.49265
1.2749	0.49272
1.2752	0.49276
1.2756	0.49268
1.2759	0.49262
1.2762	0.49266
1.2765	0.49269
1.2768	0.49272
1.2771	0.49276
1.2774	0.49269
1.2778	0.49271
1.2781	0.49278
1.2784	0.49273
1.2787	0.49278
1.279	0.49271
1.2793	0.49264
1.2797	0.49276
1.28	0.49277
1.2803	0.49273
1.2806	0.49280
1.2809	0.49287
1.2812	0.49291
1.2816	0.49293
1.2819	0.49291
1.2822	0.49291
1.2825	0.49296
1.2828	0.49296
1.2831	0.49296
1.2834	0.49303
1.2838	0.49299
1.2841	0.49293
1.2844	0.49302
1.2847	0.49306
1.285	0.49299
1.2854	0.49298
1.2857	0.49300
1.286	0.49308
1.2863	0.49311
1.2866	0.49315
1.2869	0.49322
1.2873	0.49321
1.2876	0.49315
1.2879	0.49320
1.2882	0.49328
1.2886	0.49324
1.2889	0.49322
1.2892	0.49322
1.2895	0.49323
1.2898	0.49333
1.2902	0.49341
1.2905	0.49338
1.2908	0.49336
1.2911	0.49339
1.2914	0.49344
1.2918	0.49338
1.2921	0.49337
1.2924	0.49337
1.2927	0.49335
1.2931	0.49340
1.2934	0.49344
1.2937	0.49349
1.294	0.49348
1.2943	0.49344
1.2947	0.49345
1.295	0.49351
1.2953	0.49352
1.2956	0.49352
1.296	0.49351
1.2963	0.49351
1.2966	0.49351
1.2969	0.49356
1.2973	0.49358
1.2976	0.49366
1.2979	0.49373
1.2982	0.49367
1.2986	0.49364
1.2989	0.49360
1.2992	0.49354
1.2995	0.49356
1.2999	0.49361
1.3002	0.49367
1.3005	0.49371
1.3008	0.49368
1.3012	0.49370
1.3015	0.49375
1.3018	0.49378
1.3021	0.49379
1.3025	0.49372
1.3028	0.49375
1.3031	0.49386
1.3034	0.49393
1.3038	0.49392
1.3041	0.49380
1.3044	0.49384
1.3048	0.49393
1.3051	0.49390
1.3054	0.49390
1.3058	0.49390
1.3061	0.49396
1.3064	0.49397
1.3067	0.49385
1.3071	0.49390
1.3074	0.49396
1.3077	0.49396
1.3081	0.49398
1.3084	0.49399
1.3087	0.49406
1.3091	0.49405
1.3094	0.49399
1.3097	0.49392
1.31	0.49396
1.3104	0.49396
1.3107	0.49391
1.311	0.49387
1.3114	0.49397
1.3117	0.49410
1.312	0.49416
1.3124	0.49414
1.3127	0.49412
1.313	0.49421
1.3134	0.49420
1.3137	0.49407
1.314	0.49402
1.3144	0.49403
1.3147	0.49413
1.315	0.49423
1.3154	0.49427
1.3157	0.49419
1.316	0.49409
1.3164	0.49413
1.3167	0.49414
1.317	0.49410
1.3174	0.49413
1.3177	0.49411
1.318	0.49416
1.3184	0.49420
1.3187	0.49416
1.319	0.49411
1.3194	0.49418
1.3197	0.49420
1.3201	0.49413
1.3204	0.49414
1.3207	0.49421
1.3211	0.49432
1.3214	0.49439
1.3217	0.49434
1.3221	0.49434
1.3224	0.49434
1.3227	0.49419
1.3231	0.49414
1.3234	0.49424
1.3238	0.49426
1.3241	0.49422
1.3244	0.49420
1.3248	0.49423
1.3251	0.49422
1.3254	0.49421
1.3258	0.49421
1.3261	0.49420
1.3265	0.49418
1.3268	0.49425
1.3271	0.49435
1.3275	0.49437
1.3278	0.49431
1.3282	0.49423
1.3285	0.49422
1.3288	0.49428
1.3292	0.49432
1.3295	0.49431
1.3299	0.49436
1.3302	0.49438
1.3306	0.49427
1.3309	0.49420
1.3312	0.49431
1.3316	0.49437
1.3319	0.49430
1.3323	0.49421
1.3326	0.49429
1.3329	0.49432
1.3333	0.49426
1.3336	0.49425
1.334	0.49424
1.3343	0.49421
1.3347	0.49423
1.335	0.49425
1.3353	0.49426
1.3357	0.49424
1.336	0.49421
1.3364	0.49426
1.3367	0.49428
1.3371	0.49421
1.3374	0.49418
1.3378	0.49425
1.3381	0.49436
1.3384	0.49432
1.3388	0.49428
1.3391	0.49425
1.3395	0.49428
1.3398	0.49430
1.3402	0.49428
1.3405	0.49429
1.3409	0.49433
1.3412	0.49427
1.3416	0.49424
1.3419	0.49422
1.3423	0.49415
1.3426	0.49416
1.3429	0.49423
1.3433	0.49423
1.3437	0.49417
1.344	0.49412
1.3443	0.49411
1.3447	0.49412
1.345	0.49410
1.3454	0.49414
1.3457	0.49418
1.3461	0.49417
1.3464	0.49406
1.3468	0.49394
1.3471	0.49399
1.3475	0.49405
1.3478	0.49397
1.3482	0.49396
1.3485	0.49398
1.3489	0.49404
1.3493	0.49411
1.3496	0.49410
1.3499	0.49405
1.3503	0.49404
1.3507	0.49399
1.351	0.49400
1.3513	0.49404
1.3517	0.49399
1.3521	0.49393
1.3524	0.49390
1.3528	0.49392
1.3531	0.49388
1.3535	0.49386
1.3538	0.49385
1.3542	0.49378
1.3545	0.49373
1.3549	0.49375
1.3552	0.49379
1.3556	0.49373
1.3559	0.49370
1.3563	0.49362
1.3567	0.49362
1.357	0.49360
1.3574	0.49356
1.3577	0.49358
1.3581	0.49354
1.3584	0.49354
1.3588	0.49357
1.3592	0.49355
1.3595	0.49356
1.3599	0.49355
1.3602	0.49350
1.3606	0.49350
1.3609	0.49349
1.3613	0.49350
1.3617	0.49346
1.362	0.49343
1.3624	0.49344
1.3627	0.49342
1.3631	0.49341
1.3634	0.49343
1.3638	0.49342
1.3642	0.49339
1.3645	0.49331
1.3649	0.49331
1.3652	0.49333
1.3656	0.49325
1.3659	0.49317
1.3663	0.49318
1.3667	0.49324
1.367	0.49319
1.3674	0.49312
1.3678	0.49310
1.3681	0.49312
1.3685	0.49314
1.3688	0.49313
1.3692	0.49307
1.3696	0.49306
1.3699	0.49306
1.3703	0.49306
1.3707	0.49298
1.371	0.49295
1.3714	0.49294
1.3717	0.49279
1.3721	0.49266
1.3725	0.49260
1.3728	0.49256
1.3732	0.49253
1.3736	0.49249
1.3739	0.49245
1.3743	0.49238
1.3746	0.49234
1.375	0.49237
1.3754	0.49230
1.3757	0.49227
1.3761	0.49225
1.3765	0.49213
1.3768	0.49200
1.3772	0.49196
1.3776	0.49193
1.3779	0.49190
1.3783	0.49182
1.3787	0.49171
1.379	0.49153
1.3794	0.49121
1.3798	0.49078
1.3801	0.49029
1.3805	0.48984
1.3809	0.48963
1.3812	0.48963
1.3816	0.48958
1.382	0.48952
1.3823	0.48944
1.3827	0.48943
1.3831	0.48945
1.3834	0.48935
1.3838	0.48927
1.3842	0.48913
1.3846	0.48908
1.3849	0.48902
1.3853	0.48887
1.3857	0.48868
1.386	0.48839
1.3864	0.48814
1.3868	0.48803
1.3872	0.48792
1.3875	0.48784
1.3879	0.48768
1.3883	0.48748
1.3886	0.48733
1.389	0.48723
1.3894	0.48698
1.3898	0.48659
1.3901	0.48592
1.3905	0.48447
1.3909	0.48111
1.3912	0.47459
1.3916	0.46747
1.392	0.46671
1.3924	0.47129
1.3927	0.47633
1.3931	0.48034
1.3935	0.48282
1.3939	0.48417
1.3942	0.48490
1.3946	0.48544
1.395	0.48594
1.3954	0.48635
1.3957	0.48664
1.3961	0.48679
1.3965	0.48683
1.3969	0.48670
1.3972	0.48606
1.3976	0.48498
1.398	0.48425
1.3984	0.48485
1.3988	0.48590
1.3991	0.48662
1.3995	0.48703
1.3999	0.48730
1.4003	0.48741
1.4006	0.48749
1.401	0.48764
1.4014	0.48768
1.4018	0.48768
1.4022	0.48775
1.4025	0.48785
1.4029	0.48792
1.4033	0.48791
1.4037	0.48786
1.4041	0.48784
1.4044	0.48786
1.4048	0.48785
1.4052	0.48785
1.4056	0.48783
1.406	0.48785
1.4063	0.48795
1.4067	0.48802
1.4071	0.48798
1.4075	0.48800
1.4079	0.48804
1.4083	0.48803
1.4086	0.48801
1.409	0.48797
1.4094	0.48798
1.4098	0.48799
1.4102	0.48799
1.4106	0.48803
1.4109	0.48806
1.4113	0.48810
1.4117	0.48812
1.4121	0.48806
1.4125	0.48802
1.4128	0.48804
1.4132	0.48803
1.4136	0.48805
1.414	0.48802
1.4144	0.48798
1.4148	0.48798
1.4152	0.48796
1.4156	0.48798
1.4159	0.48801
1.4163	0.48795
1.4167	0.48790
1.4171	0.48785
1.4175	0.48784
1.4179	0.48782
1.4183	0.48781
1.4187	0.48792
1.419	0.48790
1.4194	0.48779
1.4198	0.48779
1.4202	0.48776
1.4206	0.48772
1.421	0.48767
1.4214	0.48762
1.4218	0.48764
1.4222	0.48765
1.4225	0.48761
1.4229	0.48764
1.4233	0.48761
1.4237	0.48759
1.4241	0.48760
1.4245	0.48752
1.4249	0.48737
1.4253	0.48729
1.4257	0.48731
1.4261	0.48734
1.4265	0.48729
1.4268	0.48722
1.4272	0.48722
1.4276	0.48719
1.428	0.48715
1.4284	0.48711
1.4288	0.48704
1.4292	0.48699
1.4296	0.48696
1.43	0.48697
1.4304	0.48694
1.4308	0.48684
1.4312	0.48675
1.4316	0.48671
1.432	0.48669
1.4324	0.48667
1.4328	0.48666
1.4332	0.48666
1.4336	0.48658
1.4339	0.48650
1.4343	0.48648
1.4348	0.48642
1.4351	0.48639
1.4355	0.48628
1.4359	0.48622
1.4363	0.48624
1.4367	0.48624
1.4371	0.48619
1.4375	0.48616
1.4379	0.48614
1.4383	0.48607
1.4387	0.48598
1.4391	0.48593
1.4395	0.48594
1.4399	0.48589
1.4403	0.48581
1.4407	0.48575
1.4411	0.48568
1.4415	0.48563
1.4419	0.48559
1.4423	0.48553
1.4427	0.48544
1.4431	0.48542
1.4435	0.48541
1.4439	0.48534
1.4443	0.48528
1.4447	0.48523
1.4451	0.48516
1.4456	0.48508
1.4459	0.48501
1.4463	0.48495
1.4468	0.48491
1.4472	0.48480
1.4476	0.48470
1.448	0.48467
1.4484	0.48465
1.4488	0.48461
1.4492	0.48455
1.4496	0.48449
1.45	0.48445
1.4504	0.48434
1.4508	0.48422
1.4512	0.48415
1.4516	0.48408
1.452	0.48403
1.4524	0.48403
1.4528	0.48399
1.4532	0.48391
1.4537	0.48380
1.4541	0.48372
1.4545	0.48368
1.4549	0.48360
1.4553	0.48351
1.4557	0.48345
1.4561	0.48341
1.4565	0.48334
1.4569	0.48322
1.4573	0.48312
1.4577	0.48309
1.4582	0.48307
1.4586	0.48303
1.459	0.48290
1.4594	0.48277
1.4598	0.48275
1.4602	0.48268
1.4606	0.48263
1.461	0.48255
1.4614	0.48246
1.4618	0.48242
1.4623	0.48235
1.4627	0.48223
1.4631	0.48216
1.4635	0.48212
1.4639	0.48204
1.4643	0.48192
1.4647	0.48185
1.4652	0.48180
1.4656	0.48177
1.466	0.48166
1.4664	0.48161
1.4668	0.48158
1.4672	0.48148
1.4676	0.48133
1.4681	0.48121
1.4685	0.48112
1.4689	0.48105
1.4693	0.48101
1.4697	0.48099
1.4701	0.48091
1.4706	0.48081
1.471	0.48071
1.4714	0.48065
1.4718	0.48058
1.4722	0.48042
1.4726	0.48035
1.4731	0.48035
1.4735	0.48024
1.4739	0.48009
1.4743	0.48001
1.4747	0.47996
1.4752	0.47986
1.4756	0.47980
1.476	0.47973
1.4764	0.47962
1.4768	0.47953
1.4773	0.47939
1.4777	0.47931
1.4781	0.47930
1.4785	0.47927
1.4789	0.47920
1.4794	0.47910
1.4798	0.47897
1.4802	0.47887
1.4806	0.47879
1.4811	0.47873
1.4815	0.47861
1.4819	0.47847
1.4823	0.47836
1.4828	0.47830
1.4832	0.47824
1.4836	0.47818
1.484	0.47806
1.4844	0.47795
1.4849	0.47791
1.4853	0.47784
1.4857	0.47774
1.4862	0.47766
1.4866	0.47752
1.487	0.47737
1.4874	0.47728
1.4879	0.47715
1.4883	0.47703
1.4887	0.47699
1.4891	0.47689
1.4896	0.47675
1.49	0.47661
1.4904	0.47652
1.4908	0.47649
1.4913	0.47642
1.4917	0.47634
1.4921	0.47621
1.4926	0.47610
1.493	0.47604
1.4934	0.47594
1.4939	0.47583
1.4943	0.47576
1.4947	0.47565
1.4952	0.47554
1.4956	0.47545
1.496	0.47534
1.4964	0.47521
1.4969	0.47511
1.4973	0.47505
1.4977	0.47496
1.4982	0.47483
1.4986	0.47468
1.499	0.47457
1.4995	0.47450
1.4999	0.47439
1.5003	0.47430
1.5008	0.47424
1.5012	0.47411
1.5017	0.47397
1.5021	0.47387
1.5025	0.47377
1.5029	0.47364
1.5034	0.47353
1.5038	0.47343
1.5043	0.47336
1.5047	0.47328
1.5051	0.47315
1.5056	0.47306
1.506	0.47297
1.5064	0.47286
1.5069	0.47273
1.5073	0.47258
1.5078	0.47242
1.5082	0.47233
1.5086	0.47222
1.5091	0.47211
1.5095	0.47202
1.51	0.47191
1.5104	0.47177
1.5108	0.47164
1.5113	0.47154
1.5117	0.47146
1.5122	0.47133
1.5126	0.47119
1.513	0.47105
1.5135	0.47095
1.5139	0.47086
1.5144	0.47076
1.5148	0.47069
1.5153	0.47058
1.5157	0.47043
1.5161	0.47031
1.5166	0.47022
1.517	0.47013
1.5175	0.46997
1.5179	0.46982
1.5184	0.46971
1.5188	0.46965
1.5193	0.46954
1.5197	0.46937
1.5201	0.46920
1.5206	0.46908
1.521	0.46897
1.5215	0.46888
1.5219	0.46879
1.5224	0.46870
1.5228	0.46854
1.5233	0.46838
1.5237	0.46827
1.5242	0.46817
1.5246	0.46802
1.5251	0.46788
1.5255	0.46774
1.5259	0.46763
1.5264	0.46754
1.5268	0.46740
1.5273	0.46733
1.5278	0.46723
1.5282	0.46706
1.5287	0.46693
1.5291	0.46683
1.5296	0.46672
1.53	0.46658
1.5305	0.46642
1.5309	0.46626
1.5314	0.46610
1.5318	0.46600
1.5323	0.46591
1.5327	0.46584
1.5332	0.46570
1.5336	0.46556
1.5341	0.46545
1.5345	0.46529
1.535	0.46513
1.5354	0.46495
1.5359	0.46486
1.5363	0.46477
1.5368	0.46465
1.5373	0.46450
1.5377	0.46435
1.5382	0.46421
1.5386	0.46405
1.5391	0.46391
1.5396	0.46384
1.54	0.46371
1.5405	0.46358
1.5409	0.46344
1.5414	0.46330
1.5418	0.46316
1.5423	0.46300
1.5428	0.46289
1.5432	0.46277
1.5437	0.46263
1.5441	0.46246
1.5446	0.46232
1.5451	0.46219
1.5455	0.46207
1.546	0.46194
1.5464	0.46185
1.5469	0.46168
1.5474	0.46151
1.5478	0.46137
1.5483	0.46122
1.5488	0.46106
1.5492	0.46095
1.5497	0.46090
1.5501	0.46072
1.5506	0.46059
1.5511	0.46046
1.5515	0.46024
1.552	0.46007
1.5524	0.45998
1.5529	0.45993
1.5534	0.45984
1.5538	0.45964
1.5543	0.45947
1.5548	0.45935
1.5553	0.45926
1.5557	0.45904
1.5562	0.45883
1.5567	0.45869
1.5571	0.45858
1.5576	0.45846
1.5581	0.45834
1.5585	0.45825
1.559	0.45809
1.5595	0.45791
1.5599	0.45776
1.5604	0.45758
1.5609	0.45749
1.5613	0.45737
1.5618	0.45718
1.5623	0.45707
1.5628	0.45692
1.5632	0.45675
1.5637	0.45664
1.5642	0.45651
1.5646	0.45636
1.5651	0.45621
1.5656	0.45603
1.5661	0.45587
1.5665	0.45575
1.567	0.45563
1.5675	0.45546
1.5679	0.45530
1.5684	0.45515
1.5689	0.45502
1.5694	0.45487
1.5698	0.45471
1.5703	0.45450
1.5708	0.45438
1.5713	0.45430
1.5718	0.45417
1.5722	0.45402
1.5727	0.45388
1.5732	0.45374
1.5737	0.45362
1.5741	0.45344
1.5746	0.45323
1.5751	0.45310
1.5756	0.45296
1.5761	0.45280
1.5765	0.45265
1.577	0.45253
1.5775	0.45237
1.578	0.45218
1.5784	0.45199
1.5789	0.45183
1.5794	0.45169
1.5799	0.45157
1.5804	0.45145
1.5809	0.45132
1.5813	0.45120
1.5818	0.45105
1.5823	0.45085
1.5828	0.45068
1.5833	0.45054
1.5838	0.45036
1.5842	0.45017
1.5847	0.45005
1.5852	0.44989
1.5857	0.44970
1.5862	0.44957
1.5867	0.44943
1.5872	0.44930
1.5876	0.44915
1.5881	0.44898
1.5886	0.44876
1.5891	0.44862
1.5896	0.44852
1.5901	0.44835
1.5906	0.44818
1.591	0.44807
1.5915	0.44791
1.592	0.44772
1.5925	0.44760
1.593	0.44748
1.5935	0.44729
1.594	0.44710
1.5945	0.44693
1.595	0.44680
1.5954	0.44667
1.5959	0.44649
1.5964	0.44636
1.5969	0.44619
1.5974	0.44596
1.5979	0.44577
1.5984	0.44566
1.5989	0.44553
1.5994	0.44537
1.5999	0.44518
1.6004	0.44504
1.6009	0.44490
1.6014	0.44475
1.6019	0.44461
1.6023	0.44443
1.6028	0.44424
1.6033	0.44408
1.6038	0.44393
1.6043	0.44376
1.6048	0.44362
1.6053	0.44348
1.6058	0.44332
1.6063	0.44317
1.6068	0.44300
1.6073	0.44280
1.6078	0.44263
1.6083	0.44248
1.6088	0.44229
1.6093	0.44213
1.6098	0.44200
1.6103	0.44188
1.6108	0.44170
1.6113	0.44152
1.6118	0.44136
1.6123	0.44124
1.6128	0.44111
1.6133	0.44093
1.6138	0.44076
1.6143	0.44060
1.6148	0.44040
1.6153	0.44024
1.6158	0.44010
1.6163	0.43992
1.6168	0.43976
1.6173	0.43961
1.6178	0.43945
1.6184	0.43930
1.6189	0.43913
1.6194	0.43901
1.6199	0.43885
1.6204	0.43862
1.6209	0.43844
1.6214	0.43836
1.6219	0.43825
1.6224	0.43806
1.6229	0.43788
1.6234	0.43771
1.6239	0.43752
1.6244	0.43738
1.6249	0.43724
1.6255	0.43705
1.626	0.43688
1.6265	0.43673
1.627	0.43654
1.6275	0.43635
1.628	0.43628
1.6285	0.43612
1.629	0.43587
1.6296	0.43573
1.6301	0.43560
1.6306	0.43547
1.6311	0.43529
1.6316	0.43511
1.6321	0.43494
1.6326	0.43474
1.6331	0.43459
1.6337	0.43442
1.6342	0.43425
1.6347	0.43411
1.6352	0.43395
1.6357	0.43377
1.6362	0.43361
1.6368	0.43348
1.6373	0.43330
1.6378	0.43315
1.6383	0.43303
1.6388	0.43283
1.6393	0.43263
1.6398	0.43248
1.6404	0.43235
1.6409	0.43216
1.6414	0.43194
1.6419	0.43177
1.6424	0.43164
1.643	0.43148
1.6435	0.43133
1.644	0.43121
1.6445	0.43105
1.6451	0.43087
1.6456	0.43074
1.6461	0.43057
1.6466	0.43039
1.6472	0.43023
1.6477	0.43005
1.6482	0.42989
1.6487	0.42973
1.6492	0.42957
1.6498	0.42945
1.6503	0.42928
1.6508	0.42910
1.6513	0.42892
1.6519	0.42877
1.6524	0.42861
1.6529	0.42846
1.6534	0.42831
1.654	0.42810
1.6545	0.42797
1.655	0.42781
1.6556	0.42763
1.6561	0.42749
1.6566	0.42734
1.6572	0.42720
1.6577	0.42704
1.6582	0.42688
1.6587	0.42671
1.6593	0.42655
1.6598	0.42640
1.6603	0.42625
1.6609	0.42612
1.6614	0.42597
1.6619	0.42577
1.6625	0.42563
1.663	0.42549
1.6635	0.42533
1.6641	0.42514
1.6646	0.42494
1.6651	0.42480
1.6657	0.42465
1.6662	0.42449
1.6667	0.42433
1.6673	0.42420
1.6678	0.42402
1.6683	0.42386
1.6689	0.42375
1.6694	0.42363
1.67	0.42347
1.6705	0.42331
1.671	0.42315
1.6716	0.42296
1.6721	0.42277
1.6727	0.42259
1.6732	0.42245
1.6737	0.42233
1.6743	0.42218
1.6748	0.42201
1.6754	0.42189
1.6759	0.42175
1.6764	0.42157
1.677	0.42143
1.6775	0.42133
1.6781	0.42119
1.6786	0.42099
1.6792	0.42082
1.6797	0.42067
1.6802	0.42048
1.6808	0.42031
1.6813	0.42022
1.6819	0.42011
1.6824	0.41996
1.683	0.41979
1.6835	0.41960
1.6841	0.41943
1.6846	0.41929
1.6852	0.41914
1.6857	0.41898
1.6863	0.41885
1.6868	0.41871
1.6873	0.41850
1.6879	0.41835
1.6884	0.41823
1.689	0.41809
1.6896	0.41793
1.6901	0.41778
1.6907	0.41760
1.6912	0.41747
1.6918	0.41734
1.6923	0.41721
1.6929	0.41708
1.6934	0.41694
1.694	0.41683
1.6945	0.41667
1.6951	0.41648
1.6956	0.41630
1.6962	0.41615
1.6967	0.41603
1.6973	0.41588
1.6978	0.41574
1.6984	0.41560
1.699	0.41546
1.6995	0.41530
1.7001	0.41515
1.7006	0.41497
1.7012	0.41481
1.7018	0.41469
1.7023	0.41453
1.7029	0.41439
1.7034	0.41429
1.704	0.41419
1.7046	0.41404
1.7051	0.41385
1.7057	0.41370
1.7062	0.41361
1.7068	0.41347
1.7074	0.41334
1.7079	0.41319
1.7085	0.41304
1.709	0.41288
1.7096	0.41273
1.7102	0.41260
1.7107	0.41245
1.7113	0.41231
1.7119	0.41218
1.7124	0.41207
1.713	0.41194
1.7136	0.41181
1.7141	0.41164
1.7147	0.41146
1.7153	0.41132
1.7158	0.41122
1.7164	0.41111
1.717	0.41103
1.7175	0.41093
1.7181	0.41076
1.7187	0.41060
1.7192	0.41043
1.7198	0.41031
1.7204	0.41021
1.721	0.41009
1.7215	0.40997
1.7221	0.40985
1.7227	0.40974
1.7232	0.40960
1.7238	0.40945
1.7244	0.40928
1.725	0.40915
1.7255	0.40906
1.7261	0.40894
1.7267	0.40882
1.7273	0.40867
1.7278	0.40854
1.7284	0.40841
1.729	0.40832
1.7296	0.40822
1.7301	0.40810
1.7307	0.40795
1.7313	0.40780
1.7319	0.40767
1.7325	0.40758
1.733	0.40747
1.7336	0.40737
1.7342	0.40727
1.7348	0.40713
1.7354	0.40701
1.7359	0.40687
1.7365	0.40676
1.7371	0.40665
1.7377	0.40654
1.7383	0.40643
1.7388	0.40627
1.7394	0.40614
1.74	0.40605
1.7406	0.40598
1.7412	0.40588
1.7418	0.40578
1.7423	0.40566
1.7429	0.40552
1.7435	0.40539
1.7441	0.40525
1.7447	0.40515
1.7453	0.40508
1.7459	0.40497
1.7465	0.40484
1.7471	0.40471
1.7476	0.40458
1.7482	0.40446
1.7488	0.40439
1.7494	0.40431
1.75	0.40415
1.7506	0.40403
1.7512	0.40397
1.7518	0.40387
1.7524	0.40373
1.753	0.40364
1.7536	0.40352
1.7541	0.40339
1.7547	0.40330
1.7553	0.40325
1.7559	0.40317
1.7565	0.40303
1.7571	0.40292
1.7577	0.40283
1.7583	0.40269
1.7589	0.40257
1.7595	0.40248
1.7601	0.40239
1.7607	0.40232
1.7613	0.40223
1.7619	0.40211
1.7625	0.40202
1.7631	0.40197
1.7637	0.40189
1.7643	0.40179
1.7649	0.40167
1.7655	0.40155
1.7661	0.40145
1.7667	0.40135
1.7673	0.40127
1.7679	0.40120
1.7685	0.40107
1.7691	0.40095
1.7697	0.40089
1.7703	0.40080
1.7709	0.40070
1.7715	0.40061
1.7721	0.40050
1.7727	0.40039
1.7733	0.40034
1.7739	0.40029
1.7746	0.40017
1.7752	0.40006
1.7758	0.39999
1.7764	0.39993
1.777	0.39986
1.7776	0.39976
1.7782	0.39966
1.7788	0.39960
1.7794	0.39959
1.78	0.39952
1.7807	0.39939
1.7813	0.39932
1.7819	0.39923
1.7825	0.39916
1.7831	0.39912
1.7837	0.39904
1.7843	0.39895
1.7849	0.39886
1.7856	0.39879
1.7862	0.39872
1.7868	0.39865
1.7874	0.39860
1.788	0.39848
1.7886	0.39843
1.7893	0.39837
1.7899	0.39829
1.7905	0.39825
1.7911	0.39818
1.7917	0.39813
1.7923	0.39803
1.793	0.39794
1.7936	0.39790
1.7942	0.39784
1.7948	0.39778
1.7954	0.39772
1.7961	0.39763
1.7967	0.39754
1.7973	0.39753
1.7979	0.39754
1.7986	0.39747
1.7992	0.39736
1.7998	0.39731
1.8004	0.39728
1.8011	0.39723
1.8017	0.39717
1.8023	0.39713
1.8029	0.39707
1.8036	0.39702
1.8042	0.39697
1.8048	0.39691
1.8054	0.39682
1.8061	0.39677
1.8067	0.39671
1.8073	0.39669
1.808	0.39667
1.8086	0.39662
1.8092	0.39657
1.8099	0.39652
1.8105	0.39648
1.8111	0.39643
1.8118	0.39643
1.8124	0.39642
1.813	0.39636
1.8137	0.39629
1.8143	0.39623
1.8149	0.39616
1.8156	0.39611
1.8162	0.39608
1.8168	0.39606
1.8175	0.39604
1.8181	0.39599
1.8188	0.39597
1.8194	0.39594
1.82	0.39588
1.8207	0.39582
1.8213	0.39580
1.8219	0.39581
1.8226	0.39574
1.8232	0.39570
1.8239	0.39570
1.8245	0.39569
1.8252	0.39568
1.8258	0.39567
1.8264	0.39560
1.8271	0.39559
1.8277	0.39557
1.8284	0.39552
1.829	0.39551
1.8297	0.39553
1.8303	0.39551
1.831	0.39548
1.8316	0.39548
1.8323	0.39542
1.8329	0.39537
1.8336	0.39540
1.8342	0.39540
1.8348	0.39536
1.8355	0.39536
1.8361	0.39538
1.8368	0.39537
1.8374	0.39531
1.8381	0.39527
1.8388	0.39531
1.8394	0.39532
1.8401	0.39531
1.8407	0.39534
1.8414	0.39535
1.842	0.39535
1.8427	0.39538
1.8433	0.39538
1.844	0.39540
1.8446	0.39537
1.8453	0.39534
1.8459	0.39534
1.8466	0.39533
1.8473	0.39533
1.8479	0.39536
1.8486	0.39533
1.8492	0.39530
1.8499	0.39531
1.8506	0.39535
1.8512	0.39539
1.8519	0.39541
1.8526	0.39542
1.8532	0.39541
1.8539	0.39538
1.8545	0.39539
1.8552	0.39546
1.8559	0.39549
1.8565	0.39550
1.8572	0.39553
1.8579	0.39554
1.8585	0.39555
1.8592	0.39555
1.8599	0.39555
1.8605	0.39556
1.8612	0.39559
1.8619	0.39564
1.8625	0.39566
1.8632	0.39570
1.8639	0.39573
1.8645	0.39576
1.8652	0.39578
1.8659	0.39576
1.8666	0.39574
1.8672	0.39579
1.8679	0.39587
1.8686	0.39594
1.8692	0.39595
1.8699	0.39600
1.8706	0.39605
1.8713	0.39608
1.8719	0.39611
1.8726	0.39611
1.8733	0.39618
1.874	0.39624
1.8747	0.39626
1.8753	0.39630
1.876	0.39636
1.8767	0.39640
1.8774	0.39643
1.878	0.39647
1.8787	0.39650
1.8794	0.39650
1.8801	0.39656
1.8808	0.39666
1.8814	0.39669
1.8821	0.39672
1.8828	0.39679
1.8835	0.39684
1.8842	0.39682
1.8849	0.39682
1.8856	0.39687
1.8862	0.39694
1.8869	0.39701
1.8876	0.39708
1.8883	0.39713
1.889	0.39712
1.8897	0.39713
1.8904	0.39721
1.8911	0.39727
1.8918	0.39730
1.8924	0.39735
1.8931	0.39736
1.8938	0.39743
1.8945	0.39747
1.8952	0.39748
1.8959	0.39756
1.8966	0.39762
1.8973	0.39768
1.898	0.39773
1.8987	0.39777
1.8994	0.39784
1.9001	0.39791
1.9008	0.39797
1.9015	0.39804
1.9022	0.39812
1.9029	0.39817
1.9036	0.39822
1.9043	0.39830
1.905	0.39838
1.9057	0.39843
1.9064	0.39849
1.9071	0.39857
1.9078	0.39870
1.9085	0.39877
1.9092	0.39886
1.9099	0.39893
1.9106	0.39900
1.9113	0.39912
1.912	0.39920
1.9127	0.39923
1.9134	0.39933
1.9141	0.39947
1.9148	0.39957
1.9155	0.39967
1.9162	0.39977
1.9169	0.39989
1.9176	0.39996
1.9183	0.40003
1.9191	0.40012
1.9198	0.40024
1.9205	0.40035
1.9212	0.40045
1.9219	0.40057
1.9226	0.40068
1.9233	0.40079
1.924	0.40088
1.9248	0.40103
1.9255	0.40115
1.9262	0.40129
1.9269	0.40142
1.9276	0.40151
1.9283	0.40160
1.9291	0.40172
1.9298	0.40183
1.9305	0.40194
1.9312	0.40208
1.9319	0.40221
1.9327	0.40236
1.9334	0.40250
1.9341	0.40263
1.9348	0.40278
1.9355	0.40288
1.9363	0.40297
1.937	0.40312
1.9377	0.40330
1.9384	0.40344
1.9392	0.40354
1.9399	0.40369
1.9406	0.40384
1.9413	0.40398
1.9421	0.40413
1.9428	0.40427
1.9435	0.40439
1.9442	0.40454
1.945	0.40466
1.9457	0.40480
1.9464	0.40492
1.9472	0.40502
1.9479	0.40519
1.9486	0.40537
1.9494	0.40551
1.9501	0.40564
1.9508	0.40582
1.9516	0.40599
1.9523	0.40613
1.953	0.40629
1.9538	0.40643
1.9545	0.40656
1.9552	0.40675
1.956	0.40691
1.9567	0.40705
1.9575	0.40720
1.9582	0.40732
1.9589	0.40748
1.9597	0.40767
1.9604	0.40779
1.9612	0.40797
1.9619	0.40815
1.9626	0.40830
1.9634	0.40845
1.9641	0.40861
1.9649	0.40880
1.9656	0.40901
1.9664	0.40917
1.9671	0.40933
1.9679	0.40954
1.9686	0.40971
1.9693	0.40984
1.9701	0.40997
1.9708	0.41016
1.9716	0.41037
1.9723	0.41053
1.9731	0.41067
1.9738	0.41085
1.9746	0.41108
1.9753	0.41123
1.9761	0.41137
1.9769	0.41154
1.9776	0.41171
1.9784	0.41192
1.9791	0.41210
1.9799	0.41227
1.9806	0.41249
1.9814	0.41271
1.9822	0.41290
1.9829	0.41307
1.9837	0.41325
1.9844	0.41344
1.9852	0.41360
1.9859	0.41378
1.9867	0.41404
1.9875	0.41425
1.9882	0.41441
1.989	0.41463
1.9898	0.41481
1.9905	0.41496
1.9913	0.41519
1.9921	0.41541
1.9928	0.41560
1.9936	0.41578
1.9943	0.41597
1.9951	0.41622
1.9959	0.41643
1.9967	0.41666
1.9974	0.41690
1.9982	0.41711
1.999	0.41732
1.9997	0.41750
2.0005	0.41771
2.0013	0.41793
2.0021	0.41817
2.0028	0.41839
2.0036	0.41861
2.0044	0.41885
2.0052	0.41909
2.0059	0.41927
2.0067	0.41945
2.0075	0.41966
2.0083	0.41990
2.009	0.42015
2.0098	0.42041
2.0106	0.42060
2.0114	0.42082
2.0122	0.42104
2.0129	0.42128
2.0137	0.42153
2.0145	0.42179
2.0153	0.42200
2.0161	0.42221
2.0168	0.42245
2.0176	0.42267
2.0184	0.42290
2.0192	0.42319
2.02	0.42342
2.0208	0.42364
2.0216	0.42389
2.0223	0.42415
2.0231	0.42440
2.0239	0.42467
2.0247	0.42492
2.0255	0.42514
2.0263	0.42534
2.0271	0.42554
2.0279	0.42576
2.0287	0.42602
2.0295	0.42629
2.0303	0.42658
2.0311	0.42683
2.0319	0.42705
2.0327	0.42727
2.0335	0.42753
2.0343	0.42780
2.0351	0.42803
2.0358	0.42823
2.0367	0.42846
2.0374	0.42869
2.0383	0.42895
2.0391	0.42923
2.0399	0.42947
2.0407	0.42971
2.0415	0.42995
2.0423	0.43020
2.0431	0.43048
2.0439	0.43072
2.0447	0.43101
2.0455	0.43129
2.0463	0.43153
2.0471	0.43176
2.0479	0.43197
2.0487	0.43225
2.0495	0.43252
2.0504	0.43276
2.0512	0.43304
2.052	0.43330
2.0528	0.43352
2.0536	0.43372
2.0544	0.43400
2.0552	0.43428
2.056	0.43452
2.0569	0.43478
2.0577	0.43504
2.0585	0.43533
2.0593	0.43557
2.0601	0.43575
2.0609	0.43602
2.0618	0.43633
2.0626	0.43657
2.0634	0.43676
2.0642	0.43700
2.0651	0.43726
2.0659	0.43752
2.0667	0.43774
2.0675	0.43800
2.0683	0.43828
2.0692	0.43856
2.07	0.43880
2.0708	0.43902
2.0716	0.43924
2.0725	0.43952
2.0733	0.43978
2.0741	0.44003
2.075	0.44027
2.0758	0.44050
2.0766	0.44072
2.0775	0.44090
2.0783	0.44110
2.0791	0.44138
2.08	0.44169
2.0808	0.44195
2.0816	0.44216
2.0825	0.44242
2.0833	0.44267
2.0841	0.44293
2.085	0.44322
2.0858	0.44348
2.0866	0.44371
2.0875	0.44394
2.0883	0.44418
2.0892	0.44441
2.09	0.44467
2.0909	0.44497
2.0917	0.44520
2.0926	0.44543
2.0934	0.44570
2.0942	0.44594
2.0951	0.44618
2.0959	0.44644
2.0968	0.44668
2.0976	0.44691
2.0985	0.44717
2.0993	0.44744
2.1002	0.44769
2.101	0.44797
2.1019	0.44821
2.1027	0.44846
2.1036	0.44871
2.1044	0.44894
2.1053	0.44918
2.1061	0.44943
2.107	0.44967
2.1079	0.44988
2.1087	0.45010
2.1096	0.45034
2.1104	0.45058
2.1113	0.45086
2.1121	0.45112
2.113	0.45135
2.1139	0.45157
2.1147	0.45180
2.1156	0.45202
2.1165	0.45226
2.1173	0.45249
2.1182	0.45277
2.1191	0.45306
2.1199	0.45333
2.1208	0.45360
2.1217	0.45386
2.1225	0.45411
2.1234	0.45435
2.1243	0.45461
2.1251	0.45482
2.126	0.45503
2.1269	0.45525
2.1278	0.45547
2.1286	0.45567
2.1295	0.45587
2.1304	0.45615
2.1313	0.45645
2.1321	0.45667
2.133	0.45691
2.1339	0.45717
2.1348	0.45739
2.1356	0.45763
2.1365	0.45790
2.1374	0.45815
2.1383	0.45840
2.1392	0.45864
2.1401	0.45887
2.1409	0.45915
2.1418	0.45938
2.1427	0.45961
2.1436	0.45987
2.1445	0.46010
2.1454	0.46033
2.1463	0.46059
2.1471	0.46080
2.148	0.46101
2.1489	0.46130
2.1498	0.46157
2.1507	0.46178
2.1516	0.46202
2.1525	0.46227
2.1534	0.46249
2.1543	0.46276
2.1552	0.46303
2.1561	0.46321
2.157	0.46340
2.1579	0.46368
2.1588	0.46394
2.1597	0.46415
2.1606	0.46437
2.1615	0.46458
2.1624	0.46481
2.1633	0.46501
2.1642	0.46521
2.1651	0.46544
2.166	0.46564
2.1669	0.46584
2.1678	0.46607
2.1687	0.46627
2.1696	0.46646
2.1705	0.46667
2.1714	0.46688
2.1723	0.46702
2.1732	0.46723
2.1741	0.46748
2.1751	0.46771
2.176	0.46786
2.1769	0.46803
2.1778	0.46824
2.1787	0.46847
2.1796	0.46869
2.1806	0.46890
2.1815	0.46908
2.1824	0.46926
2.1833	0.46943
2.1842	0.46961
2.1851	0.46986
2.1861	0.47008
2.187	0.47023
2.1879	0.47041
2.1888	0.47057
2.1898	0.47075
2.1907	0.47093
2.1916	0.47109
2.1925	0.47127
2.1935	0.47148
2.1944	0.47169
2.1953	0.47188
2.1963	0.47205
2.1972	0.47224
2.1981	0.47238
2.1991	0.47256
2.2	0.47279
2.2009	0.47296
2.2019	0.47312
2.2028	0.47329
2.2037	0.47340
2.2047	0.47355
2.2056	0.47378
2.2065	0.47400
2.2075	0.47413
2.2084	0.47429
2.2094	0.47445
2.2103	0.47459
2.2112	0.47472
2.2122	0.47492
2.2131	0.47510
2.2141	0.47526
2.215	0.47541
2.216	0.47553
2.2169	0.47571
2.2179	0.47585
2.2188	0.47595
2.2198	0.47609
2.2207	0.47626
2.2217	0.47639
2.2226	0.47647
2.2236	0.47649
2.2245	0.47659
2.2255	0.47672
2.2264	0.47681
2.2274	0.47690
2.2284	0.47691
2.2293	0.47695
2.2303	0.47704
2.2312	0.47713
2.2322	0.47724
2.2331	0.47729
2.2341	0.47737
2.2351	0.47743
2.236	0.47746
2.237	0.47751
2.238	0.47755
2.2389	0.47761
2.2399	0.47768
2.2409	0.47772
2.2418	0.47775
2.2428	0.47775
2.2438	0.47779
2.2448	0.47787
2.2457	0.47796
2.2467	0.47804
2.2477	0.47806
2.2486	0.47815
2.2496	0.47827
2.2506	0.47832
2.2516	0.47841
2.2526	0.47853
2.2535	0.47866
2.2545	0.47881
2.2555	0.47890
2.2565	0.47894
2.2575	0.47902
2.2584	0.47915
2.2594	0.47923
2.2604	0.47925
2.2614	0.47927
2.2624	0.47931
2.2634	0.47930
2.2644	0.47927
2.2654	0.47925
2.2663	0.47921
2.2673	0.47915
2.2683	0.47905
2.2693	0.47898
2.2703	0.47897
2.2713	0.47889
2.2723	0.47883
2.2733	0.47878
2.2743	0.47877
2.2753	0.47872
2.2763	0.47855
2.2773	0.47841
2.2783	0.47830
2.2793	0.47813
2.2803	0.47794
2.2813	0.47771
2.2823	0.47746
2.2833	0.47710
2.2843	0.47663
2.2853	0.47604
2.2863	0.47538
2.2873	0.47473
2.2883	0.47404
2.2894	0.47338
2.2904	0.47294
2.2914	0.47283
2.2924	0.47309
2.2934	0.47361
2.2944	0.47419
2.2954	0.47463
2.2964	0.47484
2.2975	0.47484
2.2985	0.47469
2.2995	0.47452
2.3005	0.47436
2.3016	0.47419
2.3026	0.47401
2.3036	0.47371
2.3046	0.47325
2.3056	0.47261
2.3067	0.47183
2.3077	0.47091
2.3087	0.46990
2.3098	0.46883
2.3108	0.46778
2.3118	0.46686
2.3128	0.46621
2.3139	0.46599
2.3149	0.46633
2.3159	0.46732
2.317	0.46877
2.318	0.47019
2.3191	0.47131
2.3201	0.47204
2.3211	0.47248
2.3222	0.47279
2.3232	0.47316
2.3243	0.47363
2.3253	0.47425
2.3263	0.47502
2.3274	0.47587
2.3284	0.47672
2.3295	0.47740
2.3305	0.47797
2.3316	0.47848
2.3326	0.47891
2.3337	0.47927
2.3347	0.47958
2.3358	0.47993
2.3368	0.48023
2.3379	0.48052
2.3389	0.48087
2.34	0.48122
2.341	0.48155
2.3421	0.48190
2.3431	0.48221
2.3442	0.48253
2.3453	0.48291
2.3463	0.48318
2.3474	0.48342
2.3485	0.48369
2.3495	0.48395
2.3506	0.48419
2.3517	0.48437
2.3527	0.48455
2.3538	0.48472
2.3549	0.48489
2.3559	0.48509
2.357	0.48532
2.3581	0.48553
2.3591	0.48576
2.3602	0.48595
2.3613	0.48612
2.3624	0.48629
2.3634	0.48641
2.3645	0.48643
2.3656	0.48642
2.3667	0.48643
2.3678	0.48643
2.3689	0.48633
2.3699	0.48622
2.371	0.48614
2.3721	0.48602
2.3732	0.48582
2.3743	0.48563
2.3754	0.48544
2.3764	0.48525
2.3775	0.48509
2.3786	0.48491
2.3797	0.48468
2.3808	0.48446
2.3819	0.48426
2.383	0.48406
2.3841	0.48388
2.3852	0.48383
2.3863	0.48381
2.3874	0.48384
2.3885	0.48392
2.3896	0.48393
2.3907	0.48386
2.3918	0.48388
2.3929	0.48420
2.394	0.48474
2.3951	0.48514
2.3962	0.48542
2.3973	0.48577
2.3984	0.48627
2.3995	0.48688
2.4006	0.48747
2.4018	0.48796
2.4029	0.48837
2.404	0.48866
2.4051	0.48886
2.4062	0.48908
2.4073	0.48930
2.4085	0.48947
2.4096	0.48958
2.4107	0.48965
2.4118	0.48971
2.4129	0.48974
2.4141	0.48979
2.4152	0.48984
2.4163	0.48986
2.4174	0.48986
2.4186	0.48988
2.4197	0.48985
2.4208	0.48985
2.422	0.48987
2.4231	0.48980
2.4242	0.48966
2.4254	0.48957
2.4265	0.48951
2.4276	0.48953
2.4288	0.48965
2.4299	0.48976
2.4311	0.48984
2.4322	0.48983
2.4333	0.48974
2.4345	0.48969
2.4356	0.48969
2.4368	0.48975
2.4379	0.48976
2.4391	0.48981
2.4402	0.48978
2.4414	0.48978
2.4425	0.48985
2.4436	0.48996
2.4448	0.49002
2.4459	0.49007
2.4471	0.49012
2.4483	0.49016
2.4494	0.49025
2.4506	0.49031
2.4517	0.49030
2.4529	0.49029
2.4541	0.49024
2.4552	0.49023
2.4564	0.49020
2.4576	0.49020
2.4587	0.49017
2.4599	0.49009
2.4611	0.48991
2.4622	0.48980
2.4634	0.48978
2.4646	0.48983
2.4657	0.48984
2.4669	0.48982
2.4681	0.48985
2.4693	0.48995
2.4704	0.49007
2.4716	0.49022
2.4728	0.49031
2.474	0.49042
2.4751	0.49050
2.4763	0.49055
2.4775	0.49060
2.4787	0.49074
2.4799	0.49078
2.4811	0.49074
2.4823	0.49075
2.4834	0.49077
2.4846	0.49081
2.4858	0.49085
2.487	0.49088
2.4882	0.49092
2.4894	0.49085
2.4906	0.49079
2.4918	0.49074
2.493	0.49061
2.4942	0.49048
2.4954	0.49041
2.4966	0.49033
2.4978	0.49023
2.499	0.49014
2.5002	0.49012
2.5014	0.49009
2.5026	0.49009
2.5038	0.49017
2.505	0.49019
2.5063	0.49023
2.5075	0.49029
2.5087	0.49030
2.5099	0.49033
2.5111	0.49032
2.5123	0.49030
2.5135	0.49033
2.5148	0.49032
2.516	0.49031
2.5172	0.49040
2.5184	0.49054
2.5196	0.49072
2.5209	0.49090
2.5221	0.49104
2.5233	0.49113
2.5246	0.49125
2.5258	0.49139
2.527	0.49144
2.5282	0.49141
2.5295	0.49146
2.5307	0.49155
2.5319	0.49169
2.5332	0.49182
2.5344	0.49187
2.5357	0.49185
2.5369	0.49195
2.5381	0.49203
2.5394	0.49205
2.5406	0.49214
2.5419	0.49226
2.5431	0.49235
2.5444	0.49241
2.5456	0.49247
2.5469	0.49259
2.5481	0.49261
2.5494	0.49263
2.5506	0.49253
2.5519	0.49247
2.5531	0.49246
2.5544	0.49243
2.5556	0.49237
2.5569	0.49240
2.5582	0.49243
2.5594	0.49245
2.5607	0.49246
2.562	0.49259
2.5632	0.49273
2.5645	0.49277
2.5658	0.49279
2.567	0.49284
2.5683	0.49287
2.5696	0.49295
2.5709	0.49311
2.5721	0.49316
2.5734	0.49314
2.5747	0.49335
2.576	0.49336
2.5773	0.49336
2.5785	0.49349
2.5798	0.49362
2.5811	0.49367
2.5824	0.49375
2.5837	0.49371
2.585	0.49396
2.5862	0.49408
2.5875	0.49414
2.5888	0.49427
2.5901	0.49442
2.5914	0.49456
2.5927	0.49464
2.594	0.49451
2.5953	0.49456
2.5966	0.49480
2.5979	0.49492
2.5992	0.49492
2.6005	0.49490
2.6018	0.49486
2.6031	0.49490
2.6044	0.49489
2.6057	0.49497
2.6071	0.49522
2.6084	0.49530
2.6097	0.49533
2.611	0.49540
2.6123	0.49545
2.6136	0.49550
2.6149	0.49551
2.6163	0.49539
2.6176	0.49542
2.6189	0.49544
2.6202	0.49525
2.6216	0.49542
2.6229	0.49549
2.6242	0.49545
2.6255	0.49529
2.6269	0.49519
2.6282	0.49530
2.6295	0.49515
2.6309	0.49509
2.6322	0.49518
2.6335	0.49499
2.6349	0.49486
2.6362	0.49477
2.6376	0.49465
2.6389	0.49450
2.6402	0.49434
2.6416	0.49415
2.6429	0.49401
2.6443	0.49379
2.6456	0.49354
2.647	0.49334
2.6483	0.49311
2.6497	0.49283
2.651	0.49255
2.6524	0.49227
2.6538	0.49209
2.6551	0.49175
2.6565	0.49148
2.6578	0.49124
2.6592	0.49090
2.6606	0.49049
2.6619	0.49009
2.6633	0.48954
2.6647	0.48881
2.666	0.48812
2.6674	0.48750
2.6688	0.48657
2.6701	0.48516
2.6715	0.48386
2.6729	0.48228
2.6743	0.48010
2.6756	0.47745
2.677	0.47433
2.6784	0.47072
2.6798	0.46628
2.6812	0.46122
2.6826	0.45543
2.684	0.44916
2.6854	0.44229
2.6868	0.43498
2.6881	0.42719
2.6895	0.41894
2.6909	0.41003
2.6923	0.40063
2.6937	0.39049
2.6951	0.37954
2.6965	0.36680
2.6979	0.35137
2.6993	0.33572
2.7007	0.32420
2.7021	0.31462
2.7036	0.30421
2.705	0.29270
2.7064	0.28132
2.7078	0.27131
2.7092	0.26406
2.7106	0.25919
2.712	0.25635
2.7135	0.25437
2.7149	0.25286
2.7163	0.24964
2.7177	0.23836
2.7191	0.21541
2.7206	0.20372
2.722	0.21498
2.7234	0.22972
2.7249	0.23912
2.7263	0.24418
2.7277	0.24788
2.7292	0.24868
2.7306	0.24400
2.732	0.23952
2.7335	0.24313
2.7349	0.24868
2.7364	0.25170
2.7378	0.25303
2.7393	0.25410
2.7407	0.25510
2.7422	0.25602
2.7436	0.25647
2.7451	0.25696
2.7465	0.25807
2.748	0.25929
2.7494	0.26006
2.7509	0.26064
2.7523	0.26101
2.7538	0.26156
2.7553	0.26236
2.7567	0.26313
2.7582	0.26360
2.7597	0.26407
2.7611	0.26469
2.7626	0.26540
2.7641	0.26593
2.7656	0.26636
2.767	0.26669
2.7685	0.26694
2.77	0.26704
2.7715	0.26715
2.7729	0.26724
2.7744	0.26733
2.7759	0.26744
2.7774	0.26760
2.7789	0.26769
2.7804	0.26777
2.7819	0.26780
2.7834	0.26779
2.7849	0.26773
2.7864	0.26783
2.7879	0.26804
2.7894	0.26833
2.7909	0.26851
2.7924	0.26870
2.7939	0.26892
2.7954	0.26920
2.7969	0.26941
2.7984	0.26957
2.7999	0.26977
2.8014	0.26999
2.8029	0.27019
2.8044	0.27048
2.806	0.27075
2.8075	0.27104
2.809	0.27139
2.8105	0.27190
2.8121	0.27242
2.8136	0.27301
2.8151	0.27373
2.8166	0.27448
2.8182	0.27511
2.8197	0.27586
2.8212	0.27662
2.8228	0.27733
2.8243	0.27801
2.8258	0.27875
2.8274	0.27945
2.8289	0.28007
2.8305	0.28072
2.832	0.28135
2.8336	0.28191
2.8351	0.28245
2.8367	0.28298
2.8382	0.28351
2.8398	0.28402
2.8413	0.28453
2.8429	0.28505
2.8444	0.28570
2.846	0.28631
2.8476	0.28679
2.8491	0.28736
2.8507	0.28799
2.8523	0.28855
2.8538	0.28909
2.8554	0.28962
2.857	0.29015
2.8586	0.29061
2.8601	0.29101
2.8617	0.29139
2.8633	0.29171
2.8649	0.29191
2.8664	0.29216
2.868	0.29233
2.8696	0.29246
2.8712	0.29268
2.8728	0.29292
2.8744	0.29298
2.876	0.29301
2.8776	0.29311
2.8792	0.29322
2.8808	0.29331
2.8824	0.29342
2.884	0.29354
2.8856	0.29357
2.8872	0.29351
2.8888	0.29352
2.8904	0.29357
2.892	0.29356
2.8936	0.29352
2.8953	0.29354
2.8969	0.29356
2.8985	0.29355
2.9001	0.29352
2.9017	0.29354
2.9034	0.29362
2.905	0.29368
2.9066	0.29375
2.9083	0.29390
2.9099	0.29404
2.9115	0.29415
2.9131	0.29424
2.9148	0.29429
2.9164	0.29441
2.9181	0.29472
2.9197	0.29500
2.9214	0.29518
2.923	0.29538
2.9247	0.29570
2.9263	0.29606
2.928	0.29646
2.9296	0.29678
2.9313	0.29717
2.9329	0.29766
2.9346	0.29811
2.9363	0.29855
2.9379	0.29906
2.9396	0.29957
2.9412	0.30011
2.9429	0.30064
2.9446	0.30127
2.9463	0.30188
2.9479	0.30241
2.9496	0.30298
2.9513	0.30363
2.953	0.30422
2.9546	0.30482
2.9563	0.30538
2.958	0.30602
2.9597	0.30669
2.9614	0.30729
2.9631	0.30788
2.9648	0.30854
2.9665	0.30922
2.9682	0.30985
2.9699	0.31052
2.9716	0.31116
2.9733	0.31179
2.975	0.31243
2.9767	0.31303
2.9784	0.31365
2.9801	0.31434
2.9818	0.31497
2.9836	0.31557
2.9853	0.31619
2.987	0.31685
2.9887	0.31751
2.9904	0.31813
2.9922	0.31876
2.9939	0.31940
2.9956	0.32005
2.9974	0.32070
2.9991	0.32131
3.0008	0.32192
3.0026	0.32261
3.0043	0.32329
3.006	0.32392
3.0078	0.32453
3.0095	0.32515
3.0113	0.32579
3.013	0.32640
3.0148	0.32699
3.0165	0.32768
3.0183	0.32832
3.02	0.32889
3.0218	0.32947
3.0236	0.33006
3.0253	0.33067
3.0271	0.33122
3.0289	0.33172
3.0306	0.33226
3.0324	0.33280
3.0342	0.33333
3.036	0.33383
3.0377	0.33433
3.0395	0.33485
3.0413	0.33538
3.0431	0.33585
3.0449	0.33633
3.0467	0.33679
3.0484	0.33727
3.0502	0.33784
3.052	0.33835
3.0538	0.33880
3.0556	0.33925
3.0574	0.33967
3.0592	0.34011
3.0611	0.34050
3.0629	0.34095
3.0647	0.34143
3.0665	0.34188
3.0683	0.34226
3.0701	0.34270
3.0719	0.34310
3.0738	0.34350
3.0756	0.34394
3.0774	0.34437
3.0792	0.34472
3.0811	0.34506
3.0829	0.34550
3.0847	0.34597
3.0866	0.34637
3.0884	0.34673
3.0902	0.34710
3.0921	0.34752
3.0939	0.34789
3.0958	0.34822
3.0976	0.34862
3.0995	0.34906
3.1013	0.34939
3.1032	0.34968
3.105	0.35012
3.1069	0.35056
3.1088	0.35097
3.1106	0.35134
3.1125	0.35169
3.1144	0.35213
3.1162	0.35250
3.1181	0.35284
3.12	0.35323
3.1219	0.35363
3.1237	0.35403
3.1256	0.35443
3.1275	0.35487
3.1294	0.35530
3.1313	0.35563
3.1332	0.35599
3.1351	0.35640
3.137	0.35679
3.1389	0.35717
3.1408	0.35750
3.1427	0.35779
3.1446	0.35813
3.1465	0.35858
3.1484	0.35898
3.1503	0.35929
3.1522	0.35966
3.1541	0.35999
3.1561	0.36038
3.158	0.36083
3.1599	0.36125
3.1618	0.36161
3.1638	0.36197
3.1657	0.36237
3.1676	0.36278
3.1696	0.36315
3.1715	0.36357
3.1734	0.36400
3.1754	0.36442
3.1773	0.36481
3.1793	0.36529
3.1812	0.36576
3.1832	0.36613
3.1851	0.36644
3.1871	0.36677
3.1891	0.36718
3.191	0.36767
3.193	0.36815
3.1949	0.36857
3.1969	0.36893
3.1989	0.36938
3.2009	0.36981
3.2029	0.37018
3.2048	0.37055
3.2068	0.37093
3.2088	0.37134
3.2108	0.37172
3.2128	0.37208
3.2148	0.37240
3.2168	0.37270
3.2188	0.37304
3.2208	0.37343
3.2228	0.37377
3.2248	0.37409
3.2268	0.37445
3.2288	0.37482
3.2308	0.37518
3.2328	0.37555
3.2348	0.37586
3.2368	0.37618
3.2389	0.37647
3.2409	0.37681
3.2429	0.37720
3.2449	0.37752
3.247	0.37780
3.249	0.37813
3.251	0.37847
3.2531	0.37879
3.2551	0.37910
3.2572	0.37946
3.2592	0.37972
3.2613	0.37995
3.2633	0.38025
3.2654	0.38058
3.2674	0.38094
3.2695	0.38122
3.2716	0.38156
3.2736	0.38189
3.2757	0.38210
3.2778	0.38231
3.2798	0.38256
3.2819	0.38281
3.284	0.38311
3.2861	0.38333
3.2881	0.38352
3.2902	0.38378
3.2923	0.38403
3.2944	0.38420
3.2965	0.38425
3.2986	0.38427
3.3007	0.38425
3.3028	0.38423
3.3049	0.38428
3.307	0.38436
3.3091	0.38448
3.3112	0.38476
3.3134	0.38506
3.3155	0.38536
3.3176	0.38566
3.3197	0.38604
3.3219	0.38644
3.324	0.38677
3.3261	0.38709
3.3283	0.38739
3.3304	0.38763
3.3325	0.38781
3.3347	0.38796
3.3368	0.38807
3.339	0.38813
3.3411	0.38816
3.3433	0.38805
3.3454	0.38782
3.3476	0.38766
3.3498	0.38751
3.3519	0.38733
3.3541	0.38724
3.3563	0.38714
3.3584	0.38710
3.3606	0.38714
3.3628	0.38702
3.365	0.38686
3.3671	0.38664
3.3693	0.38634
3.3715	0.38608
3.3737	0.38589
3.3759	0.38582
3.3781	0.38586
3.3803	0.38603
3.3825	0.38630
3.3847	0.38668
3.3869	0.38715
3.3891	0.38744
3.3914	0.38758
3.3936	0.38762
3.3958	0.38744
3.398	0.38710
3.4003	0.38655
3.4025	0.38592
3.4047	0.38523
3.407	0.38456
3.4092	0.38393
3.4114	0.38334
3.4137	0.38298
3.4159	0.38285
3.4182	0.38310
3.4204	0.38374
3.4227	0.38480
3.425	0.38603
3.4272	0.38735
3.4295	0.38878
3.4318	0.39006
3.434	0.39126
3.4363	0.39222
3.4386	0.39290
3.4409	0.39360
3.4432	0.39421
3.4454	0.39479
3.4477	0.39535
3.45	0.39584
3.4523	0.39635
3.4546	0.39690
3.4569	0.39740
3.4592	0.39781
3.4616	0.39821
3.4639	0.39855
3.4662	0.39876
3.4685	0.39892
3.4708	0.39898
3.4731	0.39896
3.4755	0.39895
3.4778	0.39906
3.4801	0.39917
3.4825	0.39934
3.4848	0.39953
3.4872	0.39972
3.4895	0.39976
3.4919	0.39963
3.4942	0.39946
3.4966	0.39929
3.4989	0.39903
3.5013	0.39889
3.5036	0.39921
3.506	0.39996
3.5084	0.40102
3.5108	0.40234
3.5131	0.40373
3.5155	0.40506
3.5179	0.40621
3.5203	0.40716
3.5227	0.40807
3.5251	0.40893
3.5275	0.40965
3.5299	0.41030
3.5323	0.41085
3.5347	0.41139
3.5371	0.41185
3.5395	0.41222
3.5419	0.41264
3.5444	0.41308
3.5468	0.41342
3.5492	0.41382
3.5516	0.41419
3.5541	0.41441
3.5565	0.41460
3.559	0.41489
3.5614	0.41519
3.5639	0.41543
3.5663	0.41571
3.5688	0.41592
3.5712	0.41608
3.5737	0.41632
3.5761	0.41660
3.5786	0.41688
3.5811	0.41718
3.5836	0.41747
3.586	0.41774
3.5885	0.41797
3.591	0.41815
3.5935	0.41832
3.596	0.41859
3.5985	0.41885
3.601	0.41903
3.6035	0.41929
3.606	0.41952
3.6085	0.41965
3.611	0.41988
3.6135	0.42016
3.616	0.42030
3.6186	0.42045
3.6211	0.42065
3.6236	0.42084
3.6261	0.42110
3.6287	0.42128
3.6312	0.42138
3.6338	0.42158
3.6363	0.42179
3.6389	0.42191
3.6414	0.42201
3.644	0.42217
3.6466	0.42237
3.6491	0.42259
3.6517	0.42280
3.6543	0.42299
3.6569	0.42320
3.6594	0.42338
3.662	0.42357
3.6646	0.42380
3.6672	0.42402
3.6698	0.42420
3.6724	0.42437
3.675	0.42452
3.6776	0.42469
3.6802	0.42490
3.6828	0.42514
3.6854	0.42532
3.6881	0.42539
3.6907	0.42550
3.6933	0.42576
3.6959	0.42599
3.6986	0.42620
3.7012	0.42639
3.7039	0.42655
3.7065	0.42673
3.7092	0.42692
3.7118	0.42705
3.7145	0.42717
3.7171	0.42734
3.7198	0.42752
3.7225	0.42767
3.7252	0.42783
3.7278	0.42802
3.7305	0.42821
3.7332	0.42836
3.7359	0.42852
3.7386	0.42869
3.7413	0.42885
3.744	0.42901
3.7467	0.42916
3.7494	0.42928
3.7521	0.42938
3.7548	0.42949
3.7576	0.42966
3.7603	0.42979
3.763	0.42989
3.7657	0.43003
3.7685	0.43014
3.7712	0.43019
3.774	0.43025
3.7767	0.43035
3.7795	0.43045
3.7822	0.43056
3.785	0.43066
3.7877	0.43070
3.7905	0.43072
3.7933	0.43074
3.7961	0.43076
3.7988	0.43080
3.8016	0.43086
3.8044	0.43093
3.8072	0.43103
3.81	0.43115
3.8128	0.43130
3.8156	0.43146
3.8184	0.43163
3.8212	0.43176
3.8241	0.43190
3.8269	0.43203
3.8297	0.43217
3.8325	0.43229
3.8354	0.43237
3.8382	0.43245
3.8411	0.43257
3.8439	0.43266
3.8468	0.43271
3.8496	0.43274
3.8525	0.43274
3.8553	0.43269
3.8582	0.43265
3.8611	0.43264
3.8639	0.43266
3.8668	0.43268
3.8697	0.43271
3.8726	0.43274
3.8755	0.43279
3.8784	0.43283
3.8813	0.43288
3.8842	0.43294
3.8871	0.43299
3.89	0.43303
3.8929	0.43305
3.8959	0.43309
3.8988	0.43312
3.9017	0.43308
3.9047	0.43298
3.9076	0.43290
3.9106	0.43283
3.9135	0.43274
3.9165	0.43267
3.9194	0.43261
3.9224	0.43256
3.9254	0.43254
3.9284	0.43250
3.9313	0.43247
3.9343	0.43243
3.9373	0.43236
3.9403	0.43224
3.9433	0.43207
3.9463	0.43189
3.9493	0.43168
3.9523	0.43152
3.9553	0.43137
3.9583	0.43122
3.9614	0.43110
3.9644	0.43102
3.9674	0.43101
3.9705	0.43107
3.9735	0.43123
3.9766	0.43143
3.9796	0.43169
3.9826	0.43197
3.9857	0.43222
3.9888	0.43247
3.9919	0.43272
3.9949	0.43297
3.998	0.43319
4.0011	0.43341
4.0042	0.43367
4.0073	0.43387
4.0104	0.43401
4.0135	0.43416
4.0166	0.43430
4.0197	0.43444
4.0228	0.43454
4.0259	0.43460
4.0291	0.43464
4.0322	0.43474
4.0353	0.43483
4.0385	0.43486
4.0416	0.43493
4.0448	0.43501
4.0479	0.43505
4.0511	0.43507
4.0543	0.43505
4.0574	0.43505
4.0606	0.43505
4.0638	0.43501
4.067	0.43500
4.0702	0.43496
4.0734	0.43488
4.0766	0.43483
4.0798	0.43477
4.083	0.43469
4.0862	0.43462
4.0894	0.43456
4.0927	0.43450
4.0959	0.43444
4.0991	0.43438
4.1024	0.43432
4.1056	0.43423
4.1089	0.43415
4.1121	0.43408
4.1154	0.43395
4.1187	0.43382
4.122	0.43373
4.1252	0.43363
4.1285	0.43356
4.1318	0.43349
4.1351	0.43337
4.1384	0.43327
4.1417	0.43319
4.145	0.43308
4.1483	0.43291
4.1516	0.43275
4.155	0.43265
4.1583	0.43257
4.1616	0.43249
4.165	0.43238
4.1683	0.43225
4.1717	0.43212
4.175	0.43202
4.1784	0.43190
4.1818	0.43181
4.1852	0.43170
4.1885	0.43158
4.1919	0.43146
4.1953	0.43135
4.1987	0.43125
4.2021	0.43116
4.2055	0.43107
4.2089	0.43096
4.2124	0.43081
4.2158	0.43064
4.2192	0.43050
4.2226	0.43042
4.2261	0.43034
4.2295	0.43024
4.233	0.43016
4.2365	0.43007
4.2399	0.42993
4.2434	0.42982
4.2469	0.42970
4.2503	0.42955
4.2538	0.42940
4.2573	0.42922
4.2608	0.42905
4.2643	0.42894
4.2678	0.42885
4.2713	0.42870
4.2749	0.42855
4.2784	0.42843
4.2819	0.42826
4.2855	0.42812
4.289	0.42800
4.2926	0.42788
4.2961	0.42774
4.2997	0.42763
4.3033	0.42751
4.3068	0.42737
4.3104	0.42723
4.314	0.42711
4.3176	0.42696
4.3212	0.42685
4.3248	0.42673
4.3284	0.42657
4.332	0.42644
4.3356	0.42631
4.3393	0.42619
4.3429	0.42609
4.3465	0.42599
4.3502	0.42592
4.3538	0.42583
4.3575	0.42574
4.3611	0.42563
4.3648	0.42552
4.3685	0.42544
4.3722	0.42539
4.3759	0.42531
4.3796	0.42520
4.3833	0.42507
4.387	0.42496
4.3907	0.42485
4.3944	0.42475
4.3981	0.42468
4.4019	0.42459
4.4056	0.42447
4.4094	0.42435
4.4131	0.42419
4.4169	0.42404
4.4206	0.42387
4.4244	0.42373
4.4282	0.42363
4.432	0.42348
4.4358	0.42330
4.4396	0.42315
4.4434	0.42301
4.4472	0.42285
4.451	0.42268
4.4548	0.42253
4.4586	0.42236
4.4625	0.42218
4.4663	0.42198
4.4702	0.42184
4.474	0.42169
4.4779	0.42149
4.4818	0.42128
4.4856	0.42107
4.4895	0.42081
4.4934	0.42055
4.4973	0.42030
4.5012	0.42001
4.5051	0.41963
4.509	0.41927
4.513	0.41889
4.5169	0.41845
4.5208	0.41792
4.5248	0.41732
4.5287	0.41672
4.5327	0.41607
4.5367	0.41532
4.5406	0.41453
4.5446	0.41375
4.5486	0.41296
4.5526	0.41214
4.5566	0.41125
4.5606	0.41030
4.5646	0.40935
4.5686	0.40838
4.5727	0.40738
4.5767	0.40631
4.5808	0.40521
4.5848	0.40407
4.5889	0.40287
4.5929	0.40160
4.597	0.40030
4.6011	0.39894
4.6052	0.39754
4.6093	0.39605
4.6134	0.39454
4.6175	0.39300
4.6216	0.39141
4.6257	0.38978
4.6298	0.38817
4.634	0.38657
4.6381	0.38503
4.6423	0.38350
4.6464	0.38199
4.6506	0.38054
4.6548	0.37914
4.659	0.37776
4.6631	0.37646
4.6673	0.37521
4.6715	0.37405
4.6758	0.37294
4.68	0.37193
4.6842	0.37097
4.6884	0.37006
4.6927	0.36916
4.6969	0.36827
4.7012	0.36737
4.7055	0.36651
4.7097	0.36563
4.714	0.36472
4.7183	0.36380
4.7226	0.36288
4.7269	0.36194
4.7312	0.36094
4.7355	0.35986
4.7399	0.35874
4.7442	0.35754
4.7485	0.35628
4.7529	0.35499
4.7573	0.35363
4.7616	0.35216
4.766	0.35067
4.7704	0.34914
4.7748	0.34759
4.7792	0.34597
4.7836	0.34434
4.788	0.34269
4.7924	0.34098
4.7969	0.33929
4.8013	0.33769
4.8058	0.33612
4.8102	0.33464
4.8147	0.33322
4.8191	0.33185
4.8236	0.33059
4.8281	0.32947
4.8326	0.32845
4.8371	0.32757
4.8416	0.32681
4.8462	0.32615
4.8507	0.32553
4.8553	0.32503
4.8598	0.32462
4.8644	0.32422
4.8689	0.32385
4.8735	0.32351
4.8781	0.32315
4.8827	0.32282
4.8873	0.32247
4.8919	0.32211
4.8965	0.32173
4.9011	0.32130
4.9058	0.32084
4.9104	0.32031
4.9151	0.31974
4.9197	0.31921
4.9244	0.31865
4.9291	0.31807
4.9338	0.31746
4.9385	0.31685
4.9432	0.31627
4.9479	0.31580
4.9526	0.31533
4.9574	0.31487
4.9621	0.31446
4.9669	0.31405
4.9716	0.31362
4.9764	0.31316
4.9812	0.31262
4.986	0.31201
4.9908	0.31138
4.9956	0.31069
5.0004	0.30987
5.0052	0.30896
5.01	0.30800
5.0149	0.30700
5.0198	0.30587
5.0246	0.30464
5.0295	0.30332
5.0344	0.30193
5.0393	0.30045
5.0442	0.29894
5.0491	0.29736
5.054	0.29573
5.0589	0.29409
5.0639	0.29247
5.0688	0.29089
5.0738	0.28931
5.0788	0.28771
5.0837	0.28616
5.0887	0.28456
5.0937	0.28291
5.0987	0.28126
5.1037	0.27959
5.1088	0.27797
5.1138	0.27645
5.1189	0.27501
5.1239	0.27367
5.129	0.27242
5.1341	0.27135
5.1391	0.27051
5.1443	0.26995
5.1494	0.26971
5.1545	0.26979
5.1596	0.27015
5.1647	0.27080
5.1699	0.27169
5.175	0.27278
5.1802	0.27403
5.1854	0.27538
5.1906	0.27673
5.1958	0.27811
5.201	0.27950
5.2062	0.28082
5.2115	0.28208
5.2167	0.28333
5.222	0.28452
5.2272	0.28569
5.2325	0.28678
5.2378	0.28781
5.2431	0.28881
5.2484	0.28980
5.2537	0.29078
5.259	0.29177
5.2644	0.29277
5.2697	0.29381
5.2751	0.29488
5.2805	0.29597
5.2858	0.29701
5.2912	0.29799
5.2966	0.29887
5.302	0.29961
5.3075	0.30024
5.3129	0.30074
5.3184	0.30107
5.3238	0.30124
5.3293	0.30128
5.3348	0.30128
5.3403	0.30123
5.3458	0.30109
5.3513	0.30093
5.3568	0.30067
5.3624	0.30031
5.3679	0.29985
5.3735	0.29926
5.379	0.29863
5.3846	0.29787
5.3902	0.29698
5.3958	0.29604
5.4015	0.29504
5.4071	0.29394
5.4127	0.29278
5.4184	0.29157
5.4241	0.29038
5.4297	0.28918
5.4354	0.28804
5.4411	0.28694
5.4469	0.28589
5.4526	0.28501
5.4583	0.28432
5.4641	0.28377
5.4698	0.28342
5.4756	0.28322
5.4814	0.28320
5.4872	0.28333
5.493	0.28368
5.4988	0.28411
5.5047	0.28456
5.5105	0.28501
5.5164	0.28542
5.5223	0.28567
5.5281	0.28569
5.534	0.28543
5.54	0.28490
5.5459	0.28404
5.5518	0.28292
5.5578	0.28164
5.5637	0.28026
5.5697	0.27888
5.5757	0.27759
5.5817	0.27645
5.5877	0.27540
5.5937	0.27438
5.5998	0.27345
5.6058	0.27260
5.6119	0.27179
5.618	0.27101
5.6241	0.27027
5.6302	0.26953
5.6363	0.26888
5.6424	0.26839
5.6486	0.26791
5.6547	0.26744
5.6609	0.26712
5.6671	0.26685
5.6733	0.26675
5.6795	0.26680
5.6857	0.26686
5.692	0.26698
5.6982	0.26714
5.7045	0.26722
5.7108	0.26735
5.7171	0.26729
5.7234	0.26702
5.7297	0.26671
5.736	0.26638
5.7424	0.26597
5.7488	0.26557
5.7551	0.26513
5.7615	0.26470
5.768	0.26438
5.7744	0.26389
5.7808	0.26330
5.7873	0.26278
5.7937	0.26226
5.8002	0.26174
5.8067	0.26113
5.8132	0.26048
5.8197	0.25985
5.8263	0.25917
5.8328	0.25826
5.8394	0.25736
5.846	0.25657
5.8526	0.25590
5.8592	0.25538
5.8658	0.25500
5.8725	0.25460
5.8791	0.25430
5.8858	0.25382
5.8925	0.25296
5.8992	0.25201
5.9059	0.25065
5.9126	0.24900
5.9194	0.24718
5.9262	0.24501
5.9329	0.24269
5.9397	0.24007
5.9465	0.23703
5.9534	0.23384
5.9602	0.23066
5.9671	0.22752
5.974	0.22454
5.9808	0.22169
5.9878	0.21926
5.9947	0.21711
6.0016	0.21524
6.0086	0.21371
6.0155	0.21257
6.0225	0.21160
6.0295	0.21085
6.0365	0.21026
6.0436	0.20989
6.0506	0.20967
6.0577	0.20915
6.0648	0.20856
6.0719	0.20821
6.079	0.20780
6.0861	0.20739
6.0933	0.20707
6.1005	0.20686
6.1076	0.20663
6.1149	0.20644
6.1221	0.20607
6.1293	0.20559
6.1365	0.20496
6.1438	0.20424
6.1511	0.20337
6.1584	0.20243
6.1657	0.20146
6.1731	0.20047
6.1804	0.19954
6.1878	0.19879
6.1952	0.19803
6.2026	0.19743
6.21	0.19704
6.2175	0.19681
6.225	0.19673
6.2324	0.19676
6.2399	0.19681
6.2475	0.19689
6.255	0.19692
6.2625	0.19689
6.2701	0.19687
6.2777	0.19687
6.2853	0.19683
6.293	0.19684
6.3006	0.19700
6.3083	0.19729
6.3159	0.19774
6.3236	0.19838
6.3314	0.19925
6.3391	0.20040
6.3469	0.20184
6.3546	0.20320
6.3624	0.20459
6.3703	0.20618
6.3781	0.20776
6.3859	0.20926
6.3938	0.21075
6.4017	0.21217
6.4096	0.21365
6.4175	0.21506
6.4255	0.21602
6.4335	0.21686
6.4415	0.21767
6.4495	0.21836
6.4575	0.21896
6.4656	0.21946
6.4736	0.22002
6.4817	0.22050
6.4898	0.22092
6.498	0.22131
6.5061	0.22143
6.5143	0.22141
6.5225	0.22144
6.5307	0.22126
6.539	0.22095
6.5472	0.22050
6.5555	0.21985
6.5638	0.21905
6.5721	0.21820
6.5804	0.21716
6.5888	0.21604
6.5972	0.21502
6.6056	0.21404
6.614	0.21319
6.6225	0.21251
6.6309	0.21207
6.6394	0.21185
6.6479	0.21161
6.6565	0.21142
6.665	0.21151
6.6736	0.21176
6.6822	0.21208
6.6908	0.21229
6.6995	0.21240
6.7081	0.21254
6.7168	0.21257
6.7255	0.21247
6.7343	0.21232
6.743	0.21205
6.7518	0.21168
6.7606	0.21121
6.7694	0.21066
6.7783	0.21001
6.7871	0.20930
6.796	0.20845
6.805	0.20751
6.8139	0.20669
6.8229	0.20601
6.8319	0.20533
6.8409	0.20456
6.8499	0.20385
6.859	0.20326
6.868	0.20260
6.8772	0.20185
6.8863	0.20110
6.8955	0.20037
6.9046	0.19963
6.9138	0.19888
6.9231	0.19809
6.9323	0.19732
6.9416	0.19656
6.9509	0.19578
6.9602	0.19502
6.9696	0.19423
6.979	0.19345
6.9884	0.19277
6.9978	0.19203
7.0073	0.19127
7.0168	0.19055
7.0263	0.18988
7.0358	0.18921
7.0454	0.18866
7.0549	0.18811
7.0645	0.18761
7.0742	0.18720
7.0839	0.18683
7.0935	0.18648
7.1033	0.18619
7.113	0.18588
7.1228	0.18557
7.1326	0.18514
7.1424	0.18466
7.1522	0.18413
7.1621	0.18352
7.172	0.18286
7.182	0.18212
7.1919	0.18133
7.2019	0.18059
7.2119	0.17985
7.222	0.17910
7.232	0.17832
7.2421	0.17754
7.2523	0.17674
7.2624	0.17593
7.2726	0.17501
7.2828	0.17396
7.2931	0.17284
7.3033	0.17171
7.3136	0.17052
7.324	0.16929
7.3343	0.16805
7.3447	0.16685
7.3551	0.16558
7.3656	0.16429
7.3761	0.16309
7.3866	0.16190
7.3971	0.16074
7.4077	0.15969
7.4183	0.15863
7.4289	0.15758
7.4396	0.15655
7.4502	0.15559
7.461	0.15456
7.4717	0.15344
7.4825	0.15230
7.4933	0.15120
7.5041	0.15003
7.515	0.14886
7.5259	0.14765
7.5369	0.14640
7.5479	0.14506
7.5589	0.14370
7.5699	0.14231
7.581	0.14097
7.592	0.13960
7.6032	0.13823
7.6144	0.13691
7.6255	0.13562
7.6368	0.13421
7.648	0.13280
7.6593	0.13139
7.6707	0.12998
7.682	0.12849
7.6934	0.12697
7.7049	0.12540
7.7163	0.12380
7.7278	0.12222
7.7394	0.12067
7.7509	0.11906
7.7625	0.11754
7.7742	0.11603
7.7858	0.11448
7.7975	0.11287
7.8093	0.11126
7.8211	0.10959
7.8329	0.10786
7.8447	0.10604
7.8566	0.10421
7.8685	0.10233
7.8805	0.10043
7.8925	0.09846
7.9045	0.09649
7.9166	0.09450
7.9287	0.09251
7.9408	0.09045
7.953	0.08842
7.9652	0.08640
7.9775	0.08437
7.9898	0.08222
8.0021	0.08014
8.0145	0.07807
8.0269	0.07600
8.0393	0.07388
8.0518	0.07175
8.0643	0.06961
8.0769	0.06751
8.0895	0.06542
8.1021	0.06335
8.1148	0.06121
8.1275	0.05914
8.1403	0.05714
8.1531	0.05520
8.1659	0.05325
8.1788	0.05132
8.1917	0.04944
8.2047	0.04768
8.2177	0.04593
8.2307	0.04429
8.2438	0.04272
8.257	0.04122
8.2701	0.03971
8.2833	0.03831
8.2966	0.03702
8.3099	0.03587
8.3232	0.03476
8.3366	0.03378
8.35	0.03285
8.3635	0.03204
8.377	0.03138
8.3905	0.03090
8.4042	0.03049
8.4178	0.03031
8.4315	0.03033
8.4452	0.03064
8.459	0.03115
8.4728	0.03195
8.4867	0.03306
8.5006	0.03454
8.5145	0.03642
8.5285	0.03874
8.5426	0.04146
8.5567	0.04469
8.5708	0.04832
8.585	0.05248
8.5993	0.05707
8.6135	0.06212
8.6279	0.06749
8.6423	0.07308
8.6567	0.07876
8.6712	0.08442
8.6857	0.08971
8.7003	0.09415
8.7149	0.09682
8.7295	0.09676
8.7443	0.09414
8.759	0.09164
8.7739	0.09201
8.7887	0.09481
8.8037	0.09789
8.8186	0.10005
8.8337	0.10091
8.8487	0.10051
8.8638	0.09922
8.879	0.09759
8.8943	0.09627
8.9095	0.09571
8.9249	0.09582
8.9403	0.09647
8.9557	0.09732
8.9712	0.09819
8.9868	0.09884
9.0023	0.09927
9.018	0.09947
9.0337	0.09951
9.0495	0.09939
9.0653	0.09925
9.0812	0.09911
9.0971	0.09898
9.1131	0.09889
9.1291	0.09896
9.1452	0.09902
9.1614	0.09923
9.1776	0.09949
9.1939	0.09982
9.2102	0.10015
9.2266	0.10048
9.243	0.10072
9.2595	0.10099
9.2761	0.10128
9.2927	0.10159
9.3094	0.10178
9.3262	0.10186
9.343	0.10182
9.3598	0.10160
9.3768	0.10115
9.3938	0.10049
9.4108	0.09949
9.4279	0.09827
9.4451	0.09674
9.4623	0.09497
9.4796	0.09308
9.497	0.09124
9.5144	0.08940
9.5319	0.08757
9.5494	0.08561
9.567	0.08358
9.5847	0.08131
9.6025	0.07884
9.6203	0.07609
9.6382	0.07312
9.6561	0.07006
9.6742	0.06713
9.6922	0.06449
9.7104	0.06229
9.7286	0.06060
9.7469	0.05967
9.7652	0.05938
9.7837	0.05962
9.8022	0.06012
9.8207	0.06080
9.8394	0.06158
9.8581	0.06244
9.8768	0.06333
9.8957	0.06424
9.9146	0.06504
9.9336	0.06567
9.9527	0.06600
9.9718	0.06614
9.991	0.06623
10.0103	0.06646
10.0297	0.06708
10.0491	0.06826
10.0686	0.07002
10.0882	0.07236
10.1079	0.07502
10.1276	0.07788
10.1475	0.08091
10.1673	0.08406
10.1873	0.08700
10.2074	0.08928
10.2275	0.09039
10.2477	0.09014
10.268	0.08856
10.2884	0.08612
10.3088	0.08374
10.3294	0.08257
10.35	0.08305
10.3707	0.08486
10.3915	0.08703
10.4123	0.08885
10.4333	0.09007
10.4543	0.09085
10.4754	0.09111
10.4967	0.09088
10.5179	0.09008
10.5393	0.08883
10.5608	0.08730
10.5823	0.08572
10.604	0.08423
10.6257	0.08294
10.6475	0.08183
10.6694	0.08102
10.6914	0.08043
10.7135	0.08007
10.7357	0.07989
10.758	0.07979
10.7803	0.07949
10.8028	0.07888
10.8254	0.07784
10.848	0.07631
10.8708	0.07441
10.8936	0.07231
10.9165	0.07005
10.9395	0.06784
10.9627	0.06590
10.9859	0.06429
11.0092	0.06312
11.0327	0.06254
11.0562	0.06246
11.0798	0.06276
11.1035	0.06300
11.1274	0.06327
11.1513	0.06368
11.1753	0.06454
11.1995	0.06590
11.2237	0.06787
11.248	0.07039
11.2725	0.07327
11.2971	0.07618
11.3217	0.07889
11.3465	0.08128
11.3714	0.08323
11.3964	0.08462
11.4215	0.08541
11.4467	0.08565
11.472	0.08549
11.4975	0.08491
11.523	0.08407
11.5487	0.08303
11.5744	0.08179
11.6003	0.08046
11.6263	0.07918
11.6525	0.07778
11.6787	0.07629
11.7051	0.07476
11.7316	0.07322
11.7582	0.07170
11.7849	0.07035
11.8117	0.06919
11.8387	0.06834
11.8658	0.06782
11.893	0.06759
11.9203	0.06755
11.9478	0.06777
11.9754	0.06802
12.0031	0.06827
12.031	0.06870
12.059	0.06939
12.0871	0.07051
12.1153	0.07211
12.1437	0.07379
12.1722	0.07550
12.2008	0.07704
12.2296	0.07847
12.2585	0.07991
12.2876	0.08131
12.3168	0.08246
12.3461	0.08339
12.3755	0.08418
12.4052	0.08492
12.4349	0.08558
12.4648	0.08605
12.4948	0.08636
12.525	0.08644
12.5553	0.08623
12.5858	0.08591
12.6164	0.08535
12.6472	0.08460
12.6781	0.08366
12.7092	0.08283
12.7404	0.08213
12.7718	0.08131
12.8033	0.08026
12.835	0.07912
12.8669	0.07776
12.8989	0.07593
12.9311	0.07349
12.9634	0.07055
12.9959	0.06734
13.0285	0.06414
13.0613	0.06128
13.0943	0.05924
13.1275	0.05813
13.1608	0.05771
13.1943	0.05777
13.228	0.05812
13.2618	0.05825
13.2958	0.05766
13.33	0.05623
13.3643	0.05446
13.3988	0.05292
13.4336	0.05220
13.4685	0.05224
13.5035	0.05239
13.5388	0.05196
13.5742	0.05076
13.6099	0.04891
13.6457	0.04674
13.6817	0.04499
13.7179	0.04404
13.7543	0.04383
13.7908	0.04408
13.8276	0.04436
13.8646	0.04452
13.9018	0.04459
13.9392	0.04464
13.9767	0.04438
14.0145	0.04382
14.0525	0.04310
14.0907	0.04228
14.129	0.04146
14.1676	0.04066
14.2065	0.03998
14.2455	0.03978
14.2847	0.04005
14.3242	0.04083
14.3639	0.04208
14.4038	0.04348
14.4439	0.04429
14.4843	0.04427
14.5248	0.04356
14.5656	0.04244
14.6067	0.04101
14.6479	0.03982
14.6894	0.03875
14.7312	0.03757
14.7731	0.03656
14.8153	0.03562
14.8578	0.03449
14.9005	0.03312
14.9434	0.03174
14.9866	0.03064
15.03	0.02952
15.0737	0.02839
15.1177	0.02746
15.1619	0.02703
15.2063	0.02730
15.2511	0.02819
15.2961	0.02932
15.3413	0.03045
15.3868	0.03137
15.4326	0.03210
15.4787	0.03249
15.525	0.03268
15.5717	0.03279
15.6186	0.03282
15.6658	0.03271
15.7132	0.03285
15.761	0.03307
15.809	0.03311
15.8574	0.03318
15.906	0.03350
15.955	0.03379
16.0042	0.03450
16.0538	0.03578
16.1036	0.03763
16.1538	0.04023
16.2043	0.04333
16.2551	0.04692
16.3062	0.05089
16.3576	0.05484
16.4094	0.05884
16.4615	0.06246
16.5139	0.06585
16.5667	0.06890
16.6198	0.07162
16.6732	0.07406
16.727	0.07626
16.7811	0.07821
16.8356	0.08003
16.8905	0.08190
16.9457	0.08393
17.0012	0.08596
17.0572	0.08826
17.1134	0.09085
17.1701	0.09342
17.2272	0.09574
17.2846	0.09805
17.3424	0.10010
17.4006	0.10148
17.4592	0.10197
17.5182	0.10161
17.5775	0.10064
17.6373	0.09918
17.6975	0.09718
17.7581	0.09532
17.8192	0.09452
17.8806	0.09557
17.9425	0.09767
18.0048	0.10039
18.0675	0.10337
18.1307	0.10661
18.1943	0.10897
18.2584	0.11048
18.3229	0.11085
18.3879	0.11008
18.4533	0.10852
18.5192	0.10729
18.5856	0.10664
18.6524	0.10656
18.7198	0.10633
18.7876	0.10501
18.8559	0.10406
18.9247	0.10497
18.9941	0.10852
19.0639	0.11343
19.1342	0.11823
19.2051	0.12272
19.2765	0.12606
19.3484	0.12813
19.4209	0.12915
19.4939	0.12932
19.5675	0.12905
19.6416	0.12780
19.7163	0.12660
19.7916	0.12546
19.8674	0.12373
19.9438	0.12184
20.0208	0.12022
20.0984	0.11734
20.1766	0.11388
20.2554	0.11077
20.3348	0.10785
20.4149	0.10485
20.4956	0.10207
20.5769	0.09953
20.6589	0.09685
20.7416	0.09381
20.8248	0.09154
20.9088	0.08926
20.9935	0.08677
21.0788	0.08459
21.1648	0.08331
21.2516	0.08391
21.3391	0.08605
21.4272	0.08827
21.5161	0.08971
21.6058	0.09134
21.6962	0.09319
21.7873	0.09511
21.8793	0.09646
21.972	0.09696
22.0654	0.09710
22.1597	0.09663
22.2548	0.09591
22.3508	0.09507
22.4475	0.09356
22.5451	0.09158
22.6436	0.08920
22.7429	0.08699
22.8431	0.08503
22.9442	0.08305
23.0461	0.08183
23.149	0.08134
23.2528	0.08080
23.3576	0.07988
23.4633	0.07833
23.5699	0.07714
23.6775	0.07627
23.7861	0.07522
23.8958	0.07426
24.0064	0.07290
24.118	0.07164
24.2307	0.07118
24.3445	0.07101
24.4593	0.07198
24.5753	0.07371
24.6923	0.07565
24.8104	0.07788
24.9297	0.07947
25.0501	0.08040
25.1717	0.08129
25.2945	0.08149
25.4185	0.08124
25.5437	0.08072
25.6702	0.07980
25.7979	0.07849
25.9269	0.07728
26.0572	0.07627
26.1888	0.07512
26.3217	0.07437
26.456	0.07452
26.5917	0.07464
26.7288	0.07577
26.8672	0.07693
27.0072	0.07772
27.1486	0.07807
27.2915	0.07791
27.4359	0.07832
27.5818	0.07984
27.7293	0.08251
27.8784	0.08604
28.0291	0.08949
28.1814	0.09191
28.3354	0.09430
28.4911	0.09626
28.6485	0.09642
28.8077	0.09583
28.9686	0.09556
29.1313	0.09507
29.2959	0.09493
29.4624	0.09522
29.6307	0.09478
29.801	0.09626
29.9733	0.09876
30.1475	0.09985
30.3238	0.09993
30.5022	0.09951
30.6827	0.09746
30.8653	0.09441
31.0502	0.09119
31.2372	0.08971
31.4265	0.08933
31.6182	0.08963
31.8121	0.08944
32.0085	0.08889
32.2073	0.08940
32.4086	0.08976
32.6124	0.08901
32.8188	0.08815
33.0279	0.08740
33.2396	0.08636
33.4541	0.08620
33.6713	0.08611
33.8914	0.08591
34.1143	0.08595
34.3403	0.08518
34.5692	0.08439
34.8012	0.08508
35.0363	0.08560
35.2747	0.08573
35.5163	0.08530
35.7612	0.08599
36.0096	0.08615
36.2614	0.08593
36.5167	0.08650
36.7757	0.08789
37.0384	0.08930
37.3049	0.09118
37.5752	0.09319
37.8495	0.09422
38.1278	0.09432
38.4102	0.09374
38.6968	0.09343
38.9878	0.09481
39.2832	0.09621
39.583	0.09647
39.8875	0.09632
40.1967	0.09730
40.5108	0.09591
40.8298	0.09130
41.1538	0.08605
41.483	0.08347
41.8176	0.08197
42.1575	0.07894
42.5031	0.08035
42.8544	0.08238
43.2115	0.08342
43.5746	0.08692
43.9439	0.09238
44.3195	0.09519
44.7015	0.09759
45.0902	0.09984
45.4858	0.10213
45.8883	0.10588
46.298	0.10719
46.7151	0.10652
47.1398	0.10770
47.5723	0.10784
48.0128	0.10608
48.4615	0.10833
48.9187	0.11081
49.3846	0.10938
49.8594	0.10623
