Brown University Keck/NASA Relab Spectrum PX-DWS-016-B/BKR1PX016B
Wavelength(micron)	Reflectance
0.32	0.05890
0.33	0.05703
0.34	0.05912
0.35	0.06050
0.36	0.06210
0.37	0.06689
0.38	0.07205
0.39	0.07936
0.4	0.08317
0.41	0.08717
0.42	0.09177
0.43	0.09633
0.44	0.10065
0.45	0.10335
0.46	0.10697
0.47	0.11016
0.48	0.11365
0.49	0.11724
0.5	0.12125
0.51	0.12505
0.52	0.12960
0.53	0.13316
0.54	0.13617
0.55	0.13842
0.56	0.14146
0.57	0.14405
0.58	0.14627
0.59	0.14808
0.6	0.14969
0.61	0.15135
0.62	0.15267
0.63	0.15394
0.64	0.15526
0.65	0.15625
0.66	0.15738
0.67	0.15854
0.68	0.15987
0.69	0.16087
0.7	0.16180
0.71	0.16274
0.72	0.16350
0.73	0.16407
0.74	0.16419
0.75	0.16416
0.76	0.16318
0.77	0.16218
0.78	0.16066
0.79	0.15843
0.8	0.15559
0.81	0.15226
0.82	0.14837
0.83	0.14448
0.84	0.14047
0.85	0.13665
0.86	0.13326
0.87	0.12901
0.88	0.12653
0.89	0.12411
0.9	0.12317
0.91	0.12228
0.92	0.12267
0.93	0.12281
0.94	0.12406
0.95	0.12626
0.96	0.12821
0.97	0.13075
0.98	0.13463
0.99	0.13791
1	0.14129
1.01	0.14538
1.02	0.14996
1.03	0.15373
1.04	0.15711
1.05	0.16115
1.06	0.16509
1.07	0.16899
1.08	0.17233
1.09	0.17569
1.1	0.17916
1.11	0.18199
1.12	0.18548
1.13	0.18795
1.14	0.19092
1.15	0.19366
1.16	0.19608
1.17	0.19894
1.18	0.20159
1.19	0.20463
1.2	0.20668
1.21	0.20944
1.22	0.21195
1.23	0.21540
1.24	0.21716
1.25	0.22008
1.26	0.22327
1.27	0.22602
1.28	0.22923
1.29	0.23203
1.3	0.23392
1.31	0.23671
1.32	0.23856
1.33	0.24175
1.34	0.24455
1.3405	0.24467
1.3409	0.24469
1.3412	0.24474
1.3416	0.24491
1.3419	0.24502
1.3423	0.24505
1.3426	0.24518
1.3429	0.24523
1.3433	0.24522
1.3437	0.24535
1.344	0.24548
1.3443	0.24550
1.3447	0.24560
1.345	0.24569
1.3454	0.24574
1.3457	0.24576
1.3461	0.24571
1.3464	0.24570
1.3468	0.24585
1.3471	0.24604
1.3475	0.24612
1.3478	0.24615
1.3482	0.24618
1.3485	0.24628
1.3489	0.24639
1.3492	0.24647
1.3496	0.24650
1.3499	0.24656
1.3503	0.24665
1.3507	0.24670
1.351	0.24681
1.3513	0.24691
1.3517	0.24696
1.3521	0.24692
1.3524	0.24696
1.3528	0.24710
1.3531	0.24717
1.3535	0.24722
1.3538	0.24735
1.3542	0.24736
1.3545	0.24745
1.3549	0.24758
1.3552	0.24770
1.3556	0.24779
1.3559	0.24781
1.3563	0.24788
1.3567	0.24790
1.357	0.24795
1.3574	0.24807
1.3577	0.24812
1.3581	0.24814
1.3584	0.24821
1.3588	0.24823
1.3592	0.24835
1.3595	0.24843
1.3599	0.24860
1.3602	0.24873
1.3606	0.24872
1.3609	0.24867
1.3613	0.24865
1.3617	0.24867
1.362	0.24878
1.3624	0.24885
1.3627	0.24881
1.3631	0.24895
1.3634	0.24922
1.3638	0.24923
1.3642	0.24913
1.3645	0.24917
1.3649	0.24923
1.3652	0.24918
1.3656	0.24915
1.3659	0.24923
1.3663	0.24936
1.3667	0.24945
1.367	0.24948
1.3674	0.24951
1.3678	0.24958
1.3681	0.24957
1.3685	0.24967
1.3688	0.24975
1.3692	0.24984
1.3696	0.24998
1.3699	0.25003
1.3703	0.24999
1.3706	0.25007
1.371	0.25022
1.3714	0.25018
1.3717	0.25020
1.3721	0.25032
1.3725	0.25039
1.3728	0.25042
1.3732	0.25054
1.3736	0.25052
1.3739	0.25050
1.3743	0.25062
1.3746	0.25068
1.375	0.25068
1.3754	0.25064
1.3757	0.25064
1.3761	0.25072
1.3765	0.25076
1.3768	0.25082
1.3772	0.25080
1.3776	0.25082
1.3779	0.25090
1.3783	0.25091
1.3787	0.25085
1.379	0.25092
1.3794	0.25094
1.3798	0.25100
1.3801	0.25100
1.3805	0.25097
1.3809	0.25100
1.3812	0.25100
1.3816	0.25102
1.382	0.25105
1.3823	0.25104
1.3827	0.25102
1.3831	0.25102
1.3834	0.25100
1.3838	0.25099
1.3842	0.25101
1.3846	0.25107
1.3849	0.25114
1.3853	0.25118
1.3857	0.25105
1.386	0.25097
1.3864	0.25100
1.3868	0.25099
1.3872	0.25091
1.3875	0.25084
1.3879	0.25077
1.3883	0.25076
1.3886	0.25087
1.389	0.25089
1.3894	0.25077
1.3898	0.25062
1.3901	0.25042
1.3905	0.25022
1.3909	0.24997
1.3912	0.24975
1.3916	0.24954
1.392	0.24945
1.3924	0.24962
1.3927	0.24989
1.3931	0.25001
1.3935	0.24995
1.3939	0.24991
1.3942	0.24999
1.3946	0.24995
1.395	0.24984
1.3954	0.24974
1.3957	0.24979
1.3961	0.24984
1.3965	0.24977
1.3969	0.24957
1.3972	0.24939
1.3976	0.24930
1.398	0.24932
1.3984	0.24922
1.3988	0.24923
1.3991	0.24928
1.3995	0.24910
1.3999	0.24898
1.4003	0.24901
1.4006	0.24904
1.401	0.24893
1.4014	0.24883
1.4018	0.24875
1.4022	0.24871
1.4025	0.24867
1.4029	0.24866
1.4033	0.24862
1.4037	0.24848
1.4041	0.24834
1.4044	0.24827
1.4048	0.24814
1.4052	0.24804
1.4056	0.24797
1.4059	0.24791
1.4063	0.24783
1.4067	0.24773
1.4071	0.24767
1.4075	0.24758
1.4079	0.24746
1.4083	0.24744
1.4086	0.24740
1.409	0.24733
1.4094	0.24731
1.4098	0.24727
1.4102	0.24715
1.4105	0.24710
1.4109	0.24710
1.4113	0.24695
1.4117	0.24687
1.4121	0.24687
1.4125	0.24680
1.4128	0.24674
1.4132	0.24681
1.4136	0.24685
1.414	0.24679
1.4144	0.24682
1.4148	0.24694
1.4152	0.24694
1.4156	0.24682
1.4159	0.24689
1.4163	0.24702
1.4167	0.24703
1.4171	0.24703
1.4175	0.24712
1.4179	0.24719
1.4183	0.24721
1.4187	0.24732
1.419	0.24744
1.4194	0.24745
1.4198	0.24737
1.4202	0.24733
1.4206	0.24753
1.421	0.24767
1.4214	0.24765
1.4218	0.24771
1.4222	0.24790
1.4225	0.24804
1.4229	0.24818
1.4233	0.24831
1.4237	0.24843
1.4241	0.24855
1.4245	0.24871
1.4249	0.24886
1.4253	0.24897
1.4257	0.24910
1.4261	0.24918
1.4264	0.24930
1.4268	0.24951
1.4272	0.24966
1.4276	0.24970
1.428	0.24982
1.4284	0.25009
1.4288	0.25020
1.4292	0.25016
1.4296	0.25032
1.43	0.25052
1.4304	0.25056
1.4308	0.25075
1.4312	0.25095
1.4316	0.25103
1.432	0.25112
1.4324	0.25124
1.4328	0.25137
1.4332	0.25150
1.4336	0.25156
1.4339	0.25167
1.4343	0.25188
1.4347	0.25203
1.4351	0.25213
1.4355	0.25223
1.4359	0.25232
1.4363	0.25250
1.4367	0.25263
1.4371	0.25266
1.4375	0.25265
1.4379	0.25272
1.4383	0.25296
1.4387	0.25312
1.4391	0.25314
1.4395	0.25327
1.4399	0.25344
1.4403	0.25352
1.4407	0.25355
1.4411	0.25366
1.4415	0.25379
1.4419	0.25398
1.4423	0.25408
1.4427	0.25416
1.4431	0.25427
1.4435	0.25437
1.4439	0.25445
1.4443	0.25454
1.4447	0.25467
1.4451	0.25478
1.4455	0.25489
1.4459	0.25498
1.4463	0.25500
1.4468	0.25507
1.4472	0.25523
1.4476	0.25544
1.448	0.25558
1.4484	0.25562
1.4488	0.25561
1.4492	0.25564
1.4496	0.25568
1.45	0.25583
1.4504	0.25604
1.4508	0.25614
1.4512	0.25611
1.4516	0.25611
1.452	0.25622
1.4524	0.25649
1.4528	0.25664
1.4532	0.25659
1.4537	0.25651
1.4541	0.25649
1.4545	0.25657
1.4549	0.25668
1.4553	0.25679
1.4557	0.25687
1.4561	0.25693
1.4565	0.25694
1.4569	0.25694
1.4573	0.25700
1.4577	0.25701
1.4582	0.25702
1.4586	0.25713
1.459	0.25727
1.4594	0.25734
1.4598	0.25741
1.4602	0.25738
1.4606	0.25743
1.461	0.25758
1.4614	0.25753
1.4618	0.25752
1.4623	0.25760
1.4627	0.25768
1.4631	0.25773
1.4635	0.25772
1.4639	0.25777
1.4643	0.25791
1.4647	0.25793
1.4652	0.25791
1.4656	0.25792
1.466	0.25797
1.4664	0.25800
1.4668	0.25797
1.4672	0.25811
1.4676	0.25820
1.4681	0.25820
1.4685	0.25820
1.4689	0.25827
1.4693	0.25845
1.4697	0.25853
1.4701	0.25848
1.4706	0.25850
1.471	0.25862
1.4714	0.25860
1.4718	0.25851
1.4722	0.25864
1.4726	0.25882
1.4731	0.25884
1.4735	0.25889
1.4739	0.25890
1.4743	0.25898
1.4747	0.25903
1.4752	0.25912
1.4756	0.25925
1.476	0.25935
1.4764	0.25939
1.4768	0.25946
1.4773	0.25955
1.4777	0.25961
1.4781	0.25956
1.4785	0.25959
1.4789	0.25977
1.4794	0.25988
1.4798	0.25997
1.4802	0.26000
1.4806	0.26004
1.4811	0.26004
1.4815	0.26008
1.4819	0.26015
1.4823	0.26015
1.4828	0.26022
1.4832	0.26024
1.4836	0.26028
1.484	0.26038
1.4844	0.26046
1.4849	0.26052
1.4853	0.26060
1.4857	0.26069
1.4862	0.26071
1.4866	0.26075
1.487	0.26083
1.4874	0.26089
1.4879	0.26084
1.4883	0.26090
1.4887	0.26110
1.4891	0.26113
1.4896	0.26110
1.49	0.26125
1.4904	0.26127
1.4908	0.26133
1.4913	0.26130
1.4917	0.26124
1.4921	0.26130
1.4926	0.26139
1.493	0.26136
1.4934	0.26142
1.4939	0.26159
1.4943	0.26167
1.4947	0.26166
1.4952	0.26164
1.4956	0.26173
1.496	0.26171
1.4964	0.26164
1.4969	0.26173
1.4973	0.26185
1.4977	0.26188
1.4982	0.26190
1.4986	0.26196
1.499	0.26202
1.4995	0.26211
1.4999	0.26209
1.5003	0.26203
1.5008	0.26206
1.5012	0.26218
1.5017	0.26226
1.5021	0.26233
1.5025	0.26241
1.5029	0.26241
1.5034	0.26236
1.5038	0.26235
1.5043	0.26234
1.5047	0.26235
1.5051	0.26238
1.5056	0.26245
1.506	0.26259
1.5064	0.26262
1.5069	0.26258
1.5073	0.26261
1.5078	0.26263
1.5082	0.26261
1.5086	0.26264
1.5091	0.26266
1.5095	0.26262
1.5099	0.26265
1.5104	0.26270
1.5108	0.26271
1.5113	0.26271
1.5117	0.26278
1.5122	0.26278
1.5126	0.26282
1.513	0.26282
1.5135	0.26281
1.5139	0.26281
1.5144	0.26277
1.5148	0.26275
1.5153	0.26280
1.5157	0.26286
1.5161	0.26291
1.5166	0.26292
1.517	0.26292
1.5175	0.26292
1.5179	0.26290
1.5184	0.26293
1.5188	0.26298
1.5193	0.26296
1.5197	0.26295
1.5201	0.26300
1.5206	0.26308
1.521	0.26313
1.5215	0.26308
1.5219	0.26313
1.5224	0.26320
1.5228	0.26310
1.5233	0.26304
1.5237	0.26308
1.5242	0.26310
1.5246	0.26304
1.5251	0.26298
1.5255	0.26297
1.5259	0.26306
1.5264	0.26314
1.5268	0.26318
1.5273	0.26316
1.5278	0.26314
1.5282	0.26312
1.5287	0.26307
1.5291	0.26306
1.5296	0.26309
1.53	0.26318
1.5305	0.26321
1.5309	0.26315
1.5314	0.26318
1.5318	0.26320
1.5323	0.26313
1.5327	0.26307
1.5332	0.26308
1.5336	0.26317
1.5341	0.26316
1.5345	0.26311
1.535	0.26311
1.5354	0.26316
1.5359	0.26316
1.5363	0.26317
1.5368	0.26318
1.5373	0.26321
1.5377	0.26322
1.5382	0.26318
1.5386	0.26319
1.5391	0.26319
1.5396	0.26324
1.54	0.26319
1.5405	0.26315
1.5409	0.26315
1.5414	0.26317
1.5418	0.26313
1.5423	0.26312
1.5428	0.26312
1.5432	0.26319
1.5437	0.26325
1.5441	0.26318
1.5446	0.26305
1.5451	0.26298
1.5455	0.26300
1.546	0.26307
1.5464	0.26306
1.5469	0.26296
1.5474	0.26298
1.5478	0.26307
1.5483	0.26304
1.5487	0.26297
1.5492	0.26299
1.5497	0.26297
1.5501	0.26288
1.5506	0.26289
1.5511	0.26292
1.5515	0.26293
1.552	0.26290
1.5524	0.26289
1.5529	0.26298
1.5534	0.26292
1.5538	0.26281
1.5543	0.26292
1.5548	0.26299
1.5553	0.26292
1.5557	0.26279
1.5562	0.26277
1.5567	0.26276
1.5571	0.26275
1.5576	0.26279
1.5581	0.26281
1.5585	0.26276
1.559	0.26279
1.5595	0.26280
1.5599	0.26273
1.5604	0.26274
1.5609	0.26272
1.5613	0.26260
1.5618	0.26258
1.5623	0.26268
1.5628	0.26274
1.5632	0.26265
1.5637	0.26256
1.5642	0.26252
1.5646	0.26245
1.5651	0.26241
1.5656	0.26240
1.5661	0.26238
1.5665	0.26241
1.567	0.26237
1.5675	0.26229
1.5679	0.26227
1.5684	0.26230
1.5689	0.26229
1.5694	0.26222
1.5698	0.26219
1.5703	0.26218
1.5708	0.26219
1.5713	0.26222
1.5718	0.26223
1.5722	0.26211
1.5727	0.26203
1.5732	0.26209
1.5737	0.26216
1.5741	0.26204
1.5746	0.26198
1.5751	0.26203
1.5756	0.26196
1.5761	0.26191
1.5765	0.26190
1.577	0.26187
1.5775	0.26181
1.578	0.26186
1.5784	0.26188
1.5789	0.26191
1.5794	0.26186
1.5799	0.26176
1.5804	0.26166
1.5808	0.26163
1.5813	0.26165
1.5818	0.26162
1.5823	0.26165
1.5828	0.26167
1.5833	0.26161
1.5838	0.26145
1.5842	0.26136
1.5847	0.26136
1.5852	0.26138
1.5857	0.26138
1.5862	0.26134
1.5867	0.26130
1.5872	0.26128
1.5876	0.26129
1.5881	0.26128
1.5886	0.26121
1.5891	0.26121
1.5896	0.26119
1.5901	0.26114
1.5906	0.26103
1.591	0.26095
1.5915	0.26090
1.592	0.26091
1.5925	0.26088
1.593	0.26086
1.5935	0.26088
1.594	0.26091
1.5945	0.26084
1.595	0.26072
1.5954	0.26071
1.5959	0.26074
1.5964	0.26072
1.5969	0.26069
1.5974	0.26064
1.5979	0.26057
1.5984	0.26047
1.5989	0.26039
1.5994	0.26038
1.5999	0.26031
1.6004	0.26030
1.6009	0.26032
1.6014	0.26033
1.6019	0.26029
1.6023	0.26025
1.6028	0.26021
1.6033	0.26011
1.6038	0.26001
1.6043	0.26001
1.6048	0.25998
1.6053	0.25996
1.6058	0.25997
1.6063	0.25997
1.6068	0.25989
1.6073	0.25985
1.6078	0.25981
1.6083	0.25970
1.6088	0.25963
1.6093	0.25965
1.6098	0.25961
1.6103	0.25954
1.6108	0.25948
1.6113	0.25955
1.6118	0.25963
1.6123	0.25956
1.6128	0.25944
1.6133	0.25938
1.6138	0.25928
1.6143	0.25925
1.6148	0.25929
1.6153	0.25928
1.6158	0.25919
1.6163	0.25908
1.6168	0.25905
1.6173	0.25908
1.6178	0.25907
1.6184	0.25896
1.6189	0.25888
1.6194	0.25893
1.6199	0.25893
1.6204	0.25889
1.6209	0.25879
1.6214	0.25869
1.6219	0.25869
1.6224	0.25871
1.6229	0.25868
1.6234	0.25861
1.6239	0.25850
1.6244	0.25837
1.6249	0.25834
1.6255	0.25839
1.626	0.25835
1.6265	0.25827
1.627	0.25818
1.6275	0.25818
1.628	0.25816
1.6285	0.25815
1.629	0.25809
1.6296	0.25803
1.6301	0.25804
1.6306	0.25800
1.6311	0.25795
1.6316	0.25791
1.6321	0.25785
1.6326	0.25782
1.6331	0.25782
1.6337	0.25776
1.6342	0.25768
1.6347	0.25763
1.6352	0.25759
1.6357	0.25746
1.6362	0.25743
1.6368	0.25749
1.6373	0.25749
1.6378	0.25741
1.6383	0.25732
1.6388	0.25724
1.6393	0.25719
1.6398	0.25711
1.6404	0.25708
1.6409	0.25712
1.6414	0.25702
1.6419	0.25693
1.6424	0.25700
1.643	0.25697
1.6435	0.25685
1.644	0.25679
1.6445	0.25679
1.6451	0.25668
1.6456	0.25664
1.6461	0.25661
1.6466	0.25651
1.6472	0.25643
1.6477	0.25639
1.6482	0.25630
1.6487	0.25626
1.6492	0.25624
1.6498	0.25623
1.6503	0.25624
1.6508	0.25616
1.6513	0.25612
1.6519	0.25611
1.6524	0.25607
1.6529	0.25596
1.6534	0.25591
1.654	0.25590
1.6545	0.25585
1.655	0.25581
1.6556	0.25578
1.6561	0.25573
1.6566	0.25566
1.6572	0.25561
1.6577	0.25556
1.6582	0.25551
1.6587	0.25547
1.6593	0.25540
1.6598	0.25536
1.6603	0.25532
1.6609	0.25529
1.6614	0.25519
1.6619	0.25515
1.6625	0.25511
1.663	0.25503
1.6635	0.25498
1.6641	0.25497
1.6646	0.25494
1.6651	0.25490
1.6657	0.25478
1.6662	0.25475
1.6667	0.25477
1.6673	0.25476
1.6678	0.25467
1.6683	0.25462
1.6689	0.25457
1.6694	0.25452
1.67	0.25439
1.6705	0.25433
1.671	0.25436
1.6716	0.25431
1.6721	0.25425
1.6727	0.25422
1.6732	0.25423
1.6737	0.25423
1.6743	0.25413
1.6748	0.25404
1.6754	0.25394
1.6759	0.25389
1.6764	0.25388
1.677	0.25384
1.6775	0.25379
1.6781	0.25374
1.6786	0.25370
1.6792	0.25364
1.6797	0.25357
1.6802	0.25351
1.6808	0.25350
1.6813	0.25343
1.6819	0.25336
1.6824	0.25334
1.683	0.25328
1.6835	0.25327
1.6841	0.25325
1.6846	0.25316
1.6852	0.25307
1.6857	0.25307
1.6863	0.25306
1.6868	0.25298
1.6873	0.25290
1.6879	0.25291
1.6884	0.25285
1.689	0.25278
1.6896	0.25273
1.6901	0.25266
1.6907	0.25261
1.6912	0.25260
1.6918	0.25258
1.6923	0.25250
1.6929	0.25244
1.6934	0.25236
1.694	0.25231
1.6945	0.25224
1.6951	0.25216
1.6956	0.25213
1.6962	0.25210
1.6967	0.25210
1.6973	0.25209
1.6978	0.25201
1.6984	0.25194
1.699	0.25194
1.6995	0.25190
1.7001	0.25182
1.7006	0.25174
1.7012	0.25169
1.7018	0.25167
1.7023	0.25164
1.7029	0.25158
1.7034	0.25151
1.704	0.25145
1.7046	0.25146
1.7051	0.25141
1.7057	0.25130
1.7062	0.25118
1.7068	0.25116
1.7073	0.25120
1.7079	0.25120
1.7085	0.25112
1.709	0.25103
1.7096	0.25093
1.7102	0.25087
1.7107	0.25085
1.7113	0.25077
1.7119	0.25066
1.7124	0.25059
1.713	0.25057
1.7136	0.25054
1.7141	0.25054
1.7147	0.25056
1.7153	0.25044
1.7158	0.25036
1.7164	0.25037
1.717	0.25030
1.7175	0.25016
1.7181	0.25011
1.7187	0.25007
1.7192	0.25001
1.7198	0.25003
1.7204	0.25002
1.7209	0.24989
1.7215	0.24979
1.7221	0.24976
1.7227	0.24970
1.7232	0.24967
1.7238	0.24968
1.7244	0.24965
1.725	0.24958
1.7255	0.24953
1.7261	0.24952
1.7267	0.24948
1.7273	0.24940
1.7278	0.24935
1.7284	0.24930
1.729	0.24934
1.7296	0.24933
1.7301	0.24923
1.7307	0.24913
1.7313	0.24911
1.7319	0.24912
1.7325	0.24907
1.733	0.24893
1.7336	0.24877
1.7342	0.24874
1.7348	0.24874
1.7353	0.24874
1.7359	0.24873
1.7365	0.24868
1.7371	0.24868
1.7377	0.24869
1.7383	0.24859
1.7388	0.24852
1.7394	0.24852
1.74	0.24846
1.7406	0.24837
1.7412	0.24828
1.7418	0.24826
1.7423	0.24824
1.7429	0.24824
1.7435	0.24822
1.7441	0.24814
1.7447	0.24804
1.7453	0.24804
1.7459	0.24792
1.7465	0.24781
1.7471	0.24784
1.7476	0.24789
1.7482	0.24786
1.7488	0.24772
1.7494	0.24761
1.75	0.24762
1.7506	0.24768
1.7512	0.24756
1.7518	0.24747
1.7524	0.24749
1.753	0.24742
1.7536	0.24737
1.7541	0.24730
1.7547	0.24730
1.7553	0.24735
1.7559	0.24725
1.7565	0.24714
1.7571	0.24711
1.7577	0.24717
1.7583	0.24715
1.7589	0.24706
1.7595	0.24701
1.7601	0.24699
1.7607	0.24696
1.7613	0.24695
1.7619	0.24694
1.7625	0.24687
1.7631	0.24681
1.7637	0.24676
1.7643	0.24670
1.7649	0.24663
1.7655	0.24658
1.7661	0.24649
1.7667	0.24652
1.7673	0.24654
1.7679	0.24645
1.7685	0.24641
1.7691	0.24638
1.7697	0.24638
1.7703	0.24635
1.7709	0.24632
1.7715	0.24632
1.7721	0.24628
1.7727	0.24624
1.7733	0.24617
1.7739	0.24610
1.7746	0.24611
1.7752	0.24610
1.7758	0.24610
1.7764	0.24609
1.777	0.24604
1.7776	0.24595
1.7782	0.24596
1.7788	0.24591
1.7794	0.24585
1.78	0.24585
1.7807	0.24582
1.7813	0.24578
1.7819	0.24569
1.7825	0.24571
1.7831	0.24575
1.7837	0.24571
1.7843	0.24563
1.7849	0.24559
1.7856	0.24560
1.7862	0.24562
1.7868	0.24560
1.7874	0.24555
1.788	0.24551
1.7886	0.24554
1.7893	0.24554
1.7899	0.24547
1.7905	0.24545
1.7911	0.24542
1.7917	0.24540
1.7923	0.24538
1.793	0.24531
1.7936	0.24531
1.7942	0.24534
1.7948	0.24531
1.7954	0.24532
1.7961	0.24530
1.7967	0.24520
1.7973	0.24513
1.7979	0.24515
1.7986	0.24515
1.7992	0.24513
1.7998	0.24516
1.8004	0.24519
1.8011	0.24512
1.8017	0.24507
1.8023	0.24506
1.8029	0.24512
1.8036	0.24517
1.8042	0.24514
1.8048	0.24512
1.8054	0.24501
1.8061	0.24497
1.8067	0.24497
1.8073	0.24497
1.808	0.24496
1.8086	0.24495
1.8092	0.24493
1.8099	0.24487
1.8105	0.24491
1.8111	0.24490
1.8118	0.24491
1.8124	0.24493
1.813	0.24491
1.8137	0.24487
1.8143	0.24481
1.8149	0.24472
1.8156	0.24475
1.8162	0.24483
1.8168	0.24483
1.8175	0.24480
1.8181	0.24483
1.8188	0.24480
1.8194	0.24480
1.82	0.24478
1.8207	0.24466
1.8213	0.24462
1.8219	0.24463
1.8226	0.24469
1.8232	0.24470
1.8239	0.24467
1.8245	0.24465
1.8252	0.24471
1.8258	0.24474
1.8264	0.24468
1.8271	0.24469
1.8277	0.24470
1.8284	0.24459
1.829	0.24457
1.8297	0.24462
1.8303	0.24458
1.8309	0.24456
1.8316	0.24462
1.8323	0.24467
1.8329	0.24460
1.8335	0.24460
1.8342	0.24466
1.8348	0.24469
1.8355	0.24465
1.8361	0.24461
1.8368	0.24462
1.8374	0.24462
1.8381	0.24461
1.8388	0.24457
1.8394	0.24456
1.8401	0.24453
1.8407	0.24451
1.8414	0.24454
1.842	0.24453
1.8427	0.24451
1.8433	0.24450
1.844	0.24450
1.8446	0.24444
1.8453	0.24454
1.8459	0.24461
1.8466	0.24456
1.8473	0.24450
1.8479	0.24449
1.8486	0.24452
1.8492	0.24458
1.8499	0.24460
1.8506	0.24456
1.8512	0.24456
1.8519	0.24455
1.8525	0.24449
1.8532	0.24444
1.8539	0.24445
1.8545	0.24451
1.8552	0.24443
1.8559	0.24438
1.8565	0.24433
1.8572	0.24435
1.8578	0.24432
1.8585	0.24432
1.8592	0.24428
1.8598	0.24420
1.8605	0.24425
1.8612	0.24424
1.8619	0.24418
1.8625	0.24415
1.8632	0.24408
1.8639	0.24404
1.8645	0.24402
1.8652	0.24399
1.8659	0.24390
1.8666	0.24384
1.8672	0.24375
1.8679	0.24362
1.8686	0.24356
1.8692	0.24351
1.8699	0.24348
1.8706	0.24341
1.8713	0.24330
1.8719	0.24317
1.8726	0.24307
1.8733	0.24297
1.874	0.24285
1.8747	0.24268
1.8753	0.24250
1.876	0.24228
1.8767	0.24208
1.8774	0.24197
1.878	0.24177
1.8787	0.24154
1.8794	0.24132
1.8801	0.24110
1.8808	0.24089
1.8814	0.24061
1.8821	0.24022
1.8828	0.23988
1.8835	0.23958
1.8842	0.23930
1.8849	0.23890
1.8856	0.23839
1.8862	0.23792
1.8869	0.23746
1.8876	0.23691
1.8883	0.23635
1.889	0.23573
1.8897	0.23502
1.8904	0.23435
1.8911	0.23365
1.8918	0.23278
1.8924	0.23189
1.8931	0.23090
1.8938	0.22985
1.8945	0.22884
1.8952	0.22775
1.8959	0.22652
1.8966	0.22523
1.8973	0.22391
1.898	0.22260
1.8987	0.22130
1.8994	0.22004
1.9001	0.21875
1.9008	0.21746
1.9015	0.21624
1.9022	0.21511
1.9029	0.21401
1.9036	0.21297
1.9043	0.21200
1.9049	0.21108
1.9057	0.21023
1.9063	0.20938
1.9071	0.20861
1.9078	0.20790
1.9085	0.20724
1.9092	0.20667
1.9099	0.20623
1.9106	0.20583
1.9113	0.20554
1.912	0.20522
1.9127	0.20495
1.9134	0.20481
1.9141	0.20475
1.9148	0.20480
1.9155	0.20481
1.9162	0.20481
1.9169	0.20500
1.9176	0.20523
1.9183	0.20546
1.9191	0.20564
1.9198	0.20582
1.9205	0.20616
1.9212	0.20664
1.9219	0.20713
1.9226	0.20752
1.9233	0.20793
1.924	0.20842
1.9248	0.20883
1.9255	0.20925
1.9262	0.20981
1.9269	0.21035
1.9276	0.21086
1.9283	0.21137
1.9291	0.21189
1.9298	0.21243
1.9305	0.21294
1.9312	0.21345
1.9319	0.21400
1.9327	0.21454
1.9334	0.21502
1.9341	0.21543
1.9348	0.21595
1.9355	0.21643
1.9363	0.21690
1.937	0.21740
1.9377	0.21794
1.9384	0.21841
1.9392	0.21878
1.9399	0.21923
1.9406	0.21974
1.9413	0.22018
1.9421	0.22059
1.9428	0.22098
1.9435	0.22141
1.9442	0.22178
1.945	0.22220
1.9457	0.22257
1.9464	0.22292
1.9472	0.22334
1.9479	0.22369
1.9486	0.22404
1.9494	0.22446
1.9501	0.22483
1.9508	0.22516
1.9516	0.22545
1.9523	0.22581
1.953	0.22621
1.9538	0.22652
1.9545	0.22675
1.9552	0.22703
1.956	0.22740
1.9567	0.22775
1.9574	0.22801
1.9582	0.22826
1.9589	0.22856
1.9597	0.22885
1.9604	0.22909
1.9612	0.22942
1.9619	0.22974
1.9626	0.22995
1.9634	0.23022
1.9641	0.23051
1.9649	0.23078
1.9656	0.23104
1.9664	0.23131
1.9671	0.23158
1.9678	0.23188
1.9686	0.23218
1.9693	0.23237
1.9701	0.23260
1.9708	0.23285
1.9716	0.23311
1.9723	0.23337
1.9731	0.23363
1.9738	0.23380
1.9746	0.23400
1.9753	0.23422
1.9761	0.23449
1.9769	0.23479
1.9776	0.23499
1.9784	0.23515
1.9791	0.23541
1.9799	0.23569
1.9806	0.23597
1.9814	0.23626
1.9822	0.23652
1.9829	0.23670
1.9837	0.23687
1.9844	0.23708
1.9852	0.23739
1.9859	0.23767
1.9867	0.23792
1.9875	0.23817
1.9882	0.23844
1.989	0.23870
1.9898	0.23892
1.9905	0.23909
1.9913	0.23931
1.9921	0.23957
1.9928	0.23982
1.9936	0.24001
1.9943	0.24023
1.9951	0.24045
1.9959	0.24066
1.9967	0.24088
1.9974	0.24116
1.9982	0.24145
1.999	0.24171
1.9997	0.24198
2.0005	0.24221
2.0013	0.24245
2.0021	0.24268
2.0028	0.24296
2.0036	0.24325
2.0044	0.24347
2.0052	0.24370
2.0059	0.24392
2.0067	0.24410
2.0075	0.24428
2.0083	0.24452
2.009	0.24476
2.0098	0.24495
2.0106	0.24524
2.0114	0.24559
2.0122	0.24583
2.0129	0.24598
2.0137	0.24618
2.0145	0.24649
2.0153	0.24673
2.0161	0.24698
2.0168	0.24721
2.0176	0.24737
2.0184	0.24764
2.0192	0.24797
2.02	0.24820
2.0208	0.24836
2.0216	0.24852
2.0223	0.24880
2.0231	0.24905
2.0239	0.24935
2.0247	0.24960
2.0255	0.24976
2.0263	0.24990
2.0271	0.25007
2.0279	0.25029
2.0287	0.25053
2.0295	0.25077
2.0303	0.25098
2.0311	0.25118
2.0319	0.25139
2.0327	0.25160
2.0335	0.25187
2.0343	0.25211
2.0351	0.25230
2.0358	0.25244
2.0367	0.25261
2.0374	0.25284
2.0383	0.25305
2.0391	0.25322
2.0399	0.25341
2.0407	0.25359
2.0415	0.25374
2.0423	0.25394
2.0431	0.25418
2.0439	0.25434
2.0447	0.25446
2.0455	0.25460
2.0463	0.25475
2.0471	0.25493
2.0479	0.25512
2.0487	0.25529
2.0495	0.25553
2.0503	0.25572
2.0511	0.25584
2.052	0.25595
2.0528	0.25615
2.0536	0.25634
2.0544	0.25645
2.0552	0.25655
2.056	0.25670
2.0569	0.25689
2.0577	0.25705
2.0585	0.25720
2.0593	0.25736
2.0601	0.25748
2.0609	0.25764
2.0618	0.25781
2.0626	0.25794
2.0634	0.25802
2.0642	0.25812
2.065	0.25832
2.0659	0.25851
2.0667	0.25855
2.0675	0.25869
2.0683	0.25891
2.0692	0.25897
2.07	0.25905
2.0708	0.25927
2.0716	0.25938
2.0725	0.25947
2.0733	0.25963
2.0741	0.25977
2.075	0.25988
2.0758	0.26002
2.0766	0.26015
2.0774	0.26027
2.0783	0.26037
2.0791	0.26048
2.0799	0.26064
2.0808	0.26083
2.0816	0.26093
2.0825	0.26098
2.0833	0.26111
2.0841	0.26123
2.085	0.26133
2.0858	0.26146
2.0866	0.26161
2.0875	0.26178
2.0883	0.26189
2.0892	0.26198
2.09	0.26211
2.0909	0.26230
2.0917	0.26244
2.0926	0.26251
2.0934	0.26264
2.0942	0.26279
2.0951	0.26293
2.0959	0.26304
2.0968	0.26312
2.0976	0.26325
2.0985	0.26336
2.0993	0.26349
2.1002	0.26364
2.101	0.26377
2.1019	0.26380
2.1027	0.26387
2.1036	0.26405
2.1044	0.26430
2.1053	0.26444
2.1061	0.26453
2.107	0.26469
2.1079	0.26483
2.1087	0.26491
2.1096	0.26500
2.1104	0.26513
2.1113	0.26529
2.1121	0.26536
2.113	0.26544
2.1139	0.26558
2.1147	0.26570
2.1156	0.26587
2.1165	0.26604
2.1173	0.26612
2.1182	0.26620
2.1191	0.26634
2.1199	0.26648
2.1208	0.26658
2.1217	0.26665
2.1225	0.26680
2.1234	0.26689
2.1243	0.26696
2.1251	0.26713
2.126	0.26726
2.1269	0.26736
2.1278	0.26747
2.1286	0.26758
2.1295	0.26767
2.1304	0.26779
2.1313	0.26791
2.1321	0.26799
2.133	0.26807
2.1339	0.26817
2.1348	0.26824
2.1356	0.26832
2.1365	0.26833
2.1374	0.26843
2.1383	0.26853
2.1392	0.26859
2.1401	0.26872
2.1409	0.26881
2.1418	0.26886
2.1427	0.26895
2.1436	0.26899
2.1445	0.26898
2.1454	0.26902
2.1463	0.26910
2.1471	0.26914
2.148	0.26916
2.1489	0.26917
2.1498	0.26918
2.1507	0.26926
2.1516	0.26933
2.1525	0.26934
2.1534	0.26934
2.1543	0.26933
2.1552	0.26934
2.1561	0.26933
2.157	0.26930
2.1579	0.26921
2.1588	0.26917
2.1597	0.26917
2.1606	0.26920
2.1615	0.26916
2.1624	0.26898
2.1633	0.26888
2.1642	0.26884
2.1651	0.26877
2.166	0.26870
2.1669	0.26855
2.1678	0.26836
2.1687	0.26818
2.1696	0.26805
2.1705	0.26792
2.1714	0.26772
2.1723	0.26748
2.1732	0.26729
2.1741	0.26704
2.1751	0.26678
2.176	0.26655
2.1769	0.26626
2.1778	0.26591
2.1787	0.26555
2.1796	0.26524
2.1806	0.26494
2.1815	0.26458
2.1824	0.26429
2.1833	0.26394
2.1842	0.26362
2.1851	0.26324
2.1861	0.26282
2.187	0.26240
2.1879	0.26198
2.1888	0.26154
2.1898	0.26118
2.1907	0.26079
2.1916	0.26040
2.1925	0.26004
2.1935	0.25965
2.1944	0.25923
2.1953	0.25886
2.1963	0.25853
2.1972	0.25815
2.1981	0.25771
2.1991	0.25736
2.2	0.25705
2.2009	0.25677
2.2019	0.25652
2.2028	0.25626
2.2037	0.25601
2.2047	0.25573
2.2056	0.25545
2.2065	0.25517
2.2075	0.25497
2.2084	0.25473
2.2094	0.25450
2.2103	0.25439
2.2112	0.25434
2.2122	0.25432
2.2131	0.25426
2.2141	0.25413
2.215	0.25404
2.216	0.25403
2.2169	0.25411
2.2179	0.25418
2.2188	0.25420
2.2198	0.25427
2.2207	0.25436
2.2217	0.25448
2.2226	0.25454
2.2236	0.25463
2.2245	0.25467
2.2255	0.25476
2.2264	0.25489
2.2274	0.25504
2.2284	0.25513
2.2293	0.25518
2.2303	0.25527
2.2312	0.25543
2.2322	0.25560
2.2331	0.25576
2.2341	0.25592
2.2351	0.25616
2.236	0.25644
2.237	0.25665
2.238	0.25682
2.2389	0.25696
2.2399	0.25716
2.2409	0.25750
2.2418	0.25777
2.2428	0.25800
2.2438	0.25828
2.2448	0.25855
2.2457	0.25880
2.2467	0.25901
2.2477	0.25925
2.2486	0.25951
2.2496	0.25973
2.2506	0.25997
2.2516	0.26024
2.2526	0.26057
2.2535	0.26089
2.2545	0.26118
2.2555	0.26138
2.2565	0.26162
2.2574	0.26196
2.2584	0.26236
2.2594	0.26266
2.2604	0.26295
2.2614	0.26327
2.2624	0.26361
2.2634	0.26385
2.2644	0.26413
2.2653	0.26441
2.2663	0.26469
2.2673	0.26495
2.2683	0.26524
2.2693	0.26555
2.2703	0.26581
2.2713	0.26599
2.2723	0.26618
2.2733	0.26649
2.2743	0.26677
2.2753	0.26694
2.2763	0.26720
2.2773	0.26753
2.2783	0.26774
2.2793	0.26789
2.2803	0.26810
2.2813	0.26825
2.2823	0.26838
2.2833	0.26854
2.2843	0.26872
2.2853	0.26877
2.2863	0.26882
2.2873	0.26893
2.2883	0.26897
2.2894	0.26903
2.2904	0.26913
2.2914	0.26920
2.2924	0.26941
2.2934	0.26958
2.2944	0.26975
2.2954	0.27000
2.2964	0.27020
2.2975	0.27034
2.2985	0.27048
2.2995	0.27057
2.3005	0.27059
2.3015	0.27066
2.3026	0.27086
2.3036	0.27093
2.3046	0.27100
2.3056	0.27108
2.3067	0.27113
2.3077	0.27113
2.3087	0.27116
2.3098	0.27112
2.3108	0.27109
2.3118	0.27111
2.3128	0.27114
2.3139	0.27122
2.3149	0.27137
2.3159	0.27153
2.317	0.27166
2.318	0.27184
2.3191	0.27207
2.3201	0.27218
2.3211	0.27227
2.3222	0.27247
2.3232	0.27270
2.3242	0.27281
2.3253	0.27295
2.3263	0.27308
2.3274	0.27317
2.3284	0.27325
2.3295	0.27337
2.3305	0.27350
2.3316	0.27359
2.3326	0.27365
2.3337	0.27375
2.3347	0.27377
2.3358	0.27377
2.3368	0.27386
2.3379	0.27384
2.3389	0.27376
2.34	0.27386
2.341	0.27391
2.3421	0.27392
2.3431	0.27389
2.3442	0.27385
2.3453	0.27379
2.3463	0.27380
2.3474	0.27380
2.3485	0.27375
2.3495	0.27371
2.3506	0.27369
2.3516	0.27357
2.3527	0.27352
2.3538	0.27343
2.3549	0.27332
2.3559	0.27325
2.357	0.27319
2.3581	0.27309
2.3591	0.27303
2.3602	0.27289
2.3613	0.27272
2.3624	0.27259
2.3634	0.27249
2.3645	0.27238
2.3656	0.27221
2.3667	0.27201
2.3678	0.27190
2.3688	0.27174
2.3699	0.27154
2.371	0.27138
2.3721	0.27117
2.3732	0.27096
2.3743	0.27075
2.3754	0.27048
2.3764	0.27019
2.3775	0.26995
2.3786	0.26966
2.3797	0.26940
2.3808	0.26915
2.3819	0.26882
2.383	0.26850
2.3841	0.26813
2.3852	0.26782
2.3863	0.26749
2.3874	0.26717
2.3885	0.26695
2.3896	0.26661
2.3907	0.26623
2.3918	0.26590
2.3929	0.26552
2.394	0.26520
2.3951	0.26494
2.3962	0.26460
2.3973	0.26424
2.3984	0.26392
2.3995	0.26358
2.4006	0.26327
2.4018	0.26288
2.4029	0.26252
2.404	0.26216
2.4051	0.26187
2.4062	0.26158
2.4073	0.26126
2.4085	0.26085
2.4096	0.26040
2.4107	0.26003
2.4118	0.25975
2.4129	0.25940
2.4141	0.25899
2.4152	0.25863
2.4163	0.25823
2.4174	0.25784
2.4186	0.25747
2.4197	0.25711
2.4208	0.25676
2.422	0.25635
2.4231	0.25586
2.4242	0.25551
2.4254	0.25522
2.4265	0.25482
2.4276	0.25439
2.4288	0.25394
2.4299	0.25354
2.431	0.25312
2.4322	0.25273
2.4333	0.25236
2.4345	0.25198
2.4356	0.25159
2.4368	0.25116
2.4379	0.25074
2.4391	0.25036
2.4402	0.24998
2.4413	0.24959
2.4425	0.24918
2.4436	0.24880
2.4448	0.24845
2.4459	0.24806
2.4471	0.24770
2.4483	0.24744
2.4494	0.24711
2.4506	0.24672
2.4517	0.24624
2.4529	0.24584
2.4541	0.24554
2.4552	0.24525
2.4564	0.24497
2.4575	0.24469
2.4587	0.24433
2.4599	0.24390
2.461	0.24343
2.4622	0.24314
2.4634	0.24292
2.4646	0.24266
2.4657	0.24231
2.4669	0.24195
2.4681	0.24168
2.4692	0.24144
2.4704	0.24110
2.4716	0.24078
2.4728	0.24053
2.474	0.24028
2.4751	0.23999
2.4763	0.23975
2.4775	0.23949
2.4787	0.23920
2.4799	0.23891
2.4811	0.23862
2.4823	0.23828
2.4834	0.23801
2.4846	0.23782
2.4858	0.23756
2.487	0.23723
2.4882	0.23704
2.4894	0.23680
2.4906	0.23653
2.4918	0.23617
2.493	0.23591
2.4942	0.23561
2.4954	0.23536
2.4966	0.23523
2.4978	0.23503
2.499	0.23475
2.5002	0.23455
2.5014	0.23434
2.5026	0.23408
2.5038	0.23380
2.505	0.23361
2.5062	0.23342
2.5074	0.23318
2.5087	0.23293
2.5099	0.23275
2.5111	0.23254
2.5123	0.23227
2.5135	0.23196
2.5148	0.23171
2.516	0.23150
2.5172	0.23134
2.5184	0.23114
2.5196	0.23097
2.5209	0.23073
2.5221	0.23048
2.5233	0.23030
2.5245	0.23013
2.5258	0.22997
2.527	0.22983
2.5282	0.22961
2.5295	0.22937
2.5307	0.22918
2.5319	0.22903
2.5332	0.22877
2.5344	0.22855
2.5356	0.22839
2.5369	0.22821
2.5381	0.22801
2.5394	0.22789
2.5406	0.22772
2.5419	0.22749
2.5431	0.22729
2.5444	0.22711
2.5456	0.22700
2.5469	0.22695
2.5481	0.22684
2.5494	0.22671
2.5506	0.22648
2.5519	0.22632
2.5531	0.22621
2.5544	0.22619
2.5556	0.22600
2.5569	0.22595
2.5582	0.22590
2.5594	0.22574
2.5607	0.22549
2.562	0.22534
2.5632	0.22517
2.5645	0.22507
2.5658	0.22496
2.567	0.22499
2.5683	0.22492
2.5696	0.22480
2.5709	0.22472
2.5721	0.22466
2.5734	0.22453
2.5747	0.22446
2.576	0.22431
2.5772	0.22425
2.5785	0.22420
2.5798	0.22420
2.5811	0.22419
2.5824	0.22406
2.5837	0.22383
2.5849	0.22390
2.5862	0.22383
2.5875	0.22370
2.5888	0.22352
2.5901	0.22349
2.5914	0.22341
2.5927	0.22323
2.594	0.22281
2.5953	0.22259
2.5966	0.22272
2.5979	0.22275
2.5992	0.22261
2.6005	0.22253
2.6018	0.22226
2.6031	0.22194
2.6044	0.22167
2.6057	0.22155
2.607	0.22141
2.6084	0.22118
2.6097	0.22090
2.611	0.22067
2.6123	0.22039
2.6136	0.22016
2.6149	0.21994
2.6163	0.21963
2.6176	0.21927
2.6189	0.21888
2.6202	0.21838
2.6215	0.21813
2.6229	0.21775
2.6242	0.21738
2.6255	0.21690
2.6269	0.21642
2.6282	0.21593
2.6295	0.21534
2.6309	0.21475
2.6322	0.21433
2.6335	0.21376
2.6349	0.21316
2.6362	0.21250
2.6375	0.21192
2.6389	0.21121
2.6402	0.21056
2.6416	0.20985
2.6429	0.20911
2.6443	0.20821
2.6456	0.20732
2.647	0.20636
2.6483	0.20548
2.6497	0.20452
2.651	0.20357
2.6524	0.20254
2.6537	0.20146
2.6551	0.20026
2.6565	0.19908
2.6578	0.19787
2.6592	0.19670
2.6606	0.19535
2.6619	0.19392
2.6633	0.19239
2.6646	0.19069
2.666	0.18875
2.6674	0.18661
2.6688	0.18411
2.6701	0.18133
2.6715	0.17830
2.6729	0.17621
2.6743	0.17437
2.6756	0.17257
2.677	0.17051
2.6784	0.16844
2.6798	0.16621
2.6812	0.16384
2.6826	0.16130
2.684	0.15843
2.6854	0.15531
2.6867	0.15195
2.6881	0.14819
2.6895	0.14440
2.6909	0.14040
2.6923	0.13623
2.6937	0.13171
2.6951	0.12715
2.6965	0.12265
2.6979	0.11837
2.6993	0.11414
2.7007	0.11003
2.7021	0.10589
2.7036	0.10216
2.705	0.09877
2.7064	0.09567
2.7078	0.09259
2.7092	0.08974
2.7106	0.08681
2.712	0.08360
2.7134	0.08052
2.7149	0.07756
2.7163	0.07426
2.7177	0.07033
2.7191	0.06632
2.7206	0.06340
2.722	0.06184
2.7234	0.06098
2.7249	0.05977
2.7263	0.05854
2.7277	0.05723
2.7292	0.05556
2.7306	0.05366
2.732	0.05219
2.7335	0.05124
2.7349	0.05031
2.7364	0.04937
2.7378	0.04852
2.7393	0.04751
2.7407	0.04657
2.7421	0.04568
2.7436	0.04497
2.7451	0.04419
2.7465	0.04346
2.748	0.04285
2.7494	0.04222
2.7509	0.04158
2.7523	0.04103
2.7538	0.04052
2.7553	0.04003
2.7567	0.03956
2.7582	0.03925
2.7597	0.03903
2.7611	0.03874
2.7626	0.03839
2.7641	0.03818
2.7656	0.03807
2.767	0.03785
2.7685	0.03771
2.77	0.03767
2.7715	0.03740
2.7729	0.03729
2.7744	0.03728
2.7759	0.03725
2.7774	0.03726
2.7789	0.03724
2.7804	0.03721
2.7819	0.03724
2.7834	0.03733
2.7849	0.03738
2.7864	0.03731
2.7879	0.03729
2.7894	0.03737
2.7909	0.03740
2.7924	0.03739
2.7939	0.03738
2.7954	0.03738
2.7969	0.03742
2.7984	0.03747
2.7999	0.03748
2.8014	0.03741
2.8029	0.03740
2.8044	0.03741
2.806	0.03736
2.8075	0.03741
2.809	0.03746
2.8105	0.03746
2.812	0.03746
2.8136	0.03746
2.8151	0.03738
2.8166	0.03736
2.8182	0.03733
2.8197	0.03727
2.8212	0.03729
2.8228	0.03729
2.8243	0.03730
2.8258	0.03725
2.8274	0.03729
2.8289	0.03738
2.8305	0.03739
2.832	0.03731
2.8336	0.03733
2.8351	0.03732
2.8367	0.03725
2.8382	0.03721
2.8398	0.03720
2.8413	0.03723
2.8429	0.03730
2.8444	0.03726
2.846	0.03718
2.8476	0.03715
2.8491	0.03706
2.8507	0.03685
2.8523	0.03680
2.8538	0.03686
2.8554	0.03676
2.857	0.03662
2.8586	0.03663
2.8601	0.03664
2.8617	0.03654
2.8633	0.03644
2.8649	0.03648
2.8664	0.03654
2.868	0.03659
2.8696	0.03675
2.8712	0.03684
2.8728	0.03679
2.8744	0.03677
2.876	0.03680
2.8776	0.03680
2.8792	0.03681
2.8808	0.03680
2.8824	0.03676
2.884	0.03681
2.8856	0.03677
2.8872	0.03673
2.8888	0.03683
2.8904	0.03692
2.892	0.03698
2.8936	0.03703
2.8953	0.03700
2.8969	0.03685
2.8985	0.03686
2.9001	0.03687
2.9017	0.03679
2.9034	0.03682
2.905	0.03688
2.9066	0.03694
2.9083	0.03692
2.9099	0.03691
2.9115	0.03699
2.9131	0.03699
2.9148	0.03680
2.9164	0.03667
2.9181	0.03670
2.9197	0.03679
2.9214	0.03678
2.923	0.03676
2.9246	0.03680
2.9263	0.03673
2.9279	0.03670
2.9296	0.03665
2.9313	0.03666
2.9329	0.03676
2.9346	0.03678
2.9362	0.03684
2.9379	0.03683
2.9396	0.03674
2.9412	0.03670
2.9429	0.03669
2.9446	0.03671
2.9463	0.03672
2.9479	0.03673
2.9496	0.03678
2.9513	0.03670
2.953	0.03669
2.9546	0.03680
2.9563	0.03687
2.958	0.03686
2.9597	0.03683
2.9614	0.03687
2.9631	0.03696
2.9648	0.03694
2.9665	0.03691
2.9682	0.03704
2.9699	0.03711
2.9716	0.03713
2.9733	0.03724
2.975	0.03738
2.9767	0.03734
2.9784	0.03739
2.9801	0.03749
2.9818	0.03757
2.9836	0.03765
2.9853	0.03772
2.987	0.03779
2.9887	0.03787
2.9904	0.03787
2.9921	0.03790
2.9939	0.03797
2.9956	0.03804
2.9973	0.03817
2.9991	0.03834
3.0008	0.03838
3.0026	0.03847
3.0043	0.03857
3.006	0.03862
3.0078	0.03880
3.0095	0.03890
3.0113	0.03902
3.013	0.03909
3.0148	0.03918
3.0165	0.03936
3.0183	0.03946
3.02	0.03948
3.0218	0.03948
3.0236	0.03952
3.0253	0.03969
3.0271	0.03989
3.0289	0.04006
3.0306	0.04022
3.0324	0.04027
3.0342	0.04023
3.0359	0.04022
3.0377	0.04030
3.0395	0.04040
3.0413	0.04047
3.0431	0.04067
3.0449	0.04079
3.0466	0.04073
3.0484	0.04075
3.0502	0.04092
3.052	0.04105
3.0538	0.04116
3.0556	0.04124
3.0574	0.04124
3.0592	0.04130
3.061	0.04135
3.0629	0.04138
3.0647	0.04147
3.0665	0.04157
3.0683	0.04161
3.0701	0.04167
3.0719	0.04177
3.0737	0.04175
3.0756	0.04163
3.0774	0.04162
3.0792	0.04174
3.0811	0.04199
3.0829	0.04211
3.0847	0.04213
3.0866	0.04223
3.0884	0.04234
3.0902	0.04236
3.0921	0.04239
3.0939	0.04246
3.0958	0.04261
3.0976	0.04274
3.0995	0.04282
3.1013	0.04290
3.1032	0.04302
3.105	0.04312
3.1069	0.04331
3.1088	0.04346
3.1106	0.04351
3.1125	0.04359
3.1144	0.04375
3.1162	0.04390
3.1181	0.04396
3.12	0.04403
3.1219	0.04420
3.1237	0.04441
3.1256	0.04453
3.1275	0.04467
3.1294	0.04492
3.1313	0.04507
3.1332	0.04526
3.1351	0.04552
3.137	0.04574
3.1389	0.04582
3.1408	0.04592
3.1427	0.04610
3.1446	0.04626
3.1465	0.04638
3.1484	0.04664
3.1503	0.04691
3.1522	0.04710
3.1541	0.04727
3.1561	0.04745
3.158	0.04755
3.1599	0.04769
3.1618	0.04800
3.1638	0.04825
3.1657	0.04838
3.1676	0.04864
3.1696	0.04880
3.1715	0.04891
3.1734	0.04912
3.1754	0.04933
3.1773	0.04961
3.1793	0.04986
3.1812	0.05002
3.1832	0.05019
3.1851	0.05033
3.1871	0.05052
3.1891	0.05078
3.191	0.05099
3.193	0.05116
3.1949	0.05139
3.1969	0.05158
3.1989	0.05185
3.2009	0.05210
3.2028	0.05229
3.2048	0.05256
3.2068	0.05279
3.2088	0.05287
3.2108	0.05316
3.2128	0.05350
3.2148	0.05376
3.2168	0.05387
3.2187	0.05404
3.2207	0.05429
3.2228	0.05450
3.2248	0.05466
3.2268	0.05490
3.2288	0.05515
3.2308	0.05544
3.2328	0.05569
3.2348	0.05591
3.2368	0.05610
3.2389	0.05627
3.2409	0.05658
3.2429	0.05683
3.2449	0.05702
3.247	0.05733
3.249	0.05763
3.251	0.05789
3.2531	0.05817
3.2551	0.05849
3.2572	0.05867
3.2592	0.05883
3.2613	0.05910
3.2633	0.05939
3.2654	0.05973
3.2674	0.06008
3.2695	0.06036
3.2715	0.06054
3.2736	0.06074
3.2757	0.06104
3.2778	0.06129
3.2798	0.06154
3.2819	0.06180
3.284	0.06205
3.2861	0.06236
3.2881	0.06267
3.2902	0.06292
3.2923	0.06319
3.2944	0.06341
3.2965	0.06371
3.2986	0.06405
3.3007	0.06435
3.3028	0.06462
3.3049	0.06501
3.307	0.06532
3.3091	0.06558
3.3112	0.06585
3.3134	0.06610
3.3155	0.06632
3.3176	0.06653
3.3197	0.06684
3.3218	0.06731
3.324	0.06762
3.3261	0.06787
3.3282	0.06817
3.3304	0.06848
3.3325	0.06888
3.3347	0.06922
3.3368	0.06946
3.3389	0.06966
3.3411	0.06997
3.3433	0.07033
3.3454	0.07063
3.3476	0.07099
3.3497	0.07130
3.3519	0.07152
3.3541	0.07188
3.3562	0.07231
3.3584	0.07269
3.3606	0.07301
3.3628	0.07329
3.3649	0.07352
3.3671	0.07375
3.3693	0.07411
3.3715	0.07442
3.3737	0.07470
3.3759	0.07515
3.3781	0.07564
3.3803	0.07607
3.3825	0.07648
3.3847	0.07678
3.3869	0.07711
3.3891	0.07753
3.3914	0.07803
3.3936	0.07833
3.3958	0.07864
3.398	0.07903
3.4003	0.07946
3.4025	0.07984
3.4047	0.08021
3.407	0.08062
3.4092	0.08104
3.4114	0.08139
3.4137	0.08178
3.4159	0.08228
3.4182	0.08276
3.4204	0.08311
3.4227	0.08344
3.425	0.08382
3.4272	0.08430
3.4295	0.08476
3.4318	0.08516
3.434	0.08554
3.4363	0.08599
3.4386	0.08638
3.4409	0.08669
3.4432	0.08714
3.4454	0.08762
3.4477	0.08810
3.45	0.08851
3.4523	0.08874
3.4546	0.08911
3.4569	0.08974
3.4592	0.09025
3.4615	0.09072
3.4639	0.09109
3.4662	0.09127
3.4685	0.09159
3.4708	0.09210
3.4731	0.09269
3.4755	0.09312
3.4778	0.09351
3.4801	0.09402
3.4825	0.09447
3.4848	0.09491
3.4871	0.09533
3.4895	0.09591
3.4919	0.09649
3.4942	0.09693
3.4966	0.09737
3.4989	0.09779
3.5013	0.09827
3.5036	0.09876
3.506	0.09923
3.5084	0.09973
3.5108	0.10015
3.5131	0.10053
3.5155	0.10101
3.5179	0.10145
3.5203	0.10186
3.5227	0.10236
3.5251	0.10280
3.5275	0.10331
3.5299	0.10381
3.5323	0.10436
3.5347	0.10485
3.5371	0.10518
3.5395	0.10572
3.5419	0.10639
3.5444	0.10680
3.5468	0.10711
3.5492	0.10767
3.5516	0.10827
3.5541	0.10879
3.5565	0.10929
3.5589	0.10972
3.5614	0.11026
3.5638	0.11079
3.5663	0.11132
3.5688	0.11184
3.5712	0.11228
3.5737	0.11271
3.5761	0.11321
3.5786	0.11381
3.5811	0.11448
3.5835	0.11494
3.586	0.11528
3.5885	0.11578
3.591	0.11639
3.5935	0.11693
3.596	0.11740
3.5985	0.11795
3.601	0.11834
3.6035	0.11882
3.606	0.11949
3.6085	0.12016
3.611	0.12068
3.6135	0.12111
3.616	0.12149
3.6186	0.12199
3.6211	0.12253
3.6236	0.12312
3.6261	0.12378
3.6287	0.12440
3.6312	0.12490
3.6338	0.12532
3.6363	0.12587
3.6389	0.12642
3.6414	0.12686
3.644	0.12739
3.6466	0.12799
3.6491	0.12850
3.6517	0.12888
3.6543	0.12940
3.6568	0.13006
3.6594	0.13056
3.662	0.13120
3.6646	0.13193
3.6672	0.13262
3.6698	0.13321
3.6724	0.13371
3.675	0.13422
3.6776	0.13476
3.6802	0.13534
3.6828	0.13572
3.6854	0.13620
3.688	0.13671
3.6907	0.13715
3.6933	0.13773
3.6959	0.13843
3.6986	0.13904
3.7012	0.13957
3.7039	0.14010
3.7065	0.14064
3.7091	0.14126
3.7118	0.14182
3.7145	0.14225
3.7171	0.14266
3.7198	0.14318
3.7225	0.14394
3.7251	0.14457
3.7278	0.14490
3.7305	0.14535
3.7332	0.14576
3.7359	0.14629
3.7386	0.14688
3.7413	0.14743
3.744	0.14797
3.7467	0.14858
3.7494	0.14924
3.7521	0.14962
3.7548	0.14999
3.7575	0.15053
3.7603	0.15106
3.763	0.15154
3.7657	0.15208
3.7684	0.15272
3.7712	0.15310
3.7739	0.15323
3.7767	0.15359
3.7794	0.15419
3.7822	0.15468
3.7849	0.15515
3.7877	0.15557
3.7905	0.15601
3.7933	0.15650
3.796	0.15709
3.7988	0.15743
3.8016	0.15782
3.8044	0.15830
3.8072	0.15857
3.81	0.15899
3.8128	0.15941
3.8156	0.15970
3.8184	0.15996
3.8212	0.16036
3.824	0.16088
3.8269	0.16136
3.8297	0.16163
3.8325	0.16192
3.8353	0.16219
3.8382	0.16253
3.841	0.16273
3.8439	0.16299
3.8467	0.16332
3.8496	0.16367
3.8524	0.16384
3.8553	0.16405
3.8582	0.16419
3.861	0.16445
3.8639	0.16491
3.8668	0.16523
3.8697	0.16531
3.8726	0.16543
3.8755	0.16556
3.8784	0.16577
3.8813	0.16587
3.8842	0.16608
3.8871	0.16635
3.89	0.16648
3.8929	0.16660
3.8959	0.16671
3.8988	0.16697
3.9017	0.16715
3.9047	0.16739
3.9076	0.16742
3.9106	0.16738
3.9135	0.16746
3.9164	0.16746
3.9194	0.16731
3.9224	0.16738
3.9254	0.16758
3.9283	0.16762
3.9313	0.16759
3.9343	0.16757
3.9373	0.16744
3.9403	0.16727
3.9433	0.16721
3.9463	0.16721
3.9493	0.16744
3.9523	0.16740
3.9553	0.16737
3.9583	0.16729
3.9614	0.16716
3.9644	0.16701
3.9674	0.16694
3.9705	0.16687
3.9735	0.16674
3.9766	0.16658
3.9796	0.16639
3.9826	0.16624
3.9857	0.16610
3.9888	0.16593
3.9919	0.16576
3.9949	0.16564
3.998	0.16556
4.0011	0.16534
4.0042	0.16507
4.0073	0.16490
4.0104	0.16468
4.0135	0.16445
4.0166	0.16422
4.0197	0.16403
4.0228	0.16379
4.0259	0.16350
4.0291	0.16331
4.0322	0.16313
4.0353	0.16291
4.0385	0.16271
4.0416	0.16242
4.0448	0.16212
4.0479	0.16186
4.0511	0.16164
4.0543	0.16144
4.0574	0.16123
4.0606	0.16098
4.0638	0.16070
4.067	0.16043
4.0702	0.16018
4.0734	0.15994
4.0766	0.15975
4.0798	0.15948
4.083	0.15919
4.0862	0.15891
4.0894	0.15869
4.0927	0.15850
4.0959	0.15822
4.0991	0.15798
4.1024	0.15775
4.1056	0.15748
4.1089	0.15723
4.1121	0.15710
4.1154	0.15690
4.1187	0.15662
4.122	0.15643
4.1252	0.15620
4.1285	0.15593
4.1318	0.15576
4.1351	0.15556
4.1384	0.15536
4.1417	0.15521
4.145	0.15501
4.1483	0.15481
4.1516	0.15456
4.155	0.15430
4.1583	0.15410
4.1616	0.15389
4.165	0.15377
4.1683	0.15364
4.1717	0.15348
4.175	0.15331
4.1784	0.15307
4.1818	0.15291
4.1852	0.15288
4.1885	0.15285
4.1919	0.15263
4.1953	0.15245
4.1987	0.15232
4.2021	0.15220
4.2055	0.15205
4.2089	0.15194
4.2124	0.15181
4.2158	0.15166
4.2192	0.15155
4.2226	0.15144
4.2261	0.15117
4.2295	0.15089
4.233	0.15074
4.2365	0.15070
4.2399	0.15058
4.2434	0.15037
4.2469	0.15025
4.2503	0.15022
4.2538	0.15002
4.2573	0.14990
4.2608	0.14985
4.2643	0.14969
4.2678	0.14950
4.2713	0.14933
4.2749	0.14924
4.2784	0.14911
4.2819	0.14886
4.2855	0.14868
4.289	0.14853
4.2926	0.14843
4.2961	0.14830
4.2997	0.14818
4.3033	0.14809
4.3068	0.14798
4.3104	0.14782
4.314	0.14767
4.3176	0.14748
4.3212	0.14731
4.3248	0.14723
4.3284	0.14712
4.332	0.14696
4.3356	0.14683
4.3393	0.14671
4.3429	0.14659
4.3465	0.14647
4.3502	0.14639
4.3538	0.14628
4.3575	0.14614
4.3611	0.14599
4.3648	0.14588
4.3685	0.14574
4.3722	0.14564
4.3759	0.14554
4.3796	0.14545
4.3833	0.14534
4.387	0.14523
4.3907	0.14503
4.3944	0.14487
4.3981	0.14480
4.4019	0.14473
4.4056	0.14459
4.4094	0.14440
4.4131	0.14426
4.4169	0.14419
4.4206	0.14406
4.4244	0.14394
4.4282	0.14380
4.432	0.14369
4.4358	0.14353
4.4396	0.14342
4.4434	0.14338
4.4472	0.14330
4.451	0.14310
4.4548	0.14297
4.4586	0.14286
4.4625	0.14273
4.4663	0.14259
4.4702	0.14252
4.474	0.14241
4.4779	0.14232
4.4818	0.14222
4.4856	0.14204
4.4895	0.14192
4.4934	0.14190
4.4973	0.14178
4.5012	0.14160
4.5051	0.14143
4.509	0.14127
4.513	0.14105
4.5169	0.14088
4.5208	0.14067
4.5248	0.14045
4.5287	0.14022
4.5327	0.13997
4.5367	0.13971
4.5406	0.13944
4.5446	0.13915
4.5486	0.13887
4.5526	0.13856
4.5566	0.13822
4.5606	0.13789
4.5646	0.13761
4.5686	0.13729
4.5727	0.13698
4.5767	0.13669
4.5808	0.13644
4.5848	0.13611
4.5889	0.13576
4.5929	0.13542
4.597	0.13504
4.6011	0.13464
4.6052	0.13428
4.6093	0.13380
4.6134	0.13340
4.6175	0.13303
4.6216	0.13266
4.6257	0.13227
4.6298	0.13187
4.634	0.13143
4.6381	0.13102
4.6423	0.13061
4.6464	0.13029
4.6506	0.12997
4.6548	0.12967
4.659	0.12938
4.6631	0.12910
4.6673	0.12887
4.6715	0.12873
4.6758	0.12849
4.68	0.12811
4.6842	0.12786
4.6884	0.12772
4.6927	0.12758
4.6969	0.12740
4.7012	0.12707
4.7055	0.12680
4.7097	0.12659
4.714	0.12634
4.7183	0.12612
4.7226	0.12584
4.7269	0.12548
4.7312	0.12516
4.7355	0.12478
4.7399	0.12431
4.7442	0.12386
4.7485	0.12341
4.7529	0.12296
4.7573	0.12257
4.7616	0.12216
4.766	0.12168
4.7704	0.12125
4.7748	0.12097
4.7792	0.12062
4.7836	0.12027
4.788	0.11994
4.7924	0.11961
4.7969	0.11924
4.8013	0.11881
4.8058	0.11842
4.8102	0.11810
4.8147	0.11774
4.8191	0.11742
4.8236	0.11716
4.8281	0.11683
4.8326	0.11645
4.8371	0.11622
4.8416	0.11599
4.8462	0.11574
4.8507	0.11546
4.8553	0.11525
4.8598	0.11507
4.8644	0.11486
4.8689	0.11465
4.8735	0.11444
4.8781	0.11419
4.8827	0.11396
4.8873	0.11377
4.8919	0.11357
4.8965	0.11332
4.9011	0.11307
4.9058	0.11276
4.9104	0.11242
4.9151	0.11208
4.9197	0.11176
4.9244	0.11141
4.9291	0.11105
4.9338	0.11071
4.9385	0.11038
4.9432	0.11002
4.9479	0.10971
4.9526	0.10934
4.9574	0.10894
4.9621	0.10854
4.9669	0.10817
4.9716	0.10774
4.9764	0.10724
4.9812	0.10674
4.986	0.10634
4.9908	0.10576
4.9956	0.10521
5.0004	0.10463
5.0052	0.10399
5.01	0.10334
5.0149	0.10276
5.0198	0.10214
5.0246	0.10145
5.0295	0.10089
5.0344	0.10031
5.0393	0.09970
5.0442	0.09914
5.0491	0.09858
5.054	0.09796
5.0589	0.09732
5.0639	0.09677
5.0688	0.09622
5.0738	0.09566
5.0788	0.09515
5.0837	0.09467
5.0887	0.09416
5.0937	0.09369
5.0987	0.09322
5.1037	0.09269
5.1088	0.09222
5.1138	0.09182
5.1189	0.09136
5.1239	0.09097
5.129	0.09064
5.1341	0.09038
5.1391	0.09011
5.1443	0.08991
5.1494	0.08979
5.1545	0.08969
5.1596	0.08955
5.1647	0.08947
5.1699	0.08941
5.175	0.08945
5.1802	0.08957
5.1854	0.08972
5.1906	0.08985
5.1958	0.08998
5.201	0.09008
5.2062	0.09021
5.2115	0.09031
5.2167	0.09033
5.222	0.09041
5.2272	0.09050
5.2325	0.09047
5.2378	0.09045
5.2431	0.09042
5.2484	0.09042
5.2537	0.09044
5.259	0.09043
5.2644	0.09037
5.2697	0.09035
5.2751	0.09032
5.2805	0.09024
5.2858	0.09015
5.2912	0.09011
5.2966	0.09000
5.302	0.08996
5.3075	0.08996
5.3129	0.08988
5.3184	0.08979
5.3238	0.08980
5.3293	0.08972
5.3348	0.08955
5.3403	0.08935
5.3458	0.08923
5.3513	0.08908
5.3568	0.08889
5.3624	0.08871
5.3679	0.08850
5.3735	0.08829
5.379	0.08810
5.3846	0.08785
5.3902	0.08755
5.3958	0.08725
5.4015	0.08701
5.4071	0.08664
5.4127	0.08632
5.4184	0.08609
5.4241	0.08569
5.4297	0.08538
5.4354	0.08515
5.4411	0.08483
5.4469	0.08458
5.4526	0.08445
5.4583	0.08437
5.4641	0.08414
5.4698	0.08393
5.4756	0.08384
5.4814	0.08374
5.4872	0.08365
5.493	0.08361
5.4988	0.08359
5.5047	0.08362
5.5105	0.08358
5.5164	0.08365
5.5223	0.08363
5.5281	0.08364
5.534	0.08363
5.54	0.08356
5.5459	0.08351
5.5518	0.08341
5.5578	0.08327
5.5637	0.08316
5.5697	0.08301
5.5757	0.08286
5.5817	0.08263
5.5877	0.08252
5.5937	0.08244
5.5998	0.08230
5.6058	0.08214
5.6119	0.08205
5.618	0.08187
5.6241	0.08175
5.6302	0.08156
5.6363	0.08133
5.6424	0.08102
5.6486	0.08077
5.6547	0.08060
5.6609	0.08046
5.6671	0.08031
5.6733	0.08012
5.6795	0.07985
5.6857	0.07969
5.692	0.07945
5.6982	0.07928
5.7045	0.07914
5.7108	0.07885
5.7171	0.07859
5.7234	0.07838
5.7297	0.07811
5.736	0.07795
5.7424	0.07774
5.7488	0.07751
5.7551	0.07730
5.7615	0.07712
5.768	0.07659
5.7744	0.07634
5.7808	0.07617
5.7873	0.07586
5.7937	0.07545
5.8002	0.07508
5.8067	0.07468
5.8132	0.07431
5.8197	0.07373
5.8263	0.07310
5.8328	0.07267
5.8394	0.07214
5.846	0.07153
5.8526	0.07099
5.8592	0.07036
5.8658	0.06972
5.8725	0.06923
5.8791	0.06855
5.8858	0.06755
5.8925	0.06707
5.8992	0.06618
5.9059	0.06543
5.9126	0.06477
5.9194	0.06375
5.9262	0.06270
5.9329	0.06185
5.9397	0.06059
5.9465	0.05951
5.9534	0.05844
5.9602	0.05743
5.9671	0.05636
5.974	0.05510
5.9808	0.05414
5.9878	0.05321
5.9947	0.05209
6.0016	0.05113
6.0086	0.05027
6.0155	0.04942
6.0225	0.04864
6.0295	0.04791
6.0365	0.04714
6.0436	0.04660
6.0506	0.04581
6.0577	0.04525
6.0648	0.04498
6.0719	0.04456
6.079	0.04420
6.0861	0.04400
6.0933	0.04378
6.1005	0.04362
6.1076	0.04356
6.1149	0.04355
6.1221	0.04362
6.1293	0.04381
6.1365	0.04397
6.1438	0.04426
6.1511	0.04455
6.1584	0.04489
6.1657	0.04537
6.1731	0.04586
6.1804	0.04639
6.1878	0.04701
6.1952	0.04780
6.2026	0.04850
6.21	0.04924
6.2175	0.04990
6.225	0.05054
6.2324	0.05135
6.2399	0.05217
6.2475	0.05286
6.255	0.05342
6.2625	0.05397
6.2701	0.05452
6.2777	0.05502
6.2853	0.05543
6.293	0.05588
6.3006	0.05621
6.3083	0.05639
6.3159	0.05666
6.3236	0.05699
6.3314	0.05736
6.3391	0.05769
6.3469	0.05786
6.3546	0.05817
6.3624	0.05846
6.3703	0.05869
6.3781	0.05897
6.3859	0.05931
6.3938	0.05959
6.4017	0.05986
6.4096	0.06011
6.4175	0.06022
6.4255	0.06054
6.4335	0.06079
6.4415	0.06094
6.4495	0.06115
6.4575	0.06125
6.4656	0.06136
6.4736	0.06147
6.4817	0.06151
6.4898	0.06151
6.498	0.06135
6.5061	0.06138
6.5143	0.06154
6.5225	0.06152
6.5307	0.06146
6.539	0.06149
6.5472	0.06147
6.5555	0.06136
6.5638	0.06129
6.5721	0.06115
6.5804	0.06088
6.5888	0.06075
6.5972	0.06052
6.6056	0.06038
6.614	0.06018
6.6225	0.06001
6.6309	0.05988
6.6394	0.05948
6.6479	0.05926
6.6565	0.05929
6.665	0.05918
6.6736	0.05902
6.6822	0.05886
6.6908	0.05884
6.6995	0.05886
6.7081	0.05882
6.7168	0.05872
6.7255	0.05864
6.7343	0.05854
6.743	0.05847
6.7518	0.05832
6.7606	0.05817
6.7694	0.05800
6.7783	0.05784
6.7871	0.05763
6.796	0.05732
6.805	0.05717
6.8139	0.05700
6.8229	0.05675
6.8319	0.05656
6.8409	0.05643
6.8499	0.05616
6.859	0.05579
6.868	0.05533
6.8772	0.05510
6.8863	0.05493
6.8955	0.05469
6.9046	0.05434
6.9138	0.05401
6.9231	0.05379
6.9323	0.05355
6.9416	0.05317
6.9509	0.05279
6.9602	0.05242
6.9696	0.05210
6.979	0.05175
6.9884	0.05137
6.9978	0.05108
7.0073	0.05081
7.0168	0.05058
7.0263	0.05030
7.0358	0.04997
7.0454	0.04959
7.0549	0.04933
7.0645	0.04916
7.0742	0.04888
7.0839	0.04862
7.0935	0.04825
7.1033	0.04792
7.113	0.04764
7.1228	0.04733
7.1326	0.04702
7.1424	0.04667
7.1522	0.04634
7.1621	0.04605
7.172	0.04561
7.182	0.04522
7.1919	0.04487
7.2019	0.04453
7.2119	0.04419
7.222	0.04388
7.232	0.04349
7.2421	0.04305
7.2523	0.04262
7.2624	0.04226
7.2726	0.04184
7.2828	0.04147
7.2931	0.04110
7.3033	0.04074
7.3136	0.04040
7.324	0.03996
7.3343	0.03952
7.3447	0.03913
7.3551	0.03871
7.3656	0.03831
7.3761	0.03791
7.3866	0.03746
7.3971	0.03699
7.4077	0.03653
7.4183	0.03614
7.4289	0.03571
7.4396	0.03524
7.4503	0.03480
7.461	0.03439
7.4717	0.03403
7.4825	0.03353
7.4933	0.03302
7.5042	0.03256
7.515	0.03216
7.5259	0.03170
7.5369	0.03127
7.5479	0.03088
7.5589	0.03048
7.5699	0.03001
7.581	0.02961
7.592	0.02925
7.6032	0.02887
7.6144	0.02842
7.6255	0.02802
7.6368	0.02760
7.648	0.02723
7.6593	0.02683
7.6707	0.02638
7.682	0.02592
7.6934	0.02557
7.7049	0.02531
7.7163	0.02502
7.7278	0.02467
7.7394	0.02436
7.7509	0.02407
7.7625	0.02378
7.7742	0.02360
7.7858	0.02349
7.7975	0.02331
7.8093	0.02318
7.8211	0.02315
7.8329	0.02320
7.8447	0.02321
7.8566	0.02338
7.8685	0.02355
7.8805	0.02386
7.8925	0.02431
7.9045	0.02514
7.9166	0.02612
7.9287	0.02714
7.9408	0.02842
7.953	0.03005
7.9652	0.03190
7.9775	0.03403
7.9898	0.03640
8.0021	0.03908
8.0145	0.04204
8.0269	0.04518
8.0393	0.04842
8.0518	0.05171
8.0643	0.05504
8.0769	0.05814
8.0895	0.06107
8.1021	0.06384
8.1148	0.06629
8.1275	0.06844
8.1403	0.07025
8.1531	0.07178
8.1659	0.07318
8.1788	0.07433
8.1917	0.07530
8.2047	0.07616
8.2177	0.07697
8.2307	0.07765
8.2438	0.07826
8.257	0.07876
8.2701	0.07923
8.2833	0.07954
8.2966	0.07994
8.3099	0.08038
8.3232	0.08077
8.3366	0.08118
8.35	0.08159
8.3635	0.08197
8.377	0.08245
8.3905	0.08290
8.4042	0.08340
8.4178	0.08385
8.4315	0.08443
8.4452	0.08515
8.459	0.08607
8.4728	0.08699
8.4867	0.08795
8.5006	0.08902
8.5145	0.09034
8.5285	0.09184
8.5426	0.09342
8.5567	0.09521
8.5708	0.09725
8.585	0.09959
8.5993	0.10226
8.6135	0.10518
8.6279	0.10848
8.6423	0.11185
8.6567	0.11529
8.6712	0.11885
8.6857	0.12219
8.7003	0.12468
8.7149	0.12632
8.7296	0.12795
8.7443	0.13085
8.759	0.13480
8.7739	0.13942
8.7887	0.14416
8.8037	0.14884
8.8186	0.15333
8.8337	0.15747
8.8487	0.16110
8.8638	0.16447
8.879	0.16757
8.8943	0.17051
8.9095	0.17321
8.9249	0.17578
8.9403	0.17835
8.9557	0.18109
8.9712	0.18369
8.9868	0.18637
9.0023	0.18889
9.018	0.19152
9.0337	0.19417
9.0495	0.19659
9.0653	0.19900
9.0812	0.20152
9.0971	0.20392
9.1131	0.20636
9.1291	0.20844
9.1452	0.21056
9.1614	0.21251
9.1776	0.21431
9.1939	0.21599
9.2102	0.21756
9.2266	0.21874
9.243	0.21991
9.2595	0.22081
9.2761	0.22166
9.2927	0.22232
9.3094	0.22270
9.3262	0.22272
9.343	0.22254
9.3598	0.22185
9.3768	0.22097
9.3937	0.21974
9.4108	0.21827
9.4279	0.21645
9.4451	0.21462
9.4623	0.21272
9.4796	0.21083
9.497	0.20883
9.5144	0.20690
9.5319	0.20476
9.5494	0.20259
9.5671	0.20016
9.5847	0.19752
9.6025	0.19475
9.6203	0.19213
9.6382	0.18954
9.6561	0.18703
9.6742	0.18445
9.6922	0.18218
9.7104	0.17994
9.7286	0.17786
9.7469	0.17594
9.7652	0.17424
9.7837	0.17296
9.8022	0.17202
9.8207	0.17096
9.8394	0.17001
9.8581	0.16890
9.8768	0.16764
9.8957	0.16632
9.9146	0.16489
9.9336	0.16324
9.9527	0.16149
9.9718	0.15960
9.991	0.15798
10.0103	0.15623
10.0297	0.15458
10.0491	0.15298
10.0686	0.15126
10.0882	0.14941
10.1079	0.14763
10.1276	0.14603
10.1474	0.14509
10.1673	0.14466
10.1873	0.14481
10.2074	0.14547
10.2275	0.14642
10.2477	0.14746
10.268	0.14850
10.2884	0.14922
10.3088	0.14965
10.3294	0.14956
10.35	0.14932
10.3707	0.14881
10.3915	0.14814
10.4123	0.14726
10.4333	0.14619
10.4543	0.14499
10.4755	0.14384
10.4967	0.14241
10.5179	0.14091
10.5393	0.13948
10.5608	0.13794
10.5823	0.13634
10.604	0.13482
10.6257	0.13324
10.6475	0.13184
10.6694	0.13036
10.6914	0.12898
10.7135	0.12755
10.7357	0.12632
10.758	0.12527
10.7803	0.12430
10.8028	0.12350
10.8254	0.12251
10.848	0.12117
10.8708	0.11962
10.8936	0.11763
10.9165	0.11540
10.9395	0.11322
10.9627	0.11125
10.9859	0.10956
11.0092	0.10857
11.0327	0.10826
11.0562	0.10827
11.0798	0.10821
11.1035	0.10807
11.1273	0.10773
11.1513	0.10710
11.1753	0.10632
11.1995	0.10564
11.2237	0.10491
11.248	0.10443
11.2725	0.10420
11.2971	0.10442
11.3217	0.10544
11.3465	0.10686
11.3714	0.10841
11.3964	0.10987
11.4215	0.11109
11.4467	0.11178
11.472	0.11178
11.4975	0.11161
11.523	0.11122
11.5487	0.11045
11.5744	0.10941
11.6003	0.10810
11.6263	0.10665
11.6525	0.10515
11.6787	0.10349
11.7051	0.10186
11.7316	0.10007
11.7582	0.09833
11.7849	0.09675
11.8117	0.09500
11.8387	0.09304
11.8658	0.09098
11.893	0.08884
11.9203	0.08696
11.9478	0.08516
11.9754	0.08352
12.0031	0.08202
12.031	0.08052
12.059	0.07930
12.0871	0.07805
12.1153	0.07672
12.1437	0.07567
12.1722	0.07470
12.2008	0.07370
12.2296	0.07289
12.2585	0.07238
12.2876	0.07190
12.3168	0.07139
12.3461	0.07080
12.3755	0.07031
12.4052	0.06988
12.4349	0.06935
12.4648	0.06904
12.4948	0.06870
12.525	0.06856
12.5553	0.06863
12.5858	0.06849
12.6164	0.06795
12.6472	0.06752
12.6781	0.06734
12.7092	0.06726
12.7404	0.06701
12.7718	0.06662
12.8033	0.06644
12.835	0.06625
12.8669	0.06595
12.8989	0.06556
12.9311	0.06514
12.9634	0.06480
12.9959	0.06455
13.0285	0.06418
13.0613	0.06357
13.0943	0.06297
13.1275	0.06253
13.1608	0.06212
13.1943	0.06175
13.228	0.06137
13.2618	0.06085
13.2958	0.06012
13.33	0.05956
13.3643	0.05903
13.3989	0.05871
13.4336	0.05846
13.4685	0.05818
13.5035	0.05798
13.5388	0.05817
13.5742	0.05880
13.6099	0.05910
13.6457	0.05904
13.6817	0.05879
13.7179	0.05863
13.7543	0.05845
13.7908	0.05847
13.8276	0.05875
13.8646	0.05887
13.9018	0.05899
13.9391	0.05886
13.9767	0.05846
14.0145	0.05788
14.0525	0.05750
14.0907	0.05720
14.129	0.05692
14.1677	0.05650
14.2065	0.05620
14.2455	0.05603
14.2847	0.05563
14.3242	0.05527
14.3639	0.05503
14.4038	0.05487
14.4439	0.05483
14.4842	0.05469
14.5248	0.05470
14.5656	0.05520
14.6067	0.05618
14.6479	0.05699
14.6894	0.05710
14.7312	0.05673
14.7731	0.05602
14.8153	0.05507
14.8578	0.05437
14.9005	0.05380
14.9434	0.05306
14.9866	0.05219
15.03	0.05135
15.0737	0.05083
15.1177	0.05054
15.1619	0.04992
15.2063	0.04972
15.2511	0.05019
15.2961	0.05065
15.3413	0.05106
15.3868	0.05176
15.4326	0.05214
15.4787	0.05231
15.525	0.05228
15.5717	0.05222
15.6186	0.05203
15.6658	0.05152
15.7132	0.05119
15.761	0.05105
15.809	0.05101
15.8574	0.05099
15.906	0.05101
15.955	0.05167
16.0042	0.05266
16.0538	0.05422
16.1036	0.05597
16.1538	0.05792
16.2043	0.06042
16.2551	0.06305
16.3062	0.06553
16.3576	0.06780
16.4094	0.06990
16.4615	0.07194
16.5139	0.07376
16.5667	0.07532
16.6198	0.07730
16.6732	0.07952
16.727	0.08123
16.7811	0.08284
16.8356	0.08465
16.8905	0.08662
16.9457	0.08892
17.0012	0.09081
17.0572	0.09278
17.1134	0.09507
17.1701	0.09743
17.2272	0.09960
17.2846	0.10208
17.3424	0.10522
17.4006	0.10796
17.4592	0.11050
17.5182	0.11266
17.5775	0.11398
17.6373	0.11441
17.6975	0.11380
17.7581	0.11297
17.8192	0.11258
17.8806	0.11369
17.9425	0.11580
18.0048	0.11876
18.0675	0.12211
18.1307	0.12490
18.1943	0.12808
18.2584	0.13147
18.3229	0.13458
18.3879	0.13589
18.4533	0.13674
18.5192	0.13745
18.5856	0.13732
18.6524	0.13832
18.7198	0.14003
18.7876	0.14215
18.8559	0.14576
18.9248	0.14921
18.9941	0.15160
19.0639	0.15387
19.1343	0.15481
19.2051	0.15595
19.2765	0.15793
19.3484	0.15873
19.4209	0.15931
19.4939	0.15960
19.5675	0.16048
19.6416	0.16115
19.7163	0.16116
19.7915	0.16103
19.8674	0.16128
19.9438	0.16188
20.0208	0.16295
20.0984	0.16376
20.1766	0.16514
20.2554	0.16672
20.3348	0.16894
20.4149	0.17147
20.4956	0.17537
20.5769	0.18129
20.6589	0.18743
20.7415	0.19326
20.8248	0.19832
20.9088	0.20035
20.9934	0.20140
21.0788	0.20256
21.1648	0.20289
21.2516	0.20250
21.339	0.20233
21.4272	0.20190
21.5161	0.20006
21.6058	0.19881
21.6962	0.19884
21.7873	0.19716
21.8793	0.19526
21.972	0.19459
22.0655	0.19303
22.1598	0.19167
22.2549	0.19043
22.3508	0.18890
22.4475	0.18789
22.5451	0.18786
22.6436	0.18712
22.7429	0.18431
22.8431	0.18165
22.9442	0.17989
23.0462	0.17939
23.149	0.17800
23.2528	0.17695
23.3576	0.17684
23.4633	0.17504
23.5699	0.17066
23.6776	0.16802
23.7862	0.16700
23.8958	0.16447
24.0064	0.16307
24.1181	0.16072
24.2308	0.15839
24.3445	0.15709
24.4594	0.15491
24.5753	0.15361
24.6923	0.15333
24.8104	0.15178
24.9297	0.14753
25.0502	0.14205
