Brown University Keck/NASA Relab Spectrum OP-RLK-013-D/BKR2OP013D
Wavelength(micron)	Reflectance
0.3	0.11182
0.305	0.11414
0.31	0.11838
0.315	0.12560
0.32	0.13359
0.325	0.14417
0.33	0.15436
0.335	0.16630
0.34	0.17833
0.345	0.18986
0.35	0.20067
0.355	0.21115
0.36	0.22090
0.365	0.22990
0.37	0.23506
0.375	0.23950
0.38	0.24379
0.385	0.24839
0.39	0.25418
0.395	0.25771
0.4	0.26128
0.405	0.26392
0.41	0.26609
0.415	0.26885
0.42	0.27133
0.425	0.27312
0.43	0.27582
0.435	0.27822
0.44	0.27996
0.445	0.28097
0.45	0.28251
0.455	0.28525
0.46	0.28741
0.465	0.29030
0.47	0.29206
0.475	0.29373
0.48	0.29587
0.485	0.29849
0.49	0.30088
0.495	0.30383
0.5	0.30697
0.505	0.30900
0.51	0.31239
0.515	0.31644
0.52	0.31895
0.525	0.32140
0.53	0.32369
0.535	0.32543
0.54	0.32665
0.545	0.32801
0.55	0.32917
0.555	0.33092
0.56	0.33264
0.565	0.33353
0.57	0.33445
0.575	0.33577
0.58	0.33691
0.585	0.33782
0.59	0.33848
0.595	0.33970
0.6	0.34123
0.605	0.34185
0.61	0.34262
0.615	0.34414
0.62	0.34400
0.625	0.34580
0.63	0.34618
0.635	0.34772
0.64	0.34840
0.645	0.34950
0.65	0.35008
0.655	0.35150
0.66	0.35257
0.665	0.35380
0.67	0.35537
0.675	0.35728
0.68	0.35815
0.685	0.36001
0.69	0.36031
0.695	0.36141
0.7	0.36221
0.705	0.36316
0.71	0.36394
0.715	0.36571
0.72	0.36631
0.725	0.36721
0.73	0.36832
0.735	0.36821
0.74	0.36870
0.745	0.36842
0.75	0.36790
0.755	0.36828
0.76	0.36655
0.765	0.36613
0.77	0.36501
0.775	0.36304
0.78	0.36074
0.785	0.35772
0.79	0.35590
0.795	0.35279
0.8	0.34880
0.805	0.34495
0.81	0.34034
0.815	0.33565
0.82	0.33110
0.825	0.32628
0.83	0.32076
0.835	0.31546
0.84	0.31067
0.8402	0.30966
0.8404	0.30907
0.8405	0.30904
0.8406	0.31096
0.8408	0.31103
0.8409	0.30957
0.841	0.30954
0.8412	0.30934
0.8413	0.30993
0.8415	0.30999
0.8416	0.30872
0.8417	0.31001
0.8419	0.31097
0.842	0.30973
0.8421	0.30937
0.8423	0.30896
0.8424	0.30934
0.8425	0.30941
0.8427	0.30958
0.8428	0.31017
0.843	0.30999
0.8431	0.30971
0.8432	0.30915
0.8434	0.30870
0.8435	0.30880
0.8436	0.30866
0.8438	0.30828
0.8439	0.30746
0.844	0.30727
0.8442	0.30785
0.8443	0.30837
0.8445	0.30784
0.8446	0.30736
0.8447	0.30685
0.8449	0.30698
0.845	0.30693
0.8452	0.30698
0.8453	0.30667
0.8454	0.30652
0.8456	0.30562
0.8457	0.30490
0.8458	0.30366
0.846	0.30354
0.8461	0.30518
0.8463	0.30566
0.8464	0.30557
0.8465	0.30637
0.8467	0.30580
0.8468	0.30405
0.847	0.30404
0.8471	0.30425
0.8472	0.30349
0.8474	0.30398
0.8475	0.30462
0.8476	0.30332
0.8478	0.30257
0.8479	0.30290
0.8481	0.30277
0.8482	0.30292
0.8483	0.30338
0.8485	0.30319
0.8486	0.30279
0.8488	0.30329
0.8489	0.30416
0.849	0.30414
0.8492	0.30392
0.8493	0.30349
0.8495	0.30257
0.8496	0.30150
0.8497	0.29994
0.8499	0.29992
0.85	0.30131
0.8501	0.30273
0.8503	0.30251
0.8504	0.30202
0.8506	0.30182
0.8507	0.30157
0.8508	0.30254
0.851	0.30233
0.8511	0.30127
0.8513	0.30057
0.8514	0.30097
0.8515	0.30088
0.8517	0.30047
0.8518	0.30129
0.852	0.30134
0.8521	0.30076
0.8522	0.30013
0.8524	0.30047
0.8525	0.30031
0.8527	0.29912
0.8528	0.29845
0.8529	0.29880
0.8531	0.29888
0.8532	0.29947
0.8534	0.29983
0.8535	0.29910
0.8536	0.29821
0.8538	0.29831
0.8539	0.29908
0.8541	0.29895
0.8542	0.29754
0.8543	0.29819
0.8545	0.29944
0.8546	0.29969
0.8548	0.29859
0.8549	0.29738
0.855	0.29769
0.8552	0.29783
0.8553	0.29662
0.8555	0.29633
0.8556	0.29649
0.8558	0.29596
0.8559	0.29648
0.856	0.29618
0.8562	0.29604
0.8563	0.29634
0.8565	0.29601
0.8566	0.29559
0.8568	0.29577
0.8569	0.29614
0.857	0.29530
0.8572	0.29473
0.8573	0.29506
0.8575	0.29536
0.8576	0.29511
0.8577	0.29385
0.8579	0.29319
0.858	0.29420
0.8582	0.29447
0.8583	0.29489
0.8585	0.29569
0.8586	0.29600
0.8587	0.29514
0.8589	0.29282
0.859	0.29243
0.8592	0.29304
0.8593	0.29289
0.8594	0.29307
0.8596	0.29330
0.8597	0.29212
0.8599	0.29207
0.86	0.29392
0.8602	0.29382
0.8603	0.29306
0.8604	0.29309
0.8606	0.29243
0.8607	0.29202
0.8609	0.29160
0.861	0.29205
0.8612	0.29192
0.8613	0.29093
0.8614	0.29131
0.8616	0.29220
0.8617	0.29310
0.8619	0.29208
0.862	0.29036
0.8622	0.29130
0.8623	0.29171
0.8625	0.29184
0.8626	0.29144
0.8627	0.29051
0.8629	0.28971
0.863	0.29010
0.8632	0.29046
0.8633	0.28976
0.8635	0.28876
0.8636	0.28866
0.8637	0.28946
0.8639	0.28982
0.864	0.28952
0.8642	0.28925
0.8643	0.28925
0.8645	0.28894
0.8646	0.28851
0.8648	0.28813
0.8649	0.28812
0.865	0.28897
0.8652	0.28976
0.8653	0.28931
0.8655	0.28880
0.8656	0.28907
0.8658	0.29003
0.8659	0.29029
0.866	0.28878
0.8662	0.28759
0.8663	0.28725
0.8665	0.28679
0.8666	0.28756
0.8668	0.28853
0.8669	0.28768
0.8671	0.28800
0.8672	0.28819
0.8673	0.28695
0.8675	0.28600
0.8676	0.28757
0.8678	0.28782
0.8679	0.28773
0.8681	0.28729
0.8682	0.28630
0.8684	0.28588
0.8685	0.28593
0.8687	0.28630
0.8688	0.28618
0.869	0.28623
0.8691	0.28663
0.8692	0.28644
0.8694	0.28585
0.8695	0.28636
0.8697	0.28641
0.8698	0.28540
0.87	0.28475
0.8701	0.28389
0.8703	0.28346
0.8704	0.28369
0.8706	0.28376
0.8707	0.28383
0.8708	0.28461
0.871	0.28522
0.8711	0.28584
0.8713	0.28551
0.8714	0.28480
0.8716	0.28483
0.8717	0.28469
0.8719	0.28395
0.872	0.28317
0.8722	0.28313
0.8723	0.28381
0.8725	0.28433
0.8726	0.28446
0.8728	0.28400
0.8729	0.28318
0.873	0.28296
0.8732	0.28325
0.8733	0.28324
0.8735	0.28247
0.8736	0.28256
0.8738	0.28273
0.8739	0.28132
0.8741	0.28038
0.8742	0.28056
0.8744	0.28180
0.8745	0.28223
0.8747	0.28192
0.8748	0.28206
0.875	0.28228
0.8751	0.28122
0.8753	0.27975
0.8754	0.28021
0.8755	0.28107
0.8757	0.28048
0.8758	0.28017
0.876	0.28011
0.8762	0.28042
0.8763	0.28059
0.8764	0.28027
0.8766	0.27988
0.8767	0.27951
0.8769	0.27976
0.877	0.27991
0.8772	0.28009
0.8773	0.28044
0.8775	0.28054
0.8776	0.28023
0.8778	0.27938
0.8779	0.27890
0.8781	0.27891
0.8782	0.28007
0.8784	0.28057
0.8785	0.28000
0.8787	0.27981
0.8788	0.27894
0.879	0.27909
0.8791	0.27926
0.8793	0.27886
0.8794	0.27866
0.8796	0.27846
0.8797	0.27809
0.8799	0.27820
0.88	0.27789
0.8802	0.27788
0.8803	0.27875
0.8805	0.27831
0.8806	0.27821
0.8808	0.27770
0.8809	0.27698
0.8811	0.27692
0.8812	0.27718
0.8814	0.27696
0.8815	0.27738
0.8817	0.27833
0.8818	0.27751
0.882	0.27694
0.8821	0.27763
0.8823	0.27720
0.8824	0.27676
0.8826	0.27637
0.8827	0.27569
0.8829	0.27580
0.883	0.27568
0.8832	0.27574
0.8833	0.27602
0.8835	0.27595
0.8836	0.27573
0.8838	0.27532
0.8839	0.27561
0.8841	0.27626
0.8842	0.27584
0.8844	0.27530
0.8845	0.27561
0.8847	0.27575
0.8848	0.27543
0.885	0.27519
0.8851	0.27571
0.8853	0.27599
0.8854	0.27556
0.8856	0.27541
0.8857	0.27552
0.8859	0.27527
0.886	0.27494
0.8862	0.27510
0.8863	0.27529
0.8865	0.27495
0.8866	0.27409
0.8868	0.27348
0.8869	0.27343
0.8871	0.27468
0.8872	0.27570
0.8874	0.27491
0.8875	0.27409
0.8877	0.27416
0.8878	0.27412
0.888	0.27404
0.8882	0.27443
0.8883	0.27507
0.8885	0.27496
0.8886	0.27386
0.8888	0.27316
0.8889	0.27312
0.8891	0.27351
0.8892	0.27397
0.8894	0.27360
0.8895	0.27327
0.8897	0.27342
0.8898	0.27368
0.89	0.27384
0.8901	0.27336
0.8903	0.27319
0.8904	0.27340
0.8906	0.27307
0.8908	0.27203
0.8909	0.27156
0.891	0.27196
0.8912	0.27242
0.8914	0.27259
0.8915	0.27266
0.8917	0.27221
0.8918	0.27216
0.892	0.27247
0.8921	0.27201
0.8923	0.27239
0.8924	0.27288
0.8926	0.27243
0.8927	0.27206
0.8929	0.27144
0.893	0.27063
0.8932	0.27096
0.8934	0.27131
0.8935	0.27146
0.8937	0.27173
0.8938	0.27159
0.894	0.27134
0.8941	0.27157
0.8943	0.27162
0.8944	0.27128
0.8946	0.27073
0.8947	0.27050
0.8949	0.27084
0.895	0.27131
0.8952	0.27110
0.8954	0.27056
0.8955	0.27037
0.8957	0.27050
0.8958	0.27083
0.896	0.27086
0.8961	0.27096
0.8963	0.27111
0.8964	0.27132
0.8966	0.27071
0.8968	0.27020
0.8969	0.26932
0.8971	0.26855
0.8972	0.26910
0.8974	0.26962
0.8975	0.26912
0.8977	0.26910
0.8978	0.26963
0.898	0.27038
0.8982	0.27043
0.8983	0.27004
0.8985	0.26972
0.8986	0.26971
0.8988	0.26977
0.8989	0.26998
0.8991	0.26991
0.8992	0.26934
0.8994	0.26882
0.8996	0.26907
0.8997	0.26979
0.8999	0.26936
0.9	0.26888
0.9002	0.26878
0.9003	0.26884
0.9005	0.26874
0.9007	0.26879
0.9008	0.26922
0.901	0.26988
0.9011	0.27010
0.9013	0.26934
0.9014	0.26852
0.9016	0.26818
0.9018	0.26832
0.9019	0.26827
0.9021	0.26800
0.9022	0.26803
0.9024	0.26819
0.9025	0.26801
0.9027	0.26737
0.9028	0.26785
0.903	0.26861
0.9032	0.26793
0.9033	0.26712
0.9035	0.26753
0.9036	0.26837
0.9038	0.26892
0.904	0.26892
0.9041	0.26865
0.9043	0.26848
0.9044	0.26825
0.9046	0.26799
0.9047	0.26797
0.9049	0.26815
0.905	0.26778
0.9052	0.26697
0.9054	0.26708
0.9055	0.26659
0.9057	0.26587
0.9058	0.26598
0.906	0.26644
0.9062	0.26653
0.9063	0.26679
0.9065	0.26746
0.9066	0.26791
0.9068	0.26828
0.907	0.26842
0.9071	0.26813
0.9073	0.26737
0.9074	0.26650
0.9076	0.26569
0.9077	0.26605
0.9079	0.26669
0.9081	0.26692
0.9082	0.26747
0.9084	0.26751
0.9085	0.26679
0.9087	0.26617
0.9089	0.26673
0.909	0.26736
0.9092	0.26721
0.9093	0.26695
0.9095	0.26666
0.9097	0.26636
0.9098	0.26620
0.91	0.26617
0.9101	0.26640
0.9103	0.26692
0.9105	0.26704
0.9106	0.26670
0.9108	0.26673
0.9109	0.26702
0.9111	0.26692
0.9113	0.26698
0.9114	0.26697
0.9116	0.26724
0.9117	0.26689
0.9119	0.26693
0.9121	0.26698
0.9122	0.26702
0.9124	0.26700
0.9125	0.26645
0.9127	0.26596
0.9129	0.26605
0.913	0.26598
0.9132	0.26585
0.9133	0.26619
0.9135	0.26653
0.9137	0.26651
0.9138	0.26635
0.914	0.26638
0.9142	0.26629
0.9143	0.26648
0.9145	0.26689
0.9146	0.26681
0.9148	0.26603
0.915	0.26578
0.9151	0.26617
0.9153	0.26655
0.9154	0.26671
0.9156	0.26685
0.9158	0.26663
0.9159	0.26641
0.9161	0.26644
0.9163	0.26676
0.9164	0.26639
0.9166	0.26602
0.9167	0.26655
0.9169	0.26676
0.9171	0.26658
0.9172	0.26647
0.9174	0.26617
0.9175	0.26638
0.9177	0.26622
0.9179	0.26614
0.918	0.26616
0.9182	0.26618
0.9184	0.26645
0.9185	0.26604
0.9187	0.26589
0.9188	0.26636
0.919	0.26640
0.9192	0.26644
0.9193	0.26628
0.9195	0.26646
0.9197	0.26649
0.9198	0.26601
0.92	0.26594
0.9202	0.26595
0.9203	0.26631
0.9205	0.26658
0.9206	0.26647
0.9208	0.26649
0.921	0.26660
0.9211	0.26631
0.9213	0.26611
0.9215	0.26613
0.9216	0.26682
0.9218	0.26724
0.922	0.26671
0.9221	0.26681
0.9223	0.26692
0.9224	0.26680
0.9226	0.26732
0.9228	0.26722
0.9229	0.26642
0.9231	0.26588
0.9233	0.26608
0.9234	0.26651
0.9236	0.26700
0.9238	0.26724
0.9239	0.26659
0.9241	0.26607
0.9243	0.26651
0.9244	0.26675
0.9246	0.26694
0.9247	0.26736
0.9249	0.26712
0.9251	0.26711
0.9252	0.26731
0.9254	0.26673
0.9256	0.26674
0.9257	0.26672
0.9259	0.26669
0.9261	0.26653
0.9262	0.26635
0.9264	0.26664
0.9266	0.26680
0.9267	0.26701
0.9269	0.26699
0.9271	0.26717
0.9272	0.26772
0.9274	0.26800
0.9276	0.26837
0.9277	0.26787
0.9279	0.26721
0.928	0.26738
0.9282	0.26754
0.9284	0.26761
0.9285	0.26773
0.9287	0.26750
0.9289	0.26767
0.929	0.26800
0.9292	0.26791
0.9294	0.26754
0.9295	0.26736
0.9297	0.26754
0.9299	0.26768
0.93	0.26772
0.9302	0.26804
0.9304	0.26837
0.9305	0.26834
0.9307	0.26827
0.9309	0.26767
0.931	0.26697
0.9312	0.26729
0.9314	0.26791
0.9316	0.26792
0.9317	0.26789
0.9319	0.26844
0.9321	0.26848
0.9322	0.26850
0.9324	0.26820
0.9326	0.26789
0.9327	0.26798
0.9329	0.26866
0.9331	0.26917
0.9332	0.26894
0.9334	0.26899
0.9336	0.26923
0.9337	0.26948
0.9339	0.26934
0.9341	0.26893
0.9342	0.26910
0.9344	0.26963
0.9346	0.26939
0.9348	0.26931
0.9349	0.26935
0.9351	0.26902
0.9353	0.26924
0.9354	0.26952
0.9356	0.26933
0.9358	0.26940
0.9359	0.26984
0.9361	0.27019
0.9363	0.26990
0.9364	0.26944
0.9366	0.26953
0.9368	0.26987
0.9369	0.26969
0.9371	0.26979
0.9373	0.26999
0.9375	0.26976
0.9376	0.26989
0.9378	0.27055
0.938	0.27101
0.9381	0.27103
0.9383	0.27087
0.9385	0.27059
0.9386	0.27051
0.9388	0.27065
0.939	0.27081
0.9392	0.27094
0.9393	0.27133
0.9395	0.27154
0.9397	0.27109
0.9398	0.27111
0.94	0.27114
0.9402	0.27147
0.9403	0.27166
0.9405	0.27155
0.9407	0.27148
0.9408	0.27195
0.941	0.27221
0.9412	0.27219
0.9414	0.27206
0.9415	0.27218
0.9417	0.27220
0.9419	0.27184
0.942	0.27195
0.9422	0.27238
0.9424	0.27225
0.9426	0.27202
0.9427	0.27199
0.9429	0.27223
0.9431	0.27252
0.9433	0.27270
0.9434	0.27278
0.9436	0.27271
0.9438	0.27270
0.9439	0.27319
0.9441	0.27373
0.9443	0.27349
0.9445	0.27342
0.9446	0.27329
0.9448	0.27307
0.945	0.27294
0.9451	0.27322
0.9453	0.27322
0.9455	0.27339
0.9457	0.27375
0.9458	0.27384
0.946	0.27377
0.9462	0.27402
0.9463	0.27451
0.9465	0.27431
0.9467	0.27404
0.9469	0.27401
0.947	0.27414
0.9472	0.27453
0.9474	0.27466
0.9476	0.27475
0.9477	0.27486
0.9479	0.27488
0.9481	0.27472
0.9483	0.27469
0.9484	0.27468
0.9486	0.27491
0.9488	0.27500
0.949	0.27518
0.9491	0.27533
0.9493	0.27510
0.9495	0.27547
0.9496	0.27571
0.9498	0.27581
0.95	0.27607
0.9502	0.27620
0.9503	0.27643
0.9505	0.27690
0.9507	0.27678
0.9509	0.27627
0.951	0.27642
0.9512	0.27716
0.9514	0.27700
0.9516	0.27675
0.9517	0.27714
0.9519	0.27762
0.9521	0.27767
0.9523	0.27742
0.9524	0.27737
0.9526	0.27759
0.9528	0.27788
0.953	0.27781
0.9531	0.27785
0.9533	0.27809
0.9535	0.27821
0.9537	0.27843
0.9538	0.27850
0.954	0.27819
0.9542	0.27834
0.9544	0.27857
0.9545	0.27862
0.9547	0.27907
0.9549	0.27933
0.9551	0.27954
0.9552	0.27969
0.9554	0.27962
0.9556	0.27993
0.9558	0.28006
0.956	0.27996
0.9561	0.27977
0.9563	0.27990
0.9565	0.28049
0.9567	0.28051
0.9568	0.28043
0.957	0.28040
0.9572	0.28065
0.9574	0.28091
0.9575	0.28083
0.9577	0.28087
0.9579	0.28123
0.9581	0.28132
0.9582	0.28160
0.9584	0.28152
0.9586	0.28116
0.9588	0.28155
0.959	0.28224
0.9591	0.28233
0.9593	0.28200
0.9595	0.28195
0.9597	0.28236
0.9598	0.28265
0.96	0.28244
0.9602	0.28231
0.9604	0.28261
0.9605	0.28306
0.9607	0.28300
0.9609	0.28284
0.9611	0.28313
0.9613	0.28308
0.9614	0.28336
0.9616	0.28373
0.9618	0.28377
0.962	0.28398
0.9622	0.28414
0.9623	0.28416
0.9625	0.28420
0.9627	0.28440
0.9629	0.28468
0.963	0.28496
0.9632	0.28508
0.9634	0.28521
0.9636	0.28516
0.9638	0.28506
0.9639	0.28530
0.9641	0.28540
0.9643	0.28574
0.9645	0.28598
0.9647	0.28585
0.9648	0.28567
0.965	0.28591
0.9652	0.28629
0.9654	0.28643
0.9656	0.28647
0.9657	0.28666
0.9659	0.28674
0.9661	0.28705
0.9663	0.28742
0.9665	0.28746
0.9666	0.28755
0.9668	0.28772
0.967	0.28791
0.9672	0.28775
0.9674	0.28764
0.9675	0.28793
0.9677	0.28799
0.9679	0.28802
0.9681	0.28872
0.9683	0.28907
0.9684	0.28873
0.9686	0.28865
0.9688	0.28878
0.969	0.28907
0.9692	0.28932
0.9693	0.28941
0.9695	0.28957
0.9697	0.28978
0.9699	0.29019
0.9701	0.29022
0.9703	0.29009
0.9704	0.29028
0.9706	0.29064
0.9708	0.29094
0.971	0.29109
0.9712	0.29090
0.9713	0.29110
0.9715	0.29135
0.9717	0.29146
0.9719	0.29164
0.9721	0.29163
0.9723	0.29174
0.9724	0.29199
0.9726	0.29214
0.9728	0.29228
0.973	0.29251
0.9732	0.29281
0.9733	0.29326
0.9735	0.29317
0.9737	0.29289
0.9739	0.29279
0.9741	0.29319
0.9743	0.29364
0.9745	0.29418
0.9746	0.29439
0.9748	0.29418
0.975	0.29410
0.9752	0.29439
0.9754	0.29464
0.9755	0.29473
0.9757	0.29467
0.9759	0.29484
0.9761	0.29522
0.9763	0.29554
0.9765	0.29563
0.9767	0.29564
0.9768	0.29574
0.977	0.29603
0.9772	0.29616
0.9774	0.29602
0.9776	0.29617
0.9778	0.29632
0.9779	0.29660
0.9781	0.29675
0.9783	0.29684
0.9785	0.29713
0.9787	0.29736
0.9789	0.29748
0.979	0.29750
0.9792	0.29760
0.9794	0.29776
0.9796	0.29799
0.9798	0.29840
0.98	0.29860
0.9802	0.29836
0.9803	0.29852
0.9805	0.29889
0.9807	0.29884
0.9809	0.29880
0.9811	0.29884
0.9813	0.29924
0.9815	0.29967
0.9817	0.29992
0.9818	0.29995
0.982	0.29988
0.9822	0.29978
0.9824	0.30004
0.9826	0.30042
0.9828	0.30068
0.983	0.30084
0.9831	0.30104
0.9833	0.30098
0.9835	0.30118
0.9837	0.30159
0.9839	0.30171
0.9841	0.30176
0.9843	0.30183
0.9844	0.30221
0.9846	0.30233
0.9848	0.30230
0.985	0.30244
0.9852	0.30250
0.9854	0.30257
0.9856	0.30286
0.9858	0.30327
0.9859	0.30377
0.9861	0.30405
0.9863	0.30382
0.9865	0.30373
0.9867	0.30392
0.9869	0.30425
0.9871	0.30443
0.9873	0.30455
0.9874	0.30446
0.9876	0.30468
0.9878	0.30515
0.988	0.30526
0.9882	0.30518
0.9884	0.30528
0.9886	0.30557
0.9888	0.30579
0.989	0.30593
0.9891	0.30614
0.9893	0.30642
0.9895	0.30657
0.9897	0.30652
0.9899	0.30674
0.9901	0.30705
0.9903	0.30700
0.9905	0.30703
0.9907	0.30733
0.9908	0.30746
0.991	0.30778
0.9912	0.30813
0.9914	0.30801
0.9916	0.30792
0.9918	0.30810
0.992	0.30836
0.9922	0.30882
0.9924	0.30911
0.9925	0.30896
0.9927	0.30880
0.9929	0.30894
0.9931	0.30920
0.9933	0.30942
0.9935	0.30964
0.9937	0.30995
0.9939	0.31018
0.9941	0.31016
0.9943	0.31030
0.9945	0.31071
0.9946	0.31084
0.9948	0.31072
0.995	0.31087
0.9952	0.31103
0.9954	0.31102
0.9956	0.31097
0.9958	0.31125
0.996	0.31178
0.9962	0.31188
0.9964	0.31189
0.9965	0.31224
0.9967	0.31252
0.9969	0.31264
0.9971	0.31272
0.9973	0.31285
0.9975	0.31312
0.9977	0.31346
0.9979	0.31355
0.9981	0.31353
0.9983	0.31351
0.9985	0.31368
0.9987	0.31380
0.9989	0.31410
0.999	0.31451
0.9992	0.31480
0.9994	0.31487
0.9996	0.31474
0.9998	0.31486
1	0.31502
1.0002	0.31504
1.0004	0.31515
1.0006	0.31535
1.0008	0.31572
1.001	0.31593
1.0012	0.31606
1.0014	0.31616
1.0016	0.31625
1.0018	0.31662
1.0019	0.31688
1.0021	0.31716
1.0023	0.31730
1.0025	0.31737
1.0027	0.31748
1.0029	0.31742
1.0031	0.31756
1.0033	0.31787
1.0035	0.31797
1.0037	0.31810
1.0039	0.31821
1.0041	0.31837
1.0043	0.31857
1.0045	0.31874
1.0047	0.31878
1.0049	0.31891
1.005	0.31903
1.0053	0.31919
1.0054	0.31930
1.0056	0.31954
1.0058	0.31984
1.006	0.32021
1.0062	0.32044
1.0064	0.32035
1.0066	0.32043
1.0068	0.32080
1.007	0.32087
1.0072	0.32096
1.0074	0.32111
1.0076	0.32125
1.0078	0.32130
1.008	0.32147
1.0082	0.32161
1.0084	0.32185
1.0086	0.32211
1.0088	0.32230
1.009	0.32221
1.0092	0.32226
1.0094	0.32259
1.0095	0.32261
1.0098	0.32262
1.01	0.32291
1.0101	0.32308
1.0103	0.32320
1.0105	0.32330
1.0107	0.32358
1.0109	0.32381
1.0111	0.32371
1.0113	0.32372
1.0115	0.32386
1.0117	0.32410
1.0119	0.32425
1.0121	0.32438
1.0123	0.32463
1.0125	0.32488
1.0127	0.32514
1.0129	0.32528
1.0131	0.32523
1.0133	0.32539
1.0135	0.32558
1.0137	0.32565
1.0139	0.32600
1.0141	0.32639
1.0143	0.32665
1.0145	0.32654
1.0147	0.32646
1.0149	0.32665
1.0151	0.32691
1.0153	0.32697
1.0155	0.32679
1.0157	0.32697
1.0159	0.32727
1.0161	0.32753
1.0163	0.32784
1.0165	0.32780
1.0167	0.32768
1.0169	0.32788
1.0171	0.32829
1.0173	0.32858
1.0175	0.32873
1.0177	0.32875
1.0179	0.32879
1.0181	0.32884
1.0183	0.32901
1.0185	0.32916
1.0187	0.32937
1.0189	0.32950
1.0191	0.32955
1.0193	0.32979
1.0195	0.33002
1.0197	0.33007
1.0199	0.33014
1.0201	0.33031
1.0203	0.33030
1.0205	0.33027
1.0207	0.33057
1.0209	0.33080
1.0211	0.33112
1.0213	0.33132
1.0215	0.33139
1.0217	0.33144
1.0219	0.33148
1.0221	0.33150
1.0223	0.33162
1.0225	0.33195
1.0227	0.33234
1.0229	0.33229
1.0231	0.33230
1.0233	0.33245
1.0235	0.33268
1.0237	0.33299
1.0239	0.33303
1.0241	0.33315
1.0243	0.33315
1.0245	0.33322
1.0247	0.33329
1.0249	0.33341
1.0251	0.33373
1.0253	0.33385
1.0255	0.33386
1.0257	0.33400
1.0259	0.33428
1.0261	0.33444
1.0263	0.33460
1.0265	0.33464
1.0268	0.33467
1.0269	0.33483
1.0272	0.33493
1.0274	0.33504
1.0276	0.33514
1.0278	0.33523
1.028	0.33550
1.0282	0.33576
1.0284	0.33576
1.0286	0.33574
1.0288	0.33598
1.029	0.33623
1.0292	0.33626
1.0294	0.33629
1.0296	0.33637
1.0298	0.33657
1.03	0.33681
1.0302	0.33684
1.0304	0.33693
1.0306	0.33712
1.0308	0.33729
1.031	0.33754
1.0312	0.33754
1.0314	0.33768
1.0317	0.33800
1.0318	0.33804
1.0321	0.33780
1.0323	0.33784
1.0325	0.33823
1.0327	0.33847
1.0329	0.33846
1.0331	0.33855
1.0333	0.33862
1.0335	0.33888
1.0337	0.33930
1.0339	0.33950
1.0341	0.33952
1.0343	0.33943
1.0345	0.33936
1.0347	0.33967
1.0349	0.33995
1.0352	0.34005
1.0354	0.34016
1.0356	0.34013
1.0358	0.34014
1.036	0.34035
1.0362	0.34061
1.0364	0.34073
1.0366	0.34091
1.0368	0.34100
1.037	0.34096
1.0372	0.34100
1.0374	0.34123
1.0376	0.34142
1.0378	0.34153
1.0381	0.34151
1.0383	0.34161
1.0385	0.34192
1.0387	0.34216
1.0389	0.34210
1.0391	0.34209
1.0393	0.34226
1.0395	0.34257
1.0397	0.34265
1.0399	0.34263
1.0401	0.34289
1.0403	0.34316
1.0406	0.34327
1.0408	0.34344
1.041	0.34336
1.0412	0.34339
1.0414	0.34350
1.0416	0.34359
1.0418	0.34389
1.042	0.34398
1.0422	0.34385
1.0424	0.34384
1.0426	0.34378
1.0428	0.34389
1.0431	0.34417
1.0433	0.34452
1.0435	0.34466
1.0437	0.34463
1.0439	0.34469
1.0441	0.34482
1.0443	0.34479
1.0445	0.34483
1.0448	0.34509
1.045	0.34549
1.0452	0.34566
1.0454	0.34562
1.0456	0.34566
1.0458	0.34555
1.046	0.34564
1.0462	0.34579
1.0464	0.34579
1.0466	0.34598
1.0469	0.34638
1.0471	0.34659
1.0473	0.34655
1.0475	0.34665
1.0477	0.34673
1.0479	0.34667
1.0481	0.34671
1.0483	0.34681
1.0486	0.34703
1.0488	0.34738
1.049	0.34732
1.0492	0.34715
1.0494	0.34732
1.0496	0.34755
1.0498	0.34781
1.05	0.34789
1.0503	0.34785
1.0505	0.34777
1.0507	0.34794
1.0509	0.34817
1.0511	0.34825
1.0513	0.34837
1.0515	0.34849
1.0517	0.34877
1.0519	0.34880
1.0522	0.34858
1.0524	0.34871
1.0526	0.34905
1.0528	0.34920
1.053	0.34926
1.0532	0.34921
1.0534	0.34926
1.0537	0.34940
1.0539	0.34950
1.0541	0.34973
1.0543	0.34992
1.0545	0.35015
1.0547	0.35032
1.0549	0.35019
1.0552	0.35011
1.0554	0.35025
1.0556	0.35039
1.0558	0.35050
1.056	0.35065
1.0562	0.35080
1.0564	0.35081
1.0567	0.35086
1.0569	0.35099
1.0571	0.35108
1.0573	0.35112
1.0575	0.35119
1.0578	0.35125
1.058	0.35140
1.0582	0.35152
1.0584	0.35163
1.0586	0.35184
1.0588	0.35185
1.059	0.35193
1.0593	0.35199
1.0595	0.35232
1.0597	0.35235
1.0599	0.35216
1.0601	0.35231
1.0603	0.35235
1.0606	0.35232
1.0608	0.35243
1.061	0.35255
1.0612	0.35286
1.0614	0.35295
1.0617	0.35307
1.0619	0.35329
1.0621	0.35349
1.0623	0.35357
1.0625	0.35332
1.0627	0.35333
1.0629	0.35348
1.0632	0.35354
1.0634	0.35350
1.0636	0.35375
1.0638	0.35399
1.064	0.35404
1.0643	0.35412
1.0645	0.35421
1.0647	0.35432
1.0649	0.35438
1.0651	0.35454
1.0653	0.35467
1.0656	0.35470
1.0658	0.35477
1.066	0.35480
1.0662	0.35499
1.0664	0.35501
1.0667	0.35492
1.0669	0.35508
1.0671	0.35541
1.0673	0.35554
1.0676	0.35534
1.0678	0.35543
1.068	0.35564
1.0682	0.35557
1.0684	0.35564
1.0687	0.35579
1.0689	0.35602
1.0691	0.35619
1.0693	0.35622
1.0695	0.35616
1.0698	0.35627
1.07	0.35644
1.0702	0.35649
1.0704	0.35648
1.0706	0.35661
1.0708	0.35675
1.0711	0.35683
1.0713	0.35695
1.0715	0.35703
1.0717	0.35703
1.072	0.35710
1.0722	0.35722
1.0724	0.35741
1.0726	0.35765
1.0728	0.35762
1.0731	0.35754
1.0733	0.35768
1.0735	0.35778
1.0737	0.35783
1.074	0.35788
1.0742	0.35801
1.0744	0.35821
1.0746	0.35824
1.0748	0.35824
1.0751	0.35850
1.0753	0.35869
1.0755	0.35864
1.0757	0.35864
1.076	0.35880
1.0762	0.35881
1.0764	0.35882
1.0766	0.35888
1.0769	0.35893
1.0771	0.35900
1.0773	0.35907
1.0775	0.35919
1.0778	0.35945
1.078	0.35963
1.0782	0.35961
1.0784	0.35969
1.0787	0.35971
1.0789	0.35978
1.0791	0.36005
1.0793	0.36015
1.0796	0.36020
1.0798	0.36018
1.08	0.36018
1.0802	0.36027
1.0804	0.36023
1.0807	0.36027
1.0809	0.36037
1.0811	0.36051
1.0813	0.36056
1.0816	0.36070
1.0818	0.36089
1.082	0.36100
1.0823	0.36095
1.0825	0.36098
1.0827	0.36098
1.0829	0.36107
1.0832	0.36113
1.0834	0.36119
1.0836	0.36126
1.0838	0.36152
1.0841	0.36159
1.0843	0.36164
1.0845	0.36171
1.0848	0.36178
1.085	0.36203
1.0852	0.36213
1.0854	0.36194
1.0857	0.36184
1.0859	0.36202
1.0861	0.36223
1.0863	0.36231
1.0866	0.36230
1.0868	0.36232
1.087	0.36248
1.0873	0.36268
1.0875	0.36272
1.0877	0.36268
1.0879	0.36272
1.0882	0.36282
1.0884	0.36281
1.0886	0.36291
1.0888	0.36317
1.0891	0.36326
1.0893	0.36329
1.0895	0.36341
1.0898	0.36351
1.09	0.36344
1.0902	0.36344
1.0904	0.36362
1.0907	0.36374
1.0909	0.36391
1.0911	0.36394
1.0914	0.36385
1.0916	0.36397
1.0918	0.36420
1.0921	0.36434
1.0923	0.36434
1.0925	0.36431
1.0928	0.36448
1.093	0.36458
1.0932	0.36450
1.0934	0.36450
1.0937	0.36467
1.0939	0.36482
1.0941	0.36494
1.0944	0.36489
1.0946	0.36476
1.0948	0.36485
1.0951	0.36505
1.0953	0.36505
1.0955	0.36514
1.0958	0.36535
1.096	0.36539
1.0962	0.36536
1.0964	0.36544
1.0967	0.36547
1.0969	0.36570
1.0971	0.36587
1.0974	0.36577
1.0976	0.36572
1.0978	0.36579
1.0981	0.36590
1.0983	0.36595
1.0985	0.36611
1.0988	0.36624
1.099	0.36629
1.0992	0.36642
1.0995	0.36655
1.0997	0.36656
1.0999	0.36655
1.1002	0.36660
1.1004	0.36661
1.1006	0.36671
1.1009	0.36672
1.1011	0.36667
1.1013	0.36679
1.1016	0.36695
1.1018	0.36714
1.102	0.36725
1.1023	0.36729
1.1025	0.36728
1.1027	0.36722
1.103	0.36723
1.1032	0.36720
1.1034	0.36730
1.1037	0.36753
1.1039	0.36769
1.1042	0.36776
1.1044	0.36779
1.1046	0.36774
1.1049	0.36776
1.1051	0.36785
1.1053	0.36789
1.1056	0.36785
1.1058	0.36794
1.106	0.36792
1.1063	0.36801
1.1065	0.36817
1.1067	0.36819
1.107	0.36828
1.1072	0.36840
1.1074	0.36837
1.1077	0.36854
1.1079	0.36858
1.1082	0.36862
1.1084	0.36877
1.1086	0.36883
1.1089	0.36892
1.1091	0.36897
1.1093	0.36910
1.1096	0.36916
1.1098	0.36911
1.1101	0.36912
1.1103	0.36915
1.1105	0.36924
1.1108	0.36936
1.111	0.36939
1.1113	0.36951
1.1115	0.36966
1.1117	0.36974
1.112	0.36970
1.1122	0.36973
1.1124	0.36976
1.1127	0.36971
1.1129	0.36971
1.1132	0.36987
1.1134	0.37005
1.1136	0.37005
1.1139	0.37012
1.1141	0.37026
1.1143	0.37028
1.1146	0.37018
1.1148	0.37028
1.1151	0.37043
1.1153	0.37049
1.1156	0.37065
1.1158	0.37068
1.116	0.37069
1.1163	0.37074
1.1165	0.37086
1.1168	0.37089
1.117	0.37096
1.1172	0.37106
1.1175	0.37109
1.1177	0.37103
1.118	0.37106
1.1182	0.37115
1.1184	0.37116
1.1187	0.37117
1.1189	0.37128
1.1192	0.37146
1.1194	0.37158
1.1197	0.37162
1.1199	0.37153
1.1201	0.37152
1.1204	0.37166
1.1206	0.37180
1.1209	0.37173
1.1211	0.37173
1.1213	0.37189
1.1216	0.37199
1.1218	0.37209
1.1221	0.37216
1.1223	0.37214
1.1226	0.37205
1.1228	0.37211
1.123	0.37230
1.1233	0.37233
1.1235	0.37223
1.1238	0.37231
1.124	0.37251
1.1243	0.37260
1.1245	0.37256
1.1248	0.37261
1.125	0.37267
1.1252	0.37280
1.1255	0.37287
1.1257	0.37296
1.126	0.37302
1.1262	0.37306
1.1265	0.37299
1.1267	0.37303
1.1269	0.37321
1.1272	0.37324
1.1274	0.37322
1.1277	0.37326
1.1279	0.37334
1.1282	0.37335
1.1284	0.37342
1.1287	0.37353
1.1289	0.37357
1.1292	0.37362
1.1294	0.37374
1.1297	0.37376
1.1299	0.37374
1.1301	0.37376
1.1304	0.37383
1.1306	0.37393
1.1309	0.37403
1.1311	0.37414
1.1314	0.37416
1.1316	0.37397
1.1319	0.37393
1.1321	0.37418
1.1324	0.37430
1.1326	0.37437
1.1329	0.37444
1.1331	0.37456
1.1333	0.37465
1.1336	0.37475
1.1338	0.37474
1.1341	0.37470
1.1343	0.37481
1.1346	0.37486
1.1348	0.37479
1.1351	0.37487
1.1353	0.37499
1.1356	0.37500
1.1358	0.37499
1.1361	0.37503
1.1363	0.37507
1.1366	0.37502
1.1368	0.37513
1.1371	0.37514
1.1373	0.37520
1.1376	0.37533
1.1378	0.37528
1.1381	0.37532
1.1383	0.37552
1.1386	0.37563
1.1388	0.37571
1.1391	0.37566
1.1393	0.37564
1.1396	0.37564
1.1398	0.37574
1.1401	0.37579
1.1403	0.37575
1.1406	0.37577
1.1408	0.37585
1.1411	0.37596
1.1413	0.37613
1.1416	0.37625
1.1418	0.37617
1.1421	0.37616
1.1423	0.37616
1.1426	0.37621
1.1428	0.37635
1.1431	0.37646
1.1433	0.37650
1.1436	0.37644
1.1439	0.37648
1.1441	0.37656
1.1444	0.37659
1.1446	0.37671
1.1449	0.37678
1.1451	0.37674
1.1454	0.37678
1.1456	0.37683
1.1459	0.37687
1.1461	0.37688
1.1464	0.37690
1.1466	0.37688
1.1469	0.37695
1.1472	0.37711
1.1474	0.37722
1.1477	0.37717
1.1479	0.37723
1.1482	0.37733
1.1484	0.37728
1.1487	0.37726
1.1489	0.37720
1.1492	0.37730
1.1494	0.37752
1.1497	0.37766
1.1499	0.37772
1.1502	0.37767
1.1504	0.37759
1.1507	0.37768
1.151	0.37779
1.1512	0.37775
1.1515	0.37775
1.1517	0.37782
1.152	0.37787
1.1522	0.37793
1.1525	0.37794
1.1528	0.37797
1.153	0.37807
1.1533	0.37819
1.1535	0.37821
1.1538	0.37816
1.154	0.37816
1.1543	0.37819
1.1546	0.37832
1.1548	0.37837
1.1551	0.37827
1.1553	0.37830
1.1556	0.37840
1.1558	0.37852
1.1561	0.37867
1.1564	0.37865
1.1566	0.37866
1.1569	0.37877
1.1571	0.37881
1.1574	0.37884
1.1577	0.37891
1.1579	0.37881
1.1582	0.37885
1.1584	0.37893
1.1587	0.37895
1.1589	0.37909
1.1592	0.37924
1.1595	0.37924
1.1597	0.37913
1.16	0.37914
1.1602	0.37921
1.1605	0.37923
1.1608	0.37924
1.161	0.37937
1.1613	0.37942
1.1615	0.37948
1.1618	0.37957
1.1621	0.37957
1.1623	0.37947
1.1626	0.37956
1.1628	0.37960
1.1631	0.37963
1.1634	0.37971
1.1636	0.37964
1.1639	0.37973
1.1642	0.37986
1.1644	0.37990
1.1647	0.37994
1.1649	0.38004
1.1652	0.38004
1.1654	0.38001
1.1657	0.38001
1.166	0.38001
1.1662	0.38011
1.1665	0.38015
1.1668	0.38030
1.167	0.38041
1.1673	0.38030
1.1676	0.38027
1.1678	0.38038
1.1681	0.38038
1.1683	0.38038
1.1686	0.38038
1.1689	0.38049
1.1691	0.38061
1.1694	0.38064
1.1697	0.38073
1.1699	0.38079
1.1702	0.38082
1.1704	0.38083
1.1707	0.38073
1.171	0.38072
1.1713	0.38084
1.1715	0.38085
1.1718	0.38085
1.172	0.38093
1.1723	0.38101
1.1726	0.38107
1.1728	0.38113
1.1731	0.38119
1.1734	0.38121
1.1736	0.38126
1.1739	0.38133
1.1742	0.38138
1.1744	0.38145
1.1747	0.38152
1.175	0.38151
1.1752	0.38155
1.1755	0.38151
1.1758	0.38141
1.176	0.38141
1.1763	0.38156
1.1766	0.38171
1.1768	0.38174
1.1771	0.38170
1.1774	0.38167
1.1776	0.38175
1.1779	0.38185
1.1782	0.38189
1.1784	0.38196
1.1787	0.38202
1.179	0.38208
1.1792	0.38208
1.1795	0.38207
1.1798	0.38214
1.18	0.38219
1.1803	0.38223
1.1806	0.38227
1.1808	0.38221
1.1811	0.38219
1.1814	0.38230
1.1817	0.38237
1.1819	0.38253
1.1822	0.38263
1.1825	0.38253
1.1827	0.38255
1.183	0.38262
1.1833	0.38257
1.1835	0.38254
1.1838	0.38252
1.1841	0.38252
1.1844	0.38267
1.1846	0.38291
1.1849	0.38297
1.1852	0.38290
1.1854	0.38290
1.1857	0.38292
1.186	0.38290
1.1863	0.38298
1.1865	0.38307
1.1868	0.38306
1.1871	0.38305
1.1873	0.38310
1.1876	0.38324
1.1879	0.38331
1.1882	0.38331
1.1884	0.38322
1.1887	0.38321
1.189	0.38337
1.1893	0.38342
1.1895	0.38338
1.1898	0.38339
1.1901	0.38351
1.1903	0.38358
1.1906	0.38351
1.1909	0.38361
1.1912	0.38366
1.1914	0.38366
1.1917	0.38372
1.192	0.38375
1.1923	0.38382
1.1925	0.38385
1.1928	0.38392
1.1931	0.38398
1.1933	0.38402
1.1936	0.38401
1.1939	0.38406
1.1942	0.38409
1.1944	0.38401
1.1947	0.38408
1.195	0.38423
1.1953	0.38430
1.1956	0.38424
1.1958	0.38426
1.1961	0.38437
1.1964	0.38442
1.1967	0.38443
1.1969	0.38438
1.1972	0.38443
1.1975	0.38447
1.1978	0.38447
1.198	0.38445
1.1983	0.38455
1.1986	0.38474
1.1989	0.38473
1.1992	0.38480
1.1994	0.38493
1.1997	0.38485
1.2	0.38480
1.2003	0.38488
1.2005	0.38489
1.2008	0.38490
1.2011	0.38497
1.2014	0.38496
1.2017	0.38493
1.2019	0.38501
1.2022	0.38508
1.2025	0.38502
1.2028	0.38511
1.203	0.38519
1.2033	0.38520
1.2036	0.38528
1.2039	0.38534
1.2042	0.38545
1.2044	0.38550
1.2047	0.38538
1.205	0.38541
1.2053	0.38546
1.2056	0.38548
1.2058	0.38563
1.2061	0.38567
1.2064	0.38565
1.2067	0.38565
1.207	0.38562
1.2072	0.38574
1.2075	0.38588
1.2078	0.38591
1.2081	0.38594
1.2084	0.38590
1.2087	0.38591
1.2089	0.38590
1.2092	0.38584
1.2095	0.38596
1.2098	0.38607
1.2101	0.38605
1.2103	0.38603
1.2106	0.38614
1.2109	0.38614
1.2112	0.38614
1.2115	0.38616
1.2118	0.38619
1.212	0.38622
1.2123	0.38625
1.2126	0.38639
1.2129	0.38660
1.2132	0.38665
1.2135	0.38655
1.2137	0.38652
1.214	0.38660
1.2143	0.38660
1.2146	0.38660
1.2149	0.38663
1.2152	0.38678
1.2154	0.38682
1.2157	0.38679
1.216	0.38685
1.2163	0.38679
1.2166	0.38678
1.2169	0.38692
1.2172	0.38697
1.2174	0.38694
1.2177	0.38695
1.218	0.38705
1.2183	0.38705
1.2186	0.38714
1.2189	0.38717
1.2192	0.38712
1.2194	0.38721
1.2197	0.38738
1.22	0.38740
1.2203	0.38739
1.2206	0.38746
1.2209	0.38746
1.2212	0.38742
1.2215	0.38744
1.2218	0.38760
1.222	0.38765
1.2223	0.38767
1.2226	0.38772
1.2229	0.38768
1.2232	0.38769
1.2235	0.38769
1.2238	0.38771
1.2241	0.38773
1.2243	0.38782
1.2246	0.38794
1.2249	0.38801
1.2252	0.38805
1.2255	0.38806
1.2258	0.38798
1.2261	0.38803
1.2264	0.38808
1.2267	0.38811
1.227	0.38816
1.2273	0.38820
1.2275	0.38827
1.2278	0.38825
1.2281	0.38822
1.2284	0.38826
1.2287	0.38834
1.229	0.38839
1.2293	0.38840
1.2296	0.38843
1.2299	0.38849
1.2302	0.38853
1.2304	0.38854
1.2307	0.38852
1.231	0.38852
1.2313	0.38858
1.2316	0.38861
1.2319	0.38869
1.2322	0.38877
1.2325	0.38885
1.2328	0.38888
1.2331	0.38889
1.2334	0.38896
1.2337	0.38897
1.234	0.38901
1.2343	0.38904
1.2346	0.38905
1.2348	0.38907
1.2351	0.38907
1.2354	0.38916
1.2357	0.38919
1.236	0.38919
1.2363	0.38920
1.2366	0.38929
1.2369	0.38930
1.2372	0.38928
1.2375	0.38941
1.2378	0.38947
1.2381	0.38941
1.2384	0.38937
1.2387	0.38941
1.239	0.38955
1.2393	0.38967
1.2396	0.38967
1.2399	0.38960
1.2402	0.38966
1.2405	0.38971
1.2408	0.38976
1.2411	0.38982
1.2413	0.38986
1.2417	0.38989
1.2419	0.38989
1.2422	0.38989
1.2425	0.39000
1.2428	0.39008
1.2431	0.39011
1.2434	0.39013
1.2437	0.39015
1.244	0.39013
1.2443	0.39010
1.2446	0.39010
1.2449	0.39017
1.2452	0.39038
1.2455	0.39049
1.2458	0.39046
1.2461	0.39045
1.2464	0.39053
1.2467	0.39061
1.247	0.39072
1.2473	0.39075
1.2476	0.39073
1.2479	0.39073
1.2482	0.39081
1.2485	0.39090
1.2488	0.39087
1.2491	0.39083
1.2494	0.39083
1.2497	0.39087
1.25	0.39088
1.2503	0.39090
1.2506	0.39094
1.2509	0.39105
1.2512	0.39115
1.2515	0.39113
1.2518	0.39115
1.2521	0.39117
1.2524	0.39112
1.2528	0.39114
1.2531	0.39128
1.2533	0.39126
1.2537	0.39122
1.254	0.39128
1.2543	0.39141
1.2546	0.39145
1.2549	0.39151
1.2552	0.39155
1.2555	0.39157
1.2558	0.39156
1.2561	0.39154
1.2564	0.39158
1.2567	0.39163
1.257	0.39169
1.2573	0.39175
1.2576	0.39175
1.2579	0.39179
1.2582	0.39186
1.2585	0.39179
1.2588	0.39177
1.2591	0.39188
1.2594	0.39194
1.2598	0.39198
1.2601	0.39199
1.2604	0.39200
1.2607	0.39206
1.261	0.39211
1.2613	0.39217
1.2616	0.39217
1.2619	0.39217
1.2622	0.39224
1.2625	0.39228
1.2628	0.39232
1.2631	0.39239
1.2634	0.39248
1.2637	0.39247
1.2641	0.39239
1.2644	0.39245
1.2647	0.39248
1.265	0.39247
1.2653	0.39257
1.2656	0.39260
1.2659	0.39266
1.2662	0.39273
1.2665	0.39274
1.2668	0.39276
1.2671	0.39273
1.2674	0.39276
1.2678	0.39286
1.2681	0.39292
1.2684	0.39287
1.2687	0.39287
1.269	0.39298
1.2693	0.39305
1.2696	0.39305
1.2699	0.39306
1.2702	0.39307
1.2706	0.39310
1.2709	0.39315
1.2712	0.39318
1.2715	0.39328
1.2718	0.39329
1.2721	0.39329
1.2724	0.39336
1.2727	0.39341
1.2731	0.39345
1.2734	0.39347
1.2737	0.39351
1.274	0.39361
1.2743	0.39353
1.2746	0.39352
1.2749	0.39361
1.2752	0.39367
1.2756	0.39367
1.2759	0.39367
1.2762	0.39374
1.2765	0.39381
1.2768	0.39378
1.2771	0.39379
1.2774	0.39386
1.2778	0.39391
1.2781	0.39393
1.2784	0.39393
1.2787	0.39403
1.279	0.39406
1.2793	0.39403
1.2797	0.39402
1.28	0.39406
1.2803	0.39413
1.2806	0.39416
1.2809	0.39424
1.2812	0.39434
1.2816	0.39438
1.2819	0.39442
1.2822	0.39444
1.2825	0.39444
1.2828	0.39451
1.2831	0.39462
1.2834	0.39463
1.2838	0.39458
1.2841	0.39466
1.2844	0.39466
1.2847	0.39467
1.285	0.39473
1.2854	0.39480
1.2857	0.39486
1.286	0.39489
1.2863	0.39492
1.2866	0.39495
1.2869	0.39497
1.2873	0.39507
1.2876	0.39512
1.2879	0.39518
1.2882	0.39521
1.2886	0.39513
1.2889	0.39514
1.2892	0.39519
1.2895	0.39526
1.2898	0.39525
1.2902	0.39525
1.2905	0.39526
1.2908	0.39535
1.2911	0.39541
1.2914	0.39536
1.2918	0.39538
1.2921	0.39546
1.2924	0.39555
1.2927	0.39556
1.2931	0.39553
1.2934	0.39554
1.2937	0.39560
1.294	0.39565
1.2943	0.39572
1.2947	0.39579
1.295	0.39582
1.2953	0.39592
1.2956	0.39590
1.296	0.39580
1.2963	0.39579
1.2966	0.39580
1.2969	0.39580
1.2973	0.39588
1.2976	0.39599
1.2979	0.39606
1.2982	0.39613
1.2986	0.39621
1.2989	0.39624
1.2992	0.39620
1.2995	0.39619
1.2999	0.39623
1.3002	0.39626
1.3005	0.39630
1.3008	0.39636
1.3012	0.39635
1.3015	0.39631
1.3018	0.39633
1.3021	0.39641
1.3025	0.39647
1.3028	0.39649
1.3031	0.39660
1.3034	0.39659
1.3038	0.39666
1.3041	0.39672
1.3044	0.39677
1.3048	0.39675
1.3051	0.39675
1.3054	0.39682
1.3058	0.39689
1.3061	0.39686
1.3064	0.39688
1.3067	0.39698
1.3071	0.39701
1.3074	0.39702
1.3077	0.39705
1.3081	0.39707
1.3084	0.39714
1.3087	0.39715
1.3091	0.39709
1.3094	0.39716
1.3097	0.39720
1.31	0.39716
1.3104	0.39723
1.3107	0.39734
1.311	0.39735
1.3114	0.39738
1.3117	0.39741
1.312	0.39744
1.3124	0.39751
1.3127	0.39753
1.313	0.39759
1.3134	0.39768
1.3137	0.39775
1.314	0.39770
1.3144	0.39760
1.3147	0.39762
1.315	0.39774
1.3154	0.39780
1.3157	0.39781
1.316	0.39780
1.3164	0.39782
1.3167	0.39794
1.317	0.39801
1.3174	0.39794
1.3177	0.39797
1.318	0.39806
1.3184	0.39807
1.3187	0.39806
1.319	0.39811
1.3194	0.39814
1.3197	0.39811
1.3201	0.39810
1.3204	0.39818
1.3207	0.39824
1.3211	0.39835
1.3214	0.39837
1.3217	0.39836
1.3221	0.39843
1.3224	0.39850
1.3227	0.39843
1.3231	0.39840
1.3234	0.39848
1.3238	0.39856
1.3241	0.39857
1.3244	0.39859
1.3248	0.39868
1.3251	0.39862
1.3254	0.39856
1.3258	0.39865
1.3261	0.39875
1.3265	0.39878
1.3268	0.39873
1.3271	0.39880
1.3275	0.39884
1.3278	0.39880
1.3282	0.39885
1.3285	0.39896
1.3288	0.39901
1.3292	0.39905
1.3295	0.39905
1.3299	0.39904
1.3302	0.39913
1.3306	0.39914
1.3309	0.39907
1.3312	0.39909
1.3316	0.39914
1.3319	0.39922
1.3323	0.39925
1.3326	0.39928
1.3329	0.39935
1.3333	0.39929
1.3336	0.39932
1.334	0.39943
1.3343	0.39946
1.3347	0.39946
1.335	0.39944
1.3353	0.39948
1.3357	0.39945
1.336	0.39948
1.3364	0.39957
1.3367	0.39960
1.3371	0.39963
1.3374	0.39968
1.3378	0.39975
1.3381	0.39980
1.3384	0.39979
1.3388	0.39971
1.3391	0.39972
1.3395	0.39980
1.3398	0.39990
1.3402	0.39997
1.3405	0.39993
1.3409	0.39996
1.3412	0.40000
1.3416	0.40001
1.3419	0.40003
1.3423	0.40001
1.3426	0.40003
1.3429	0.40010
1.3433	0.40013
1.3437	0.40012
1.344	0.40014
1.3443	0.40018
1.3447	0.40023
1.345	0.40032
1.3454	0.40033
1.3457	0.40030
1.3461	0.40037
1.3464	0.40042
1.3468	0.40046
1.3471	0.40044
1.3475	0.40045
1.3478	0.40044
1.3482	0.40054
1.3485	0.40054
1.3489	0.40050
1.3493	0.40056
1.3496	0.40069
1.3499	0.40075
1.3503	0.40073
1.3507	0.40065
1.351	0.40062
1.3513	0.40065
1.3517	0.40068
1.3521	0.40073
1.3524	0.40079
1.3528	0.40084
1.3531	0.40090
1.3535	0.40094
1.3538	0.40092
1.3542	0.40087
1.3545	0.40091
1.3549	0.40101
1.3552	0.40109
1.3556	0.40107
1.3559	0.40106
1.3563	0.40104
1.3567	0.40107
1.357	0.40113
1.3574	0.40122
1.3577	0.40121
1.3581	0.40119
1.3584	0.40127
1.3588	0.40124
1.3592	0.40119
1.3595	0.40112
1.3599	0.40109
1.3602	0.40108
1.3606	0.40116
1.3609	0.40125
1.3613	0.40126
1.3617	0.40134
1.362	0.40140
1.3624	0.40138
1.3627	0.40135
1.3631	0.40140
1.3634	0.40146
1.3638	0.40154
1.3642	0.40158
1.3645	0.40158
1.3649	0.40163
1.3652	0.40166
1.3656	0.40161
1.3659	0.40153
1.3663	0.40157
1.3667	0.40165
1.367	0.40163
1.3674	0.40161
1.3678	0.40167
1.3681	0.40171
1.3685	0.40167
1.3688	0.40177
1.3692	0.40187
1.3696	0.40182
1.3699	0.40180
1.3703	0.40182
1.3707	0.40184
1.371	0.40186
1.3714	0.40189
1.3717	0.40194
1.3721	0.40193
1.3725	0.40189
1.3728	0.40190
1.3732	0.40195
1.3736	0.40196
1.3739	0.40199
1.3743	0.40199
1.3746	0.40203
1.375	0.40205
1.3754	0.40202
1.3757	0.40201
1.3761	0.40205
1.3765	0.40204
1.3768	0.40199
1.3772	0.40200
1.3776	0.40205
1.3779	0.40211
1.3783	0.40213
1.3787	0.40216
1.379	0.40222
1.3794	0.40224
1.3798	0.40216
1.3801	0.40218
1.3805	0.40224
1.3809	0.40224
1.3812	0.40227
1.3816	0.40230
1.382	0.40241
1.3823	0.40248
1.3827	0.40246
1.3831	0.40238
1.3834	0.40236
1.3838	0.40240
1.3842	0.40242
1.3846	0.40241
1.3849	0.40246
1.3853	0.40251
1.3857	0.40248
1.386	0.40247
1.3864	0.40247
1.3868	0.40250
1.3872	0.40251
1.3875	0.40248
1.3879	0.40244
1.3883	0.40238
1.3886	0.40238
1.389	0.40239
1.3894	0.40222
1.3898	0.40206
1.3901	0.40179
1.3905	0.40110
1.3909	0.39941
1.3912	0.39610
1.3916	0.39266
1.392	0.39232
1.3924	0.39441
1.3927	0.39683
1.3931	0.39896
1.3935	0.40031
1.3939	0.40112
1.3942	0.40161
1.3946	0.40186
1.395	0.40212
1.3954	0.40228
1.3957	0.40233
1.3961	0.40237
1.3965	0.40242
1.3969	0.40234
1.3972	0.40198
1.3976	0.40144
1.398	0.40112
1.3984	0.40134
1.3988	0.40180
1.3991	0.40218
1.3995	0.40242
1.3999	0.40248
1.4003	0.40258
1.4006	0.40273
1.401	0.40278
1.4014	0.40283
1.4018	0.40287
1.4022	0.40285
1.4025	0.40282
1.4029	0.40282
1.4033	0.40289
1.4037	0.40290
1.4041	0.40286
1.4044	0.40286
1.4048	0.40282
1.4052	0.40284
1.4056	0.40293
1.406	0.40299
1.4063	0.40306
1.4067	0.40307
1.4071	0.40299
1.4075	0.40299
1.4079	0.40310
1.4083	0.40316
1.4086	0.40308
1.409	0.40302
1.4094	0.40313
1.4098	0.40318
1.4102	0.40310
1.4106	0.40310
1.4109	0.40317
1.4113	0.40325
1.4117	0.40326
1.4121	0.40320
1.4125	0.40318
1.4128	0.40319
1.4132	0.40316
1.4136	0.40313
1.414	0.40313
1.4144	0.40314
1.4148	0.40315
1.4152	0.40315
1.4156	0.40315
1.4159	0.40320
1.4163	0.40325
1.4167	0.40326
1.4171	0.40327
1.4175	0.40326
1.4179	0.40324
1.4183	0.40324
1.4187	0.40327
1.419	0.40329
1.4194	0.40323
1.4198	0.40328
1.4202	0.40332
1.4206	0.40331
1.421	0.40326
1.4214	0.40326
1.4218	0.40329
1.4222	0.40332
1.4225	0.40331
1.4229	0.40327
1.4233	0.40327
1.4237	0.40332
1.4241	0.40337
1.4245	0.40336
1.4249	0.40336
1.4253	0.40337
1.4257	0.40335
1.4261	0.40336
1.4265	0.40329
1.4268	0.40325
1.4272	0.40333
1.4276	0.40338
1.428	0.40334
1.4284	0.40329
1.4288	0.40332
1.4292	0.40332
1.4296	0.40331
1.43	0.40336
1.4304	0.40339
1.4308	0.40335
1.4312	0.40334
1.4316	0.40337
1.432	0.40334
1.4324	0.40332
1.4328	0.40334
1.4332	0.40331
1.4336	0.40331
1.4339	0.40331
1.4343	0.40328
1.4348	0.40333
1.4351	0.40337
1.4355	0.40332
1.4359	0.40325
1.4363	0.40325
1.4367	0.40332
1.4371	0.40331
1.4375	0.40326
1.4379	0.40324
1.4383	0.40325
1.4387	0.40326
1.4391	0.40322
1.4395	0.40324
1.4399	0.40325
1.4403	0.40328
1.4407	0.40329
1.4411	0.40325
1.4415	0.40323
1.4419	0.40322
1.4423	0.40324
1.4427	0.40329
1.4431	0.40328
1.4435	0.40324
1.4439	0.40323
1.4443	0.40325
1.4447	0.40322
1.4451	0.40322
1.4456	0.40324
1.4459	0.40325
1.4463	0.40316
1.4468	0.40307
1.4472	0.40312
1.4476	0.40312
1.448	0.40312
1.4484	0.40317
1.4488	0.40316
1.4492	0.40315
1.4496	0.40308
1.45	0.40310
1.4504	0.40311
1.4508	0.40310
1.4512	0.40305
1.4516	0.40297
1.452	0.40298
1.4524	0.40301
1.4528	0.40300
1.4532	0.40306
1.4537	0.40308
1.4541	0.40302
1.4545	0.40296
1.4549	0.40289
1.4553	0.40289
1.4557	0.40290
1.4561	0.40293
1.4565	0.40298
1.4569	0.40291
1.4573	0.40285
1.4577	0.40284
1.4582	0.40286
1.4586	0.40285
1.459	0.40283
1.4594	0.40277
1.4598	0.40276
1.4602	0.40277
1.4606	0.40277
1.461	0.40277
1.4614	0.40277
1.4618	0.40279
1.4623	0.40281
1.4627	0.40287
1.4631	0.40285
1.4635	0.40276
1.4639	0.40268
1.4643	0.40270
1.4647	0.40270
1.4652	0.40268
1.4656	0.40267
1.466	0.40267
1.4664	0.40265
1.4668	0.40267
1.4672	0.40267
1.4676	0.40263
1.4681	0.40255
1.4685	0.40255
1.4689	0.40258
1.4693	0.40255
1.4697	0.40250
1.4701	0.40244
1.4706	0.40244
1.471	0.40244
1.4714	0.40240
1.4718	0.40236
1.4722	0.40236
1.4726	0.40233
1.4731	0.40231
1.4735	0.40235
1.4739	0.40231
1.4743	0.40225
1.4747	0.40229
1.4752	0.40229
1.4756	0.40231
1.476	0.40226
1.4764	0.40218
1.4768	0.40212
1.4773	0.40210
1.4777	0.40214
1.4781	0.40219
1.4785	0.40211
1.4789	0.40210
1.4794	0.40206
1.4798	0.40202
1.4802	0.40201
1.4806	0.40199
1.4811	0.40195
1.4815	0.40191
1.4819	0.40188
1.4823	0.40190
1.4828	0.40194
1.4832	0.40193
1.4836	0.40188
1.484	0.40186
1.4844	0.40181
1.4849	0.40175
1.4853	0.40181
1.4857	0.40177
1.4862	0.40168
1.4866	0.40165
1.487	0.40167
1.4874	0.40165
1.4879	0.40160
1.4883	0.40151
1.4887	0.40147
1.4891	0.40150
1.4896	0.40148
1.49	0.40150
1.4904	0.40148
1.4908	0.40138
1.4913	0.40131
1.4917	0.40134
1.4921	0.40137
1.4926	0.40129
1.493	0.40124
1.4934	0.40123
1.4939	0.40126
1.4943	0.40124
1.4947	0.40114
1.4952	0.40108
1.4956	0.40107
1.496	0.40105
1.4964	0.40100
1.4969	0.40094
1.4973	0.40097
1.4977	0.40100
1.4982	0.40093
1.4986	0.40083
1.499	0.40083
1.4995	0.40081
1.4999	0.40076
1.5003	0.40077
1.5008	0.40079
1.5012	0.40070
1.5017	0.40063
1.5021	0.40060
1.5025	0.40057
1.5029	0.40054
1.5034	0.40056
1.5038	0.40052
1.5043	0.40045
1.5047	0.40043
1.5051	0.40038
1.5056	0.40035
1.506	0.40039
1.5064	0.40034
1.5069	0.40021
1.5073	0.40017
1.5078	0.40022
1.5082	0.40022
1.5086	0.40018
1.5091	0.40011
1.5095	0.40004
1.51	0.39999
1.5104	0.39997
1.5108	0.39999
1.5113	0.40002
1.5117	0.39990
1.5122	0.39986
1.5126	0.39983
1.513	0.39975
1.5135	0.39977
1.5139	0.39973
1.5144	0.39969
1.5148	0.39971
1.5153	0.39962
1.5157	0.39956
1.5161	0.39955
1.5166	0.39951
1.517	0.39945
1.5175	0.39938
1.5179	0.39935
1.5184	0.39934
1.5188	0.39937
1.5193	0.39933
1.5197	0.39923
1.5201	0.39918
1.5206	0.39916
1.521	0.39911
1.5215	0.39907
1.5219	0.39903
1.5224	0.39896
1.5228	0.39893
1.5233	0.39891
1.5237	0.39889
1.5242	0.39887
1.5246	0.39883
1.5251	0.39879
1.5255	0.39869
1.5259	0.39863
1.5264	0.39859
1.5268	0.39854
1.5273	0.39852
1.5278	0.39847
1.5282	0.39841
1.5287	0.39836
1.5291	0.39828
1.5296	0.39823
1.53	0.39823
1.5305	0.39821
1.5309	0.39817
1.5314	0.39809
1.5318	0.39799
1.5323	0.39789
1.5327	0.39790
1.5332	0.39797
1.5336	0.39792
1.5341	0.39782
1.5345	0.39770
1.535	0.39766
1.5354	0.39762
1.5359	0.39758
1.5363	0.39753
1.5368	0.39749
1.5373	0.39737
1.5377	0.39727
1.5382	0.39731
1.5386	0.39731
1.5391	0.39726
1.5396	0.39719
1.54	0.39712
1.5405	0.39705
1.5409	0.39699
1.5414	0.39693
1.5418	0.39685
1.5423	0.39679
1.5428	0.39675
1.5432	0.39671
1.5437	0.39667
1.5441	0.39662
1.5446	0.39658
1.5451	0.39652
1.5455	0.39648
1.546	0.39646
1.5464	0.39639
1.5469	0.39632
1.5474	0.39626
1.5478	0.39619
1.5483	0.39613
1.5488	0.39610
1.5492	0.39607
1.5497	0.39601
1.5501	0.39594
1.5506	0.39589
1.5511	0.39586
1.5515	0.39575
1.552	0.39569
1.5524	0.39562
1.5529	0.39558
1.5534	0.39552
1.5538	0.39546
1.5543	0.39542
1.5548	0.39536
1.5553	0.39529
1.5557	0.39521
1.5562	0.39515
1.5567	0.39510
1.5571	0.39503
1.5576	0.39497
1.5581	0.39496
1.5585	0.39494
1.559	0.39486
1.5595	0.39480
1.5599	0.39477
1.5604	0.39469
1.5609	0.39464
1.5613	0.39458
1.5618	0.39450
1.5623	0.39448
1.5628	0.39445
1.5632	0.39436
1.5637	0.39427
1.5642	0.39423
1.5646	0.39417
1.5651	0.39410
1.5656	0.39408
1.5661	0.39404
1.5665	0.39396
1.567	0.39387
1.5675	0.39379
1.5679	0.39372
1.5684	0.39363
1.5689	0.39359
1.5694	0.39358
1.5698	0.39350
1.5703	0.39341
1.5708	0.39337
1.5713	0.39334
1.5718	0.39333
1.5722	0.39326
1.5727	0.39317
1.5732	0.39305
1.5737	0.39294
1.5741	0.39292
1.5746	0.39286
1.5751	0.39281
1.5756	0.39278
1.5761	0.39268
1.5765	0.39258
1.577	0.39254
1.5775	0.39249
1.578	0.39241
1.5784	0.39233
1.5789	0.39225
1.5794	0.39216
1.5799	0.39214
1.5804	0.39214
1.5809	0.39209
1.5813	0.39199
1.5818	0.39189
1.5823	0.39182
1.5828	0.39178
1.5833	0.39171
1.5838	0.39161
1.5842	0.39156
1.5847	0.39154
1.5852	0.39145
1.5857	0.39136
1.5862	0.39131
1.5867	0.39126
1.5872	0.39120
1.5876	0.39109
1.5881	0.39099
1.5886	0.39091
1.5891	0.39084
1.5896	0.39078
1.5901	0.39073
1.5906	0.39069
1.591	0.39061
1.5915	0.39051
1.592	0.39044
1.5925	0.39040
1.593	0.39034
1.5935	0.39029
1.594	0.39023
1.5945	0.39014
1.595	0.39008
1.5954	0.39001
1.5959	0.38990
1.5964	0.38983
1.5969	0.38979
1.5974	0.38974
1.5979	0.38961
1.5984	0.38948
1.5989	0.38942
1.5994	0.38940
1.5999	0.38939
1.6004	0.38930
1.6009	0.38916
1.6014	0.38909
1.6019	0.38907
1.6023	0.38902
1.6028	0.38894
1.6033	0.38886
1.6038	0.38876
1.6043	0.38868
1.6048	0.38861
1.6053	0.38855
1.6058	0.38845
1.6063	0.38840
1.6068	0.38836
1.6073	0.38831
1.6078	0.38824
1.6083	0.38812
1.6088	0.38801
1.6093	0.38796
1.6098	0.38789
1.6103	0.38779
1.6108	0.38772
1.6113	0.38765
1.6118	0.38756
1.6123	0.38753
1.6128	0.38751
1.6133	0.38744
1.6138	0.38737
1.6143	0.38732
1.6148	0.38723
1.6153	0.38717
1.6158	0.38706
1.6163	0.38691
1.6168	0.38684
1.6173	0.38680
1.6178	0.38674
1.6184	0.38670
1.6189	0.38661
1.6194	0.38653
1.6199	0.38646
1.6204	0.38642
1.6209	0.38637
1.6214	0.38629
1.6219	0.38617
1.6224	0.38609
1.6229	0.38599
1.6234	0.38590
1.6239	0.38586
1.6244	0.38579
1.6249	0.38572
1.6255	0.38569
1.626	0.38561
1.6265	0.38549
1.627	0.38538
1.6275	0.38528
1.628	0.38521
1.6285	0.38516
1.629	0.38509
1.6296	0.38504
1.6301	0.38499
1.6306	0.38490
1.6311	0.38484
1.6316	0.38471
1.6321	0.38455
1.6326	0.38445
1.6331	0.38442
1.6337	0.38440
1.6342	0.38435
1.6347	0.38424
1.6352	0.38414
1.6357	0.38408
1.6362	0.38401
1.6368	0.38391
1.6373	0.38385
1.6378	0.38378
1.6383	0.38372
1.6388	0.38368
1.6393	0.38357
1.6398	0.38342
1.6404	0.38333
1.6409	0.38325
1.6414	0.38317
1.6419	0.38312
1.6424	0.38306
1.643	0.38301
1.6435	0.38297
1.644	0.38287
1.6445	0.38275
1.6451	0.38264
1.6456	0.38252
1.6461	0.38244
1.6466	0.38238
1.6472	0.38232
1.6477	0.38227
1.6482	0.38219
1.6487	0.38206
1.6492	0.38199
1.6498	0.38194
1.6503	0.38187
1.6508	0.38179
1.6513	0.38166
1.6519	0.38158
1.6524	0.38151
1.6529	0.38144
1.6534	0.38138
1.654	0.38133
1.6545	0.38129
1.655	0.38123
1.6556	0.38112
1.6561	0.38100
1.6566	0.38088
1.6572	0.38081
1.6577	0.38077
1.6582	0.38072
1.6587	0.38064
1.6593	0.38057
1.6598	0.38050
1.6603	0.38042
1.6609	0.38031
1.6614	0.38019
1.6619	0.38010
1.6625	0.38005
1.663	0.37999
1.6635	0.37989
1.6641	0.37980
1.6646	0.37970
1.6651	0.37969
1.6657	0.37962
1.6662	0.37956
1.6667	0.37952
1.6673	0.37944
1.6678	0.37933
1.6683	0.37925
1.6689	0.37917
1.6694	0.37909
1.67	0.37898
1.6705	0.37889
1.671	0.37883
1.6716	0.37879
1.6721	0.37871
1.6727	0.37861
1.6732	0.37851
1.6737	0.37846
1.6743	0.37838
1.6748	0.37827
1.6754	0.37815
1.6759	0.37804
1.6764	0.37793
1.677	0.37792
1.6775	0.37791
1.6781	0.37781
1.6786	0.37773
1.6792	0.37767
1.6797	0.37762
1.6802	0.37754
1.6808	0.37741
1.6813	0.37732
1.6819	0.37727
1.6824	0.37724
1.683	0.37718
1.6835	0.37709
1.6841	0.37699
1.6846	0.37693
1.6852	0.37688
1.6857	0.37678
1.6863	0.37667
1.6868	0.37660
1.6873	0.37655
1.6879	0.37651
1.6884	0.37646
1.689	0.37638
1.6896	0.37624
1.6901	0.37614
1.6907	0.37607
1.6912	0.37605
1.6918	0.37598
1.6923	0.37587
1.6929	0.37575
1.6934	0.37564
1.694	0.37559
1.6945	0.37557
1.6951	0.37552
1.6956	0.37544
1.6962	0.37534
1.6967	0.37527
1.6973	0.37524
1.6978	0.37513
1.6984	0.37499
1.699	0.37492
1.6995	0.37485
1.7001	0.37479
1.7006	0.37468
1.7012	0.37462
1.7018	0.37461
1.7023	0.37454
1.7029	0.37443
1.7034	0.37437
1.704	0.37433
1.7046	0.37428
1.7051	0.37425
1.7057	0.37419
1.7062	0.37406
1.7068	0.37401
1.7074	0.37394
1.7079	0.37382
1.7085	0.37370
1.709	0.37363
1.7096	0.37360
1.7102	0.37352
1.7107	0.37344
1.7113	0.37338
1.7119	0.37328
1.7124	0.37324
1.713	0.37321
1.7136	0.37313
1.7141	0.37304
1.7147	0.37296
1.7153	0.37290
1.7158	0.37290
1.7164	0.37286
1.717	0.37277
1.7175	0.37267
1.7181	0.37259
1.7187	0.37252
1.7192	0.37244
1.7198	0.37234
1.7204	0.37228
1.721	0.37224
1.7215	0.37218
1.7221	0.37208
1.7227	0.37205
1.7232	0.37202
1.7238	0.37194
1.7244	0.37187
1.725	0.37181
1.7255	0.37178
1.7261	0.37172
1.7267	0.37167
1.7273	0.37158
1.7278	0.37153
1.7284	0.37146
1.729	0.37138
1.7296	0.37139
1.7301	0.37136
1.7307	0.37127
1.7313	0.37121
1.7319	0.37114
1.7325	0.37110
1.733	0.37108
1.7336	0.37102
1.7342	0.37090
1.7348	0.37085
1.7354	0.37079
1.7359	0.37069
1.7365	0.37065
1.7371	0.37061
1.7377	0.37055
1.7383	0.37046
1.7388	0.37040
1.7394	0.37032
1.74	0.37024
1.7406	0.37022
1.7412	0.37020
1.7418	0.37017
1.7423	0.37012
1.7429	0.37008
1.7435	0.37001
1.7441	0.36992
1.7447	0.36987
1.7453	0.36987
1.7459	0.36986
1.7465	0.36974
1.7471	0.36965
1.7476	0.36963
1.7482	0.36957
1.7488	0.36956
1.7494	0.36951
1.75	0.36942
1.7506	0.36939
1.7512	0.36935
1.7518	0.36930
1.7524	0.36923
1.753	0.36915
1.7536	0.36910
1.7541	0.36909
1.7547	0.36904
1.7553	0.36896
1.7559	0.36887
1.7565	0.36883
1.7571	0.36883
1.7577	0.36883
1.7583	0.36877
1.7589	0.36869
1.7595	0.36863
1.7601	0.36860
1.7607	0.36856
1.7613	0.36852
1.7619	0.36845
1.7625	0.36835
1.7631	0.36833
1.7637	0.36836
1.7643	0.36833
1.7649	0.36825
1.7655	0.36819
1.7661	0.36816
1.7667	0.36810
1.7673	0.36805
1.7679	0.36801
1.7685	0.36797
1.7691	0.36798
1.7697	0.36794
1.7703	0.36787
1.7709	0.36781
1.7715	0.36777
1.7721	0.36774
1.7727	0.36771
1.7733	0.36767
1.7739	0.36767
1.7746	0.36761
1.7752	0.36755
1.7758	0.36755
1.7764	0.36755
1.777	0.36753
1.7776	0.36745
1.7782	0.36739
1.7788	0.36740
1.7794	0.36738
1.78	0.36731
1.7807	0.36734
1.7813	0.36734
1.7819	0.36723
1.7825	0.36716
1.7831	0.36716
1.7837	0.36719
1.7843	0.36718
1.7849	0.36714
1.7856	0.36712
1.7862	0.36708
1.7868	0.36707
1.7874	0.36702
1.788	0.36695
1.7886	0.36693
1.7893	0.36694
1.7899	0.36690
1.7905	0.36682
1.7911	0.36679
1.7917	0.36680
1.7923	0.36677
1.793	0.36674
1.7936	0.36673
1.7942	0.36674
1.7948	0.36675
1.7954	0.36671
1.7961	0.36668
1.7967	0.36667
1.7973	0.36666
1.7979	0.36665
1.7986	0.36664
1.7992	0.36658
1.7998	0.36658
1.8004	0.36658
1.8011	0.36655
1.8017	0.36656
1.8023	0.36656
1.8029	0.36651
1.8036	0.36643
1.8042	0.36643
1.8048	0.36647
1.8054	0.36648
1.8061	0.36647
1.8067	0.36645
1.8073	0.36642
1.808	0.36641
1.8086	0.36639
1.8092	0.36643
1.8099	0.36642
1.8105	0.36640
1.8111	0.36641
1.8118	0.36640
1.8124	0.36641
1.813	0.36641
1.8137	0.36639
1.8143	0.36637
1.8149	0.36632
1.8156	0.36633
1.8162	0.36640
1.8168	0.36640
1.8175	0.36636
1.8181	0.36637
1.8188	0.36641
1.8194	0.36644
1.82	0.36644
1.8207	0.36640
1.8213	0.36635
1.8219	0.36635
1.8226	0.36637
1.8232	0.36635
1.8239	0.36636
1.8245	0.36638
1.8252	0.36639
1.8258	0.36642
1.8264	0.36645
1.8271	0.36645
1.8277	0.36645
1.8284	0.36647
1.829	0.36646
1.8297	0.36649
1.8303	0.36653
1.831	0.36654
1.8316	0.36655
1.8323	0.36655
1.8329	0.36656
1.8336	0.36656
1.8342	0.36656
1.8348	0.36661
1.8355	0.36664
1.8361	0.36662
1.8368	0.36662
1.8374	0.36665
1.8381	0.36669
1.8388	0.36673
1.8394	0.36671
1.8401	0.36673
1.8407	0.36674
1.8414	0.36676
1.842	0.36681
1.8427	0.36687
1.8433	0.36687
1.844	0.36685
1.8446	0.36692
1.8453	0.36700
1.8459	0.36703
1.8466	0.36703
1.8473	0.36706
1.8479	0.36710
1.8486	0.36711
1.8492	0.36713
1.8499	0.36716
1.8506	0.36717
1.8512	0.36719
1.8519	0.36724
1.8526	0.36726
1.8532	0.36730
1.8539	0.36735
1.8545	0.36740
1.8552	0.36746
1.8559	0.36746
1.8565	0.36747
1.8572	0.36757
1.8579	0.36762
1.8585	0.36764
1.8592	0.36769
1.8599	0.36774
1.8605	0.36775
1.8612	0.36777
1.8619	0.36784
1.8625	0.36792
1.8632	0.36794
1.8639	0.36794
1.8645	0.36797
1.8652	0.36803
1.8659	0.36813
1.8666	0.36818
1.8672	0.36822
1.8679	0.36829
1.8686	0.36833
1.8692	0.36836
1.8699	0.36842
1.8706	0.36847
1.8713	0.36855
1.8719	0.36859
1.8726	0.36863
1.8733	0.36873
1.874	0.36882
1.8747	0.36885
1.8753	0.36886
1.876	0.36889
1.8767	0.36894
1.8774	0.36903
1.878	0.36915
1.8787	0.36921
1.8794	0.36922
1.8801	0.36930
1.8808	0.36937
1.8814	0.36939
1.8821	0.36942
1.8828	0.36949
1.8835	0.36959
1.8842	0.36965
1.8849	0.36970
1.8856	0.36976
1.8862	0.36985
1.8869	0.36992
1.8876	0.36997
1.8883	0.37007
1.889	0.37015
1.8897	0.37019
1.8904	0.37022
1.8911	0.37031
1.8918	0.37040
1.8924	0.37042
1.8931	0.37047
1.8938	0.37059
1.8945	0.37066
1.8952	0.37070
1.8959	0.37075
1.8966	0.37081
1.8973	0.37089
1.898	0.37097
1.8987	0.37105
1.8994	0.37115
1.9001	0.37123
1.9008	0.37128
1.9015	0.37137
1.9022	0.37149
1.9029	0.37160
1.9036	0.37170
1.9043	0.37176
1.905	0.37176
1.9057	0.37183
1.9064	0.37196
1.9071	0.37201
1.9078	0.37210
1.9085	0.37222
1.9092	0.37234
1.9099	0.37242
1.9106	0.37248
1.9113	0.37255
1.912	0.37264
1.9127	0.37280
1.9134	0.37292
1.9141	0.37301
1.9148	0.37312
1.9155	0.37322
1.9162	0.37330
1.9169	0.37338
1.9176	0.37347
1.9183	0.37355
1.9191	0.37363
1.9198	0.37375
1.9205	0.37385
1.9212	0.37394
1.9219	0.37405
1.9226	0.37419
1.9233	0.37432
1.924	0.37442
1.9248	0.37449
1.9255	0.37460
1.9262	0.37477
1.9269	0.37492
1.9276	0.37499
1.9283	0.37509
1.9291	0.37523
1.9298	0.37533
1.9305	0.37545
1.9312	0.37559
1.9319	0.37568
1.9327	0.37576
1.9334	0.37588
1.9341	0.37602
1.9348	0.37613
1.9355	0.37623
1.9363	0.37640
1.937	0.37656
1.9377	0.37673
1.9384	0.37688
1.9392	0.37700
1.9399	0.37710
1.9406	0.37721
1.9413	0.37731
1.9421	0.37747
1.9428	0.37762
1.9435	0.37774
1.9442	0.37789
1.945	0.37803
1.9457	0.37814
1.9464	0.37824
1.9472	0.37836
1.9479	0.37854
1.9486	0.37869
1.9494	0.37882
1.9501	0.37893
1.9508	0.37905
1.9516	0.37917
1.9523	0.37929
1.953	0.37947
1.9538	0.37964
1.9545	0.37981
1.9552	0.37998
1.956	0.38011
1.9567	0.38025
1.9575	0.38037
1.9582	0.38049
1.9589	0.38063
1.9597	0.38074
1.9604	0.38087
1.9612	0.38104
1.9619	0.38122
1.9626	0.38138
1.9634	0.38153
1.9641	0.38172
1.9649	0.38190
1.9656	0.38202
1.9664	0.38215
1.9671	0.38227
1.9679	0.38240
1.9686	0.38260
1.9693	0.38275
1.9701	0.38290
1.9708	0.38307
1.9716	0.38321
1.9723	0.38338
1.9731	0.38355
1.9738	0.38370
1.9746	0.38385
1.9753	0.38401
1.9761	0.38420
1.9769	0.38431
1.9776	0.38444
1.9784	0.38462
1.9791	0.38476
1.9799	0.38495
1.9806	0.38517
1.9814	0.38531
1.9822	0.38541
1.9829	0.38555
1.9837	0.38574
1.9844	0.38591
1.9852	0.38608
1.9859	0.38625
1.9867	0.38640
1.9875	0.38657
1.9882	0.38675
1.989	0.38696
1.9898	0.38708
1.9905	0.38720
1.9913	0.38744
1.9921	0.38762
1.9928	0.38780
1.9936	0.38798
1.9943	0.38812
1.9951	0.38827
1.9959	0.38843
1.9967	0.38864
1.9974	0.38884
1.9982	0.38901
1.999	0.38915
1.9997	0.38931
2.0005	0.38949
2.0013	0.38966
2.0021	0.38986
2.0028	0.39007
2.0036	0.39026
2.0044	0.39042
2.0052	0.39057
2.0059	0.39074
2.0067	0.39088
2.0075	0.39105
2.0083	0.39125
2.009	0.39142
2.0098	0.39164
2.0106	0.39184
2.0114	0.39201
2.0122	0.39218
2.0129	0.39235
2.0137	0.39251
2.0145	0.39272
2.0153	0.39294
2.0161	0.39312
2.0168	0.39332
2.0176	0.39351
2.0184	0.39370
2.0192	0.39388
2.02	0.39405
2.0208	0.39423
2.0216	0.39444
2.0223	0.39463
2.0231	0.39481
2.0239	0.39504
2.0247	0.39528
2.0255	0.39543
2.0263	0.39554
2.0271	0.39569
2.0279	0.39592
2.0287	0.39616
2.0295	0.39635
2.0303	0.39653
2.0311	0.39676
2.0319	0.39698
2.0327	0.39717
2.0335	0.39733
2.0343	0.39751
2.0351	0.39770
2.0358	0.39787
2.0367	0.39808
2.0374	0.39827
2.0383	0.39843
2.0391	0.39867
2.0399	0.39889
2.0407	0.39902
2.0415	0.39919
2.0423	0.39940
2.0431	0.39959
2.0439	0.39978
2.0447	0.39999
2.0455	0.40022
2.0463	0.40043
2.0471	0.40065
2.0479	0.40084
2.0487	0.40104
2.0495	0.40123
2.0504	0.40139
2.0512	0.40160
2.052	0.40179
2.0528	0.40199
2.0536	0.40215
2.0544	0.40235
2.0552	0.40258
2.056	0.40274
2.0569	0.40293
2.0577	0.40317
2.0585	0.40338
2.0593	0.40356
2.0601	0.40374
2.0609	0.40399
2.0618	0.40421
2.0626	0.40439
2.0634	0.40456
2.0642	0.40477
2.0651	0.40499
2.0659	0.40516
2.0667	0.40530
2.0675	0.40551
2.0683	0.40573
2.0692	0.40594
2.07	0.40614
2.0708	0.40632
2.0716	0.40650
2.0725	0.40668
2.0733	0.40683
2.0741	0.40703
2.075	0.40722
2.0758	0.40746
2.0766	0.40768
2.0775	0.40784
2.0783	0.40801
2.0791	0.40824
2.08	0.40847
2.0808	0.40870
2.0816	0.40890
2.0825	0.40910
2.0833	0.40930
2.0841	0.40950
2.085	0.40968
2.0858	0.40987
2.0866	0.41008
2.0875	0.41032
2.0883	0.41050
2.0892	0.41072
2.09	0.41093
2.0909	0.41115
2.0917	0.41136
2.0926	0.41153
2.0934	0.41176
2.0942	0.41200
2.0951	0.41217
2.0959	0.41234
2.0968	0.41255
2.0976	0.41282
2.0985	0.41305
2.0993	0.41322
2.1002	0.41339
2.101	0.41361
2.1019	0.41381
2.1027	0.41405
2.1036	0.41426
2.1044	0.41447
2.1053	0.41469
2.1061	0.41487
2.107	0.41502
2.1079	0.41519
2.1087	0.41537
2.1096	0.41556
2.1104	0.41574
2.1113	0.41598
2.1121	0.41621
2.113	0.41641
2.1139	0.41660
2.1147	0.41679
2.1156	0.41699
2.1165	0.41724
2.1173	0.41746
2.1182	0.41766
2.1191	0.41785
2.1199	0.41809
2.1208	0.41831
2.1217	0.41852
2.1225	0.41874
2.1234	0.41897
2.1243	0.41912
2.1251	0.41929
2.126	0.41951
2.1269	0.41968
2.1278	0.41986
2.1286	0.42006
2.1295	0.42027
2.1304	0.42049
2.1313	0.42069
2.1321	0.42087
2.133	0.42109
2.1339	0.42129
2.1348	0.42149
2.1356	0.42172
2.1365	0.42193
2.1374	0.42211
2.1383	0.42229
2.1392	0.42250
2.1401	0.42269
2.1409	0.42292
2.1418	0.42314
2.1427	0.42333
2.1436	0.42349
2.1445	0.42372
2.1454	0.42396
2.1463	0.42416
2.1471	0.42439
2.148	0.42459
2.1489	0.42479
2.1498	0.42499
2.1507	0.42517
2.1516	0.42538
2.1525	0.42560
2.1534	0.42578
2.1543	0.42593
2.1552	0.42608
2.1561	0.42628
2.157	0.42652
2.1579	0.42671
2.1588	0.42685
2.1597	0.42702
2.1606	0.42722
2.1615	0.42740
2.1624	0.42761
2.1633	0.42782
2.1642	0.42800
2.1651	0.42820
2.166	0.42842
2.1669	0.42859
2.1678	0.42873
2.1687	0.42892
2.1696	0.42911
2.1705	0.42926
2.1714	0.42943
2.1723	0.42964
2.1732	0.42986
2.1741	0.43003
2.1751	0.43017
2.176	0.43034
2.1769	0.43052
2.1778	0.43067
2.1787	0.43087
2.1796	0.43106
2.1806	0.43129
2.1815	0.43147
2.1824	0.43164
2.1833	0.43180
2.1842	0.43199
2.1851	0.43219
2.1861	0.43236
2.187	0.43253
2.1879	0.43267
2.1888	0.43286
2.1898	0.43306
2.1907	0.43316
2.1916	0.43331
2.1925	0.43352
2.1935	0.43368
2.1944	0.43384
2.1953	0.43400
2.1963	0.43420
2.1972	0.43441
2.1981	0.43458
2.1991	0.43473
2.2	0.43488
2.2009	0.43504
2.2019	0.43520
2.2028	0.43535
2.2037	0.43552
2.2047	0.43568
2.2056	0.43582
2.2065	0.43601
2.2075	0.43616
2.2084	0.43631
2.2094	0.43651
2.2103	0.43674
2.2112	0.43686
2.2122	0.43698
2.2131	0.43714
2.2141	0.43727
2.215	0.43746
2.216	0.43765
2.2169	0.43778
2.2179	0.43793
2.2188	0.43809
2.2198	0.43825
2.2207	0.43840
2.2217	0.43853
2.2226	0.43865
2.2236	0.43879
2.2245	0.43888
2.2255	0.43899
2.2264	0.43913
2.2274	0.43926
2.2284	0.43936
2.2293	0.43948
2.2303	0.43959
2.2312	0.43971
2.2322	0.43984
2.2331	0.43996
2.2341	0.44009
2.2351	0.44024
2.236	0.44040
2.237	0.44054
2.238	0.44065
2.2389	0.44077
2.2399	0.44086
2.2409	0.44093
2.2418	0.44105
2.2428	0.44121
2.2438	0.44133
2.2448	0.44142
2.2457	0.44144
2.2467	0.44151
2.2477	0.44164
2.2486	0.44173
2.2496	0.44188
2.2506	0.44202
2.2516	0.44214
2.2526	0.44220
2.2535	0.44225
2.2545	0.44242
2.2555	0.44256
2.2565	0.44265
2.2575	0.44271
2.2584	0.44282
2.2594	0.44293
2.2604	0.44303
2.2614	0.44307
2.2624	0.44314
2.2634	0.44326
2.2644	0.44335
2.2654	0.44342
2.2663	0.44350
2.2673	0.44348
2.2683	0.44350
2.2693	0.44355
2.2703	0.44365
2.2713	0.44368
2.2723	0.44369
2.2733	0.44375
2.2743	0.44379
2.2753	0.44379
2.2763	0.44376
2.2773	0.44379
2.2783	0.44383
2.2793	0.44376
2.2803	0.44369
2.2813	0.44363
2.2823	0.44355
2.2833	0.44339
2.2843	0.44319
2.2853	0.44299
2.2863	0.44270
2.2873	0.44230
2.2883	0.44188
2.2894	0.44155
2.2904	0.44142
2.2914	0.44150
2.2924	0.44184
2.2934	0.44228
2.2944	0.44268
2.2954	0.44305
2.2964	0.44333
2.2975	0.44340
2.2985	0.44333
2.2995	0.44329
2.3005	0.44320
2.3016	0.44315
2.3026	0.44314
2.3036	0.44304
2.3046	0.44280
2.3056	0.44247
2.3067	0.44200
2.3077	0.44142
2.3087	0.44085
2.3098	0.44031
2.3108	0.43972
2.3118	0.43919
2.3128	0.43882
2.3139	0.43882
2.3149	0.43928
2.3159	0.44014
2.317	0.44131
2.318	0.44248
2.3191	0.44340
2.3201	0.44404
2.3211	0.44451
2.3222	0.44491
2.3232	0.44530
2.3243	0.44570
2.3253	0.44627
2.3263	0.44693
2.3274	0.44757
2.3284	0.44813
2.3295	0.44865
2.3305	0.44909
2.3316	0.44946
2.3326	0.44980
2.3337	0.45006
2.3347	0.45026
2.3358	0.45052
2.3368	0.45078
2.3379	0.45094
2.3389	0.45108
2.34	0.45123
2.341	0.45139
2.3421	0.45153
2.3431	0.45169
2.3442	0.45185
2.3453	0.45193
2.3463	0.45201
2.3474	0.45211
2.3485	0.45220
2.3495	0.45224
2.3506	0.45233
2.3517	0.45244
2.3527	0.45250
2.3538	0.45256
2.3549	0.45264
2.3559	0.45275
2.357	0.45289
2.3581	0.45301
2.3591	0.45316
2.3602	0.45330
2.3613	0.45341
2.3624	0.45344
2.3634	0.45353
2.3645	0.45363
2.3656	0.45368
2.3667	0.45371
2.3678	0.45373
2.3689	0.45376
2.3699	0.45379
2.371	0.45377
2.3721	0.45369
2.3732	0.45361
2.3743	0.45352
2.3754	0.45337
2.3764	0.45328
2.3775	0.45325
2.3786	0.45320
2.3797	0.45311
2.3808	0.45304
2.3819	0.45294
2.383	0.45280
2.3841	0.45274
2.3852	0.45277
2.3863	0.45278
2.3874	0.45286
2.3885	0.45300
2.3896	0.45302
2.3907	0.45303
2.3918	0.45315
2.3929	0.45341
2.394	0.45377
2.3951	0.45410
2.3962	0.45435
2.3973	0.45467
2.3984	0.45509
2.3995	0.45553
2.4006	0.45596
2.4018	0.45637
2.4029	0.45673
2.404	0.45698
2.4051	0.45715
2.4062	0.45730
2.4073	0.45744
2.4085	0.45757
2.4096	0.45776
2.4107	0.45792
2.4118	0.45801
2.4129	0.45805
2.4141	0.45809
2.4152	0.45815
2.4163	0.45830
2.4174	0.45840
2.4186	0.45842
2.4197	0.45847
2.4208	0.45855
2.422	0.45860
2.4231	0.45866
2.4242	0.45866
2.4254	0.45863
2.4265	0.45866
2.4276	0.45875
2.4288	0.45887
2.4299	0.45904
2.4311	0.45919
2.4322	0.45925
2.4333	0.45923
2.4345	0.45922
2.4356	0.45925
2.4368	0.45933
2.4379	0.45935
2.4391	0.45943
2.4402	0.45948
2.4414	0.45949
2.4425	0.45953
2.4436	0.45962
2.4448	0.45969
2.4459	0.45973
2.4471	0.45977
2.4483	0.45983
2.4494	0.45990
2.4506	0.45999
2.4517	0.46002
2.4529	0.46003
2.4541	0.46001
2.4552	0.46005
2.4564	0.46004
2.4576	0.46002
2.4587	0.45998
2.4599	0.45992
2.4611	0.45986
2.4622	0.45984
2.4634	0.45986
2.4646	0.45991
2.4657	0.45993
2.4669	0.45998
2.4681	0.46007
2.4693	0.46015
2.4704	0.46030
2.4716	0.46049
2.4728	0.46063
2.474	0.46078
2.4751	0.46091
2.4763	0.46104
2.4775	0.46114
2.4787	0.46130
2.4799	0.46139
2.4811	0.46144
2.4823	0.46144
2.4834	0.46151
2.4846	0.46163
2.4858	0.46174
2.487	0.46183
2.4882	0.46193
2.4894	0.46198
2.4906	0.46198
2.4918	0.46198
2.493	0.46204
2.4942	0.46208
2.4954	0.46210
2.4966	0.46211
2.4978	0.46221
2.499	0.46232
2.5002	0.46242
2.5014	0.46255
2.5026	0.46272
2.5038	0.46282
2.505	0.46293
2.5063	0.46307
2.5075	0.46317
2.5087	0.46320
2.5099	0.46327
2.5111	0.46333
2.5123	0.46337
2.5135	0.46343
2.5148	0.46351
2.516	0.46355
2.5172	0.46364
2.5184	0.46377
2.5196	0.46390
2.5209	0.46402
2.5221	0.46414
2.5233	0.46426
2.5246	0.46439
2.5258	0.46446
2.527	0.46444
2.5282	0.46445
2.5295	0.46459
2.5307	0.46472
2.5319	0.46485
2.5332	0.46499
2.5344	0.46512
2.5357	0.46522
2.5369	0.46534
2.5381	0.46538
2.5394	0.46542
2.5406	0.46549
2.5419	0.46571
2.5431	0.46589
2.5444	0.46601
2.5456	0.46611
2.5469	0.46620
2.5481	0.46623
2.5494	0.46627
2.5506	0.46629
2.5519	0.46632
2.5531	0.46638
2.5544	0.46644
2.5556	0.46649
2.5569	0.46657
2.5582	0.46664
2.5594	0.46670
2.5607	0.46689
2.562	0.46708
2.5632	0.46713
2.5645	0.46718
2.5658	0.46718
2.567	0.46718
2.5683	0.46725
2.5696	0.46734
2.5709	0.46749
2.5721	0.46763
2.5734	0.46769
2.5747	0.46775
2.576	0.46772
2.5773	0.46780
2.5785	0.46794
2.5798	0.46809
2.5811	0.46816
2.5824	0.46830
2.5837	0.46844
2.585	0.46859
2.5862	0.46863
2.5875	0.46872
2.5888	0.46877
2.5901	0.46886
2.5914	0.46900
2.5927	0.46915
2.594	0.46932
2.5953	0.46956
2.5966	0.46955
2.5979	0.46943
2.5992	0.46940
2.6005	0.46951
2.6018	0.46962
2.6031	0.46971
2.6044	0.46981
2.6057	0.46997
2.6071	0.47008
2.6084	0.47013
2.6097	0.47015
2.611	0.47024
2.6123	0.47024
2.6136	0.47027
2.6149	0.47035
2.6163	0.47044
2.6176	0.47053
2.6189	0.47062
2.6202	0.47061
2.6216	0.47071
2.6229	0.47068
2.6242	0.47068
2.6255	0.47074
2.6269	0.47082
2.6282	0.47095
2.6295	0.47105
2.6309	0.47115
2.6322	0.47125
2.6335	0.47119
2.6349	0.47118
2.6362	0.47118
2.6376	0.47120
2.6389	0.47122
2.6402	0.47131
2.6416	0.47132
2.6429	0.47139
2.6443	0.47147
2.6456	0.47155
2.647	0.47145
2.6483	0.47142
2.6497	0.47143
2.651	0.47154
2.6524	0.47158
2.6538	0.47156
2.6551	0.47152
2.6565	0.47150
2.6578	0.47142
2.6592	0.47138
2.6606	0.47129
2.6619	0.47127
2.6633	0.47115
2.6647	0.47099
2.666	0.47067
2.6674	0.46994
2.6688	0.46880
2.6701	0.46785
2.6715	0.46718
2.6729	0.46664
2.6743	0.46618
2.6756	0.46590
2.677	0.46554
2.6784	0.46508
2.6798	0.46442
2.6812	0.46367
2.6826	0.46270
2.684	0.46178
2.6854	0.46069
2.6868	0.45961
2.6881	0.45851
2.6895	0.45752
2.6909	0.45640
2.6923	0.45541
2.6937	0.45453
2.6951	0.45378
2.6965	0.45288
2.6979	0.45217
2.6993	0.45132
2.7007	0.45052
2.7021	0.44934
2.7036	0.44808
2.705	0.44646
2.7064	0.44477
2.7078	0.44266
2.7092	0.44038
2.7106	0.43731
2.712	0.43346
2.7135	0.42769
2.7149	0.41877
2.7163	0.40004
2.7177	0.35826
2.7191	0.29620
2.7206	0.26829
2.722	0.29426
2.7234	0.33112
2.7249	0.35741
2.7263	0.37279
2.7277	0.38350
2.7292	0.38438
2.7306	0.36845
2.732	0.35381
2.7335	0.36517
2.7349	0.38304
2.7364	0.39204
2.7378	0.39574
2.7393	0.39855
2.7407	0.40060
2.7422	0.40162
2.7436	0.40077
2.7451	0.40001
2.7465	0.40143
2.748	0.40307
2.7494	0.40326
2.7509	0.40288
2.7523	0.40171
2.7538	0.40104
2.7553	0.40131
2.7567	0.40137
2.7582	0.40064
2.7597	0.39989
2.7611	0.39941
2.7626	0.39930
2.7641	0.39917
2.7656	0.39890
2.767	0.39837
2.7685	0.39777
2.77	0.39706
2.7715	0.39643
2.7729	0.39573
2.7744	0.39513
2.7759	0.39468
2.7774	0.39448
2.7789	0.39409
2.7804	0.39362
2.7819	0.39306
2.7834	0.39242
2.7849	0.39152
2.7864	0.39088
2.7879	0.39084
2.7894	0.39104
2.7909	0.39087
2.7924	0.39051
2.7939	0.39009
2.7954	0.38975
2.7969	0.38934
2.7984	0.38891
2.7999	0.38847
2.8014	0.38800
2.8029	0.38748
2.8044	0.38698
2.806	0.38637
2.8075	0.38584
2.809	0.38539
2.8105	0.38501
2.8121	0.38459
2.8136	0.38422
2.8151	0.38389
2.8166	0.38362
2.8182	0.38324
2.8197	0.38284
2.8212	0.38252
2.8228	0.38231
2.8243	0.38201
2.8258	0.38166
2.8274	0.38128
2.8289	0.38091
2.8305	0.38055
2.832	0.38029
2.8336	0.37990
2.8351	0.37940
2.8367	0.37898
2.8382	0.37867
2.8398	0.37830
2.8413	0.37795
2.8429	0.37762
2.8444	0.37740
2.846	0.37710
2.8476	0.37672
2.8491	0.37633
2.8507	0.37606
2.8523	0.37577
2.8538	0.37554
2.8554	0.37538
2.857	0.37527
2.8586	0.37512
2.8601	0.37494
2.8617	0.37476
2.8633	0.37466
2.8649	0.37447
2.8664	0.37427
2.868	0.37403
2.8696	0.37380
2.8712	0.37368
2.8728	0.37347
2.8744	0.37322
2.876	0.37301
2.8776	0.37275
2.8792	0.37250
2.8808	0.37217
2.8824	0.37198
2.884	0.37182
2.8856	0.37161
2.8872	0.37134
2.8888	0.37112
2.8904	0.37085
2.892	0.37057
2.8936	0.37039
2.8953	0.37030
2.8969	0.37015
2.8985	0.37003
2.9001	0.36983
2.9017	0.36958
2.9034	0.36925
2.905	0.36898
2.9066	0.36891
2.9083	0.36882
2.9099	0.36864
2.9115	0.36849
2.9131	0.36832
2.9148	0.36813
2.9164	0.36796
2.9181	0.36783
2.9197	0.36773
2.9214	0.36764
2.923	0.36757
2.9247	0.36751
2.9263	0.36755
2.928	0.36760
2.9296	0.36759
2.9313	0.36766
2.9329	0.36775
2.9346	0.36793
2.9363	0.36808
2.9379	0.36819
2.9396	0.36835
2.9412	0.36854
2.9429	0.36869
2.9446	0.36887
2.9463	0.36904
2.9479	0.36928
2.9496	0.36944
2.9513	0.36959
2.953	0.36978
2.9546	0.36996
2.9563	0.37008
2.958	0.37026
2.9597	0.37048
2.9614	0.37069
2.9631	0.37083
2.9648	0.37103
2.9665	0.37123
2.9682	0.37140
2.9699	0.37159
2.9716	0.37186
2.9733	0.37212
2.975	0.37226
2.9767	0.37236
2.9784	0.37252
2.9801	0.37272
2.9818	0.37296
2.9836	0.37316
2.9853	0.37338
2.987	0.37360
2.9887	0.37388
2.9904	0.37414
2.9922	0.37437
2.9939	0.37462
2.9956	0.37489
2.9974	0.37521
2.9991	0.37564
3.0008	0.37598
3.0026	0.37625
3.0043	0.37663
3.006	0.37706
3.0078	0.37745
3.0095	0.37781
3.0113	0.37816
3.013	0.37854
3.0148	0.37884
3.0165	0.37917
3.0183	0.37956
3.02	0.37992
3.0218	0.38026
3.0236	0.38051
3.0253	0.38078
3.0271	0.38107
3.0289	0.38133
3.0306	0.38159
3.0324	0.38186
3.0342	0.38220
3.036	0.38250
3.0377	0.38273
3.0395	0.38298
3.0413	0.38329
3.0431	0.38360
3.0449	0.38390
3.0467	0.38424
3.0484	0.38454
3.0502	0.38478
3.052	0.38515
3.0538	0.38552
3.0556	0.38585
3.0574	0.38608
3.0592	0.38636
3.0611	0.38668
3.0629	0.38706
3.0647	0.38738
3.0665	0.38772
3.0683	0.38809
3.0701	0.38838
3.0719	0.38869
3.0738	0.38901
3.0756	0.38926
3.0774	0.38959
3.0792	0.38989
3.0811	0.39024
3.0829	0.39052
3.0847	0.39088
3.0866	0.39126
3.0884	0.39160
3.0902	0.39189
3.0921	0.39218
3.0939	0.39250
3.0958	0.39285
3.0976	0.39317
3.0995	0.39346
3.1013	0.39382
3.1032	0.39420
3.105	0.39456
3.1069	0.39489
3.1088	0.39524
3.1106	0.39558
3.1125	0.39589
3.1144	0.39630
3.1162	0.39670
3.1181	0.39702
3.12	0.39735
3.1219	0.39770
3.1237	0.39802
3.1256	0.39836
3.1275	0.39871
3.1294	0.39910
3.1313	0.39945
3.1332	0.39973
3.1351	0.40001
3.137	0.40036
3.1389	0.40065
3.1408	0.40099
3.1427	0.40132
3.1446	0.40158
3.1465	0.40191
3.1484	0.40225
3.1503	0.40249
3.1522	0.40271
3.1541	0.40297
3.1561	0.40329
3.158	0.40360
3.1599	0.40392
3.1618	0.40424
3.1638	0.40453
3.1657	0.40483
3.1676	0.40514
3.1696	0.40548
3.1715	0.40574
3.1734	0.40598
3.1754	0.40638
3.1773	0.40672
3.1793	0.40709
3.1812	0.40743
3.1832	0.40769
3.1851	0.40805
3.1871	0.40838
3.1891	0.40864
3.191	0.40900
3.193	0.40940
3.1949	0.40974
3.1969	0.41006
3.1989	0.41044
3.2009	0.41075
3.2029	0.41105
3.2048	0.41134
3.2068	0.41167
3.2088	0.41195
3.2108	0.41226
3.2128	0.41256
3.2148	0.41278
3.2168	0.41305
3.2188	0.41335
3.2208	0.41367
3.2228	0.41408
3.2248	0.41433
3.2268	0.41454
3.2288	0.41480
3.2308	0.41503
3.2328	0.41527
3.2348	0.41559
3.2368	0.41588
3.2389	0.41619
3.2409	0.41643
3.2429	0.41664
3.2449	0.41687
3.247	0.41715
3.249	0.41739
3.251	0.41762
3.2531	0.41781
3.2551	0.41805
3.2572	0.41835
3.2592	0.41862
3.2613	0.41886
3.2633	0.41905
3.2654	0.41930
3.2674	0.41965
3.2695	0.41989
3.2716	0.42009
3.2736	0.42026
3.2757	0.42044
3.2778	0.42068
3.2798	0.42086
3.2819	0.42099
3.284	0.42127
3.2861	0.42147
3.2881	0.42156
3.2902	0.42165
3.2923	0.42181
3.2944	0.42197
3.2965	0.42208
3.2986	0.42208
3.3007	0.42196
3.3028	0.42180
3.3049	0.42183
3.307	0.42181
3.3091	0.42177
3.3112	0.42183
3.3134	0.42200
3.3155	0.42219
3.3176	0.42242
3.3197	0.42260
3.3219	0.42271
3.324	0.42291
3.3261	0.42306
3.3283	0.42321
3.3304	0.42324
3.3325	0.42317
3.3347	0.42318
3.3368	0.42313
3.339	0.42303
3.3411	0.42292
3.3433	0.42272
3.3454	0.42244
3.3476	0.42205
3.3498	0.42156
3.3519	0.42113
3.3541	0.42071
3.3563	0.42023
3.3584	0.41983
3.3606	0.41944
3.3628	0.41898
3.365	0.41838
3.3671	0.41774
3.3693	0.41723
3.3715	0.41684
3.3737	0.41662
3.3759	0.41650
3.3781	0.41651
3.3803	0.41666
3.3825	0.41682
3.3847	0.41695
3.3869	0.41707
3.3891	0.41710
3.3914	0.41694
3.3936	0.41656
3.3958	0.41612
3.398	0.41564
3.4003	0.41521
3.4025	0.41477
3.4047	0.41441
3.407	0.41413
3.4092	0.41380
3.4114	0.41350
3.4137	0.41347
3.4159	0.41357
3.4182	0.41380
3.4204	0.41412
3.4227	0.41465
3.425	0.41535
3.4272	0.41598
3.4295	0.41652
3.4318	0.41705
3.434	0.41756
3.4363	0.41800
3.4386	0.41829
3.4409	0.41850
3.4432	0.41874
3.4454	0.41913
3.4477	0.41960
3.45	0.41993
3.4523	0.42028
3.4546	0.42079
3.4569	0.42121
3.4592	0.42152
3.4616	0.42174
3.4639	0.42195
3.4662	0.42207
3.4685	0.42221
3.4708	0.42235
3.4731	0.42237
3.4755	0.42245
3.4778	0.42273
3.4801	0.42293
3.4825	0.42311
3.4848	0.42331
3.4872	0.42357
3.4895	0.42383
3.4919	0.42392
3.4942	0.42400
3.4966	0.42416
3.4989	0.42438
3.5013	0.42477
3.5036	0.42537
3.506	0.42611
3.5084	0.42710
3.5108	0.42810
3.5131	0.42894
3.5155	0.42970
3.5179	0.43048
3.5203	0.43127
3.5227	0.43193
3.5251	0.43259
3.5275	0.43321
3.5299	0.43383
3.5323	0.43447
3.5347	0.43508
3.5371	0.43560
3.5395	0.43599
3.5419	0.43634
3.5444	0.43680
3.5468	0.43735
3.5492	0.43773
3.5516	0.43811
3.5541	0.43854
3.5565	0.43891
3.559	0.43915
3.5614	0.43941
3.5639	0.43967
3.5663	0.43994
3.5688	0.44017
3.5712	0.44036
3.5737	0.44067
3.5761	0.44092
3.5786	0.44107
3.5811	0.44124
3.5836	0.44141
3.586	0.44161
3.5885	0.44186
3.591	0.44203
3.5935	0.44217
3.596	0.44231
3.5985	0.44241
3.601	0.44255
3.6035	0.44277
3.606	0.44293
3.6085	0.44306
3.611	0.44312
3.6135	0.44329
3.616	0.44348
3.6186	0.44364
3.6211	0.44378
3.6236	0.44388
3.6261	0.44400
3.6287	0.44403
3.6312	0.44410
3.6338	0.44424
3.6363	0.44431
3.6389	0.44436
3.6414	0.44451
3.644	0.44467
3.6466	0.44475
3.6491	0.44483
3.6517	0.44490
3.6543	0.44504
3.6569	0.44518
3.6594	0.44532
3.662	0.44546
3.6646	0.44558
3.6672	0.44570
3.6698	0.44584
3.6724	0.44597
3.675	0.44608
3.6776	0.44615
3.6802	0.44628
3.6828	0.44645
3.6854	0.44656
3.6881	0.44656
3.6907	0.44660
3.6933	0.44682
3.6959	0.44703
3.6986	0.44716
3.7012	0.44728
3.7039	0.44739
3.7065	0.44751
3.7092	0.44761
3.7118	0.44773
3.7145	0.44785
3.7171	0.44794
3.7198	0.44802
3.7225	0.44815
3.7252	0.44828
3.7278	0.44840
3.7305	0.44848
3.7332	0.44856
3.7359	0.44868
3.7386	0.44876
3.7413	0.44886
3.744	0.44901
3.7467	0.44913
3.7494	0.44921
3.7521	0.44929
3.7548	0.44938
3.7576	0.44947
3.7603	0.44951
3.763	0.44957
3.7657	0.44970
3.7685	0.44982
3.7712	0.44990
3.774	0.44994
3.7767	0.44999
3.7795	0.45009
3.7822	0.45016
3.785	0.45023
3.7877	0.45032
3.7905	0.45036
3.7933	0.45038
3.7961	0.45047
3.7988	0.45057
3.8016	0.45064
3.8044	0.45070
3.8072	0.45080
3.81	0.45088
3.8128	0.45091
3.8156	0.45096
3.8184	0.45104
3.8212	0.45112
3.8241	0.45116
3.8269	0.45122
3.8297	0.45130
3.8325	0.45133
3.8354	0.45138
3.8382	0.45141
3.8411	0.45142
3.8439	0.45146
3.8468	0.45154
3.8496	0.45160
3.8525	0.45166
3.8553	0.45172
3.8582	0.45175
3.8611	0.45181
3.8639	0.45187
3.8668	0.45185
3.8697	0.45184
3.8726	0.45189
3.8755	0.45194
3.8784	0.45197
3.8813	0.45197
3.8842	0.45196
3.8871	0.45197
3.89	0.45201
3.893	0.45208
3.8959	0.45211
3.8988	0.45212
3.9017	0.45212
3.9047	0.45216
3.9076	0.45218
3.9106	0.45219
3.9135	0.45217
3.9165	0.45217
3.9194	0.45216
3.9224	0.45216
3.9254	0.45217
3.9284	0.45217
3.9313	0.45214
3.9343	0.45209
3.9373	0.45206
3.9403	0.45207
3.9433	0.45206
3.9463	0.45201
3.9493	0.45198
3.9523	0.45194
3.9553	0.45186
3.9583	0.45182
3.9614	0.45180
3.9644	0.45179
3.9674	0.45177
3.9705	0.45173
3.9735	0.45167
3.9766	0.45163
3.9796	0.45162
3.9826	0.45158
3.9857	0.45152
3.9888	0.45147
3.9919	0.45147
3.9949	0.45149
3.998	0.45146
4.0011	0.45143
4.0042	0.45141
4.0073	0.45139
4.0104	0.45137
4.0135	0.45135
4.0166	0.45131
4.0197	0.45127
4.0228	0.45126
4.0259	0.45124
4.0291	0.45119
4.0322	0.45116
4.0353	0.45115
4.0385	0.45111
4.0416	0.45106
4.0448	0.45102
4.0479	0.45098
4.0511	0.45093
4.0543	0.45086
4.0574	0.45085
4.0606	0.45081
4.0638	0.45075
4.067	0.45072
4.0702	0.45069
4.0734	0.45064
4.0766	0.45062
4.0798	0.45060
4.083	0.45058
4.0862	0.45052
4.0894	0.45043
4.0927	0.45035
4.0959	0.45031
4.0991	0.45027
4.1024	0.45019
4.1056	0.45012
4.1089	0.45006
4.1121	0.44998
4.1154	0.44992
4.1187	0.44984
4.122	0.44975
4.1252	0.44967
4.1285	0.44959
4.1318	0.44952
4.1351	0.44947
4.1384	0.44941
4.1417	0.44932
4.145	0.44923
4.1483	0.44916
4.1516	0.44905
4.155	0.44894
4.1583	0.44886
4.1616	0.44882
4.165	0.44875
4.1683	0.44867
4.1717	0.44858
4.175	0.44853
4.1784	0.44845
4.1818	0.44836
4.1852	0.44826
4.1885	0.44818
4.1919	0.44812
4.1953	0.44805
4.1987	0.44802
4.2021	0.44800
4.2055	0.44794
4.2089	0.44784
4.2124	0.44773
4.2158	0.44765
4.2192	0.44756
4.2226	0.44747
4.2261	0.44735
4.2295	0.44724
4.233	0.44713
4.2365	0.44705
4.2399	0.44695
4.2434	0.44685
4.2469	0.44671
4.2503	0.44655
4.2538	0.44641
4.2573	0.44629
4.2608	0.44617
4.2643	0.44610
4.2678	0.44602
4.2714	0.44595
4.2749	0.44592
4.2784	0.44592
4.2819	0.44589
4.2855	0.44584
4.289	0.44581
4.2926	0.44579
4.2961	0.44573
4.2997	0.44569
4.3033	0.44562
4.3068	0.44553
4.3104	0.44541
4.314	0.44534
4.3176	0.44526
4.3212	0.44520
4.3248	0.44513
4.3284	0.44506
4.332	0.44499
4.3356	0.44493
4.3393	0.44486
4.3429	0.44482
4.3465	0.44475
4.3502	0.44465
4.3538	0.44458
4.3575	0.44453
4.3611	0.44448
4.3648	0.44443
4.3685	0.44435
4.3722	0.44426
4.3759	0.44420
4.3796	0.44418
4.3833	0.44412
4.387	0.44403
4.3907	0.44393
4.3944	0.44380
4.3981	0.44369
4.4019	0.44365
4.4056	0.44355
4.4094	0.44342
4.4131	0.44328
4.4169	0.44319
4.4206	0.44309
4.4244	0.44299
4.4282	0.44287
4.432	0.44273
4.4358	0.44260
4.4396	0.44251
4.4434	0.44239
4.4472	0.44226
4.451	0.44209
4.4548	0.44194
4.4586	0.44184
4.4625	0.44173
4.4663	0.44154
4.4702	0.44139
4.474	0.44124
4.4779	0.44105
4.4818	0.44086
4.4856	0.44069
4.4895	0.44044
4.4934	0.44019
4.4973	0.43994
4.5012	0.43967
4.5051	0.43934
4.509	0.43899
4.513	0.43864
4.5169	0.43822
4.5208	0.43772
4.5248	0.43715
4.5287	0.43649
4.5327	0.43575
4.5367	0.43495
4.5406	0.43417
4.5446	0.43338
4.5486	0.43252
4.5526	0.43160
4.5566	0.43068
4.5606	0.42969
4.5646	0.42864
4.5686	0.42758
4.5727	0.42652
4.5767	0.42539
4.5808	0.42422
4.5848	0.42301
4.5889	0.42173
4.5929	0.42036
4.597	0.41896
4.6011	0.41748
4.6052	0.41592
4.6093	0.41429
4.6134	0.41262
4.6175	0.41098
4.6216	0.40929
4.6257	0.40758
4.6298	0.40589
4.634	0.40421
4.6381	0.40255
4.6423	0.40094
4.6464	0.39942
4.6506	0.39796
4.6548	0.39650
4.659	0.39505
4.6631	0.39368
4.6673	0.39237
4.6715	0.39117
4.6758	0.39006
4.68	0.38904
4.6842	0.38811
4.6884	0.38721
4.6927	0.38632
4.6969	0.38543
4.7012	0.38452
4.7055	0.38365
4.7097	0.38276
4.714	0.38187
4.7183	0.38096
4.7226	0.38000
4.7269	0.37900
4.7312	0.37794
4.7355	0.37679
4.7399	0.37559
4.7442	0.37433
4.7485	0.37303
4.7529	0.37164
4.7573	0.37016
4.7616	0.36862
4.766	0.36703
4.7704	0.36538
4.7748	0.36373
4.7792	0.36202
4.7836	0.36030
4.788	0.35856
4.7924	0.35681
4.7969	0.35506
4.8013	0.35332
4.8058	0.35164
4.8102	0.35009
4.8147	0.34863
4.8191	0.34721
4.8236	0.34591
4.8281	0.34470
4.8326	0.34358
4.8371	0.34262
4.8416	0.34182
4.8462	0.34111
4.8507	0.34044
4.8553	0.33988
4.8598	0.33944
4.8644	0.33900
4.8689	0.33862
4.8735	0.33830
4.8781	0.33794
4.8827	0.33759
4.8873	0.33724
4.8919	0.33684
4.8965	0.33640
4.9011	0.33587
4.9058	0.33533
4.9104	0.33480
4.9151	0.33419
4.9197	0.33358
4.9244	0.33293
4.9291	0.33232
4.9338	0.33171
4.9385	0.33110
4.9432	0.33052
4.9479	0.33002
4.9526	0.32953
4.9574	0.32906
4.9621	0.32863
4.9669	0.32823
4.9716	0.32782
4.9764	0.32736
4.9812	0.32685
4.986	0.32630
4.9908	0.32569
4.9956	0.32501
5.0004	0.32422
5.0052	0.32332
5.01	0.32236
5.0149	0.32128
5.0198	0.32013
5.0246	0.31892
5.0295	0.31757
5.0344	0.31617
5.0393	0.31470
5.0442	0.31316
5.0491	0.31153
5.054	0.30989
5.0589	0.30823
5.0639	0.30656
5.0688	0.30486
5.0738	0.30316
5.0788	0.30148
5.0837	0.29984
5.0887	0.29815
5.0937	0.29639
5.0987	0.29466
5.1037	0.29294
5.1088	0.29125
5.1138	0.28963
5.1189	0.28812
5.1239	0.28673
5.129	0.28547
5.1341	0.28440
5.1391	0.28357
5.1443	0.28298
5.1494	0.28269
5.1545	0.28271
5.1596	0.28306
5.1647	0.28372
5.1699	0.28469
5.175	0.28587
5.1802	0.28721
5.1854	0.28861
5.1906	0.29009
5.1958	0.29168
5.201	0.29326
5.2062	0.29471
5.2115	0.29616
5.2167	0.29753
5.222	0.29875
5.2272	0.30000
5.2325	0.30119
5.2378	0.30228
5.2431	0.30330
5.2484	0.30432
5.2537	0.30528
5.259	0.30625
5.2644	0.30731
5.2697	0.30841
5.2751	0.30951
5.2805	0.31065
5.2858	0.31171
5.2912	0.31278
5.2966	0.31372
5.302	0.31447
5.3075	0.31512
5.3129	0.31566
5.3184	0.31606
5.3238	0.31636
5.3293	0.31655
5.3348	0.31666
5.3403	0.31672
5.3458	0.31676
5.3513	0.31673
5.3568	0.31645
5.3624	0.31604
5.3679	0.31562
5.3735	0.31508
5.379	0.31448
5.3846	0.31377
5.3902	0.31289
5.3958	0.31191
5.4015	0.31082
5.4071	0.30964
5.4127	0.30844
5.4184	0.30724
5.4241	0.30599
5.4297	0.30450
5.4354	0.30308
5.4411	0.30186
5.4469	0.30083
5.4526	0.29994
5.4583	0.29932
5.4641	0.29902
5.4698	0.29886
5.4756	0.29885
5.4814	0.29911
5.4872	0.29942
5.493	0.29995
5.4988	0.30055
5.5047	0.30117
5.5105	0.30177
5.5164	0.30231
5.5223	0.30271
5.5281	0.30283
5.534	0.30265
5.54	0.30225
5.5459	0.30165
5.5518	0.30078
5.5578	0.29949
5.5637	0.29798
5.5697	0.29636
5.5757	0.29481
5.5817	0.29319
5.5877	0.29136
5.5937	0.28966
5.5998	0.28824
5.6058	0.28696
5.6119	0.28577
5.618	0.28471
5.6241	0.28375
5.6302	0.28299
5.6363	0.28248
5.6424	0.28218
5.6486	0.28171
5.6547	0.28141
5.6609	0.28133
5.6671	0.28132
5.6733	0.28167
5.6795	0.28208
5.6857	0.28245
5.692	0.28303
5.6982	0.28357
5.7045	0.28407
5.7108	0.28470
5.7171	0.28497
5.7234	0.28501
5.7297	0.28502
5.736	0.28498
5.7424	0.28486
5.7488	0.28476
5.7551	0.28442
5.7615	0.28432
5.768	0.28439
5.7744	0.28377
5.7808	0.28307
5.7873	0.28257
5.7937	0.28208
5.8002	0.28165
5.8067	0.28112
5.8132	0.28063
5.8197	0.28038
5.8263	0.27987
5.8328	0.27890
5.8394	0.27807
5.846	0.27745
5.8526	0.27707
5.8592	0.27688
5.8658	0.27681
5.8725	0.27671
5.8791	0.27702
5.8858	0.27682
5.8925	0.27609
5.8992	0.27540
5.9059	0.27395
5.9126	0.27238
5.9194	0.27074
5.9262	0.26885
5.9329	0.26702
5.9397	0.26457
5.9465	0.26120
5.9534	0.25786
5.9602	0.25462
5.9671	0.25150
5.974	0.24835
5.9808	0.24528
5.9878	0.24275
5.9947	0.24038
6.0016	0.23820
6.0086	0.23659
6.0155	0.23549
6.0225	0.23458
6.0295	0.23403
6.0365	0.23381
6.0436	0.23411
6.0506	0.23462
6.0577	0.23419
6.0648	0.23380
6.0719	0.23401
6.079	0.23398
6.0861	0.23371
6.0933	0.23358
6.1005	0.23356
6.1076	0.23369
6.1149	0.23380
6.1221	0.23321
6.1293	0.23242
6.1365	0.23169
6.1438	0.23085
6.1511	0.22977
6.1584	0.22862
6.1657	0.22724
6.1731	0.22582
6.1804	0.22475
6.1878	0.22377
6.1952	0.22253
6.2026	0.22158
6.21	0.22106
6.2175	0.22082
6.225	0.22073
6.2324	0.22077
6.2399	0.22089
6.2475	0.22103
6.255	0.22114
6.2625	0.22126
6.2701	0.22133
6.2777	0.22141
6.2853	0.22148
6.293	0.22159
6.3006	0.22178
6.3083	0.22215
6.3159	0.22271
6.3236	0.22346
6.3314	0.22441
6.3391	0.22580
6.3469	0.22746
6.3546	0.22874
6.3624	0.23027
6.3703	0.23227
6.3781	0.23406
6.3859	0.23571
6.3938	0.23742
6.4017	0.23908
6.4096	0.24117
6.4176	0.24290
6.4255	0.24354
6.4335	0.24422
6.4415	0.24493
6.4495	0.24545
6.4575	0.24588
6.4656	0.24620
6.4736	0.24662
6.4817	0.24700
6.4898	0.24740
6.498	0.24744
6.5061	0.24679
6.5143	0.24630
6.5225	0.24610
6.5307	0.24553
6.539	0.24489
6.5472	0.24426
6.5555	0.24356
6.5638	0.24277
6.5721	0.24206
6.5804	0.24093
6.5888	0.23967
6.5972	0.23858
6.6056	0.23754
6.614	0.23674
6.6225	0.23611
6.6309	0.23591
6.6394	0.23589
6.6479	0.23535
6.6565	0.23493
6.665	0.23509
6.6736	0.23548
6.6822	0.23598
6.6908	0.23628
6.6995	0.23651
6.7081	0.23694
6.7168	0.23720
6.7255	0.23722
6.7343	0.23715
6.743	0.23704
6.7518	0.23686
6.7606	0.23656
6.7694	0.23624
6.7783	0.23585
6.7871	0.23542
6.796	0.23471
6.805	0.23378
6.8139	0.23304
6.8229	0.23246
6.8319	0.23171
6.8409	0.23083
6.8499	0.23023
6.859	0.22993
6.868	0.22935
6.8772	0.22827
6.8863	0.22739
6.8955	0.22668
6.9046	0.22601
6.9138	0.22517
6.9231	0.22424
6.9323	0.22332
6.9416	0.22235
6.9509	0.22148
6.9602	0.22068
6.9696	0.21963
6.979	0.21852
6.9884	0.21757
6.9978	0.21665
7.0073	0.21575
7.0168	0.21495
7.0263	0.21419
7.0358	0.21350
7.0454	0.21310
7.0549	0.21246
7.0645	0.21173
7.0742	0.21117
7.0839	0.21072
7.0935	0.21029
7.1033	0.20987
7.113	0.20949
7.1228	0.20910
7.1326	0.20855
7.1424	0.20797
7.1522	0.20729
7.1621	0.20653
7.172	0.20572
7.182	0.20475
7.1919	0.20379
7.2019	0.20289
7.2119	0.20190
7.222	0.20084
7.232	0.19986
7.2421	0.19892
7.2523	0.19796
7.2624	0.19697
7.2726	0.19600
7.2828	0.19493
7.2931	0.19373
7.3033	0.19253
7.3136	0.19123
7.324	0.18986
7.3343	0.18847
7.3447	0.18707
7.3551	0.18564
7.3656	0.18424
7.3761	0.18288
7.3866	0.18155
7.3971	0.18021
7.4077	0.17897
7.4183	0.17774
7.4289	0.17647
7.4396	0.17517
7.4503	0.17385
7.461	0.17248
7.4717	0.17108
7.4825	0.16956
7.4933	0.16800
7.5041	0.16646
7.515	0.16494
7.5259	0.16334
7.5369	0.16170
7.5479	0.16002
7.5589	0.15832
7.5699	0.15657
7.581	0.15488
7.592	0.15322
7.6032	0.15156
7.6144	0.14984
7.6255	0.14821
7.6368	0.14658
7.648	0.14492
7.6593	0.14318
7.6707	0.14145
7.682	0.13965
7.6934	0.13779
7.7049	0.13587
7.7163	0.13393
7.7278	0.13197
7.7394	0.13003
7.7509	0.12808
7.7625	0.12620
7.7742	0.12424
7.7858	0.12226
7.7975	0.12026
7.8093	0.11825
7.8211	0.11617
7.8329	0.11397
7.8447	0.11173
7.8566	0.10949
7.8685	0.10713
7.8805	0.10471
7.8925	0.10219
7.9045	0.09965
7.9166	0.09703
7.9287	0.09439
7.9408	0.09165
7.953	0.08891
7.9652	0.08620
7.9775	0.08350
7.9898	0.08079
8.0021	0.07817
8.0145	0.07554
8.0269	0.07298
8.0393	0.07047
8.0518	0.06804
8.0643	0.06560
8.0769	0.06323
8.0895	0.06087
8.1021	0.05858
8.1148	0.05633
8.1275	0.05412
8.1403	0.05193
8.1531	0.04989
8.1659	0.04784
8.1788	0.04585
8.1917	0.04388
8.2047	0.04206
8.2177	0.04028
8.2307	0.03857
8.2438	0.03695
8.257	0.03548
8.2701	0.03405
8.2833	0.03267
8.2966	0.03135
8.3099	0.03023
8.3232	0.02917
8.3366	0.02825
8.35	0.02738
8.3635	0.02665
8.377	0.02604
8.3905	0.02562
8.4042	0.02530
8.4178	0.02516
8.4315	0.02520
8.4452	0.02551
8.459	0.02603
8.4728	0.02684
8.4867	0.02784
8.5006	0.02919
8.5145	0.03087
8.5285	0.03294
8.5426	0.03532
8.5567	0.03816
8.5708	0.04131
8.585	0.04481
8.5993	0.04861
8.6135	0.05270
8.6279	0.05703
8.6423	0.06160
8.6567	0.06608
8.6712	0.07038
8.6857	0.07431
8.7003	0.07738
8.7149	0.07874
8.7295	0.07770
8.7443	0.07461
8.759	0.07205
8.7739	0.07204
8.7887	0.07397
8.8037	0.07599
8.8186	0.07713
8.8337	0.07710
8.8487	0.07626
8.8638	0.07495
8.879	0.07365
8.8943	0.07272
8.9095	0.07248
8.9249	0.07274
8.9403	0.07331
8.9557	0.07393
8.9712	0.07448
8.9868	0.07486
9.0023	0.07512
9.018	0.07518
9.0337	0.07509
9.0495	0.07490
9.0653	0.07471
9.0812	0.07446
9.0971	0.07425
9.1131	0.07413
9.1291	0.07407
9.1452	0.07402
9.1614	0.07411
9.1776	0.07421
9.1939	0.07436
9.2102	0.07448
9.2266	0.07459
9.243	0.07462
9.2595	0.07474
9.2761	0.07477
9.2927	0.07476
9.3094	0.07476
9.3262	0.07467
9.343	0.07441
9.3598	0.07401
9.3768	0.07345
9.3938	0.07276
9.4108	0.07183
9.4279	0.07074
9.4451	0.06944
9.4623	0.06802
9.4796	0.06653
9.497	0.06494
9.5144	0.06337
9.5319	0.06190
9.5494	0.06035
9.567	0.05865
9.5847	0.05673
9.6025	0.05471
9.6203	0.05254
9.6382	0.05018
9.6561	0.04771
9.6742	0.04542
9.6922	0.04350
9.7104	0.04201
9.7286	0.04091
9.7469	0.04046
9.7652	0.04056
9.7837	0.04112
9.8022	0.04185
9.8207	0.04275
9.8394	0.04379
9.8581	0.04501
9.8768	0.04625
9.8957	0.04747
9.9146	0.04855
9.9336	0.04938
9.9527	0.04980
9.9718	0.05003
9.991	0.05022
10.0103	0.05051
10.0297	0.05109
10.0491	0.05220
10.0686	0.05380
10.0882	0.05580
10.1079	0.05798
10.1276	0.06027
10.1475	0.06264
10.1673	0.06502
10.1873	0.06713
10.2074	0.06864
10.2275	0.06919
10.2477	0.06873
10.268	0.06729
10.2884	0.06535
10.3088	0.06367
10.3294	0.06311
10.35	0.06390
10.3707	0.06563
10.3915	0.06754
10.4123	0.06903
10.4333	0.06988
10.4543	0.07031
10.4754	0.07050
10.4967	0.07034
10.5179	0.06969
10.5393	0.06867
10.5608	0.06742
10.5823	0.06619
10.604	0.06497
10.6257	0.06391
10.6475	0.06299
10.6694	0.06220
10.6914	0.06157
10.7135	0.06121
10.7357	0.06092
10.758	0.06067
10.7803	0.06023
10.8028	0.05960
10.8254	0.05875
10.848	0.05767
10.8708	0.05625
10.8936	0.05472
10.9165	0.05307
10.9395	0.05135
10.9627	0.04982
10.9859	0.04861
11.0092	0.04774
11.0327	0.04732
11.0562	0.04726
11.0798	0.04749
11.1035	0.04785
11.1274	0.04822
11.1513	0.04855
11.1753	0.04893
11.1995	0.04955
11.2237	0.05069
11.248	0.05215
11.2725	0.05377
11.2971	0.05555
11.3217	0.05740
11.3465	0.05899
11.3714	0.06034
11.3964	0.06134
11.4215	0.06202
11.4467	0.06234
11.472	0.06225
11.4975	0.06188
11.523	0.06144
11.5487	0.06086
11.5744	0.06025
11.6003	0.05948
11.6263	0.05859
11.6525	0.05772
11.6787	0.05693
11.7051	0.05613
11.7316	0.05530
11.7582	0.05440
11.7849	0.05357
11.8117	0.05278
11.8387	0.05223
11.8658	0.05203
11.893	0.05210
11.9203	0.05241
11.9478	0.05318
11.9754	0.05410
12.0031	0.05511
12.031	0.05626
12.059	0.05772
12.0871	0.05931
12.1153	0.06104
12.1437	0.06292
12.1722	0.06504
12.2008	0.06710
12.2296	0.06909
12.2585	0.07104
12.2876	0.07280
12.3168	0.07435
12.3461	0.07581
12.3755	0.07701
12.4052	0.07804
12.4349	0.07892
12.4648	0.07983
12.4948	0.08048
12.525	0.08072
12.5553	0.08083
12.5858	0.08093
12.6164	0.08084
12.6472	0.08066
12.6781	0.08041
12.7092	0.08017
12.7404	0.07981
12.7718	0.07933
12.8033	0.07874
12.835	0.07793
12.8669	0.07677
12.8989	0.07521
12.9311	0.07300
12.9634	0.07014
12.9959	0.06680
13.0285	0.06330
13.0613	0.06002
13.0943	0.05730
13.1275	0.05535
13.1608	0.05448
13.1943	0.05446
13.228	0.05489
13.2618	0.05524
13.2958	0.05487
13.33	0.05353
13.3643	0.05175
13.3988	0.05017
13.4336	0.04951
13.4685	0.04973
13.5035	0.05023
13.5388	0.05019
13.5742	0.04917
13.6099	0.04735
13.6457	0.04521
13.6817	0.04324
13.7179	0.04195
13.7543	0.04133
13.7908	0.04122
13.8276	0.04151
13.8646	0.04211
13.9018	0.04267
13.9392	0.04305
13.9767	0.04327
14.0145	0.04331
14.0525	0.04297
14.0907	0.04228
14.129	0.04136
14.1676	0.04051
14.2065	0.03966
14.2455	0.03885
14.2847	0.03820
14.3242	0.03788
14.3639	0.03782
14.4038	0.03780
14.4439	0.03758
14.4843	0.03702
14.5248	0.03602
14.5656	0.03494
14.6067	0.03392
14.6479	0.03304
14.6894	0.03207
14.7312	0.03100
14.7731	0.02999
14.8153	0.02922
14.8578	0.02843
14.9005	0.02764
14.9434	0.02696
14.9866	0.02651
15.03	0.02593
15.0737	0.02516
15.1177	0.02429
15.1619	0.02371
15.2063	0.02361
15.2511	0.02386
15.2961	0.02417
15.3413	0.02463
15.3868	0.02515
15.4326	0.02574
15.4787	0.02632
15.525	0.02686
15.5717	0.02723
15.6186	0.02752
15.6658	0.02774
15.7132	0.02788
15.761	0.02797
15.809	0.02808
15.8574	0.02809
15.906	0.02836
15.955	0.02896
16.0042	0.03005
16.0538	0.03148
16.1036	0.03330
16.1538	0.03561
16.2043	0.03832
16.2551	0.04117
16.3062	0.04450
16.3576	0.04787
16.4094	0.05093
16.4615	0.05372
16.5139	0.05656
16.5667	0.05912
16.6198	0.06114
16.6732	0.06297
16.727	0.06441
16.7811	0.06547
16.8356	0.06666
16.8905	0.06784
16.9457	0.06902
17.0012	0.07010
17.0572	0.07117
17.1134	0.07246
17.1701	0.07399
17.2272	0.07494
17.2846	0.07564
17.3424	0.07621
17.4006	0.07644
17.4592	0.07578
17.5182	0.07460
17.5775	0.07310
17.6373	0.07150
17.6975	0.06940
17.7581	0.06755
17.8192	0.06672
17.8806	0.06743
17.9425	0.06890
18.0048	0.07119
18.0675	0.07391
18.1307	0.07635
18.1943	0.07800
18.2584	0.07892
18.3229	0.07882
18.3879	0.07787
18.4533	0.07677
18.5192	0.07591
18.5856	0.07547
18.6524	0.07519
18.7198	0.07450
18.7876	0.07349
18.8559	0.07272
18.9247	0.07282
18.9941	0.07427
19.0639	0.07709
19.1342	0.08003
19.2051	0.08294
19.2765	0.08519
19.3484	0.08687
19.4209	0.08801
19.4939	0.08815
19.5675	0.08785
19.6416	0.08720
19.7163	0.08577
19.7916	0.08452
19.8674	0.08385
19.9438	0.08250
20.0208	0.08112
20.0984	0.07946
20.1766	0.07755
20.2554	0.07579
20.3348	0.07352
20.4149	0.07098
20.4956	0.06919
20.5769	0.06745
20.6589	0.06512
20.7416	0.06264
20.8248	0.06034
20.9088	0.05858
20.9935	0.05677
21.0788	0.05507
21.1648	0.05409
21.2516	0.05465
21.3391	0.05561
21.4272	0.05653
21.5161	0.05717
21.6058	0.05800
21.6962	0.05958
21.7873	0.06108
21.8793	0.06216
21.972	0.06309
22.0654	0.06356
22.1597	0.06318
22.2548	0.06300
22.3508	0.06305
22.4475	0.06238
22.5451	0.06145
22.6436	0.06046
22.7429	0.05885
22.8431	0.05776
22.9442	0.05741
23.0461	0.05728
23.149	0.05689
23.2528	0.05676
23.3576	0.05649
23.4633	0.05579
23.5699	0.05516
23.6775	0.05470
23.7861	0.05442
23.8958	0.05369
24.0064	0.05292
24.118	0.05206
24.2307	0.05108
24.3445	0.05063
24.4593	0.05122
24.5753	0.05222
24.6923	0.05342
24.8104	0.05476
24.9297	0.05558
25.0501	0.05630
25.1717	0.05645
25.2945	0.05622
25.4185	0.05599
25.5437	0.05578
25.6702	0.05514
25.7979	0.05448
25.9269	0.05332
26.0572	0.05196
26.1888	0.05131
26.3217	0.05077
26.456	0.05050
26.5917	0.05170
26.7288	0.05300
26.8672	0.05336
27.0072	0.05400
27.1486	0.05415
27.2915	0.05357
27.4359	0.05303
27.5818	0.05336
27.7293	0.05485
27.8784	0.05743
28.0291	0.06018
28.1814	0.06222
28.3354	0.06365
28.4911	0.06526
28.6485	0.06557
28.8077	0.06525
28.9686	0.06551
29.1313	0.06551
29.2959	0.06587
29.4624	0.06647
29.6307	0.06653
29.801	0.06746
29.9733	0.06870
30.1475	0.06982
30.3238	0.07036
30.5022	0.06962
30.6827	0.06815
30.8653	0.06671
31.0502	0.06551
31.2372	0.06452
31.4265	0.06415
31.6182	0.06354
31.8121	0.06323
32.0085	0.06343
32.2073	0.06413
32.4086	0.06441
32.6124	0.06437
32.8188	0.06431
33.0279	0.06361
33.2396	0.06190
33.4541	0.06096
33.6713	0.06066
33.8914	0.06018
34.1143	0.05966
34.3403	0.05932
34.5692	0.05951
34.8012	0.05985
35.0363	0.05968
35.2747	0.05999
35.5163	0.05926
35.7612	0.05976
36.0096	0.06136
36.2614	0.06151
36.5167	0.06210
36.7757	0.06384
37.0384	0.06449
37.3049	0.06554
37.5752	0.06716
37.8495	0.06888
38.1278	0.07059
38.4102	0.07107
38.6968	0.06979
38.9878	0.07022
39.2832	0.07226
39.583	0.07221
39.8875	0.07167
40.1967	0.07410
40.5108	0.07242
40.8298	0.06764
41.1538	0.06438
41.483	0.06248
41.8176	0.05980
42.1575	0.05736
42.5031	0.05758
42.8544	0.05693
43.2115	0.05822
43.5746	0.06424
43.9439	0.06960
44.3195	0.07031
44.7015	0.07080
45.0902	0.07444
45.4858	0.07738
45.8883	0.08035
46.298	0.08347
46.7151	0.08300
47.1398	0.08115
47.5723	0.08409
48.0128	0.08474
48.4615	0.08658
48.9187	0.09057
49.3846	0.08709
49.8594	0.08193
