Brown University Keck/NASA Relab Spectrum PE-CMP-034-H/NNPE34H
Wavelength(micron)	Reflectance
0.3	0.25344
0.305	0.26324
0.31	0.27660
0.315	0.29482
0.32	0.31503
0.325	0.33822
0.33	0.36306
0.335	0.38949
0.34	0.41181
0.345	0.43621
0.35	0.45928
0.355	0.47918
0.36	0.49895
0.365	0.51458
0.37	0.52274
0.375	0.52863
0.38	0.53707
0.385	0.54499
0.39	0.55260
0.395	0.55919
0.4	0.56508
0.405	0.56904
0.41	0.57442
0.415	0.57834
0.42	0.58242
0.425	0.58365
0.43	0.58874
0.435	0.59516
0.44	0.59809
0.445	0.59830
0.45	0.60401
0.455	0.60786
0.46	0.61070
0.465	0.61978
0.47	0.62334
0.475	0.62623
0.48	0.62993
0.485	0.63400
0.49	0.63851
0.495	0.64545
0.5	0.65152
0.505	0.65055
0.51	0.66474
0.515	0.67241
0.52	0.67900
0.525	0.68589
0.53	0.68887
0.535	0.69274
0.54	0.69270
0.545	0.69258
0.55	0.69481
0.555	0.69846
0.56	0.70112
0.565	0.70250
0.57	0.70379
0.575	0.70565
0.58	0.70657
0.585	0.70757
0.59	0.70990
0.595	0.71047
0.6	0.71220
0.605	0.71298
0.61	0.71453
0.615	0.71579
0.62	0.71740
0.625	0.71875
0.63	0.71707
0.635	0.71831
0.64	0.71940
0.645	0.71879
0.65	0.71941
0.655	0.72155
0.66	0.72148
0.665	0.72246
0.67	0.72371
0.675	0.72415
0.68	0.72641
0.685	0.72778
0.69	0.72890
0.695	0.72833
0.7	0.72887
0.705	0.73069
0.71	0.73105
0.715	0.73066
0.72	0.73059
0.725	0.72960
0.73	0.73002
0.735	0.72744
0.74	0.72529
0.745	0.72090
0.75	0.71591
0.755	0.70986
0.76	0.70232
0.765	0.69161
0.77	0.68265
0.775	0.67319
0.78	0.66252
0.785	0.64945
0.79	0.63676
0.795	0.62463
0.8	0.61131
0.805	0.59736
0.81	0.58271
0.815	0.56897
0.82	0.55404
0.825	0.54074
0.83	0.52671
0.835	0.51365
0.84	0.50076
0.845	0.48879
0.85	0.47744
0.855	0.46883
0.86	0.45867
0.865	0.44773
0.87	0.43894
0.875	0.43207
0.88	0.42458
0.885	0.41862
0.89	0.41262
0.895	0.40874
0.9	0.40560
0.905	0.40324
0.91	0.40305
0.915	0.40365
0.92	0.40490
0.925	0.40668
0.93	0.41017
0.935	0.41509
0.94	0.42120
0.945	0.42823
0.95	0.43604
0.955	0.44518
0.96	0.45472
0.965	0.46643
0.97	0.47858
0.975	0.49123
0.98	0.50528
0.985	0.51904
0.99	0.53293
0.995	0.54697
1	0.56041
1.005	0.57361
1.01	0.58772
1.015	0.60115
1.02	0.61418
1.025	0.62588
1.03	0.63790
1.035	0.64890
1.04	0.65859
1.045	0.66841
1.05	0.67784
1.055	0.68709
1.06	0.69432
1.065	0.70060
1.07	0.70771
1.075	0.71262
1.08	0.71855
1.085	0.72421
1.09	0.72841
1.095	0.73277
1.1	0.73556
1.105	0.73940
1.11	0.74270
1.115	0.74630
1.12	0.74879
1.125	0.75031
1.13	0.75267
1.135	0.75428
1.14	0.75676
1.145	0.75744
1.15	0.75873
1.155	0.76003
1.16	0.76193
1.165	0.76207
1.17	0.76331
1.175	0.76457
1.18	0.76478
1.185	0.76491
1.19	0.76736
1.195	0.76857
1.2	0.76659
1.205	0.76679
1.21	0.76690
1.215	0.76672
1.22	0.76781
1.225	0.76849
1.23	0.77046
1.235	0.76895
1.24	0.76983
1.245	0.76897
1.25	0.76979
1.255	0.77108
1.26	0.77063
1.265	0.77047
1.27	0.77096
1.275	0.76984
1.28	0.77007
1.285	0.76868
1.29	0.76929
1.295	0.76953
1.3	0.76826
1.305	0.76766
1.31	0.76774
1.315	0.76731
1.32	0.76665
1.325	0.76680
1.33	0.76573
1.335	0.76470
1.34	0.76369
1.345	0.76201
1.35	0.76031
1.355	0.75978
1.36	0.75995
1.365	0.75800
1.37	0.75736
1.375	0.75438
1.38	0.75345
1.385	0.75130
1.39	0.74882
1.395	0.74607
1.4	0.74525
1.405	0.74414
1.41	0.74194
1.415	0.74102
1.42	0.73657
1.425	0.73436
1.43	0.73153
1.435	0.73056
1.44	0.72890
1.445	0.72548
1.45	0.72429
1.455	0.72000
1.46	0.71742
1.465	0.71415
1.47	0.71086
1.475	0.70809
1.48	0.70557
1.485	0.70364
1.49	0.70086
1.495	0.69758
1.5	0.69464
1.505	0.69010
1.51	0.68656
1.515	0.68419
1.52	0.68042
1.525	0.67825
1.53	0.67425
1.535	0.67242
1.54	0.66847
1.545	0.66435
1.55	0.66134
1.555	0.65764
1.56	0.65355
1.565	0.65333
1.57	0.64912
1.575	0.64684
1.58	0.64237
1.585	0.64035
1.59	0.63627
1.595	0.63248
1.6	0.62949
1.605	0.62665
1.61	0.62357
1.615	0.62007
1.62	0.61579
1.625	0.61219
1.63	0.60912
1.635	0.60634
1.64	0.60223
1.645	0.59842
1.65	0.59674
1.655	0.59255
1.66	0.58939
1.665	0.58727
1.67	0.58487
1.675	0.58208
1.68	0.57914
1.685	0.57600
1.69	0.57230
1.695	0.57012
1.7	0.56846
1.705	0.56608
1.71	0.56370
1.715	0.56099
1.72	0.55867
1.725	0.55702
1.73	0.55447
1.735	0.55234
1.74	0.55087
1.745	0.54877
1.75	0.54716
1.755	0.54535
1.76	0.54348
1.765	0.54229
1.77	0.54088
1.775	0.53905
1.78	0.53771
1.785	0.53678
1.79	0.53567
1.795	0.53521
1.8	0.53402
1.805	0.53375
1.81	0.53298
1.815	0.53262
1.82	0.53167
1.825	0.53234
1.83	0.53197
1.835	0.53101
1.84	0.53308
1.845	0.53190
1.85	0.53287
1.855	0.53250
1.86	0.53286
1.865	0.53158
1.87	0.53062
1.875	0.53857
1.88	0.53695
1.885	0.53541
1.89	0.53616
1.895	0.53726
1.9	0.53729
1.905	0.53904
1.91	0.54092
1.915	0.54233
1.92	0.54301
1.925	0.54499
1.93	0.54687
1.935	0.54859
1.94	0.55049
1.945	0.55229
1.95	0.55319
1.955	0.55674
1.96	0.55879
1.965	0.56073
1.97	0.56278
1.975	0.56501
1.98	0.56786
1.985	0.57049
1.99	0.57321
1.995	0.57609
2	0.57864
2.005	0.58180
2.01	0.58467
2.015	0.58787
2.02	0.59069
2.025	0.59322
2.03	0.59598
2.035	0.59970
2.04	0.60215
2.045	0.60507
2.05	0.60812
2.055	0.61123
2.06	0.61381
2.065	0.61655
2.07	0.62064
2.075	0.62330
2.08	0.62655
2.085	0.62963
2.09	0.63301
2.095	0.63659
2.1	0.63975
2.105	0.64232
2.11	0.64578
2.115	0.64824
2.12	0.65200
2.125	0.65369
2.13	0.65651
2.135	0.66021
2.14	0.66236
2.145	0.66441
2.15	0.66739
2.155	0.66954
2.16	0.67175
2.165	0.67351
2.17	0.67594
2.175	0.67878
2.18	0.68207
2.185	0.68415
2.19	0.68640
2.195	0.68883
2.2	0.69103
2.205	0.69284
2.21	0.69503
2.215	0.69770
2.22	0.69955
2.225	0.70085
2.23	0.70179
2.235	0.70424
2.24	0.70614
2.245	0.70735
2.25	0.70903
2.255	0.71055
2.26	0.71267
2.265	0.71340
2.27	0.71453
2.275	0.71682
2.28	0.71831
2.285	0.71946
2.29	0.72086
2.295	0.72186
2.3	0.72339
2.305	0.72457
2.31	0.72482
2.315	0.72502
2.32	0.72612
2.325	0.72765
2.33	0.72851
2.335	0.72907
2.34	0.73044
2.345	0.73046
2.35	0.73096
2.355	0.73175
2.36	0.73261
2.365	0.73275
2.37	0.73232
2.375	0.73293
2.38	0.73281
2.385	0.73229
2.39	0.73351
2.395	0.73427
2.4	0.73573
2.405	0.73619
2.41	0.73665
2.415	0.73740
2.42	0.73714
2.425	0.73774
2.43	0.73824
2.435	0.73847
2.44	0.73907
2.445	0.73864
2.45	0.73897
2.455	0.73882
2.46	0.73879
2.465	0.73875
2.47	0.73922
2.475	0.73987
2.48	0.73922
2.4828	0.73952
2.4852	0.73991
2.4876	0.73976
2.49	0.73948
2.4924	0.73948
2.4948	0.73983
2.4972	0.74022
2.4996	0.73999
2.502	0.73961
2.5044	0.73976
2.5068	0.73991
2.5093	0.73972
2.5117	0.73982
2.5141	0.73966
2.5166	0.73969
2.519	0.73975
2.5215	0.73955
2.5239	0.73993
2.5264	0.74021
2.5288	0.74010
2.5313	0.73964
2.5338	0.73994
2.5363	0.74019
2.5388	0.74012
2.5412	0.74044
2.5437	0.74028
2.5462	0.74000
2.5487	0.73972
2.5512	0.73939
2.5538	0.73968
2.5563	0.73958
2.5588	0.73887
2.5613	0.73879
2.5639	0.73877
2.5664	0.73901
2.5689	0.73942
2.5715	0.73914
2.574	0.73895
2.5766	0.73825
2.5792	0.73796
2.5817	0.73817
2.5843	0.73780
2.5869	0.73760
2.5895	0.73763
2.5921	0.73790
2.5947	0.73741
2.5973	0.73636
2.5999	0.73716
2.6025	0.73742
2.6051	0.73682
2.6077	0.73665
2.6103	0.73733
2.613	0.73737
2.6156	0.73663
2.6183	0.73601
2.6209	0.73610
2.6236	0.73626
2.6262	0.73638
2.6289	0.73563
2.6315	0.73516
2.6342	0.73553
2.6369	0.73578
2.6396	0.73576
2.6423	0.73546
2.645	0.73485
2.6477	0.73422
2.6504	0.73418
2.6531	0.73381
2.6558	0.73272
2.6585	0.73286
2.6613	0.73213
2.664	0.73103
2.6667	0.72893
2.6695	0.72705
2.6722	0.72545
2.675	0.72456
2.6778	0.72201
2.6805	0.71878
2.6833	0.71597
2.6861	0.71125
2.6889	0.70552
2.6917	0.69869
2.6945	0.69079
2.6973	0.68368
2.7001	0.67789
2.7029	0.67141
2.7057	0.66375
2.7085	0.65532
2.7114	0.64678
2.7142	0.63967
2.7171	0.63548
2.7199	0.62492
2.7228	0.60524
2.7256	0.59929
2.7285	0.60925
2.7314	0.61324
2.7342	0.60965
2.7371	0.60715
2.74	0.60695
2.7429	0.60647
2.7458	0.60629
2.7487	0.60487
2.7502	0.60394
2.7517	0.60278
2.7531	0.60184
2.7546	0.60006
2.7561	0.59954
2.7575	0.59900
2.759	0.59676
2.7605	0.59532
2.7619	0.59434
2.7634	0.59403
2.7649	0.59344
2.7663	0.59188
2.7678	0.59101
2.7693	0.59019
2.7708	0.58902
2.7723	0.58821
2.7737	0.58715
2.7752	0.58588
2.7767	0.58524
2.7782	0.58478
2.7797	0.58412
2.7812	0.58332
2.7827	0.58270
2.7842	0.58200
2.7857	0.58119
2.7872	0.58053
2.7887	0.58028
2.7902	0.57929
2.7917	0.57839
2.7932	0.57800
2.7947	0.57751
2.7962	0.57699
2.7977	0.57648
2.7992	0.57597
2.8007	0.57531
2.8022	0.57445
2.8038	0.57398
2.8053	0.57329
2.8068	0.57218
2.8083	0.57113
2.8098	0.57050
2.8114	0.56995
2.8129	0.56949
2.8144	0.56904
2.8159	0.56896
2.8175	0.56879
2.819	0.56833
2.8205	0.56803
2.8221	0.56815
2.8236	0.56786
2.8251	0.56760
2.8267	0.56746
2.8282	0.56718
2.8298	0.56689
2.8313	0.56652
2.8329	0.56592
2.8344	0.56540
2.836	0.56467
2.8375	0.56397
2.8391	0.56326
2.8406	0.56266
2.8422	0.56220
2.8437	0.56158
2.8453	0.56106
2.8469	0.56095
2.8484	0.56077
2.85	0.56091
2.8516	0.56129
2.8531	0.56165
2.8547	0.56185
2.8563	0.56248
2.8578	0.56273
2.8594	0.56292
2.861	0.56311
2.8626	0.56340
2.8642	0.56336
2.8657	0.56344
2.8673	0.56345
2.8689	0.56331
2.8705	0.56323
2.8721	0.56326
2.8737	0.56311
2.8753	0.56289
2.8769	0.56283
2.8785	0.56279
2.8801	0.56263
2.8817	0.56243
2.8833	0.56212
2.8849	0.56201
2.8865	0.56181
2.8881	0.56181
2.8897	0.56177
2.8913	0.56165
2.8929	0.56157
2.8945	0.56150
2.8962	0.56140
2.8978	0.56125
2.8994	0.56095
2.901	0.56093
2.9027	0.56094
2.9043	0.56070
2.9059	0.56063
2.9075	0.56044
2.9092	0.56028
2.9108	0.55997
2.9124	0.55991
2.9141	0.56003
2.9157	0.55999
2.9174	0.55988
2.919	0.55982
2.9206	0.55974
2.9223	0.55968
2.9239	0.55977
2.9256	0.55970
2.9272	0.55975
2.9289	0.55977
2.9305	0.55994
2.9322	0.55999
2.9339	0.56028
2.9355	0.56037
2.9372	0.56052
2.9389	0.56074
2.9405	0.56092
2.9422	0.56099
2.9439	0.56132
2.9455	0.56181
2.9472	0.56213
2.9489	0.56233
2.9506	0.56256
2.9522	0.56296
2.9539	0.56319
2.9556	0.56345
2.9573	0.56383
2.959	0.56401
2.9607	0.56440
2.9624	0.56450
2.9641	0.56471
2.9658	0.56497
2.9674	0.56530
2.9691	0.56535
2.9709	0.56554
2.9726	0.56576
2.9743	0.56620
2.976	0.56633
2.9777	0.56656
2.9794	0.56686
2.9811	0.56708
2.9828	0.56716
2.9845	0.56735
2.9863	0.56742
2.988	0.56766
2.9897	0.56793
2.9914	0.56825
2.9931	0.56839
2.9949	0.56860
2.9966	0.56869
2.9983	0.56891
3.0001	0.56922
3.0018	0.56949
3.0036	0.56966
3.0053	0.56980
3.007	0.56986
3.0088	0.56997
3.0105	0.57007
3.0123	0.57040
3.014	0.57065
3.0158	0.57085
3.0175	0.57084
3.0193	0.57124
3.0211	0.57151
3.0228	0.57147
3.0246	0.57145
3.0263	0.57154
3.0281	0.57178
3.0299	0.57210
3.0317	0.57235
3.0334	0.57252
3.0352	0.57254
3.037	0.57271
3.0388	0.57285
3.0405	0.57290
3.0423	0.57314
3.0441	0.57332
3.0459	0.57354
3.0477	0.57384
3.0495	0.57389
3.0513	0.57394
3.0531	0.57402
3.0549	0.57412
3.0567	0.57413
3.0585	0.57427
3.0603	0.57457
3.0621	0.57482
3.0639	0.57505
3.0657	0.57513
3.0675	0.57507
3.0694	0.57530
3.0712	0.57534
3.073	0.57548
3.0748	0.57562
3.0766	0.57593
3.0785	0.57600
3.0803	0.57610
3.0821	0.57623
3.084	0.57630
3.0858	0.57646
3.0876	0.57670
3.0895	0.57684
3.0913	0.57694
3.0932	0.57699
3.095	0.57724
3.0969	0.57757
3.0987	0.57775
3.1006	0.57776
3.1024	0.57794
3.1043	0.57808
3.1061	0.57837
3.108	0.57845
3.1099	0.57870
3.1117	0.57889
3.1136	0.57904
3.1155	0.57918
3.1173	0.57930
3.1192	0.57953
3.1211	0.57980
3.123	0.57992
3.1249	0.58019
3.1267	0.58047
3.1286	0.58082
3.1305	0.58095
3.1324	0.58110
3.1343	0.58139
3.1362	0.58156
3.1381	0.58174
3.14	0.58203
3.1419	0.58226
3.1438	0.58262
3.1457	0.58284
3.1476	0.58295
3.1495	0.58327
3.1514	0.58349
3.1534	0.58366
3.1553	0.58391
3.1572	0.58421
3.1591	0.58456
3.1611	0.58468
3.163	0.58494
3.1649	0.58508
3.1669	0.58545
3.1688	0.58564
3.1707	0.58586
3.1727	0.58586
3.1746	0.58606
3.1766	0.58656
3.1785	0.58687
3.1805	0.58707
3.1824	0.58729
3.1844	0.58752
3.1863	0.58760
3.1883	0.58777
3.1902	0.58822
3.1922	0.58846
3.1942	0.58871
3.1961	0.58880
3.1981	0.58902
3.2001	0.58928
3.2021	0.58945
3.204	0.58962
3.206	0.58975
3.208	0.58984
3.21	0.59006
3.212	0.59030
3.214	0.59067
3.216	0.59092
3.218	0.59099
3.22	0.59115
3.222	0.59144
3.224	0.59156
3.226	0.59180
3.228	0.59191
3.23	0.59209
3.232	0.59231
3.234	0.59248
3.236	0.59259
3.2381	0.59268
3.2401	0.59285
3.2421	0.59292
3.2441	0.59288
3.2462	0.59312
3.2482	0.59326
3.2502	0.59353
3.2523	0.59379
3.2543	0.59418
3.2564	0.59444
3.2584	0.59456
3.2605	0.59456
3.2625	0.59470
3.2646	0.59488
3.2666	0.59502
3.2687	0.59530
3.2707	0.59550
3.2728	0.59571
3.2749	0.59586
3.277	0.59612
3.279	0.59632
3.2811	0.59651
3.2832	0.59680
3.2853	0.59686
3.2873	0.59701
3.2894	0.59717
3.2915	0.59741
3.2936	0.59761
3.2957	0.59766
3.2978	0.59763
3.2999	0.59771
3.302	0.59780
3.3041	0.59794
3.3062	0.59813
3.3083	0.59835
3.3104	0.59860
3.3125	0.59882
3.3147	0.59911
3.3168	0.59929
3.3189	0.59934
3.321	0.59956
3.3232	0.59977
3.3253	0.60009
3.3274	0.60038
3.3296	0.60055
3.3317	0.60059
3.3338	0.60067
3.336	0.60067
3.3381	0.60078
3.3403	0.60090
3.3424	0.60091
3.3446	0.60095
3.3468	0.60113
3.3489	0.60118
3.3511	0.60114
3.3533	0.60106
3.3554	0.60088
3.3576	0.60057
3.3598	0.60040
3.362	0.60016
3.3641	0.59976
3.3663	0.59940
3.3685	0.59901
3.3707	0.59860
3.3729	0.59826
3.3751	0.59802
3.3773	0.59784
3.3795	0.59780
3.3817	0.59798
3.3839	0.59812
3.3861	0.59827
3.3883	0.59841
3.3905	0.59846
3.3928	0.59831
3.395	0.59793
3.3972	0.59758
3.3994	0.59707
3.4017	0.59645
3.4039	0.59585
3.4061	0.59514
3.4084	0.59439
3.4106	0.59375
3.4129	0.59331
3.4151	0.59299
3.4174	0.59317
3.4196	0.59364
3.4219	0.59443
3.4241	0.59543
3.4264	0.59653
3.4287	0.59761
3.4309	0.59880
3.4332	0.59970
3.4355	0.60054
3.4378	0.60135
3.44	0.60204
3.4423	0.60265
3.4446	0.60322
3.4469	0.60380
3.4492	0.60437
3.4515	0.60482
3.4538	0.60527
3.4561	0.60558
3.4584	0.60605
3.4607	0.60644
3.463	0.60679
3.4653	0.60696
3.4676	0.60710
3.47	0.60711
3.4723	0.60716
3.4746	0.60719
3.477	0.60725
3.4793	0.60717
3.4816	0.60709
3.484	0.60716
3.4863	0.60714
3.4887	0.60700
3.491	0.60683
3.4934	0.60657
3.4957	0.60628
3.4981	0.60587
3.5004	0.60581
3.5028	0.60591
3.5052	0.60639
3.5075	0.60720
3.5099	0.60824
3.5123	0.60915
3.5147	0.61013
3.5171	0.61103
3.5194	0.61190
3.5218	0.61254
3.5242	0.61321
3.5266	0.61387
3.529	0.61448
3.5314	0.61499
3.5338	0.61552
3.5362	0.61595
3.5387	0.61640
3.5411	0.61665
3.5435	0.61699
3.5459	0.61725
3.5483	0.61758
3.5508	0.61774
3.5532	0.61811
3.5556	0.61834
3.5581	0.61848
3.5605	0.61868
3.563	0.61887
3.5654	0.61907
3.5679	0.61929
3.5703	0.61943
3.5728	0.61952
3.5753	0.61964
3.5777	0.61990
3.5802	0.62019
3.5827	0.62032
3.5852	0.62038
3.5876	0.62057
3.5901	0.62070
3.5926	0.62092
3.5951	0.62109
3.5976	0.62126
3.6001	0.62139
3.6026	0.62158
3.6051	0.62156
3.6076	0.62172
3.6101	0.62189
3.6126	0.62205
3.6152	0.62217
3.6177	0.62229
3.6202	0.62248
3.6227	0.62271
3.6253	0.62281
3.6278	0.62288
3.6303	0.62293
3.6329	0.62312
3.6354	0.62326
3.638	0.62335
3.6405	0.62332
3.6431	0.62347
3.6457	0.62362
3.6482	0.62379
3.6508	0.62389
3.6534	0.62399
3.6559	0.62406
3.6585	0.62429
3.6611	0.62441
3.6637	0.62460
3.6663	0.62474
3.6689	0.62485
3.6715	0.62495
3.6741	0.62515
3.6767	0.62521
3.6793	0.62536
3.6819	0.62545
3.6845	0.62560
3.6872	0.62567
3.6898	0.62583
3.6924	0.62590
3.695	0.62610
3.6977	0.62615
3.7003	0.62624
3.703	0.62631
3.7056	0.62646
3.7083	0.62651
3.7109	0.62663
3.7136	0.62670
3.7162	0.62680
3.7189	0.62688
3.7216	0.62705
3.7242	0.62697
3.7269	0.62697
3.7296	0.62696
3.7323	0.62705
3.735	0.62716
3.7377	0.62723
3.7404	0.62729
3.7431	0.62734
3.7458	0.62741
3.7485	0.62752
3.7512	0.62749
3.7539	0.62767
3.7566	0.62778
3.7593	0.62788
3.7621	0.62786
3.7648	0.62798
3.7675	0.62803
3.7703	0.62804
3.773	0.62811
3.7758	0.62815
3.7785	0.62816
3.7813	0.62831
3.784	0.62829
3.7868	0.62826
3.7896	0.62822
3.7923	0.62827
3.7951	0.62822
3.7979	0.62823
3.8007	0.62828
3.8035	0.62831
3.8063	0.62823
3.8091	0.62827
3.8119	0.62826
3.8147	0.62824
3.8175	0.62827
3.8203	0.62837
3.8231	0.62845
3.8259	0.62846
3.8288	0.62849
3.8316	0.62853
3.8344	0.62850
3.8373	0.62850
3.8401	0.62851
3.8429	0.62860
3.8458	0.62860
3.8487	0.62858
3.8515	0.62854
3.8544	0.62861
3.8572	0.62861
3.8601	0.62865
3.863	0.62863
3.8659	0.62859
3.8688	0.62857
3.8716	0.62863
3.8745	0.62863
3.8774	0.62861
3.8803	0.62854
3.8832	0.62859
3.8862	0.62854
3.8891	0.62848
3.892	0.62855
3.8949	0.62852
3.8978	0.62848
3.9008	0.62845
3.9037	0.62840
3.9067	0.62840
3.9096	0.62832
3.9126	0.62827
3.9155	0.62821
3.9185	0.62817
3.9214	0.62808
3.9244	0.62805
3.9274	0.62795
3.9304	0.62787
3.9333	0.62776
3.9363	0.62774
3.9393	0.62762
3.9423	0.62760
3.9453	0.62744
3.9483	0.62740
3.9513	0.62727
3.9543	0.62723
3.9574	0.62711
3.9604	0.62707
3.9634	0.62693
3.9664	0.62677
3.9695	0.62666
3.9725	0.62652
3.9756	0.62640
3.9786	0.62640
3.9817	0.62636
3.9847	0.62631
3.9878	0.62611
3.9909	0.62604
3.9939	0.62591
3.997	0.62584
4.0001	0.62567
4.0032	0.62555
4.0063	0.62536
4.0094	0.62523
4.0125	0.62501
4.0156	0.62492
4.0187	0.62474
4.0218	0.62459
4.0249	0.62441
4.0281	0.62430
4.0312	0.62413
4.0343	0.62398
4.0375	0.62384
4.0406	0.62374
4.0438	0.62359
4.0469	0.62338
4.0501	0.62314
4.0533	0.62302
4.0564	0.62290
4.0596	0.62277
4.0628	0.62255
4.066	0.62241
4.0692	0.62222
4.0724	0.62214
4.0756	0.62189
4.0788	0.62176
4.082	0.62156
4.0852	0.62144
4.0884	0.62132
4.0917	0.62125
4.0949	0.62102
4.0981	0.62079
4.1014	0.62062
4.1046	0.62050
4.1079	0.62033
4.1111	0.62018
4.1144	0.62001
4.1177	0.61995
4.1209	0.61981
4.1242	0.61960
4.1275	0.61943
4.1308	0.61934
4.1341	0.61916
4.1374	0.61908
4.1407	0.61889
4.144	0.61870
4.1473	0.61855
4.1506	0.61844
4.154	0.61826
4.1573	0.61820
4.1606	0.61798
4.164	0.61785
4.1673	0.61770
4.1707	0.61760
4.174	0.61738
4.1774	0.61726
4.3822	0.61005
4.3859	0.60991
4.3896	0.60984
4.3933	0.60971
4.3971	0.60968
4.4008	0.60958
4.4045	0.60949
4.4083	0.60923
4.412	0.60918
4.4158	0.60911
4.4196	0.60905
4.4233	0.60880
4.4271	0.60869
4.4309	0.60853
4.4347	0.60845
4.4385	0.60826
4.4423	0.60811
4.4461	0.60789
4.4499	0.60775
4.4537	0.60758
4.4576	0.60749
4.4614	0.60727
4.4652	0.60712
4.4691	0.60687
4.4729	0.60664
4.4768	0.60627
4.4807	0.60614
4.4845	0.60584
4.4884	0.60558
4.4923	0.60523
4.4962	0.60495
4.5001	0.60460
4.504	0.60418
4.5079	0.60365
4.5119	0.60315
4.5158	0.60255
4.5197	0.60186
4.5237	0.60100
4.5276	0.60016
4.5316	0.59908
4.5356	0.59789
4.5395	0.59665
4.5435	0.59544
4.5475	0.59409
4.5515	0.59276
4.5555	0.59131
4.5595	0.58987
4.5635	0.58839
4.5675	0.58692
4.5715	0.58529
4.5756	0.58360
4.5796	0.58185
4.5837	0.58010
4.5877	0.57820
4.5918	0.57635
4.5959	0.57431
4.5999	0.57228
4.604	0.57008
4.6081	0.56785
4.6122	0.56538
4.6163	0.56289
4.6204	0.56040
4.6246	0.55795
4.6287	0.55545
4.6328	0.55296
4.637	0.55051
4.6411	0.54818
4.6453	0.54590
4.6494	0.54368
4.6536	0.54135
4.6578	0.53924
4.662	0.53720
4.6662	0.53538
4.6704	0.53360
4.6746	0.53207
4.6788	0.53062
4.683	0.52939
4.6873	0.52819
4.6915	0.52711
4.6958	0.52595
4.7	0.52493
4.7043	0.52373
4.7086	0.52251
4.7129	0.52122
4.7171	0.51998
4.7214	0.51861
4.7257	0.51716
4.7301	0.51561
4.7344	0.51401
4.7387	0.51225
4.743	0.51047
4.7474	0.50848
4.7517	0.50644
4.7561	0.50435
4.7605	0.50218
4.7648	0.49984
4.7692	0.49756
4.7736	0.49522
4.778	0.49291
4.7824	0.49053
4.7868	0.48815
4.7913	0.48570
4.7957	0.48329
4.8001	0.48081
4.8046	0.47846
4.809	0.47613
4.8135	0.47394
4.818	0.47181
4.8225	0.46992
4.8269	0.46817
4.8314	0.46658
4.8359	0.46522
4.8405	0.46412
4.845	0.46312
4.8495	0.46236
4.8541	0.46178
4.8586	0.46144
4.8632	0.46116
4.8677	0.46105
4.8723	0.46105
4.8769	0.46109
4.8815	0.46106
4.8861	0.46128
4.8907	0.46146
4.8953	0.46171
4.8999	0.46192
4.9046	0.46212
4.9092	0.46215
4.9139	0.46221
4.9185	0.46220
4.9232	0.46218
4.9279	0.46209
4.9326	0.46199
4.9373	0.46173
4.942	0.46157
4.9467	0.46127
4.9514	0.46099
4.9562	0.46061
4.9609	0.46018
4.9656	0.45956
4.9704	0.45892
4.9752	0.45817
4.98	0.45740
4.9847	0.45659
4.9895	0.45563
4.9943	0.45447
4.9992	0.45331
5.004	0.45197
5.0088	0.45049
5.0137	0.44885
5.0185	0.44727
5.0234	0.44548
5.0283	0.44351
5.0331	0.44139
5.038	0.43919
5.0429	0.43687
5.0478	0.43454
5.0528	0.43201
5.0577	0.42949
5.0626	0.42687
5.0676	0.42429
5.0725	0.42168
5.0775	0.41911
5.0825	0.41655
5.0875	0.41416
5.0925	0.41173
5.0975	0.40946
5.1025	0.40719
5.1075	0.40508
5.1126	0.40281
5.1176	0.40070
5.1227	0.39873
5.1277	0.39696
5.1328	0.39527
5.1379	0.39384
5.143	0.39267
5.1481	0.39203
5.1532	0.39176
5.1583	0.39185
5.1635	0.39266
5.1686	0.39410
5.1738	0.39599
5.179	0.39838
5.1841	0.40100
5.1893	0.40388
5.1945	0.40691
5.1997	0.41009
5.205	0.41327
5.2102	0.41622
5.2154	0.41922
5.2207	0.42207
5.2259	0.42433
5.2312	0.42670
5.2365	0.42882
5.2418	0.43079
5.2471	0.43249
5.2524	0.43414
5.2577	0.43563
5.2631	0.43716
5.2684	0.43866
5.2738	0.44028
5.2792	0.44194
5.2845	0.44379
5.2899	0.44563
5.2953	0.44774
5.3008	0.44947
5.3062	0.45129
5.3116	0.45299
5.3171	0.45452
5.3225	0.45580
5.328	0.45693
5.3335	0.45773
5.339	0.45845
5.3445	0.45890
5.35	0.45933
5.3555	0.45941
5.361	0.45894
5.3666	0.45845
5.3722	0.45792
5.3777	0.45705
5.3833	0.45595
5.3889	0.45452
5.3945	0.45286
5.4001	0.45104
5.4058	0.44904
5.4114	0.44699
5.4171	0.44488
5.4227	0.44314
5.4284	0.44128
5.4341	0.43891
5.4398	0.43769
5.4455	0.43670
5.4512	0.43596
5.457	0.43536
5.4627	0.43528
5.4685	0.43554
5.4743	0.43558
5.4801	0.43605
5.4859	0.43694
5.4917	0.43750
5.4975	0.43867
5.5033	0.43979
5.5092	0.44117
5.515	0.44224
5.5209	0.44342
5.5268	0.44425
5.5327	0.44482
5.5386	0.44488
5.5445	0.44464
5.5505	0.44374
5.5564	0.44252
5.5624	0.44045
5.5684	0.43827
5.5743	0.43598
5.5803	0.43429
5.5864	0.43204
5.5924	0.42968
5.5984	0.42799
5.6045	0.42680
5.6105	0.42530
5.6166	0.42406
5.6227	0.42289
5.6288	0.42160
5.6349	0.42051
5.6411	0.41973
5.6472	0.41888
5.6534	0.41709
5.6595	0.41599
5.6657	0.41491
5.6719	0.41388
5.6781	0.41352
5.6844	0.41248
5.6906	0.41160
5.6969	0.41113
5.7031	0.41026
5.7094	0.40979
5.7157	0.40954
5.722	0.40856
5.7283	0.40783
5.7347	0.40701
5.741	0.40638
5.7474	0.40553
5.7538	0.40508
5.7601	0.40389
5.7666	0.40415
5.773	0.40417
5.7794	0.40292
5.7859	0.40289
5.7923	0.40288
5.7988	0.40274
5.8053	0.40271
5.8118	0.40245
5.8183	0.40261
5.8249	0.40316
5.8314	0.40266
5.838	0.40194
5.8446	0.40175
5.8512	0.40188
5.8578	0.40206
5.8644	0.40216
5.871	0.40226
5.8777	0.40170
5.8844	0.40276
5.8911	0.40108
5.8978	0.40008
5.9045	0.39887
5.9112	0.39617
5.918	0.39447
5.9247	0.39200
5.9315	0.38889
5.9383	0.38660
5.9451	0.38208
5.9519	0.37662
5.9588	0.37246
5.9656	0.36795
5.9725	0.36370
5.9794	0.35786
5.9863	0.35300
5.9932	0.34896
6.0002	0.34398
6.0071	0.34006
6.0141	0.33742
6.0211	0.33506
6.0281	0.33250
6.0351	0.33094
6.0421	0.32977
6.0492	0.32986
6.0562	0.32922
6.0633	0.32688
6.0704	0.32680
6.0775	0.32710
6.0847	0.32607
6.0918	0.32529
6.099	0.32507
6.1062	0.32475
6.1134	0.32465
6.1206	0.32413
6.1278	0.32217
6.1351	0.32099
6.1423	0.31982
6.1496	0.31822
6.1569	0.31619
6.1643	0.31446
6.1716	0.31191
6.1789	0.30958
6.1863	0.30819
6.1937	0.30634
6.2011	0.30403
6.2085	0.30305
6.216	0.30230
6.2235	0.30186
6.2309	0.30158
6.2384	0.30162
6.2459	0.30160
6.2535	0.30154
6.261	0.30144
6.2686	0.30141
6.2762	0.30122
6.2838	0.30093
6.2914	0.30059
6.2991	0.30039
6.3067	0.30022
6.3144	0.30027
6.3221	0.30051
6.3298	0.30119
6.3376	0.30217
6.3453	0.30392
6.3531	0.30581
6.3609	0.30718
6.3687	0.30955
6.3765	0.31244
6.3844	0.31462
6.3923	0.31685
6.4002	0.31933
6.4081	0.32143
6.416	0.32439
6.424	0.32611
6.4319	0.32634
6.4399	0.32756
6.4479	0.32832
6.456	0.32914
6.464	0.32965
6.4721	0.33013
6.4802	0.33075
6.4883	0.33119
6.4964	0.33193
6.5046	0.33151
6.5127	0.33053
6.5209	0.33080
6.5291	0.33076
6.5374	0.32956
6.5456	0.32876
6.5539	0.32777
6.5622	0.32631
6.5705	0.32467
6.5789	0.32330
6.5872	0.32049
6.5956	0.31873
6.604	0.31676
6.6124	0.31483
6.6209	0.31355
6.6293	0.31243
6.6378	0.31237
6.6463	0.31187
6.6549	0.31066
6.6634	0.31088
6.672	0.31173
6.6806	0.31271
6.6892	0.31367
6.6978	0.31423
6.7065	0.31521
6.7152	0.31654
6.7239	0.31729
6.7326	0.31781
6.7414	0.31826
6.7502	0.31871
6.759	0.31900
6.7678	0.31902
6.7766	0.31915
6.7855	0.31890
6.7944	0.31867
6.8033	0.31756
6.8123	0.31650
6.8212	0.31605
6.8302	0.31570
6.8392	0.31464
6.8483	0.31354
6.8573	0.31305
6.8664	0.31277
6.8755	0.31096
6.8846	0.30912
6.8938	0.30833
6.903	0.30731
6.9122	0.30634
6.9214	0.30501
6.9307	0.30378
6.9399	0.30270
6.9492	0.30153
6.9586	0.30073
6.9679	0.29996
6.9773	0.29831
6.9867	0.29738
6.9961	0.29669
7.0056	0.29577
7.0151	0.29491
7.0246	0.29440
7.0341	0.29379
7.0437	0.29344
7.0532	0.29339
7.0629	0.29247
7.0725	0.29201
7.0822	0.29166
7.0918	0.29128
7.1016	0.29082
7.1113	0.29032
7.1211	0.28986
7.1309	0.28915
7.1407	0.28826
7.1505	0.28765
7.1604	0.28653
7.1703	0.28539
7.1802	0.28403
7.1902	0.28231
7.2002	0.28087
7.2102	0.27948
7.2202	0.27769
7.2303	0.27585
7.2404	0.27426
7.2505	0.27264
7.2607	0.27097
7.2709	0.26937
7.2811	0.26787
7.2913	0.26592
7.3016	0.26387
7.3119	0.26202
7.3222	0.25990
7.3326	0.25782
7.343	0.25578
7.3534	0.25348
7.3638	0.25127
7.3743	0.24941
7.3848	0.24755
7.3953	0.24572
7.4059	0.24389
7.4165	0.24220
7.4271	0.24041
7.4378	0.23871
7.4485	0.23685
7.4592	0.23496
7.4699	0.23288
7.4807	0.23067
7.4915	0.22847
7.5024	0.22634
7.5132	0.22406
7.5241	0.22188
7.5351	0.21962
7.546	0.21737
7.557	0.21502
7.5681	0.21268
7.5791	0.21027
7.5902	0.20786
7.6014	0.20527
7.6125	0.20279
7.6237	0.20021
7.635	0.19754
7.6462	0.19485
7.6575	0.19230
7.6688	0.18964
7.6802	0.18702
7.6916	0.18423
7.703	0.18140
7.7145	0.17845
7.726	0.17554
7.7375	0.17254
7.7491	0.16969
7.7607	0.16676
7.7723	0.16390
7.784	0.16091
7.7957	0.15804
7.8074	0.15504
7.8192	0.15209
7.831	0.14900
7.8429	0.14591
7.8548	0.14266
7.8667	0.13946
7.8786	0.13613
7.8906	0.13297
7.9026	0.12970
7.9147	0.12640
7.9268	0.12289
7.939	0.11943
7.9511	0.11575
7.9633	0.11221
7.9756	0.10850
7.9879	0.10493
8.0002	0.10123
8.0126	0.09765
8.025	0.09402
8.0374	0.09047
8.0499	0.08683
8.0624	0.08336
8.075	0.07973
8.0876	0.07624
8.1002	0.07264
8.1129	0.06923
8.1256	0.06563
8.1384	0.06226
8.1512	0.05890
8.164	0.05572
8.1769	0.05239
8.1898	0.04935
8.2027	0.04630
8.2157	0.04354
8.2288	0.04070
8.2419	0.03815
8.255	0.03554
8.2682	0.03324
8.2814	0.03095
8.2946	0.02898
8.3079	0.02694
8.3212	0.02521
8.3346	0.02349
8.348	0.02207
8.3615	0.02066
8.375	0.01964
8.3886	0.01865
8.4022	0.01809
8.4158	0.01765
8.4295	0.01761
8.4432	0.01770
8.457	0.01828
8.4708	0.01909
8.4847	0.02051
8.4986	0.02229
8.5125	0.02482
8.5265	0.02773
8.5406	0.03148
8.5547	0.03583
8.5688	0.04100
8.583	0.04661
8.5972	0.05309
8.6115	0.06008
8.6258	0.06773
8.6402	0.07586
8.6546	0.08441
8.6691	0.09282
8.6836	0.10110
8.6982	0.10826
8.7128	0.11360
8.7275	0.11558
8.7422	0.11341
8.757	0.10871
8.7718	0.10658
8.7867	0.10979
8.8016	0.11654
8.8166	0.12262
8.8316	0.12577
8.8466	0.12527
8.8618	0.12213
8.8769	0.11724
8.8922	0.11239
8.9074	0.10876
8.9228	0.10699
8.9382	0.10670
8.9536	0.10732
8.9691	0.10783
8.9846	0.10819
9.0002	0.10802
9.0159	0.10751
9.0316	0.10653
9.0474	0.10544
9.0632	0.10416
9.079	0.10296
9.095	0.10172
9.111	0.10071
9.127	0.09967
9.1431	0.09897
9.1593	0.09829
9.1755	0.09782
9.1917	0.09743
9.2081	0.09715
9.2244	0.09683
9.2409	0.09664
9.2574	0.09638
9.2739	0.09632
9.2906	0.09611
9.3072	0.09599
9.324	0.09579
9.3408	0.09574
9.3576	0.09544
9.3746	0.09510
9.3915	0.09445
9.4086	0.09382
9.4257	0.09302
9.4429	0.09213
9.4601	0.09077
9.4774	0.08929
9.4948	0.08761
9.5122	0.08593
9.5297	0.08401
9.5472	0.08217
9.5648	0.08001
9.5825	0.07763
9.6003	0.07466
9.6181	0.07128
9.6359	0.06731
9.6539	0.06291
9.6719	0.05830
9.69	0.05425
9.7081	0.05071
9.7263	0.04827
9.7446	0.04690
9.763	0.04695
9.7814	0.04810
9.7999	0.05044
9.8184	0.05336
9.8371	0.05706
9.8558	0.06082
9.8745	0.06439
9.8934	0.06729
9.9123	0.06948
9.9313	0.07044
9.9504	0.07056
9.9695	0.06977
9.9887	0.06883
10.008	0.06807
10.0273	0.06817
10.0468	0.06917
10.0663	0.07144
10.0859	0.07441
10.1055	0.07785
10.1253	0.08146
10.1451	0.08553
10.165	0.08965
10.1849	0.09363
10.205	0.09649
10.2251	0.09777
10.2453	0.09719
10.2656	0.09501
10.286	0.09150
10.3064	0.08767
10.327	0.08455
10.3476	0.08323
10.3683	0.08360
10.389	0.08509
10.4099	0.08670
10.4309	0.08798
10.4519	0.08860
10.473	0.08866
10.4942	0.08797
10.5155	0.08695
10.5369	0.08547
10.5583	0.08384
10.5799	0.08205
10.6015	0.08054
10.6232	0.07918
10.645	0.07808
10.6669	0.07721
10.6889	0.07670
10.711	0.07638
10.7332	0.07638
10.7555	0.07629
10.7778	0.07621
10.8003	0.07567
10.8228	0.07480
10.8455	0.07334
10.8682	0.07137
10.891	0.06886
10.914	0.06616
10.937	0.06341
10.9601	0.06093
10.9833	0.05877
11.0067	0.05739
11.0301	0.05662
11.0536	0.05652
11.0772	0.05670
11.1009	0.05677
11.1248	0.05636
11.1487	0.05590
11.1727	0.05533
11.1968	0.05515
11.2211	0.05557
11.2454	0.05715
11.2699	0.05966
11.2944	0.06319
11.3191	0.06716
11.3438	0.07102
11.3687	0.07430
11.3937	0.07692
11.4188	0.07867
11.444	0.07983
11.4693	0.08032
11.4948	0.08050
11.5203	0.08024
11.546	0.07993
11.5717	0.07938
11.5976	0.07880
11.6236	0.07815
11.6497	0.07752
11.676	0.07673
11.7023	0.07597
11.7288	0.07503
11.7554	0.07410
11.7821	0.07306
11.809	0.07255
11.8359	0.07237
11.863	0.07278
11.8902	0.07365
11.9176	0.07513
11.945	0.07683
11.9726	0.07894
12.0003	0.08119
12.0282	0.08359
12.0561	0.08590
12.0842	0.08878
12.1125	0.09190
12.1408	0.09522
12.1693	0.09846
12.198	0.10174
12.2267	0.10468
12.2556	0.10771
12.2847	0.11044
12.3139	0.11319
12.3432	0.11587
12.3726	0.11812
12.4022	0.11972
12.432	0.12118
12.4619	0.12251
12.4919	0.12379
12.5221	0.12468
12.5524	0.12525
12.5829	0.12561
12.6135	0.12601
12.6442	0.12609
12.6751	0.12605
12.7062	0.12595
12.7374	0.12554
12.7688	0.12482
12.8003	0.12395
12.832	0.12273
12.8639	0.12119
12.8959	0.11888
12.928	0.11586
12.9603	0.11207
12.9928	0.10729
13.0255	0.10148
13.0583	0.09556
13.0913	0.08984
13.1244	0.08511
13.1577	0.08179
13.1912	0.08037
13.2248	0.08012
13.2587	0.08034
13.2927	0.07979
13.3268	0.07801
13.3612	0.07457
13.3957	0.07008
13.4304	0.06590
13.4653	0.06328
13.5004	0.06244
13.5356	0.06271
13.571	0.06217
13.6067	0.06020
13.6425	0.05686
13.6785	0.05339
13.7146	0.05029
13.751	0.04832
13.7876	0.04750
13.8244	0.04781
13.8613	0.04874
13.8985	0.05020
13.9358	0.05190
13.9734	0.05370
14.0112	0.05507
14.0491	0.05588
14.0873	0.05608
14.1257	0.05582
14.1643	0.05488
14.2031	0.05383
14.2421	0.05252
14.2814	0.05156
14.3208	0.05075
14.3605	0.05021
14.4004	0.04958
14.4405	0.04894
14.4808	0.04786
14.5214	0.04664
14.5622	0.04516
14.6032	0.04408
14.6444	0.04300
14.6859	0.04196
14.7277	0.04078
14.7696	0.03985
14.8118	0.03927
14.8543	0.03906
14.8969	0.03870
14.9399	0.03801
14.983	0.03678
15.0265	0.03471
15.0702	0.03218
15.1141	0.02983
15.1583	0.02771
15.2027	0.02683
15.2475	0.02662
15.2924	0.02711
15.3377	0.02812
15.3832	0.02937
15.429	0.03030
15.475	0.03115
15.5214	0.03167
15.568	0.03206
15.6149	0.03231
15.662	0.03298
15.7095	0.03361
15.7572	0.03446
15.8053	0.03523
15.8536	0.03595
15.9023	0.03667
15.9512	0.03833
16.0004	0.04045
16.05	0.04341
16.0998	0.04692
16.15	0.05109
16.2004	0.05573
16.2512	0.06081
16.3023	0.06572
16.3537	0.07049
16.4055	0.07478
16.4576	0.07880
16.51	0.08211
16.5627	0.08489
16.6158	0.08697
16.6692	0.08871
16.723	0.09003
16.7771	0.09120
16.8316	0.09183
16.8864	0.09259
16.9416	0.09307
16.9972	0.09385
17.0531	0.09471
17.1094	0.09595
17.166	0.09660
17.223	0.09730
17.2805	0.09805
17.3382	0.09867
17.3964	0.09859
17.455	0.09819
17.514	0.09686
17.5733	0.09481
17.6331	0.09202
17.6933	0.08886
17.7539	0.08564
17.8149	0.08362
17.8763	0.08234
17.9382	0.08278
18.0005	0.08441
18.0632	0.08682
18.1263	0.08944
18.1899	0.09229
18.254	0.09418
18.3185	0.09471
18.3835	0.09377
18.4489	0.09217
18.5148	0.09019
18.5811	0.08888
18.648	0.08774
18.7153	0.08688
18.7831	0.08533
18.8514	0.08319
18.9202	0.08182
18.9895	0.08347
19.0593	0.08707
19.1297	0.09176
19.2005	0.09614
19.2719	0.10048
19.3438	0.10319
19.4162	0.10477
19.4892	0.10549
19.5628	0.10586
19.6369	0.10575
19.7115	0.10515
19.7868	0.10395
19.8626	0.10315
19.939	0.10120
20.016	0.09943
20.0935	0.09718
20.1717	0.09652
20.2505	0.09528
20.3299	0.09129
20.41	0.08758
20.4907	0.08584
20.572	0.08314
20.6539	0.08024
20.7365	0.07812
20.8198	0.07575
20.9038	0.07291
20.9884	0.07050
21.0737	0.06718
21.1597	0.06396
21.2465	0.06190
21.3339	0.06246
21.422	0.06465
21.5109	0.06758
21.6006	0.07029
21.6909	0.07363
21.7821	0.07698
21.874	0.08051
21.9667	0.08284
22.0601	0.08481
22.1544	0.08583
22.2495	0.08435
22.3454	0.08371
22.4421	0.08382
22.5397	0.08204
22.6381	0.08006
22.7374	0.07775
22.8376	0.07567
22.9387	0.07307
23.0406	0.07079
23.1435	0.06906
23.2472	0.06930
23.352	0.06836
23.4576	0.06610
23.5643	0.06420
23.6718	0.06182
23.7804	0.05894
23.89	0.05652
24.0006	0.05244
24.1123	0.04985
24.2249	0.04735
24.3387	0.04613
24.4535	0.04505
24.5694	0.04841
24.6864	0.05375
24.8045	0.05779
24.9237	0.05895
25.0441	0.05989
25.1657	0.05943
25.2885	0.05978
25.4124	0.05911
25.5376	0.06061
25.664	0.05735
25.7917	0.05629
25.9207	0.05661
