Brown University Keck/NASA Relab Spectrum JB-JLB-B83-A/BKR1JBB83A
Wavelength(micron)	Reflectance
0.3	0.04826
0.305	0.04762
0.31	0.04921
0.315	0.05130
0.32	0.05563
0.325	0.06159
0.33	0.06989
0.335	0.07997
0.34	0.09190
0.345	0.10454
0.35	0.11728
0.355	0.13048
0.36	0.14473
0.365	0.15782
0.37	0.16582
0.375	0.17163
0.38	0.17967
0.385	0.18913
0.39	0.20190
0.395	0.21095
0.4	0.22162
0.405	0.23013
0.41	0.23829
0.415	0.24736
0.42	0.25568
0.425	0.26060
0.43	0.26689
0.435	0.27640
0.44	0.28018
0.445	0.27438
0.45	0.27812
0.455	0.28978
0.46	0.29707
0.465	0.29950
0.47	0.30307
0.475	0.30581
0.48	0.30664
0.485	0.31233
0.49	0.31817
0.495	0.32255
0.5	0.32712
0.505	0.32739
0.51	0.33505
0.515	0.34018
0.52	0.34555
0.525	0.34799
0.53	0.35041
0.535	0.35306
0.54	0.35273
0.545	0.35360
0.55	0.35721
0.555	0.36273
0.56	0.36492
0.565	0.36673
0.57	0.37026
0.575	0.37266
0.58	0.37415
0.585	0.37740
0.59	0.37921
0.595	0.38161
0.6	0.38267
0.605	0.38494
0.61	0.38820
0.615	0.38715
0.62	0.39018
0.625	0.39295
0.63	0.39314
0.635	0.39448
0.64	0.39598
0.645	0.39765
0.65	0.39941
0.655	0.40125
0.66	0.40344
0.665	0.40528
0.67	0.40696
0.675	0.40895
0.68	0.41056
0.685	0.41168
0.69	0.41360
0.695	0.41497
0.7	0.41571
0.705	0.41568
0.71	0.41572
0.715	0.41518
0.72	0.41427
0.725	0.41292
0.73	0.41195
0.735	0.40982
0.74	0.40818
0.745	0.40568
0.75	0.40252
0.755	0.39708
0.76	0.39305
0.765	0.38789
0.77	0.38230
0.775	0.37456
0.78	0.36847
0.785	0.35859
0.79	0.35076
0.795	0.34201
0.8	0.33250
0.805	0.32296
0.81	0.31241
0.815	0.30256
0.82	0.29285
0.825	0.28489
0.83	0.27566
0.835	0.26716
0.84	0.25796
0.845	0.25005
0.85	0.24314
0.855	0.23731
0.86	0.23006
0.865	0.22459
0.87	0.21954
0.875	0.21469
0.88	0.21003
0.885	0.20727
0.89	0.20332
0.895	0.20141
0.9	0.19992
0.905	0.19914
0.91	0.19800
0.915	0.19712
0.92	0.19879
0.925	0.20017
0.93	0.20120
0.935	0.20350
0.94	0.20585
0.945	0.20828
0.95	0.21290
0.955	0.21765
0.96	0.22231
0.965	0.22741
0.97	0.23306
0.975	0.24047
0.98	0.24667
0.985	0.25509
0.99	0.26187
0.995	0.26880
1	0.27784
1.005	0.28710
1.01	0.29494
1.015	0.30407
1.02	0.31167
1.025	0.32056
1.03	0.32986
1.035	0.33838
1.04	0.34671
1.045	0.35518
1.05	0.36331
1.055	0.37276
1.06	0.38092
1.065	0.38766
1.07	0.39776
1.075	0.40396
1.08	0.41073
1.085	0.41839
1.09	0.42627
1.095	0.43252
1.1	0.43892
1.105	0.44424
1.11	0.45086
1.115	0.45525
1.12	0.46236
1.125	0.46627
1.13	0.47082
1.135	0.47610
1.14	0.48010
1.145	0.48487
1.15	0.48908
1.155	0.49403
1.16	0.49597
1.165	0.49984
1.17	0.50310
1.175	0.50544
1.18	0.51013
1.185	0.51175
1.19	0.51426
1.195	0.51832
1.2	0.52042
1.205	0.52284
1.21	0.52440
1.215	0.52710
1.22	0.52988
1.225	0.53130
1.23	0.53403
1.235	0.53694
1.24	0.53922
1.245	0.54080
1.25	0.54265
1.255	0.54541
1.26	0.54631
1.265	0.54877
1.27	0.54876
1.275	0.55067
1.28	0.55247
1.285	0.55381
1.29	0.55468
1.295	0.55530
1.3	0.55607
1.305	0.55685
1.31	0.55772
1.315	0.55837
1.32	0.55931
1.325	0.55970
1.33	0.55988
1.335	0.56014
1.34	0.55996
1.345	0.55979
1.35	0.55943
1.355	0.55850
1.36	0.55770
1.365	0.55644
1.37	0.55556
1.375	0.55301
1.38	0.55104
1.385	0.54824
1.39	0.54612
1.395	0.54304
1.4	0.54123
1.405	0.54022
1.41	0.53813
1.415	0.53637
1.42	0.53531
1.425	0.53335
1.43	0.53237
1.435	0.52822
1.44	0.52644
1.445	0.52350
1.45	0.52165
1.455	0.51800
1.46	0.51489
1.465	0.51176
1.47	0.50874
1.475	0.50595
1.48	0.50222
1.485	0.49866
1.49	0.49570
1.495	0.49194
1.5	0.48912
1.505	0.48530
1.51	0.48229
1.515	0.47943
1.52	0.47477
1.525	0.47337
1.53	0.46782
1.535	0.46529
1.54	0.46124
1.545	0.45805
1.55	0.45493
1.555	0.45118
1.56	0.44759
1.565	0.44413
1.57	0.44177
1.575	0.43824
1.58	0.43450
1.585	0.43144
1.59	0.42713
1.595	0.42522
1.6	0.42206
1.605	0.41901
1.61	0.41678
1.615	0.41302
1.62	0.41036
1.625	0.40734
1.63	0.40514
1.635	0.40159
1.64	0.39990
1.645	0.39692
1.65	0.39412
1.655	0.39244
1.66	0.38992
1.665	0.38761
1.67	0.38569
1.675	0.38389
1.68	0.38135
1.685	0.38004
1.69	0.37793
1.695	0.37633
1.7	0.37472
1.705	0.37312
1.71	0.37160
1.715	0.37030
1.72	0.36938
1.725	0.36786
1.73	0.36633
1.735	0.36544
1.74	0.36431
1.745	0.36361
1.75	0.36306
1.755	0.36273
1.76	0.36178
1.765	0.36069
1.77	0.36022
1.775	0.36048
1.78	0.35973
1.785	0.36019
1.79	0.35989
1.795	0.35954
1.8	0.35966
1.805	0.35968
1.81	0.35989
1.815	0.36039
1.82	0.36074
1.825	0.36145
1.83	0.36181
1.835	0.36281
1.84	0.36334
1.845	0.36432
1.85	0.36488
1.855	0.36604
1.86	0.36711
1.865	0.36802
1.87	0.36921
1.875	0.37048
1.88	0.37163
1.885	0.37261
1.89	0.37409
1.895	0.37484
1.9	0.37618
1.905	0.37737
1.91	0.37907
1.915	0.38068
1.92	0.38394
1.925	0.38492
1.93	0.38776
1.935	0.39069
1.94	0.39289
1.945	0.39597
1.95	0.39809
1.955	0.40120
1.96	0.40295
1.965	0.40644
1.97	0.41017
1.975	0.41224
1.98	0.41567
1.985	0.41877
1.99	0.42262
1.995	0.42551
2	0.42876
2.005	0.43321
2.01	0.43585
2.015	0.43988
2.02	0.44294
2.025	0.44680
2.03	0.45014
2.035	0.45301
2.04	0.45636
2.045	0.45967
2.05	0.46307
2.055	0.46664
2.06	0.46981
2.065	0.47368
2.07	0.47623
2.075	0.48015
2.08	0.48290
2.085	0.48556
2.09	0.48962
2.095	0.49211
2.1	0.49658
2.105	0.49889
2.11	0.50274
2.115	0.50540
2.12	0.50831
2.125	0.51189
2.13	0.51389
2.135	0.51741
2.14	0.51957
2.145	0.52207
2.15	0.52446
2.155	0.52716
2.16	0.53020
2.165	0.53202
2.17	0.53494
2.175	0.53653
2.18	0.53848
2.185	0.54103
2.19	0.54371
2.195	0.54628
2.2	0.54583
2.205	0.54927
2.21	0.54947
2.215	0.55166
2.22	0.55238
2.225	0.55313
2.23	0.55379
2.235	0.55343
2.24	0.55297
2.245	0.55303
2.25	0.55191
2.255	0.55450
2.26	0.55741
2.265	0.55859
2.27	0.56004
2.275	0.56007
2.28	0.56006
2.285	0.55891
2.29	0.55742
2.295	0.55499
2.3	0.55356
2.305	0.55337
2.31	0.55197
2.315	0.55208
2.32	0.55308
2.325	0.55604
2.33	0.55976
2.335	0.56265
2.34	0.56594
2.345	0.56785
2.35	0.56876
2.355	0.56823
2.36	0.57014
2.365	0.56901
2.37	0.56899
2.375	0.56836
2.38	0.56659
2.385	0.56750
2.39	0.56737
2.395	0.57039
2.4	0.57116
2.405	0.57384
2.41	0.57582
2.415	0.57730
2.42	0.57806
2.425	0.57867
2.43	0.58059
2.435	0.58059
2.44	0.58135
2.445	0.58310
2.45	0.58302
2.455	0.58304
2.46	0.58393
2.465	0.58577
2.47	0.58557
2.475	0.58626
2.48	0.58937
2.485	0.58910
2.49	0.58924
2.495	0.59015
2.5	0.58963
2.505	0.58887
2.51	0.59039
2.515	0.59198
2.52	0.59300
2.525	0.59377
2.53	0.59490
2.535	0.59691
2.54	0.59737
2.545	0.59875
2.55	0.59906
2.5519	0.59936
2.5531	0.59962
2.5544	0.59959
2.5556	0.59946
2.5569	0.59966
2.5582	0.59975
2.5594	0.59996
2.5607	0.60044
2.562	0.60092
2.5632	0.60111
2.5645	0.60114
2.5658	0.60096
2.567	0.60088
2.5683	0.60101
2.5696	0.60138
2.5709	0.60164
2.5721	0.60166
2.5734	0.60210
2.5747	0.60224
2.576	0.60198
2.5773	0.60220
2.5785	0.60237
2.5798	0.60239
2.5811	0.60271
2.5824	0.60299
2.5837	0.60345
2.585	0.60384
2.5862	0.60351
2.5875	0.60373
2.5888	0.60390
2.5901	0.60386
2.5914	0.60387
2.5927	0.60412
2.594	0.60503
2.5953	0.60635
2.5966	0.60589
2.5979	0.60501
2.5992	0.60459
2.6005	0.60452
2.6018	0.60477
2.6031	0.60509
2.6044	0.60547
2.6057	0.60611
2.6071	0.60605
2.6084	0.60574
2.6097	0.60564
2.611	0.60551
2.6123	0.60542
2.6136	0.60554
2.6149	0.60563
2.6163	0.60624
2.6176	0.60684
2.6189	0.60661
2.6202	0.60675
2.6216	0.60690
2.6229	0.60626
2.6242	0.60591
2.6255	0.60593
2.6269	0.60651
2.6282	0.60656
2.6295	0.60638
2.6309	0.60677
2.6322	0.60652
2.6335	0.60607
2.6349	0.60595
2.6362	0.60557
2.6376	0.60547
2.6389	0.60536
2.6402	0.60532
2.6416	0.60526
2.6429	0.60518
2.6443	0.60500
2.6456	0.60499
2.647	0.60487
2.6483	0.60465
2.6497	0.60447
2.651	0.60441
2.6524	0.60453
2.6538	0.60456
2.6551	0.60431
2.6565	0.60417
2.6578	0.60377
2.6592	0.60382
2.6606	0.60372
2.6619	0.60326
2.6633	0.60276
2.6647	0.60294
2.666	0.60316
2.6674	0.60264
2.6688	0.60138
2.6701	0.60058
2.6715	0.59945
2.6729	0.59690
2.6743	0.59448
2.6756	0.59229
2.677	0.58934
2.6784	0.58504
2.6798	0.57928
2.6812	0.57220
2.6826	0.56408
2.684	0.55472
2.6854	0.54397
2.6868	0.53238
2.6881	0.52016
2.6895	0.50826
2.6909	0.49731
2.6923	0.48865
2.6937	0.48186
2.6951	0.47656
2.6965	0.47256
2.6979	0.46998
2.6993	0.46780
2.7007	0.46590
2.7021	0.46359
2.7036	0.46099
2.705	0.45783
2.7064	0.45436
2.7078	0.45023
2.7092	0.44580
2.7106	0.44051
2.712	0.43444
2.7135	0.42746
2.7149	0.42021
2.7163	0.41125
2.7177	0.39761
2.7191	0.37919
2.7206	0.36280
2.722	0.35396
2.7234	0.35144
2.7249	0.35172
2.7263	0.35356
2.7277	0.35442
2.7292	0.35342
2.7306	0.35041
2.732	0.34878
2.7335	0.35015
2.7349	0.35241
2.7364	0.35427
2.7378	0.35520
2.7393	0.35609
2.7407	0.35731
2.7422	0.35710
2.7436	0.35579
2.7451	0.35555
2.7465	0.35644
2.748	0.35670
2.7494	0.35633
2.7509	0.35567
2.7523	0.35509
2.7538	0.35483
2.7553	0.35535
2.7567	0.35625
2.7582	0.35696
2.7597	0.35797
2.7611	0.35912
2.7626	0.36071
2.7641	0.36246
2.7656	0.36417
2.767	0.36652
2.7685	0.36927
2.77	0.37178
2.7715	0.37420
2.7729	0.37616
2.7744	0.37776
2.7759	0.37916
2.7774	0.38039
2.7789	0.38138
2.7804	0.38212
2.7819	0.38282
2.7834	0.38329
2.7849	0.38350
2.7864	0.38363
2.7879	0.38332
2.7894	0.38251
2.7909	0.38155
2.7924	0.38052
2.7939	0.37931
2.7954	0.37761
2.7969	0.37511
2.7984	0.37165
2.7999	0.36734
2.8014	0.36240
2.8029	0.35756
2.8044	0.35304
2.806	0.34939
2.8075	0.34731
2.809	0.34662
2.8105	0.34710
2.8121	0.34846
2.8136	0.35040
2.8151	0.35253
2.8166	0.35458
2.8182	0.35635
2.8197	0.35766
2.8212	0.35839
2.8228	0.35873
2.8243	0.35891
2.8258	0.35893
2.8274	0.35855
2.8289	0.35787
2.8305	0.35702
2.832	0.35591
2.8336	0.35445
2.8351	0.35266
2.8367	0.35092
2.8382	0.34969
2.8398	0.34928
2.8413	0.34971
2.8429	0.35092
2.8444	0.35268
2.846	0.35472
2.8476	0.35701
2.8491	0.35945
2.8507	0.36187
2.8523	0.36424
2.8538	0.36675
2.8554	0.36923
2.857	0.37164
2.8586	0.37398
2.8601	0.37615
2.8617	0.37793
2.8633	0.37934
2.8649	0.38066
2.8664	0.38197
2.868	0.38296
2.8696	0.38369
2.8712	0.38453
2.8728	0.38521
2.8744	0.38561
2.876	0.38602
2.8776	0.38653
2.8792	0.38696
2.8808	0.38730
2.8824	0.38761
2.884	0.38788
2.8856	0.38812
2.8872	0.38841
2.8888	0.38859
2.8904	0.38864
2.892	0.38879
2.8936	0.38901
2.8953	0.38915
2.8969	0.38933
2.8985	0.38950
2.9001	0.38957
2.9017	0.38964
2.9034	0.38962
2.905	0.38957
2.9066	0.38943
2.9083	0.38920
2.9099	0.38891
2.9115	0.38857
2.9131	0.38816
2.9148	0.38777
2.9164	0.38746
2.9181	0.38703
2.9197	0.38655
2.9214	0.38621
2.923	0.38596
2.9247	0.38583
2.9263	0.38574
2.928	0.38582
2.9296	0.38613
2.9313	0.38653
2.9329	0.38707
2.9346	0.38784
2.9363	0.38889
2.9379	0.39010
2.9396	0.39121
2.9412	0.39246
2.9429	0.39381
2.9446	0.39511
2.9463	0.39638
2.9479	0.39769
2.9496	0.39880
2.9513	0.39987
2.953	0.40097
2.9546	0.40203
2.9563	0.40299
2.958	0.40388
2.9597	0.40482
2.9614	0.40562
2.9631	0.40640
2.9648	0.40718
2.9665	0.40784
2.9682	0.40843
2.9699	0.40911
2.9716	0.40975
2.9733	0.41022
2.975	0.41071
2.9767	0.41125
2.9784	0.41186
2.9801	0.41243
2.9818	0.41287
2.9836	0.41330
2.9853	0.41368
2.987	0.41414
2.9887	0.41463
2.9904	0.41495
2.9922	0.41543
2.9939	0.41597
2.9956	0.41642
2.9974	0.41679
2.9991	0.41718
3.0008	0.41753
3.0026	0.41790
3.0043	0.41828
3.006	0.41873
3.0078	0.41912
3.0095	0.41952
3.0113	0.41999
3.013	0.42043
3.0148	0.42080
3.0165	0.42116
3.0183	0.42158
3.02	0.42197
3.0218	0.42230
3.0236	0.42275
3.0253	0.42309
3.0271	0.42340
3.0289	0.42382
3.0306	0.42406
3.0324	0.42437
3.0342	0.42479
3.036	0.42517
3.0377	0.42547
3.0395	0.42575
3.0413	0.42603
3.0431	0.42622
3.0449	0.42642
3.0467	0.42670
3.0484	0.42703
3.0502	0.42720
3.052	0.42743
3.0538	0.42767
3.0556	0.42771
3.0574	0.42783
3.0592	0.42802
3.0611	0.42806
3.0629	0.42815
3.0647	0.42814
3.0665	0.42804
3.0683	0.42801
3.0701	0.42796
3.0719	0.42795
3.0738	0.42788
3.0756	0.42776
3.0774	0.42762
3.0792	0.42750
3.0811	0.42742
3.0829	0.42730
3.0847	0.42724
3.0866	0.42717
3.0884	0.42697
3.0902	0.42696
3.0921	0.42699
3.0939	0.42678
3.0958	0.42665
3.0976	0.42667
3.0995	0.42669
3.1013	0.42663
3.1032	0.42658
3.105	0.42663
3.1069	0.42660
3.1088	0.42661
3.1106	0.42689
3.1125	0.42716
3.1144	0.42731
3.1162	0.42748
3.1181	0.42766
3.12	0.42801
3.1219	0.42840
3.1237	0.42877
3.1256	0.42927
3.1275	0.42970
3.1294	0.43012
3.1313	0.43056
3.1332	0.43101
3.1351	0.43165
3.137	0.43229
3.1389	0.43299
3.1408	0.43370
3.1427	0.43432
3.1446	0.43493
3.1465	0.43580
3.1484	0.43669
3.1503	0.43744
3.1522	0.43818
3.1541	0.43887
3.1561	0.43968
3.158	0.44054
3.1599	0.44141
3.1618	0.44230
3.1638	0.44312
3.1657	0.44390
3.1676	0.44474
3.1696	0.44563
3.1715	0.44647
3.1734	0.44720
3.1754	0.44797
3.1773	0.44879
3.1793	0.44966
3.1812	0.45048
3.1832	0.45126
3.1851	0.45208
3.1871	0.45291
3.1891	0.45374
3.191	0.45442
3.193	0.45511
3.1949	0.45585
3.1969	0.45656
3.1989	0.45726
3.2009	0.45791
3.2029	0.45852
3.2048	0.45918
3.2068	0.45986
3.2088	0.46051
3.2108	0.46106
3.2128	0.46156
3.2148	0.46199
3.2168	0.46254
3.2188	0.46321
3.2208	0.46381
3.2228	0.46440
3.2248	0.46479
3.2268	0.46497
3.2288	0.46548
3.2308	0.46607
3.2328	0.46648
3.2348	0.46692
3.2368	0.46737
3.2389	0.46777
3.2409	0.46806
3.2429	0.46833
3.2449	0.46873
3.247	0.46931
3.249	0.46965
3.251	0.46988
3.2531	0.47026
3.2551	0.47061
3.2572	0.47096
3.2592	0.47140
3.2613	0.47189
3.2633	0.47221
3.2654	0.47259
3.2674	0.47300
3.2695	0.47329
3.2716	0.47379
3.2736	0.47416
3.2757	0.47443
3.2778	0.47477
3.2798	0.47528
3.2819	0.47559
3.284	0.47581
3.2861	0.47621
3.2881	0.47663
3.2902	0.47691
3.2923	0.47712
3.2944	0.47735
3.2965	0.47757
3.2986	0.47790
3.3007	0.47831
3.3028	0.47852
3.3049	0.47870
3.307	0.47894
3.3091	0.47920
3.3112	0.47949
3.3134	0.47974
3.3155	0.47989
3.3176	0.48016
3.3197	0.48042
3.3219	0.48065
3.324	0.48098
3.3261	0.48122
3.3283	0.48143
3.3304	0.48175
3.3325	0.48188
3.3347	0.48186
3.3368	0.48188
3.339	0.48195
3.3411	0.48195
3.3433	0.48191
3.3454	0.48181
3.3476	0.48170
3.3498	0.48158
3.3519	0.48135
3.3541	0.48107
3.3563	0.48091
3.3584	0.48066
3.3606	0.48026
3.3628	0.47975
3.365	0.47925
3.3671	0.47881
3.3693	0.47842
3.3715	0.47808
3.3737	0.47784
3.3759	0.47770
3.3781	0.47757
3.3803	0.47751
3.3825	0.47758
3.3847	0.47769
3.3869	0.47775
3.3891	0.47770
3.3914	0.47771
3.3936	0.47795
3.3958	0.47826
3.398	0.47840
3.4003	0.47857
3.4025	0.47874
3.4047	0.47881
3.407	0.47893
3.4092	0.47917
3.4114	0.47959
3.4137	0.48011
3.4159	0.48080
3.4182	0.48163
3.4204	0.48271
3.4227	0.48404
3.425	0.48535
3.4272	0.48634
3.4295	0.48738
3.4318	0.48840
3.434	0.48930
3.4363	0.49008
3.4386	0.49059
3.4409	0.49123
3.4432	0.49183
3.4454	0.49242
3.4477	0.49295
3.45	0.49353
3.4523	0.49409
3.4546	0.49443
3.4569	0.49487
3.4592	0.49538
3.4616	0.49559
3.4639	0.49563
3.4662	0.49565
3.4685	0.49559
3.4708	0.49559
3.4731	0.49545
3.4755	0.49525
3.4778	0.49515
3.4801	0.49506
3.4825	0.49482
3.4848	0.49474
3.4872	0.49486
3.4895	0.49503
3.4919	0.49517
3.4942	0.49543
3.4966	0.49590
3.4989	0.49644
3.5013	0.49698
3.5036	0.49777
3.506	0.49888
3.5084	0.49991
3.5108	0.50087
3.5131	0.50168
3.5155	0.50235
3.5179	0.50319
3.5203	0.50384
3.5227	0.50433
3.5251	0.50485
3.5275	0.50528
3.5299	0.50569
3.5323	0.50608
3.5347	0.50650
3.5371	0.50688
3.5395	0.50714
3.5419	0.50738
3.5444	0.50760
3.5468	0.50778
3.5492	0.50801
3.5516	0.50827
3.5541	0.50848
3.5565	0.50868
3.559	0.50905
3.5614	0.50920
3.5639	0.50927
3.5663	0.50936
3.5688	0.50944
3.5712	0.50955
3.5737	0.50979
3.5761	0.50995
3.5786	0.51016
3.5811	0.51042
3.5836	0.51065
3.586	0.51069
3.5885	0.51057
3.591	0.51059
3.5935	0.51077
3.596	0.51104
3.5985	0.51119
3.601	0.51129
3.6035	0.51120
3.606	0.51119
3.6085	0.51133
3.611	0.51133
3.6135	0.51138
3.616	0.51152
3.6186	0.51162
3.6211	0.51170
3.6236	0.51170
3.6261	0.51171
3.6287	0.51181
3.6312	0.51180
3.6338	0.51166
3.6363	0.51165
3.6389	0.51181
3.6414	0.51183
3.644	0.51180
3.6466	0.51185
3.6491	0.51181
3.6517	0.51177
3.6543	0.51182
3.6568	0.51193
3.6594	0.51193
3.662	0.51184
3.6646	0.51192
3.6672	0.51203
3.6698	0.51193
3.6724	0.51183
3.675	0.51185
3.6776	0.51190
3.6802	0.51205
3.6828	0.51221
3.6854	0.51225
3.6881	0.51216
3.6907	0.51212
3.6933	0.51215
3.6959	0.51223
3.6986	0.51237
3.7012	0.51244
3.7039	0.51249
3.7065	0.51248
3.7092	0.51249
3.7118	0.51249
3.7145	0.51249
3.7171	0.51250
3.7198	0.51252
3.7225	0.51247
3.7252	0.51247
3.7278	0.51250
3.7305	0.51255
3.7332	0.51252
3.7359	0.51250
3.7386	0.51251
3.7413	0.51251
3.744	0.51246
3.7467	0.51245
3.7494	0.51241
3.7521	0.51238
3.7548	0.51238
3.7576	0.51240
3.7603	0.51237
3.763	0.51241
3.7657	0.51239
3.7685	0.51242
3.7712	0.51236
3.774	0.51229
3.7767	0.51223
3.7795	0.51222
3.7822	0.51218
3.785	0.51216
3.7877	0.51210
3.7905	0.51202
3.7933	0.51197
3.7961	0.51193
3.7988	0.51185
3.8016	0.51178
3.8044	0.51166
3.8072	0.51163
3.81	0.51158
3.8128	0.51158
3.8156	0.51155
3.8184	0.51149
3.8212	0.51144
3.8241	0.51145
3.8269	0.51137
3.8297	0.51135
3.8325	0.51132
3.8354	0.51126
3.8382	0.51119
3.8411	0.51119
3.8439	0.51118
3.8468	0.51113
3.8496	0.51103
3.8525	0.51096
3.8553	0.51088
3.8582	0.51084
3.8611	0.51078
3.8639	0.51069
3.8668	0.51055
3.8697	0.51047
3.8726	0.51041
3.8755	0.51040
3.8784	0.51031
3.8813	0.51020
3.8842	0.51011
3.8871	0.51006
3.89	0.50999
3.893	0.50993
3.8959	0.50980
3.8988	0.50971
3.9017	0.50958
3.9047	0.50946
3.9076	0.50935
3.9106	0.50923
3.9135	0.50900
3.9165	0.50879
3.9194	0.50864
3.9224	0.50853
3.9254	0.50838
3.9284	0.50827
3.9313	0.50808
3.9343	0.50791
3.9373	0.50773
3.9403	0.50759
3.9433	0.50740
3.9463	0.50723
3.9493	0.50702
3.9523	0.50687
3.9553	0.50672
3.9583	0.50660
3.9614	0.50648
3.9644	0.50637
3.9674	0.50629
3.9705	0.50627
3.9735	0.50623
3.9766	0.50625
3.9796	0.50620
3.9826	0.50620
3.9857	0.50620
3.9888	0.50626
3.9919	0.50624
3.9949	0.50612
3.998	0.50601
4.0011	0.50602
4.0042	0.50600
4.0073	0.50592
4.0104	0.50578
4.0135	0.50570
4.0166	0.50564
4.0197	0.50557
4.0228	0.50545
4.0259	0.50539
4.0291	0.50525
4.0322	0.50510
4.0353	0.50493
4.0385	0.50481
4.0416	0.50470
4.0448	0.50460
4.0479	0.50441
4.0511	0.50426
4.0543	0.50409
4.0574	0.50396
4.0606	0.50382
4.0638	0.50366
4.067	0.50349
4.0702	0.50333
4.0734	0.50311
4.0766	0.50303
4.0798	0.50288
4.083	0.50275
4.0862	0.50260
4.0894	0.50241
4.0927	0.50220
4.0959	0.50206
4.0991	0.50188
4.1024	0.50169
4.1056	0.50145
4.1089	0.50124
4.1121	0.50104
4.1154	0.50087
4.1187	0.50066
4.122	0.50049
4.1252	0.50023
4.1285	0.50000
4.1318	0.49979
4.1351	0.49966
4.1384	0.49945
4.1417	0.49925
4.145	0.49901
4.1483	0.49878
4.1516	0.49850
4.155	0.49825
4.1583	0.49804
4.1616	0.49783
4.165	0.49755
4.1683	0.49729
4.1717	0.49703
4.175	0.49681
4.1784	0.49653
4.1818	0.49631
4.1852	0.49601
4.1885	0.49570
4.1919	0.49536
4.1953	0.49506
4.1987	0.49478
4.2021	0.49455
4.2055	0.49426
4.2089	0.49397
4.2124	0.49370
4.2158	0.49346
4.2192	0.49318
4.2226	0.49297
4.2261	0.49273
4.2295	0.49252
4.233	0.49226
4.2365	0.49206
4.2399	0.49178
4.2434	0.49150
4.2469	0.49119
4.2503	0.49088
4.2538	0.49053
4.2573	0.49019
4.2608	0.48987
4.2643	0.48961
4.2678	0.48934
4.2713	0.48918
4.2749	0.48900
4.2784	0.48883
4.2819	0.48865
4.2855	0.48857
4.289	0.48843
4.2926	0.48834
4.2961	0.48820
4.2997	0.48810
4.3033	0.48799
4.3068	0.48791
4.3104	0.48783
4.314	0.48776
4.3176	0.48768
4.3212	0.48762
4.3248	0.48750
4.3284	0.48741
4.332	0.48727
4.3356	0.48717
4.3393	0.48703
4.3429	0.48689
4.3465	0.48673
4.3502	0.48662
4.3538	0.48645
4.3575	0.48632
4.3611	0.48618
4.3648	0.48603
4.3685	0.48583
4.3722	0.48566
4.3759	0.48545
4.3796	0.48525
4.3833	0.48499
4.387	0.48478
4.3907	0.48457
4.3944	0.48438
4.3981	0.48416
4.4019	0.48395
4.4056	0.48369
4.4094	0.48344
4.4131	0.48312
4.4169	0.48292
4.4206	0.48265
4.4244	0.48234
4.4282	0.48198
4.432	0.48171
4.4358	0.48142
4.4396	0.48113
4.4434	0.48079
4.4472	0.48045
4.451	0.48009
4.4548	0.47975
4.4586	0.47939
4.4625	0.47903
4.4663	0.47860
4.4702	0.47816
4.474	0.47767
4.4779	0.47725
4.4818	0.47675
4.4856	0.47625
4.4895	0.47571
4.4934	0.47517
4.4973	0.47451
4.5012	0.47391
4.5051	0.47322
4.509	0.47247
4.513	0.47161
4.5169	0.47074
4.5209	0.46977
4.5248	0.46873
4.5287	0.46756
4.5327	0.46637
4.5367	0.46503
4.5406	0.46373
4.5446	0.46238
4.5486	0.46101
4.5526	0.45956
4.5566	0.45811
4.5606	0.45655
4.5646	0.45497
4.5686	0.45330
4.5727	0.45159
4.5767	0.44975
4.5808	0.44788
4.5848	0.44593
4.5889	0.44393
4.5929	0.44181
4.597	0.43967
4.6011	0.43740
4.6052	0.43511
4.6093	0.43283
4.6134	0.43050
4.6175	0.42808
4.6216	0.42569
4.6257	0.42322
4.6298	0.42073
4.634	0.41823
4.6381	0.41577
4.6423	0.41324
4.6464	0.41073
4.6506	0.40826
4.6548	0.40586
4.659	0.40338
4.6631	0.40095
4.6673	0.39854
4.6715	0.39624
4.6758	0.39398
4.68	0.39183
4.6842	0.38973
4.6884	0.38780
4.6927	0.38589
4.6969	0.38408
4.7012	0.38235
4.7055	0.38058
4.7097	0.37879
4.714	0.37714
4.7183	0.37549
4.7226	0.37382
4.7269	0.37214
4.7312	0.37051
4.7355	0.36880
4.7399	0.36717
4.7442	0.36556
4.7485	0.36391
4.7529	0.36219
4.7573	0.36052
4.7616	0.35876
4.766	0.35692
4.7704	0.35501
4.7748	0.35305
4.7792	0.35097
4.7836	0.34887
4.788	0.34675
4.7924	0.34464
4.7969	0.34243
4.8013	0.34027
4.8058	0.33815
4.8102	0.33616
4.8147	0.33417
4.8191	0.33226
4.8236	0.33045
4.8281	0.32875
4.8326	0.32715
4.8371	0.32565
4.8416	0.32419
4.8462	0.32289
4.8507	0.32165
4.8553	0.32047
4.8598	0.31933
4.8644	0.31827
4.8689	0.31729
4.8735	0.31647
4.8781	0.31560
4.8827	0.31477
4.8873	0.31394
4.8919	0.31312
4.8965	0.31233
4.9011	0.31157
4.9058	0.31075
4.9104	0.30994
4.9151	0.30908
4.9197	0.30825
4.9244	0.30738
4.9291	0.30653
4.9338	0.30562
4.9385	0.30476
4.9432	0.30391
4.9479	0.30310
4.9526	0.30227
4.9574	0.30146
4.9621	0.30065
4.9669	0.29991
4.9716	0.29909
4.9764	0.29820
4.9812	0.29729
4.986	0.29639
4.9908	0.29545
4.9956	0.29449
5.0004	0.29341
5.0052	0.29226
5.01	0.29099
5.0149	0.28963
5.0198	0.28816
5.0246	0.28662
5.0295	0.28500
5.0344	0.28338
5.0393	0.28166
5.0442	0.27990
5.0491	0.27814
5.054	0.27638
5.0589	0.27458
5.0639	0.27292
5.0688	0.27129
5.0738	0.26967
5.0788	0.26806
5.0837	0.26653
5.0887	0.26507
5.0937	0.26363
5.0987	0.26222
5.1037	0.26087
5.1088	0.25956
5.1138	0.25834
5.1189	0.25714
5.1239	0.25605
5.129	0.25513
5.1341	0.25438
5.1391	0.25378
5.1443	0.25342
5.1494	0.25336
5.1545	0.25350
5.1596	0.25389
5.1647	0.25455
5.1699	0.25538
5.175	0.25639
5.1802	0.25753
5.1854	0.25885
5.1906	0.26025
5.1958	0.26171
5.201	0.26322
5.2062	0.26472
5.2115	0.26619
5.2167	0.26765
5.222	0.26898
5.2272	0.27031
5.2325	0.27165
5.2378	0.27302
5.2431	0.27429
5.2484	0.27559
5.2537	0.27690
5.259	0.27824
5.2644	0.27961
5.2697	0.28101
5.2751	0.28241
5.2805	0.28384
5.2858	0.28518
5.2912	0.28656
5.2966	0.28785
5.302	0.28910
5.3075	0.29027
5.3129	0.29140
5.3184	0.29239
5.3238	0.29328
5.3293	0.29408
5.3348	0.29478
5.3403	0.29535
5.3458	0.29585
5.3513	0.29635
5.3568	0.29677
5.3624	0.29691
5.3679	0.29700
5.3735	0.29705
5.379	0.29699
5.3846	0.29677
5.3902	0.29648
5.3958	0.29604
5.4015	0.29560
5.4071	0.29508
5.4127	0.29454
5.4184	0.29405
5.4241	0.29373
5.4297	0.29332
5.4354	0.29300
5.4411	0.29280
5.4469	0.29272
5.4526	0.29274
5.4583	0.29286
5.4641	0.29306
5.4698	0.29334
5.4756	0.29349
5.4814	0.29375
5.4872	0.29389
5.493	0.29399
5.4988	0.29402
5.5047	0.29400
5.5105	0.29379
5.5164	0.29346
5.5223	0.29290
5.5281	0.29218
5.534	0.29122
5.54	0.29006
5.5459	0.28869
5.5518	0.28723
5.5578	0.28561
5.5637	0.28401
5.5697	0.28245
5.5757	0.28107
5.5817	0.27975
5.5877	0.27840
5.5937	0.27714
5.5998	0.27612
5.6058	0.27517
5.6119	0.27433
5.618	0.27361
5.6241	0.27296
5.6302	0.27235
5.6363	0.27195
5.6424	0.27173
5.6486	0.27152
5.6547	0.27124
5.6609	0.27103
5.6671	0.27085
5.6733	0.27081
5.6795	0.27072
5.6857	0.27049
5.692	0.27027
5.6982	0.27000
5.7045	0.26955
5.7108	0.26913
5.7171	0.26851
5.7234	0.26773
5.7297	0.26685
5.736	0.26597
5.7424	0.26506
5.7488	0.26423
5.7551	0.26334
5.7615	0.26264
5.768	0.26216
5.7744	0.26150
5.7808	0.26084
5.7873	0.26038
5.7937	0.25994
5.8002	0.25962
5.8067	0.25932
5.8132	0.25913
5.8198	0.25911
5.8263	0.25911
5.8328	0.25876
5.8394	0.25839
5.846	0.25798
5.8526	0.25759
5.8592	0.25695
5.8658	0.25621
5.8725	0.25525
5.8791	0.25430
5.8858	0.25291
5.8925	0.25123
5.8992	0.24934
5.9059	0.24716
5.9126	0.24490
5.9194	0.24264
5.9262	0.24023
5.9329	0.23789
5.9397	0.23529
5.9465	0.23260
5.9534	0.22986
5.9602	0.22731
5.9671	0.22485
5.974	0.22240
5.9808	0.22003
5.9878	0.21802
5.9947	0.21598
6.0016	0.21409
6.0086	0.21236
6.0155	0.21085
6.0225	0.20929
6.0295	0.20787
6.0365	0.20649
6.0436	0.20538
6.0506	0.20435
6.0577	0.20308
6.0648	0.20180
6.0719	0.20085
6.079	0.19979
6.0861	0.19877
6.0933	0.19780
6.1005	0.19699
6.1076	0.19622
6.1149	0.19555
6.1221	0.19458
6.1293	0.19361
6.1365	0.19270
6.1438	0.19190
6.1511	0.19109
6.1584	0.19039
6.1657	0.18969
6.1731	0.18903
6.1804	0.18858
6.1878	0.18839
6.1952	0.18811
6.2026	0.18792
6.21	0.18791
6.2175	0.18799
6.225	0.18806
6.2324	0.18813
6.2399	0.18815
6.2475	0.18817
6.255	0.18816
6.2625	0.18814
6.2701	0.18814
6.2777	0.18820
6.2853	0.18832
6.2929	0.18857
6.3006	0.18887
6.3083	0.18924
6.3159	0.18977
6.3236	0.19047
6.3314	0.19132
6.3391	0.19230
6.3469	0.19357
6.3546	0.19465
6.3624	0.19567
6.3703	0.19696
6.3781	0.19818
6.3859	0.19918
6.3938	0.20026
6.4017	0.20124
6.4096	0.20234
6.4176	0.20359
6.4255	0.20423
6.4335	0.20478
6.4415	0.20549
6.4495	0.20609
6.4575	0.20674
6.4656	0.20739
6.4736	0.20818
6.4817	0.20898
6.4898	0.20990
6.498	0.21082
6.5061	0.21130
6.5143	0.21175
6.5225	0.21248
6.5307	0.21288
6.5389	0.21314
6.5472	0.21334
6.5555	0.21335
6.5638	0.21322
6.5721	0.21313
6.5804	0.21269
6.5888	0.21220
6.5972	0.21189
6.6056	0.21156
6.614	0.21138
6.6225	0.21137
6.6309	0.21161
6.6394	0.21212
6.6479	0.21236
6.6565	0.21260
6.665	0.21319
6.6736	0.21393
6.6822	0.21472
6.6908	0.21547
6.6995	0.21603
6.7081	0.21671
6.7168	0.21734
6.7255	0.21782
6.7343	0.21822
6.743	0.21859
6.7518	0.21891
6.7606	0.21910
6.7694	0.21922
6.7783	0.21930
6.7871	0.21927
6.796	0.21912
6.805	0.21874
6.8139	0.21840
6.8229	0.21811
6.8319	0.21766
6.8409	0.21697
6.8499	0.21634
6.859	0.21580
6.868	0.21511
6.8772	0.21415
6.8863	0.21328
6.8955	0.21258
6.9046	0.21182
6.9138	0.21094
6.9231	0.21007
6.9323	0.20925
6.9416	0.20834
6.9509	0.20742
6.9602	0.20655
6.9696	0.20561
6.979	0.20462
6.9884	0.20377
6.9978	0.20291
7.0073	0.20203
7.0168	0.20118
7.0263	0.20039
7.0358	0.19958
7.0454	0.19887
7.0549	0.19806
7.0645	0.19729
7.0742	0.19661
7.0839	0.19598
7.0935	0.19537
7.1033	0.19486
7.113	0.19440
7.1228	0.19392
7.1326	0.19329
7.1424	0.19273
7.1522	0.19208
7.1621	0.19134
7.172	0.19052
7.182	0.18957
7.1919	0.18858
7.2019	0.18767
7.2119	0.18670
7.222	0.18565
7.232	0.18458
7.2421	0.18357
7.2523	0.18253
7.2624	0.18147
7.2726	0.18031
7.2828	0.17909
7.2931	0.17777
7.3033	0.17646
7.3136	0.17504
7.324	0.17368
7.3343	0.17237
7.3447	0.17101
7.3551	0.16957
7.3656	0.16818
7.3761	0.16682
7.3866	0.16556
7.3971	0.16427
7.4077	0.16297
7.4183	0.16169
7.4289	0.16047
7.4396	0.15926
7.4502	0.15808
7.461	0.15679
7.4717	0.15552
7.4825	0.15415
7.4933	0.15277
7.5041	0.15140
7.515	0.15004
7.5259	0.14858
7.5369	0.14718
7.5479	0.14574
7.5589	0.14428
7.5699	0.14273
7.581	0.14124
7.592	0.13976
7.6032	0.13826
7.6144	0.13672
7.6255	0.13520
7.6368	0.13362
7.648	0.13205
7.6593	0.13041
7.6707	0.12882
7.682	0.12715
7.6934	0.12549
7.7049	0.12379
7.7163	0.12213
7.7278	0.12035
7.7394	0.11865
7.7509	0.11692
7.7625	0.11521
7.7742	0.11339
7.7858	0.11158
7.7975	0.10980
7.8093	0.10806
7.8211	0.10622
7.8329	0.10439
7.8447	0.10251
7.8566	0.10068
7.8685	0.09872
7.8805	0.09677
7.8925	0.09479
7.9045	0.09282
7.9166	0.09074
7.9287	0.08876
7.9408	0.08670
7.953	0.08464
7.9652	0.08253
7.9775	0.08041
7.9898	0.07814
8.0021	0.07597
8.0145	0.07371
8.0269	0.07144
8.0393	0.06918
8.0518	0.06693
8.0643	0.06459
8.0769	0.06235
8.0895	0.05998
8.1021	0.05767
8.1148	0.05530
8.1275	0.05301
8.1403	0.05068
8.1531	0.04842
8.1659	0.04607
8.1788	0.04383
8.1917	0.04160
8.2047	0.03948
8.2177	0.03733
8.2307	0.03525
8.2438	0.03319
8.257	0.03128
8.2701	0.02938
8.2833	0.02757
8.2966	0.02585
8.3099	0.02431
8.3232	0.02278
8.3366	0.02144
8.35	0.02006
8.3635	0.01891
8.377	0.01788
8.3905	0.01713
8.4042	0.01637
8.4178	0.01585
8.4315	0.01555
8.4452	0.01560
8.459	0.01579
8.4728	0.01639
8.4867	0.01738
8.5006	0.01898
8.5145	0.02107
8.5285	0.02384
8.5426	0.02727
8.5567	0.03151
8.5708	0.03637
8.585	0.04211
8.5993	0.04853
8.6135	0.05566
8.6279	0.06315
8.6423	0.07092
8.6567	0.07859
8.6712	0.08608
8.6857	0.09317
8.7003	0.09988
8.7149	0.10575
8.7296	0.11015
8.7443	0.11191
8.759	0.11084
8.7739	0.10860
8.7887	0.10773
8.8037	0.10919
8.8186	0.11245
8.8337	0.11628
8.8487	0.11985
8.8638	0.12242
8.879	0.12409
8.8943	0.12504
8.9095	0.12554
8.9249	0.12582
8.9403	0.12615
8.9557	0.12646
8.9712	0.12687
8.9867	0.12722
9.0023	0.12753
9.018	0.12776
9.0337	0.12799
9.0495	0.12827
9.0653	0.12875
9.0812	0.12925
9.0971	0.12973
9.1131	0.13018
9.1291	0.13060
9.1452	0.13094
9.1614	0.13122
9.1776	0.13146
9.1939	0.13191
9.2102	0.13252
9.2266	0.13322
9.243	0.13397
9.2595	0.13482
9.2761	0.13559
9.2927	0.13645
9.3094	0.13729
9.3262	0.13816
9.343	0.13897
9.3598	0.13972
9.3768	0.14022
9.3937	0.14033
9.4108	0.13999
9.4279	0.13926
9.4451	0.13801
9.4623	0.13640
9.4796	0.13452
9.497	0.13247
9.5144	0.13028
9.5319	0.12795
9.5494	0.12531
9.567	0.12246
9.5847	0.11952
9.6025	0.11665
9.6203	0.11386
9.6382	0.11114
9.6561	0.10830
9.6742	0.10571
9.6922	0.10328
9.7104	0.10098
9.7286	0.09892
9.7469	0.09717
9.7652	0.09561
9.7837	0.09451
9.8022	0.09373
9.8207	0.09333
9.8394	0.09337
9.8581	0.09404
9.8768	0.09525
9.8957	0.09710
9.9146	0.09926
9.9336	0.10150
9.9527	0.10351
9.9718	0.10522
9.991	0.10641
10.0103	0.10708
10.0297	0.10757
10.0491	0.10829
10.0686	0.10937
10.0882	0.11103
10.1079	0.11310
10.1276	0.11563
10.1474	0.11837
10.1673	0.12147
10.1873	0.12514
10.2074	0.12935
10.2275	0.13346
10.2477	0.13647
10.268	0.13761
10.2884	0.13685
10.3088	0.13459
10.3294	0.13196
10.35	0.13009
10.3707	0.12946
10.3915	0.12949
10.4123	0.12959
10.4333	0.12926
10.4543	0.12832
10.4755	0.12670
10.4967	0.12459
10.518	0.12200
10.5393	0.11922
10.5608	0.11640
10.5823	0.11369
10.604	0.11116
10.6257	0.10888
10.6475	0.10688
10.6694	0.10527
10.6914	0.10396
10.7135	0.10293
10.7357	0.10209
10.758	0.10152
10.7803	0.10103
10.8028	0.10047
10.8254	0.09961
10.848	0.09853
10.8708	0.09704
10.8936	0.09519
10.9165	0.09310
10.9395	0.09102
10.9627	0.08877
10.9859	0.08672
11.0092	0.08500
11.0327	0.08367
11.0562	0.08286
11.0798	0.08270
11.1035	0.08281
11.1273	0.08311
11.1513	0.08345
11.1753	0.08392
11.1995	0.08445
11.2237	0.08516
11.248	0.08621
11.2725	0.08772
11.297	0.08957
11.3217	0.09181
11.3465	0.09404
11.3714	0.09610
11.3964	0.09759
11.4215	0.09853
11.4467	0.09886
11.472	0.09863
11.4975	0.09796
11.523	0.09689
11.5487	0.09544
11.5745	0.09390
11.6003	0.09222
11.6263	0.09048
11.6525	0.08884
11.6787	0.08752
11.7051	0.08626
11.7316	0.08505
11.7582	0.08376
11.7849	0.08246
11.8117	0.08100
11.8387	0.07941
11.8658	0.07774
11.893	0.07624
11.9203	0.07470
11.9478	0.07321
11.9754	0.07191
12.0031	0.07094
12.031	0.07010
12.059	0.06942
12.0871	0.06872
12.1153	0.06826
12.1437	0.06779
12.1722	0.06737
12.2008	0.06711
12.2296	0.06703
12.2585	0.06689
12.2876	0.06676
12.3168	0.06654
12.3461	0.06635
12.3755	0.06626
12.4052	0.06616
12.4349	0.06594
12.4648	0.06573
12.4948	0.06530
12.525	0.06491
12.5553	0.06433
12.5858	0.06372
12.6164	0.06313
12.6472	0.06260
12.6781	0.06187
12.7092	0.06119
12.7404	0.06030
12.7718	0.05932
12.8033	0.05834
12.835	0.05716
12.8669	0.05551
12.8989	0.05370
12.931	0.05165
12.9634	0.04957
12.9959	0.04773
13.0285	0.04633
13.0613	0.04540
13.0943	0.04532
13.1275	0.04563
13.1608	0.04608
13.1943	0.04648
13.228	0.04688
13.2618	0.04702
13.2958	0.04693
13.33	0.04675
13.3643	0.04684
13.3989	0.04701
13.4336	0.04709
13.4685	0.04693
13.5035	0.04666
13.5388	0.04598
13.5742	0.04529
13.6099	0.04441
13.6457	0.04354
13.6817	0.04288
13.7179	0.04266
13.7543	0.04259
13.7908	0.04269
13.8276	0.04255
13.8646	0.04219
13.9018	0.04160
13.9391	0.04099
13.9767	0.04037
14.0145	0.03980
14.0525	0.03918
14.0907	0.03877
14.129	0.03855
14.1677	0.03874
14.2065	0.03933
14.2455	0.04040
14.2847	0.04185
14.3242	0.04365
14.3639	0.04524
14.4038	0.04629
14.4439	0.04645
14.4843	0.04573
14.5248	0.04393
14.5656	0.04198
14.6067	0.04010
14.6479	0.03815
14.6894	0.03645
14.7311	0.03506
14.7731	0.03382
14.8153	0.03288
14.8578	0.03207
14.9005	0.03136
14.9434	0.03061
14.9866	0.02997
15.03	0.02932
15.0737	0.02890
15.1177	0.02890
15.1619	0.02951
15.2063	0.03044
15.2511	0.03141
15.2961	0.03227
15.3413	0.03333
15.3868	0.03417
15.4326	0.03466
15.4787	0.03467
15.5251	0.03450
15.5717	0.03418
15.6186	0.03393
15.6658	0.03407
15.7132	0.03459
15.761	0.03464
15.809	0.03417
15.8574	0.03339
15.906	0.03240
15.955	0.03096
16.0042	0.02986
16.0538	0.02935
16.1036	0.02979
16.1538	0.03127
16.2043	0.03426
16.2551	0.03860
16.3062	0.04420
16.3576	0.05071
16.4094	0.05758
16.4615	0.06412
16.5139	0.07046
16.5667	0.07645
16.6198	0.08175
16.6732	0.08637
16.727	0.09082
16.7811	0.09483
16.8356	0.09860
16.8904	0.10225
16.9457	0.10632
17.0012	0.11070
17.0571	0.11538
17.1134	0.12023
17.1701	0.12507
17.2272	0.12972
17.2846	0.13412
17.3424	0.13813
17.4006	0.14131
17.4592	0.14303
17.5182	0.14384
17.5775	0.14400
17.6373	0.14335
17.6975	0.14182
17.7581	0.14049
17.8192	0.14024
17.8806	0.14157
17.9425	0.14421
18.0048	0.14725
18.0675	0.15050
18.1307	0.15400
18.1943	0.15713
18.2583	0.15943
18.3229	0.16095
18.3879	0.16204
18.4533	0.16249
18.5192	0.16326
18.5856	0.16475
18.6524	0.16622
18.7198	0.16602
18.7876	0.16399
18.8559	0.16118
18.9248	0.16090
18.9941	0.16431
19.0639	0.16947
19.1343	0.17519
19.2051	0.18107
19.2765	0.18630
19.3484	0.19013
19.4209	0.19198
19.4939	0.19211
19.5675	0.19102
19.6416	0.18928
19.7163	0.18713
19.7915	0.18384
19.8673	0.18042
19.9438	0.17691
20.0208	0.17303
20.0984	0.16947
20.1766	0.16548
20.2554	0.16100
20.3348	0.15683
20.4149	0.15298
20.4956	0.14899
20.5769	0.14519
20.6589	0.14184
20.7415	0.13790
20.8248	0.13351
20.9088	0.12944
20.9934	0.12605
21.0788	0.12333
21.1648	0.12152
21.2516	0.12160
21.339	0.12325
21.4272	0.12608
21.5161	0.12804
21.6058	0.13036
21.6962	0.13351
21.7873	0.13585
21.8793	0.13640
21.972	0.13605
22.0655	0.13524
22.1598	0.13503
22.2549	0.13448
22.3508	0.13316
22.4475	0.13076
22.5451	0.12777
22.6436	0.12465
22.7429	0.12118
22.8431	0.11750
22.9442	0.11371
23.0462	0.11029
23.1491	0.10717
23.2529	0.10454
23.3576	0.10198
23.4633	0.09910
23.5699	0.09609
23.6776	0.09328
23.7862	0.09159
23.8958	0.09043
24.0064	0.09005
24.1181	0.09128
24.2308	0.09281
24.3445	0.09461
24.4593	0.09711
24.5753	0.09964
24.6923	0.10109
24.8104	0.10183
24.9297	0.10217
25.0501	0.10174
25.1717	0.10146
25.2946	0.10124
25.4186	0.10058
25.5438	0.10022
25.6702	0.09974
25.7979	0.09834
25.9269	0.09604
26.0572	0.09394
26.1888	0.09191
26.3217	0.09026
26.456	0.08819
26.5917	0.08660
26.7288	0.08611
26.8672	0.08616
27.0072	0.08650
27.1486	0.08736
27.2915	0.08829
27.4359	0.09053
27.5818	0.09467
27.7293	0.09865
27.8784	0.10288
28.0291	0.10794
28.1814	0.11231
28.3354	0.11562
28.4911	0.11838
28.6485	0.11933
28.8077	0.11964
28.9686	0.11922
29.1313	0.11843
29.296	0.11769
29.4624	0.11780
29.6308	0.11792
29.8011	0.11745
29.9733	0.11737
30.1476	0.11643
30.3239	0.11536
30.5022	0.11466
30.6827	0.11173
30.8653	0.10888
31.0502	0.10643
31.2372	0.10421
31.4265	0.10278
31.6182	0.10202
31.8122	0.10051
32.0086	0.09969
32.2074	0.09855
32.4087	0.09804
32.6125	0.09853
32.8189	0.09839
33.0279	0.09788
33.2396	0.09619
33.4541	0.09516
33.6713	0.09457
33.8914	0.09332
34.1143	0.09255
34.3403	0.09347
34.5692	0.09359
34.8013	0.09240
35.0364	0.09269
35.2747	0.09527
35.5164	0.09621
35.7613	0.09572
36.0096	0.09620
36.2614	0.09576
36.5167	0.09575
36.7757	0.09629
37.0384	0.09885
37.3049	0.10104
37.5752	0.10098
37.8495	0.09984
38.1278	0.09955
38.4103	0.10000
38.6969	0.09849
38.9879	0.09794
39.2832	0.09934
39.5831	0.09971
39.8876	0.09947
40.1968	0.09832
40.5108	0.09656
40.8298	0.09495
41.1538	0.09383
41.483	0.09270
41.8176	0.09259
42.1575	0.09216
42.5031	0.09383
42.8544	0.09569
43.2116	0.09860
43.5747	0.10200
43.944	0.10395
44.3196	0.10531
44.7016	0.10751
45.0903	0.10950
45.4858	0.10979
45.8883	0.11161
46.298	0.11245
46.7151	0.11309
47.1398	0.11206
47.5723	0.11173
48.0128	0.11645
48.4616	0.11865
48.9188	0.11724
49.3847	0.11019
49.8595	0.10846
50.3436	0.11203
50.8372	0.11361
51.3405	0.11632
51.8538	0.12028
52.3776	0.11682
52.912	0.11250
53.4575	0.11006
54.0144	0.11152
54.5829	0.11146
55.1636	0.11159
55.7569	0.11224
56.363	0.11420
56.9823	0.11447
57.6155	0.11542
58.2628	0.11969
58.9249	0.11924
59.6022	0.11748
60.2951	0.11593
61.0044	0.11798
61.7307	0.12366
62.4744	0.13137
63.2363	0.13145
64.017	0.12608
64.8172	0.12887
65.6379	0.13940
66.4794	0.14125
67.3428	0.13492
68.2289	0.12968
69.1386	0.12707
70.0729	0.13049
71.0328	0.13682
72.0191	0.14660
73.0335	0.14708
74.0768	0.15339
75.1504	0.16097
76.2555	0.15866
77.3937	0.14577
78.5663	0.14982
79.7754	0.16072
81.0219	0.16617
82.3079	0.20762
83.6355	0.21723
85.0065	0.17835
86.4233	0.15784
87.8881	0.16049
89.4031	0.18120
90.9715	0.18308
92.596	0.18205
94.2796	0.19340
96.0255	0.17788
97.8373	0.14987
99.7188	0.14731
