Brown University Keck/NASA Relab Spectrum PE-CMP-034-K/NNPE34K
Wavelength(micron)	Reflectance
0.3	0.22839
0.305	0.24031
0.31	0.25107
0.315	0.26744
0.32	0.28714
0.325	0.30737
0.33	0.33146
0.335	0.35491
0.34	0.37998
0.345	0.40295
0.35	0.42679
0.355	0.44724
0.36	0.46700
0.365	0.48175
0.37	0.49216
0.375	0.49790
0.38	0.50558
0.385	0.51400
0.39	0.52378
0.395	0.52889
0.4	0.53563
0.405	0.54003
0.41	0.54718
0.415	0.55139
0.42	0.55427
0.425	0.55414
0.43	0.56006
0.435	0.56670
0.44	0.57070
0.445	0.56881
0.45	0.57414
0.455	0.57985
0.46	0.58432
0.465	0.58701
0.47	0.58958
0.475	0.59232
0.48	0.59617
0.485	0.60254
0.49	0.60818
0.495	0.61584
0.5	0.62244
0.505	0.62052
0.51	0.63638
0.515	0.64694
0.52	0.65456
0.525	0.66046
0.53	0.66717
0.535	0.66980
0.54	0.67234
0.545	0.67156
0.55	0.67251
0.555	0.67768
0.56	0.68117
0.565	0.68255
0.57	0.68482
0.575	0.68642
0.58	0.68711
0.585	0.68822
0.59	0.69054
0.595	0.69279
0.6	0.69430
0.605	0.69525
0.61	0.69791
0.615	0.69833
0.62	0.70022
0.625	0.70125
0.63	0.70363
0.635	0.70454
0.64	0.70527
0.645	0.70626
0.65	0.70673
0.655	0.70827
0.66	0.70866
0.665	0.71049
0.67	0.71133
0.675	0.71322
0.68	0.71527
0.685	0.71689
0.69	0.71832
0.695	0.71778
0.7	0.71919
0.705	0.72086
0.71	0.72239
0.715	0.72269
0.72	0.72162
0.725	0.72124
0.73	0.71843
0.735	0.71573
0.74	0.71153
0.745	0.70719
0.75	0.70015
0.755	0.69384
0.76	0.67802
0.765	0.66321
0.77	0.65320
0.775	0.64137
0.78	0.62557
0.785	0.61317
0.79	0.59937
0.795	0.58539
0.8	0.57036
0.805	0.55528
0.81	0.54036
0.815	0.52414
0.82	0.50849
0.825	0.49512
0.83	0.47945
0.835	0.46671
0.84	0.45349
0.845	0.44166
0.85	0.43038
0.855	0.42451
0.86	0.41477
0.865	0.40553
0.87	0.39746
0.875	0.38975
0.88	0.38372
0.885	0.37846
0.89	0.37370
0.895	0.37091
0.9	0.36812
0.905	0.36609
0.91	0.36406
0.915	0.36433
0.92	0.36557
0.925	0.36847
0.93	0.37242
0.935	0.37655
0.94	0.38247
0.945	0.38833
0.95	0.39632
0.955	0.40447
0.96	0.41538
0.965	0.42510
0.97	0.43695
0.975	0.44847
0.98	0.46223
0.985	0.47566
0.99	0.49022
0.995	0.50436
1	0.51806
1.005	0.53217
1.01	0.54272
1.015	0.55582
1.02	0.57088
1.025	0.58201
1.03	0.59602
1.035	0.60842
1.04	0.62024
1.045	0.63162
1.05	0.64266
1.055	0.65158
1.06	0.66117
1.065	0.66947
1.07	0.67738
1.075	0.68453
1.08	0.69201
1.085	0.69769
1.09	0.70324
1.095	0.70863
1.1	0.71442
1.105	0.71826
1.11	0.72254
1.115	0.72478
1.12	0.72937
1.125	0.73075
1.13	0.73340
1.135	0.73651
1.14	0.73835
1.145	0.73968
1.15	0.74240
1.155	0.74362
1.16	0.74479
1.165	0.74643
1.17	0.74700
1.175	0.74699
1.18	0.74875
1.185	0.74874
1.19	0.75106
1.195	0.75124
1.2	0.74986
1.205	0.74997
1.21	0.75033
1.215	0.75115
1.22	0.75182
1.225	0.75275
1.23	0.75298
1.235	0.75326
1.24	0.75320
1.245	0.75358
1.25	0.75409
1.255	0.75454
1.26	0.75444
1.265	0.75440
1.27	0.75414
1.275	0.75460
1.28	0.75363
1.285	0.75314
1.29	0.75293
1.295	0.75256
1.3	0.75242
1.305	0.75210
1.31	0.75090
1.315	0.75029
1.32	0.74964
1.325	0.74916
1.33	0.74749
1.335	0.74608
1.34	0.74461
1.345	0.74388
1.35	0.74181
1.355	0.74017
1.36	0.73903
1.365	0.73535
1.37	0.73337
1.375	0.73197
1.38	0.73162
1.385	0.72739
1.39	0.72494
1.395	0.72235
1.4	0.71990
1.405	0.71813
1.41	0.71549
1.415	0.71279
1.42	0.70975
1.425	0.70719
1.43	0.70476
1.435	0.70099
1.44	0.69839
1.445	0.69531
1.45	0.69270
1.455	0.68874
1.46	0.68521
1.465	0.68211
1.47	0.67855
1.475	0.67540
1.48	0.67240
1.485	0.66828
1.49	0.66394
1.495	0.66076
1.5	0.65713
1.505	0.65403
1.51	0.64897
1.515	0.64513
1.52	0.64207
1.525	0.63861
1.53	0.63432
1.535	0.63064
1.54	0.62662
1.545	0.62314
1.55	0.61840
1.555	0.61469
1.56	0.60983
1.565	0.60664
1.57	0.60284
1.575	0.59814
1.58	0.59510
1.585	0.59018
1.59	0.58680
1.595	0.58359
1.6	0.57976
1.605	0.57590
1.61	0.57330
1.615	0.56959
1.62	0.56542
1.625	0.56177
1.63	0.55763
1.635	0.55458
1.64	0.55143
1.645	0.54820
1.65	0.54461
1.655	0.54215
1.66	0.53797
1.665	0.53596
1.67	0.53283
1.675	0.53058
1.68	0.52704
1.685	0.52425
1.69	0.52117
1.695	0.51880
1.7	0.51687
1.705	0.51358
1.71	0.51151
1.715	0.50893
1.72	0.50671
1.725	0.50476
1.73	0.50252
1.735	0.50034
1.74	0.49828
1.745	0.49668
1.75	0.49460
1.755	0.49288
1.76	0.49125
1.765	0.49017
1.77	0.48905
1.775	0.48761
1.78	0.48614
1.785	0.48449
1.79	0.48382
1.795	0.48328
1.8	0.48228
1.805	0.48215
1.81	0.48122
1.815	0.47988
1.82	0.47902
1.825	0.47869
1.83	0.47852
1.835	0.47807
1.84	0.47863
1.845	0.47890
1.85	0.47843
1.855	0.47838
1.86	0.47963
1.865	0.48026
1.87	0.48108
1.875	0.48311
1.88	0.48380
1.885	0.48406
1.89	0.48512
1.895	0.48572
1.9	0.48636
1.905	0.48830
1.91	0.48986
1.915	0.49089
1.92	0.49261
1.925	0.49405
1.93	0.49611
1.935	0.49778
1.94	0.49994
1.945	0.50109
1.95	0.50235
1.955	0.50481
1.96	0.50721
1.965	0.50941
1.97	0.51200
1.975	0.51459
1.98	0.51742
1.985	0.51992
1.99	0.52302
1.995	0.52648
2	0.52961
2.005	0.53252
2.01	0.53564
2.015	0.53866
2.02	0.54149
2.025	0.54478
2.03	0.54792
2.035	0.55148
2.04	0.55481
2.045	0.55719
2.05	0.56081
2.055	0.56533
2.06	0.56806
2.065	0.57214
2.07	0.57483
2.075	0.57832
2.08	0.58214
2.085	0.58532
2.09	0.58932
2.095	0.59347
2.1	0.59653
2.105	0.60060
2.11	0.60355
2.115	0.60683
2.12	0.60955
2.125	0.61293
2.13	0.61752
2.135	0.61883
2.14	0.62139
2.145	0.62584
2.15	0.62775
2.155	0.63106
2.16	0.63365
2.165	0.63666
2.17	0.63936
2.175	0.64249
2.18	0.64574
2.185	0.64873
2.19	0.65165
2.195	0.65416
2.2	0.65638
2.205	0.65886
2.21	0.66191
2.215	0.66477
2.22	0.66717
2.225	0.66983
2.23	0.67080
2.235	0.67276
2.24	0.67512
2.245	0.67664
2.25	0.67862
2.255	0.68066
2.26	0.68248
2.265	0.68437
2.27	0.68606
2.275	0.68874
2.28	0.69063
2.285	0.69205
2.29	0.69303
2.295	0.69478
2.3	0.69577
2.305	0.69725
2.31	0.69748
2.315	0.69910
2.32	0.70067
2.325	0.70180
2.33	0.70318
2.335	0.70480
2.34	0.70568
2.345	0.70503
2.35	0.70610
2.355	0.70637
2.36	0.70670
2.365	0.70762
2.37	0.70757
2.3737	0.70766
2.3759	0.70765
2.378	0.70773
2.3802	0.70776
2.3824	0.70808
2.3846	0.70828
2.3868	0.70814
2.389	0.70822
2.3912	0.70888
2.3934	0.70952
2.3956	0.71013
2.3978	0.71051
2.4001	0.71087
2.4023	0.71112
2.4045	0.71131
2.4067	0.71165
2.409	0.71194
2.4112	0.71215
2.4135	0.71224
2.4157	0.71230
2.418	0.71252
2.4202	0.71249
2.4225	0.71277
2.4248	0.71311
2.427	0.71343
2.4293	0.71346
2.4316	0.71349
2.4339	0.71400
2.4362	0.71427
2.4384	0.71418
2.4407	0.71424
2.443	0.71449
2.4453	0.71460
2.4477	0.71474
2.45	0.71511
2.4523	0.71514
2.4546	0.71516
2.4569	0.71519
2.4593	0.71511
2.4616	0.71527
2.4639	0.71560
2.4663	0.71572
2.4686	0.71578
2.471	0.71585
2.4733	0.71615
2.4757	0.71627
2.4781	0.71641
2.4804	0.71639
2.4828	0.71650
2.4852	0.71680
2.4876	0.71717
2.49	0.71725
2.4924	0.71723
2.4948	0.71729
2.4972	0.71712
2.4996	0.71728
2.502	0.71709
2.5044	0.71719
2.5068	0.71743
2.5093	0.71737
2.5117	0.71748
2.5141	0.71773
2.5166	0.71807
2.519	0.71827
2.5215	0.71831
2.5239	0.71818
2.5264	0.71840
2.5288	0.71853
2.5313	0.71819
2.5338	0.71788
2.5363	0.71802
2.5388	0.71814
2.5412	0.71828
2.5437	0.71812
2.5462	0.71778
2.5487	0.71778
2.5512	0.71814
2.5538	0.71818
2.5563	0.71843
2.5588	0.71861
2.5613	0.71796
2.5639	0.71717
2.5664	0.71728
2.5689	0.71782
2.5715	0.71776
2.574	0.71738
2.5766	0.71726
2.5792	0.71741
2.5817	0.71730
2.5843	0.71679
2.5869	0.71646
2.5895	0.71667
2.5921	0.71683
2.5947	0.71602
2.5973	0.71509
2.5999	0.71656
2.6025	0.71698
2.6051	0.71599
2.6077	0.71553
2.6103	0.71608
2.613	0.71631
2.6156	0.71602
2.6183	0.71488
2.6209	0.71500
2.6236	0.71581
2.6262	0.71594
2.6289	0.71534
2.6315	0.71462
2.6342	0.71452
2.6369	0.71547
2.6396	0.71561
2.6423	0.71506
2.645	0.71442
2.6477	0.71405
2.6504	0.71370
2.6531	0.71314
2.6558	0.71237
2.6585	0.71215
2.6613	0.71160
2.664	0.71050
2.6667	0.70893
2.6695	0.70762
2.6722	0.70621
2.675	0.70548
2.6778	0.70323
2.6805	0.69996
2.6833	0.69719
2.6861	0.69251
2.6889	0.68675
2.6917	0.68075
2.6945	0.67420
2.6973	0.66752
2.7001	0.66193
2.7029	0.65501
2.7057	0.64767
2.7085	0.64039
2.7114	0.63209
2.7142	0.62620
2.7171	0.62165
2.7199	0.61129
2.7228	0.59341
2.7256	0.58757
2.7285	0.59556
2.7314	0.59877
2.7342	0.59687
2.7371	0.59669
2.74	0.59733
2.7429	0.59647
2.7458	0.59601
2.7487	0.59428
2.7517	0.59211
2.7546	0.58888
2.7575	0.58470
2.7605	0.58262
2.7634	0.58092
2.7663	0.57860
2.7693	0.57721
2.7723	0.57481
2.7752	0.57201
2.7782	0.57076
2.7812	0.56942
2.7842	0.56681
2.7872	0.56424
2.7902	0.56235
2.7932	0.56142
2.7962	0.56069
2.7992	0.55939
2.8022	0.55707
2.8053	0.55452
2.8083	0.55224
2.8114	0.55070
2.8144	0.55015
2.8175	0.54904
2.8205	0.54732
2.8236	0.54699
2.8267	0.54662
2.8298	0.54585
2.8329	0.54490
2.836	0.54309
2.8391	0.54027
2.8422	0.53771
2.8453	0.53595
2.8484	0.53582
2.8516	0.53567
2.8547	0.53606
2.8578	0.53679
2.861	0.53657
2.8642	0.53613
2.8673	0.53649
2.8705	0.53592
2.8737	0.53461
2.8769	0.53405
2.8801	0.53329
2.8833	0.53243
2.8865	0.53156
2.8897	0.53066
2.8929	0.53038
2.8962	0.52982
2.8994	0.52900
2.9027	0.52827
2.9059	0.52729
2.9092	0.52642
2.9124	0.52622
2.9157	0.52581
2.919	0.52533
2.9223	0.52457
2.9239	0.52453
2.9256	0.52471
2.9272	0.52469
2.9289	0.52469
2.9305	0.52481
2.9322	0.52466
2.9339	0.52495
2.9355	0.52533
2.9372	0.52539
2.9389	0.52566
2.9405	0.52598
2.9422	0.52608
2.9439	0.52640
2.9455	0.52704
2.9472	0.52724
2.9489	0.52723
2.9506	0.52754
2.9522	0.52803
2.9539	0.52861
2.9556	0.52888
2.9573	0.52890
2.959	0.52914
2.9607	0.52954
2.9624	0.52966
2.9641	0.52994
2.9658	0.53011
2.9674	0.53064
2.9691	0.53110
2.9709	0.53098
2.9726	0.53089
2.9743	0.53124
2.976	0.53151
2.9777	0.53174
2.9794	0.53194
2.9811	0.53186
2.9828	0.53216
2.9845	0.53257
2.9863	0.53253
2.988	0.53257
2.9897	0.53280
2.9914	0.53295
2.9931	0.53317
2.9949	0.53342
2.9966	0.53348
2.9983	0.53388
3.0001	0.53401
3.0018	0.53417
3.0036	0.53433
3.0053	0.53444
3.007	0.53441
3.0088	0.53454
3.0105	0.53487
3.0123	0.53512
3.014	0.53517
3.0158	0.53525
3.0175	0.53530
3.0193	0.53554
3.0211	0.53595
3.0228	0.53600
3.0246	0.53608
3.0263	0.53612
3.0281	0.53620
3.0299	0.53666
3.0317	0.53692
3.0334	0.53696
3.0352	0.53684
3.037	0.53698
3.0388	0.53723
3.0405	0.53735
3.0423	0.53755
3.0441	0.53762
3.0459	0.53768
3.0477	0.53794
3.0495	0.53821
3.0513	0.53835
3.0531	0.53869
3.0549	0.53876
3.0567	0.53857
3.0585	0.53863
3.0603	0.53886
3.0621	0.53891
3.0639	0.53899
3.0657	0.53909
3.0675	0.53928
3.0694	0.53954
3.0712	0.53971
3.073	0.54001
3.0748	0.54012
3.0766	0.54004
3.0785	0.54005
3.0803	0.54001
3.0821	0.54017
3.084	0.54049
3.0858	0.54066
3.0876	0.54090
3.0895	0.54090
3.0913	0.54097
3.0932	0.54121
3.095	0.54124
3.0969	0.54156
3.0987	0.54178
3.1006	0.54153
3.1024	0.54181
3.1043	0.54230
3.1061	0.54228
3.108	0.54211
3.1099	0.54264
3.1117	0.54299
3.1136	0.54320
3.1155	0.54316
3.1173	0.54298
3.1192	0.54334
3.1211	0.54372
3.123	0.54379
3.1249	0.54379
3.1267	0.54383
3.1286	0.54401
3.1305	0.54425
3.1324	0.54451
3.1343	0.54489
3.1362	0.54495
3.1381	0.54482
3.14	0.54515
3.1419	0.54537
3.1438	0.54579
3.1457	0.54600
3.1476	0.54594
3.1495	0.54634
3.1514	0.54677
3.1534	0.54659
3.1553	0.54661
3.1572	0.54691
3.1591	0.54720
3.1611	0.54728
3.163	0.54745
3.1649	0.54769
3.1669	0.54815
3.1688	0.54833
3.1707	0.54832
3.1727	0.54836
3.1746	0.54871
3.1766	0.54905
3.1785	0.54918
3.1805	0.54938
3.1824	0.54975
3.1844	0.54997
3.1863	0.54990
3.1883	0.54995
3.1902	0.55023
3.1922	0.55048
3.1942	0.55067
3.1961	0.55068
3.1981	0.55091
3.2001	0.55117
3.2021	0.55115
3.204	0.55110
3.206	0.55126
3.208	0.55161
3.21	0.55174
3.212	0.55177
3.214	0.55210
3.216	0.55217
3.218	0.55220
3.22	0.55225
3.222	0.55255
3.224	0.55274
3.226	0.55290
3.228	0.55298
3.23	0.55304
3.232	0.55313
3.234	0.55329
3.236	0.55358
3.2381	0.55370
3.2401	0.55362
3.2421	0.55356
3.2441	0.55371
3.2462	0.55398
3.2482	0.55395
3.2502	0.55392
3.2523	0.55408
3.2543	0.55450
3.2564	0.55478
3.2584	0.55467
3.2605	0.55461
3.2625	0.55487
3.2646	0.55506
3.2666	0.55523
3.2687	0.55532
3.2707	0.55546
3.2728	0.55558
3.2749	0.55579
3.277	0.55594
3.279	0.55600
3.2811	0.55610
3.2832	0.55635
3.2853	0.55641
3.2873	0.55647
3.2894	0.55660
3.2915	0.55682
3.2936	0.55695
3.2957	0.55708
3.2978	0.55719
3.2999	0.55725
3.302	0.55727
3.3041	0.55735
3.3062	0.55753
3.3083	0.55774
3.3104	0.55776
3.3125	0.55782
3.3147	0.55794
3.3168	0.55818
3.3189	0.55819
3.321	0.55831
3.3232	0.55844
3.3253	0.55866
3.3274	0.55889
3.3296	0.55897
3.3317	0.55875
3.3338	0.55868
3.336	0.55866
3.3381	0.55893
3.3403	0.55904
3.3424	0.55889
3.3446	0.55885
3.3468	0.55888
3.3489	0.55876
3.3511	0.55858
3.3533	0.55827
3.3554	0.55789
3.3576	0.55765
3.3598	0.55738
3.362	0.55686
3.3641	0.55620
3.3663	0.55554
3.3685	0.55498
3.3707	0.55437
3.3729	0.55390
3.3751	0.55357
3.3773	0.55323
3.3795	0.55306
3.3817	0.55325
3.3839	0.55358
3.3861	0.55392
3.3883	0.55414
3.3905	0.55420
3.3928	0.55406
3.395	0.55366
3.3972	0.55330
3.3994	0.55270
3.4017	0.55201
3.4039	0.55132
3.4061	0.55051
3.4084	0.54973
3.4106	0.54906
3.4129	0.54857
3.4151	0.54809
3.4174	0.54818
3.4196	0.54858
3.4219	0.54928
3.4241	0.55015
3.4264	0.55134
3.4287	0.55243
3.4309	0.55353
3.4332	0.55440
3.4355	0.55528
3.4378	0.55615
3.44	0.55691
3.4423	0.55745
3.4446	0.55797
3.4469	0.55846
3.4492	0.55889
3.4515	0.55920
3.4538	0.55954
3.4561	0.56006
3.4584	0.56050
3.4607	0.56075
3.463	0.56104
3.4653	0.56122
3.4676	0.56133
3.47	0.56121
3.4723	0.56113
3.4746	0.56105
3.477	0.56105
3.4793	0.56090
3.4816	0.56088
3.484	0.56075
3.4863	0.56075
3.4887	0.56069
3.491	0.56044
3.4934	0.56005
3.4957	0.55972
3.4981	0.55928
3.5004	0.55908
3.5028	0.55922
3.5052	0.55960
3.5075	0.56029
3.5099	0.56129
3.5123	0.56231
3.5147	0.56333
3.5171	0.56428
3.5194	0.56511
3.5218	0.56579
3.5242	0.56629
3.5266	0.56689
3.529	0.56753
3.5314	0.56796
3.5338	0.56832
3.5362	0.56871
3.5387	0.56912
3.5411	0.56937
3.5435	0.56964
3.5459	0.56979
3.5483	0.57000
3.5508	0.57021
3.5532	0.57052
3.5556	0.57068
3.5581	0.57085
3.5605	0.57102
3.563	0.57116
3.5654	0.57117
3.5679	0.57131
3.5703	0.57138
3.5728	0.57150
3.5753	0.57151
3.5777	0.57167
3.5802	0.57180
3.5827	0.57193
3.5852	0.57201
3.5876	0.57201
3.5901	0.57207
3.5926	0.57224
3.5951	0.57235
3.5976	0.57249
3.6001	0.57256
3.6026	0.57259
3.6051	0.57260
3.6076	0.57265
3.6101	0.57272
3.6126	0.57280
3.6152	0.57292
3.6177	0.57310
3.6202	0.57313
3.6227	0.57320
3.6253	0.57322
3.6278	0.57333
3.6303	0.57327
3.6329	0.57332
3.6354	0.57332
3.638	0.57340
3.6405	0.57338
3.6431	0.57342
3.6457	0.57343
3.6482	0.57340
3.6508	0.57357
3.6534	0.57369
3.6559	0.57370
3.6585	0.57369
3.6611	0.57379
3.6637	0.57392
3.6663	0.57387
3.6689	0.57391
3.6715	0.57395
3.6741	0.57405
3.6767	0.57408
3.6793	0.57428
3.6819	0.57430
3.6845	0.57431
3.6872	0.57443
3.6898	0.57443
3.6924	0.57439
3.695	0.57451
3.6977	0.57454
3.7003	0.57449
3.703	0.57455
3.7056	0.57464
3.7083	0.57466
3.7109	0.57467
3.7136	0.57460
3.7162	0.57453
3.7189	0.57458
3.7216	0.57461
3.7242	0.57456
3.7269	0.57460
3.7296	0.57455
3.7323	0.57466
3.735	0.57464
3.7377	0.57462
3.7404	0.57453
3.7431	0.57454
3.7458	0.57458
3.7485	0.57462
3.7512	0.57461
3.7539	0.57466
3.7566	0.57462
3.7593	0.57462
3.7621	0.57465
3.7648	0.57467
3.7675	0.57463
3.7703	0.57462
3.773	0.57455
3.7758	0.57448
3.7785	0.57442
3.7813	0.57446
3.784	0.57440
3.7868	0.57430
3.7896	0.57427
3.7923	0.57438
3.7951	0.57440
3.7979	0.57436
3.8007	0.57421
3.8035	0.57413
3.8063	0.57411
3.8091	0.57409
3.8119	0.57400
3.8147	0.57398
3.8175	0.57391
3.8203	0.57390
3.8231	0.57386
3.8259	0.57385
3.8288	0.57389
3.8316	0.57384
3.8344	0.57371
3.8373	0.57367
3.8401	0.57363
3.8429	0.57359
3.8458	0.57347
3.8487	0.57338
3.8515	0.57341
3.8544	0.57343
3.8572	0.57335
3.8601	0.57330
3.863	0.57321
3.8659	0.57320
3.8688	0.57308
3.8716	0.57299
3.8745	0.57279
3.8774	0.57277
3.8803	0.57277
3.8832	0.57272
3.8862	0.57258
3.8891	0.57248
3.892	0.57236
3.8949	0.57232
3.8978	0.57219
3.9008	0.57219
3.9037	0.57207
3.9067	0.57197
3.9096	0.57195
3.9126	0.57183
3.9155	0.57167
3.9185	0.57152
3.9214	0.57145
3.9244	0.57136
3.9274	0.57112
3.9304	0.57099
3.9333	0.57083
3.9363	0.57073
3.9393	0.57057
3.9423	0.57046
3.9453	0.57034
3.9483	0.57020
3.9513	0.57002
3.9543	0.56980
3.9574	0.56962
3.9604	0.56954
3.9634	0.56935
3.9664	0.56921
3.9695	0.56911
3.9725	0.56904
3.9756	0.56888
3.9786	0.56869
3.9817	0.56857
3.9847	0.56845
3.9878	0.56823
3.9909	0.56804
3.9939	0.56782
3.997	0.56769
4.0001	0.56754
4.0032	0.56746
4.0063	0.56722
4.0094	0.56696
4.0125	0.56673
4.0156	0.56663
4.0187	0.56637
4.0218	0.56616
4.0249	0.56601
4.0281	0.56591
4.0312	0.56571
4.0343	0.56543
4.0375	0.56523
4.0406	0.56504
4.0438	0.56482
4.0469	0.56460
4.0501	0.56443
4.0533	0.56427
4.0564	0.56406
4.0596	0.56387
4.0628	0.56366
4.066	0.56351
4.0692	0.56323
4.0724	0.56303
4.0756	0.56284
4.0788	0.56259
4.082	0.56236
4.0852	0.56222
4.0884	0.56196
4.0917	0.56189
4.0949	0.56165
4.0981	0.56144
4.1014	0.56126
4.1046	0.56111
4.1079	0.56086
4.1111	0.56065
4.1144	0.56046
4.1177	0.56029
4.1209	0.56001
4.1242	0.55987
4.1275	0.55973
4.1308	0.55951
4.1341	0.55922
4.1374	0.55907
4.1407	0.55884
4.144	0.55871
4.1473	0.55855
4.1506	0.55838
4.154	0.55818
4.1573	0.55798
4.1606	0.55775
4.164	0.55755
4.1673	0.55738
4.1707	0.55723
4.174	0.55703
4.1774	0.55683
4.3822	0.54704
4.3859	0.54688
4.3896	0.54683
4.3933	0.54671
4.3971	0.54672
4.4008	0.54661
4.4045	0.54634
4.4083	0.54606
4.412	0.54595
4.4158	0.54581
4.4196	0.54569
4.4233	0.54550
4.4271	0.54532
4.4309	0.54514
4.4347	0.54496
4.4385	0.54469
4.4423	0.54448
4.4461	0.54421
4.4499	0.54399
4.4537	0.54374
4.4576	0.54354
4.4614	0.54332
4.4652	0.54310
4.4691	0.54284
4.4729	0.54266
4.4768	0.54228
4.4807	0.54196
4.4845	0.54166
4.4884	0.54140
4.4923	0.54101
4.4962	0.54061
4.5001	0.54008
4.504	0.53961
4.5079	0.53908
4.5119	0.53845
4.5158	0.53773
4.5197	0.53695
4.5237	0.53600
4.5276	0.53496
4.5316	0.53374
4.5356	0.53248
4.5395	0.53107
4.5435	0.52969
4.5475	0.52828
4.5515	0.52681
4.5555	0.52512
4.5595	0.52358
4.5635	0.52199
4.5675	0.52033
4.5715	0.51841
4.5756	0.51657
4.5796	0.51480
4.5837	0.51297
4.5877	0.51101
4.5918	0.50901
4.5959	0.50679
4.5999	0.50450
4.604	0.50211
4.6081	0.49967
4.6122	0.49712
4.6163	0.49454
4.6204	0.49186
4.6246	0.48923
4.6287	0.48657
4.6328	0.48397
4.637	0.48142
4.6411	0.47903
4.6453	0.47667
4.6494	0.47435
4.6536	0.47205
4.6578	0.46994
4.662	0.46783
4.6662	0.46588
4.6704	0.46411
4.6746	0.46257
4.6788	0.46106
4.683	0.45982
4.6873	0.45857
4.6915	0.45747
4.6958	0.45638
4.7	0.45525
4.7043	0.45398
4.7086	0.45278
4.7129	0.45150
4.7171	0.45023
4.7214	0.44879
4.7257	0.44740
4.7301	0.44589
4.7344	0.44418
4.7387	0.44243
4.743	0.44063
4.7474	0.43864
4.7517	0.43661
4.7561	0.43440
4.7605	0.43219
4.7648	0.42989
4.7692	0.42769
4.7736	0.42540
4.778	0.42311
4.7824	0.42074
4.7868	0.41843
4.7913	0.41601
4.7957	0.41359
4.8001	0.41119
4.8046	0.40880
4.809	0.40659
4.8135	0.40442
4.818	0.40230
4.8225	0.40044
4.8269	0.39874
4.8314	0.39718
4.8359	0.39586
4.8405	0.39478
4.845	0.39383
4.8495	0.39316
4.8541	0.39269
4.8586	0.39238
4.8632	0.39211
4.8677	0.39195
4.8723	0.39198
4.8769	0.39213
4.8815	0.39224
4.8861	0.39244
4.8907	0.39256
4.8953	0.39272
4.8999	0.39282
4.9046	0.39303
4.9092	0.39319
4.9139	0.39327
4.9185	0.39320
4.9232	0.39310
4.9279	0.39305
4.9326	0.39298
4.9373	0.39276
4.942	0.39253
4.9467	0.39221
4.9514	0.39191
4.9562	0.39157
4.9609	0.39119
4.9656	0.39064
4.9704	0.39002
4.9752	0.38932
4.98	0.38857
4.9847	0.38773
4.9895	0.38686
4.9943	0.38587
4.9992	0.38475
5.004	0.38344
5.0088	0.38203
5.0137	0.38055
5.0185	0.37901
5.0234	0.37732
5.0283	0.37537
5.0331	0.37336
5.038	0.37133
5.0429	0.36910
5.0478	0.36689
5.0528	0.36448
5.0577	0.36206
5.0626	0.35962
5.0676	0.35724
5.0725	0.35480
5.0775	0.35243
5.0825	0.35014
5.0875	0.34791
5.0925	0.34569
5.0975	0.34358
5.1025	0.34157
5.1075	0.33962
5.1126	0.33753
5.1176	0.33567
5.1227	0.33399
5.1277	0.33237
5.1328	0.33082
5.1379	0.32946
5.143	0.32847
5.1481	0.32788
5.1532	0.32768
5.1583	0.32786
5.1635	0.32863
5.1686	0.33003
5.1738	0.33192
5.179	0.33416
5.1841	0.33661
5.1893	0.33940
5.1945	0.34225
5.1997	0.34521
5.205	0.34827
5.2102	0.35110
5.2154	0.35395
5.2207	0.35660
5.2259	0.35877
5.2312	0.36093
5.2365	0.36295
5.2418	0.36478
5.2471	0.36633
5.2524	0.36783
5.2577	0.36920
5.2631	0.37063
5.2684	0.37214
5.2738	0.37369
5.2792	0.37533
5.2845	0.37705
5.2899	0.37886
5.2953	0.38088
5.3008	0.38264
5.3062	0.38427
5.3116	0.38584
5.3171	0.38739
5.3225	0.38868
5.328	0.38978
5.3335	0.39061
5.339	0.39120
5.3445	0.39161
5.35	0.39210
5.3555	0.39236
5.361	0.39193
5.3666	0.39136
5.3722	0.39074
5.3777	0.38988
5.3833	0.38878
5.3889	0.38735
5.3945	0.38571
5.4001	0.38397
5.4058	0.38202
5.4114	0.38000
5.4171	0.37805
5.4227	0.37644
5.4284	0.37485
5.4341	0.37262
5.4398	0.37115
5.4455	0.37021
5.4512	0.36955
5.457	0.36903
5.4627	0.36906
5.4685	0.36941
5.4743	0.36950
5.4801	0.36999
5.4859	0.37080
5.4917	0.37131
5.4975	0.37232
5.5033	0.37342
5.5092	0.37468
5.515	0.37582
5.5209	0.37704
5.5268	0.37796
5.5327	0.37847
5.5386	0.37852
5.5445	0.37820
5.5505	0.37741
5.5564	0.37617
5.5624	0.37414
5.5684	0.37192
5.5743	0.36963
5.5803	0.36794
5.5864	0.36599
5.5924	0.36369
5.5984	0.36198
5.6045	0.36081
5.6105	0.35954
5.6166	0.35842
5.6227	0.35739
5.6288	0.35623
5.6349	0.35517
5.6411	0.35453
5.6472	0.35402
5.6534	0.35263
5.6595	0.35149
5.6657	0.35043
5.6719	0.34940
5.6781	0.34901
5.6844	0.34827
5.6906	0.34735
5.6969	0.34687
5.7031	0.34621
5.7094	0.34582
5.7157	0.34558
5.722	0.34460
5.7283	0.34365
5.7347	0.34270
5.741	0.34192
5.7474	0.34122
5.7538	0.34080
5.7601	0.33987
5.7666	0.34013
5.773	0.34046
5.7794	0.33934
5.7859	0.33891
5.7923	0.33876
5.7988	0.33865
5.8053	0.33873
5.8118	0.33869
5.8183	0.33894
5.8249	0.33976
5.8314	0.33967
5.838	0.33902
5.8446	0.33868
5.8512	0.33861
5.8578	0.33891
5.8644	0.33928
5.871	0.33964
5.8777	0.33953
5.8844	0.34070
5.8911	0.33979
5.8978	0.33862
5.9045	0.33743
5.9112	0.33479
5.918	0.33287
5.9247	0.33066
5.9315	0.32800
5.9383	0.32592
5.9451	0.32233
5.9519	0.31736
5.9588	0.31304
5.9656	0.30867
5.9725	0.30464
5.9794	0.29969
5.9863	0.29508
5.9932	0.29138
6.0002	0.28717
6.0071	0.28349
6.0141	0.28098
6.0211	0.27896
6.0281	0.27677
6.0351	0.27532
6.0421	0.27449
6.0492	0.27495
6.0562	0.27517
6.0633	0.27318
6.0704	0.27273
6.0775	0.27310
6.0847	0.27236
6.0918	0.27154
6.099	0.27121
6.1062	0.27106
6.1134	0.27119
6.1206	0.27103
6.1278	0.26942
6.1351	0.26808
6.1423	0.26691
6.1496	0.26547
6.1569	0.26370
6.1643	0.26206
6.1716	0.25989
6.1789	0.25779
6.1863	0.25643
6.1937	0.25490
6.2011	0.25289
6.2085	0.25170
6.216	0.25091
6.2235	0.25059
6.2309	0.25036
6.2384	0.25039
6.2459	0.25043
6.2535	0.25044
6.261	0.25034
6.2686	0.25021
6.2762	0.25002
6.2838	0.24976
6.2914	0.24943
6.2991	0.24912
6.3067	0.24892
6.3144	0.24903
6.3221	0.24932
6.3298	0.24992
6.3376	0.25087
6.3453	0.25268
6.3531	0.25461
6.3609	0.25590
6.3687	0.25790
6.3765	0.26060
6.3844	0.26271
6.3923	0.26472
6.4002	0.26698
6.4081	0.26922
6.416	0.27230
6.424	0.27430
6.4319	0.27440
6.4399	0.27519
6.4479	0.27575
6.456	0.27641
6.464	0.27698
6.4721	0.27746
6.4802	0.27829
6.4883	0.27907
6.4964	0.28004
6.5046	0.27995
6.5127	0.27881
6.5209	0.27872
6.5291	0.27874
6.5374	0.27780
6.5456	0.27703
6.5539	0.27629
6.5622	0.27518
6.5705	0.27385
6.5789	0.27275
6.5872	0.27038
6.5956	0.26853
6.604	0.26667
6.6124	0.26482
6.6209	0.26367
6.6293	0.26286
6.6378	0.26290
6.6463	0.26283
6.6549	0.26163
6.6634	0.26147
6.672	0.26232
6.6806	0.26344
6.6892	0.26451
6.6978	0.26500
6.7065	0.26578
6.7152	0.26706
6.7239	0.26790
6.7326	0.26831
6.7414	0.26853
6.7502	0.26877
6.759	0.26904
6.7678	0.26911
6.7766	0.26929
6.7855	0.26928
6.7944	0.26930
6.8033	0.26858
6.8123	0.26755
6.8212	0.26702
6.8302	0.26678
6.8392	0.26600
6.8483	0.26511
6.8573	0.26473
6.8664	0.26471
6.8755	0.26352
6.8846	0.26168
6.8938	0.26071
6.903	0.25980
6.9122	0.25899
6.9214	0.25799
6.9307	0.25689
6.9399	0.25588
6.9492	0.25494
6.9586	0.25430
6.9679	0.25380
6.9773	0.25238
6.9867	0.25131
6.9961	0.25056
7.0056	0.24981
7.0151	0.24907
7.0246	0.24866
7.0341	0.24816
7.0437	0.24789
7.0532	0.24798
7.0629	0.24722
7.0725	0.24661
7.0822	0.24624
7.0918	0.24592
7.1016	0.24549
7.1113	0.24500
7.1211	0.24456
7.1309	0.24394
7.1407	0.24317
7.1505	0.24259
7.1604	0.24173
7.1703	0.24067
7.1802	0.23946
7.1902	0.23783
7.2002	0.23638
7.2102	0.23512
7.2202	0.23357
7.2303	0.23187
7.2404	0.23028
7.2505	0.22876
7.2607	0.22734
7.2709	0.22595
7.2811	0.22452
7.2913	0.22286
7.3016	0.22109
7.3119	0.21939
7.3222	0.21756
7.3326	0.21581
7.343	0.21410
7.3534	0.21223
7.3638	0.21038
7.3743	0.20871
7.3848	0.20708
7.3953	0.20548
7.4059	0.20392
7.4165	0.20250
7.4271	0.20104
7.4378	0.19955
7.4485	0.19798
7.4592	0.19638
7.4699	0.19466
7.4807	0.19289
7.4915	0.19108
7.5024	0.18926
7.5132	0.18731
7.5241	0.18541
7.5351	0.18350
7.546	0.18162
7.557	0.17963
7.5681	0.17762
7.5791	0.17556
7.5902	0.17358
7.6014	0.17150
7.6125	0.16934
7.6237	0.16717
7.635	0.16507
7.6462	0.16283
7.6575	0.16063
7.6688	0.15836
7.6802	0.15607
7.6916	0.15363
7.703	0.15127
7.7145	0.14880
7.726	0.14641
7.7375	0.14401
7.7491	0.14156
7.7607	0.13909
7.7723	0.13663
7.784	0.13411
7.7957	0.13168
7.8074	0.12919
7.8192	0.12671
7.831	0.12416
7.8429	0.12158
7.8548	0.11885
7.8667	0.11605
7.8786	0.11327
7.8906	0.11057
7.9026	0.10772
7.9147	0.10496
7.9268	0.10210
7.939	0.09921
7.9511	0.09613
7.9633	0.09312
7.9756	0.09007
7.9879	0.08705
8.0002	0.08392
8.0126	0.08088
8.025	0.07785
8.0374	0.07489
8.0499	0.07186
8.0624	0.06890
8.075	0.06581
8.0876	0.06285
8.1002	0.05985
8.1129	0.05689
8.1256	0.05391
8.1384	0.05105
8.1512	0.04818
8.164	0.04547
8.1769	0.04277
8.1898	0.04020
8.2027	0.03756
8.2157	0.03516
8.2288	0.03278
8.2419	0.03059
8.255	0.02841
8.2682	0.02638
8.2814	0.02442
8.2946	0.02271
8.3079	0.02110
8.3212	0.01968
8.3346	0.01817
8.348	0.01688
8.3615	0.01579
8.375	0.01499
8.3886	0.01429
8.4022	0.01382
8.4158	0.01343
8.4295	0.01348
8.4432	0.01369
8.457	0.01432
8.4708	0.01530
8.4847	0.01681
8.4986	0.01876
8.5125	0.02149
8.5265	0.02467
8.5406	0.02863
8.5547	0.03324
8.5688	0.03855
8.583	0.04452
8.5972	0.05111
8.6115	0.05812
8.6258	0.06567
8.6402	0.07345
8.6546	0.08148
8.6691	0.08934
8.6836	0.09678
8.6982	0.10313
8.7128	0.10759
8.7275	0.10867
8.7422	0.10582
8.757	0.10095
8.7718	0.09879
8.7867	0.10180
8.8016	0.10789
8.8166	0.11311
8.8316	0.11541
8.8466	0.11442
8.8618	0.11111
8.8769	0.10665
8.8922	0.10242
8.9074	0.09934
8.9228	0.09806
8.9382	0.09801
8.9536	0.09868
8.9691	0.09936
8.9846	0.09988
9.0002	0.10005
9.0159	0.09980
9.0316	0.09923
9.0474	0.09850
9.0632	0.09764
9.079	0.09673
9.095	0.09575
9.111	0.09510
9.127	0.09443
9.1431	0.09384
9.1593	0.09332
9.1755	0.09305
9.1917	0.09280
9.2081	0.09249
9.2244	0.09224
9.2409	0.09215
9.2574	0.09199
9.2739	0.09191
9.2906	0.09186
9.3072	0.09191
9.324	0.09191
9.3408	0.09196
9.3576	0.09186
9.3746	0.09172
9.3915	0.09136
9.4086	0.09093
9.4257	0.09019
9.4429	0.08928
9.4601	0.08818
9.4774	0.08687
9.4948	0.08531
9.5122	0.08379
9.5297	0.08212
9.5472	0.08016
9.5648	0.07786
9.5825	0.07521
9.6003	0.07198
9.6181	0.06833
9.6359	0.06410
9.6539	0.05965
9.6719	0.05520
9.69	0.05114
9.7081	0.04767
9.7263	0.04533
9.7446	0.04411
9.763	0.04426
9.7814	0.04549
9.7999	0.04775
9.8184	0.05083
9.8371	0.05459
9.8558	0.05849
9.8745	0.06209
9.8934	0.06482
9.9123	0.06676
9.9313	0.06765
9.9504	0.06752
9.9695	0.06647
9.9887	0.06525
10.008	0.06432
10.0273	0.06415
10.0468	0.06506
10.0663	0.06722
10.0859	0.07012
10.1055	0.07339
10.1253	0.07686
10.1451	0.08082
10.165	0.08520
10.1849	0.08954
10.205	0.09278
10.2251	0.09433
10.2453	0.09382
10.2656	0.09153
10.286	0.08794
10.3064	0.08402
10.327	0.08089
10.3476	0.07956
10.3683	0.08000
10.389	0.08154
10.4099	0.08305
10.4309	0.08415
10.4519	0.08451
10.473	0.08435
10.4942	0.08365
10.5155	0.08243
10.5369	0.08074
10.5583	0.07901
10.5799	0.07720
10.6015	0.07556
10.6232	0.07408
10.645	0.07301
10.6669	0.07221
10.6889	0.07178
10.711	0.07170
10.7332	0.07197
10.7555	0.07219
10.7778	0.07234
10.8003	0.07207
10.8228	0.07126
10.8455	0.06971
10.8682	0.06753
10.891	0.06487
10.914	0.06195
10.937	0.05899
10.9601	0.05636
10.9833	0.05412
11.0067	0.05277
11.0301	0.05216
11.0536	0.05231
11.0772	0.05272
11.1009	0.05289
11.1248	0.05262
11.1487	0.05208
11.1727	0.05153
11.1968	0.05140
11.2211	0.05177
11.2454	0.05326
11.2699	0.05580
11.2944	0.05943
11.3191	0.06346
11.3438	0.06737
11.3687	0.07045
11.3937	0.07279
11.4188	0.07429
11.444	0.07517
11.4693	0.07556
11.4948	0.07554
11.5203	0.07526
11.546	0.07471
11.5717	0.07393
11.5976	0.07313
11.6236	0.07227
11.6497	0.07160
11.676	0.07081
11.7023	0.06987
11.7288	0.06865
11.7554	0.06739
11.7821	0.06625
11.809	0.06530
11.8359	0.06469
11.863	0.06465
11.8902	0.06505
11.9176	0.06590
11.945	0.06710
11.9726	0.06861
12.0003	0.07016
12.0282	0.07174
12.0561	0.07332
12.0842	0.07539
12.1125	0.07776
12.1408	0.08033
12.1693	0.08300
12.198	0.08570
12.2267	0.08808
12.2556	0.09035
12.2847	0.09258
12.3139	0.09478
12.3432	0.09673
12.3726	0.09846
12.4022	0.10010
12.432	0.10163
12.4619	0.10262
12.4919	0.10350
12.5221	0.10433
12.5524	0.10488
12.5829	0.10519
12.6135	0.10542
12.6442	0.10545
12.6751	0.10531
12.7062	0.10495
12.7374	0.10469
12.7688	0.10427
12.8003	0.10365
12.832	0.10277
12.8639	0.10156
12.8959	0.09990
12.928	0.09752
12.9603	0.09425
12.9928	0.09017
13.0255	0.08535
13.0583	0.08030
13.0913	0.07561
13.1244	0.07172
13.1577	0.06897
13.1912	0.06803
13.2248	0.06823
13.2587	0.06872
13.2927	0.06841
13.3268	0.06668
13.3612	0.06355
13.3957	0.05985
13.4304	0.05645
13.4653	0.05455
13.5004	0.05416
13.5356	0.05446
13.571	0.05402
13.6067	0.05223
13.6425	0.04948
13.6785	0.04650
13.7146	0.04402
13.751	0.04269
13.7876	0.04227
13.8244	0.04259
13.8613	0.04328
13.8985	0.04446
13.9358	0.04587
13.9734	0.04723
14.0112	0.04819
14.0491	0.04877
14.0873	0.04882
14.1257	0.04862
14.1643	0.04795
14.2031	0.04699
14.2421	0.04595
14.2814	0.04521
14.3208	0.04475
14.3605	0.04454
14.4004	0.04441
14.4405	0.04424
14.4808	0.04349
14.5214	0.04243
14.5622	0.04106
14.6032	0.03976
14.6444	0.03851
14.6859	0.03747
14.7277	0.03627
14.7696	0.03520
14.8118	0.03457
14.8543	0.03443
14.8969	0.03436
14.9399	0.03415
14.983	0.03329
15.0265	0.03089
15.0702	0.02839
15.1141	0.02663
15.1583	0.02494
15.2027	0.02393
15.2475	0.02371
15.2924	0.02426
15.3377	0.02511
15.3832	0.02636
15.429	0.02758
15.475	0.02852
15.5214	0.02921
15.568	0.02975
15.6149	0.02982
15.662	0.02992
15.7095	0.03012
15.7572	0.03077
15.8053	0.03141
15.8536	0.03206
15.9023	0.03266
15.9512	0.03387
16.0004	0.03559
16.05	0.03817
16.0998	0.04147
16.15	0.04553
16.2004	0.05029
16.2512	0.05546
16.3023	0.06048
16.3537	0.06567
16.4055	0.07033
16.4576	0.07422
16.51	0.07762
16.5627	0.08055
16.6158	0.08266
16.6692	0.08425
16.723	0.08542
16.7771	0.08630
16.8316	0.08692
16.8864	0.08746
16.9416	0.08781
16.9972	0.08829
17.0531	0.08875
17.1094	0.08972
17.166	0.09064
17.223	0.09139
17.2805	0.09188
17.3382	0.09231
17.3964	0.09209
17.455	0.09123
17.514	0.08953
17.5733	0.08737
17.6331	0.08471
17.6933	0.08210
17.7539	0.07945
17.8149	0.07751
17.8763	0.07708
17.9382	0.07829
18.0005	0.08001
18.0632	0.08203
18.1263	0.08422
18.1899	0.08666
18.254	0.08850
18.3185	0.08929
18.3835	0.08884
18.4489	0.08714
18.5148	0.08495
18.5811	0.08357
18.648	0.08285
18.7153	0.08194
18.7831	0.08025
18.8514	0.07812
18.9202	0.07661
18.9895	0.07785
19.0593	0.08131
19.1297	0.08589
19.2005	0.09035
19.2719	0.09446
19.3438	0.09732
19.4162	0.09924
19.4892	0.10035
19.5628	0.10031
19.6369	0.09964
19.7115	0.09897
19.7868	0.09798
19.8626	0.09608
19.939	0.09388
20.016	0.09162
20.0935	0.09008
20.1717	0.08877
20.2505	0.08669
20.3299	0.08244
20.41	0.07852
20.4907	0.07690
20.572	0.07471
20.6539	0.07226
20.7365	0.06959
20.8198	0.06715
20.9038	0.06434
20.9884	0.06224
21.0737	0.05990
21.1597	0.05762
21.2465	0.05579
21.3339	0.05628
21.422	0.05780
21.5109	0.06087
21.6006	0.06423
21.6909	0.06835
21.7821	0.07199
21.874	0.07547
21.9667	0.07846
22.0601	0.08058
22.1544	0.08100
22.2495	0.08121
22.3454	0.08000
22.4421	0.07849
22.5397	0.07669
22.6381	0.07458
22.7374	0.07143
22.8376	0.06874
22.9387	0.06650
23.0406	0.06399
23.1435	0.06128
23.2472	0.06072
23.352	0.06002
23.4576	0.05876
23.5643	0.05617
23.6718	0.05352
23.7804	0.05076
23.89	0.04947
24.0006	0.04684
24.1123	0.04522
24.2249	0.04303
24.3387	0.04188
24.4535	0.04078
24.5694	0.04234
24.6864	0.04418
24.8045	0.04765
24.9237	0.05175
25.0441	0.05500
25.1657	0.05543
25.2885	0.05485
25.4124	0.05561
25.5376	0.05628
25.664	0.05254
25.7917	0.05103
25.9207	0.04860
