Brown University Keck/NASA Relab Spectrum DD-MDD-149/BKR1DD149
Wavelength(micron)	Reflectance	Standard Deviation
0.3	.093683	.028484
0.305	.088518	.018010
0.31	.088906	.011673
0.315	.090875	.007998
0.32	.095048	.006071
0.325	.101611	.004820
0.33	.109790	.004320
0.335	.120501	.004183
0.34	.132940	.004424
0.345	.146647	.004467
0.35	.161967	.003444
0.355	.177440	.002987
0.36	.194866	.002089
0.365	.211026	.002769
0.37	.224234	.002416
0.375	.234524	.002264
0.38	.245274	.002521
0.385	.253813	.002571
0.39	.261360	.002703
0.395	.269613	.002716
0.4	.277616	.003561
0.405	.283126	.003389
0.41	.290057	.003236
0.415	.297494	.003447
0.42	.303350	.003194
0.425	.306254	.003229
0.43	.311751	.003175
0.435	.316434	.003192
0.44	.319522	.002906
0.445	.319343	.002772
0.45	.322141	.002855
0.455	.326434	.002958
0.46	.331425	.003074
0.465	.337093	.002806
0.47	.342246	.003045
0.475	.347851	.003117
0.48	.352748	.003158
0.485	.358264	.002921
0.49	.364920	.003000
0.495	.373799	.002952
0.5	.383694	.003053
0.505	.388550	.003222
0.51	.399393	.003503
0.515	.409213	.003442
0.52	.416530	.003456
0.525	.423536	.003312
0.53	.428703	.003358
0.535	.432531	.003406
0.54	.433681	.003499
0.545	.434180	.003256
0.55	.434247	.003266
0.555	.437890	.003159
0.56	.440806	.003512
0.565	.442952	.003154
0.57	.444699	.003288
0.575	.445104	.003241
0.58	.446625	.003424
0.585	.446650	.003069
0.59	.446957	.003123
0.595	.446766	.003661
0.6	.446722	.003047
0.605	.446648	.003250
0.61	.447248	.003431
0.615	.447907	.003899
0.62	.448099	.003429
0.625	.449444	.003222
0.63	.450004	.003695
0.635	.451192	.003521
0.64	.452309	.003559
0.645	.454370	.003955
0.65	.456436	.003868
0.655	.458684	.003583
0.66	.461078	.003811
0.665	.463256	.003465
0.67	.465964	.003623
0.675	.469632	.003307
0.68	.472771	.003916
0.685	.474197	.003923
0.69	.477151	.003909
0.695	.480003	.003923
0.7	.484027	.003897
0.705	.486751	.003849
0.71	.490647	.003803
0.715	.493212	.004018
0.72	.496082	.003781
0.725	.498957	.004132
0.73	.499295	.003674
0.735	.500755	.004219
0.74	.499981	.004091
0.745	.499499	.004624
0.75	.497446	.004403
0.755	.494371	.004054
0.76	.489195	.004274
0.765	.485273	.004164
0.77	.480658	.004301
0.775	.473258	.004368
0.78	.463130	.004428
0.785	.453319	.004465
0.79	.446583	.004416
0.795	.436610	.004400
0.8	.426056	.004275
0.805	.416447	.004426
0.81	.405259	.004376
0.815	.393805	.004339
0.82	.383185	.004539
0.825	.372653	.004570
0.83	.362963	.004475
0.835	.353348	.004451
0.84	.344169	.004456
0.845	.336273	.004393
0.85	.327674	.004262
0.855	.320108	.004230
0.86	.312993	.005003
0.865	.305916	.005014
0.87	.300235	.004553
0.875	.295015	.004524
0.88	.290365	.004511
0.885	.285196	.003795
0.89	.281477	.003530
0.895	.278422	.003602
0.9	.276735	.003365
0.905	.275214	.003273
0.91	.274170	.003142
0.915	.274345	.003106
0.92	.275032	.002824
0.925	.276019	.002881
0.93	.277439	.002588
0.935	.279681	.002625
0.94	.282538	.002580
0.945	.285934	.002539
0.95	.290096	.002411
0.955	.294778	.002284
0.96	.299670	.002227
0.965	.305543	.002347
0.97	.311551	.002186
0.975	.318443	.002716
0.98	.325941	.002241
0.985	.333572	.002584
0.99	.341857	.002016
0.995	.349807	.002313
1	.358398	.002220
1.005	.366986	.002250
1.01	.376458	.002377
1.015	.385257	.002272
1.02	.394764	.002402
1.025	.403477	.002498
1.03	.413041	.002672
1.035	.421573	.002801
1.04	.429349	.002429
1.045	.436970	.002898
1.05	.445978	.002536
1.055	.453420	.002197
1.06	.461453	.002397
1.065	.468369	.002279
1.07	.475985	.001994
1.075	.482532	.002723
1.08	.489454	.001932
1.085	.494954	.002445
1.09	.501047	.002289
1.095	.506464	.002660
1.1	.512510	.002199
1.105	.517210	.001945
1.11	.521960	.002450
1.115	.526446	.002271
1.12	.531498	.002276
1.125	.535210	.002289
1.13	.539880	.002258
1.135	.543830	.002470
1.14	.547029	.002121
1.145	.550280	.002332
1.15	.553073	.002174
1.155	.555732	.002412
1.16	.558656	.001997
1.165	.561137	.002333
1.17	.564261	.002311
1.175	.566363	.002325
1.18	.568929	.002549
1.185	.571204	.002296
1.19	.573437	.002110
1.195	.575173	.002144
1.2	.578019	.001908
1.205	.579467	.002288
1.21	.581559	.001789
1.215	.582986	.002066
1.22	.585137	.001802
1.225	.586756	.001942
1.23	.588604	.001846
1.235	.590134	.001946
1.24	.591927	.001806
1.245	.593557	.001720
1.25	.594432	.001557
1.255	.595844	.001734
1.26	.597292	.001404
1.265	.598336	.001510
1.27	.599340	.001625
1.275	.600591	.001643
1.28	.601593	.001628
1.285	.602295	.001702
1.29	.604162	.001415
1.295	.604317	.001582
1.3	.605005	.001459
1.305	.605686	.001485
1.31	.606042	.001554
1.315	.606269	.001537
1.32	.606457	.001563
1.325	.606452	.001567
1.33	.606186	.001599
1.335	.605797	.001709
1.34	.605224	.001765
1.345	.604621	.002135
1.35	.603354	.002144
1.355	.602449	.002230
1.36	.601337	.002173
1.365	.600108	.002344
1.37	.598394	.002051
1.375	.597275	.002417
1.38	.595043	.002003
1.385	.594443	.003508
1.39	.592126	.001812
1.395	.591044	.004335
1.4	.589086	.001584
1.405	.586772	.001792
1.41	.585371	.001755
1.415	.582355	.001654
1.42	.580619	.001809
1.425	.577703	.001953
1.43	.574856	.001924
1.435	.572248	.001925
1.44	.569908	.001928
1.445	.567195	.002054
1.45	.563749	.001602
1.455	.560179	.001813
1.46	.557632	.001908
1.465	.554456	.001830
1.47	.551685	.001806
1.475	.548125	.001944
1.48	.544833	.001701
1.485	.541189	.001944
1.49	.537902	.001903
1.495	.534918	.001754
1.5	.531179	.001784
1.505	.527820	.001806
1.51	.524094	.001661
1.515	.521036	.001585
1.52	.517900	.001895
1.525	.514511	.001780
1.53	.511512	.001474
1.535	.508097	.001516
1.54	.504383	.001334
1.545	.500912	.001437
1.55	.497590	.001533
1.555	.494464	.001569
1.56	.491508	.001594
1.565	.488254	.001724
1.57	.485202	.001548
1.575	.482436	.001650
1.58	.479145	.001602
1.585	.476220	.001472
1.59	.473164	.001267
1.595	.470579	.001329
1.6	.467326	.001738
1.605	.464627	.001439
1.61	.462108	.001899
1.615	.459461	.001622
1.62	.457294	.001688
1.625	.454376	.001789
1.63	.452159	.001679
1.635	.449958	.001608
1.64	.447276	.001742
1.645	.445520	.001826
1.65	.443052	.001663
1.655	.440960	.001499
1.66	.438947	.001867
1.665	.437165	.001867
1.67	.435436	.001849
1.675	.433990	.001909
1.68	.432323	.001828
1.685	.430674	.001965
1.69	.429723	.001760
1.695	.427873	.001749
1.7	.426535	.001766
1.705	.424863	.001413
1.71	.423177	.001766
1.715	.421919	.001841
1.72	.420133	.001794
1.725	.418904	.001592
1.73	.417961	.001662
1.735	.416650	.001701
1.74	.415137	.001559
1.745	.413867	.001536
1.75	.413161	.001623
1.755	.412343	.001749
1.76	.411949	.001748
1.765	.411649	.001788
1.77	.410805	.001722
1.775	.410532	.002116
1.78	.410623	.001693
1.785	.410026	.001815
1.79	.409982	.001643
1.795	.409539	.001667
1.8	.409465	.001792
1.805	.409340	.001582
1.81	.409429	.001644
1.815	.409658	.001694
1.82	.409964	.001832
1.825	.410215	.001877
1.83	.410986	.001917
1.835	.411407	.001811
1.84	.412249	.001779
1.845	.412817	.001635
1.85	.413958	.001553
1.855	.414149	.001545
1.86	.414951	.002477
1.865	.415918	.002442
1.87	.416727	.003043
1.875	.417360	.003050
1.88	.418562	.003006
1.885	.419526	.002025
1.89	.420188	.002292
1.895	.421512	.001714
1.9	.422631	.001836
1.905	.424159	.001868
1.91	.425521	.001944
1.915	.427097	.001694
1.92	.428174	.001625
1.925	.430310	.001562
1.93	.432370	.001597
1.935	.433713	.001470
1.94	.436816	.001403
1.945	.438579	.001337
1.95	.440308	.001270
1.955	.442693	.001600
1.96	.444759	.001523
1.965	.446951	.001527
1.97	.449201	.001598
1.975	.451811	.001252
1.98	.454480	.001373
1.985	.457637	.001363
1.99	.459612	.001335
1.995	.462335	.001460
2	.464821	.001349
2.005	.468303	.001335
2.01	.471043	.001388
2.015	.473527	.001266
2.02	.475924	.001314
2.025	.478691	.001226
2.03	.481305	.001389
2.035	.484543	.001519
2.04	.487190	.001313
2.045	.490545	.001306
2.05	.492859	.001359
2.055	.495135	.001185
2.06	.497738	.001261
2.065	.500789	.001244
2.07	.503819	.001290
2.075	.506871	.001723
2.08	.508703	.001840
2.085	.513020	.001526
2.09	.515385	.001565
2.095	.517827	.001533
2.1	.520117	.001348
2.105	.523202	.001498
2.11	.525686	.001552
2.115	.529422	.001812
2.12	.532944	.001876
2.125	.536903	.001382
2.13	.539828	.001540
2.135	.542017	.001323
2.14	.544851	.001293
2.145	.546809	.001234
2.15	.549660	.001309
2.155	.551933	.001333
2.16	.554079	.001489
2.165	.555763	.001338
2.17	.557585	.001301
2.175	.560064	.001142
2.18	.562596	.001279
2.185	.565253	.001705
2.19	.567593	.001872
2.195	.569059	.001329
2.2	.571527	.002157
2.205	.574473	.001670
2.21	.577360	.001605
2.215	.580106	.001619
2.22	.582335	.001514
2.225	.585239	.001643
2.23	.587211	.001542
2.235	.589290	.001401
2.24	.592013	.001451
2.245	.594389	.001457
2.25	.596984	.001707
2.255	.598564	.001549
2.26	.600964	.001653
2.265	.604153	.001821
2.27	.605964	.002103
2.275	.607438	.001882
2.28	.609698	.002111
2.285	.611543	.002053
2.29	.613878	.001989
2.295	.615083	.001611
2.3	.616520	.001680
2.305	.618294	.001688
2.31	.619704	.001728
2.315	.620365	.001598
2.32	.621905	.002081
2.325	.623647	.001852
2.33	.626106	.002630
2.335	.628050	.001891
2.34	.630624	.001706
2.345	.632429	.002143
2.35	.633327	.003130
2.355	.635167	.001714
2.36	.634884	.004295
2.365	.636725	.001616
2.37	.635616	.002549
2.375	.637284	.001818
2.38	.637244	.001553
2.385	.637892	.001473
2.39	.638884	.001519
2.395	.640375	.001571
2.4	.641515	.001760
2.405	.642331	.001527
2.41	.642469	.001385
2.415	.643252	.001551
2.42	.643938	.001863
2.425	.644577	.001542
2.43	.645022	.001884
2.435	.644814	.001585
2.44	.644935	.001778
2.445	.645054	.001881
2.45	.646128	.002444
2.455	.645758	.001877
2.46	.645385	.002905
2.465	.645232	.001883
2.47	.644880	.004339
2.475	.645906	.001968
2.48	.645366	.002846
2.485	.645454	.001782
2.49	.646081	.001972
2.495	.646049	.001830
2.5	.645558	.001721
2.50021	.645585	.000000
2.50142	.645612	.000000
2.50262	.645652	.000000
2.50383	.645650	.000000
2.50504	.645780	.000000
2.50625	.645851	.000000
2.50746	.645892	.000000
2.50868	.645965	.000000
2.50989	.645939	.000000
2.51111	.645936	.000000
2.51232	.646013	.000000
2.51354	.645977	.000000
2.51476	.645995	.000000
2.51598	.646135	.000000
2.5172	.646192	.000000
2.51842	.646118	.000000
2.51965	.646145	.000000
2.52087	.646223	.000000
2.5221	.646189	.000000
2.52333	.646194	.000000
2.52455	.646274	.000000
2.52578	.646274	.000000
2.52701	.646308	.000000
2.52825	.646404	.000000
2.52948	.646561	.000000
2.53071	.646572	.000000
2.53195	.646541	.000000
2.53319	.646493	.000000
2.53443	.646514	.000000
2.53566	.646581	.000000
2.53691	.646675	.000000
2.53815	.646749	.000000
2.53939	.646784	.000000
2.54063	.646785	.000000
2.54188	.646842	.000000
2.54313	.646975	.000000
2.54437	.647086	.000000
2.54562	.647048	.000000
2.54687	.647030	.000000
2.54812	.647091	.000000
2.54938	.647073	.000000
2.55063	.647142	.000000
2.55189	.647357	.000000
2.55314	.647426	.000000
2.5544	.647445	.000000
2.55566	.647397	.000000
2.55692	.647328	.000000
2.55818	.647310	.000000
2.55944	.647373	.000000
2.56071	.647507	.000000
2.56197	.647695	.000000
2.56324	.647769	.000000
2.56451	.647908	.000000
2.56578	.647890	.000000
2.56705	.647793	.000000
2.56832	.647774	.000000
2.56959	.647865	.000000
2.57086	.647944	.000000
2.57214	.647803	.000000
2.57342	.647859	.000000
2.57469	.648035	.000000
2.57597	.647894	.000000
2.57725	.647899	.000000
2.57853	.647991	.000000
2.57982	.647955	.000000
2.5811	.647997	.000000
2.58239	.648071	.000000
2.58367	.648237	.000000
2.58496	.648355	.000000
2.58625	.648093	.000000
2.58754	.648087	.000000
2.58883	.648091	.000000
2.59013	.648091	.000000
2.59142	.648078	.000000
2.59272	.648078	.000000
2.59401	.648263	.000000
2.59531	.648810	.000000
2.59661	.648686	.000000
2.59791	.648158	.000000
2.59921	.647899	.000000
2.60052	.647923	.000000
2.60182	.647975	.000000
2.60313	.647870	.000000
2.60444	.647863	.000000
2.60575	.648122	.000000
2.60706	.648138	.000000
2.60837	.647908	.000000
2.60968	.647827	.000000
2.61099	.647727	.000000
2.61231	.647601	.000000
2.61363	.647552	.000000
2.61494	.647422	.000000
2.61626	.647514	.000000
2.61758	.647717	.000000
2.61891	.647567	.000000
2.62023	.647539	.000000
2.62155	.647595	.000000
2.62288	.647284	.000000
2.62421	.647136	.000000
2.62554	.647037	.000000
2.62687	.647100	.000000
2.6282	.646986	.000000
2.62953	.646843	.000000
2.63086	.647051	.000000
2.6322	.646894	.000000
2.63354	.646590	.000000
2.63487	.646659	.000000
2.63621	.646518	.000000
2.63755	.646382	.000000
2.6389	.646297	.000000
2.64024	.646200	.000000
2.64159	.646124	.000000
2.64293	.646077	.000000
2.64428	.645966	.000000
2.64563	.645918	.000000
2.64698	.645755	.000000
2.64833	.645547	.000000
2.64968	.645381	.000000
2.65104	.645323	.000000
2.6524	.645346	.000000
2.65375	.645334	.000000
2.65511	.645144	.000000
2.65647	.645001	.000000
2.65783	.644724	.000000
2.6592	.644630	.000000
2.66056	.644609	.000000
2.66193	.644511	.000000
2.66329	.644422	.000000
2.66466	.644589	.000000
2.66603	.644902	.000000
2.6674	.644836	.000000
2.66878	.644473	.000000
2.67015	.644562	.000000
2.67153	.644891	.000000
2.6729	.644424	.000000
2.67428	.644133	.000000
2.67566	.643990	.000000
2.67704	.643699	.000000
2.67843	.643007	.000000
2.67981	.642197	.000000
2.6812	.641081	.000000
2.68258	.639966	.000000
2.68397	.639058	.000000
2.68536	.637907	.000000
2.68675	.636551	.000000
2.68815	.635028	.000000
2.68954	.633435	.000000
2.69094	.631662	.000000
2.69233	.629729	.000000
2.69373	.627823	.000000
2.69513	.625667	.000000
2.69653	.622969	.000000
2.69794	.620075	.000000
2.69934	.617019	.000000
2.70075	.613862	.000000
2.70215	.610527	.000000
2.70356	.607223	.000000
2.70497	.604398	.000000
2.70638	.602329	.000000
2.7078	.600816	.000000
2.70921	.599632	.000000
2.71063	.598232	.000000
2.71205	.596301	.000000
2.71346	.593741	.000000
2.71489	.591062	.000000
2.71631	.588388	.000000
2.71773	.585962	.000000
2.71916	.583769	.000000
2.72058	.582040	.000000
2.72201	.580270	.000000
2.72344	.578614	.000000
2.72487	.577546	.000000
2.7263	.576267	.000000
2.72774	.574939	.000000
2.72917	.573818	.000000
2.73061	.572612	.000000
2.73205	.571230	.000000
2.73349	.569618	.000000
2.73493	.567947	.000000
2.73638	.566184	.000000
2.73782	.564246	.000000
2.73927	.562453	.000000
2.74071	.560713	.000000
2.74216	.558567	.000000
2.74361	.556233	.000000
2.74507	.553921	.000000
2.74652	.551648	.000000
2.74798	.549372	.000000
2.74943	.546843	.000000
2.75089	.543984	.000000
2.75235	.540976	.000000
2.75381	.537707	.000000
2.75528	.534411	.000000
2.75674	.530842	.000000
2.75821	.526767	.000000
2.75968	.522571	.000000
2.76115	.518474	.000000
2.76262	.514823	.000000
2.76409	.511817	.000000
2.76556	.508901	.000000
2.76704	.505791	.000000
2.76852	.502547	.000000
2.77	.499154	.000000
2.77148	.495686	.000000
2.77296	.492246	.000000
2.77444	.488932	.000000
2.77593	.485968	.000000
2.77741	.483273	.000000
2.7789	.480841	.000000
2.78039	.478684	.000000
2.78188	.476805	.000000
2.78338	.475140	.000000
2.78487	.473804	.000000
2.78637	.472701	.000000
2.78787	.471727	.000000
2.78937	.470781	.000000
2.79087	.469924	.000000
2.79237	.469201	.000000
2.79387	.468704	.000000
2.79538	.468366	.000000
2.79689	.468118	.000000
2.7984	.467981	.000000
2.79991	.467977	.000000
2.80142	.468087	.000000
2.80294	.468451	.000000
2.80445	.468854	.000000
2.80597	.469261	.000000
2.80749	.469890	.000000
2.80901	.470796	.000000
2.81053	.471839	.000000
2.81206	.472844	.000000
2.81358	.473839	.000000
2.81511	.474844	.000000
2.81664	.475822	.000000
2.81817	.476740	.000000
2.8197	.477494	.000000
2.82124	.478116	.000000
2.82277	.478512	.000000
2.82431	.478787	.000000
2.82585	.478948	.000000
2.82739	.479000	.000000
2.82893	.478872	.000000
2.83048	.478624	.000000
2.83202	.478156	.000000
2.83357	.477554	.000000
2.83512	.476988	.000000
2.83667	.476540	.000000
2.83822	.476178	.000000
2.83978	.475981	.000000
2.84133	.475967	.000000
2.84289	.476216	.000000
2.84445	.476692	.000000
2.84601	.477229	.000000
2.84757	.477755	.000000
2.84914	.478407	.000000
2.8507	.479060	.000000
2.85227	.479676	.000000
2.85384	.480371	.000000
2.85541	.481081	.000000
2.85699	.481786	.000000
2.85856	.482481	.000000
2.86014	.483175	.000000
2.86172	.483909	.000000
2.8633	.484592	.000000
2.86488	.485267	.000000
2.86646	.485890	.000000
2.86805	.486482	.000000
2.86963	.486993	.000000
2.87122	.487438	.000000
2.87281	.487908	.000000
2.87441	.488311	.000000
2.876	.488601	.000000
2.8776	.488888	.000000
2.8792	.489123	.000000
2.88079	.489396	.000000
2.8824	.489602	.000000
2.884	.489776	.000000
2.8856	.489901	.000000
2.88721	.490016	.000000
2.88882	.490163	.000000
2.89043	.490291	.000000
2.89204	.490313	.000000
2.89365	.490286	.000000
2.89527	.490313	.000000
2.89689	.490266	.000000
2.89851	.490183	.000000
2.90013	.490098	.000000
2.90175	.490002	.000000
2.90338	.489958	.000000
2.905	.489928	.000000
2.90663	.489884	.000000
2.90826	.489794	.000000
2.90989	.489691	.000000
2.91153	.489568	.000000
2.91316	.489530	.000000
2.9148	.489452	.000000
2.91644	.489420	.000000
2.91808	.489407	.000000
2.91972	.489367	.000000
2.92137	.489311	.000000
2.92302	.489241	.000000
2.92466	.489219	.000000
2.92631	.489275	.000000
2.92797	.489326	.000000
2.92962	.489403	.000000
2.93128	.489412	.000000
2.93294	.489470	.000000
2.9346	.489642	.000000
2.93626	.489812	.000000
2.93792	.489973	.000000
2.93959	.490155	.000000
2.94125	.490289	.000000
2.94292	.490524	.000000
2.94459	.490745	.000000
2.94627	.490935	.000000
2.94794	.491184	.000000
2.94962	.491432	.000000
2.9513	.491687	.000000
2.95298	.491951	.000000
2.95466	.492202	.000000
2.95634	.492506	.000000
2.95803	.492786	.000000
2.95972	.493052	.000000
2.96141	.493375	.000000
2.9631	.493741	.000000
2.9648	.494021	.000000
2.96649	.494281	.000000
2.96819	.494531	.000000
2.96989	.494800	.000000
2.97159	.495070	.000000
2.9733	.495290	.000000
2.975	.495581	.000000
2.97671	.495885	.000000
2.97842	.496087	.000000
2.98013	.496304	.000000
2.98185	.496514	.000000
2.98356	.496691	.000000
2.98528	.496887	.000000
2.987	.497087	.000000
2.98872	.497219	.000000
2.99044	.497377	.000000
2.99217	.497534	.000000
2.9939	.497666	.000000
2.99563	.497874	.000000
2.99736	.498123	.000000
2.99909	.498344	.000000
3.00083	.498496	.000000
3.00256	.498678	.000000
3.0043	.498897	.000000
3.00605	.499098	.000000
3.00779	.499316	.000000
3.00953	.499501	.000000
3.01128	.499703	.000000
3.01303	.499933	.000000
3.01478	.500197	.000000
3.01654	.500425	.000000
3.01829	.500595	.000000
3.02005	.500851	.000000
3.02181	.501085	.000000
3.02357	.501249	.000000
3.02534	.501486	.000000
3.0271	.501774	.000000
3.02887	.502016	.000000
3.03064	.502291	.000000
3.03241	.502565	.000000
3.03419	.502855	.000000
3.03597	.503115	.000000
3.03774	.503352	.000000
3.03952	.503601	.000000
3.04131	.503847	.000000
3.04309	.504122	.000000
3.04488	.504422	.000000
3.04667	.504657	.000000
3.04846	.504936	.000000
3.05025	.505238	.000000
3.05205	.505547	.000000
3.05384	.505899	.000000
3.05564	.506223	.000000
3.05745	.506480	.000000
3.05925	.506758	.000000
3.06106	.507064	.000000
3.06286	.507349	.000000
3.06467	.507615	.000000
3.06649	.507881	.000000
3.0683	.508181	.000000
3.07012	.508472	.000000
3.07194	.508774	.000000
3.07376	.509069	.000000
3.07558	.509345	.000000
3.07741	.509647	.000000
3.07923	.509924	.000000
3.08106	.510181	.000000
3.08289	.510459	.000000
3.08473	.510757	.000000
3.08656	.511048	.000000
3.0884	.511320	.000000
3.09024	.511603	.000000
3.09209	.511895	.000000
3.09393	.512216	.000000
3.09578	.512479	.000000
3.09763	.512710	.000000
3.09948	.513034	.000000
3.10133	.513390	.000000
3.10319	.513666	.000000
3.10505	.513957	.000000
3.10691	.514277	.000000
3.10877	.514588	.000000
3.11063	.514898	.000000
3.1125	.515172	.000000
3.11437	.515487	.000000
3.11624	.515818	.000000
3.11812	.516163	.000000
3.11999	.516532	.000000
3.12187	.516903	.000000
3.12375	.517230	.000000
3.12563	.517566	.000000
3.12752	.517893	.000000
3.12941	.518251	.000000
3.1313	.518631	.000000
3.13319	.518956	.000000
3.13508	.519340	.000000
3.13698	.519696	.000000
3.13888	.519996	.000000
3.14078	.520372	.000000
3.14268	.520759	.000000
3.14459	.521068	.000000
3.1465	.521489	.000000
3.14841	.521873	.000000
3.15032	.522182	.000000
3.15223	.522531	.000000
3.15415	.522914	.000000
3.15607	.523270	.000000
3.15799	.523592	.000000
3.15992	.523918	.000000
3.16184	.524290	.000000
3.16377	.524673	.000000
3.16571	.525049	.000000
3.16764	.525369	.000000
3.16958	.525660	.000000
3.17151	.525966	.000000
3.17346	.526295	.000000
3.1754	.526615	.000000
3.17734	.526926	.000000
3.17929	.527286	.000000
3.18124	.527637	.000000
3.1832	.527926	.000000
3.18515	.528193	.000000
3.18711	.528468	.000000
3.18907	.528774	.000000
3.19103	.529068	.000000
3.193	.529392	.000000
3.19496	.529669	.000000
3.19693	.529934	.000000
3.19891	.530235	.000000
3.20088	.530526	.000000
3.20286	.530808	.000000
3.20484	.531070	.000000
3.20682	.531296	.000000
3.2088	.531535	.000000
3.21079	.531788	.000000
3.21278	.532102	.000000
3.21477	.532388	.000000
3.21676	.532614	.000000
3.21876	.532840	.000000
3.22076	.533089	.000000
3.22276	.533330	.000000
3.22477	.533576	.000000
3.22677	.533802	.000000
3.22878	.534028	.000000
3.23079	.534252	.000000
3.23281	.534503	.000000
3.23483	.534738	.000000
3.23684	.534946	.000000
3.23887	.535165	.000000
3.24089	.535433	.000000
3.24292	.535678	.000000
3.24495	.535913	.000000
3.24698	.536118	.000000
3.24901	.536331	.000000
3.25105	.536591	.000000
3.25309	.536845	.000000
3.25513	.537038	.000000
3.25718	.537293	.000000
3.25922	.537593	.000000
3.26127	.537855	.000000
3.26333	.538085	.000000
3.26538	.538356	.000000
3.26744	.538649	.000000
3.2695	.538936	.000000
3.27156	.539209	.000000
3.27363	.539459	.000000
3.27569	.539716	.000000
3.27776	.539969	.000000
3.27984	.540202	.000000
3.28191	.540460	.000000
3.28399	.540688	.000000
3.28607	.540940	.000000
3.28816	.541216	.000000
3.29024	.541484	.000000
3.29233	.541728	.000000
3.29442	.541970	.000000
3.29652	.542198	.000000
3.29862	.542428	.000000
3.30072	.542666	.000000
3.30282	.542923	.000000
3.30492	.543153	.000000
3.30703	.543389	.000000
3.30914	.543588	.000000
3.31125	.543775	.000000
3.31337	.543972	.000000
3.31549	.544196	.000000
3.31761	.544395	.000000
3.31973	.544545	.000000
3.32186	.544706	.000000
3.32399	.544879	.000000
3.32612	.544941	.000000
3.32826	.545015	.000000
3.33039	.545024	.000000
3.33253	.545035	.000000
3.33468	.545033	.000000
3.33682	.544982	.000000
3.33897	.544894	.000000
3.34112	.544783	.000000
3.34328	.544552	.000000
3.34543	.544255	.000000
3.34759	.543953	.000000
3.34976	.543601	.000000
3.35192	.543181	.000000
3.35409	.542695	.000000
3.35626	.542131	.000000
3.35844	.541529	.000000
3.36061	.540802	.000000
3.36279	.539830	.000000
3.36497	.538606	.000000
3.36716	.537275	.000000
3.36935	.536105	.000000
3.37154	.535255	.000000
3.37373	.534756	.000000
3.37593	.534633	.000000
3.37813	.534912	.000000
3.38033	.535668	.000000
3.38253	.536691	.000000
3.38474	.537660	.000000
3.38695	.538405	.000000
3.38917	.538846	.000000
3.39138	.538949	.000000
3.3936	.538734	.000000
3.39582	.538222	.000000
3.39805	.537517	.000000
3.40028	.536745	.000000
3.40251	.535950	.000000
3.40474	.535147	.000000
3.40698	.534407	.000000
3.40922	.533775	.000000
3.41146	.533279	.000000
3.41371	.532999	.000000
3.41596	.533041	.000000
3.41821	.533505	.000000
3.42046	.534331	.000000
3.42272	.535414	.000000
3.42498	.536638	.000000
3.42725	.537859	.000000
3.42951	.538971	.000000
3.43178	.539943	.000000
3.43405	.540842	.000000
3.43633	.541619	.000000
3.43861	.542267	.000000
3.44089	.542824	.000000
3.44318	.543370	.000000
3.44546	.543928	.000000
3.44775	.544471	.000000
3.45005	.544955	.000000
3.45235	.545454	.000000
3.45465	.545935	.000000
3.45695	.546313	.000000
3.45925	.546624	.000000
3.46156	.546846	.000000
3.46388	.546949	.000000
3.46619	.546893	.000000
3.46851	.546669	.000000
3.47083	.546378	.000000
3.47316	.546190	.000000
3.47548	.546188	.000000
3.47781	.546302	.000000
3.48015	.546488	.000000
3.48249	.546685	.000000
3.48483	.546810	.000000
3.48717	.546846	.000000
3.48952	.546812	.000000
3.49187	.546712	.000000
3.49422	.546582	.000000
3.49658	.546470	.000000
3.49894	.546467	.000000
3.5013	.546711	.000000
3.50366	.547354	.000000
3.50603	.548372	.000000
3.5084	.549668	.000000
3.51078	.551041	.000000
3.51316	.552370	.000000
3.51554	.553604	.000000
3.51793	.554736	.000000
3.52031	.555716	.000000
3.52271	.556541	.000000
3.5251	.557282	.000000
3.5275	.557947	.000000
3.5299	.558473	.000000
3.5323	.558963	.000000
3.53471	.559441	.000000
3.53712	.559878	.000000
3.53954	.560227	.000000
3.54195	.560552	.000000
3.54438	.560910	.000000
3.5468	.561241	.000000
3.54923	.561549	.000000
3.55166	.561863	.000000
3.55409	.562106	.000000
3.55653	.562351	.000000
3.55897	.562612	.000000
3.56142	.562849	.000000
3.56386	.563008	.000000
3.56631	.563212	.000000
3.56877	.563407	.000000
3.57123	.563557	.000000
3.57369	.563689	.000000
3.57615	.563819	.000000
3.57862	.563977	.000000
3.58109	.564123	.000000
3.58357	.564228	.000000
3.58604	.564326	.000000
3.58853	.564432	.000000
3.59101	.564525	.000000
3.5935	.564566	.000000
3.59599	.564617	.000000
3.59849	.564718	.000000
3.60099	.564821	.000000
3.60349	.564861	.000000
3.606	.564890	.000000
3.6085	.564942	.000000
3.61102	.564986	.000000
3.61353	.565007	.000000
3.61605	.565054	.000000
3.61858	.565145	.000000
3.6211	.565221	.000000
3.62363	.565212	.000000
3.62617	.565219	.000000
3.62871	.565237	.000000
3.63125	.565291	.000000
3.63379	.565345	.000000
3.63634	.565373	.000000
3.63889	.565354	.000000
3.64145	.565385	.000000
3.64401	.565432	.000000
3.64657	.565416	.000000
3.64913	.565389	.000000
3.6517	.565439	.000000
3.65428	.565454	.000000
3.65685	.565506	.000000
3.65944	.565564	.000000
3.66202	.565640	.000000
3.66461	.565698	.000000
3.6672	.565738	.000000
3.66979	.565796	.000000
3.67239	.565868	.000000
3.675	.565935	.000000
3.6776	.566013	.000000
3.68021	.566074	.000000
3.68283	.566116	.000000
3.68544	.566161	.000000
3.68806	.566231	.000000
3.69069	.566287	.000000
3.69332	.566320	.000000
3.69595	.566354	.000000
3.69859	.566421	.000000
3.70123	.566454	.000000
3.70387	.566443	.000000
3.70652	.566495	.000000
3.70917	.566544	.000000
3.71182	.566586	.000000
3.71448	.566589	.000000
3.71715	.566573	.000000
3.71981	.566595	.000000
3.72248	.566582	.000000
3.72516	.566586	.000000
3.72784	.566595	.000000
3.73052	.566591	.000000
3.7332	.566575	.000000
3.73589	.566577	.000000
3.73859	.566577	.000000
3.74128	.566550	.000000
3.74398	.566542	.000000
3.74669	.566546	.000000
3.7494	.566512	.000000
3.75211	.566512	.000000
3.75483	.566513	.000000
3.75755	.566503	.000000
3.76028	.566439	.000000
3.763	.566418	.000000
3.76574	.566380	.000000
3.76847	.566343	.000000
3.77121	.566338	.000000
3.77396	.566320	.000000
3.77671	.566284	.000000
3.77946	.566242	.000000
3.78222	.566193	.000000
3.78498	.566155	.000000
3.78774	.566119	.000000
3.79051	.566103	.000000
3.79328	.566060	.000000
3.79606	.565998	.000000
3.79884	.565937	.000000
3.80163	.565893	.000000
3.80442	.565873	.000000
3.80721	.565830	.000000
3.81001	.565736	.000000
3.81281	.565662	.000000
3.81561	.565577	.000000
3.81842	.565535	.000000
3.82124	.565495	.000000
3.82405	.565429	.000000
3.82688	.565349	.000000
3.8297	.565271	.000000
3.83253	.565228	.000000
3.83537	.565179	.000000
3.83821	.565139	.000000
3.84105	.565107	.000000
3.8439	.565015	.000000
3.84675	.564935	.000000
3.84961	.564846	.000000
3.85246	.564787	.000000
3.85533	.564696	.000000
3.8582	.564637	.000000
3.86107	.564579	.000000
3.86395	.564490	.000000
3.86683	.564432	.000000
3.86971	.564353	.000000
3.8726	.564264	.000000
3.8755	.564237	.000000
3.8784	.564176	.000000
3.8813	.564069	.000000
3.88421	.563955	.000000
3.88712	.563819	.000000
3.89004	.563684	.000000
3.89296	.563612	.000000
3.89588	.563541	.000000
3.89881	.563454	.000000
3.90174	.563308	.000000
3.90468	.563167	.000000
3.90762	.563058	.000000
3.91057	.562919	.000000
3.91352	.562776	.000000
3.91648	.562635	.000000
3.91944	.562473	.000000
3.9224	.562344	.000000
3.92537	.562212	.000000
3.92835	.562037	.000000
3.93132	.561881	.000000
3.93431	.561724	.000000
3.93729	.561527	.000000
3.94029	.561310	.000000
3.94328	.561079	.000000
3.94628	.560874	.000000
3.94929	.560654	.000000
3.9523	.560428	.000000
3.95531	.560184	.000000
3.95833	.559927	.000000
3.96136	.559672	.000000
3.96438	.559437	.000000
3.96742	.559225	.000000
3.97046	.558985	.000000
3.9735	.558752	.000000
3.97655	.558556	.000000
3.9796	.558325	.000000
3.98265	.558146	.000000
3.98572	.557974	.000000
3.98878	.557772	.000000
3.99185	.557636	.000000
3.99493	.557517	.000000
3.99801	.557291	.000000
4.00109	.557125	.000000
4.00418	.557016	.000000
4.00728	.556853	.000000
4.01038	.556682	.000000
4.01348	.556553	.000000
4.01659	.556416	.000000
4.0197	.556269	.000000
4.02282	.556060	.000000
4.02594	.555870	.000000
4.02907	.555689	.000000
4.0322	.555508	.000000
4.03534	.555320	.000000
4.03848	.555170	.000000
4.04163	.554995	.000000
4.04478	.554812	.000000
4.04794	.554588	.000000
4.0511	.554378	.000000
4.05427	.554181	.000000
4.05744	.553964	.000000
4.06062	.553751	.000000
4.0638	.553527	.000000
4.06699	.553284	.000000
4.07018	.553042	.000000
4.07338	.552755	.000000
4.07658	.552520	.000000
4.07979	.552288	.000000
4.083	.552044	.000000
4.08622	.551804	.000000
4.08944	.551538	.000000
4.09267	.551281	.000000
4.0959	.551046	.000000
4.09914	.550766	.000000
4.10238	.550497	.000000
4.10563	.550236	.000000
4.10889	.550007	.000000
4.11215	.549761	.000000
4.11541	.549475	.000000
4.11868	.549191	.000000
4.12195	.548896	.000000
4.12523	.548600	.000000
4.12851	.548329	.000000
4.1318	.548063	.000000
4.1351	.547806	.000000
4.1384	.547479	.000000
4.1417	.547134	.000000
4.14501	.546857	.000000
4.14833	.546571	.000000
4.15165	.546224	.000000
4.15498	.545917	.000000
4.15831	.545584	.000000
4.16165	.545235	.000000
4.16499	.544892	.000000
4.16834	.544532	.000000
4.17169	.544199	.000000
4.17505	.543888	.000000
4.17842	.543514	.000000
4.18178	.543151	.000000
4.18516	.542804	.000000
4.18854	.542429	.000000
4.19193	.542053	.000000
4.19532	.541670	.000000
4.19872	.541285	.000000
4.20212	.540865	.000000
4.20553	.540392	.000000
4.20894	.539933	.000000
4.21236	.539410	.000000
4.21578	.538859	.000000
4.21921	.538248	.000000
4.22265	.537568	.000000
4.22609	.536808	.000000
4.22954	.536018	.000000
4.23299	.535196	.000000
4.23645	.534362	.000000
4.23991	.533491	.000000
4.24338	.532627	.000000
4.24686	.531695	.000000
4.25034	.530779	.000000
4.25382	.529936	.000000
4.25732	.529119	.000000
4.26081	.528295	.000000
4.26432	.527532	.000000
4.26783	.526924	.000000
4.27134	.526539	.000000
4.27487	.526340	.000000
4.27839	.526313	.000000
4.28193	.526404	.000000
4.28546	.526568	.000000
4.28901	.526807	.000000
4.29256	.527105	.000000
4.29612	.527427	.000000
4.29968	.527817	.000000
4.30325	.528186	.000000
4.30682	.528472	.000000
4.3104	.528761	.000000
4.31399	.529045	.000000
4.31758	.529267	.000000
4.32118	.529493	.000000
4.32478	.529654	.000000
4.32839	.529766	.000000
4.33201	.529801	.000000
4.33563	.529808	.000000
4.33926	.529835	.000000
4.34289	.529842	.000000
4.34653	.529790	.000000
4.35018	.529689	.000000
4.35383	.529555	.000000
4.35749	.529448	.000000
4.36115	.529294	.000000
4.36482	.529101	.000000
4.3685	.528908	.000000
4.37218	.528691	.000000
4.37587	.528428	.000000
4.37957	.528186	.000000
4.38327	.527902	.000000
4.38698	.527599	.000000
4.39069	.527284	.000000
4.39442	.527000	.000000
4.39814	.526725	.000000
4.40188	.526420	.000000
4.40562	.526112	.000000
4.40936	.525850	.000000
4.41312	.525537	.000000
4.41687	.525205	.000000
4.42064	.524869	.000000
4.42441	.524534	.000000
4.42819	.524185	.000000
4.43198	.523809	.000000
4.43577	.523359	.000000
4.43956	.522947	.000000
4.44337	.522518	.000000
4.44718	.522039	.000000
4.45099	.521517	.000000
4.45482	.520998	.000000
4.45865	.520463	.000000
4.46249	.519900	.000000
4.46633	.519298	.000000
4.47018	.518674	.000000
4.47404	.517958	.000000
4.4779	.517239	.000000
4.48177	.516512	.000000
4.48565	.515709	.000000
4.48953	.514822	.000000
4.49342	.513867	.000000
4.49732	.512815	.000000
4.50122	.511674	.000000
4.50513	.510378	.000000
4.50905	.508962	.000000
4.51298	.507376	.000000
4.51691	.505625	.000000
4.52085	.503708	.000000
4.52479	.501629	.000000
4.52874	.499414	.000000
4.5327	.497020	.000000
4.53667	.494458	.000000
4.54064	.491868	.000000
4.54462	.489197	.000000
4.5486	.486496	.000000
4.5526	.483781	.000000
4.5566	.480976	.000000
4.56061	.478125	.000000
4.56462	.475256	.000000
4.56864	.472280	.000000
4.57267	.469254	.000000
4.57671	.466082	.000000
4.58075	.462832	.000000
4.5848	.459539	.000000
4.58886	.456149	.000000
4.59292	.452613	.000000
4.59699	.449004	.000000
4.60107	.445341	.000000
4.60516	.441653	.000000
4.60925	.437932	.000000
4.61335	.434249	.000000
4.61746	.430646	.000000
4.62158	.427131	.000000
4.6257	.423711	.000000
4.62983	.420384	.000000
4.63397	.417162	.000000
4.63811	.414100	.000000
4.64226	.411153	.000000
4.64642	.408341	.000000
4.65059	.405693	.000000
4.65476	.403212	.000000
4.65895	.400862	.000000
4.66314	.398678	.000000
4.66733	.396633	.000000
4.67154	.394731	.000000
4.67575	.392876	.000000
4.67997	.391077	.000000
4.6842	.389321	.000000
4.68843	.387578	.000000
4.69267	.385877	.000000
4.69693	.384187	.000000
4.70118	.382413	.000000
4.70545	.380643	.000000
4.70972	.378837	.000000
4.71401	.377000	.000000
4.71829	.375145	.000000
4.72259	.373221	.000000
4.7269	.371274	.000000
4.73121	.369309	.000000
4.73553	.367259	.000000
4.73986	.365176	.000000
4.7442	.363023	.000000
4.74854	.360819	.000000
4.75289	.358562	.000000
4.75725	.356268	.000000
4.76162	.353925	.000000
4.766	.351553	.000000
4.77038	.349161	.000000
4.77478	.346731	.000000
4.77918	.344265	.000000
4.78358	.341858	.000000
4.788	.339483	.000000
4.79243	.337156	.000000
4.79686	.334856	.000000
4.8013	.332643	.000000
4.80575	.330555	.000000
4.81021	.328615	.000000
4.81468	.326789	.000000
4.81915	.325118	.000000
4.82363	.323618	.000000
4.82812	.322246	.000000
4.83262	.320969	.000000
4.83713	.319879	.000000
4.84165	.318928	.000000
4.84617	.318062	.000000
4.85071	.317301	.000000
4.85525	.316652	.000000
4.8598	.316071	.000000
4.86436	.315551	.000000
4.86892	.315039	.000000
4.8735	.314576	.000000
4.87808	.314162	.000000
4.88268	.313748	.000000
4.88728	.313318	.000000
4.89189	.312893	.000000
4.89651	.312419	.000000
4.90114	.311935	.000000
4.90578	.311452	.000000
4.91042	.310973	.000000
4.91508	.310476	.000000
4.91974	.309960	.000000
4.92441	.309407	.000000
4.92909	.308852	.000000
4.93378	.308281	.000000
4.93848	.307706	.000000
4.94319	.307138	.000000
4.9479	.306589	.000000
4.95263	.306077	.000000
4.95737	.305551	.000000
4.96211	.304970	.000000
4.96686	.304359	.000000
4.97162	.303692	.000000
4.9764	.302891	.000000
4.98118	.302014	.000000
4.98596	.301092	.000000
4.99076	.300098	.000000
4.99557	.298997	.000000
5.00039	.297755	.000000
5.00521	.296442	.000000
5.01005	.295121	.000000
5.0149	.293703	.000000
5.01975	.292235	.000000
5.02461	.290742	.000000
5.02949	.289156	.000000
5.03437	.287525	.000000
5.03926	.285880	.000000
5.04417	.284157	.000000
5.04908	.282360	.000000
5.054	.280613	.000000
5.05893	.278881	.000000
5.06387	.277151	.000000
5.06882	.275437	.000000
5.07378	.273750	.000000
5.07875	.272083	.000000
5.08373	.270460	.000000
5.08872	.268878	.000000
5.09372	.267350	.000000
5.09872	.265909	.000000
5.10374	.264595	.000000
5.10877	.263371	.000000
5.11381	.262253	.000000
5.11886	.261275	.000000
5.12392	.260496	.000000
5.12898	.259889	.000000
5.13406	.259460	.000000
5.13915	.259249	.000000
5.14425	.259314	.000000
5.14935	.259659	.000000
5.15447	.260216	.000000
5.1596	.261017	.000000
5.16474	.262082	.000000
5.16989	.263335	.000000
5.17505	.264756	.000000
5.18022	.266311	.000000
5.1854	.267961	.000000
5.19059	.269654	.000000
5.19579	.271364	.000000
5.201	.273054	.000000
5.20623	.274716	.000000
5.21146	.276385	.000000
5.2167	.278010	.000000
5.22195	.279498	.000000
5.22722	.280924	.000000
5.23249	.282295	.000000
5.23778	.283607	.000000
5.24307	.284837	.000000
5.24838	.286003	.000000
5.2537	.287091	.000000
5.25903	.288138	.000000
5.26437	.289147	.000000
5.26972	.290165	.000000
5.27508	.291167	.000000
5.28045	.292145	.000000
5.28583	.293038	.000000
5.29122	.293839	.000000
5.29663	.294531	.000000
5.30204	.295130	.000000
5.30747	.295659	.000000
5.31291	.296108	.000000
5.31836	.296444	.000000
5.32382	.296733	.000000
5.32929	.296912	.000000
5.33477	.296959	.000000
5.34027	.296874	.000000
5.34577	.296737	.000000
5.35129	.296511	.000000
5.35682	.296111	.000000
5.36236	.295587	.000000
5.36791	.294987	.000000
5.37347	.294309	.000000
5.37904	.293546	.000000
5.38463	.292660	.000000
5.39023	.291689	.000000
5.39584	.290615	.000000
5.40146	.289463	.000000
5.40709	.288276	.000000
5.41273	.287100	.000000
5.41839	.285929	.000000
5.42406	.284819	.000000
5.42974	.283687	.000000
5.43543	.282685	.000000
5.44113	.281872	.000000
5.44685	.281212	.000000
5.45257	.280648	.000000
5.45831	.280264	.000000
5.46406	.280044	.000000
5.46983	.279841	.000000
5.4756	.279659	.000000
5.48139	.279577	.000000
5.48719	.279442	.000000
5.493	.279324	.000000
5.49883	.279167	.000000
5.50467	.278952	.000000
5.51052	.278632	.000000
5.51638	.278220	.000000
5.52225	.277659	.000000
5.52814	.276902	.000000
5.53404	.275951	.000000
5.53995	.274817	.000000
5.54588	.273441	.000000
5.55182	.271870	.000000
5.55777	.270053	.000000
5.56373	.268052	.000000
5.56971	.265978	.000000
5.57569	.263911	.000000
5.5817	.261809	.000000
5.58771	.259654	.000000
5.59374	.257614	.000000
5.59978	.255761	.000000
5.60583	.254076	.000000
5.6119	.252581	.000000
5.61798	.251210	.000000
5.62407	.249961	.000000
5.63018	.248835	.000000
5.6363	.247916	.000000
5.64243	.247218	.000000
5.64858	.246493	.000000
5.65474	.245828	.000000
5.66091	.245320	.000000
5.6671	.244888	.000000
5.6733	.244591	.000000
5.67951	.244320	.000000
5.68574	.244038	.000000
5.69198	.243801	.000000
5.69823	.243507	.000000
5.7045	.243188	.000000
5.71079	.242977	.000000
5.71708	.242646	.000000
5.72339	.242266	.000000
5.72972	.241934	.000000
5.73605	.241662	.000000
5.74241	.241353	.000000
5.74877	.241095	.000000
5.75515	.240798	.000000
5.76155	.240652	.000000
5.76796	.240661	.000000
5.77438	.240384	.000000
5.78082	.240104	.000000
5.78727	.239950	.000000
5.79374	.239804	.000000
5.80022	.239730	.000000
5.80671	.239634	.000000
5.81322	.239589	.000000
5.81975	.239674	.000000
5.82628	.239668	.000000
5.83284	.239460	.000000
5.8394	.239318	.000000
5.84599	.239240	.000000
5.85259	.239173	.000000
5.8592	.239083	.000000
5.86583	.238970	.000000
5.87247	.238728	.000000
5.87913	.238589	.000000
5.8858	.238175	.000000
5.89249	.237481	.000000
5.89919	.236759	.000000
5.90591	.235638	.000000
5.91265	.234422	.000000
5.9194	.233123	.000000
5.92616	.231617	.000000
5.93294	.230157	.000000
5.93974	.228464	.000000
5.94655	.226376	.000000
5.95338	.224304	.000000
5.96022	.222274	.000000
5.96708	.220305	.000000
5.97395	.218247	.000000
5.98084	.216190	.000000
5.98775	.214373	.000000
5.99467	.212652	.000000
6.00161	.211014	.000000
6.00856	.209618	.000000
6.01554	.208533	.000000
6.02252	.207562	.000000
6.02952	.206823	.000000
6.03654	.206284	.000000
6.04358	.205995	.000000
6.05063	.205810	.000000
6.0577	.205187	.000000
6.06478	.204570	.000000
6.07188	.204259	.000000
6.079	.203775	.000000
6.08614	.203138	.000000
6.09329	.202493	.000000
6.10046	.201813	.000000
6.10764	.201137	.000000
6.11485	.200432	.000000
6.12206	.199370	.000000
6.1293	.198239	.000000
6.13655	.197167	.000000
6.14383	.196042	.000000
6.15111	.194894	.000000
6.15842	.193771	.000000
6.16574	.192627	.000000
6.17308	.191544	.000000
6.18044	.190670	.000000
6.18781	.189898	.000000
6.19521	.189074	.000000
6.20262	.188418	.000000
6.21005	.187935	.000000
6.21749	.187550	.000000
6.22496	.187264	.000000
6.23244	.187042	.000000
6.23994	.186829	.000000
6.24745	.186673	.000000
6.25499	.186568	.000000
6.26254	.186510	.000000
6.27012	.186471	.000000
6.27771	.186442	.000000
6.28532	.186496	.000000
6.29294	.186633	.000000
6.30059	.186830	.000000
6.30826	.187141	.000000
6.31594	.187573	.000000
6.32364	.188145	.000000
6.33136	.188870	.000000
6.3391	.189844	.000000
6.34686	.191021	.000000
6.35464	.192046	.000000
6.36244	.193225	.000000
6.37025	.194681	.000000
6.37809	.196120	.000000
6.38594	.197539	.000000
6.39382	.199070	.000000
6.40171	.200565	.000000
6.40962	.202225	.000000
6.41756	.203764	.000000
6.42551	.204832	.000000
6.43348	.205883	.000000
6.44147	.206892	.000000
6.44949	.207828	.000000
6.45752	.208676	.000000
6.46557	.209374	.000000
6.47364	.210046	.000000
6.48173	.210623	.000000
6.48984	.211175	.000000
6.49797	.211574	.000000
6.50613	.211600	.000000
6.5143	.211594	.000000
6.52249	.211666	.000000
6.53071	.211558	.000000
6.53894	.211328	.000000
6.5472	.210967	.000000
6.55548	.210493	.000000
6.56378	.209916	.000000
6.57209	.209267	.000000
6.58044	.208385	.000000
6.5888	.207356	.000000
6.59718	.206297	.000000
6.60558	.205203	.000000
6.61401	.204153	.000000
6.62246	.203122	.000000
6.63092	.202260	.000000
6.63941	.201482	.000000
6.64793	.200584	.000000
6.65646	.199793	.000000
6.66502	.199300	.000000
6.67359	.198967	.000000
6.68219	.198758	.000000
6.69082	.198577	.000000
6.69946	.198475	.000000
6.70813	.198535	.000000
6.71682	.198580	.000000
6.72553	.198535	.000000
6.73426	.198448	.000000
6.74302	.198338	.000000
6.7518	.198165	.000000
6.7606	.197892	.000000
6.76942	.197568	.000000
6.77827	.197176	.000000
6.78715	.196749	.000000
6.79604	.196165	.000000
6.80496	.195487	.000000
6.8139	.194923	.000000
6.82287	.194397	.000000
6.83186	.193802	.000000
6.84087	.193144	.000000
6.84991	.192509	.000000
6.85897	.191949	.000000
6.86805	.191229	.000000
6.87716	.190237	.000000
6.88629	.189296	.000000
6.89545	.188378	.000000
6.90463	.187469	.000000
6.91384	.186552	.000000
6.92307	.185563	.000000
6.93233	.184545	.000000
6.9416	.183509	.000000
6.95091	.182513	.000000
6.96024	.181544	.000000
6.96959	.180441	.000000
6.97897	.179356	.000000
6.98838	.178378	.000000
6.99781	.177396	.000000
7.00727	.176492	.000000
7.01675	.175690	.000000
7.02625	.174952	.000000
7.03579	.174290	.000000
7.04535	.173764	.000000
7.05493	.173195	.000000
7.06454	.172631	.000000
7.07418	.172124	.000000
7.08385	.171658	.000000
7.09354	.171139	.000000
7.10326	.170564	.000000
7.113	.169946	.000000
7.12277	.169262	.000000
7.13257	.168454	.000000
7.14239	.167631	.000000
7.15224	.166758	.000000
7.16212	.165795	.000000
7.17203	.164784	.000000
7.18196	.163692	.000000
7.19192	.162526	.000000
7.20191	.161389	.000000
7.21193	.160221	.000000
7.22197	.158991	.000000
7.23204	.157675	.000000
7.24214	.156339	.000000
7.25227	.155028	.000000
7.26243	.153701	.000000
7.27261	.152347	.000000
7.28283	.150984	.000000
7.29307	.149631	.000000
7.30334	.148337	.000000
7.31364	.147050	.000000
7.32397	.145751	.000000
7.33433	.144468	.000000
7.34472	.143222	.000000
7.35514	.141984	.000000
7.36559	.140754	.000000
7.37607	.139539	.000000
7.38657	.138360	.000000
7.39711	.137142	.000000
7.40768	.135979	.000000
7.41827	.134839	.000000
7.4289	.133663	.000000
7.43956	.132447	.000000
7.45025	.131217	.000000
7.46097	.129941	.000000
7.47172	.128650	.000000
7.4825	.127310	.000000
7.49331	.125967	.000000
7.50416	.124602	.000000
7.51503	.123237	.000000
7.52594	.121843	.000000
7.53688	.120415	.000000
7.54785	.118957	.000000
7.55885	.117496	.000000
7.56988	.115972	.000000
7.58095	.114515	.000000
7.59205	.113060	.000000
7.60318	.111597	.000000
7.61434	.110152	.000000
7.62554	.108749	.000000
7.63677	.107312	.000000
7.64803	.105896	.000000
7.65933	.104501	.000000
7.67067	.103087	.000000
7.68203	.101630	.000000
7.69343	.100169	.000000
7.70486	.098665	.000000
7.71632	.097177	.000000
7.72782	.095701	.000000
7.73936	.094208	.000000
7.75092	.092666	.000000
7.76253	.091167	.000000
7.77416	.089645	.000000
7.78584	.088086	.000000
7.79754	.086513	.000000
7.80929	.085016	.000000
7.82107	.083514	.000000
7.83288	.081961	.000000
7.84473	.080386	.000000
7.85661	.078779	.000000
7.86854	.077133	.000000
7.88049	.075514	.000000
7.89249	.073901	.000000
7.90452	.072263	.000000
7.91659	.070610	.000000
7.9287	.069012	.000000
7.94084	.067401	.000000
7.95302	.065734	.000000
7.96523	.064060	.000000
7.97749	.062395	.000000
7.98978	.060630	.000000
8.00211	.058871	.000000
8.01448	.057105	.000000
8.02688	.055317	.000000
8.03933	.053501	.000000
8.05181	.051717	.000000
8.06433	.049900	.000000
8.07689	.048063	.000000
8.08949	.046206	.000000
8.10213	.044413	.000000
8.11481	.042645	.000000
8.12753	.040885	.000000
8.14029	.039094	.000000
8.15309	.037373	.000000
8.16593	.035711	.000000
8.1788	.034136	.000000
8.19172	.032536	.000000
8.20468	.030998	.000000
8.21769	.029499	.000000
8.23073	.028058	.000000
8.24382	.026657	.000000
8.25694	.025353	.000000
8.27012	.024080	.000000
8.28333	.022936	.000000
8.29658	.021860	.000000
8.30988	.020869	.000000
8.32321	.019940	.000000
8.33659	.019128	.000000
8.35002	.018383	.000000
8.36348	.017803	.000000
8.37699	.017353	.000000
8.39055	.017116	.000000
8.40415	.017093	.000000
8.41779	.017338	.000000
8.43148	.017883	.000000
8.44521	.018758	.000000
8.45898	.020059	.000000
8.47281	.021934	.000000
8.48668	.024353	.000000
8.50059	.027393	.000000
8.51455	.031077	.000000
8.52855	.035516	.000000
8.5426	.040652	.000000
8.5567	.046568	.000000
8.57084	.053167	.000000
8.58503	.060381	.000000
8.59927	.068054	.000000
8.61355	.076085	.000000
8.62788	.084235	.000000
8.64226	.092203	.000000
8.65669	.099677	.000000
8.67116	.106473	.000000
8.68569	.112168	.000000
8.70026	.115717	.000000
8.71488	.115752	.000000
8.72955	.112420	.000000
8.74427	.108838	.000000
8.75904	.108391	.000000
8.77386	.111407	.000000
8.78873	.116128	.000000
8.80366	.120584	.000000
8.81863	.123600	.000000
8.83365	.124723	.000000
8.84872	.124153	.000000
8.86385	.122571	.000000
8.87903	.120803	.000000
8.89426	.119277	.000000
8.90954	.118330	.000000
8.92488	.117974	.000000
8.94027	.118091	.000000
8.95571	.118646	.000000
8.9712	.119487	.000000
8.98675	.120422	.000000
9.00235	.121416	.000000
9.018	.122383	.000000
9.03371	.123325	.000000
9.04948	.124242	.000000
9.0653	.125153	.000000
9.08118	.125967	.000000
9.0971	.126697	.000000
9.11309	.127419	.000000
9.12914	.128182	.000000
9.14524	.128899	.000000
9.16139	.129677	.000000
9.17761	.130537	.000000
9.19388	.131402	.000000
9.21021	.132183	.000000
9.2266	.132991	.000000
9.24304	.133779	.000000
9.25955	.134613	.000000
9.27611	.135314	.000000
9.29273	.135804	.000000
9.30942	.136182	.000000
9.32617	.136326	.000000
9.34297	.136124	.000000
9.35983	.135538	.000000
9.37676	.134464	.000000
9.39375	.133067	.000000
9.41079	.131389	.000000
9.42791	.129528	.000000
9.44508	.127641	.000000
9.46231	.125703	.000000
9.47961	.123625	.000000
9.49697	.121322	.000000
9.5144	.118646	.000000
9.53188	.115567	.000000
9.54944	.111924	.000000
9.56705	.107809	.000000
9.58474	.103271	.000000
9.60249	.098341	.000000
9.6203	.093270	.000000
9.63818	.088506	.000000
9.65613	.084320	.000000
9.67415	.081068	.000000
9.69223	.079068	.000000
9.71038	.078591	.000000
9.7286	.079563	.000000
9.74689	.081834	.000000
9.76524	.085072	.000000
9.78367	.089005	.000000
9.80216	.093241	.000000
9.82072	.097475	.000000
9.83936	.101396	.000000
9.85806	.104803	.000000
9.87684	.107422	.000000
9.89569	.109301	.000000
9.91461	.110462	.000000
9.9336	.110991	.000000
9.95267	.111143	.000000
9.97181	.111163	.000000
9.99103	.111228	.000000
10.01031	.111550	.000000
10.02968	.112261	.000000
10.04911	.113537	.000000
10.06863	.115486	.000000
10.08822	.118111	.000000
10.10788	.121403	.000000
10.12763	.125164	.000000
10.14745	.129102	.000000
10.16734	.132987	.000000
10.18732	.136319	.000000
10.20737	.138774	.000000
10.2275	.139986	.000000
10.24771	.139819	.000000
10.268	.138467	.000000
10.28838	.136641	.000000
10.30883	.134990	.000000
10.32937	.133994	.000000
10.34998	.133627	.000000
10.37069	.133526	.000000
10.39147	.133257	.000000
10.41234	.132653	.000000
10.43329	.131942	.000000
10.45432	.131116	.000000
10.47544	.129868	.000000
10.49665	.128169	.000000
10.51794	.126048	.000000
10.53932	.123736	.000000
10.56079	.121342	.000000
10.58234	.119075	.000000
10.60398	.116974	.000000
10.62571	.115123	.000000
10.64753	.113510	.000000
10.66944	.112127	.000000
10.69144	.110964	.000000
10.71353	.110028	.000000
10.73571	.109077	.000000
10.75799	.108061	.000000
10.78035	.106880	.000000
10.80281	.105360	.000000
10.82536	.103485	.000000
10.848	.101319	.000000
10.87075	.098816	.000000
10.89358	.096117	.000000
10.91652	.093215	.000000
10.93955	.090341	.000000
10.96268	.087669	.000000
10.98591	.085277	.000000
11.00923	.083295	.000000
11.03266	.081858	.000000
11.05618	.080918	.000000
11.0798	.080388	.000000
11.10353	.079865	.000000
11.12736	.079374	.000000
11.15129	.078842	.000000
11.17532	.078267	.000000
11.19946	.077830	.000000
11.2237	.077651	.000000
11.24805	.077815	.000000
11.2725	.078390	.000000
11.29706	.079404	.000000
11.32172	.080950	.000000
11.34649	.082870	.000000
11.37138	.085076	.000000
11.39637	.087220	.000000
11.42147	.089122	.000000
11.44668	.090628	.000000
11.47201	.091671	.000000
11.49745	.092279	.000000
11.523	.092498	.000000
11.54866	.092407	.000000
11.57444	.092261	.000000
11.60033	.091946	.000000
11.62634	.091525	.000000
11.65247	.091064	.000000
11.67872	.090473	.000000
11.70508	.089789	.000000
11.73157	.089100	.000000
11.75817	.088300	.000000
11.78489	.087394	.000000
11.81174	.086293	.000000
11.8387	.085155	.000000
11.86579	.084074	.000000
11.893	.083120	.000000
11.92034	.082212	.000000
11.94781	.081337	.000000
11.9754	.080532	.000000
12.00312	.079827	.000000
12.03097	.079229	.000000
12.05896	.078950	.000000
12.08707	.078864	.000000
12.11531	.079007	.000000
12.14368	.079287	.000000
12.17219	.079623	.000000
12.20083	.080050	.000000
12.2296	.080502	.000000
12.25852	.080856	.000000
12.28757	.081006	.000000
12.31676	.080950	.000000
12.34608	.080834	.000000
12.37555	.080502	.000000
12.40515	.080028	.000000
12.4349	.079413	.000000
12.46478	.078820	.000000
12.49482	.078235	.000000
12.525	.077748	.000000
12.55533	.077481	.000000
12.5858	.077296	.000000
12.61642	.077063	.000000
12.6472	.076954	.000000
12.67813	.076730	.000000
12.7092	.076448	.000000
12.74043	.076088	.000000
12.77181	.075476	.000000
12.80334	.074597	.000000
12.83503	.073416	.000000
12.86688	.071896	.000000
12.8989	.070265	.000000
12.93106	.068573	.000000
12.96339	.066721	.000000
12.99588	.064884	.000000
13.02853	.063239	.000000
13.06135	.061749	.000000
13.09433	.060459	.000000
13.12749	.059466	.000000
13.16081	.058566	.000000
13.1943	.057606	.000000
13.22796	.056517	.000000
13.26179	.055425	.000000
13.29579	.054386	.000000
13.32997	.053617	.000000
13.36432	.053337	.000000
13.39885	.053198	.000000
13.43356	.053129	.000000
13.46846	.052928	.000000
13.50353	.052464	.000000
13.53879	.051715	.000000
13.57423	.050667	.000000
13.60986	.049528	.000000
13.64568	.048443	.000000
13.68169	.047582	.000000
13.71788	.047139	.000000
13.75427	.047009	.000000
13.79085	.047042	.000000
13.82763	.047058	.000000
13.8646	.046969	.000000
13.90177	.046745	.000000
13.93915	.046389	.000000
13.97672	.045872	.000000
14.01449	.045322	.000000
14.05247	.044800	.000000
14.09066	.044420	.000000
14.12904	.044227	.000000
14.16764	.044561	.000000
14.20646	.045498	.000000
14.24549	.046995	.000000
14.28473	.049010	.000000
14.3242	.051073	.000000
14.36388	.052531	.000000
14.40378	.053136	.000000
14.4439	.052733	.000000
14.48425	.051289	.000000
14.52482	.049291	.000000
14.56562	.047262	.000000
14.60665	.045230	.000000
14.64792	.043397	.000000
14.68942	.041515	.000000
14.73115	.039886	.000000
14.77312	.038521	.000000
14.81533	.037268	.000000
14.85778	.036201	.000000
14.90048	.035357	.000000
14.94342	.034539	.000000
14.98659	.033677	.000000
15.03003	.032936	.000000
15.07372	.032489	.000000
15.11767	.032473	.000000
15.16187	.033136	.000000
15.20634	.034084	.000000
15.25106	.035324	.000000
15.29606	.036438	.000000
15.34131	.037091	.000000
15.38684	.037555	.000000
15.43263	.037973	.000000
15.4787	.038092	.000000
15.52504	.038063	.000000
15.57167	.038175	.000000
15.61858	.038640	.000000
15.66576	.039061	.000000
15.71324	.039551	.000000
15.761	.039900	.000000
15.80905	.039828	.000000
15.8574	.039314	.000000
15.90604	.038584	.000000
15.95496	.038058	.000000
16.00421	.038123	.000000
16.05376	.038866	.000000
16.10362	.041026	.000000
16.15378	.045075	.000000
16.20426	.051151	.000000
16.25506	.058871	.000000
16.30619	.067432	.000000
16.35763	.076020	.000000
16.40939	.084255	.000000
16.46149	.091751	.000000
16.51391	.098337	.000000
16.56667	.103857	.000000
16.61977	.108411	.000000
16.67322	.112049	.000000
16.72701	.115186	.000000
16.78114	.118100	.000000
16.83563	.120776	.000000
16.89046	.123497	.000000
16.94566	.126327	.000000
17.00122	.129029	.000000
17.05716	.131877	.000000
17.11345	.134848	.000000
17.17012	.137578	.000000
17.22716	.139910	.000000
17.28459	.141768	.000000
17.3424	.142768	.000000
17.4006	.142586	.000000
17.45916	.141588	.000000
17.51815	.140208	.000000
17.57753	.138388	.000000
17.63732	.136768	.000000
17.69752	.135648	.000000
17.75813	.135822	.000000
17.81915	.137402	.000000
17.88061	.139861	.000000
17.94248	.142879	.000000
18.00478	.146408	.000000
18.06752	.149944	.000000
18.13069	.153029	.000000
18.19431	.155332	.000000
18.25837	.156091	.000000
18.3229	.155457	.000000
18.38788	.154158	.000000
18.45331	.152694	.000000
18.51922	.151645	.000000
18.5856	.150769	.000000
18.65245	.149264	.000000
18.71979	.147337	.000000
18.78759	.145473	.000000
18.85591	.144267	.000000
18.92473	.144520	.000000
18.99405	.146415	.000000
19.06388	.149132	.000000
19.13423	.151956	.000000
19.2051	.154950	.000000
19.27651	.157841	.000000
19.34844	.160309	.000000
19.4209	.161137	.000000
19.49392	.160707	.000000
19.56748	.159127	.000000
19.6416	.156795	.000000
19.71628	.154099	.000000
19.79152	.151101	.000000
19.86735	.147543	.000000
19.94376	.143634	.000000
20.0208	.139158	.000000
20.0984	.134264	.000000
20.17661	.129192	.000000
20.25542	.124643	.000000
20.33485	.120107	.000000
20.41491	.115819	.000000
20.49561	.111778	.000000
20.57694	.107422	.000000
20.65892	.102901	.000000
20.74155	.099406	.000000
20.82485	.096142	.000000
20.90882	.092818	.000000
20.99347	.089514	.000000
21.07881	.087242	.000000
21.16485	.086369	.000000
21.25159	.087130	.000000
21.33905	.089970	.000000
21.42722	.094823	.000000
21.51613	.100415	.000000
21.60579	.105256	.000000
21.69619	.109521	.000000
21.78735	.113573	.000000
21.87928	.116544	.000000
21.97199	.118856	.000000
22.06544	.120568	.000000
22.15973	.121707	.000000
22.25484	.121874	.000000
22.35076	.121281	.000000
22.44752	.119742	.000000
22.54512	.116885	.000000
22.64357	.113911	.000000
22.74288	.110877	.000000
22.84307	.108097	.000000
22.94415	.105873	.000000
23.04612	.103557	.000000
23.14901	.101313	.000000
23.25281	.099364	.000000
23.35756	.097743	.000000
23.46325	.096001	.000000
23.5699	.094398	.000000
23.67752	.093638	.000000
23.78613	.093252	.000000
23.89575	.093273	.000000
24.00638	.093356	.000000
24.11803	.093915	.000000
24.23073	.095613	.000000
24.34449	.097184	.000000
24.45933	.099086	.000000
24.57525	.100312	.000000
24.69227	.100492	.000000
24.81042	.100507	.000000
24.9297	.099956	.000000
25.05013	.099527	.000000
25.17173	.099545	.000000
25.29452	.098574	.000000
25.41852	.096698	.000000
25.54373	.094824	.000000
25.67018	.092626	.000000
25.7979	.090127	.000000
25.92688	.088726	.000000
26.05717	.087645	.000000
26.18878	.086933	.000000
26.32171	.086719	.000000
26.45601	.086875	.000000
26.59168	.087405	.000000
26.72875	.088119	.000000
26.86724	.088831	.000000
27.00717	.089928	.000000
27.14857	.091080	.000000
27.29146	.092210	.000000
27.43586	.094767	.000000
27.58179	.098569	.000000
27.72929	.102530	.000000
27.87837	.106493	.000000
28.02907	.110422	.000000
28.1814	.114381	.000000
28.33539	.116961	.000000
28.49108	.118138	.000000
28.6485	.118314	.000000
28.80765	.117822	.000000
28.96859	.117681	.000000
29.13133	.118292	.000000
29.29592	.119060	.000000
29.46237	.120306	.000000
29.63073	.121825	.000000
29.80102	.122794	.000000
29.97328	.122803	.000000
30.14754	.120901	.000000
30.32384	.118511	.000000
30.50222	.116370	.000000
30.68271	.113739	.000000
30.86534	.111237	.000000
31.05017	.108693	.000000
31.23721	.107755	.000000
31.42653	.106363	.000000
31.61815	.104486	.000000
31.81213	.102761	.000000
32.0085	.101525	.000000
32.20731	.100585	.000000
32.40861	.098932	.000000
32.61244	.098178	.000000
32.81884	.098692	.000000
33.02788	.098204	.000000
33.2396	.096170	.000000
33.45405	.093821	.000000
33.67128	.092505	.000000
33.89136	.092537	.000000
34.11432	.092152	.000000
34.34025	.093194	.000000
34.56918	.094071	.000000
34.80119	.093284	.000000
35.03633	.093579	.000000
35.27468	.095119	.000000
35.51628	.096683	.000000
35.76123	.097771	.000000
36.00957	.100740	.000000
36.26138	.104040	.000000
36.51674	.106121	.000000
36.77573	.106506	.000000
37.03841	.106562	.000000
37.30488	.106444	.000000
37.5752	.107130	.000000
37.84947	.106406	.000000
38.12777	.105117	.000000
38.4102	.103718	.000000
38.69684	.101055	.000000
38.9878	.098775	.000000
39.28316	.098312	.000000
39.58303	.096030	.000000
39.88752	.094566	.000000
40.19672	.093326	.000000
40.51076	.090771	.000000
40.82975	.088102	.000000
41.15379	.084445	.000000
41.48302	.083338	.000000
41.81756	.085929	.000000
42.15754	.088435	.000000
42.50309	.091491	.000000
42.85436	.095611	.000000
43.21148	.098670	.000000
43.5746	.102534	.000000
43.94388	.108704	.000000
44.31946	.110727	.000000
44.70153	.110482	.000000
45.09024	.110299	.000000
45.48577	.111593	.000000
45.8883	.112884	.000000
46.29801	.113989	.000000
46.71511	.112063	.000000
47.13979	.108963	.000000
47.57227	.108724	.000000
48.01275	.107551	.000000
48.46147	.101085	.000000
48.91866	.100581	.000000
49.38455	.104998	.000000
49.8594	.104956	.000000
