Brown University Keck/NASA Relab Spectrum DL-CMP-017-A/BKR1DL017A
Wavelength(micron)	Reflectance
0.3	0.15914
0.305	0.16361
0.31	0.16834
0.315	0.17590
0.32	0.18208
0.325	0.19096
0.33	0.20164
0.335	0.21388
0.34	0.23030
0.345	0.24854
0.35	0.26711
0.355	0.28934
0.36	0.31111
0.365	0.33339
0.37	0.35600
0.375	0.37704
0.38	0.39607
0.385	0.41378
0.39	0.42877
0.395	0.44112
0.4	0.45354
0.405	0.46614
0.41	0.47533
0.415	0.48251
0.42	0.48944
0.425	0.49322
0.43	0.49467
0.435	0.49719
0.44	0.50169
0.445	0.50546
0.45	0.50892
0.455	0.51212
0.46	0.51682
0.465	0.52004
0.47	0.52334
0.475	0.52753
0.48	0.53130
0.485	0.53476
0.49	0.53939
0.495	0.54408
0.5	0.54614
0.505	0.53728
0.51	0.53973
0.515	0.55392
0.52	0.56439
0.525	0.56934
0.53	0.57271
0.535	0.57458
0.54	0.57483
0.545	0.57294
0.55	0.57317
0.555	0.57839
0.56	0.58520
0.565	0.58918
0.57	0.59313
0.575	0.59527
0.58	0.59785
0.585	0.59962
0.59	0.60168
0.595	0.60314
0.6	0.60506
0.605	0.60627
0.61	0.60774
0.615	0.60855
0.62	0.60987
0.625	0.61100
0.63	0.61207
0.635	0.61272
0.64	0.61365
0.645	0.61391
0.65	0.61474
0.655	0.61522
0.66	0.61602
0.665	0.61635
0.67	0.61702
0.675	0.61727
0.68	0.61775
0.685	0.61762
0.69	0.61785
0.695	0.61829
0.7	0.61833
0.705	0.61784
0.71	0.61778
0.715	0.61741
0.72	0.61635
0.725	0.61616
0.73	0.61517
0.735	0.61374
0.74	0.61265
0.745	0.61102
0.75	0.60915
0.755	0.60708
0.76	0.60458
0.765	0.60096
0.77	0.59804
0.775	0.59350
0.78	0.58947
0.785	0.58379
0.79	0.57788
0.795	0.57098
0.8	0.56463
0.805	0.55542
0.81	0.54626
0.815	0.53656
0.82	0.52532
0.825	0.51409
0.83	0.50281
0.835	0.49020
0.84	0.47762
0.845	0.46463
0.85	0.45131
0.855	0.43734
0.86	0.42326
0.865	0.41072
0.87	0.39624
0.875	0.38438
0.88	0.37083
0.885	0.35844
0.89	0.34619
0.895	0.33491
0.9	0.32319
0.905	0.31293
0.91	0.30220
0.915	0.29386
0.92	0.28458
0.925	0.27712
0.93	0.26930
0.935	0.26242
0.94	0.25617
0.945	0.25000
0.95	0.24540
0.955	0.24105
0.96	0.23677
0.965	0.23402
0.97	0.23088
0.975	0.22927
0.98	0.22813
0.985	0.22648
0.99	0.22620
0.995	0.22656
1	0.22742
1.005	0.22941
1.01	0.23215
1.015	0.23562
1.02	0.23963
1.025	0.24500
1.03	0.25072
1.035	0.25842
1.04	0.26615
1.045	0.27538
1.05	0.28474
1.055	0.29639
1.06	0.30849
1.065	0.32011
1.07	0.33392
1.075	0.34798
1.08	0.36156
1.085	0.37616
1.09	0.39197
1.095	0.40649
1.1	0.42064
1.105	0.43493
1.11	0.44847
1.115	0.46174
1.12	0.47415
1.125	0.48550
1.13	0.49561
1.135	0.50545
1.14	0.51424
1.145	0.52247
1.15	0.52915
1.155	0.53561
1.16	0.54138
1.165	0.54678
1.17	0.55160
1.175	0.55475
1.18	0.55877
1.185	0.56157
1.19	0.56475
1.195	0.56725
1.2	0.56999
1.205	0.57223
1.21	0.57427
1.215	0.57632
1.22	0.57748
1.225	0.57995
1.23	0.58143
1.235	0.58295
1.24	0.58478
1.245	0.58691
1.25	0.58812
1.255	0.58993
1.26	0.59145
1.265	0.59354
1.27	0.59506
1.275	0.59671
1.28	0.59830
1.285	0.60035
1.29	0.60187
1.295	0.60410
1.3	0.60538
1.305	0.60736
1.31	0.60934
1.315	0.61095
1.32	0.61274
1.325	0.61531
1.33	0.61665
1.335	0.61883
1.34	0.62017
1.345	0.62195
1.35	0.62334
1.355	0.62454
1.36	0.62559
1.365	0.62809
1.37	0.63008
1.375	0.63158
1.38	0.63262
1.385	0.63505
1.39	0.63734
1.395	0.63741
1.4	0.63913
1.405	0.63999
1.41	0.64270
1.415	0.64329
1.42	0.64435
1.425	0.64543
1.43	0.64629
1.435	0.64783
1.44	0.64912
1.445	0.64979
1.45	0.65032
1.455	0.65089
1.46	0.65168
1.465	0.65237
1.47	0.65276
1.475	0.65355
1.48	0.65395
1.485	0.65448
1.49	0.65461
1.495	0.65483
1.5	0.65527
1.505	0.65529
1.51	0.65522
1.515	0.65496
1.52	0.65493
1.525	0.65495
1.53	0.65446
1.535	0.65394
1.54	0.65354
1.545	0.65387
1.55	0.65323
1.555	0.65213
1.56	0.65213
1.565	0.65043
1.57	0.64964
1.575	0.64881
1.58	0.64815
1.585	0.64692
1.59	0.64578
1.595	0.64498
1.6	0.64362
1.605	0.64162
1.61	0.64033
1.615	0.63871
1.62	0.63729
1.625	0.63495
1.63	0.63374
1.635	0.63106
1.64	0.62968
1.645	0.62777
1.65	0.62668
1.655	0.62406
1.66	0.62197
1.665	0.61974
1.67	0.61791
1.675	0.61606
1.68	0.61312
1.685	0.61015
1.69	0.60891
1.695	0.60637
1.7	0.60433
1.705	0.60131
1.71	0.59882
1.715	0.59634
1.72	0.59331
1.725	0.59155
1.73	0.58785
1.735	0.58507
1.74	0.58263
1.745	0.57996
1.75	0.57712
1.755	0.57450
1.76	0.57173
1.765	0.56848
1.77	0.56629
1.775	0.56325
1.78	0.56021
1.785	0.55840
1.79	0.55514
1.795	0.55188
1.8	0.54980
1.805	0.54646
1.81	0.54342
1.815	0.54112
1.82	0.53761
1.825	0.53502
1.83	0.53188
1.835	0.52993
1.84	0.52729
1.845	0.52478
1.85	0.52236
1.855	0.51932
1.86	0.51679
1.865	0.51484
1.87	0.51070
1.875	0.50987
1.88	0.50660
1.885	0.50368
1.89	0.50108
1.895	0.49823
1.9	0.49523
1.905	0.49319
1.91	0.49120
1.915	0.48863
1.92	0.48636
1.925	0.48456
1.93	0.48172
1.935	0.47968
1.94	0.47806
1.945	0.47607
1.95	0.47331
1.955	0.47059
1.96	0.46886
1.965	0.46719
1.97	0.46482
1.975	0.46312
1.98	0.46116
1.985	0.45981
1.99	0.45819
1.995	0.45640
2	0.45411
2.005	0.45320
2.01	0.45157
2.015	0.44986
2.02	0.44847
2.025	0.44725
2.03	0.44522
2.035	0.44391
2.04	0.44248
2.045	0.44084
2.05	0.43998
2.055	0.43877
2.06	0.43709
2.065	0.43553
2.07	0.43481
2.075	0.43362
2.08	0.43219
2.085	0.43124
2.09	0.43001
2.095	0.42872
2.1	0.42755
2.105	0.42693
2.11	0.42588
2.115	0.42504
2.12	0.42449
2.125	0.42351
2.13	0.42244
2.135	0.42180
2.14	0.42053
2.145	0.41976
2.15	0.41904
2.155	0.41832
2.16	0.41737
2.165	0.41666
2.17	0.41633
2.175	0.41525
2.18	0.41478
2.185	0.41356
2.19	0.41350
2.195	0.41303
2.2	0.41271
2.205	0.41244
2.21	0.41192
2.215	0.41172
2.22	0.41116
2.225	0.41078
2.23	0.41012
2.235	0.41000
2.24	0.41018
2.245	0.41066
2.25	0.41001
2.255	0.41011
2.26	0.41021
2.265	0.41042
2.27	0.41040
2.275	0.41085
2.28	0.41138
2.285	0.41159
2.29	0.41201
2.295	0.41287
2.3	0.41260
2.305	0.41299
2.31	0.41309
2.315	0.41439
2.32	0.41489
2.325	0.41566
2.33	0.41655
2.335	0.41738
2.34	0.41849
2.345	0.41982
2.35	0.42040
2.355	0.42129
2.36	0.42214
2.365	0.42239
2.37	0.42473
2.375	0.42628
2.38	0.42685
2.385	0.43007
2.39	0.43081
2.395	0.43271
2.4	0.43413
2.405	0.43570
2.41	0.43850
2.415	0.43974
2.42	0.44277
2.425	0.44512
2.43	0.44770
2.435	0.44911
2.44	0.45192
2.445	0.45405
2.45	0.45599
2.455	0.45770
2.46	0.46044
2.465	0.46289
2.47	0.46575
2.475	0.46934
2.48	0.47350
2.485	0.47472
2.49	0.47782
2.495	0.48116
2.5	0.48197
2.505	0.48523
2.51	0.48922
2.515	0.49197
2.52	0.49525
2.525	0.49920
2.53	0.50201
2.535	0.50600
2.54	0.51007
2.545	0.51388
2.55	0.51756
2.5519	0.51824
2.5531	0.51902
2.5544	0.51982
2.5557	0.52057
2.5569	0.52123
2.5582	0.52196
2.5594	0.52273
2.5607	0.52340
2.562	0.52411
2.5632	0.52487
2.5645	0.52558
2.5658	0.52635
2.5671	0.52713
2.5683	0.52780
2.5696	0.52848
2.5709	0.52928
2.5721	0.52993
2.5734	0.53067
2.5747	0.53151
2.576	0.53220
2.5773	0.53293
2.5785	0.53370
2.5798	0.53442
2.5811	0.53514
2.5824	0.53583
2.5837	0.53658
2.585	0.53738
2.5863	0.53798
2.5875	0.53875
2.5888	0.53952
2.5901	0.54022
2.5914	0.54096
2.5927	0.54163
2.594	0.54229
2.5953	0.54321
2.5966	0.54393
2.5979	0.54450
2.5992	0.54520
2.6005	0.54590
2.6018	0.54663
2.6031	0.54728
2.6044	0.54793
2.6058	0.54870
2.6071	0.54945
2.6084	0.55010
2.6097	0.55083
2.611	0.55157
2.6123	0.55217
2.6136	0.55284
2.6149	0.55359
2.6163	0.55425
2.6176	0.55500
2.6189	0.55560
2.6202	0.55631
2.6216	0.55715
2.6229	0.55769
2.6242	0.55829
2.6255	0.55893
2.6269	0.55966
2.6282	0.56035
2.6295	0.56083
2.6309	0.56158
2.6322	0.56230
2.6335	0.56291
2.6349	0.56363
2.6362	0.56421
2.6376	0.56483
2.6389	0.56550
2.6402	0.56611
2.6416	0.56674
2.6429	0.56740
2.6443	0.56796
2.6456	0.56852
2.647	0.56916
2.6483	0.56984
2.6497	0.57050
2.651	0.57106
2.6524	0.57165
2.6538	0.57231
2.6551	0.57287
2.6565	0.57346
2.6578	0.57399
2.6592	0.57454
2.6606	0.57515
2.6619	0.57577
2.6633	0.57627
2.6647	0.57678
2.666	0.57729
2.6674	0.57782
2.6688	0.57827
2.6701	0.57874
2.6715	0.57949
2.6729	0.57983
2.6743	0.58021
2.6757	0.58066
2.677	0.58121
2.6784	0.58164
2.6798	0.58209
2.6812	0.58246
2.6826	0.58286
2.684	0.58330
2.6854	0.58368
2.6868	0.58404
2.6881	0.58439
2.6895	0.58464
2.6909	0.58489
2.6923	0.58515
2.6937	0.58537
2.6951	0.58557
2.6965	0.58571
2.6979	0.58585
2.6993	0.58597
2.7008	0.58607
2.7021	0.58616
2.7036	0.58616
2.705	0.58612
2.7064	0.58607
2.7078	0.58589
2.7092	0.58567
2.7106	0.58542
2.7121	0.58528
2.7135	0.58504
2.7149	0.58483
2.7163	0.58462
2.7177	0.58450
2.7192	0.58453
2.7206	0.58447
2.722	0.58418
2.7234	0.58386
2.7249	0.58375
2.7263	0.58362
2.7277	0.58340
2.7292	0.58327
2.7306	0.58313
2.7321	0.58294
2.7335	0.58267
2.7349	0.58248
2.7364	0.58233
2.7378	0.58202
2.7393	0.58172
2.7407	0.58150
2.7422	0.58123
2.7436	0.58095
2.7451	0.58066
2.7465	0.58040
2.748	0.58006
2.7494	0.57966
2.7509	0.57931
2.7524	0.57904
2.7538	0.57868
2.7553	0.57832
2.7567	0.57798
2.7582	0.57755
2.7597	0.57716
2.7611	0.57675
2.7626	0.57638
2.7641	0.57607
2.7656	0.57568
2.767	0.57527
2.7685	0.57489
2.77	0.57450
2.7715	0.57410
2.773	0.57371
2.7744	0.57333
2.7759	0.57295
2.7774	0.57257
2.7789	0.57223
2.7804	0.57192
2.7819	0.57160
2.7834	0.57128
2.7849	0.57096
2.7864	0.57070
2.7879	0.57047
2.7894	0.57015
2.7909	0.56990
2.7924	0.56972
2.7939	0.56953
2.7954	0.56934
2.7969	0.56916
2.7984	0.56895
2.7999	0.56872
2.8014	0.56850
2.8029	0.56832
2.8044	0.56819
2.806	0.56808
2.8075	0.56789
2.809	0.56774
2.8105	0.56766
2.8121	0.56756
2.8136	0.56743
2.8151	0.56732
2.8166	0.56719
2.8182	0.56704
2.8197	0.56689
2.8212	0.56676
2.8228	0.56670
2.8243	0.56665
2.8259	0.56654
2.8274	0.56641
2.8289	0.56634
2.8305	0.56628
2.832	0.56616
2.8336	0.56604
2.8351	0.56598
2.8367	0.56589
2.8382	0.56577
2.8398	0.56569
2.8413	0.56565
2.8429	0.56559
2.8444	0.56552
2.846	0.56542
2.8476	0.56537
2.8491	0.56536
2.8507	0.56530
2.8523	0.56525
2.8538	0.56514
2.8554	0.56500
2.857	0.56496
2.8586	0.56491
2.8601	0.56481
2.8617	0.56480
2.8633	0.56481
2.8649	0.56480
2.8665	0.56474
2.8681	0.56465
2.8696	0.56458
2.8712	0.56458
2.8728	0.56451
2.8744	0.56440
2.876	0.56441
2.8776	0.56439
2.8792	0.56430
2.8808	0.56423
2.8824	0.56407
2.884	0.56394
2.8856	0.56392
2.8872	0.56398
2.8888	0.56397
2.8904	0.56386
2.892	0.56377
2.8936	0.56373
2.8953	0.56372
2.8969	0.56370
2.8985	0.56363
2.9001	0.56352
2.9018	0.56340
2.9034	0.56337
2.905	0.56335
2.9066	0.56329
2.9083	0.56314
2.9099	0.56295
2.9115	0.56284
2.9132	0.56286
2.9148	0.56278
2.9164	0.56272
2.9181	0.56272
2.9197	0.56270
2.9214	0.56264
2.923	0.56251
2.9247	0.56241
2.9263	0.56232
2.928	0.56217
2.9296	0.56197
2.9313	0.56182
2.9329	0.56169
2.9346	0.56154
2.9363	0.56138
2.9379	0.56112
2.9396	0.56074
2.9413	0.56035
2.9429	0.56032
2.9446	0.56027
2.9463	0.55998
2.9479	0.55957
2.9496	0.55934
2.9513	0.55937
2.953	0.55936
2.9547	0.55930
2.9563	0.55931
2.958	0.55941
2.9597	0.55961
2.9614	0.55987
2.9631	0.56019
2.9648	0.56053
2.9665	0.56070
2.9682	0.56079
2.9699	0.56109
2.9716	0.56150
2.9733	0.56184
2.975	0.56206
2.9767	0.56220
2.9784	0.56239
2.9801	0.56259
2.9819	0.56269
2.9836	0.56267
2.9853	0.56269
2.987	0.56290
2.9887	0.56310
2.9904	0.56317
2.9922	0.56322
2.9939	0.56327
2.9956	0.56330
2.9974	0.56352
2.9991	0.56373
3.0008	0.56385
3.0026	0.56396
3.0043	0.56404
3.0061	0.56401
3.0078	0.56407
3.0095	0.56423
3.0113	0.56432
3.013	0.56431
3.0148	0.56432
3.0165	0.56435
3.0183	0.56436
3.0201	0.56434
3.0218	0.56420
3.0236	0.56398
3.0253	0.56393
3.0271	0.56422
3.0289	0.56455
3.0306	0.56472
3.0324	0.56483
3.0342	0.56496
3.036	0.56518
3.0377	0.56539
3.0395	0.56578
3.0413	0.56618
3.0431	0.56649
3.0449	0.56681
3.0467	0.56712
3.0485	0.56741
3.0503	0.56766
3.0521	0.56783
3.0538	0.56803
3.0556	0.56814
3.0574	0.56820
3.0593	0.56852
3.0611	0.56887
3.0629	0.56911
3.0647	0.56933
3.0665	0.56953
3.0683	0.56970
3.0701	0.56987
3.0719	0.57005
3.0738	0.57032
3.0756	0.57057
3.0774	0.57078
3.0792	0.57095
3.0811	0.57119
3.0829	0.57156
3.0847	0.57182
3.0866	0.57211
3.0884	0.57240
3.0902	0.57260
3.0921	0.57268
3.0939	0.57295
3.0958	0.57340
3.0976	0.57372
3.0995	0.57397
3.1013	0.57424
3.1032	0.57447
3.1051	0.57471
3.1069	0.57495
3.1088	0.57521
3.1106	0.57542
3.1125	0.57566
3.1144	0.57589
3.1162	0.57609
3.1181	0.57629
3.12	0.57648
3.1219	0.57668
3.1238	0.57691
3.1256	0.57714
3.1275	0.57738
3.1294	0.57759
3.1313	0.57779
3.1332	0.57797
3.1351	0.57816
3.137	0.57834
3.1389	0.57853
3.1408	0.57870
3.1427	0.57887
3.1446	0.57907
3.1465	0.57925
3.1484	0.57946
3.1503	0.57965
3.1522	0.57978
3.1541	0.57996
3.1561	0.58016
3.158	0.58032
3.1599	0.58050
3.1618	0.58070
3.1638	0.58086
3.1657	0.58104
3.1676	0.58118
3.1696	0.58126
3.1715	0.58121
3.1735	0.58134
3.1754	0.58169
3.1773	0.58196
3.1793	0.58216
3.1812	0.58233
3.1832	0.58244
3.1851	0.58246
3.1871	0.58265
3.1891	0.58296
3.191	0.58313
3.193	0.58326
3.195	0.58339
3.1969	0.58354
3.1989	0.58366
3.2009	0.58378
3.2029	0.58383
3.2048	0.58372
3.2068	0.58375
3.2088	0.58390
3.2108	0.58420
3.2128	0.58454
3.2148	0.58470
3.2168	0.58471
3.2188	0.58489
3.2208	0.58516
3.2228	0.58529
3.2248	0.58540
3.2268	0.58550
3.2288	0.58560
3.2308	0.58572
3.2328	0.58585
3.2348	0.58587
3.2368	0.58592
3.2389	0.58606
3.2409	0.58611
3.2429	0.58606
3.2449	0.58613
3.247	0.58612
3.249	0.58618
3.2511	0.58646
3.2531	0.58669
3.2551	0.58678
3.2572	0.58685
3.2592	0.58682
3.2613	0.58688
3.2633	0.58708
3.2654	0.58722
3.2674	0.58731
3.2695	0.58739
3.2716	0.58743
3.2736	0.58747
3.2757	0.58752
3.2778	0.58751
3.2798	0.58755
3.2819	0.58760
3.284	0.58753
3.2861	0.58747
3.2882	0.58749
3.2902	0.58767
3.2923	0.58775
3.2944	0.58765
3.2965	0.58760
3.2986	0.58768
3.3007	0.58772
3.3028	0.58775
3.3049	0.58765
3.307	0.58761
3.3091	0.58763
3.3113	0.58757
3.3134	0.58746
3.3155	0.58728
3.3176	0.58705
3.3197	0.58690
3.3219	0.58686
3.324	0.58693
3.3261	0.58690
3.3283	0.58678
3.3304	0.58662
3.3325	0.58643
3.3347	0.58614
3.3368	0.58589
3.339	0.58567
3.3411	0.58528
3.3433	0.58493
3.3454	0.58472
3.3476	0.58439
3.3498	0.58396
3.3519	0.58344
3.3541	0.58287
3.3563	0.58225
3.3584	0.58166
3.3606	0.58088
3.3628	0.57987
3.365	0.57870
3.3672	0.57733
3.3694	0.57594
3.3715	0.57475
3.3737	0.57379
3.3759	0.57309
3.3781	0.57272
3.3803	0.57279
3.3825	0.57309
3.3847	0.57335
3.3869	0.57345
3.3892	0.57342
3.3914	0.57301
3.3936	0.57216
3.3958	0.57101
3.3981	0.56975
3.4003	0.56841
3.4025	0.56691
3.4047	0.56534
3.407	0.56375
3.4092	0.56222
3.4115	0.56082
3.4137	0.55973
3.416	0.55935
3.4182	0.55974
3.4205	0.56090
3.4227	0.56270
3.425	0.56475
3.4273	0.56666
3.4295	0.56840
3.4318	0.56985
3.4341	0.57113
3.4363	0.57207
3.4386	0.57257
3.4409	0.57295
3.4432	0.57356
3.4455	0.57453
3.4478	0.57557
3.4501	0.57641
3.4524	0.57703
3.4546	0.57745
3.4569	0.57770
3.4593	0.57788
3.4616	0.57821
3.4639	0.57854
3.4662	0.57871
3.4685	0.57857
3.4708	0.57818
3.4732	0.57773
3.4755	0.57735
3.4778	0.57702
3.4801	0.57677
3.4825	0.57673
3.4848	0.57662
3.4872	0.57620
3.4895	0.57560
3.4919	0.57484
3.4942	0.57395
3.4966	0.57296
3.4989	0.57229
3.5013	0.57229
3.5037	0.57313
3.506	0.57457
3.5084	0.57633
3.5108	0.57818
3.5132	0.58005
3.5155	0.58169
3.5179	0.58305
3.5203	0.58409
3.5227	0.58485
3.5251	0.58563
3.5275	0.58633
3.5299	0.58683
3.5323	0.58727
3.5347	0.58764
3.5371	0.58798
3.5395	0.58829
3.5419	0.58858
3.5444	0.58880
3.5468	0.58900
3.5492	0.58920
3.5517	0.58939
3.5541	0.58953
3.5565	0.58966
3.559	0.58975
3.5614	0.58990
3.5639	0.59004
3.5663	0.59012
3.5688	0.59017
3.5712	0.59023
3.5737	0.59022
3.5761	0.59027
3.5786	0.59034
3.5811	0.59036
3.5836	0.59033
3.586	0.59036
3.5885	0.59044
3.591	0.59053
3.5935	0.59054
3.596	0.59055
3.5985	0.59052
3.601	0.59050
3.6035	0.59042
3.606	0.59039
3.6085	0.59031
3.611	0.59025
3.6135	0.59020
3.6161	0.59016
3.6186	0.59017
3.6211	0.59023
3.6236	0.59025
3.6262	0.59026
3.6287	0.59023
3.6313	0.59023
3.6338	0.59018
3.6363	0.59011
3.6389	0.59006
3.6414	0.59006
3.644	0.59004
3.6466	0.59001
3.6491	0.58994
3.6517	0.58988
3.6543	0.58985
3.6569	0.58989
3.6594	0.58989
3.662	0.58989
3.6646	0.58985
3.6672	0.58979
3.6698	0.58976
3.6724	0.58977
3.675	0.58976
3.6776	0.58983
3.6802	0.58981
3.6828	0.58977
3.6854	0.58974
3.6881	0.58977
3.6907	0.58978
3.6933	0.58977
3.6959	0.58973
3.6986	0.58973
3.7012	0.58971
3.7039	0.58969
3.7065	0.58965
3.7092	0.58962
3.7118	0.58957
3.7145	0.58953
3.7171	0.58948
3.7198	0.58941
3.7225	0.58934
3.7252	0.58929
3.7278	0.58918
3.7305	0.58910
3.7332	0.58908
3.7359	0.58911
3.7386	0.58908
3.7413	0.58899
3.744	0.58888
3.7467	0.58884
3.7494	0.58879
3.7521	0.58877
3.7548	0.58872
3.7576	0.58868
3.7603	0.58861
3.763	0.58856
3.7657	0.58849
3.7685	0.58842
3.7712	0.58834
3.774	0.58829
3.7767	0.58820
3.7795	0.58812
3.7822	0.58803
3.785	0.58795
3.7877	0.58787
3.7905	0.58778
3.7933	0.58768
3.7961	0.58761
3.7988	0.58752
3.8016	0.58746
3.8044	0.58735
3.8072	0.58726
3.81	0.58717
3.8128	0.58712
3.8156	0.58702
3.8184	0.58695
3.8212	0.58681
3.8241	0.58669
3.8269	0.58658
3.8297	0.58650
3.8325	0.58639
3.8354	0.58629
3.8382	0.58617
3.8411	0.58611
3.8439	0.58599
3.8468	0.58589
3.8496	0.58579
3.8525	0.58571
3.8553	0.58558
3.8582	0.58548
3.8611	0.58535
3.8639	0.58525
3.8668	0.58510
3.8697	0.58497
3.8726	0.58485
3.8755	0.58476
3.8784	0.58461
3.8813	0.58449
3.8842	0.58436
3.8871	0.58423
3.89	0.58407
3.893	0.58395
3.8959	0.58379
3.8988	0.58365
3.9017	0.58350
3.9047	0.58338
3.9076	0.58324
3.9106	0.58312
3.9135	0.58297
3.9165	0.58284
3.9194	0.58271
3.9224	0.58260
3.9254	0.58247
3.9284	0.58231
3.9313	0.58212
3.9343	0.58201
3.9373	0.58185
3.9403	0.58171
3.9433	0.58155
3.9463	0.58140
3.9493	0.58117
3.9523	0.58100
3.9553	0.58080
3.9583	0.58065
3.9614	0.58047
3.9644	0.58032
3.9674	0.58017
3.9705	0.58004
3.9735	0.57987
3.9766	0.57972
3.9796	0.57957
3.9826	0.57941
3.9857	0.57922
3.9888	0.57909
3.9919	0.57893
3.9949	0.57878
3.998	0.57865
4.0011	0.57853
4.0042	0.57836
4.0073	0.57823
4.0104	0.57808
4.0135	0.57795
4.0166	0.57778
4.0197	0.57763
4.0228	0.57750
4.0259	0.57736
4.0291	0.57716
4.0322	0.57700
4.0353	0.57681
4.0385	0.57664
4.0416	0.57643
4.0448	0.57627
4.0479	0.57606
4.0511	0.57587
4.0543	0.57564
4.0574	0.57547
4.0606	0.57525
4.0638	0.57507
4.067	0.57487
4.0702	0.57470
4.0734	0.57447
4.0766	0.57426
4.0798	0.57406
4.083	0.57387
4.0862	0.57364
4.0894	0.57346
4.0927	0.57324
4.0959	0.57302
4.0991	0.57278
4.1024	0.57257
4.1056	0.57232
4.1089	0.57212
4.1121	0.57190
4.1154	0.57172
4.1187	0.57150
4.122	0.57127
4.1252	0.57104
4.1285	0.57082
4.1318	0.57056
4.1351	0.57036
4.1384	0.57013
4.1417	0.56993
4.145	0.56970
4.1483	0.56950
4.1516	0.56927
4.155	0.56908
4.1583	0.56882
4.1616	0.56860
4.165	0.56839
4.1683	0.56821
4.1717	0.56799
4.175	0.56778
4.1784	0.56758
4.1818	0.56741
4.1852	0.56714
4.1885	0.56693
4.1919	0.56671
4.1953	0.56652
4.1987	0.56627
4.2021	0.56607
4.2055	0.56583
4.2089	0.56559
4.2124	0.56532
4.2158	0.56509
4.2192	0.56485
4.2226	0.56467
4.2261	0.56442
4.2295	0.56417
4.233	0.56389
4.2365	0.56370
4.2399	0.56352
4.2434	0.56340
4.2469	0.56319
4.2503	0.56306
4.2538	0.56291
4.2573	0.56274
4.2608	0.56248
4.2643	0.56226
4.2678	0.56203
4.2713	0.56188
4.2749	0.56165
4.2784	0.56153
4.2819	0.56137
4.2855	0.56121
4.289	0.56100
4.2926	0.56088
4.2961	0.56070
4.2997	0.56054
4.3033	0.56035
4.3068	0.56024
4.3104	0.56009
4.314	0.55995
4.3176	0.55979
4.3212	0.55965
4.3248	0.55948
4.3284	0.55938
4.332	0.55923
4.3356	0.55915
4.3393	0.55898
4.3429	0.55883
4.3465	0.55865
4.3502	0.55852
4.3538	0.55834
4.3575	0.55821
4.3611	0.55800
4.3648	0.55784
4.3685	0.55764
4.3722	0.55748
4.3759	0.55731
4.3796	0.55714
4.3833	0.55689
4.387	0.55671
4.3907	0.55649
4.3944	0.55633
4.3981	0.55613
4.4019	0.55592
4.4056	0.55568
4.4094	0.55550
4.4131	0.55523
4.4169	0.55503
4.4206	0.55479
4.4244	0.55460
4.4282	0.55440
4.432	0.55420
4.4358	0.55395
4.4396	0.55372
4.4434	0.55345
4.4472	0.55326
4.451	0.55300
4.4548	0.55277
4.4586	0.55252
4.4625	0.55232
4.4663	0.55207
4.4702	0.55184
4.474	0.55147
4.4779	0.55116
4.4818	0.55080
4.4856	0.55047
4.4895	0.55008
4.4934	0.54973
4.4973	0.54929
4.5012	0.54885
4.5051	0.54831
4.509	0.54779
4.513	0.54712
4.5169	0.54644
4.5209	0.54565
4.5248	0.54479
4.5287	0.54381
4.5327	0.54281
4.5367	0.54167
4.5406	0.54050
4.5446	0.53920
4.5486	0.53788
4.5526	0.53645
4.5566	0.53499
4.5606	0.53343
4.5646	0.53189
4.5686	0.53025
4.5727	0.52861
4.5767	0.52688
4.5808	0.52515
4.5848	0.52329
4.5889	0.52142
4.5929	0.51951
4.597	0.51758
4.6011	0.51549
4.6052	0.51337
4.6093	0.51109
4.6134	0.50877
4.6175	0.50642
4.6216	0.50404
4.6257	0.50152
4.6298	0.49897
4.634	0.49634
4.6381	0.49372
4.6423	0.49098
4.6464	0.48831
4.6506	0.48565
4.6548	0.48306
4.659	0.48047
4.6631	0.47799
4.6673	0.47554
4.6715	0.47322
4.6758	0.47095
4.68	0.46883
4.6842	0.46677
4.6884	0.46482
4.6927	0.46297
4.6969	0.46126
4.7012	0.45956
4.7055	0.45797
4.7097	0.45634
4.714	0.45478
4.7183	0.45318
4.7226	0.45163
4.7269	0.45004
4.7312	0.44843
4.7355	0.44674
4.7399	0.44508
4.7442	0.44331
4.7485	0.44155
4.7529	0.43972
4.7573	0.43787
4.7616	0.43595
4.766	0.43405
4.7704	0.43207
4.7748	0.43011
4.7792	0.42810
4.7836	0.42616
4.788	0.42420
4.7924	0.42223
4.7969	0.42022
4.8013	0.41830
4.8058	0.41639
4.8102	0.41453
4.8147	0.41266
4.8191	0.41084
4.8236	0.40900
4.8281	0.40720
4.8326	0.40539
4.8371	0.40362
4.8416	0.40181
4.8462	0.40005
4.8507	0.39825
4.8553	0.39651
4.8598	0.39478
4.8644	0.39311
4.8689	0.39144
4.8735	0.38982
4.8781	0.38821
4.8827	0.38672
4.8873	0.38524
4.8919	0.38384
4.8965	0.38248
4.9011	0.38119
4.9058	0.37994
4.9104	0.37874
4.9151	0.37755
4.9197	0.37648
4.9244	0.37538
4.9291	0.37433
4.9338	0.37329
4.9385	0.37231
4.9432	0.37133
4.9479	0.37037
4.9526	0.36934
4.9574	0.36836
4.9621	0.36732
4.9669	0.36630
4.9716	0.36514
4.9764	0.36396
4.9812	0.36270
4.986	0.36136
4.9908	0.35990
4.9956	0.35843
5.0004	0.35684
5.0052	0.35521
5.01	0.35348
5.0149	0.35170
5.0198	0.34985
5.0246	0.34794
5.0295	0.34597
5.0344	0.34402
5.0393	0.34201
5.0442	0.34005
5.0491	0.33809
5.054	0.33615
5.0589	0.33422
5.0639	0.33239
5.0688	0.33063
5.0738	0.32897
5.0788	0.32736
5.0837	0.32587
5.0887	0.32440
5.0937	0.32306
5.0987	0.32180
5.1037	0.32067
5.1088	0.31963
5.1138	0.31865
5.1189	0.31770
5.1239	0.31688
5.129	0.31614
5.1341	0.31549
5.1391	0.31490
5.1443	0.31440
5.1494	0.31397
5.1545	0.31364
5.1596	0.31337
5.1647	0.31325
5.1699	0.31320
5.175	0.31331
5.1802	0.31353
5.1854	0.31384
5.1906	0.31426
5.1958	0.31486
5.201	0.31554
5.2062	0.31631
5.2115	0.31715
5.2167	0.31813
5.222	0.31912
5.2272	0.32022
5.2325	0.32139
5.2378	0.32272
5.2431	0.32412
5.2484	0.32561
5.2537	0.32716
5.259	0.32888
5.2644	0.33068
5.2697	0.33264
5.2751	0.33467
5.2805	0.33681
5.2858	0.33896
5.2912	0.34125
5.2966	0.34352
5.302	0.34582
5.3075	0.34807
5.3129	0.35037
5.3184	0.35255
5.3238	0.35475
5.3293	0.35686
5.3348	0.35895
5.3403	0.36088
5.3458	0.36284
5.3513	0.36472
5.3568	0.36658
5.3624	0.36832
5.3679	0.37008
5.3735	0.37171
5.379	0.37342
5.3846	0.37502
5.3902	0.37667
5.3958	0.37821
5.4015	0.37979
5.4071	0.38129
5.4127	0.38286
5.4184	0.38430
5.4241	0.38590
5.4297	0.38728
5.4354	0.38872
5.4411	0.39011
5.4469	0.39155
5.4526	0.39287
5.4583	0.39423
5.4641	0.39547
5.4698	0.39673
5.4756	0.39779
5.4814	0.39893
5.4872	0.39982
5.493	0.40072
5.4988	0.40142
5.5047	0.40214
5.5105	0.40258
5.5164	0.40298
5.5223	0.40312
5.5281	0.40321
5.534	0.40304
5.54	0.40287
5.5459	0.40243
5.5518	0.40198
5.5578	0.40123
5.5637	0.40047
5.5697	0.39948
5.5757	0.39853
5.5817	0.39725
5.5877	0.39598
5.5937	0.39458
5.5998	0.39321
5.6058	0.39164
5.6119	0.39020
5.618	0.38857
5.6241	0.38707
5.6302	0.38549
5.6363	0.38410
5.6424	0.38250
5.6486	0.38099
5.6547	0.37941
5.6609	0.37785
5.6671	0.37619
5.6733	0.37462
5.6795	0.37274
5.6857	0.37097
5.692	0.36897
5.6982	0.36696
5.7045	0.36483
5.7108	0.36267
5.7171	0.36021
5.7234	0.35787
5.7297	0.35532
5.736	0.35277
5.7424	0.35002
5.7488	0.34723
5.7551	0.34429
5.7615	0.34173
5.768	0.33868
5.7744	0.33576
5.7808	0.33311
5.7873	0.33059
5.7937	0.32804
5.8002	0.32566
5.8067	0.32328
5.8132	0.32123
5.8198	0.31908
5.8263	0.31689
5.8328	0.31475
5.8394	0.31282
5.846	0.31084
5.8526	0.30896
5.8592	0.30704
5.8658	0.30519
5.8725	0.30337
5.8791	0.30174
5.8858	0.29973
5.8925	0.29811
5.8992	0.29630
5.9059	0.29454
5.9126	0.29286
5.9194	0.29114
5.9262	0.28940
5.9329	0.28787
5.9397	0.28610
5.9465	0.28454
5.9534	0.28309
5.9602	0.28173
5.9671	0.28038
5.974	0.27900
5.9808	0.27760
5.9878	0.27630
5.9947	0.27481
6.0016	0.27346
6.0086	0.27213
6.0155	0.27079
6.0225	0.26932
6.0295	0.26791
6.0365	0.26644
6.0436	0.26513
6.0506	0.26350
6.0577	0.26186
6.0648	0.26050
6.0719	0.25919
6.079	0.25774
6.0861	0.25648
6.0933	0.25530
6.1005	0.25426
6.1076	0.25324
6.1149	0.25217
6.1221	0.25097
6.1293	0.24992
6.1365	0.24880
6.1438	0.24768
6.1511	0.24651
6.1584	0.24537
6.1657	0.24407
6.1731	0.24286
6.1804	0.24167
6.1878	0.24041
6.1952	0.23914
6.2026	0.23804
6.21	0.23695
6.2175	0.23602
6.225	0.23516
6.2324	0.23448
6.2399	0.23391
6.2475	0.23350
6.255	0.23326
6.2625	0.23323
6.2701	0.23332
6.2777	0.23355
6.2853	0.23395
6.2929	0.23461
6.3006	0.23552
6.3083	0.23667
6.3159	0.23789
6.3236	0.23904
6.3314	0.24004
6.3391	0.24098
6.3469	0.24190
6.3546	0.24260
6.3624	0.24324
6.3703	0.24393
6.3781	0.24452
6.3859	0.24504
6.3938	0.24558
6.4017	0.24608
6.4096	0.24665
6.4176	0.24728
6.4255	0.24770
6.4335	0.24816
6.4415	0.24868
6.4495	0.24915
6.4575	0.24968
6.4656	0.25020
6.4736	0.25072
6.4817	0.25125
6.4898	0.25185
6.498	0.25240
6.5061	0.25283
6.5143	0.25329
6.5225	0.25386
6.5307	0.25432
6.5389	0.25476
6.5472	0.25520
6.5555	0.25562
6.5638	0.25598
6.5721	0.25640
6.5804	0.25677
6.5888	0.25717
6.5972	0.25765
6.6056	0.25815
6.614	0.25881
6.6225	0.25963
6.6309	0.26062
6.6394	0.26187
6.6479	0.26308
6.6565	0.26434
6.665	0.26583
6.6736	0.26745
6.6822	0.26910
6.6908	0.27067
6.6995	0.27209
6.7081	0.27354
6.7168	0.27483
6.7255	0.27591
6.7343	0.27676
6.743	0.27742
6.7518	0.27787
6.7606	0.27809
6.7694	0.27809
6.7783	0.27787
6.7871	0.27744
6.796	0.27672
6.805	0.27591
6.8139	0.27513
6.8229	0.27435
6.8319	0.27344
6.8409	0.27247
6.8499	0.27150
6.859	0.27055
6.868	0.26942
6.8772	0.26828
6.8863	0.26722
6.8955	0.26615
6.9046	0.26509
6.9138	0.26408
6.9231	0.26304
6.9323	0.26198
6.9416	0.26083
6.9509	0.25970
6.9602	0.25849
6.9696	0.25719
6.979	0.25590
6.9884	0.25464
6.9978	0.25329
7.0073	0.25198
7.0168	0.25066
7.0263	0.24934
7.0358	0.24804
7.0454	0.24673
7.0549	0.24523
7.0645	0.24383
7.0742	0.24242
7.0839	0.24097
7.0935	0.23913
7.1033	0.23673
7.113	0.23436
7.1228	0.23288
7.1326	0.23222
7.1424	0.23149
7.1522	0.22976
7.1621	0.22765
7.172	0.22598
7.182	0.22488
7.1919	0.22366
7.2019	0.22238
7.2119	0.22056
7.222	0.21856
7.232	0.21683
7.2421	0.21564
7.2523	0.21450
7.2624	0.21307
7.2726	0.21138
7.2828	0.21003
7.2931	0.20881
7.3033	0.20733
7.3136	0.20539
7.324	0.20366
7.3343	0.20228
7.3447	0.20101
7.3551	0.19946
7.3656	0.19784
7.3761	0.19604
7.3866	0.19428
7.3971	0.19242
7.4077	0.19060
7.4183	0.18866
7.4289	0.18678
7.4396	0.18487
7.4503	0.18304
7.461	0.18109
7.4717	0.17920
7.4825	0.17718
7.4933	0.17518
7.5041	0.17310
7.515	0.17109
7.5259	0.16895
7.5369	0.16684
7.5479	0.16465
7.5589	0.16252
7.5699	0.16031
7.581	0.15818
7.592	0.15596
7.6032	0.15382
7.6144	0.15158
7.6255	0.14939
7.6368	0.14707
7.648	0.14479
7.6593	0.14240
7.6707	0.14004
7.682	0.13751
7.6934	0.13502
7.7049	0.13237
7.7163	0.12968
7.7278	0.12679
7.7394	0.12392
7.7509	0.12085
7.7625	0.11789
7.7742	0.11484
7.7858	0.11185
7.7975	0.10878
7.8093	0.10591
7.8211	0.10301
7.8329	0.10031
7.8447	0.09758
7.8566	0.09494
7.8685	0.09210
7.8805	0.08919
7.8925	0.08601
7.9045	0.08280
7.9166	0.07945
7.9287	0.07623
7.9408	0.07293
7.953	0.06979
7.9652	0.06660
7.9775	0.06359
7.9898	0.06054
8.0021	0.05773
8.0145	0.05490
8.0269	0.05227
8.0393	0.04963
8.0518	0.04722
8.0643	0.04477
8.0769	0.04250
8.0895	0.04022
8.1021	0.03820
8.1148	0.03612
8.1275	0.03422
8.1403	0.03229
8.1531	0.03057
8.1659	0.02883
8.1788	0.02730
8.1917	0.02571
8.2047	0.02430
8.2177	0.02286
8.2307	0.02165
8.2438	0.02037
8.2569	0.01927
8.2701	0.01814
8.2833	0.01720
8.2966	0.01624
8.3099	0.01549
8.3232	0.01470
8.3366	0.01412
8.35	0.01344
8.3635	0.01298
8.377	0.01255
8.3905	0.01231
8.4042	0.01200
8.4178	0.01199
8.4315	0.01202
8.4452	0.01226
8.459	0.01251
8.4728	0.01308
8.4867	0.01371
8.5006	0.01466
8.5145	0.01577
8.5285	0.01730
8.5426	0.01904
8.5567	0.02130
8.5708	0.02387
8.585	0.02697
8.5993	0.03042
8.6135	0.03449
8.6279	0.03894
8.6423	0.04396
8.6567	0.04928
8.6712	0.05504
8.6857	0.06088
8.7003	0.06655
8.7149	0.07149
8.7295	0.07560
8.7443	0.07912
8.759	0.08323
8.7739	0.08834
8.7887	0.09436
8.8037	0.10045
8.8186	0.10609
8.8337	0.11070
8.8487	0.11427
8.8638	0.11663
8.879	0.11811
8.8943	0.11888
8.9095	0.11921
8.9249	0.11924
8.9403	0.11917
8.9557	0.11891
8.9712	0.11851
8.9868	0.11775
9.0023	0.11677
9.018	0.11542
9.0337	0.11390
9.0495	0.11212
9.0653	0.11029
9.0812	0.10841
9.0971	0.10662
9.1131	0.10487
9.1291	0.10329
9.1452	0.10175
9.1614	0.10039
9.1776	0.09907
9.1939	0.09788
9.2102	0.09671
9.2266	0.09561
9.243	0.09443
9.2595	0.09332
9.2761	0.09214
9.2927	0.09098
9.3094	0.08961
9.3262	0.08811
9.343	0.08641
9.3598	0.08458
9.3768	0.08253
9.3938	0.08053
9.4108	0.07847
9.4279	0.07655
9.4451	0.07467
9.4623	0.07291
9.4796	0.07118
9.497	0.06964
9.5144	0.06811
9.5319	0.06676
9.5494	0.06542
9.567	0.06421
9.5847	0.06303
9.6025	0.06209
9.6203	0.06125
9.6382	0.06061
9.6561	0.06002
9.6742	0.05963
9.6922	0.05934
9.7104	0.05928
9.7286	0.05923
9.7469	0.05934
9.7652	0.05945
9.7837	0.05974
9.8022	0.06006
9.8207	0.06049
9.8394	0.06090
9.8581	0.06146
9.8768	0.06200
9.8957	0.06262
9.9146	0.06311
9.9336	0.06354
9.9527	0.06374
9.9718	0.06385
9.991	0.06371
10.0103	0.06351
10.0297	0.06307
10.0491	0.06256
10.0686	0.06188
10.0882	0.06122
10.1079	0.06043
10.1276	0.05980
10.1475	0.05931
10.1673	0.05923
10.1873	0.05961
10.2074	0.06050
10.2275	0.06173
10.2477	0.06331
10.268	0.06494
10.2884	0.06664
10.3088	0.06823
10.3294	0.06970
10.35	0.07080
10.3707	0.07167
10.3915	0.07221
10.4123	0.07254
10.4333	0.07263
10.4543	0.07265
10.4754	0.07253
10.4967	0.07240
10.5179	0.07210
10.5393	0.07170
10.5608	0.07115
10.5823	0.07048
10.604	0.06962
10.6257	0.06876
10.6475	0.06770
10.6694	0.06664
10.6914	0.06556
10.7135	0.06453
10.7357	0.06338
10.758	0.06230
10.7803	0.06116
10.8028	0.06011
10.8254	0.05911
10.848	0.05819
10.8708	0.05732
10.8936	0.05673
10.9165	0.05629
10.9395	0.05618
10.9627	0.05625
10.9859	0.05652
11.0092	0.05677
11.0327	0.05712
11.0562	0.05740
11.0798	0.05773
11.1035	0.05815
11.1274	0.05875
11.1513	0.05935
11.1753	0.06003
11.1995	0.06074
11.2237	0.06155
11.248	0.06238
11.2725	0.06321
11.2971	0.06399
11.3217	0.06472
11.3465	0.06523
11.3714	0.06572
11.3964	0.06605
11.4215	0.06623
11.4467	0.06623
11.472	0.06619
11.4975	0.06589
11.523	0.06558
11.5487	0.06521
11.5744	0.06482
11.6003	0.06439
11.6263	0.06412
11.6525	0.06401
11.6787	0.06423
11.7051	0.06469
11.7316	0.06560
11.7582	0.06686
11.7849	0.06852
11.8117	0.07045
11.8387	0.07262
11.8658	0.07482
11.893	0.07714
11.9203	0.07935
11.9478	0.08150
11.9754	0.08352
12.0031	0.08543
12.031	0.08724
12.059	0.08899
12.0871	0.09063
12.1153	0.09229
12.1437	0.09384
12.1722	0.09541
12.2008	0.09687
12.2296	0.09824
12.2585	0.09950
12.2876	0.10066
12.3168	0.10177
12.3461	0.10285
12.3755	0.10378
12.4052	0.10474
12.4349	0.10562
12.4648	0.10651
12.4948	0.10742
12.525	0.10826
12.5553	0.10898
12.5858	0.10967
12.6164	0.11028
12.6472	0.11096
12.6781	0.11165
12.7092	0.11235
12.7404	0.11291
12.7718	0.11348
12.8033	0.11398
12.835	0.11443
12.8669	0.11480
12.8989	0.11509
12.9311	0.11523
12.9634	0.11529
12.9959	0.11514
13.0285	0.11476
13.0613	0.11417
13.0943	0.11338
13.1275	0.11232
13.1608	0.11109
13.1943	0.10945
13.228	0.10741
13.2618	0.10485
13.2958	0.10154
13.33	0.09732
13.3643	0.09230
13.3988	0.08670
13.4336	0.08088
13.4685	0.07521
13.5035	0.06978
13.5388	0.06465
13.5742	0.05998
13.6099	0.05592
13.6457	0.05294
13.6817	0.05087
13.7179	0.04933
13.7543	0.04816
13.7908	0.04745
13.8276	0.04702
13.8646	0.04713
13.9018	0.04771
13.9392	0.04867
13.9767	0.04960
14.0145	0.05049
14.0525	0.05105
14.0907	0.05139
14.129	0.05168
14.1676	0.05194
14.2065	0.05212
14.2455	0.05222
14.2847	0.05205
14.3242	0.05141
14.3639	0.05010
14.4038	0.04836
14.4439	0.04613
14.4843	0.04369
14.5248	0.04121
14.5656	0.03886
14.6067	0.03662
14.6479	0.03471
14.6894	0.03301
14.7312	0.03149
14.7731	0.03017
14.8153	0.02920
14.8578	0.02851
14.9005	0.02809
14.9434	0.02761
14.9866	0.02727
15.03	0.02699
15.0737	0.02650
15.1177	0.02558
15.1619	0.02443
15.2063	0.02325
15.2511	0.02236
15.2961	0.02166
15.3413	0.02137
15.3868	0.02158
15.4326	0.02247
15.4787	0.02379
15.525	0.02510
15.5717	0.02635
15.6186	0.02777
15.6658	0.02893
15.7132	0.02986
15.761	0.03063
15.809	0.03158
15.8574	0.03301
15.906	0.03502
15.955	0.03737
16.0042	0.04024
16.0538	0.04350
16.1036	0.04718
16.1538	0.05088
16.2043	0.05430
16.2551	0.05752
16.3062	0.06035
16.3576	0.06265
16.4094	0.06467
16.4615	0.06642
16.5139	0.06809
16.5667	0.06943
16.6198	0.07067
16.6732	0.07208
16.727	0.07337
16.7811	0.07441
16.8356	0.07560
16.8905	0.07687
16.9457	0.07820
17.0012	0.07953
17.0572	0.08093
17.1134	0.08214
17.1701	0.08338
17.2272	0.08468
17.2846	0.08595
17.3424	0.08717
17.4006	0.08861
17.4592	0.09012
17.5182	0.09145
17.5775	0.09241
17.6373	0.09328
17.6975	0.09392
17.7581	0.09434
17.8192	0.09455
17.8806	0.09429
17.9425	0.09370
18.0048	0.09287
18.0675	0.09183
18.1307	0.09098
18.1943	0.09003
18.2584	0.08911
18.3229	0.08862
18.3879	0.08825
18.4533	0.08796
18.5192	0.08801
18.5856	0.08817
18.6524	0.08881
18.7198	0.08987
18.7876	0.09135
18.8559	0.09329
18.9247	0.09525
18.9941	0.09706
19.0639	0.09865
19.1342	0.09977
19.2051	0.10058
19.2765	0.10117
19.3484	0.10160
19.4209	0.10184
19.4939	0.10185
19.5675	0.10160
19.6416	0.10136
19.7163	0.10061
19.7916	0.09970
19.8674	0.09858
19.9438	0.09664
20.0208	0.09437
20.0984	0.09188
20.1766	0.08951
20.2554	0.08759
20.3348	0.08624
20.4149	0.08524
20.4956	0.08423
20.5769	0.08348
20.6589	0.08298
20.7416	0.08268
20.8248	0.08297
20.9088	0.08354
20.9935	0.08415
21.0788	0.08427
21.1648	0.08424
21.2516	0.08420
21.3391	0.08326
21.4272	0.08211
21.5161	0.08091
21.6058	0.07979
21.6962	0.07873
21.7873	0.07753
21.8793	0.07649
21.972	0.07528
22.0654	0.07451
22.1597	0.07393
22.2548	0.07345
22.3508	0.07326
22.4475	0.07291
22.5451	0.07249
22.6436	0.07257
22.7429	0.07281
22.8431	0.07321
22.9442	0.07377
23.0461	0.07398
23.149	0.07369
23.2528	0.07318
23.3576	0.07311
23.4633	0.07363
23.5699	0.07387
23.6775	0.07430
23.7861	0.07523
23.8958	0.07622
24.0064	0.07707
24.118	0.07770
24.2307	0.07761
24.3445	0.07768
24.4593	0.07780
24.5753	0.07805
24.6923	0.07816
24.8104	0.07834
24.9297	0.07848
25.0501	0.07844
25.1717	0.07803
25.2945	0.07735
25.4185	0.07629
25.5437	0.07562
25.6702	0.07474
25.7979	0.07370
25.9269	0.07267
26.0572	0.07148
26.1888	0.07037
26.3217	0.06947
26.456	0.06858
26.5917	0.06757
26.7288	0.06649
26.8672	0.06510
27.0072	0.06407
27.1486	0.06370
27.2915	0.06302
27.4359	0.06215
27.5818	0.06186
27.7293	0.06215
27.8784	0.06253
28.0291	0.06300
28.1814	0.06354
28.3354	0.06486
28.4911	0.06634
28.6485	0.06806
28.8077	0.06996
28.9686	0.07154
29.1313	0.07272
29.2959	0.07386
29.4624	0.07521
29.6307	0.07621
29.801	0.07703
29.9733	0.07775
30.1475	0.07762
30.3238	0.07747
30.5022	0.07760
30.6827	0.07720
30.8653	0.07678
31.0502	0.07656
31.2372	0.07618
31.4265	0.07632
31.6182	0.07755
31.8121	0.07871
32.0085	0.07919
32.2073	0.07941
32.4086	0.07950
32.6124	0.07981
32.8188	0.07999
33.0279	0.08015
33.2396	0.07947
33.4541	0.07876
33.6713	0.07819
33.8914	0.07788
34.1143	0.07786
34.3403	0.07771
34.5692	0.07717
34.8012	0.07680
35.0363	0.07682
35.2747	0.07688
35.5163	0.07671
35.7612	0.07673
36.0096	0.07640
36.2614	0.07554
36.5167	0.07495
36.7757	0.07514
37.0384	0.07592
37.3049	0.07623
37.5752	0.07661
37.8495	0.07680
38.1278	0.07674
38.4102	0.07722
38.6968	0.07717
38.9878	0.07646
39.2832	0.07624
39.583	0.07780
39.8875	0.07808
40.1967	0.07759
40.5108	0.07777
40.8298	0.07853
41.1538	0.07985
41.483	0.08011
41.8176	0.07861
42.1575	0.07798
42.5031	0.07839
42.8544	0.07780
43.2115	0.07608
43.5746	0.07552
43.9439	0.07550
44.3195	0.07527
44.7015	0.07473
45.0902	0.07353
45.4858	0.07275
45.8883	0.07369
46.298	0.07523
46.7151	0.07667
47.1398	0.07706
47.5723	0.07563
48.0128	0.07448
48.4615	0.07564
48.9187	0.07704
49.3846	0.07913
49.8594	0.08033
