Brown University Keck/NASA Relab Spectrum JB-JLB-493/BKR1JB493
Wavelength(micron)	Reflectance
0.28	0.07462
0.285	0.05788
0.29	0.05108
0.295	0.04833
0.3	0.04811
0.305	0.04782
0.31	0.04843
0.315	0.04920
0.32	0.05028
0.325	0.05119
0.33	0.05229
0.335	0.05338
0.34	0.05482
0.345	0.05591
0.35	0.05688
0.355	0.05830
0.36	0.06000
0.365	0.06195
0.37	0.06383
0.375	0.06551
0.38	0.06716
0.385	0.06878
0.39	0.07159
0.395	0.07285
0.4	0.07421
0.405	0.07517
0.41	0.07606
0.415	0.07674
0.42	0.07742
0.425	0.07762
0.43	0.07861
0.435	0.07976
0.44	0.08081
0.445	0.08126
0.45	0.08224
0.455	0.08349
0.46	0.08457
0.465	0.08551
0.47	0.08637
0.475	0.08731
0.48	0.08860
0.485	0.09009
0.49	0.09184
0.495	0.09356
0.5	0.09551
0.505	0.09542
0.51	0.09902
0.515	0.10256
0.52	0.10518
0.525	0.10729
0.53	0.10906
0.535	0.11051
0.54	0.11119
0.545	0.11130
0.55	0.11150
0.555	0.11326
0.56	0.11400
0.565	0.11398
0.57	0.11343
0.575	0.11303
0.58	0.11212
0.585	0.11124
0.59	0.11023
0.595	0.10947
0.6	0.10852
0.605	0.10749
0.61	0.10753
0.615	0.10603
0.62	0.10559
0.625	0.10506
0.63	0.10547
0.635	0.10462
0.64	0.10472
0.645	0.10524
0.65	0.10489
0.655	0.10580
0.66	0.10598
0.665	0.10650
0.67	0.10705
0.675	0.10788
0.68	0.10911
0.685	0.10949
0.69	0.10957
0.695	0.11005
0.7	0.11076
0.705	0.11189
0.71	0.11308
0.715	0.11414
0.72	0.11507
0.725	0.11608
0.73	0.11653
0.735	0.11698
0.74	0.11710
0.745	0.11693
0.75	0.11643
0.755	0.11530
0.76	0.11448
0.765	0.11339
0.77	0.11223
0.775	0.11070
0.78	0.10917
0.785	0.10744
0.79	0.10562
0.795	0.10372
0.8	0.10194
0.805	0.09970
0.81	0.09786
0.815	0.09632
0.82	0.09391
0.825	0.09184
0.83	0.09000
0.835	0.08815
0.84	0.08610
0.8402	0.08458
0.8404	0.08417
0.8405	0.08500
0.8406	0.08463
0.8408	0.08433
0.8409	0.08576
0.841	0.08588
0.8412	0.08460
0.8413	0.08521
0.8415	0.08394
0.8416	0.08201
0.8417	0.08324
0.8419	0.08537
0.842	0.08476
0.8421	0.08380
0.8423	0.08265
0.8424	0.08282
0.8425	0.08365
0.8427	0.08272
0.8428	0.08189
0.843	0.08204
0.8431	0.08248
0.8432	0.08287
0.8434	0.08439
0.8435	0.08443
0.8436	0.08290
0.8438	0.08286
0.8439	0.08340
0.844	0.08306
0.8442	0.08249
0.8443	0.08240
0.8445	0.08143
0.8446	0.08218
0.8447	0.08442
0.8449	0.08431
0.845	0.08311
0.8452	0.08203
0.8453	0.08109
0.8454	0.08051
0.8456	0.08137
0.8457	0.08157
0.8458	0.08259
0.846	0.08273
0.8461	0.08232
0.8463	0.08269
0.8464	0.08292
0.8465	0.08227
0.8467	0.08192
0.8468	0.08120
0.847	0.08107
0.8471	0.08140
0.8472	0.08181
0.8474	0.08218
0.8475	0.08230
0.8476	0.08187
0.8478	0.08075
0.8479	0.08058
0.8481	0.08114
0.8482	0.08104
0.8483	0.08139
0.8485	0.08106
0.8486	0.08113
0.8488	0.08178
0.8489	0.08061
0.849	0.08064
0.8492	0.08208
0.8493	0.08253
0.8495	0.08146
0.8496	0.08085
0.8497	0.08106
0.8499	0.08141
0.85	0.08232
0.8501	0.08253
0.8503	0.08178
0.8504	0.08090
0.8506	0.08069
0.8507	0.08023
0.8508	0.08083
0.851	0.08184
0.8511	0.08201
0.8513	0.08147
0.8514	0.08126
0.8515	0.08144
0.8517	0.08250
0.8518	0.08175
0.852	0.08041
0.8521	0.08081
0.8522	0.08181
0.8524	0.08074
0.8525	0.07923
0.8527	0.08017
0.8528	0.08107
0.8529	0.08092
0.8531	0.08077
0.8532	0.08051
0.8534	0.07993
0.8535	0.08012
0.8536	0.07966
0.8538	0.08036
0.8539	0.08053
0.8541	0.07971
0.8542	0.07854
0.8543	0.07887
0.8545	0.08048
0.8546	0.08051
0.8548	0.07997
0.8549	0.07996
0.855	0.07947
0.8552	0.07919
0.8553	0.08001
0.8555	0.08040
0.8556	0.08009
0.8558	0.07973
0.8559	0.07965
0.856	0.07955
0.8562	0.08075
0.8563	0.08103
0.8565	0.07947
0.8566	0.07860
0.8568	0.07938
0.8569	0.07889
0.857	0.07857
0.8572	0.07951
0.8573	0.07951
0.8575	0.08019
0.8576	0.08018
0.8577	0.08009
0.8579	0.08041
0.858	0.07891
0.8582	0.07833
0.8583	0.07889
0.8585	0.07898
0.8586	0.07887
0.8587	0.07791
0.8589	0.07758
0.859	0.07855
0.8592	0.07937
0.8593	0.07929
0.8594	0.07834
0.8596	0.07701
0.8597	0.07684
0.8599	0.07724
0.86	0.07800
0.8602	0.07813
0.8603	0.07746
0.8604	0.07758
0.8606	0.07792
0.8607	0.07773
0.8609	0.07750
0.861	0.07765
0.8612	0.07709
0.8613	0.07674
0.8614	0.07815
0.8616	0.07992
0.8617	0.07898
0.8619	0.07847
0.862	0.07960
0.8622	0.07923
0.8623	0.07835
0.8625	0.07721
0.8626	0.07670
0.8627	0.07670
0.8629	0.07737
0.863	0.07782
0.8632	0.07786
0.8633	0.07861
0.8635	0.07860
0.8636	0.07814
0.8637	0.07876
0.8639	0.07798
0.864	0.07683
0.8642	0.07717
0.8643	0.07724
0.8645	0.07735
0.8646	0.07802
0.8648	0.07868
0.8649	0.07870
0.865	0.07803
0.8652	0.07715
0.8653	0.07687
0.8655	0.07570
0.8656	0.07511
0.8658	0.07596
0.8659	0.07707
0.866	0.07741
0.8662	0.07779
0.8663	0.07677
0.8665	0.07658
0.8666	0.07685
0.8668	0.07672
0.8669	0.07663
0.8671	0.07592
0.8672	0.07613
0.8673	0.07742
0.8675	0.07651
0.8676	0.07572
0.8678	0.07577
0.8679	0.07618
0.8681	0.07666
0.8682	0.07667
0.8684	0.07605
0.8685	0.07569
0.8687	0.07649
0.8688	0.07705
0.869	0.07647
0.8691	0.07620
0.8692	0.07571
0.8694	0.07513
0.8695	0.07513
0.8697	0.07519
0.8698	0.07533
0.87	0.07580
0.8701	0.07602
0.8703	0.07593
0.8704	0.07629
0.8706	0.07613
0.8707	0.07532
0.8708	0.07504
0.871	0.07489
0.8711	0.07486
0.8713	0.07498
0.8714	0.07524
0.8716	0.07494
0.8717	0.07504
0.8719	0.07551
0.872	0.07441
0.8722	0.07408
0.8723	0.07416
0.8725	0.07414
0.8726	0.07478
0.8728	0.07470
0.8729	0.07411
0.873	0.07452
0.8732	0.07456
0.8733	0.07475
0.8735	0.07483
0.8736	0.07450
0.8738	0.07405
0.8739	0.07401
0.8741	0.07390
0.8742	0.07303
0.8744	0.07330
0.8745	0.07429
0.8747	0.07434
0.8748	0.07414
0.875	0.07468
0.8751	0.07459
0.8753	0.07338
0.8754	0.07266
0.8755	0.07297
0.8757	0.07346
0.8758	0.07359
0.876	0.07385
0.8762	0.07389
0.8763	0.07362
0.8764	0.07357
0.8766	0.07301
0.8767	0.07317
0.8769	0.07369
0.877	0.07361
0.8772	0.07285
0.8773	0.07240
0.8775	0.07275
0.8776	0.07424
0.8778	0.07400
0.8779	0.07315
0.8781	0.07342
0.8782	0.07269
0.8784	0.07220
0.8785	0.07322
0.8787	0.07384
0.8788	0.07264
0.879	0.07200
0.8791	0.07263
0.8793	0.07306
0.8794	0.07283
0.8796	0.07280
0.8797	0.07286
0.8799	0.07306
0.88	0.07279
0.8802	0.07290
0.8803	0.07319
0.8805	0.07344
0.8806	0.07305
0.8808	0.07274
0.8809	0.07322
0.8811	0.07339
0.8812	0.07359
0.8814	0.07351
0.8815	0.07349
0.8817	0.07306
0.8818	0.07227
0.882	0.07185
0.8821	0.07233
0.8823	0.07249
0.8824	0.07210
0.8826	0.07181
0.8827	0.07222
0.8829	0.07229
0.883	0.07181
0.8832	0.07205
0.8833	0.07228
0.8835	0.07248
0.8836	0.07238
0.8838	0.07104
0.8839	0.07075
0.8841	0.07127
0.8842	0.07093
0.8844	0.07094
0.8845	0.07160
0.8847	0.07167
0.8848	0.07192
0.885	0.07195
0.8851	0.07177
0.8853	0.07122
0.8854	0.07078
0.8856	0.07059
0.8857	0.07066
0.8859	0.07146
0.886	0.07112
0.8862	0.07071
0.8863	0.07043
0.8865	0.07040
0.8866	0.07051
0.8868	0.07063
0.8869	0.07065
0.8871	0.07121
0.8872	0.07098
0.8874	0.07035
0.8875	0.07084
0.8877	0.07149
0.8878	0.07121
0.888	0.07048
0.8882	0.06989
0.8883	0.07015
0.8885	0.07035
0.8886	0.07083
0.8888	0.07077
0.8889	0.06976
0.8891	0.06956
0.8892	0.07039
0.8894	0.07056
0.8895	0.06975
0.8897	0.07011
0.8898	0.07075
0.89	0.07034
0.8901	0.06987
0.8903	0.06932
0.8904	0.06915
0.8906	0.06971
0.8908	0.07055
0.8909	0.07018
0.891	0.06987
0.8912	0.07011
0.8914	0.07029
0.8915	0.07026
0.8917	0.06986
0.8918	0.06969
0.892	0.07034
0.8921	0.07027
0.8923	0.06942
0.8924	0.06906
0.8926	0.06885
0.8927	0.06910
0.8929	0.06942
0.893	0.06877
0.8932	0.06877
0.8934	0.06832
0.8935	0.06825
0.8937	0.06933
0.8938	0.06967
0.894	0.06930
0.8941	0.06857
0.8943	0.06764
0.8944	0.06827
0.8946	0.06905
0.8947	0.06893
0.8949	0.06898
0.895	0.06853
0.8952	0.06808
0.8954	0.06784
0.8955	0.06785
0.8957	0.06850
0.8958	0.06872
0.896	0.06854
0.8961	0.06864
0.8963	0.06850
0.8964	0.06843
0.8966	0.06848
0.8968	0.06804
0.8969	0.06722
0.8971	0.06757
0.8972	0.06829
0.8974	0.06797
0.8975	0.06789
0.8977	0.06744
0.8978	0.06731
0.898	0.06784
0.8982	0.06744
0.8983	0.06652
0.8985	0.06700
0.8986	0.06794
0.8988	0.06814
0.8989	0.06774
0.8991	0.06707
0.8992	0.06734
0.8994	0.06762
0.8996	0.06751
0.8997	0.06725
0.8999	0.06680
0.9	0.06666
0.9002	0.06698
0.9003	0.06687
0.9005	0.06667
0.9007	0.06616
0.9008	0.06605
0.901	0.06652
0.9011	0.06663
0.9013	0.06621
0.9014	0.06631
0.9016	0.06620
0.9018	0.06646
0.9019	0.06656
0.9021	0.06629
0.9022	0.06640
0.9024	0.06705
0.9025	0.06680
0.9027	0.06665
0.9028	0.06701
0.903	0.06647
0.9032	0.06583
0.9033	0.06564
0.9035	0.06572
0.9036	0.06600
0.9038	0.06599
0.904	0.06581
0.9041	0.06630
0.9043	0.06651
0.9044	0.06568
0.9046	0.06509
0.9047	0.06531
0.9049	0.06534
0.905	0.06554
0.9052	0.06552
0.9054	0.06541
0.9055	0.06541
0.9057	0.06578
0.9058	0.06572
0.906	0.06531
0.9062	0.06537
0.9063	0.06490
0.9065	0.06499
0.9066	0.06517
0.9068	0.06482
0.907	0.06504
0.9071	0.06546
0.9073	0.06575
0.9074	0.06577
0.9076	0.06523
0.9077	0.06508
0.9079	0.06523
0.9081	0.06514
0.9082	0.06445
0.9084	0.06443
0.9085	0.06454
0.9087	0.06431
0.9089	0.06471
0.909	0.06516
0.9092	0.06474
0.9093	0.06397
0.9095	0.06412
0.9097	0.06463
0.9098	0.06482
0.91	0.06500
0.9101	0.06479
0.9103	0.06418
0.9105	0.06402
0.9106	0.06385
0.9108	0.06376
0.9109	0.06381
0.9111	0.06418
0.9113	0.06441
0.9114	0.06470
0.9116	0.06438
0.9117	0.06377
0.9119	0.06383
0.9121	0.06354
0.9122	0.06329
0.9124	0.06339
0.9125	0.06322
0.9127	0.06293
0.9129	0.06313
0.913	0.06344
0.9132	0.06376
0.9133	0.06430
0.9135	0.06416
0.9137	0.06344
0.9138	0.06253
0.914	0.06260
0.9142	0.06277
0.9143	0.06294
0.9145	0.06315
0.9146	0.06288
0.9148	0.06262
0.915	0.06303
0.9151	0.06317
0.9153	0.06307
0.9154	0.06302
0.9156	0.06283
0.9158	0.06279
0.9159	0.06282
0.9161	0.06277
0.9163	0.06270
0.9164	0.06277
0.9166	0.06269
0.9167	0.06258
0.9169	0.06251
0.9171	0.06240
0.9172	0.06231
0.9174	0.06192
0.9175	0.06160
0.9177	0.06171
0.9179	0.06184
0.918	0.06175
0.9182	0.06194
0.9184	0.06254
0.9185	0.06259
0.9187	0.06207
0.9188	0.06166
0.919	0.06159
0.9192	0.06175
0.9193	0.06210
0.9195	0.06203
0.9197	0.06163
0.9198	0.06176
0.92	0.06174
0.9202	0.06155
0.9203	0.06138
0.9205	0.06097
0.9206	0.06139
0.9208	0.06181
0.921	0.06161
0.9211	0.06155
0.9213	0.06166
0.9215	0.06128
0.9216	0.06091
0.9218	0.06119
0.922	0.06140
0.9221	0.06139
0.9223	0.06115
0.9224	0.06097
0.9226	0.06099
0.9228	0.06126
0.9229	0.06122
0.9231	0.06090
0.9233	0.06057
0.9234	0.06016
0.9236	0.06020
0.9238	0.06034
0.9239	0.06054
0.9241	0.06043
0.9243	0.06000
0.9244	0.06021
0.9246	0.06000
0.9247	0.05975
0.9249	0.06000
0.9251	0.06044
0.9252	0.06048
0.9254	0.06044
0.9256	0.06011
0.9257	0.06025
0.9259	0.06056
0.9261	0.06066
0.9262	0.06045
0.9264	0.06003
0.9266	0.06012
0.9267	0.06028
0.9269	0.05998
0.9271	0.05965
0.9272	0.05937
0.9274	0.05927
0.9276	0.05949
0.9277	0.05988
0.9279	0.05975
0.928	0.05974
0.9282	0.05997
0.9284	0.05940
0.9285	0.05929
0.9287	0.05966
0.9289	0.05957
0.929	0.05925
0.9292	0.05890
0.9294	0.05936
0.9295	0.05979
0.9297	0.05949
0.9299	0.05907
0.93	0.05896
0.9302	0.05848
0.9304	0.05855
0.9305	0.05905
0.9307	0.05927
0.9309	0.05930
0.931	0.05928
0.9312	0.05884
0.9314	0.05866
0.9316	0.05896
0.9317	0.05890
0.9319	0.05852
0.9321	0.05834
0.9322	0.05832
0.9324	0.05862
0.9326	0.05852
0.9327	0.05829
0.9329	0.05821
0.9331	0.05823
0.9332	0.05832
0.9334	0.05816
0.9336	0.05795
0.9337	0.05801
0.9339	0.05819
0.9341	0.05806
0.9342	0.05797
0.9344	0.05771
0.9346	0.05763
0.9348	0.05770
0.9349	0.05788
0.9351	0.05816
0.9353	0.05806
0.9354	0.05758
0.9356	0.05744
0.9358	0.05764
0.9359	0.05759
0.9361	0.05722
0.9363	0.05731
0.9364	0.05777
0.9366	0.05749
0.9368	0.05732
0.9369	0.05757
0.9371	0.05768
0.9373	0.05730
0.9375	0.05682
0.9376	0.05687
0.9378	0.05692
0.938	0.05698
0.9381	0.05662
0.9383	0.05632
0.9385	0.05677
0.9386	0.05670
0.9388	0.05663
0.939	0.05673
0.9392	0.05671
0.9393	0.05686
0.9395	0.05680
0.9397	0.05681
0.9398	0.05655
0.94	0.05627
0.9402	0.05616
0.9403	0.05635
0.9405	0.05639
0.9407	0.05648
0.9408	0.05644
0.941	0.05593
0.9412	0.05629
0.9414	0.05670
0.9415	0.05642
0.9417	0.05605
0.9419	0.05587
0.942	0.05588
0.9422	0.05609
0.9424	0.05618
0.9426	0.05590
0.9427	0.05586
0.9429	0.05569
0.9431	0.05558
0.9433	0.05579
0.9434	0.05581
0.9436	0.05561
0.9438	0.05547
0.9439	0.05577
0.9441	0.05617
0.9443	0.05605
0.9445	0.05554
0.9446	0.05534
0.9448	0.05522
0.945	0.05507
0.9451	0.05495
0.9453	0.05537
0.9455	0.05535
0.9457	0.05536
0.9458	0.05538
0.946	0.05523
0.9462	0.05491
0.9463	0.05452
0.9465	0.05462
0.9467	0.05492
0.9469	0.05501
0.947	0.05495
0.9472	0.05474
0.9474	0.05474
0.9476	0.05472
0.9477	0.05458
0.9479	0.05455
0.9481	0.05464
0.9483	0.05456
0.9484	0.05467
0.9486	0.05483
0.9488	0.05470
0.949	0.05458
0.9491	0.05435
0.9493	0.05407
0.9495	0.05401
0.9496	0.05440
0.9498	0.05432
0.95	0.05389
0.9502	0.05399
0.9503	0.05412
0.9505	0.05434
0.9507	0.05462
0.9509	0.05442
0.951	0.05405
0.9512	0.05405
0.9514	0.05405
0.9516	0.05393
0.9517	0.05403
0.9519	0.05386
0.9521	0.05353
0.9523	0.05337
0.9524	0.05338
0.9526	0.05360
0.9528	0.05397
0.953	0.05375
0.9531	0.05336
0.9533	0.05357
0.9535	0.05349
0.9537	0.05337
0.9538	0.05358
0.954	0.05364
0.9542	0.05334
0.9544	0.05299
0.9545	0.05304
0.9547	0.05299
0.9549	0.05289
0.9551	0.05283
0.9552	0.05276
0.9554	0.05282
0.9556	0.05304
0.9558	0.05314
0.956	0.05288
0.9561	0.05264
0.9563	0.05247
0.9565	0.05253
0.9567	0.05274
0.9568	0.05299
0.957	0.05293
0.9572	0.05268
0.9574	0.05248
0.9575	0.05268
0.9577	0.05286
0.9579	0.05271
0.9581	0.05239
0.9582	0.05242
0.9584	0.05259
0.9586	0.05293
0.9588	0.05297
0.959	0.05260
0.9591	0.05254
0.9593	0.05261
0.9595	0.05248
0.9597	0.05251
0.9598	0.05246
0.96	0.05232
0.9602	0.05216
0.9604	0.05215
0.9605	0.05226
0.9607	0.05229
0.9609	0.05245
0.9611	0.05245
0.9613	0.05215
0.9614	0.05199
0.9616	0.05181
0.9618	0.05169
0.962	0.05165
0.9622	0.05191
0.9623	0.05205
0.9625	0.05176
0.9627	0.05142
0.9629	0.05153
0.963	0.05182
0.9632	0.05175
0.9634	0.05172
0.9636	0.05166
0.9638	0.05158
0.9639	0.05165
0.9641	0.05132
0.9643	0.05092
0.9645	0.05090
0.9647	0.05118
0.9648	0.05168
0.965	0.05179
0.9652	0.05181
0.9654	0.05198
0.9656	0.05193
0.9657	0.05166
0.9659	0.05133
0.9661	0.05112
0.9663	0.05151
0.9665	0.05173
0.9666	0.05150
0.9668	0.05151
0.967	0.05158
0.9672	0.05150
0.9674	0.05124
0.9675	0.05120
0.9677	0.05113
0.9679	0.05112
0.9681	0.05122
0.9683	0.05102
0.9684	0.05110
0.9686	0.05099
0.9688	0.05068
0.969	0.05082
0.9692	0.05105
0.9693	0.05071
0.9695	0.05069
0.9697	0.05096
0.9699	0.05117
0.9701	0.05116
0.9703	0.05104
0.9704	0.05089
0.9706	0.05065
0.9708	0.05074
0.971	0.05031
0.9712	0.05007
0.9713	0.05055
0.9715	0.05076
0.9717	0.05070
0.9719	0.05061
0.9721	0.05053
0.9723	0.05059
0.9724	0.05068
0.9726	0.05057
0.9728	0.05061
0.973	0.05055
0.9732	0.05039
0.9733	0.05034
0.9735	0.05053
0.9737	0.05064
0.9739	0.05044
0.9741	0.04996
0.9743	0.04994
0.9745	0.05015
0.9746	0.05016
0.9748	0.04999
0.975	0.04990
0.9752	0.05027
0.9754	0.05053
0.9755	0.05023
0.9757	0.04996
0.9759	0.05016
0.9761	0.05010
0.9763	0.05011
0.9765	0.05020
0.9767	0.04993
0.9768	0.04988
0.977	0.04994
0.9772	0.04985
0.9774	0.04961
0.9776	0.04961
0.9778	0.04955
0.9779	0.04953
0.9781	0.04976
0.9783	0.04993
0.9785	0.04964
0.9787	0.04958
0.9789	0.04938
0.979	0.04938
0.9792	0.04973
0.9794	0.04989
0.9796	0.04986
0.9798	0.04960
0.98	0.04948
0.9802	0.04969
0.9803	0.04965
0.9805	0.04933
0.9807	0.04945
0.9809	0.04953
0.9811	0.04928
0.9813	0.04936
0.9815	0.04947
0.9817	0.04952
0.9818	0.04962
0.982	0.04930
0.9822	0.04920
0.9824	0.04947
0.9826	0.04954
0.9828	0.04942
0.983	0.04956
0.9831	0.04961
0.9833	0.04942
0.9835	0.04933
0.9837	0.04925
0.9839	0.04909
0.9841	0.04907
0.9843	0.04935
0.9844	0.04944
0.9846	0.04918
0.9848	0.04888
0.985	0.04878
0.9852	0.04878
0.9854	0.04886
0.9856	0.04902
0.9858	0.04905
0.9859	0.04919
0.9861	0.04915
0.9863	0.04895
0.9865	0.04890
0.9867	0.04897
0.9869	0.04905
0.9871	0.04900
0.9873	0.04899
0.9874	0.04891
0.9876	0.04886
0.9878	0.04888
0.988	0.04879
0.9882	0.04881
0.9884	0.04898
0.9886	0.04904
0.9888	0.04887
0.989	0.04885
0.9891	0.04876
0.9893	0.04861
0.9895	0.04856
0.9897	0.04851
0.9899	0.04872
0.9901	0.04872
0.9903	0.04863
0.9905	0.04887
0.9907	0.04886
0.9908	0.04865
0.991	0.04850
0.9912	0.04843
0.9914	0.04860
0.9916	0.04861
0.9918	0.04857
0.992	0.04871
0.9922	0.04901
0.9924	0.04903
0.9925	0.04886
0.9927	0.04855
0.9929	0.04848
0.9931	0.04844
0.9933	0.04842
0.9935	0.04832
0.9937	0.04831
0.9939	0.04840
0.9941	0.04829
0.9943	0.04823
0.9945	0.04831
0.9946	0.04857
0.9948	0.04862
0.995	0.04842
0.9952	0.04831
0.9954	0.04828
0.9956	0.04824
0.9958	0.04846
0.996	0.04850
0.9962	0.04861
0.9964	0.04851
0.9965	0.04835
0.9967	0.04844
0.9969	0.04841
0.9971	0.04840
0.9973	0.04840
0.9975	0.04842
0.9977	0.04830
0.9979	0.04809
0.9981	0.04823
0.9983	0.04821
0.9985	0.04819
0.9987	0.04822
0.9989	0.04842
0.999	0.04846
0.9992	0.04822
0.9994	0.04818
0.9996	0.04825
0.9998	0.04826
1	0.04826
1.0002	0.04831
1.0004	0.04832
1.0006	0.04824
1.0008	0.04832
1.001	0.04835
1.0012	0.04826
1.0014	0.04820
1.0016	0.04819
1.0018	0.04818
1.0019	0.04819
1.0021	0.04839
1.0023	0.04838
1.0025	0.04828
1.0027	0.04840
1.0029	0.04847
1.0031	0.04823
1.0033	0.04830
1.0035	0.04836
1.0037	0.04819
1.0039	0.04818
1.0041	0.04814
1.0043	0.04791
1.0045	0.04808
1.0047	0.04831
1.0049	0.04823
1.005	0.04807
1.0053	0.04811
1.0054	0.04822
1.0056	0.04820
1.0058	0.04803
1.006	0.04817
1.0062	0.04827
1.0064	0.04825
1.0066	0.04843
1.0068	0.04831
1.007	0.04817
1.0072	0.04817
1.0074	0.04824
1.0076	0.04835
1.0078	0.04833
1.008	0.04826
1.0082	0.04820
1.0084	0.04825
1.0086	0.04826
1.0088	0.04838
1.009	0.04825
1.0092	0.04807
1.0094	0.04812
1.0095	0.04822
1.0098	0.04827
1.01	0.04831
1.0101	0.04828
1.0103	0.04829
1.0105	0.04831
1.0107	0.04808
1.0109	0.04795
1.0111	0.04796
1.0113	0.04804
1.0115	0.04805
1.0117	0.04808
1.0119	0.04811
1.0121	0.04821
1.0123	0.04805
1.0125	0.04793
1.0127	0.04809
1.0129	0.04815
1.0131	0.04818
1.0133	0.04819
1.0135	0.04817
1.0137	0.04801
1.0139	0.04794
1.0141	0.04814
1.0143	0.04832
1.0145	0.04838
1.0147	0.04841
1.0149	0.04838
1.0151	0.04855
1.0153	0.04842
1.0155	0.04827
1.0157	0.04820
1.0159	0.04820
1.0161	0.04802
1.0163	0.04794
1.0165	0.04801
1.0167	0.04809
1.0169	0.04824
1.0171	0.04824
1.0173	0.04803
1.0175	0.04801
1.0177	0.04814
1.0179	0.04806
1.0181	0.04805
1.0183	0.04808
1.0185	0.04799
1.0187	0.04806
1.0189	0.04821
1.0191	0.04825
1.0193	0.04830
1.0195	0.04829
1.0197	0.04782
1.0199	0.04768
1.0201	0.04807
1.0203	0.04834
1.0205	0.04827
1.0207	0.04817
1.0209	0.04832
1.0211	0.04845
1.0213	0.04832
1.0215	0.04817
1.0217	0.04814
1.0219	0.04831
1.0221	0.04847
1.0223	0.04848
1.0225	0.04838
1.0227	0.04824
1.0229	0.04826
1.0231	0.04831
1.0233	0.04827
1.0235	0.04824
1.0237	0.04826
1.0239	0.04837
1.0241	0.04845
1.0243	0.04836
1.0245	0.04839
1.0247	0.04837
1.0249	0.04845
1.0251	0.04855
1.0253	0.04847
1.0255	0.04843
1.0257	0.04843
1.0259	0.04841
1.0261	0.04851
1.0263	0.04850
1.0265	0.04840
1.0268	0.04840
1.0269	0.04857
1.0272	0.04857
1.0274	0.04875
1.0276	0.04876
1.0278	0.04851
1.028	0.04844
1.0282	0.04855
1.0284	0.04864
1.0286	0.04873
1.0288	0.04887
1.029	0.04889
1.0292	0.04890
1.0294	0.04886
1.0296	0.04886
1.0298	0.04888
1.03	0.04882
1.0302	0.04878
1.0304	0.04866
1.0306	0.04855
1.0308	0.04875
1.031	0.04885
1.0312	0.04885
1.0314	0.04888
1.0317	0.04898
1.0318	0.04912
1.0321	0.04903
1.0323	0.04902
1.0325	0.04905
1.0327	0.04912
1.0329	0.04927
1.0331	0.04927
1.0333	0.04913
1.0335	0.04936
1.0337	0.04950
1.0339	0.04922
1.0341	0.04900
1.0343	0.04895
1.0345	0.04898
1.0347	0.04920
1.0349	0.04922
1.0352	0.04911
1.0354	0.04901
1.0356	0.04914
1.0358	0.04926
1.036	0.04934
1.0362	0.04938
1.0364	0.04925
1.0366	0.04922
1.0368	0.04924
1.037	0.04940
1.0372	0.04952
1.0374	0.04946
1.0376	0.04949
1.0378	0.04958
1.0381	0.04950
1.0383	0.04949
1.0385	0.04975
1.0387	0.04984
1.0389	0.04969
1.0391	0.04970
1.0393	0.04967
1.0395	0.04972
1.0397	0.04984
1.0399	0.04985
1.0401	0.04979
1.0403	0.04978
1.0406	0.04997
1.0408	0.05011
1.041	0.05005
1.0412	0.05000
1.0414	0.05000
1.0416	0.05003
1.0418	0.05016
1.042	0.05019
1.0422	0.05004
1.0424	0.05000
1.0426	0.05015
1.0428	0.05037
1.0431	0.05048
1.0433	0.05035
1.0435	0.05018
1.0437	0.05023
1.0439	0.05038
1.0441	0.05034
1.0443	0.05018
1.0445	0.05033
1.0448	0.05037
1.045	0.05036
1.0452	0.05060
1.0454	0.05067
1.0456	0.05062
1.0458	0.05058
1.046	0.05062
1.0462	0.05065
1.0464	0.05062
1.0466	0.05051
1.0469	0.05054
1.0471	0.05063
1.0473	0.05078
1.0475	0.05095
1.0477	0.05078
1.0479	0.05071
1.0481	0.05078
1.0483	0.05082
1.0486	0.05078
1.0488	0.05071
1.049	0.05081
1.0492	0.05101
1.0494	0.05103
1.0496	0.05111
1.0498	0.05110
1.05	0.05110
1.0503	0.05116
1.0505	0.05121
1.0507	0.05142
1.0509	0.05143
1.0511	0.05137
1.0513	0.05133
1.0515	0.05141
1.0517	0.05156
1.0519	0.05168
1.0522	0.05155
1.0524	0.05148
1.0526	0.05154
1.0528	0.05159
1.053	0.05164
1.0532	0.05171
1.0534	0.05168
1.0537	0.05168
1.0539	0.05173
1.0541	0.05164
1.0543	0.05172
1.0545	0.05177
1.0547	0.05173
1.0549	0.05183
1.0552	0.05193
1.0554	0.05209
1.0556	0.05202
1.0558	0.05193
1.056	0.05201
1.0562	0.05216
1.0564	0.05225
1.0567	0.05214
1.0569	0.05210
1.0571	0.05223
1.0573	0.05230
1.0575	0.05234
1.0578	0.05234
1.058	0.05218
1.0582	0.05220
1.0584	0.05241
1.0586	0.05255
1.0588	0.05264
1.059	0.05271
1.0593	0.05274
1.0595	0.05260
1.0597	0.05259
1.0599	0.05270
1.0601	0.05285
1.0603	0.05291
1.0606	0.05292
1.0608	0.05290
1.061	0.05295
1.0612	0.05309
1.0614	0.05307
1.0617	0.05317
1.0619	0.05331
1.0621	0.05329
1.0623	0.05321
1.0625	0.05321
1.0627	0.05327
1.0629	0.05342
1.0632	0.05360
1.0634	0.05363
1.0636	0.05357
1.0638	0.05364
1.064	0.05384
1.0643	0.05388
1.0645	0.05375
1.0647	0.05373
1.0649	0.05372
1.0651	0.05369
1.0653	0.05384
1.0656	0.05407
1.0658	0.05419
1.066	0.05417
1.0662	0.05414
1.0664	0.05409
1.0667	0.05413
1.0669	0.05422
1.0671	0.05442
1.0673	0.05449
1.0676	0.05451
1.0678	0.05458
1.068	0.05461
1.0682	0.05460
1.0684	0.05465
1.0687	0.05467
1.0689	0.05458
1.0691	0.05462
1.0693	0.05466
1.0695	0.05477
1.0698	0.05498
1.07	0.05499
1.0702	0.05504
1.0704	0.05510
1.0706	0.05505
1.0708	0.05513
1.0711	0.05522
1.0713	0.05523
1.0715	0.05521
1.0717	0.05523
1.072	0.05549
1.0722	0.05552
1.0724	0.05538
1.0726	0.05548
1.0728	0.05580
1.0731	0.05580
1.0733	0.05561
1.0735	0.05571
1.0737	0.05589
1.074	0.05599
1.0742	0.05607
1.0744	0.05600
1.0746	0.05590
1.0748	0.05596
1.0751	0.05607
1.0753	0.05617
1.0755	0.05631
1.0757	0.05637
1.076	0.05637
1.0762	0.05643
1.0764	0.05659
1.0766	0.05662
1.0769	0.05661
1.0771	0.05679
1.0773	0.05706
1.0775	0.05717
1.0778	0.05695
1.078	0.05676
1.0782	0.05673
1.0784	0.05678
1.0787	0.05708
1.0789	0.05723
1.0791	0.05721
1.0793	0.05721
1.0796	0.05729
1.0798	0.05742
1.08	0.05742
1.0802	0.05731
1.0804	0.05727
1.0807	0.05742
1.0809	0.05756
1.0811	0.05763
1.0813	0.05779
1.0816	0.05787
1.0818	0.05787
1.082	0.05797
1.0823	0.05801
1.0825	0.05792
1.0827	0.05795
1.0829	0.05813
1.0832	0.05822
1.0834	0.05831
1.0836	0.05827
1.0838	0.05839
1.0841	0.05857
1.0843	0.05858
1.0845	0.05871
1.0848	0.05881
1.085	0.05886
1.0852	0.05890
1.0854	0.05886
1.0857	0.05892
1.0859	0.05900
1.0861	0.05915
1.0863	0.05933
1.0866	0.05938
1.0868	0.05934
1.087	0.05940
1.0873	0.05945
1.0875	0.05957
1.0877	0.05970
1.0879	0.05975
1.0882	0.05989
1.0884	0.06002
1.0886	0.06005
1.0888	0.06000
1.0891	0.06001
1.0893	0.06013
1.0895	0.06016
1.0898	0.06013
1.09	0.06024
1.0902	0.06030
1.0904	0.06043
1.0907	0.06050
1.0909	0.06052
1.0911	0.06064
1.0914	0.06074
1.0916	0.06069
1.0918	0.06077
1.0921	0.06094
1.0923	0.06103
1.0925	0.06100
1.0928	0.06107
1.093	0.06126
1.0932	0.06142
1.0934	0.06147
1.0937	0.06146
1.0939	0.06155
1.0941	0.06159
1.0944	0.06166
1.0946	0.06166
1.0948	0.06178
1.0951	0.06185
1.0953	0.06178
1.0955	0.06179
1.0958	0.06196
1.096	0.06212
1.0962	0.06220
1.0964	0.06232
1.0967	0.06247
1.0969	0.06258
1.0971	0.06254
1.0974	0.06254
1.0976	0.06263
1.0978	0.06269
1.0981	0.06287
1.0983	0.06296
1.0985	0.06296
1.0988	0.06306
1.099	0.06313
1.0992	0.06311
1.0995	0.06320
1.0997	0.06318
1.0999	0.06326
1.1002	0.06339
1.1004	0.06349
1.1006	0.06362
1.1009	0.06379
1.1011	0.06389
1.1013	0.06404
1.1016	0.06404
1.1018	0.06399
1.102	0.06404
1.1023	0.06408
1.1025	0.06411
1.1027	0.06420
1.103	0.06429
1.1032	0.06441
1.1034	0.06457
1.1037	0.06479
1.1039	0.06483
1.1042	0.06481
1.1044	0.06481
1.1046	0.06489
1.1049	0.06495
1.1051	0.06512
1.1053	0.06523
1.1056	0.06524
1.1058	0.06521
1.106	0.06526
1.1063	0.06538
1.1065	0.06549
1.1067	0.06563
1.107	0.06583
1.1072	0.06591
1.1074	0.06603
1.1077	0.06616
1.1079	0.06614
1.1082	0.06609
1.1084	0.06617
1.1086	0.06630
1.1089	0.06644
1.1091	0.06650
1.1093	0.06662
1.1096	0.06678
1.1098	0.06685
1.1101	0.06693
1.1103	0.06705
1.1105	0.06712
1.1108	0.06718
1.111	0.06725
1.1113	0.06724
1.1115	0.06742
1.1117	0.06756
1.112	0.06767
1.1122	0.06788
1.1124	0.06789
1.1127	0.06783
1.1129	0.06793
1.1132	0.06799
1.1134	0.06797
1.1136	0.06812
1.1139	0.06829
1.1141	0.06844
1.1143	0.06853
1.1146	0.06847
1.1148	0.06852
1.1151	0.06869
1.1153	0.06891
1.1156	0.06897
1.1158	0.06905
1.116	0.06914
1.1163	0.06922
1.1165	0.06937
1.1168	0.06942
1.117	0.06950
1.1172	0.06963
1.1175	0.06979
1.1177	0.06985
1.118	0.06988
1.1182	0.07001
1.1184	0.07013
1.1187	0.07017
1.1189	0.07020
1.1192	0.07037
1.1194	0.07049
1.1197	0.07054
1.1199	0.07060
1.1201	0.07073
1.1204	0.07082
1.1206	0.07090
1.1209	0.07104
1.1211	0.07113
1.1213	0.07134
1.1216	0.07147
1.1218	0.07160
1.1221	0.07172
1.1223	0.07165
1.1226	0.07169
1.1228	0.07190
1.123	0.07208
1.1233	0.07216
1.1235	0.07219
1.1238	0.07236
1.124	0.07248
1.1243	0.07256
1.1245	0.07259
1.1248	0.07263
1.125	0.07289
1.1252	0.07310
1.1255	0.07313
1.1257	0.07317
1.126	0.07328
1.1262	0.07346
1.1265	0.07345
1.1267	0.07340
1.1269	0.07353
1.1272	0.07373
1.1274	0.07388
1.1277	0.07395
1.1279	0.07405
1.1282	0.07420
1.1284	0.07429
1.1287	0.07441
1.1289	0.07445
1.1292	0.07453
1.1294	0.07471
1.1297	0.07496
1.1299	0.07508
1.1301	0.07499
1.1304	0.07498
1.1306	0.07514
1.1309	0.07539
1.1311	0.07566
1.1314	0.07567
1.1316	0.07571
1.1319	0.07591
1.1321	0.07599
1.1324	0.07603
1.1326	0.07624
1.1329	0.07629
1.1331	0.07629
1.1333	0.07636
1.1336	0.07648
1.1338	0.07673
1.1341	0.07694
1.1343	0.07702
1.1346	0.07702
1.1348	0.07707
1.1351	0.07727
1.1353	0.07738
1.1356	0.07742
1.1358	0.07756
1.1361	0.07763
1.1363	0.07773
1.1366	0.07786
1.1368	0.07796
1.1371	0.07803
1.1373	0.07812
1.1376	0.07827
1.1378	0.07843
1.1381	0.07855
1.1383	0.07866
1.1386	0.07862
1.1388	0.07870
1.1391	0.07897
1.1393	0.07908
1.1396	0.07913
1.1398	0.07914
1.1401	0.07918
1.1403	0.07937
1.1406	0.07962
1.1408	0.07975
1.1411	0.07984
1.1413	0.07994
1.1416	0.08002
1.1418	0.08014
1.1421	0.08031
1.1423	0.08038
1.1426	0.08039
1.1428	0.08052
1.1431	0.08062
1.1433	0.08074
1.1436	0.08084
1.1439	0.08096
1.1441	0.08106
1.1444	0.08118
1.1446	0.08135
1.1449	0.08156
1.1451	0.08164
1.1454	0.08174
1.1456	0.08184
1.1459	0.08192
1.1461	0.08196
1.1464	0.08203
1.1466	0.08219
1.1469	0.08235
1.1472	0.08248
1.1474	0.08265
1.1477	0.08273
1.1479	0.08271
1.1482	0.08280
1.1484	0.08288
1.1487	0.08305
1.1489	0.08321
1.1492	0.08338
1.1494	0.08349
1.1497	0.08356
1.1499	0.08372
1.1502	0.08385
1.1504	0.08390
1.1507	0.08399
1.151	0.08414
1.1512	0.08420
1.1515	0.08435
1.1517	0.08450
1.152	0.08462
1.1522	0.08471
1.1525	0.08477
1.1528	0.08490
1.153	0.08503
1.1533	0.08502
1.1535	0.08507
1.1538	0.08518
1.154	0.08537
1.1543	0.08551
1.1546	0.08573
1.1548	0.08589
1.1551	0.08592
1.1553	0.08602
1.1556	0.08612
1.1558	0.08625
1.1561	0.08636
1.1564	0.08641
1.1566	0.08660
1.1569	0.08670
1.1571	0.08677
1.1574	0.08688
1.1577	0.08692
1.1579	0.08707
1.1582	0.08727
1.1584	0.08740
1.1587	0.08744
1.1589	0.08753
1.1592	0.08764
1.1595	0.08780
1.1597	0.08790
1.16	0.08787
1.1602	0.08798
1.1605	0.08819
1.1608	0.08823
1.161	0.08835
1.1613	0.08847
1.1615	0.08858
1.1618	0.08874
1.1621	0.08888
1.1623	0.08900
1.1626	0.08906
1.1628	0.08902
1.1631	0.08917
1.1634	0.08940
1.1636	0.08958
1.1639	0.08967
1.1642	0.08976
1.1644	0.08982
1.1647	0.08990
1.1649	0.09001
1.1652	0.09017
1.1654	0.09033
1.1657	0.09043
1.166	0.09054
1.1662	0.09060
1.1665	0.09068
1.1668	0.09086
1.167	0.09099
1.1673	0.09107
1.1676	0.09113
1.1678	0.09127
1.1681	0.09139
1.1683	0.09151
1.1686	0.09160
1.1689	0.09167
1.1691	0.09172
1.1694	0.09177
1.1697	0.09188
1.1699	0.09198
1.1702	0.09214
1.1704	0.09232
1.1707	0.09240
1.171	0.09259
1.1713	0.09269
1.1715	0.09269
1.1718	0.09282
1.172	0.09299
1.1723	0.09308
1.1726	0.09315
1.1728	0.09322
1.1731	0.09329
1.1734	0.09343
1.1736	0.09357
1.1739	0.09369
1.1742	0.09381
1.1744	0.09396
1.1747	0.09404
1.175	0.09407
1.1752	0.09421
1.1755	0.09435
1.1758	0.09445
1.176	0.09446
1.1763	0.09448
1.1766	0.09461
1.1768	0.09477
1.1771	0.09494
1.1774	0.09502
1.1776	0.09517
1.1779	0.09530
1.1782	0.09535
1.1784	0.09548
1.1787	0.09560
1.179	0.09571
1.1792	0.09581
1.1795	0.09590
1.1798	0.09605
1.18	0.09610
1.1803	0.09610
1.1806	0.09620
1.1808	0.09632
1.1811	0.09647
1.1814	0.09659
1.1817	0.09660
1.1819	0.09662
1.1822	0.09677
1.1825	0.09705
1.1827	0.09711
1.183	0.09713
1.1833	0.09733
1.1835	0.09743
1.1838	0.09742
1.1841	0.09749
1.1844	0.09767
1.1846	0.09777
1.1849	0.09790
1.1852	0.09798
1.1854	0.09804
1.1857	0.09810
1.186	0.09816
1.1863	0.09824
1.1865	0.09839
1.1868	0.09849
1.1871	0.09860
1.1873	0.09874
1.1876	0.09882
1.1879	0.09887
1.1882	0.09897
1.1884	0.09905
1.1887	0.09907
1.189	0.09922
1.1893	0.09942
1.1895	0.09947
1.1898	0.09953
1.1901	0.09966
1.1903	0.09973
1.1906	0.09976
1.1909	0.09986
1.1912	0.09989
1.1914	0.09998
1.1917	0.10018
1.192	0.10025
1.1923	0.10028
1.1925	0.10039
1.1928	0.10045
1.1931	0.10053
1.1933	0.10066
1.1936	0.10083
1.1939	0.10084
1.1942	0.10080
1.1944	0.10091
1.1947	0.10107
1.195	0.10112
1.1953	0.10121
1.1956	0.10134
1.1958	0.10146
1.1961	0.10160
1.1964	0.10164
1.1967	0.10169
1.1969	0.10180
1.1972	0.10190
1.1975	0.10186
1.1978	0.10194
1.198	0.10216
1.1983	0.10226
1.1986	0.10238
1.1989	0.10243
1.1992	0.10243
1.1994	0.10246
1.1997	0.10263
1.2	0.10288
1.2003	0.10296
1.2005	0.10294
1.2008	0.10297
1.2011	0.10304
1.2014	0.10311
1.2017	0.10320
1.2019	0.10337
1.2022	0.10346
1.2025	0.10352
1.2028	0.10362
1.203	0.10367
1.2033	0.10373
1.2036	0.10394
1.2039	0.10408
1.2042	0.10407
1.2044	0.10402
1.2047	0.10406
1.205	0.10421
1.2053	0.10433
1.2056	0.10435
1.2058	0.10439
1.2061	0.10450
1.2064	0.10459
1.2067	0.10463
1.207	0.10472
1.2072	0.10489
1.2075	0.10498
1.2078	0.10503
1.2081	0.10513
1.2084	0.10525
1.2087	0.10531
1.2089	0.10536
1.2092	0.10541
1.2095	0.10549
1.2098	0.10556
1.2101	0.10556
1.2103	0.10563
1.2106	0.10583
1.2109	0.10603
1.2112	0.10612
1.2115	0.10614
1.2118	0.10616
1.212	0.10620
1.2123	0.10630
1.2126	0.10633
1.2129	0.10636
1.2132	0.10646
1.2135	0.10658
1.2137	0.10666
1.214	0.10670
1.2143	0.10675
1.2146	0.10687
1.2149	0.10695
1.2152	0.10705
1.2154	0.10714
1.2157	0.10718
1.216	0.10725
1.2163	0.10734
1.2166	0.10741
1.2169	0.10744
1.2172	0.10748
1.2174	0.10757
1.2177	0.10772
1.218	0.10788
1.2183	0.10796
1.2186	0.10797
1.2189	0.10807
1.2192	0.10817
1.2194	0.10818
1.2197	0.10826
1.22	0.10839
1.2203	0.10846
1.2206	0.10847
1.2209	0.10853
1.2212	0.10859
1.2215	0.10867
1.2218	0.10882
1.222	0.10893
1.2223	0.10895
1.2226	0.10895
1.2229	0.10904
1.2232	0.10904
1.2235	0.10907
1.2238	0.10924
1.2241	0.10938
1.2243	0.10943
1.2246	0.10943
1.2249	0.10953
1.2252	0.10966
1.2255	0.10969
1.2258	0.10968
1.2261	0.10978
1.2264	0.10985
1.2267	0.10991
1.227	0.11012
1.2273	0.11020
1.2275	0.11016
1.2278	0.11025
1.2281	0.11040
1.2284	0.11051
1.2287	0.11058
1.229	0.11058
1.2293	0.11064
1.2296	0.11070
1.2299	0.11074
1.2302	0.11079
1.2304	0.11084
1.2307	0.11088
1.231	0.11094
1.2313	0.11104
1.2316	0.11112
1.2319	0.11117
1.2322	0.11121
1.2325	0.11129
1.2328	0.11140
1.2331	0.11145
1.2334	0.11154
1.2337	0.11161
1.234	0.11170
1.2343	0.11181
1.2346	0.11188
1.2348	0.11187
1.2351	0.11192
1.2354	0.11200
1.2357	0.11200
1.236	0.11212
1.2363	0.11227
1.2366	0.11233
1.2369	0.11240
1.2372	0.11247
1.2375	0.11250
1.2378	0.11253
1.2381	0.11260
1.2384	0.11271
1.2387	0.11275
1.239	0.11278
1.2393	0.11289
1.2396	0.11303
1.2399	0.11309
1.2402	0.11309
1.2405	0.11314
1.2408	0.11329
1.2411	0.11337
1.2413	0.11338
1.2417	0.11344
1.2419	0.11352
1.2422	0.11366
1.2425	0.11375
1.2428	0.11373
1.2431	0.11373
1.2434	0.11377
1.2437	0.11386
1.244	0.11398
1.2443	0.11408
1.2446	0.11411
1.2449	0.11418
1.2452	0.11431
1.2455	0.11449
1.2458	0.11451
1.2461	0.11439
1.2464	0.11438
1.2467	0.11459
1.247	0.11474
1.2473	0.11474
1.2476	0.11478
1.2479	0.11481
1.2482	0.11484
1.2485	0.11489
1.2488	0.11492
1.2491	0.11508
1.2494	0.11523
1.2497	0.11529
1.25	0.11535
1.2503	0.11540
1.2506	0.11539
1.2509	0.11551
1.2512	0.11555
1.2515	0.11554
1.2518	0.11556
1.2521	0.11568
1.2524	0.11580
1.2528	0.11584
1.2531	0.11589
1.2533	0.11590
1.2537	0.11592
1.254	0.11602
1.2543	0.11606
1.2546	0.11610
1.2549	0.11616
1.2552	0.11622
1.2555	0.11630
1.2558	0.11644
1.2561	0.11648
1.2564	0.11651
1.2567	0.11659
1.257	0.11670
1.2573	0.11680
1.2576	0.11686
1.2579	0.11695
1.2582	0.11688
1.2585	0.11682
1.2588	0.11695
1.2591	0.11710
1.2594	0.11719
1.2598	0.11716
1.2601	0.11716
1.2604	0.11724
1.2607	0.11735
1.261	0.11735
1.2613	0.11735
1.2616	0.11745
1.2619	0.11752
1.2622	0.11759
1.2625	0.11763
1.2628	0.11771
1.2631	0.11778
1.2634	0.11782
1.2637	0.11787
1.2641	0.11791
1.2644	0.11797
1.2647	0.11802
1.265	0.11810
1.2653	0.11817
1.2656	0.11818
1.2659	0.11821
1.2662	0.11825
1.2665	0.11837
1.2668	0.11843
1.2671	0.11844
1.2674	0.11853
1.2678	0.11859
1.2681	0.11862
1.2684	0.11865
1.2687	0.11865
1.269	0.11874
1.2693	0.11885
1.2696	0.11886
1.2699	0.11886
1.2702	0.11889
1.2706	0.11889
1.2709	0.11900
1.2712	0.11917
1.2715	0.11912
1.2718	0.11910
1.2721	0.11923
1.2724	0.11936
1.2727	0.11938
1.2731	0.11933
1.2734	0.11937
1.2737	0.11939
1.274	0.11945
1.2743	0.11952
1.2746	0.11958
1.2749	0.11964
1.2752	0.11973
1.2756	0.11981
1.2759	0.11987
1.2762	0.11992
1.2765	0.11979
1.2768	0.11977
1.2771	0.11996
1.2774	0.12003
1.2778	0.12008
1.2781	0.12009
1.2784	0.12011
1.2787	0.12026
1.279	0.12036
1.2793	0.12032
1.2797	0.12029
1.28	0.12033
1.2803	0.12039
1.2806	0.12042
1.2809	0.12049
1.2812	0.12054
1.2816	0.12055
1.2819	0.12055
1.2822	0.12064
1.2825	0.12075
1.2828	0.12073
1.2831	0.12075
1.2834	0.12084
1.2838	0.12090
1.2841	0.12099
1.2844	0.12107
1.2847	0.12108
1.285	0.12106
1.2854	0.12109
1.2857	0.12118
1.286	0.12125
1.2863	0.12134
1.2866	0.12137
1.2869	0.12140
1.2873	0.12144
1.2876	0.12148
1.2879	0.12156
1.2882	0.12162
1.2886	0.12165
1.2889	0.12164
1.2892	0.12166
1.2895	0.12177
1.2898	0.12190
1.2902	0.12195
1.2905	0.12194
1.2908	0.12202
1.2911	0.12213
1.2914	0.12221
1.2918	0.12221
1.2921	0.12219
1.2924	0.12222
1.2927	0.12225
1.2931	0.12229
1.2934	0.12240
1.2937	0.12249
1.294	0.12253
1.2943	0.12254
1.2947	0.12254
1.295	0.12251
1.2953	0.12261
1.2956	0.12273
1.296	0.12278
1.2963	0.12281
1.2966	0.12289
1.2969	0.12293
1.2973	0.12297
1.2976	0.12301
1.2979	0.12302
1.2982	0.12307
1.2986	0.12315
1.2989	0.12313
1.2992	0.12318
1.2995	0.12324
1.2999	0.12330
1.3002	0.12332
1.3005	0.12341
1.3008	0.12360
1.3012	0.12359
1.3015	0.12350
1.3018	0.12354
1.3021	0.12366
1.3025	0.12366
1.3028	0.12366
1.3031	0.12373
1.3034	0.12383
1.3038	0.12391
1.3041	0.12395
1.3044	0.12396
1.3048	0.12396
1.3051	0.12400
1.3054	0.12410
1.3058	0.12420
1.3061	0.12423
1.3064	0.12425
1.3067	0.12425
1.3071	0.12433
1.3074	0.12440
1.3077	0.12442
1.3081	0.12451
1.3084	0.12460
1.3087	0.12458
1.3091	0.12459
1.3094	0.12461
1.3097	0.12463
1.31	0.12471
1.3104	0.12476
1.3107	0.12484
1.311	0.12487
1.3114	0.12484
1.3117	0.12485
1.312	0.12491
1.3124	0.12494
1.3127	0.12503
1.313	0.12507
1.3134	0.12510
1.3137	0.12519
1.314	0.12522
1.3144	0.12525
1.3147	0.12535
1.315	0.12538
1.3154	0.12534
1.3157	0.12535
1.316	0.12542
1.3164	0.12545
1.3167	0.12546
1.317	0.12546
1.3174	0.12549
1.3177	0.12556
1.318	0.12566
1.3184	0.12569
1.3187	0.12573
1.319	0.12578
1.3194	0.12583
1.3197	0.12583
1.3201	0.12584
1.3204	0.12583
1.3207	0.12589
1.3211	0.12596
1.3214	0.12605
1.3217	0.12613
1.3221	0.12615
1.3224	0.12614
1.3227	0.12616
1.3231	0.12617
1.3234	0.12622
1.3238	0.12626
1.3241	0.12633
1.3244	0.12636
1.3248	0.12636
1.3251	0.12638
1.3254	0.12643
1.3258	0.12648
1.3261	0.12651
1.3265	0.12655
1.3268	0.12658
1.3271	0.12659
1.3275	0.12665
1.3278	0.12667
1.3282	0.12663
1.3285	0.12665
1.3288	0.12671
1.3292	0.12674
1.3295	0.12679
1.3299	0.12684
1.3302	0.12686
1.3306	0.12692
1.3309	0.12696
1.3312	0.12693
1.3316	0.12693
1.3319	0.12701
1.3323	0.12711
1.3326	0.12712
1.3329	0.12709
1.3333	0.12709
1.3336	0.12713
1.334	0.12715
1.3343	0.12714
1.3347	0.12723
1.335	0.12732
1.3353	0.12731
1.3357	0.12728
1.336	0.12724
1.3364	0.12726
1.3367	0.12725
1.3371	0.12734
1.3374	0.12748
1.3378	0.12757
1.3381	0.12760
1.3384	0.12759
1.3388	0.12755
1.3391	0.12758
1.3395	0.12763
1.3398	0.12760
1.3402	0.12757
1.3405	0.12765
1.3409	0.12765
1.3412	0.12768
1.3416	0.12766
1.3419	0.12763
1.3423	0.12769
1.3426	0.12776
1.3429	0.12783
1.3433	0.12787
1.3437	0.12786
1.344	0.12788
1.3443	0.12791
1.3447	0.12791
1.345	0.12796
1.3454	0.12799
1.3457	0.12803
1.3461	0.12802
1.3464	0.12798
1.3468	0.12805
1.3471	0.12812
1.3475	0.12815
1.3478	0.12821
1.3482	0.12820
1.3485	0.12819
1.3489	0.12820
1.3492	0.12822
1.3496	0.12830
1.3499	0.12836
1.3503	0.12836
1.3507	0.12832
1.351	0.12829
1.3513	0.12830
1.3517	0.12835
1.3521	0.12843
1.3524	0.12847
1.3528	0.12844
1.3531	0.12841
1.3535	0.12841
1.3538	0.12839
1.3542	0.12845
1.3545	0.12852
1.3549	0.12853
1.3552	0.12856
1.3556	0.12850
1.3559	0.12844
1.3563	0.12853
1.3567	0.12857
1.357	0.12853
1.3574	0.12847
1.3577	0.12847
1.3581	0.12850
1.3584	0.12851
1.3588	0.12856
1.3592	0.12859
1.3595	0.12855
1.3599	0.12860
1.3602	0.12872
1.3606	0.12872
1.3609	0.12868
1.3613	0.12866
1.3617	0.12863
1.362	0.12870
1.3624	0.12870
1.3627	0.12872
1.3631	0.12870
1.3634	0.12866
1.3638	0.12871
1.3642	0.12879
1.3645	0.12884
1.3649	0.12885
1.3652	0.12880
1.3656	0.12879
1.3659	0.12884
1.3663	0.12889
1.3667	0.12891
1.367	0.12892
1.3674	0.12896
1.3678	0.12901
1.3681	0.12900
1.3685	0.12898
1.3688	0.12902
1.3692	0.12906
1.3696	0.12905
1.3699	0.12899
1.3703	0.12898
1.3707	0.12890
1.371	0.12891
1.3714	0.12895
1.3717	0.12891
1.3721	0.12892
1.3725	0.12894
1.3728	0.12891
1.3732	0.12887
1.3736	0.12885
1.3739	0.12887
1.3743	0.12886
1.3746	0.12875
1.375	0.12868
1.3754	0.12862
1.3757	0.12857
1.3761	0.12862
1.3765	0.12863
1.3768	0.12856
1.3772	0.12852
1.3776	0.12848
1.3779	0.12839
1.3783	0.12822
1.3787	0.12799
1.379	0.12774
1.3794	0.12737
1.3798	0.12687
1.3801	0.12627
1.3805	0.12569
1.3809	0.12537
1.3812	0.12531
1.3816	0.12534
1.382	0.12534
1.3823	0.12531
1.3827	0.12532
1.3831	0.12541
1.3834	0.12543
1.3838	0.12534
1.3842	0.12517
1.3846	0.12502
1.3849	0.12484
1.3853	0.12462
1.3857	0.12429
1.386	0.12391
1.3864	0.12359
1.3868	0.12334
1.3872	0.12323
1.3875	0.12316
1.3879	0.12312
1.3883	0.12310
1.3886	0.12306
1.389	0.12296
1.3894	0.12287
1.3898	0.12268
1.3901	0.12242
1.3905	0.12200
1.3909	0.12127
1.3912	0.12028
1.3916	0.11905
1.392	0.11801
1.3924	0.11764
1.3927	0.11811
1.3931	0.11886
1.3935	0.11954
1.3939	0.12015
1.3942	0.12071
1.3946	0.12123
1.395	0.12168
1.3954	0.12201
1.3957	0.12234
1.3961	0.12256
1.3965	0.12260
1.3969	0.12251
1.3972	0.12222
1.3976	0.12189
1.398	0.12177
1.3984	0.12192
1.3988	0.12232
1.3991	0.12269
1.3995	0.12292
1.3999	0.12328
1.4003	0.12359
1.4006	0.12377
1.401	0.12396
1.4014	0.12416
1.4018	0.12431
1.4022	0.12448
1.4025	0.12461
1.4029	0.12467
1.4033	0.12472
1.4037	0.12478
1.4041	0.12482
1.4044	0.12486
1.4048	0.12484
1.4052	0.12496
1.4056	0.12512
1.406	0.12536
1.4063	0.12562
1.4067	0.12574
1.4071	0.12584
1.4075	0.12589
1.4079	0.12592
1.4083	0.12597
1.4086	0.12602
1.409	0.12607
1.4094	0.12615
1.4098	0.12621
1.4102	0.12628
1.4106	0.12638
1.4109	0.12646
1.4113	0.12654
1.4117	0.12664
1.4121	0.12673
1.4125	0.12683
1.4128	0.12691
1.4132	0.12686
1.4136	0.12691
1.414	0.12706
1.4144	0.12710
1.4148	0.12718
1.4152	0.12730
1.4156	0.12742
1.4159	0.12748
1.4163	0.12753
1.4167	0.12757
1.4171	0.12764
1.4175	0.12774
1.4179	0.12781
1.4183	0.12787
1.4187	0.12792
1.419	0.12790
1.4194	0.12794
1.4198	0.12799
1.4202	0.12802
1.4206	0.12810
1.421	0.12820
1.4214	0.12823
1.4218	0.12823
1.4222	0.12821
1.4225	0.12824
1.4229	0.12831
1.4233	0.12841
1.4237	0.12841
1.4241	0.12831
1.4245	0.12835
1.4249	0.12843
1.4253	0.12848
1.4257	0.12850
1.4261	0.12853
1.4265	0.12852
1.4268	0.12857
1.4272	0.12861
1.4276	0.12862
1.428	0.12866
1.4284	0.12865
1.4288	0.12865
1.4292	0.12863
1.4296	0.12866
1.43	0.12876
1.4304	0.12881
1.4308	0.12887
1.4312	0.12887
1.4316	0.12881
1.432	0.12884
1.4324	0.12889
1.4328	0.12892
1.4332	0.12894
1.4336	0.12896
1.4339	0.12897
1.4343	0.12898
1.4348	0.12899
1.4351	0.12896
1.4355	0.12895
1.4359	0.12900
1.4363	0.12902
1.4367	0.12903
1.4371	0.12906
1.4375	0.12908
1.4379	0.12898
1.4383	0.12895
1.4387	0.12904
1.4391	0.12912
1.4395	0.12911
1.4399	0.12909
1.4403	0.12910
1.4407	0.12914
1.4411	0.12913
1.4415	0.12908
1.4419	0.12907
1.4423	0.12906
1.4427	0.12903
1.4431	0.12905
1.4435	0.12907
1.4439	0.12906
1.4443	0.12908
1.4447	0.12913
1.4451	0.12916
1.4456	0.12915
1.4459	0.12911
1.4463	0.12911
1.4468	0.12914
1.4472	0.12914
1.4476	0.12908
1.448	0.12909
1.4484	0.12913
1.4488	0.12914
1.4492	0.12914
1.4496	0.12914
1.45	0.12912
1.4504	0.12909
1.4508	0.12906
1.4512	0.12900
1.4516	0.12897
1.452	0.12902
1.4524	0.12905
1.4528	0.12900
1.4532	0.12899
1.4537	0.12905
1.4541	0.12904
1.4545	0.12902
1.4549	0.12901
1.4553	0.12898
1.4557	0.12897
1.4561	0.12897
1.4565	0.12897
1.4569	0.12893
1.4573	0.12893
1.4577	0.12890
1.4582	0.12890
1.4586	0.12892
1.459	0.12888
1.4594	0.12876
1.4598	0.12876
1.4602	0.12883
1.4606	0.12881
1.461	0.12875
1.4614	0.12874
1.4618	0.12878
1.4623	0.12877
1.4627	0.12874
1.4631	0.12873
1.4635	0.12867
1.4639	0.12864
1.4643	0.12865
1.4647	0.12865
1.4652	0.12864
1.4656	0.12859
1.466	0.12856
1.4664	0.12853
1.4668	0.12844
1.4672	0.12845
1.4676	0.12849
1.4681	0.12846
1.4685	0.12842
1.4689	0.12839
1.4693	0.12837
1.4697	0.12839
1.4701	0.12833
1.4706	0.12829
1.471	0.12828
1.4714	0.12823
1.4718	0.12818
1.4722	0.12814
1.4726	0.12804
1.4731	0.12800
1.4735	0.12802
1.4739	0.12797
1.4743	0.12793
1.4747	0.12792
1.4752	0.12790
1.4756	0.12786
1.476	0.12780
1.4764	0.12779
1.4768	0.12775
1.4773	0.12771
1.4777	0.12770
1.4781	0.12770
1.4785	0.12768
1.4789	0.12765
1.4794	0.12762
1.4798	0.12761
1.4802	0.12758
1.4806	0.12759
1.4811	0.12758
1.4815	0.12755
1.4819	0.12756
1.4823	0.12755
1.4828	0.12753
1.4832	0.12754
1.4836	0.12755
1.484	0.12755
1.4844	0.12753
1.4849	0.12751
1.4853	0.12750
1.4857	0.12748
1.4862	0.12747
1.4866	0.12744
1.487	0.12742
1.4874	0.12736
1.4879	0.12729
1.4883	0.12729
1.4887	0.12729
1.4891	0.12728
1.4896	0.12722
1.49	0.12725
1.4904	0.12729
1.4908	0.12731
1.4913	0.12721
1.4917	0.12715
1.4921	0.12717
1.4926	0.12717
1.493	0.12715
1.4934	0.12717
1.4939	0.12719
1.4943	0.12713
1.4947	0.12705
1.4952	0.12703
1.4956	0.12703
1.496	0.12699
1.4964	0.12696
1.4969	0.12696
1.4973	0.12702
1.4977	0.12700
1.4982	0.12692
1.4986	0.12688
1.499	0.12689
1.4995	0.12688
1.4999	0.12686
1.5003	0.12689
1.5008	0.12688
1.5012	0.12681
1.5017	0.12675
1.5021	0.12675
1.5025	0.12676
1.5029	0.12672
1.5034	0.12662
1.5038	0.12655
1.5043	0.12659
1.5047	0.12654
1.5051	0.12650
1.5056	0.12648
1.506	0.12645
1.5064	0.12647
1.5069	0.12647
1.5073	0.12641
1.5078	0.12635
1.5082	0.12633
1.5086	0.12635
1.5091	0.12632
1.5095	0.12629
1.51	0.12623
1.5104	0.12617
1.5108	0.12618
1.5113	0.12612
1.5117	0.12606
1.5122	0.12604
1.5126	0.12604
1.513	0.12605
1.5135	0.12604
1.5139	0.12597
1.5144	0.12590
1.5148	0.12584
1.5153	0.12583
1.5157	0.12586
1.5161	0.12582
1.5166	0.12570
1.517	0.12562
1.5175	0.12560
1.5179	0.12566
1.5184	0.12564
1.5188	0.12554
1.5193	0.12550
1.5197	0.12546
1.5201	0.12540
1.5206	0.12534
1.521	0.12529
1.5215	0.12529
1.5219	0.12527
1.5224	0.12522
1.5228	0.12521
1.5233	0.12519
1.5237	0.12510
1.5242	0.12505
1.5246	0.12505
1.5251	0.12503
1.5255	0.12494
1.5259	0.12487
1.5264	0.12484
1.5268	0.12480
1.5273	0.12481
1.5278	0.12481
1.5282	0.12475
1.5287	0.12467
1.5291	0.12459
1.5296	0.12456
1.53	0.12453
1.5305	0.12449
1.5309	0.12448
1.5314	0.12447
1.5318	0.12439
1.5323	0.12433
1.5327	0.12439
1.5332	0.12436
1.5336	0.12429
1.5341	0.12424
1.5345	0.12418
1.535	0.12412
1.5354	0.12410
1.5359	0.12407
1.5363	0.12406
1.5368	0.12401
1.5373	0.12395
1.5377	0.12393
1.5382	0.12389
1.5386	0.12386
1.5391	0.12384
1.5396	0.12379
1.54	0.12381
1.5405	0.12380
1.5409	0.12371
1.5414	0.12361
1.5418	0.12360
1.5423	0.12359
1.5428	0.12353
1.5432	0.12345
1.5437	0.12345
1.5441	0.12349
1.5446	0.12343
1.5451	0.12339
1.5455	0.12338
1.546	0.12332
1.5464	0.12327
1.5469	0.12325
1.5474	0.12321
1.5478	0.12317
1.5483	0.12314
1.5488	0.12311
1.5492	0.12305
1.5497	0.12301
1.5501	0.12302
1.5506	0.12304
1.5511	0.12300
1.5515	0.12293
1.552	0.12283
1.5524	0.12275
1.5529	0.12274
1.5534	0.12271
1.5538	0.12270
1.5543	0.12271
1.5548	0.12268
1.5553	0.12261
1.5557	0.12255
1.5562	0.12249
1.5567	0.12245
1.5571	0.12248
1.5576	0.12245
1.5581	0.12240
1.5585	0.12234
1.559	0.12230
1.5595	0.12225
1.5599	0.12218
1.5604	0.12215
1.5609	0.12214
1.5613	0.12213
1.5618	0.12213
1.5623	0.12211
1.5628	0.12202
1.5632	0.12194
1.5637	0.12191
1.5642	0.12189
1.5646	0.12186
1.5651	0.12181
1.5656	0.12178
1.5661	0.12177
1.5665	0.12168
1.567	0.12161
1.5675	0.12160
1.5679	0.12157
1.5684	0.12152
1.5689	0.12149
1.5694	0.12147
1.5698	0.12141
1.5703	0.12138
1.5708	0.12135
1.5713	0.12131
1.5718	0.12125
1.5722	0.12120
1.5727	0.12115
1.5732	0.12111
1.5737	0.12108
1.5741	0.12100
1.5746	0.12096
1.5751	0.12096
1.5756	0.12093
1.5761	0.12091
1.5765	0.12086
1.577	0.12079
1.5775	0.12073
1.578	0.12069
1.5784	0.12064
1.5789	0.12061
1.5794	0.12055
1.5799	0.12048
1.5804	0.12046
1.5809	0.12041
1.5813	0.12036
1.5818	0.12032
1.5823	0.12033
1.5828	0.12029
1.5833	0.12021
1.5838	0.12014
1.5842	0.12009
1.5847	0.12006
1.5852	0.12001
1.5857	0.11996
1.5862	0.11990
1.5867	0.11988
1.5872	0.11987
1.5876	0.11980
1.5881	0.11976
1.5886	0.11971
1.5891	0.11969
1.5896	0.11964
1.5901	0.11955
1.5906	0.11952
1.591	0.11948
1.5915	0.11940
1.592	0.11934
1.5925	0.11929
1.593	0.11925
1.5935	0.11921
1.594	0.11916
1.5945	0.11910
1.595	0.11909
1.5954	0.11905
1.5959	0.11895
1.5964	0.11891
1.5969	0.11888
1.5974	0.11888
1.5979	0.11888
1.5984	0.11883
1.5989	0.11877
1.5994	0.11875
1.5999	0.11871
1.6004	0.11861
1.6009	0.11854
1.6014	0.11847
1.6019	0.11839
1.6023	0.11835
1.6028	0.11831
1.6033	0.11831
1.6038	0.11827
1.6043	0.11821
1.6048	0.11821
1.6053	0.11818
1.6058	0.11816
1.6063	0.11812
1.6068	0.11809
1.6073	0.11807
1.6078	0.11802
1.6083	0.11796
1.6088	0.11792
1.6093	0.11785
1.6098	0.11779
1.6103	0.11779
1.6108	0.11775
1.6113	0.11765
1.6118	0.11762
1.6123	0.11758
1.6128	0.11750
1.6133	0.11746
1.6138	0.11742
1.6143	0.11736
1.6148	0.11732
1.6153	0.11727
1.6158	0.11721
1.6163	0.11718
1.6168	0.11715
1.6173	0.11706
1.6178	0.11701
1.6184	0.11700
1.6189	0.11697
1.6194	0.11688
1.6199	0.11682
1.6204	0.11679
1.6209	0.11674
1.6214	0.11668
1.6219	0.11659
1.6224	0.11653
1.6229	0.11651
1.6234	0.11647
1.6239	0.11644
1.6244	0.11637
1.6249	0.11630
1.6255	0.11623
1.626	0.11619
1.6265	0.11616
1.627	0.11614
1.6275	0.11610
1.628	0.11605
1.6285	0.11598
1.629	0.11591
1.6296	0.11587
1.6301	0.11585
1.6306	0.11575
1.6311	0.11566
1.6316	0.11567
1.6321	0.11562
1.6326	0.11555
1.6331	0.11552
1.6337	0.11548
1.6342	0.11544
1.6347	0.11539
1.6352	0.11533
1.6357	0.11529
1.6362	0.11521
1.6368	0.11515
1.6373	0.11510
1.6378	0.11507
1.6383	0.11506
1.6388	0.11497
1.6393	0.11487
1.6398	0.11486
1.6404	0.11484
1.6409	0.11477
1.6414	0.11472
1.6419	0.11472
1.6424	0.11466
1.643	0.11458
1.6435	0.11456
1.644	0.11456
1.6445	0.11451
1.6451	0.11442
1.6456	0.11433
1.6461	0.11429
1.6466	0.11425
1.6472	0.11420
1.6477	0.11417
1.6482	0.11412
1.6487	0.11403
1.6492	0.11399
1.6498	0.11398
1.6503	0.11392
1.6508	0.11386
1.6513	0.11384
1.6519	0.11379
1.6524	0.11369
1.6529	0.11361
1.6534	0.11359
1.654	0.11356
1.6545	0.11349
1.655	0.11340
1.6556	0.11334
1.6561	0.11329
1.6566	0.11328
1.6572	0.11325
1.6577	0.11315
1.6582	0.11307
1.6587	0.11304
1.6593	0.11301
1.6598	0.11294
1.6603	0.11289
1.6609	0.11286
1.6614	0.11281
1.6619	0.11280
1.6625	0.11277
1.663	0.11270
1.6635	0.11260
1.6641	0.11250
1.6646	0.11245
1.6651	0.11241
1.6657	0.11235
1.6662	0.11231
1.6667	0.11229
1.6673	0.11224
1.6678	0.11218
1.6683	0.11213
1.6689	0.11214
1.6694	0.11210
1.67	0.11201
1.6705	0.11198
1.671	0.11195
1.6716	0.11189
1.6721	0.11181
1.6727	0.11179
1.6732	0.11177
1.6737	0.11172
1.6743	0.11164
1.6748	0.11156
1.6754	0.11152
1.6759	0.11148
1.6764	0.11145
1.677	0.11144
1.6775	0.11138
1.6781	0.11132
1.6786	0.11131
1.6792	0.11129
1.6797	0.11123
1.6802	0.11123
1.6808	0.11120
1.6813	0.11113
1.6819	0.11106
1.6824	0.11102
1.683	0.11094
1.6835	0.11087
1.6841	0.11086
1.6846	0.11080
1.6852	0.11076
1.6857	0.11070
1.6863	0.11065
1.6868	0.11062
1.6873	0.11059
1.6879	0.11057
1.6884	0.11050
1.689	0.11043
1.6896	0.11042
1.6901	0.11039
1.6907	0.11033
1.6912	0.11031
1.6918	0.11026
1.6923	0.11021
1.6929	0.11020
1.6934	0.11017
1.694	0.11008
1.6945	0.11002
1.6951	0.10997
1.6956	0.10999
1.6962	0.10994
1.6967	0.10982
1.6973	0.10979
1.6978	0.10977
1.6984	0.10971
1.699	0.10968
1.6995	0.10965
1.7001	0.10961
1.7006	0.10959
1.7012	0.10958
1.7018	0.10951
1.7023	0.10940
1.7029	0.10931
1.7034	0.10928
1.704	0.10926
1.7046	0.10923
1.7051	0.10919
1.7057	0.10910
1.7062	0.10902
1.7068	0.10898
1.7074	0.10897
1.7079	0.10893
1.7085	0.10885
1.709	0.10884
1.7096	0.10882
1.7102	0.10872
1.7107	0.10864
1.7113	0.10860
1.7119	0.10858
1.7124	0.10857
1.713	0.10853
1.7136	0.10847
1.7141	0.10840
1.7147	0.10834
1.7153	0.10833
1.7158	0.10828
1.7164	0.10819
1.717	0.10814
1.7175	0.10807
1.7181	0.10803
1.7187	0.10799
1.7192	0.10794
1.7198	0.10789
1.7204	0.10783
1.721	0.10778
1.7215	0.10772
1.7221	0.10766
1.7227	0.10758
1.7232	0.10752
1.7238	0.10745
1.7244	0.10739
1.725	0.10733
1.7255	0.10728
1.7261	0.10722
1.7267	0.10717
1.7273	0.10712
1.7278	0.10709
1.7284	0.10707
1.729	0.10700
1.7296	0.10695
1.7301	0.10691
1.7307	0.10684
1.7313	0.10676
1.7319	0.10665
1.7325	0.10660
1.733	0.10654
1.7336	0.10643
1.7342	0.10640
1.7348	0.10639
1.7354	0.10637
1.7359	0.10629
1.7365	0.10622
1.7371	0.10617
1.7377	0.10612
1.7383	0.10608
1.7388	0.10599
1.7394	0.10592
1.74	0.10591
1.7406	0.10586
1.7412	0.10582
1.7418	0.10579
1.7423	0.10576
1.7429	0.10568
1.7435	0.10557
1.7441	0.10551
1.7447	0.10547
1.7453	0.10544
1.7459	0.10541
1.7465	0.10537
1.7471	0.10527
1.7476	0.10517
1.7482	0.10514
1.7488	0.10509
1.7494	0.10504
1.75	0.10497
1.7506	0.10491
1.7512	0.10485
1.7518	0.10480
1.7524	0.10476
1.753	0.10472
1.7536	0.10464
1.7541	0.10459
1.7547	0.10454
1.7553	0.10444
1.7559	0.10438
1.7565	0.10439
1.7571	0.10433
1.7577	0.10424
1.7583	0.10417
1.7589	0.10412
1.7595	0.10407
1.7601	0.10401
1.7607	0.10393
1.7613	0.10391
1.7619	0.10388
1.7625	0.10381
1.7631	0.10374
1.7637	0.10367
1.7643	0.10362
1.7649	0.10358
1.7655	0.10354
1.7661	0.10348
1.7667	0.10340
1.7673	0.10336
1.7679	0.10328
1.7685	0.10319
1.7691	0.10316
1.7697	0.10316
1.7703	0.10309
1.7709	0.10301
1.7715	0.10296
1.7721	0.10287
1.7727	0.10282
1.7733	0.10280
1.7739	0.10273
1.7746	0.10265
1.7752	0.10258
1.7758	0.10253
1.7764	0.10248
1.777	0.10244
1.7776	0.10236
1.7782	0.10228
1.7788	0.10225
1.7794	0.10220
1.78	0.10212
1.7807	0.10206
1.7813	0.10200
1.7819	0.10193
1.7825	0.10185
1.7831	0.10179
1.7837	0.10177
1.7843	0.10169
1.7849	0.10161
1.7856	0.10155
1.7862	0.10150
1.7868	0.10144
1.7874	0.10139
1.788	0.10130
1.7886	0.10121
1.7893	0.10113
1.7899	0.10107
1.7905	0.10099
1.7911	0.10096
1.7917	0.10094
1.7923	0.10091
1.793	0.10085
1.7936	0.10081
1.7942	0.10072
1.7948	0.10061
1.7954	0.10055
1.7961	0.10049
1.7967	0.10043
1.7973	0.10042
1.7979	0.10041
1.7986	0.10031
1.7992	0.10022
1.7998	0.10016
1.8004	0.10014
1.8011	0.10008
1.8017	0.09999
1.8023	0.09994
1.8029	0.09991
1.8036	0.09988
1.8042	0.09985
1.8048	0.09981
1.8054	0.09972
1.8061	0.09964
1.8067	0.09960
1.8073	0.09951
1.808	0.09940
1.8086	0.09933
1.8092	0.09925
1.8099	0.09924
1.8105	0.09922
1.8111	0.09918
1.8118	0.09911
1.8124	0.09906
1.813	0.09900
1.8137	0.09891
1.8143	0.09882
1.8149	0.09878
1.8156	0.09875
1.8162	0.09871
1.8168	0.09864
1.8175	0.09859
1.8181	0.09856
1.8188	0.09849
1.8194	0.09843
1.82	0.09834
1.8207	0.09827
1.8213	0.09822
1.8219	0.09814
1.8226	0.09815
1.8232	0.09812
1.8239	0.09804
1.8245	0.09796
1.8252	0.09788
1.8258	0.09781
1.8264	0.09780
1.8271	0.09781
1.8277	0.09770
1.8284	0.09759
1.829	0.09755
1.8297	0.09746
1.8303	0.09737
1.831	0.09732
1.8316	0.09731
1.8323	0.09726
1.8329	0.09721
1.8336	0.09717
1.8342	0.09708
1.8348	0.09699
1.8355	0.09694
1.8361	0.09684
1.8368	0.09683
1.8374	0.09675
1.8381	0.09668
1.8388	0.09667
1.8394	0.09655
1.8401	0.09649
1.8407	0.09649
1.8414	0.09640
1.842	0.09632
1.8427	0.09629
1.8433	0.09622
1.844	0.09614
1.8446	0.09610
1.8453	0.09605
1.8459	0.09597
1.8466	0.09583
1.8473	0.09575
1.8479	0.09578
1.8486	0.09574
1.8492	0.09568
1.8499	0.09559
1.8506	0.09554
1.8512	0.09551
1.8519	0.09544
1.8526	0.09531
1.8532	0.09525
1.8539	0.09519
1.8545	0.09522
1.8552	0.09518
1.8559	0.09505
1.8565	0.09494
1.8572	0.09495
1.8579	0.09492
1.8585	0.09486
1.8592	0.09470
1.8599	0.09461
1.8605	0.09465
1.8612	0.09464
1.8619	0.09458
1.8625	0.09449
1.8632	0.09442
1.8639	0.09436
1.8645	0.09431
1.8652	0.09424
1.8659	0.09417
1.8666	0.09410
1.8672	0.09398
1.8679	0.09388
1.8686	0.09389
1.8692	0.09381
1.8699	0.09373
1.8706	0.09362
1.8713	0.09357
1.8719	0.09354
1.8726	0.09335
1.8733	0.09330
1.874	0.09333
1.8747	0.09323
1.8753	0.09307
1.876	0.09300
1.8767	0.09293
1.8774	0.09285
1.878	0.09276
1.8787	0.09268
1.8794	0.09263
1.8801	0.09252
1.8808	0.09239
1.8814	0.09228
1.8821	0.09221
1.8828	0.09216
1.8835	0.09206
1.8842	0.09196
1.8849	0.09192
1.8856	0.09179
1.8862	0.09167
1.8869	0.09156
1.8876	0.09149
1.8883	0.09138
1.889	0.09124
1.8897	0.09109
1.8904	0.09102
1.8911	0.09098
1.8918	0.09083
1.8924	0.09069
1.8931	0.09057
1.8938	0.09043
1.8945	0.09034
1.8952	0.09025
1.8959	0.09013
1.8966	0.09000
1.8973	0.08989
1.898	0.08978
1.8987	0.08964
1.8994	0.08950
1.9001	0.08943
1.9008	0.08938
1.9015	0.08929
1.9022	0.08914
1.9029	0.08901
1.9036	0.08897
1.9043	0.08886
1.905	0.08869
1.9057	0.08863
1.9064	0.08862
1.9071	0.08855
1.9078	0.08851
1.9085	0.08841
1.9092	0.08834
1.9099	0.08826
1.9106	0.08817
1.9113	0.08810
1.912	0.08806
1.9127	0.08804
1.9134	0.08798
1.9141	0.08797
1.9148	0.08794
1.9155	0.08786
1.9162	0.08779
1.9169	0.08772
1.9176	0.08768
1.9183	0.08766
1.9191	0.08760
1.9198	0.08749
1.9205	0.08744
1.9212	0.08745
1.9219	0.08742
1.9226	0.08739
1.9233	0.08735
1.924	0.08728
1.9248	0.08725
1.9255	0.08719
1.9262	0.08716
1.9269	0.08714
1.9276	0.08712
1.9283	0.08706
1.9291	0.08699
1.9298	0.08694
1.9305	0.08692
1.9312	0.08688
1.9319	0.08683
1.9327	0.08683
1.9334	0.08680
1.9341	0.08677
1.9348	0.08673
1.9355	0.08666
1.9363	0.08660
1.937	0.08660
1.9377	0.08660
1.9384	0.08650
1.9392	0.08638
1.9399	0.08633
1.9406	0.08632
1.9413	0.08629
1.9421	0.08625
1.9428	0.08621
1.9435	0.08616
1.9442	0.08609
1.945	0.08600
1.9457	0.08594
1.9464	0.08590
1.9472	0.08587
1.9479	0.08584
1.9486	0.08583
1.9494	0.08578
1.9501	0.08569
1.9508	0.08566
1.9516	0.08559
1.9523	0.08554
1.953	0.08550
1.9538	0.08543
1.9545	0.08534
1.9552	0.08531
1.956	0.08527
1.9567	0.08523
1.9575	0.08519
1.9582	0.08509
1.9589	0.08502
1.9597	0.08500
1.9604	0.08496
1.9612	0.08492
1.9619	0.08483
1.9626	0.08479
1.9634	0.08472
1.9641	0.08464
1.9649	0.08460
1.9656	0.08457
1.9664	0.08452
1.9671	0.08445
1.9679	0.08440
1.9686	0.08438
1.9693	0.08431
1.9701	0.08424
1.9708	0.08417
1.9716	0.08408
1.9723	0.08402
1.9731	0.08398
1.9738	0.08390
1.9746	0.08385
1.9753	0.08384
1.9761	0.08378
1.9769	0.08369
1.9776	0.08361
1.9784	0.08355
1.9791	0.08354
1.9799	0.08348
1.9806	0.08343
1.9814	0.08339
1.9822	0.08332
1.9829	0.08325
1.9837	0.08320
1.9844	0.08315
1.9852	0.08310
1.9859	0.08303
1.9867	0.08299
1.9875	0.08297
1.9882	0.08290
1.989	0.08278
1.9898	0.08273
1.9905	0.08271
1.9913	0.08267
1.9921	0.08263
1.9928	0.08256
1.9936	0.08251
1.9943	0.08248
1.9951	0.08243
1.9959	0.08240
1.9967	0.08238
1.9974	0.08234
1.9982	0.08224
1.999	0.08218
1.9997	0.08220
2.0005	0.08217
2.0013	0.08207
2.0021	0.08202
2.0028	0.08199
2.0036	0.08197
2.0044	0.08194
2.0052	0.08188
2.0059	0.08181
2.0067	0.08178
2.0075	0.08176
2.0083	0.08172
2.009	0.08165
2.0098	0.08157
2.0106	0.08152
2.0114	0.08148
2.0122	0.08150
2.0129	0.08148
2.0137	0.08143
2.0145	0.08137
2.0153	0.08131
2.0161	0.08127
2.0168	0.08119
2.0176	0.08114
2.0184	0.08113
2.0192	0.08109
2.02	0.08107
2.0208	0.08104
2.0216	0.08098
2.0223	0.08090
2.0231	0.08087
2.0239	0.08083
2.0247	0.08071
2.0255	0.08066
2.0263	0.08063
2.0271	0.08058
2.0279	0.08051
2.0287	0.08047
2.0295	0.08041
2.0303	0.08039
2.0311	0.08033
2.0319	0.08027
2.0327	0.08021
2.0335	0.08014
2.0343	0.08008
2.0351	0.08001
2.0358	0.07999
2.0367	0.07998
2.0374	0.07990
2.0383	0.07985
2.0391	0.07980
2.0399	0.07971
2.0407	0.07965
2.0415	0.07961
2.0423	0.07955
2.0431	0.07951
2.0439	0.07945
2.0447	0.07939
2.0455	0.07934
2.0463	0.07931
2.0471	0.07929
2.0479	0.07926
2.0487	0.07921
2.0495	0.07916
2.0504	0.07910
2.0512	0.07906
2.052	0.07901
2.0528	0.07899
2.0536	0.07896
2.0544	0.07892
2.0552	0.07886
2.056	0.07881
2.0569	0.07878
2.0577	0.07880
2.0585	0.07873
2.0593	0.07866
2.0601	0.07864
2.0609	0.07865
2.0618	0.07862
2.0626	0.07854
2.0634	0.07849
2.0642	0.07844
2.065	0.07842
2.0659	0.07843
2.0667	0.07837
2.0675	0.07828
2.0683	0.07824
2.0692	0.07827
2.07	0.07823
2.0708	0.07815
2.0716	0.07810
2.0725	0.07802
2.0733	0.07798
2.0741	0.07796
2.075	0.07791
2.0758	0.07785
2.0766	0.07778
2.0775	0.07774
2.0783	0.07768
2.0791	0.07765
2.08	0.07763
2.0808	0.07760
2.0816	0.07755
2.0825	0.07752
2.0833	0.07745
2.0841	0.07739
2.085	0.07736
2.0858	0.07733
2.0866	0.07732
2.0875	0.07731
2.0883	0.07727
2.0892	0.07724
2.09	0.07720
2.0909	0.07717
2.0917	0.07710
2.0926	0.07703
2.0934	0.07702
2.0942	0.07701
2.0951	0.07697
2.0959	0.07695
2.0968	0.07695
2.0976	0.07694
2.0985	0.07690
2.0993	0.07686
2.1002	0.07683
2.101	0.07684
2.1019	0.07681
2.1027	0.07678
2.1036	0.07673
2.1044	0.07670
2.1053	0.07675
2.1061	0.07674
2.107	0.07668
2.1079	0.07660
2.1087	0.07655
2.1096	0.07651
2.1104	0.07650
2.1113	0.07648
2.1121	0.07646
2.113	0.07646
2.1139	0.07645
2.1147	0.07643
2.1156	0.07639
2.1165	0.07636
2.1173	0.07636
2.1182	0.07633
2.1191	0.07629
2.1199	0.07628
2.1208	0.07627
2.1217	0.07628
2.1225	0.07625
2.1234	0.07622
2.1243	0.07618
2.1251	0.07617
2.126	0.07616
2.1269	0.07613
2.1278	0.07611
2.1286	0.07607
2.1295	0.07604
2.1304	0.07604
2.1313	0.07600
2.1321	0.07595
2.133	0.07592
2.1339	0.07592
2.1348	0.07590
2.1356	0.07591
2.1365	0.07592
2.1374	0.07587
2.1383	0.07585
2.1392	0.07588
2.1401	0.07589
2.1409	0.07587
2.1418	0.07581
2.1427	0.07583
2.1436	0.07586
2.1445	0.07585
2.1454	0.07584
2.1463	0.07588
2.1471	0.07590
2.148	0.07586
2.1489	0.07579
2.1498	0.07580
2.1507	0.07581
2.1516	0.07578
2.1525	0.07577
2.1534	0.07577
2.1543	0.07577
2.1552	0.07573
2.1561	0.07571
2.157	0.07570
2.1579	0.07567
2.1588	0.07563
2.1597	0.07563
2.1606	0.07564
2.1615	0.07562
2.1624	0.07558
2.1633	0.07551
2.1642	0.07549
2.1651	0.07549
2.166	0.07547
2.1669	0.07541
2.1678	0.07537
2.1687	0.07536
2.1696	0.07536
2.1705	0.07530
2.1714	0.07522
2.1723	0.07524
2.1732	0.07521
2.1741	0.07514
2.1751	0.07512
2.176	0.07504
2.1769	0.07497
2.1778	0.07493
2.1787	0.07488
2.1796	0.07485
2.1806	0.07482
2.1815	0.07477
2.1824	0.07473
2.1833	0.07471
2.1842	0.07464
2.1851	0.07457
2.1861	0.07452
2.187	0.07445
2.1879	0.07439
2.1888	0.07435
2.1898	0.07430
2.1907	0.07422
2.1916	0.07420
2.1925	0.07418
2.1935	0.07412
2.1944	0.07402
2.1953	0.07396
2.1963	0.07394
2.1972	0.07387
2.1981	0.07376
2.1991	0.07372
2.2	0.07371
2.2009	0.07367
2.2019	0.07359
2.2028	0.07352
2.2037	0.07348
2.2047	0.07343
2.2056	0.07342
2.2065	0.07341
2.2075	0.07338
2.2084	0.07335
2.2094	0.07331
2.2103	0.07330
2.2112	0.07330
2.2122	0.07327
2.2131	0.07320
2.2141	0.07315
2.215	0.07313
2.216	0.07312
2.2169	0.07308
2.2179	0.07305
2.2188	0.07303
2.2198	0.07296
2.2207	0.07291
2.2217	0.07286
2.2226	0.07283
2.2236	0.07281
2.2245	0.07275
2.2255	0.07269
2.2264	0.07266
2.2274	0.07260
2.2284	0.07249
2.2293	0.07240
2.2303	0.07234
2.2312	0.07229
2.2322	0.07226
2.2331	0.07219
2.2341	0.07212
2.2351	0.07205
2.236	0.07200
2.237	0.07197
2.238	0.07189
2.2389	0.07183
2.2399	0.07179
2.2409	0.07177
2.2418	0.07174
2.2428	0.07169
2.2438	0.07162
2.2448	0.07163
2.2457	0.07163
2.2467	0.07156
2.2477	0.07153
2.2486	0.07151
2.2496	0.07148
2.2506	0.07151
2.2516	0.07153
2.2526	0.07154
2.2535	0.07161
2.2545	0.07160
2.2555	0.07151
2.2565	0.07150
2.2575	0.07153
2.2584	0.07151
2.2594	0.07148
2.2604	0.07149
2.2614	0.07148
2.2624	0.07143
2.2634	0.07140
2.2644	0.07136
2.2654	0.07130
2.2663	0.07127
2.2673	0.07122
2.2683	0.07118
2.2693	0.07113
2.2703	0.07106
2.2713	0.07101
2.2723	0.07093
2.2733	0.07085
2.2743	0.07080
2.2753	0.07075
2.2763	0.07070
2.2773	0.07066
2.2783	0.07057
2.2793	0.07047
2.2803	0.07042
2.2813	0.07034
2.2823	0.07023
2.2833	0.07017
2.2843	0.07013
2.2853	0.07002
2.2863	0.06993
2.2873	0.06982
2.2883	0.06970
2.2894	0.06962
2.2904	0.06952
2.2914	0.06936
2.2924	0.06924
2.2934	0.06917
2.2944	0.06912
2.2954	0.06905
2.2964	0.06899
2.2975	0.06894
2.2985	0.06887
2.2995	0.06884
2.3005	0.06882
2.3016	0.06881
2.3026	0.06880
2.3036	0.06879
2.3046	0.06878
2.3056	0.06871
2.3067	0.06861
2.3077	0.06846
2.3087	0.06831
2.3098	0.06819
2.3108	0.06803
2.3118	0.06785
2.3128	0.06775
2.3139	0.06762
2.3149	0.06751
2.3159	0.06746
2.317	0.06745
2.318	0.06745
2.3191	0.06743
2.3201	0.06739
2.3211	0.06734
2.3222	0.06731
2.3232	0.06732
2.3243	0.06737
2.3253	0.06743
2.3263	0.06750
2.3274	0.06761
2.3284	0.06771
2.3295	0.06781
2.3305	0.06790
2.3316	0.06800
2.3326	0.06807
2.3337	0.06811
2.3347	0.06819
2.3358	0.06830
2.3368	0.06844
2.3379	0.06859
2.3389	0.06870
2.34	0.06882
2.341	0.06902
2.3421	0.06922
2.3431	0.06936
2.3442	0.06951
2.3453	0.06965
2.3463	0.06975
2.3474	0.06988
2.3485	0.07001
2.3495	0.07012
2.3506	0.07024
2.3517	0.07033
2.3527	0.07044
2.3538	0.07050
2.3549	0.07058
2.3559	0.07068
2.357	0.07075
2.3581	0.07084
2.3591	0.07097
2.3602	0.07104
2.3613	0.07113
2.3624	0.07122
2.3634	0.07132
2.3645	0.07141
2.3656	0.07153
2.3667	0.07166
2.3678	0.07170
2.3689	0.07173
2.3699	0.07185
2.371	0.07194
2.3721	0.07196
2.3732	0.07200
2.3743	0.07206
2.3754	0.07208
2.3764	0.07208
2.3775	0.07206
2.3786	0.07204
2.3797	0.07198
2.3808	0.07196
2.3819	0.07195
2.383	0.07191
2.3841	0.07189
2.3852	0.07190
2.3863	0.07190
2.3874	0.07196
2.3885	0.07203
2.3896	0.07210
2.3907	0.07218
2.3918	0.07226
2.3929	0.07237
2.394	0.07253
2.3951	0.07268
2.3962	0.07280
2.3973	0.07293
2.3984	0.07312
2.3995	0.07329
2.4006	0.07346
2.4018	0.07358
2.4029	0.07374
2.404	0.07388
2.4051	0.07401
2.4062	0.07413
2.4073	0.07427
2.4085	0.07439
2.4096	0.07451
2.4107	0.07460
2.4118	0.07469
2.4129	0.07478
2.4141	0.07484
2.4152	0.07492
2.4163	0.07500
2.4174	0.07508
2.4186	0.07516
2.4197	0.07523
2.4208	0.07527
2.422	0.07530
2.4231	0.07535
2.4242	0.07543
2.4254	0.07553
2.4265	0.07560
2.4276	0.07566
2.4288	0.07576
2.4299	0.07582
2.4311	0.07582
2.4322	0.07587
2.4333	0.07593
2.4345	0.07600
2.4356	0.07608
2.4368	0.07613
2.4379	0.07616
2.4391	0.07625
2.4402	0.07635
2.4414	0.07643
2.4425	0.07653
2.4436	0.07665
2.4448	0.07670
2.4459	0.07676
2.4471	0.07687
2.4483	0.07696
2.4494	0.07698
2.4506	0.07701
2.4517	0.07714
2.4529	0.07724
2.4541	0.07728
2.4552	0.07735
2.4564	0.07743
2.4576	0.07749
2.4587	0.07756
2.4599	0.07760
2.4611	0.07769
2.4622	0.07777
2.4634	0.07781
2.4646	0.07789
2.4657	0.07799
2.4669	0.07807
2.4681	0.07809
2.4693	0.07811
2.4704	0.07815
2.4716	0.07825
2.4728	0.07836
2.474	0.07845
2.4751	0.07852
2.4763	0.07855
2.4775	0.07858
2.4787	0.07866
2.4799	0.07879
2.4811	0.07889
2.4823	0.07896
2.4834	0.07906
2.4846	0.07915
2.4858	0.07927
2.487	0.07938
2.4882	0.07946
2.4894	0.07953
2.4906	0.07963
2.4918	0.07968
2.493	0.07975
2.4942	0.07982
2.4954	0.07987
2.4966	0.07993
2.4978	0.08000
2.499	0.08006
2.5002	0.08007
2.5014	0.08013
2.5026	0.08023
2.5038	0.08029
2.505	0.08035
2.5063	0.08044
2.5075	0.08056
2.5087	0.08068
2.5099	0.08079
2.5111	0.08085
2.5123	0.08091
2.5135	0.08097
2.5148	0.08111
2.516	0.08125
2.5172	0.08137
2.5184	0.08150
2.5196	0.08164
2.5209	0.08176
2.5221	0.08185
2.5233	0.08195
2.5246	0.08210
2.5258	0.08223
2.527	0.08240
2.5282	0.08255
2.5295	0.08265
2.5307	0.08279
2.5319	0.08294
2.5332	0.08308
2.5344	0.08324
2.5357	0.08336
2.5369	0.08354
2.5381	0.08372
2.5394	0.08383
2.5406	0.08399
2.5419	0.08415
2.5431	0.08424
2.5444	0.08437
2.5456	0.08454
2.5469	0.08471
2.5481	0.08481
2.5494	0.08491
2.5506	0.08503
2.5519	0.08518
2.5531	0.08526
2.5544	0.08537
2.5556	0.08553
2.5569	0.08568
2.5582	0.08579
2.5594	0.08596
2.5607	0.08607
2.562	0.08619
2.5632	0.08636
2.5645	0.08652
2.5658	0.08670
2.567	0.08690
2.5683	0.08704
2.5696	0.08721
2.5709	0.08738
2.5721	0.08756
2.5734	0.08767
2.5747	0.08789
2.576	0.08809
2.5773	0.08828
2.5785	0.08851
2.5798	0.08873
2.5811	0.08892
2.5824	0.08915
2.5837	0.08927
2.585	0.08946
2.5862	0.08972
2.5875	0.08990
2.5888	0.09005
2.5901	0.09025
2.5914	0.09045
2.5927	0.09061
2.594	0.09064
2.5953	0.09074
2.5966	0.09103
2.5979	0.09128
2.5992	0.09144
2.6005	0.09158
2.6018	0.09168
2.6031	0.09178
2.6044	0.09183
2.6057	0.09195
2.6071	0.09216
2.6084	0.09238
2.6097	0.09253
2.611	0.09271
2.6123	0.09286
2.6136	0.09299
2.6149	0.09314
2.6163	0.09326
2.6176	0.09340
2.6189	0.09353
2.6202	0.09360
2.6216	0.09380
2.6229	0.09399
2.6242	0.09412
2.6255	0.09420
2.6269	0.09429
2.6282	0.09447
2.6295	0.09452
2.6309	0.09454
2.6322	0.09482
2.6335	0.09498
2.6349	0.09509
2.6362	0.09515
2.6376	0.09522
2.6389	0.09528
2.6402	0.09538
2.6416	0.09542
2.6429	0.09547
2.6443	0.09548
2.6456	0.09545
2.647	0.09543
2.6483	0.09547
2.6497	0.09543
2.651	0.09533
2.6524	0.09520
2.6538	0.09515
2.6551	0.09509
2.6565	0.09500
2.6578	0.09487
2.6592	0.09473
2.6606	0.09459
2.6619	0.09443
2.6633	0.09419
2.6647	0.09378
2.666	0.09318
2.6674	0.09270
2.6688	0.09219
2.6701	0.09134
2.6715	0.09020
2.6729	0.08911
2.6743	0.08755
2.6756	0.08558
2.677	0.08307
2.6784	0.08036
2.6798	0.07720
2.6812	0.07400
2.6826	0.07079
2.684	0.06738
2.6854	0.06409
2.6868	0.06101
2.6881	0.05785
2.6895	0.05493
2.6909	0.05208
2.6923	0.04950
2.6937	0.04680
2.6951	0.04412
2.6965	0.04159
2.6979	0.03912
2.6993	0.03665
2.7007	0.03475
2.7021	0.03327
2.7036	0.03210
2.705	0.03089
2.7064	0.02978
2.7078	0.02869
2.7092	0.02784
2.7106	0.02708
2.712	0.02655
2.7135	0.02623
2.7149	0.02595
2.7163	0.02563
2.7177	0.02531
2.7191	0.02473
2.7206	0.02397
2.722	0.02366
2.7234	0.02388
2.7249	0.02411
2.7263	0.02436
2.7277	0.02456
2.7292	0.02468
2.7306	0.02455
2.732	0.02447
2.7335	0.02456
2.7349	0.02461
2.7364	0.02466
2.7378	0.02474
2.7393	0.02475
2.7407	0.02475
2.7422	0.02470
2.7436	0.02475
2.7451	0.02483
2.7465	0.02497
2.748	0.02509
2.7494	0.02523
2.7509	0.02530
2.7523	0.02534
2.7538	0.02540
2.7553	0.02550
2.7567	0.02568
2.7582	0.02588
2.7597	0.02604
2.7611	0.02615
2.7626	0.02631
2.7641	0.02649
2.7656	0.02669
2.767	0.02687
2.7685	0.02699
2.77	0.02710
2.7715	0.02714
2.7729	0.02727
2.7744	0.02746
2.7759	0.02764
2.7774	0.02780
2.7789	0.02793
2.7804	0.02803
2.7819	0.02812
2.7834	0.02825
2.7849	0.02833
2.7864	0.02843
2.7879	0.02851
2.7894	0.02858
2.7909	0.02875
2.7924	0.02885
2.7939	0.02895
2.7954	0.02905
2.7969	0.02905
2.7984	0.02904
2.7999	0.02916
2.8014	0.02927
2.8029	0.02926
2.8044	0.02923
2.806	0.02929
2.8075	0.02934
2.809	0.02936
2.8105	0.02936
2.8121	0.02941
2.8136	0.02943
2.8151	0.02940
2.8166	0.02943
2.8182	0.02952
2.8197	0.02962
2.8212	0.02967
2.8228	0.02968
2.8243	0.02973
2.8258	0.02983
2.8274	0.02986
2.8289	0.02990
2.8305	0.02996
2.832	0.03002
2.8336	0.03010
2.8351	0.03016
2.8367	0.03024
2.8382	0.03034
2.8398	0.03042
2.8413	0.03048
2.8429	0.03055
2.8444	0.03058
2.846	0.03061
2.8476	0.03066
2.8491	0.03073
2.8507	0.03082
2.8523	0.03093
2.8538	0.03097
2.8554	0.03101
2.857	0.03108
2.8586	0.03115
2.8601	0.03119
2.8617	0.03124
2.8633	0.03129
2.8649	0.03133
2.8664	0.03132
2.868	0.03133
2.8696	0.03133
2.8712	0.03130
2.8728	0.03125
2.8744	0.03122
2.876	0.03121
2.8776	0.03118
2.8792	0.03116
2.8808	0.03117
2.8824	0.03116
2.884	0.03116
2.8856	0.03118
2.8872	0.03120
2.8888	0.03127
2.8904	0.03133
2.892	0.03141
2.8936	0.03152
2.8953	0.03161
2.8969	0.03178
2.8985	0.03197
2.9001	0.03207
2.9017	0.03216
2.9034	0.03234
2.905	0.03260
2.9066	0.03275
2.9083	0.03279
2.9099	0.03290
2.9115	0.03309
2.9131	0.03319
2.9148	0.03329
2.9164	0.03341
2.9181	0.03351
2.9197	0.03354
2.9214	0.03356
2.923	0.03368
2.9247	0.03375
2.9263	0.03382
2.928	0.03392
2.9296	0.03398
2.9313	0.03409
2.9329	0.03422
2.9346	0.03426
2.9363	0.03427
2.9379	0.03428
2.9396	0.03431
2.9412	0.03429
2.9429	0.03436
2.9446	0.03448
2.9463	0.03455
2.9479	0.03461
2.9496	0.03464
2.9513	0.03464
2.953	0.03464
2.9546	0.03473
2.9563	0.03479
2.958	0.03481
2.9597	0.03492
2.9614	0.03503
2.9631	0.03509
2.9648	0.03518
2.9665	0.03524
2.9682	0.03530
2.9699	0.03535
2.9716	0.03540
2.9733	0.03555
2.975	0.03567
2.9767	0.03573
2.9784	0.03578
2.9801	0.03583
2.9818	0.03593
2.9836	0.03611
2.9853	0.03626
2.987	0.03641
2.9887	0.03651
2.9904	0.03655
2.9922	0.03667
2.9939	0.03681
2.9956	0.03692
2.9974	0.03706
2.9991	0.03718
3.0008	0.03731
3.0026	0.03749
3.0043	0.03765
3.006	0.03774
3.0078	0.03785
3.0095	0.03799
3.0113	0.03813
3.013	0.03823
3.0148	0.03833
3.0165	0.03848
3.0183	0.03861
3.02	0.03874
3.0218	0.03883
3.0236	0.03894
3.0253	0.03909
3.0271	0.03920
3.0289	0.03932
3.0306	0.03942
3.0324	0.03947
3.0342	0.03956
3.036	0.03970
3.0377	0.03982
3.0395	0.03992
3.0413	0.03997
3.0431	0.04004
3.0449	0.04016
3.0467	0.04022
3.0484	0.04034
3.0502	0.04048
3.052	0.04056
3.0538	0.04062
3.0556	0.04069
3.0574	0.04077
3.0592	0.04083
3.0611	0.04092
3.0629	0.04104
3.0647	0.04113
3.0665	0.04114
3.0683	0.04114
3.0701	0.04117
3.0719	0.04128
3.0738	0.04132
3.0756	0.04129
3.0774	0.04136
3.0792	0.04145
3.0811	0.04150
3.0829	0.04150
3.0847	0.04156
3.0866	0.04170
3.0884	0.04173
3.0902	0.04170
3.0921	0.04176
3.0939	0.04185
3.0958	0.04192
3.0976	0.04197
3.0995	0.04196
3.1013	0.04194
3.1032	0.04195
3.105	0.04204
3.1069	0.04215
3.1088	0.04220
3.1106	0.04223
3.1125	0.04228
3.1144	0.04238
3.1162	0.04253
3.1181	0.04262
3.12	0.04265
3.1219	0.04268
3.1237	0.04267
3.1256	0.04275
3.1275	0.04292
3.1294	0.04306
3.1313	0.04310
3.1332	0.04312
3.1351	0.04323
3.137	0.04339
3.1389	0.04354
3.1408	0.04363
3.1427	0.04371
3.1446	0.04382
3.1465	0.04393
3.1484	0.04400
3.1503	0.04416
3.1522	0.04435
3.1541	0.04443
3.1561	0.04453
3.158	0.04466
3.1599	0.04480
3.1618	0.04495
3.1638	0.04510
3.1657	0.04527
3.1676	0.04539
3.1696	0.04549
3.1715	0.04558
3.1734	0.04573
3.1754	0.04595
3.1773	0.04609
3.1793	0.04624
3.1812	0.04632
3.1832	0.04644
3.1851	0.04661
3.1871	0.04678
3.1891	0.04689
3.191	0.04696
3.193	0.04708
3.1949	0.04727
3.1969	0.04742
3.1989	0.04755
3.2009	0.04772
3.2029	0.04785
3.2048	0.04800
3.2068	0.04820
3.2088	0.04833
3.2108	0.04840
3.2128	0.04852
3.2148	0.04863
3.2168	0.04877
3.2188	0.04890
3.2208	0.04898
3.2228	0.04910
3.2248	0.04926
3.2268	0.04940
3.2288	0.04956
3.2308	0.04974
3.2328	0.04984
3.2348	0.04989
3.2368	0.05001
3.2389	0.05014
3.2409	0.05028
3.2429	0.05044
3.2449	0.05060
3.247	0.05079
3.249	0.05095
3.251	0.05104
3.2531	0.05118
3.2551	0.05131
3.2572	0.05139
3.2592	0.05155
3.2613	0.05177
3.2633	0.05197
3.2654	0.05213
3.2674	0.05226
3.2695	0.05241
3.2716	0.05257
3.2736	0.05266
3.2757	0.05279
3.2778	0.05297
3.2798	0.05318
3.2819	0.05335
3.284	0.05348
3.2861	0.05352
3.2881	0.05356
3.2902	0.05371
3.2923	0.05384
3.2944	0.05401
3.2965	0.05413
3.2986	0.05421
3.3007	0.05431
3.3028	0.05442
3.3049	0.05453
3.307	0.05462
3.3091	0.05468
3.3112	0.05475
3.3134	0.05486
3.3155	0.05501
3.3176	0.05506
3.3197	0.05515
3.3219	0.05530
3.324	0.05539
3.3261	0.05547
3.3283	0.05563
3.3304	0.05572
3.3325	0.05574
3.3347	0.05585
3.3368	0.05595
3.339	0.05606
3.3411	0.05615
3.3433	0.05623
3.3454	0.05629
3.3476	0.05626
3.3498	0.05628
3.3519	0.05631
3.3541	0.05632
3.3563	0.05633
3.3584	0.05625
3.3606	0.05616
3.3628	0.05611
3.365	0.05601
3.3671	0.05582
3.3693	0.05569
3.3715	0.05564
3.3737	0.05556
3.3759	0.05546
3.3781	0.05540
3.3803	0.05542
3.3825	0.05555
3.3847	0.05573
3.3869	0.05594
3.3891	0.05616
3.3914	0.05627
3.3936	0.05631
3.3958	0.05626
3.398	0.05611
3.4003	0.05590
3.4025	0.05571
3.4047	0.05542
3.407	0.05507
3.4092	0.05477
3.4114	0.05452
3.4137	0.05440
3.4159	0.05436
3.4182	0.05447
3.4204	0.05474
3.4227	0.05512
3.425	0.05561
3.4272	0.05627
3.4295	0.05696
3.4318	0.05755
3.434	0.05806
3.4363	0.05855
3.4386	0.05885
3.4409	0.05912
3.4432	0.05936
3.4454	0.05957
3.4477	0.05983
3.45	0.06011
3.4523	0.06031
3.4546	0.06044
3.4569	0.06064
3.4592	0.06085
3.4616	0.06098
3.4639	0.06118
3.4662	0.06130
3.4685	0.06131
3.4708	0.06127
3.4731	0.06129
3.4755	0.06127
3.4778	0.06129
3.4801	0.06133
3.4825	0.06139
3.4848	0.06138
3.4872	0.06138
3.4895	0.06141
3.4919	0.06126
3.4942	0.06102
3.4966	0.06080
3.4989	0.06055
3.5013	0.06032
3.5036	0.06030
3.506	0.06055
3.5084	0.06102
3.5108	0.06162
3.5131	0.06222
3.5155	0.06272
3.5179	0.06323
3.5203	0.06373
3.5227	0.06417
3.5251	0.06458
3.5275	0.06494
3.5299	0.06526
3.5323	0.06555
3.5347	0.06576
3.5371	0.06597
3.5395	0.06618
3.5419	0.06638
3.5444	0.06651
3.5468	0.06664
3.5492	0.06679
3.5516	0.06692
3.5541	0.06705
3.5565	0.06713
3.559	0.06718
3.5614	0.06726
3.5639	0.06737
3.5663	0.06745
3.5688	0.06754
3.5712	0.06761
3.5737	0.06768
3.5761	0.06779
3.5786	0.06786
3.5811	0.06800
3.5836	0.06811
3.586	0.06824
3.5885	0.06831
3.591	0.06840
3.5935	0.06845
3.596	0.06847
3.5985	0.06855
3.601	0.06860
3.6035	0.06868
3.606	0.06875
3.6085	0.06886
3.611	0.06906
3.6135	0.06919
3.616	0.06923
3.6186	0.06929
3.6211	0.06943
3.6236	0.06955
3.6261	0.06965
3.6287	0.06969
3.6312	0.06975
3.6338	0.06980
3.6363	0.06989
3.6389	0.07003
3.6414	0.07022
3.644	0.07031
3.6466	0.07035
3.6491	0.07033
3.6517	0.07035
3.6543	0.07046
3.6568	0.07055
3.6594	0.07063
3.662	0.07075
3.6646	0.07084
3.6672	0.07087
3.6698	0.07097
3.6724	0.07101
3.675	0.07108
3.6776	0.07115
3.6802	0.07123
3.6828	0.07129
3.6854	0.07128
3.6881	0.07127
3.6907	0.07141
3.6933	0.07159
3.6959	0.07167
3.6986	0.07167
3.7012	0.07177
3.7039	0.07193
3.7065	0.07200
3.7092	0.07206
3.7118	0.07217
3.7145	0.07223
3.7171	0.07224
3.7198	0.07230
3.7225	0.07235
3.7251	0.07243
3.7278	0.07237
3.7305	0.07232
3.7332	0.07241
3.7359	0.07250
3.7386	0.07260
3.7413	0.07264
3.744	0.07273
3.7467	0.07287
3.7494	0.07294
3.7521	0.07299
3.7548	0.07299
3.7575	0.07303
3.7603	0.07320
3.763	0.07332
3.7657	0.07342
3.7685	0.07358
3.7712	0.07370
3.7739	0.07371
3.7767	0.07366
3.7794	0.07372
3.7822	0.07381
3.785	0.07392
3.7877	0.07399
3.7905	0.07421
3.7933	0.07433
3.7961	0.07433
3.7988	0.07435
3.8016	0.07438
3.8044	0.07444
3.8072	0.07450
3.81	0.07452
3.8128	0.07453
3.8156	0.07455
3.8184	0.07455
3.8212	0.07464
3.824	0.07472
3.8269	0.07474
3.8297	0.07479
3.8325	0.07477
3.8354	0.07482
3.8382	0.07498
3.841	0.07507
3.8439	0.07508
3.8467	0.07509
3.8496	0.07510
3.8524	0.07517
3.8553	0.07522
3.8582	0.07522
3.8611	0.07517
3.8639	0.07527
3.8668	0.07543
3.8697	0.07550
3.8726	0.07549
3.8755	0.07553
3.8784	0.07553
3.8813	0.07546
3.8842	0.07549
3.8871	0.07558
3.89	0.07565
3.8929	0.07567
3.8959	0.07563
3.8988	0.07566
3.9017	0.07576
3.9047	0.07583
3.9076	0.07580
3.9106	0.07573
3.9135	0.07580
3.9165	0.07589
3.9194	0.07579
3.9224	0.07570
3.9254	0.07568
3.9283	0.07566
3.9313	0.07568
3.9343	0.07567
3.9373	0.07570
3.9403	0.07567
3.9433	0.07569
3.9463	0.07568
3.9493	0.07549
3.9523	0.07546
3.9553	0.07555
3.9583	0.07559
3.9613	0.07550
3.9644	0.07542
3.9674	0.07545
3.9704	0.07542
3.9735	0.07543
3.9765	0.07548
3.9796	0.07556
3.9826	0.07552
3.9857	0.07538
3.9888	0.07537
3.9918	0.07538
3.9949	0.07536
3.998	0.07543
4.0011	0.07541
4.0042	0.07540
4.0073	0.07541
4.0104	0.07537
4.0135	0.07537
4.0166	0.07536
4.0197	0.07532
4.0228	0.07529
4.0259	0.07529
4.0291	0.07528
4.0322	0.07527
4.0353	0.07527
4.0385	0.07526
4.0416	0.07521
4.0448	0.07518
4.0479	0.07518
4.0511	0.07519
4.0543	0.07515
4.0574	0.07510
4.0606	0.07509
4.0638	0.07510
4.067	0.07506
4.0702	0.07500
4.0734	0.07498
4.0766	0.07496
4.0798	0.07492
4.083	0.07489
4.0862	0.07485
4.0894	0.07483
4.0927	0.07476
4.0959	0.07472
4.0991	0.07466
4.1024	0.07463
4.1056	0.07457
4.1089	0.07453
4.1121	0.07449
4.1154	0.07444
4.1187	0.07438
4.122	0.07432
4.1252	0.07425
4.1285	0.07420
4.1318	0.07411
4.1351	0.07405
4.1384	0.07399
4.1417	0.07393
4.145	0.07385
4.1483	0.07377
4.1516	0.07369
4.155	0.07362
4.1583	0.07354
4.1616	0.07347
4.165	0.07340
4.1683	0.07333
4.1717	0.07325
4.175	0.07320
4.1784	0.07311
4.1818	0.07300
4.1852	0.07290
4.1885	0.07284
4.1919	0.07278
4.1953	0.07271
4.1987	0.07262
4.2021	0.07257
4.2055	0.07249
4.2089	0.07244
4.2124	0.07239
4.2158	0.07234
4.2192	0.07226
4.2226	0.07219
4.2261	0.07215
4.2295	0.07211
4.233	0.07203
4.2365	0.07196
4.2399	0.07187
4.2434	0.07180
4.2469	0.07170
4.2503	0.07159
4.2538	0.07147
4.2573	0.07139
4.2608	0.07130
4.2643	0.07122
4.2678	0.07113
4.2714	0.07104
4.2749	0.07097
4.2784	0.07089
4.2819	0.07078
4.2855	0.07070
4.289	0.07060
4.2926	0.07049
4.2961	0.07035
4.2997	0.07024
4.3033	0.07015
4.3068	0.07006
4.3104	0.06995
4.314	0.06984
4.3176	0.06971
4.3212	0.06962
4.3248	0.06952
4.3284	0.06942
4.332	0.06932
4.3356	0.06924
4.3393	0.06915
4.3429	0.06905
4.3465	0.06894
4.3502	0.06888
4.3538	0.06880
4.3575	0.06872
4.3611	0.06864
4.3648	0.06854
4.3685	0.06844
4.3722	0.06837
4.3759	0.06828
4.3796	0.06819
4.3833	0.06809
4.387	0.06800
4.3907	0.06791
4.3944	0.06782
4.3981	0.06773
4.4019	0.06764
4.4056	0.06755
4.4094	0.06748
4.4131	0.06739
4.4169	0.06728
4.4206	0.06716
4.4244	0.06709
4.4282	0.06700
4.432	0.06690
4.4358	0.06677
4.4396	0.06668
4.4434	0.06656
4.4472	0.06645
4.451	0.06634
4.4548	0.06623
4.4586	0.06611
4.4625	0.06599
4.4663	0.06584
4.4702	0.06569
4.474	0.06555
4.4779	0.06542
4.4818	0.06525
4.4856	0.06508
4.4895	0.06492
4.4934	0.06477
4.4973	0.06458
4.5012	0.06437
4.5051	0.06414
4.509	0.06389
4.513	0.06358
4.5169	0.06324
4.5208	0.06286
4.5248	0.06241
4.5287	0.06189
4.5327	0.06134
4.5367	0.06077
4.5406	0.06021
4.5446	0.05965
4.5486	0.05910
4.5526	0.05855
4.5566	0.05803
4.5606	0.05755
4.5646	0.05707
4.5686	0.05660
4.5727	0.05610
4.5767	0.05554
4.5808	0.05498
4.5848	0.05439
4.5889	0.05378
4.5929	0.05316
4.597	0.05255
4.6011	0.05195
4.6052	0.05137
4.6093	0.05080
4.6134	0.05024
4.6175	0.04970
4.6216	0.04917
4.6257	0.04864
4.6298	0.04813
4.634	0.04759
4.6381	0.04706
4.6423	0.04653
4.6464	0.04603
4.6506	0.04554
4.6548	0.04502
4.659	0.04455
4.6631	0.04412
4.6673	0.04371
4.6715	0.04333
4.6758	0.04296
4.68	0.04259
4.6842	0.04222
4.6884	0.04184
4.6927	0.04141
4.6969	0.04095
4.7012	0.04046
4.7055	0.03996
4.7097	0.03946
4.714	0.03894
4.7183	0.03840
4.7226	0.03786
4.7269	0.03736
4.7312	0.03690
4.7355	0.03646
4.7399	0.03606
4.7442	0.03569
4.7485	0.03536
4.7529	0.03506
4.7573	0.03478
4.7616	0.03453
4.766	0.03432
4.7704	0.03412
4.7748	0.03391
4.7792	0.03367
4.7836	0.03344
4.788	0.03320
4.7924	0.03293
4.7969	0.03264
4.8013	0.03233
4.8058	0.03203
4.8102	0.03171
4.8147	0.03137
4.8191	0.03107
4.8236	0.03077
4.8281	0.03050
4.8326	0.03023
4.8371	0.02997
4.8416	0.02971
4.8462	0.02950
4.8507	0.02926
4.8553	0.02904
4.8598	0.02885
4.8644	0.02869
4.8689	0.02850
4.8735	0.02835
4.8781	0.02823
4.8827	0.02812
4.8873	0.02803
4.8919	0.02794
4.8965	0.02788
4.9011	0.02779
4.9058	0.02771
4.9104	0.02765
4.9151	0.02756
4.9197	0.02747
4.9244	0.02737
4.9291	0.02727
4.9338	0.02717
4.9385	0.02707
4.9432	0.02697
4.9479	0.02688
4.9526	0.02679
4.9574	0.02671
4.9621	0.02665
4.9669	0.02658
4.9716	0.02651
4.9764	0.02643
4.9812	0.02633
4.986	0.02623
4.9908	0.02611
4.9956	0.02597
5.0004	0.02583
5.0052	0.02569
5.01	0.02551
5.0149	0.02531
5.0198	0.02509
5.0246	0.02484
5.0295	0.02457
5.0344	0.02431
5.0393	0.02407
5.0442	0.02386
5.0491	0.02364
5.054	0.02344
5.0589	0.02328
5.0639	0.02317
5.0688	0.02307
5.0738	0.02303
5.0788	0.02302
5.0837	0.02304
5.0887	0.02307
5.0937	0.02310
5.0987	0.02316
5.1037	0.02326
5.1088	0.02334
5.1138	0.02341
5.1189	0.02348
5.1239	0.02356
5.129	0.02364
5.1341	0.02368
5.1391	0.02374
5.1443	0.02382
5.1494	0.02390
5.1545	0.02400
5.1596	0.02408
5.1647	0.02419
5.1699	0.02433
5.175	0.02447
5.1802	0.02460
5.1854	0.02474
5.1906	0.02487
5.1958	0.02498
5.201	0.02510
5.2062	0.02523
5.2115	0.02533
5.2167	0.02541
5.222	0.02545
5.2272	0.02547
5.2325	0.02547
5.2378	0.02546
5.2431	0.02544
5.2484	0.02542
5.2537	0.02539
5.259	0.02537
5.2644	0.02537
5.2697	0.02541
5.2751	0.02543
5.2805	0.02548
5.2858	0.02555
5.2912	0.02565
5.2966	0.02574
5.302	0.02585
5.3075	0.02596
5.3129	0.02608
5.3184	0.02619
5.3238	0.02630
5.3293	0.02640
5.3348	0.02649
5.3403	0.02658
5.3458	0.02668
5.3513	0.02680
5.3568	0.02693
5.3624	0.02703
5.3679	0.02713
5.3735	0.02720
5.379	0.02727
5.3846	0.02734
5.3902	0.02740
5.3958	0.02744
5.4015	0.02749
5.4071	0.02756
5.4127	0.02766
5.4184	0.02776
5.4241	0.02789
5.4297	0.02803
5.4354	0.02819
5.4411	0.02834
5.4469	0.02852
5.4526	0.02869
5.4583	0.02887
5.4641	0.02906
5.4698	0.02925
5.4756	0.02941
5.4814	0.02957
5.4872	0.02973
5.493	0.02990
5.4988	0.03005
5.5047	0.03019
5.5105	0.03029
5.5164	0.03040
5.5223	0.03047
5.5281	0.03051
5.534	0.03051
5.54	0.03049
5.5459	0.03042
5.5518	0.03035
5.5578	0.03025
5.5637	0.03013
5.5697	0.03004
5.5757	0.02997
5.5817	0.02988
5.5877	0.02980
5.5937	0.02970
5.5998	0.02964
5.6058	0.02959
5.6119	0.02952
5.618	0.02944
5.6241	0.02936
5.6302	0.02929
5.6363	0.02922
5.6424	0.02911
5.6486	0.02903
5.6547	0.02892
5.6609	0.02882
5.6671	0.02871
5.6733	0.02862
5.6795	0.02849
5.6857	0.02837
5.692	0.02823
5.6982	0.02808
5.7045	0.02791
5.7108	0.02777
5.7171	0.02760
5.7234	0.02742
5.7297	0.02720
5.736	0.02700
5.7424	0.02678
5.7488	0.02656
5.7551	0.02631
5.7615	0.02609
5.768	0.02581
5.7744	0.02552
5.7808	0.02525
5.7873	0.02499
5.7937	0.02470
5.8002	0.02442
5.8067	0.02415
5.8132	0.02394
5.8197	0.02374
5.8263	0.02355
5.8328	0.02338
5.8394	0.02323
5.846	0.02310
5.8526	0.02301
5.8592	0.02295
5.8658	0.02290
5.8725	0.02280
5.8791	0.02270
5.8858	0.02253
5.8925	0.02237
5.8992	0.02211
5.9059	0.02185
5.9126	0.02161
5.9194	0.02132
5.9262	0.02103
5.9329	0.02079
5.9397	0.02044
5.9465	0.02010
5.9534	0.01977
5.9602	0.01950
5.9671	0.01923
5.974	0.01895
5.9808	0.01873
5.9878	0.01854
5.9947	0.01834
6.0016	0.01819
6.0086	0.01804
6.0155	0.01792
6.0225	0.01781
6.0295	0.01770
6.0365	0.01760
6.0436	0.01754
6.0506	0.01745
6.0577	0.01735
6.0648	0.01727
6.0719	0.01720
6.079	0.01708
6.0861	0.01700
6.0933	0.01694
6.1005	0.01689
6.1076	0.01686
6.1149	0.01686
6.1221	0.01683
6.1293	0.01681
6.1365	0.01680
6.1438	0.01683
6.1511	0.01682
6.1584	0.01680
6.1657	0.01677
6.1731	0.01675
6.1804	0.01673
6.1878	0.01670
6.1952	0.01663
6.2026	0.01659
6.21	0.01653
6.2175	0.01649
6.225	0.01646
6.2324	0.01644
6.2399	0.01640
6.2475	0.01638
6.255	0.01634
6.2625	0.01630
6.2701	0.01626
6.2777	0.01623
6.2853	0.01620
6.293	0.01619
6.3006	0.01618
6.3083	0.01616
6.3159	0.01612
6.3236	0.01609
6.3314	0.01608
6.3391	0.01608
6.3469	0.01606
6.3546	0.01605
6.3624	0.01605
6.3703	0.01604
6.3781	0.01600
6.3859	0.01598
6.3938	0.01596
6.4017	0.01596
6.4096	0.01597
6.4175	0.01596
6.4255	0.01594
6.4335	0.01597
6.4415	0.01597
6.4495	0.01599
6.4575	0.01598
6.4656	0.01599
6.4736	0.01605
6.4817	0.01611
6.4898	0.01615
6.498	0.01616
6.5061	0.01618
6.5143	0.01622
6.5225	0.01627
6.5307	0.01635
6.539	0.01644
6.5472	0.01651
6.5555	0.01657
6.5638	0.01664
6.5721	0.01669
6.5804	0.01672
6.5888	0.01677
6.5972	0.01679
6.6056	0.01678
6.614	0.01679
6.6225	0.01679
6.6309	0.01678
6.6394	0.01676
6.6479	0.01675
6.6565	0.01675
6.665	0.01674
6.6736	0.01673
6.6822	0.01674
6.6908	0.01675
6.6995	0.01675
6.7081	0.01675
6.7168	0.01674
6.7255	0.01675
6.7343	0.01677
6.743	0.01678
6.7518	0.01678
6.7606	0.01677
6.7694	0.01676
6.7783	0.01674
6.7871	0.01672
6.796	0.01670
6.805	0.01667
6.8139	0.01668
6.8229	0.01669
6.8319	0.01668
6.8409	0.01670
6.8499	0.01671
6.859	0.01670
6.868	0.01664
6.8772	0.01660
6.8863	0.01657
6.8955	0.01653
6.9046	0.01647
6.9138	0.01636
6.9231	0.01625
6.9323	0.01618
6.9416	0.01612
6.9509	0.01605
6.9602	0.01597
6.9696	0.01586
6.979	0.01578
6.9884	0.01569
6.9978	0.01559
7.0073	0.01549
7.0168	0.01540
7.0263	0.01533
7.0358	0.01525
7.0454	0.01516
7.0549	0.01504
7.0645	0.01494
7.0742	0.01485
7.0839	0.01476
7.0935	0.01464
7.1033	0.01453
7.113	0.01441
7.1228	0.01427
7.1326	0.01414
7.1424	0.01404
7.1522	0.01394
7.1621	0.01382
7.172	0.01371
7.182	0.01359
7.1919	0.01349
7.2019	0.01341
7.2119	0.01333
7.222	0.01326
7.232	0.01317
7.2421	0.01311
7.2523	0.01304
7.2624	0.01298
7.2726	0.01292
7.2828	0.01285
7.2931	0.01277
7.3033	0.01271
7.3136	0.01266
7.324	0.01259
7.3343	0.01249
7.3447	0.01241
7.3551	0.01233
7.3656	0.01224
7.3761	0.01216
7.3866	0.01208
7.3971	0.01196
7.4077	0.01184
7.4183	0.01173
7.4289	0.01166
7.4396	0.01158
7.4503	0.01149
7.461	0.01138
7.4717	0.01126
7.4825	0.01116
7.4933	0.01106
7.5042	0.01096
7.515	0.01088
7.5259	0.01078
7.5369	0.01068
7.5479	0.01058
7.5589	0.01047
7.5699	0.01037
7.581	0.01030
7.592	0.01022
7.6032	0.01013
7.6143	0.01003
7.6255	0.00994
7.6368	0.00983
7.648	0.00973
7.6593	0.00962
7.6707	0.00952
7.682	0.00940
7.6934	0.00931
7.7049	0.00919
7.7163	0.00907
7.7278	0.00895
7.7394	0.00884
7.7509	0.00872
7.7625	0.00863
7.7742	0.00854
7.7858	0.00844
7.7975	0.00833
7.8093	0.00823
7.8211	0.00811
7.8329	0.00802
7.8447	0.00792
7.8566	0.00781
7.8685	0.00771
7.8805	0.00761
7.8925	0.00749
7.9045	0.00738
7.9166	0.00728
7.9287	0.00718
7.9408	0.00704
7.953	0.00692
7.9652	0.00681
7.9775	0.00669
7.9898	0.00656
8.0021	0.00644
8.0145	0.00632
8.0269	0.00621
8.0393	0.00609
8.0518	0.00599
8.0643	0.00588
8.0769	0.00576
8.0895	0.00563
8.1021	0.00551
8.1148	0.00540
8.1275	0.00527
8.1403	0.00517
8.1531	0.00508
8.1659	0.00496
8.1788	0.00486
8.1917	0.00474
8.2047	0.00465
8.2177	0.00457
8.2307	0.00450
8.2438	0.00440
8.257	0.00431
8.2701	0.00425
8.2833	0.00418
8.2966	0.00411
8.3099	0.00407
8.3232	0.00403
8.3366	0.00402
8.35	0.00400
8.3635	0.00398
8.377	0.00400
8.3905	0.00407
8.4042	0.00418
8.4178	0.00433
8.4315	0.00456
8.4452	0.00490
8.459	0.00535
8.4728	0.00596
8.4867	0.00675
8.5006	0.00779
8.5145	0.00913
8.5285	0.01081
8.5426	0.01284
8.5567	0.01525
8.5708	0.01810
8.585	0.02135
8.5993	0.02505
8.6135	0.02920
8.6279	0.03380
8.6423	0.03883
8.6567	0.04424
8.6712	0.04991
8.6857	0.05585
8.7003	0.06201
8.7149	0.06826
8.7296	0.07422
8.7443	0.07964
8.759	0.08440
8.7739	0.08888
8.7887	0.09316
8.8037	0.09692
8.8186	0.09952
8.8337	0.10108
8.8487	0.10200
8.8638	0.10275
8.879	0.10345
8.8943	0.10435
8.9095	0.10532
8.9249	0.10638
8.9403	0.10720
8.9557	0.10780
8.9712	0.10812
8.9867	0.10822
9.0023	0.10814
9.018	0.10809
9.0337	0.10794
9.0495	0.10779
9.0653	0.10754
9.0812	0.10728
9.0971	0.10693
9.1131	0.10659
9.1291	0.10613
9.1452	0.10560
9.1614	0.10495
9.1776	0.10436
9.1939	0.10369
9.2102	0.10313
9.2266	0.10255
9.243	0.10206
9.2595	0.10162
9.2761	0.10120
9.2927	0.10067
9.3094	0.09999
9.3262	0.09885
9.343	0.09724
9.3598	0.09482
9.3768	0.09173
9.3937	0.08835
9.4108	0.08506
9.4279	0.08199
9.4451	0.07927
9.4623	0.07673
9.4796	0.07445
9.497	0.07235
9.5144	0.07059
9.5319	0.06913
9.5494	0.06792
9.567	0.06686
9.5847	0.06596
9.6025	0.06515
9.6203	0.06446
9.6382	0.06372
9.6561	0.06304
9.6742	0.06247
9.6922	0.06204
9.7104	0.06167
9.7286	0.06140
9.7469	0.06113
9.7652	0.06088
9.7837	0.06065
9.8022	0.06052
9.8207	0.06042
9.8394	0.06036
9.8581	0.06035
9.8768	0.06037
9.8957	0.06030
9.9146	0.06025
9.9336	0.06004
9.9527	0.05971
9.9718	0.05920
9.991	0.05845
10.0103	0.05734
10.0297	0.05608
10.0491	0.05493
10.0686	0.05429
10.0882	0.05450
10.1079	0.05596
10.1276	0.05866
10.1474	0.06222
10.1673	0.06615
10.1873	0.07024
10.2074	0.07426
10.2275	0.07811
10.2477	0.08154
10.268	0.08456
10.2884	0.08699
10.3088	0.08902
10.3294	0.09083
10.35	0.09259
10.3707	0.09405
10.3915	0.09496
10.4123	0.09498
10.4333	0.09423
10.4543	0.09269
10.4755	0.09079
10.4967	0.08904
10.518	0.08788
10.5393	0.08715
10.5608	0.08664
10.5823	0.08605
10.604	0.08538
10.6257	0.08458
10.6475	0.08380
10.6694	0.08306
10.6914	0.08274
10.7135	0.08353
10.7357	0.08595
10.758	0.08955
10.7803	0.09350
10.8028	0.09674
10.8254	0.09895
10.848	0.10018
10.8708	0.10062
10.8936	0.10049
10.9165	0.10000
10.9395	0.09928
10.9627	0.09873
10.9859	0.09833
11.0092	0.09835
11.0327	0.09869
11.0562	0.09928
11.0798	0.09998
11.1035	0.10080
11.1273	0.10154
11.1513	0.10239
11.1753	0.10329
11.1995	0.10448
11.2237	0.10577
11.248	0.10695
11.2725	0.10786
11.297	0.10850
11.3217	0.10872
11.3465	0.10865
11.3714	0.10809
11.3964	0.10730
11.4215	0.10633
11.4467	0.10538
11.472	0.10444
11.4975	0.10347
11.523	0.10231
11.5487	0.10097
11.5745	0.09921
11.6003	0.09721
11.6263	0.09486
11.6525	0.09216
11.6787	0.08895
11.7051	0.08520
11.7316	0.08088
11.7582	0.07630
11.7849	0.07184
11.8117	0.06797
11.8387	0.06451
11.8658	0.06146
11.893	0.05878
11.9203	0.05643
11.9478	0.05429
11.9754	0.05240
12.0031	0.05082
12.031	0.04965
12.059	0.04851
12.0871	0.04730
12.1153	0.04616
12.1437	0.04504
12.1722	0.04385
12.2008	0.04272
12.2296	0.04166
12.2585	0.04078
12.2876	0.04008
12.3168	0.03954
12.3461	0.03900
12.3755	0.03843
12.4052	0.03790
12.4349	0.03742
12.4648	0.03686
12.4948	0.03627
12.525	0.03560
12.5553	0.03485
12.5858	0.03412
12.6164	0.03342
12.6472	0.03274
12.6781	0.03211
12.7092	0.03152
12.7404	0.03107
12.7718	0.03070
12.8033	0.03034
12.835	0.02997
12.8669	0.02961
12.8989	0.02932
12.931	0.02908
12.9634	0.02883
12.9959	0.02861
13.0285	0.02844
13.0613	0.02830
13.0943	0.02811
13.1275	0.02800
13.1608	0.02789
13.1943	0.02759
13.228	0.02723
13.2618	0.02685
13.2958	0.02638
13.33	0.02592
13.3643	0.02557
13.3989	0.02525
13.4336	0.02495
13.4685	0.02462
13.5035	0.02427
13.5388	0.02384
13.5742	0.02333
13.6099	0.02286
13.6457	0.02261
13.6817	0.02258
13.7179	0.02272
13.7543	0.02294
13.7908	0.02301
13.8276	0.02281
13.8646	0.02249
13.9018	0.02214
13.9391	0.02175
13.9767	0.02137
14.0145	0.02095
14.0525	0.02047
14.0907	0.02000
14.129	0.01966
14.1677	0.01945
14.2065	0.01923
14.2455	0.01906
14.2847	0.01900
14.3242	0.01899
14.3639	0.01907
14.4038	0.01929
14.4439	0.01951
14.4843	0.01954
14.5248	0.01932
14.5656	0.01896
14.6067	0.01863
14.6479	0.01847
14.6894	0.01870
14.7311	0.01947
14.7731	0.02049
14.8153	0.02140
14.8578	0.02186
14.9005	0.02174
14.9434	0.02119
14.9866	0.02039
15.03	0.01957
15.0737	0.01885
15.1177	0.01814
15.1619	0.01746
15.2063	0.01700
15.2511	0.01678
15.2961	0.01666
15.3413	0.01669
15.3868	0.01711
15.4326	0.01803
15.4787	0.01934
15.5251	0.02090
15.5717	0.02248
15.6186	0.02372
15.6658	0.02445
15.7132	0.02472
15.761	0.02457
15.809	0.02413
15.8574	0.02340
15.906	0.02250
15.955	0.02156
16.0042	0.02079
16.0538	0.02028
16.1036	0.01998
16.1538	0.01986
16.2043	0.01999
16.2551	0.02041
16.3062	0.02111
16.3576	0.02201
16.4094	0.02305
16.4615	0.02437
16.5139	0.02589
16.5667	0.02747
16.6198	0.02939
16.6732	0.03168
16.727	0.03444
16.7811	0.03770
16.8356	0.04139
16.8904	0.04567
16.9457	0.05072
17.0012	0.05639
17.0571	0.06240
17.1134	0.06879
17.1701	0.07547
17.2272	0.08245
17.2846	0.08951
17.3424	0.09658
17.4006	0.10338
17.4592	0.10945
17.5182	0.11455
17.5775	0.11869
17.6373	0.12180
17.6975	0.12433
17.7581	0.12621
17.8192	0.12752
17.8806	0.12872
17.9425	0.13013
18.0048	0.13156
18.0675	0.13346
18.1307	0.13550
18.1943	0.13761
18.2584	0.13935
18.3229	0.14053
18.3879	0.14091
18.4533	0.14061
18.5192	0.13989
18.5856	0.13936
18.6524	0.13900
18.7198	0.13890
18.7876	0.13877
18.8559	0.13892
18.9247	0.13977
18.9941	0.14200
19.0639	0.14527
19.1342	0.14920
19.2051	0.15324
19.2765	0.15698
19.3484	0.15986
19.4209	0.16235
19.4939	0.16438
19.5675	0.16608
19.6416	0.16684
19.7163	0.16678
19.7915	0.16528
19.8673	0.16274
19.9438	0.15893
20.0208	0.15448
20.0984	0.14998
20.1766	0.14655
20.2554	0.14514
20.3348	0.14612
20.4149	0.14814
20.4956	0.15042
20.5769	0.15214
20.6589	0.15305
20.7415	0.15287
20.8248	0.15218
20.9088	0.15086
20.9934	0.14927
21.0788	0.14708
21.1648	0.14451
21.2516	0.14181
21.339	0.13965
21.4272	0.13711
21.5161	0.13440
21.6058	0.13125
21.6962	0.12823
21.7873	0.12526
21.8793	0.12220
21.972	0.11882
22.0655	0.11545
22.1598	0.11239
22.2549	0.10913
22.3508	0.10562
22.4475	0.10226
22.5451	0.09936
22.6436	0.09659
22.7429	0.09402
22.8431	0.09150
22.9442	0.08904
23.0462	0.08653
23.1491	0.08379
23.2529	0.08134
23.3576	0.07904
23.4633	0.07658
23.5699	0.07470
23.6776	0.07341
23.7862	0.07308
23.8958	0.07352
24.0064	0.07521
24.1181	0.07776
24.2308	0.08033
24.3445	0.08247
24.4593	0.08397
24.5753	0.08479
24.6923	0.08535
24.8104	0.08625
24.9297	0.08703
25.0501	0.08730
25.1717	0.08724
25.2946	0.08694
25.4186	0.08653
25.5438	0.08538
25.6702	0.08384
25.7979	0.08230
25.9269	0.08098
26.0572	0.07902
26.1888	0.07688
26.3217	0.07461
26.456	0.07244
26.5917	0.07016
26.7288	0.06776
26.8672	0.06584
27.0072	0.06456
27.1486	0.06356
27.2915	0.06243
27.4359	0.06137
27.5818	0.06017
27.7293	0.05864
27.8784	0.05714
28.0291	0.05632
28.1814	0.05579
28.3354	0.05555
28.4911	0.05745
28.6485	0.06139
28.8077	0.06620
28.9686	0.07126
29.1313	0.07528
29.296	0.07824
29.4624	0.08107
29.6308	0.08222
29.8011	0.08192
29.9733	0.08135
30.1476	0.08081
30.3239	0.07959
30.5022	0.07693
30.6827	0.07370
30.8653	0.07051
31.0502	0.06701
31.2372	0.06514
31.4265	0.06342
31.6182	0.06345
31.8122	0.06406
32.0086	0.06459
32.2074	0.06564
32.4087	0.06777
32.6125	0.06951
32.8189	0.06962
33.0279	0.06871
33.2396	0.06874
33.4541	0.07060
33.6713	0.07444
33.8914	0.07844
34.1143	0.08103
34.3403	0.08148
34.5692	0.07945
34.8013	0.07715
35.0364	0.07478
35.2747	0.07245
35.5164	0.06889
35.7613	0.06690
36.0096	0.06500
36.2614	0.06250
36.5167	0.06149
36.7757	0.06073
37.0384	0.05926
37.3049	0.05785
37.5752	0.05697
37.8495	0.05705
38.1278	0.05715
38.4103	0.05813
38.6969	0.06063
38.9879	0.06402
39.2832	0.06799
39.5831	0.07328
39.8876	0.07579
40.1968	0.07832
40.5108	0.07915
40.8298	0.07755
41.1538	0.07753
41.483	0.07622
41.8176	0.07459
42.1575	0.07225
42.5031	0.06972
42.8544	0.06758
43.2116	0.06513
43.5747	0.06223
43.944	0.06231
44.3196	0.06561
44.7016	0.06938
45.0903	0.07404
45.4858	0.07371
45.8883	0.07246
46.298	0.07080
46.7151	0.06866
47.1398	0.06799
47.5723	0.06660
48.0128	0.06647
48.4616	0.06526
48.9188	0.06524
49.3847	0.06498
49.8595	0.06032
50.3436	0.05842
50.8372	0.05700
51.3405	0.05863
51.8538	0.05931
52.3776	0.05682
52.912	0.05583
53.4575	0.05420
54.0144	0.05174
54.5829	0.05299
55.1636	0.05365
55.7569	0.05345
56.363	0.05194
56.9823	0.04811
57.6155	0.04526
58.2628	0.04808
58.9249	0.05164
59.6022	0.05314
60.2951	0.05601
61.0044	0.05528
61.7307	0.05753
62.4744	0.06480
63.2363	0.06839
64.017	0.07151
64.8172	0.07564
65.6379	0.07887
66.4794	0.08375
67.3428	0.07965
68.2289	0.07904
69.1386	0.07625
70.0729	0.07139
71.0328	0.06719
72.0191	0.07323
73.0335	0.07787
74.0768	0.07830
75.1504	0.07942
76.2555	0.07266
77.3937	0.06702
78.5663	0.07394
79.7754	0.07065
81.0219	0.06517
82.3079	0.06383
83.6355	0.07254
85.0065	0.06971
86.4233	0.06346
87.8881	0.06605
89.4031	0.06475
90.9715	0.06051
92.596	0.06271
94.2796	0.07567
96.0255	0.07598
97.8373	0.06171
99.7188	0.05882
