Brown University Keck/NASA Relab Spectrum DD-MDD-127/BKR1DD127
Wavelength(micron)	Reflectance
0.3	0.07840
0.305	0.08572
0.31	0.09709
0.315	0.11116
0.32	0.12921
0.325	0.15081
0.33	0.17422
0.335	0.20112
0.34	0.22945
0.345	0.25611
0.35	0.28205
0.355	0.30546
0.36	0.32866
0.365	0.34870
0.37	0.36347
0.375	0.37777
0.38	0.39144
0.385	0.40282
0.39	0.41098
0.395	0.42036
0.4	0.42589
0.405	0.43203
0.41	0.43671
0.415	0.44002
0.42	0.44307
0.425	0.44606
0.43	0.44671
0.435	0.44823
0.44	0.44837
0.445	0.44940
0.45	0.45154
0.455	0.45618
0.46	0.45999
0.465	0.46522
0.47	0.47028
0.475	0.47663
0.48	0.48321
0.485	0.49072
0.49	0.49794
0.495	0.50778
0.5	0.51709
0.505	0.52753
0.51	0.53798
0.515	0.54982
0.52	0.55998
0.525	0.56906
0.53	0.57699
0.535	0.58407
0.54	0.58859
0.545	0.59376
0.55	0.59593
0.555	0.59808
0.56	0.59715
0.565	0.59608
0.57	0.59256
0.575	0.58876
0.58	0.58289
0.585	0.57653
0.59	0.56918
0.595	0.56276
0.6	0.55381
0.605	0.54677
0.61	0.53821
0.615	0.53280
0.62	0.52636
0.625	0.52152
0.63	0.51565
0.635	0.51318
0.64	0.51197
0.645	0.51215
0.65	0.51269
0.655	0.51326
0.66	0.51251
0.665	0.51581
0.67	0.52049
0.675	0.52564
0.68	0.53404
0.685	0.53380
0.69	0.53188
0.695	0.53769
0.7	0.54382
0.705	0.55005
0.71	0.55701
0.715	0.56523
0.72	0.57208
0.725	0.57782
0.73	0.58308
0.735	0.58957
0.74	0.59268
0.745	0.59695
0.75	0.60097
0.755	0.60357
0.76	0.60546
0.765	0.61001
0.77	0.61158
0.775	0.61336
0.78	0.61392
0.785	0.61617
0.79	0.61730
0.795	0.61906
0.8	0.62102
0.805	0.62159
0.81	0.62318
0.815	0.62495
0.82	0.62594
0.825	0.62682
0.83	0.62647
0.835	0.62776
0.84	0.62698
0.845	0.62779
0.85	0.62716
0.855	0.62626
0.86	0.62446
0.865	0.62183
0.87	0.61942
0.875	0.61554
0.88	0.61173
0.885	0.60980
0.89	0.60559
0.895	0.60014
0.9	0.59609
0.905	0.58994
0.91	0.58496
0.915	0.57873
0.92	0.57455
0.925	0.56668
0.93	0.56144
0.935	0.55434
0.94	0.54896
0.945	0.54179
0.95	0.53587
0.955	0.52964
0.96	0.52522
0.965	0.51812
0.97	0.51266
0.975	0.50838
0.98	0.50296
0.985	0.49779
0.99	0.49403
0.995	0.49079
1	0.48693
1.005	0.48364
1.01	0.48179
1.015	0.47960
1.02	0.47857
1.025	0.47804
1.03	0.47761
1.035	0.47678
1.04	0.47738
1.045	0.47894
1.05	0.48164
1.055	0.48356
1.06	0.48660
1.065	0.48953
1.07	0.49309
1.075	0.49812
1.08	0.50315
1.085	0.50710
1.09	0.51324
1.095	0.51844
1.1	0.52418
1.105	0.52898
1.11	0.53585
1.115	0.54311
1.12	0.54902
1.125	0.55443
1.13	0.56123
1.135	0.56599
1.14	0.57190
1.145	0.57815
1.15	0.58305
1.155	0.58708
1.16	0.59200
1.165	0.59728
1.17	0.60181
1.175	0.60613
1.18	0.61067
1.185	0.61435
1.19	0.61852
1.195	0.62225
1.2	0.62520
1.205	0.62902
1.21	0.63309
1.215	0.63535
1.22	0.63866
1.225	0.64231
1.23	0.64552
1.235	0.64838
1.24	0.65037
1.245	0.65456
1.25	0.65690
1.255	0.65932
1.26	0.66214
1.265	0.66508
1.27	0.66769
1.275	0.67003
1.28	0.67192
1.285	0.67547
1.29	0.67728
1.295	0.67947
1.3	0.68226
1.305	0.68517
1.31	0.68722
1.315	0.68947
1.32	0.69273
1.325	0.69425
1.33	0.69751
1.335	0.70008
1.34	0.70182
1.345	0.70333
1.35	0.70600
1.355	0.70873
1.36	0.71037
1.365	0.71120
1.37	0.71396
1.375	0.71568
1.38	0.71863
1.385	0.72003
1.39	0.72364
1.395	0.72462
1.4	0.72513
1.405	0.72862
1.41	0.72984
1.415	0.73144
1.42	0.73381
1.425	0.73578
1.43	0.73825
1.435	0.74090
1.44	0.74198
1.445	0.74382
1.45	0.74480
1.455	0.74695
1.46	0.74915
1.465	0.75059
1.47	0.75126
1.475	0.75235
1.48	0.75444
1.485	0.75656
1.49	0.75769
1.495	0.75892
1.5	0.76061
1.505	0.76168
1.51	0.76230
1.515	0.76456
1.52	0.76446
1.525	0.76553
1.53	0.76554
1.535	0.76792
1.54	0.77006
1.545	0.77022
1.55	0.77106
1.555	0.77223
1.56	0.77224
1.565	0.77262
1.57	0.77374
1.575	0.77411
1.58	0.77527
1.585	0.77514
1.59	0.77655
1.595	0.77681
1.6	0.77661
1.605	0.77804
1.61	0.77811
1.615	0.77843
1.62	0.77856
1.625	0.77840
1.63	0.77779
1.635	0.77901
1.64	0.77967
1.645	0.77966
1.65	0.77875
1.655	0.77802
1.66	0.77804
1.665	0.77805
1.67	0.77841
1.675	0.77819
1.68	0.77762
1.685	0.77805
1.69	0.77666
1.695	0.77700
1.7	0.77679
1.705	0.77562
1.71	0.77488
1.715	0.77440
1.72	0.77471
1.725	0.77411
1.73	0.77338
1.735	0.77201
1.74	0.77238
1.745	0.77109
1.75	0.77111
1.755	0.76985
1.76	0.76947
1.765	0.76889
1.77	0.76731
1.775	0.76702
1.78	0.76736
1.785	0.76569
1.79	0.76550
1.795	0.76352
1.8	0.76284
1.805	0.76145
1.81	0.76035
1.815	0.75900
1.82	0.75784
1.825	0.75610
1.83	0.75595
1.835	0.75490
1.84	0.75192
1.845	0.75172
1.85	0.75190
1.855	0.74928
1.86	0.74824
1.865	0.74687
1.87	0.74548
1.875	0.74364
1.88	0.74153
1.885	0.73938
1.89	0.73760
1.895	0.73530
1.9	0.73316
1.905	0.73126
1.91	0.72886
1.915	0.72726
1.92	0.72590
1.925	0.72456
1.93	0.72201
1.935	0.72161
1.94	0.72042
1.945	0.72049
1.95	0.71778
1.955	0.71602
1.96	0.71439
1.965	0.71411
1.97	0.71280
1.975	0.71008
1.98	0.70965
1.985	0.70859
1.99	0.70847
1.995	0.70542
2	0.70333
2.005	0.70232
2.01	0.70155
2.015	0.69962
2.02	0.69779
2.025	0.69598
2.03	0.69459
2.035	0.69245
2.04	0.69130
2.045	0.68851
2.05	0.68686
2.055	0.68653
2.06	0.68336
2.065	0.68277
2.07	0.68000
2.075	0.68022
2.08	0.67808
2.085	0.67615
2.09	0.67371
2.095	0.67330
2.1	0.67175
2.105	0.67153
2.11	0.67000
2.115	0.66777
2.12	0.66626
2.125	0.66461
2.13	0.66382
2.135	0.66265
2.14	0.66086
2.145	0.65841
2.15	0.65734
2.155	0.65622
2.16	0.65619
2.165	0.65464
2.17	0.65405
2.175	0.65245
2.18	0.65163
2.185	0.65164
2.19	0.65186
2.195	0.65079
2.2	0.64944
2.205	0.64833
2.21	0.64744
2.215	0.64753
2.22	0.64611
2.225	0.64510
2.23	0.64385
2.235	0.64264
2.24	0.64168
2.245	0.64110
2.25	0.64164
2.255	0.63936
2.26	0.64081
2.265	0.63894
2.27	0.64025
2.275	0.63967
2.28	0.63996
2.285	0.64026
2.29	0.63857
2.295	0.63867
2.3	0.63734
2.305	0.63674
2.31	0.63748
2.315	0.63916
2.32	0.63781
2.325	0.63923
2.33	0.64044
2.335	0.63930
2.34	0.63943
2.345	0.63913
2.35	0.63904
2.355	0.64050
2.36	0.63993
2.365	0.64079
2.37	0.64074
2.375	0.64301
2.38	0.64264
2.385	0.64648
2.39	0.64642
2.395	0.64958
2.4	0.64814
2.405	0.64957
2.41	0.65111
2.415	0.65182
2.42	0.65433
2.425	0.65467
2.43	0.65720
2.435	0.65853
2.44	0.66013
2.445	0.66156
2.45	0.66128
2.455	0.66233
2.46	0.66458
2.465	0.66642
2.47	0.66915
2.475	0.67014
2.48	0.67267
2.485	0.67224
2.49	0.67277
2.495	0.67717
2.5	0.67604
2.505	0.67743
2.51	0.67970
2.515	0.68016
2.52	0.68121
2.525	0.68511
2.53	0.68648
2.535	0.68707
2.54	0.69190
2.545	0.69251
2.55	0.69591
2.5519	0.69633
2.5531	0.69667
2.5544	0.69709
2.5557	0.69747
2.5569	0.69784
2.5582	0.69825
2.5594	0.69874
2.5607	0.69918
2.562	0.69976
2.5632	0.70022
2.5645	0.70055
2.5658	0.70102
2.5671	0.70146
2.5683	0.70185
2.5696	0.70226
2.5709	0.70277
2.5721	0.70312
2.5734	0.70337
2.5747	0.70385
2.576	0.70427
2.5773	0.70473
2.5785	0.70512
2.5798	0.70542
2.5811	0.70581
2.5824	0.70630
2.5837	0.70672
2.585	0.70733
2.5863	0.70760
2.5875	0.70789
2.5888	0.70828
2.5901	0.70856
2.5914	0.70884
2.5927	0.70922
2.594	0.70953
2.5953	0.71017
2.5966	0.71074
2.5979	0.71096
2.5992	0.71118
2.6005	0.71152
2.6018	0.71188
2.6031	0.71221
2.6044	0.71250
2.6057	0.71295
2.6071	0.71339
2.6084	0.71364
2.6097	0.71390
2.611	0.71418
2.6123	0.71444
2.6136	0.71474
2.6149	0.71504
2.6163	0.71541
2.6176	0.71586
2.6189	0.71604
2.6202	0.71630
2.6216	0.71683
2.6229	0.71698
2.6242	0.71713
2.6255	0.71733
2.6269	0.71767
2.6282	0.71816
2.6295	0.71826
2.6309	0.71852
2.6322	0.71886
2.6335	0.71894
2.6349	0.71915
2.6362	0.71940
2.6376	0.71964
2.6389	0.71983
2.6402	0.72002
2.6416	0.72017
2.6429	0.72034
2.6443	0.72043
2.6456	0.72062
2.647	0.72095
2.6483	0.72115
2.6497	0.72117
2.651	0.72122
2.6524	0.72136
2.6538	0.72162
2.6551	0.72169
2.6565	0.72174
2.6578	0.72181
2.6592	0.72186
2.6606	0.72196
2.6619	0.72204
2.6633	0.72203
2.6647	0.72204
2.666	0.72221
2.6674	0.72229
2.6688	0.72190
2.6701	0.72135
2.6715	0.72115
2.6729	0.72061
2.6743	0.72005
2.6757	0.71961
2.677	0.71907
2.6784	0.71832
2.6798	0.71738
2.6812	0.71634
2.6826	0.71503
2.684	0.71358
2.6854	0.71193
2.6868	0.71016
2.6881	0.70818
2.6895	0.70598
2.6909	0.70354
2.6923	0.70095
2.6937	0.69837
2.6951	0.69565
2.6965	0.69270
2.6979	0.68969
2.6993	0.68656
2.7008	0.68335
2.7021	0.68002
2.7036	0.67669
2.705	0.67347
2.7064	0.67064
2.7078	0.66788
2.7092	0.66503
2.7106	0.66191
2.7121	0.65845
2.7135	0.65439
2.7149	0.65006
2.7163	0.64568
2.7177	0.64143
2.7192	0.63739
2.7206	0.63353
2.722	0.62958
2.7234	0.62538
2.7249	0.62100
2.7263	0.61624
2.7277	0.61099
2.7292	0.60537
2.7306	0.59937
2.7321	0.59321
2.7335	0.58689
2.7349	0.58057
2.7364	0.57427
2.7378	0.56832
2.7393	0.56291
2.7407	0.55803
2.7422	0.55353
2.7436	0.54952
2.7451	0.54599
2.7465	0.54300
2.748	0.54046
2.7494	0.53824
2.7509	0.53635
2.7524	0.53484
2.7538	0.53356
2.7553	0.53271
2.7567	0.53230
2.7582	0.53190
2.7597	0.53153
2.7611	0.53130
2.7626	0.53147
2.7641	0.53219
2.7656	0.53291
2.767	0.53347
2.7685	0.53413
2.77	0.53467
2.7715	0.53519
2.773	0.53569
2.7744	0.53600
2.7759	0.53634
2.7774	0.53669
2.7789	0.53715
2.7804	0.53764
2.7819	0.53810
2.7834	0.53862
2.7849	0.53906
2.7864	0.53953
2.7879	0.54012
2.7894	0.54056
2.7909	0.54095
2.7924	0.54139
2.7939	0.54181
2.7954	0.54223
2.7969	0.54265
2.7984	0.54293
2.7999	0.54321
2.8014	0.54353
2.8029	0.54386
2.8044	0.54411
2.806	0.54425
2.8075	0.54436
2.809	0.54449
2.8105	0.54458
2.8121	0.54468
2.8136	0.54483
2.8151	0.54495
2.8166	0.54499
2.8182	0.54504
2.8197	0.54506
2.8212	0.54506
2.8228	0.54508
2.8243	0.54513
2.8259	0.54519
2.8274	0.54523
2.8289	0.54531
2.8305	0.54537
2.832	0.54551
2.8336	0.54574
2.8351	0.54588
2.8367	0.54599
2.8382	0.54616
2.8398	0.54640
2.8413	0.54664
2.8429	0.54688
2.8444	0.54720
2.846	0.54762
2.8476	0.54801
2.8491	0.54834
2.8507	0.54867
2.8523	0.54903
2.8538	0.54936
2.8554	0.54972
2.857	0.55014
2.8586	0.55042
2.8601	0.55058
2.8617	0.55076
2.8633	0.55100
2.8649	0.55122
2.8665	0.55132
2.8681	0.55144
2.8696	0.55153
2.8712	0.55162
2.8728	0.55167
2.8744	0.55165
2.876	0.55158
2.8776	0.55160
2.8792	0.55154
2.8808	0.55136
2.8824	0.55121
2.884	0.55122
2.8856	0.55123
2.8872	0.55120
2.8888	0.55115
2.8904	0.55108
2.892	0.55104
2.8937	0.55111
2.8953	0.55130
2.8969	0.55145
2.8985	0.55159
2.9001	0.55179
2.9018	0.55204
2.9034	0.55238
2.905	0.55275
2.9066	0.55312
2.9083	0.55349
2.9099	0.55396
2.9115	0.55450
2.9132	0.55503
2.9148	0.55544
2.9164	0.55589
2.9181	0.55646
2.9197	0.55708
2.9214	0.55764
2.923	0.55815
2.9247	0.55868
2.9263	0.55922
2.928	0.55979
2.9296	0.56037
2.9313	0.56090
2.9329	0.56140
2.9346	0.56186
2.9363	0.56238
2.9379	0.56288
2.9396	0.56333
2.9413	0.56385
2.9429	0.56437
2.9446	0.56481
2.9463	0.56530
2.9479	0.56578
2.9496	0.56622
2.9513	0.56667
2.953	0.56718
2.9547	0.56766
2.9563	0.56810
2.958	0.56855
2.9597	0.56901
2.9614	0.56941
2.9631	0.56985
2.9648	0.57031
2.9665	0.57077
2.9682	0.57120
2.9699	0.57159
2.9716	0.57205
2.9733	0.57251
2.975	0.57288
2.9767	0.57325
2.9784	0.57368
2.9801	0.57418
2.9818	0.57460
2.9836	0.57506
2.9853	0.57559
2.987	0.57607
2.9887	0.57649
2.9904	0.57694
2.9922	0.57740
2.9939	0.57786
2.9956	0.57830
2.9974	0.57879
2.9991	0.57927
3.0008	0.57977
3.0026	0.58028
3.0043	0.58079
3.006	0.58125
3.0078	0.58165
3.0095	0.58213
3.0113	0.58271
3.013	0.58323
3.0148	0.58369
3.0165	0.58416
3.0183	0.58464
3.0201	0.58507
3.0218	0.58549
3.0236	0.58593
3.0253	0.58643
3.0271	0.58690
3.0289	0.58733
3.0306	0.58774
3.0324	0.58820
3.0342	0.58863
3.036	0.58904
3.0377	0.58945
3.0395	0.58986
3.0413	0.59025
3.0431	0.59061
3.0449	0.59096
3.0467	0.59141
3.0485	0.59184
3.0503	0.59218
3.0521	0.59252
3.0538	0.59294
3.0556	0.59335
3.0574	0.59373
3.0593	0.59411
3.0611	0.59453
3.0629	0.59492
3.0647	0.59528
3.0665	0.59563
3.0683	0.59600
3.0701	0.59637
3.0719	0.59677
3.0738	0.59716
3.0756	0.59756
3.0774	0.59795
3.0792	0.59831
3.0811	0.59865
3.0829	0.59908
3.0847	0.59956
3.0866	0.59999
3.0884	0.60042
3.0902	0.60082
3.0921	0.60119
3.0939	0.60164
3.0958	0.60213
3.0976	0.60260
3.0995	0.60304
3.1013	0.60350
3.1032	0.60398
3.1051	0.60446
3.1069	0.60496
3.1088	0.60547
3.1106	0.60596
3.1125	0.60641
3.1144	0.60686
3.1162	0.60739
3.1181	0.60789
3.12	0.60836
3.1219	0.60889
3.1238	0.60943
3.1256	0.60997
3.1275	0.61050
3.1294	0.61100
3.1313	0.61153
3.1332	0.61208
3.1351	0.61261
3.137	0.61315
3.1389	0.61372
3.1408	0.61428
3.1427	0.61481
3.1446	0.61538
3.1465	0.61593
3.1484	0.61642
3.1503	0.61693
3.1522	0.61749
3.1541	0.61806
3.1561	0.61860
3.158	0.61917
3.1599	0.61970
3.1619	0.62021
3.1638	0.62076
3.1657	0.62132
3.1676	0.62190
3.1696	0.62244
3.1715	0.62299
3.1734	0.62354
3.1754	0.62406
3.1773	0.62460
3.1793	0.62517
3.1812	0.62577
3.1832	0.62631
3.1851	0.62685
3.1871	0.62737
3.1891	0.62790
3.191	0.62844
3.193	0.62895
3.195	0.62946
3.1969	0.62998
3.1989	0.63050
3.2009	0.63104
3.2029	0.63156
3.2048	0.63205
3.2068	0.63253
3.2088	0.63304
3.2108	0.63357
3.2128	0.63410
3.2148	0.63458
3.2168	0.63506
3.2188	0.63556
3.2208	0.63608
3.2228	0.63661
3.2248	0.63707
3.2268	0.63752
3.2288	0.63800
3.2308	0.63848
3.2328	0.63894
3.2348	0.63937
3.2368	0.63983
3.2389	0.64029
3.2409	0.64078
3.2429	0.64123
3.2449	0.64166
3.247	0.64208
3.249	0.64248
3.2511	0.64286
3.2531	0.64326
3.2551	0.64368
3.2572	0.64412
3.2592	0.64456
3.2613	0.64498
3.2633	0.64542
3.2654	0.64586
3.2674	0.64628
3.2695	0.64668
3.2716	0.64717
3.2736	0.64766
3.2757	0.64809
3.2778	0.64854
3.2798	0.64901
3.2819	0.64941
3.284	0.64981
3.2861	0.65023
3.2882	0.65062
3.2902	0.65098
3.2923	0.65135
3.2944	0.65174
3.2965	0.65213
3.2986	0.65258
3.3007	0.65305
3.3028	0.65349
3.3049	0.65396
3.307	0.65445
3.3091	0.65485
3.3113	0.65518
3.3134	0.65549
3.3155	0.65584
3.3176	0.65612
3.3197	0.65638
3.3219	0.65661
3.324	0.65680
3.3261	0.65700
3.3283	0.65715
3.3304	0.65721
3.3325	0.65727
3.3347	0.65729
3.3368	0.65723
3.339	0.65711
3.3411	0.65688
3.3433	0.65659
3.3454	0.65623
3.3476	0.65578
3.3498	0.65526
3.3519	0.65465
3.3541	0.65401
3.3563	0.65327
3.3584	0.65244
3.3606	0.65151
3.3628	0.65048
3.365	0.64927
3.3672	0.64796
3.3694	0.64673
3.3715	0.64568
3.3737	0.64490
3.3759	0.64445
3.3781	0.64436
3.3803	0.64467
3.3825	0.64526
3.3847	0.64599
3.3869	0.64677
3.3892	0.64740
3.3914	0.64774
3.3936	0.64775
3.3958	0.64741
3.3981	0.64676
3.4003	0.64589
3.4025	0.64494
3.4047	0.64392
3.407	0.64290
3.4092	0.64204
3.4115	0.64148
3.4137	0.64120
3.416	0.64131
3.4182	0.64177
3.4205	0.64270
3.4227	0.64407
3.425	0.64577
3.4273	0.64760
3.4295	0.64945
3.4318	0.65139
3.4341	0.65337
3.4363	0.65514
3.4386	0.65665
3.4409	0.65796
3.4432	0.65913
3.4455	0.66024
3.4478	0.66132
3.4501	0.66234
3.4524	0.66328
3.4546	0.66412
3.4569	0.66489
3.4593	0.66561
3.4616	0.66617
3.4639	0.66654
3.4662	0.66674
3.4685	0.66678
3.4708	0.66672
3.4732	0.66658
3.4755	0.66641
3.4778	0.66625
3.4801	0.66616
3.4825	0.66622
3.4848	0.66647
3.4872	0.66672
3.4895	0.66697
3.4919	0.66716
3.4942	0.66716
3.4966	0.66707
3.4989	0.66706
3.5013	0.66733
3.5037	0.66809
3.506	0.66918
3.5084	0.67054
3.5108	0.67237
3.5132	0.67462
3.5155	0.67684
3.5179	0.67884
3.5203	0.68057
3.5227	0.68205
3.5251	0.68331
3.5275	0.68443
3.5299	0.68546
3.5323	0.68637
3.5347	0.68717
3.5371	0.68790
3.5395	0.68859
3.5419	0.68925
3.5444	0.68994
3.5468	0.69059
3.5492	0.69116
3.5517	0.69171
3.5541	0.69226
3.5565	0.69285
3.559	0.69342
3.5614	0.69402
3.5639	0.69456
3.5663	0.69509
3.5688	0.69563
3.5712	0.69617
3.5737	0.69666
3.5761	0.69714
3.5786	0.69764
3.5811	0.69810
3.5836	0.69854
3.586	0.69900
3.5885	0.69945
3.591	0.69992
3.5935	0.70035
3.596	0.70073
3.5985	0.70111
3.601	0.70150
3.6035	0.70190
3.606	0.70228
3.6085	0.70263
3.611	0.70298
3.6135	0.70331
3.6161	0.70368
3.6186	0.70402
3.6211	0.70431
3.6236	0.70461
3.6262	0.70492
3.6287	0.70523
3.6313	0.70554
3.6338	0.70585
3.6363	0.70614
3.6389	0.70644
3.6414	0.70674
3.644	0.70708
3.6466	0.70738
3.6491	0.70763
3.6517	0.70793
3.6543	0.70821
3.6569	0.70851
3.6594	0.70879
3.662	0.70912
3.6646	0.70943
3.6672	0.70972
3.6698	0.71001
3.6724	0.71032
3.675	0.71068
3.6776	0.71101
3.6802	0.71132
3.6828	0.71163
3.6854	0.71194
3.6881	0.71222
3.6907	0.71252
3.6933	0.71281
3.6959	0.71305
3.6986	0.71333
3.7012	0.71363
3.7039	0.71390
3.7065	0.71416
3.7092	0.71442
3.7118	0.71464
3.7145	0.71490
3.7171	0.71514
3.7198	0.71538
3.7225	0.71562
3.7252	0.71583
3.7278	0.71605
3.7305	0.71631
3.7332	0.71652
3.7359	0.71678
3.7386	0.71702
3.7413	0.71720
3.744	0.71743
3.7467	0.71762
3.7494	0.71783
3.7521	0.71808
3.7548	0.71830
3.7576	0.71854
3.7603	0.71874
3.763	0.71891
3.7657	0.71909
3.7685	0.71930
3.7712	0.71951
3.774	0.71970
3.7767	0.71986
3.7795	0.72008
3.7822	0.72027
3.785	0.72044
3.7877	0.72062
3.7905	0.72080
3.7933	0.72097
3.7961	0.72111
3.7988	0.72127
3.8016	0.72143
3.8044	0.72156
3.8072	0.72172
3.81	0.72189
3.8128	0.72202
3.8156	0.72214
3.8184	0.72229
3.8212	0.72240
3.8241	0.72251
3.8269	0.72265
3.8297	0.72282
3.8325	0.72295
3.8354	0.72305
3.8382	0.72313
3.8411	0.72327
3.8439	0.72340
3.8468	0.72352
3.8496	0.72365
3.8525	0.72379
3.8553	0.72388
3.8582	0.72399
3.8611	0.72410
3.8639	0.72420
3.8668	0.72429
3.8697	0.72439
3.8726	0.72450
3.8755	0.72463
3.8784	0.72474
3.8813	0.72482
3.8842	0.72491
3.8871	0.72500
3.89	0.72509
3.893	0.72517
3.8959	0.72524
3.8988	0.72533
3.9017	0.72538
3.9047	0.72541
3.9076	0.72545
3.9106	0.72552
3.9135	0.72554
3.9165	0.72554
3.9194	0.72556
3.9224	0.72558
3.9254	0.72558
3.9284	0.72560
3.9313	0.72561
3.9343	0.72563
3.9373	0.72558
3.9403	0.72551
3.9433	0.72545
3.9463	0.72538
3.9493	0.72530
3.9523	0.72527
3.9553	0.72521
3.9583	0.72511
3.9614	0.72502
3.9644	0.72500
3.9674	0.72494
3.9705	0.72488
3.9735	0.72485
3.9766	0.72482
3.9796	0.72477
3.9826	0.72473
3.9857	0.72465
3.9888	0.72461
3.9919	0.72456
3.9949	0.72451
3.998	0.72452
4.0011	0.72454
4.0042	0.72455
4.0073	0.72456
4.0104	0.72455
4.0135	0.72456
4.0166	0.72457
4.0197	0.72453
4.0228	0.72451
4.0259	0.72453
4.0291	0.72450
4.0322	0.72449
4.0353	0.72449
4.0385	0.72446
4.0416	0.72440
4.0448	0.72435
4.0479	0.72431
4.0511	0.72423
4.0543	0.72418
4.0574	0.72416
4.0606	0.72409
4.0638	0.72402
4.067	0.72392
4.0702	0.72377
4.0734	0.72363
4.0766	0.72353
4.0798	0.72338
4.083	0.72324
4.0862	0.72311
4.0894	0.72300
4.0927	0.72283
4.0959	0.72270
4.0991	0.72259
4.1024	0.72244
4.1056	0.72228
4.1089	0.72212
4.1121	0.72196
4.1154	0.72179
4.1187	0.72162
4.122	0.72145
4.1252	0.72129
4.1285	0.72114
4.1318	0.72095
4.1351	0.72073
4.1384	0.72049
4.1417	0.72031
4.145	0.72011
4.1483	0.71993
4.1516	0.71974
4.155	0.71955
4.1583	0.71931
4.1616	0.71907
4.165	0.71881
4.1683	0.71857
4.1717	0.71835
4.175	0.71817
4.1784	0.71797
4.1818	0.71775
4.1852	0.71749
4.1885	0.71729
4.1919	0.71707
4.1953	0.71686
4.1987	0.71667
4.2021	0.71648
4.2055	0.71625
4.2089	0.71599
4.2124	0.71575
4.2158	0.71552
4.2192	0.71526
4.2226	0.71500
4.2261	0.71469
4.2295	0.71436
4.233	0.71401
4.2365	0.71366
4.2399	0.71330
4.2434	0.71294
4.2469	0.71251
4.2503	0.71209
4.2538	0.71163
4.2573	0.71116
4.2608	0.71080
4.2643	0.71048
4.2678	0.71017
4.2714	0.70985
4.2749	0.70957
4.2784	0.70939
4.2819	0.70919
4.2855	0.70898
4.289	0.70876
4.2926	0.70857
4.2961	0.70841
4.2997	0.70822
4.3033	0.70799
4.3068	0.70780
4.3104	0.70757
4.314	0.70734
4.3176	0.70710
4.3212	0.70687
4.3248	0.70664
4.3284	0.70640
4.332	0.70610
4.3356	0.70581
4.3393	0.70549
4.3429	0.70513
4.3465	0.70480
4.3502	0.70446
4.3538	0.70409
4.3575	0.70372
4.3611	0.70326
4.3648	0.70285
4.3685	0.70245
4.3722	0.70205
4.3759	0.70163
4.3796	0.70118
4.3833	0.70072
4.387	0.70029
4.3907	0.69981
4.3944	0.69936
4.3981	0.69883
4.4019	0.69829
4.4056	0.69778
4.4094	0.69727
4.4131	0.69672
4.4169	0.69616
4.4206	0.69554
4.4244	0.69495
4.4282	0.69430
4.432	0.69364
4.4358	0.69297
4.4396	0.69224
4.4434	0.69151
4.4472	0.69071
4.451	0.68977
4.4548	0.68886
4.4586	0.68794
4.4625	0.68698
4.4663	0.68593
4.4702	0.68480
4.474	0.68363
4.4779	0.68238
4.4818	0.68103
4.4856	0.67973
4.4895	0.67830
4.4934	0.67678
4.4973	0.67519
4.5012	0.67355
4.5051	0.67185
4.509	0.67003
4.513	0.66808
4.5169	0.66608
4.5208	0.66400
4.5248	0.66184
4.5287	0.65956
4.5327	0.65718
4.5367	0.65476
4.5406	0.65234
4.5446	0.64993
4.5486	0.64747
4.5526	0.64491
4.5566	0.64240
4.5606	0.63987
4.5646	0.63733
4.5686	0.63472
4.5727	0.63208
4.5767	0.62944
4.5808	0.62686
4.5848	0.62419
4.5889	0.62150
4.5929	0.61882
4.597	0.61611
4.6011	0.61339
4.6052	0.61070
4.6093	0.60797
4.6134	0.60526
4.6175	0.60253
4.6216	0.59979
4.6257	0.59701
4.6298	0.59421
4.634	0.59143
4.6381	0.58864
4.6423	0.58578
4.6464	0.58294
4.6506	0.58013
4.6548	0.57732
4.659	0.57452
4.6631	0.57174
4.6673	0.56899
4.6715	0.56624
4.6758	0.56349
4.68	0.56082
4.6842	0.55814
4.6884	0.55544
4.6927	0.55275
4.6969	0.55004
4.7012	0.54735
4.7055	0.54466
4.7097	0.54194
4.714	0.53927
4.7183	0.53662
4.7226	0.53401
4.7269	0.53144
4.7312	0.52893
4.7355	0.52651
4.7399	0.52417
4.7442	0.52186
4.7485	0.51962
4.7529	0.51741
4.7573	0.51527
4.7616	0.51317
4.766	0.51106
4.7704	0.50898
4.7748	0.50692
4.7792	0.50484
4.7836	0.50277
4.788	0.50067
4.7924	0.49856
4.7969	0.49641
4.8013	0.49420
4.8058	0.49193
4.8102	0.48964
4.8147	0.48731
4.8191	0.48496
4.8236	0.48255
4.8281	0.48018
4.8326	0.47780
4.8371	0.47537
4.8416	0.47298
4.8462	0.47062
4.8507	0.46822
4.8553	0.46586
4.8598	0.46354
4.8644	0.46133
4.8689	0.45917
4.8735	0.45705
4.8781	0.45498
4.8827	0.45297
4.8873	0.45105
4.8919	0.44924
4.8965	0.44745
4.9011	0.44575
4.9058	0.44417
4.9104	0.44264
4.9151	0.44114
4.9197	0.43969
4.9244	0.43824
4.9291	0.43687
4.9338	0.43551
4.9385	0.43426
4.9432	0.43303
4.9479	0.43182
4.9526	0.43071
4.9574	0.42961
4.9621	0.42849
4.9669	0.42732
4.9716	0.42603
4.9764	0.42466
4.9812	0.42321
4.986	0.42172
4.9908	0.42009
4.9956	0.41836
5.0004	0.41658
5.0052	0.41470
5.01	0.41277
5.0149	0.41085
5.0198	0.40894
5.0246	0.40702
5.0295	0.40519
5.0344	0.40344
5.0393	0.40181
5.0442	0.40038
5.0491	0.39915
5.054	0.39815
5.0589	0.39733
5.0639	0.39669
5.0688	0.39622
5.0738	0.39592
5.0788	0.39578
5.0837	0.39576
5.0887	0.39579
5.0937	0.39588
5.0987	0.39599
5.1037	0.39614
5.1088	0.39633
5.1138	0.39657
5.1189	0.39686
5.1239	0.39720
5.129	0.39753
5.1341	0.39791
5.1391	0.39832
5.1443	0.39879
5.1494	0.39931
5.1545	0.39985
5.1596	0.40041
5.1647	0.40102
5.1699	0.40161
5.175	0.40222
5.1802	0.40284
5.1854	0.40345
5.1906	0.40403
5.1958	0.40459
5.201	0.40511
5.2062	0.40559
5.2115	0.40605
5.2167	0.40660
5.222	0.40710
5.2272	0.40761
5.2325	0.40815
5.2378	0.40865
5.2431	0.40920
5.2484	0.40980
5.2537	0.41041
5.259	0.41106
5.2644	0.41177
5.2697	0.41261
5.2751	0.41351
5.2805	0.41446
5.2858	0.41548
5.2912	0.41662
5.2966	0.41776
5.302	0.41896
5.3075	0.42023
5.3129	0.42157
5.3184	0.42293
5.3238	0.42433
5.3293	0.42577
5.3348	0.42720
5.3403	0.42859
5.3458	0.43002
5.3513	0.43145
5.3568	0.43288
5.3624	0.43432
5.3679	0.43579
5.3735	0.43730
5.379	0.43882
5.3846	0.44032
5.3902	0.44188
5.3958	0.44343
5.4015	0.44500
5.4071	0.44657
5.4127	0.44816
5.4184	0.44976
5.4241	0.45141
5.4297	0.45298
5.4354	0.45458
5.4411	0.45620
5.4469	0.45783
5.4526	0.45942
5.4583	0.46096
5.4641	0.46258
5.4698	0.46413
5.4756	0.46551
5.4814	0.46685
5.4872	0.46802
5.493	0.46908
5.4988	0.47000
5.5047	0.47080
5.5105	0.47142
5.5164	0.47190
5.5223	0.47219
5.5281	0.47238
5.534	0.47235
5.54	0.47220
5.5459	0.47183
5.5518	0.47127
5.5578	0.47047
5.5637	0.46951
5.5697	0.46833
5.5757	0.46705
5.5817	0.46561
5.5877	0.46409
5.5937	0.46255
5.5998	0.46109
5.6058	0.45972
5.6119	0.45855
5.618	0.45751
5.6241	0.45660
5.6302	0.45577
5.6363	0.45515
5.6424	0.45468
5.6486	0.45423
5.6547	0.45383
5.6609	0.45356
5.6671	0.45321
5.6733	0.45289
5.6795	0.45242
5.6857	0.45179
5.692	0.45104
5.6982	0.45011
5.7045	0.44892
5.7108	0.44765
5.7171	0.44604
5.7234	0.44414
5.7297	0.44199
5.736	0.43964
5.7424	0.43700
5.7488	0.43417
5.7551	0.43107
5.7615	0.42787
5.768	0.42455
5.7744	0.42109
5.7808	0.41761
5.7873	0.41427
5.7937	0.41103
5.8002	0.40796
5.8067	0.40500
5.8132	0.40224
5.8198	0.39966
5.8263	0.39722
5.8328	0.39470
5.8394	0.39223
5.846	0.38967
5.8526	0.38708
5.8592	0.38442
5.8658	0.38165
5.8725	0.37870
5.8791	0.37572
5.8858	0.37243
5.8925	0.36900
5.8992	0.36540
5.9059	0.36162
5.9126	0.35783
5.9194	0.35400
5.9262	0.35019
5.9329	0.34659
5.9397	0.34296
5.9465	0.33935
5.9534	0.33594
5.9602	0.33277
5.9671	0.32985
5.974	0.32718
5.9808	0.32479
5.9878	0.32281
5.9947	0.32101
6.0016	0.31944
6.0086	0.31826
6.0155	0.31738
6.0225	0.31662
6.0295	0.31600
6.0365	0.31547
6.0436	0.31512
6.0506	0.31478
6.0577	0.31415
6.0648	0.31343
6.0719	0.31289
6.079	0.31236
6.0861	0.31178
6.0933	0.31130
6.1005	0.31099
6.1076	0.31075
6.1148	0.31058
6.1221	0.31026
6.1293	0.30991
6.1365	0.30960
6.1438	0.30924
6.1511	0.30874
6.1584	0.30822
6.1657	0.30755
6.1731	0.30673
6.1804	0.30589
6.1878	0.30503
6.1952	0.30399
6.2026	0.30284
6.21	0.30164
6.2175	0.30050
6.225	0.29935
6.2324	0.29819
6.2399	0.29705
6.2475	0.29599
6.255	0.29489
6.2625	0.29374
6.2701	0.29259
6.2777	0.29144
6.2853	0.29023
6.293	0.28903
6.3006	0.28779
6.3083	0.28646
6.3159	0.28507
6.3236	0.28365
6.3314	0.28222
6.3391	0.28093
6.3469	0.27962
6.3546	0.27818
6.3624	0.27678
6.3703	0.27545
6.3781	0.27407
6.3859	0.27273
6.3938	0.27148
6.4017	0.27038
6.4096	0.26940
6.4175	0.26845
6.4255	0.26746
6.4335	0.26664
6.4415	0.26598
6.4495	0.26540
6.4575	0.26496
6.4656	0.26469
6.4736	0.26462
6.4817	0.26476
6.4898	0.26514
6.498	0.26569
6.5061	0.26632
6.5143	0.26711
6.5225	0.26814
6.5307	0.26921
6.539	0.27040
6.5472	0.27165
6.5555	0.27291
6.5638	0.27410
6.5721	0.27525
6.5804	0.27621
6.5888	0.27699
6.5972	0.27775
6.6056	0.27840
6.614	0.27918
6.6225	0.28022
6.6309	0.28164
6.6394	0.28343
6.6479	0.28524
6.6565	0.28720
6.665	0.28944
6.6736	0.29176
6.6822	0.29418
6.6908	0.29658
6.6995	0.29888
6.7081	0.30121
6.7168	0.30338
6.7255	0.30530
6.7343	0.30706
6.743	0.30858
6.7518	0.30983
6.7606	0.31083
6.7694	0.31161
6.7783	0.31214
6.7871	0.31250
6.796	0.31269
6.805	0.31270
6.8139	0.31269
6.8229	0.31266
6.8319	0.31248
6.8409	0.31211
6.8499	0.31160
6.859	0.31101
6.868	0.31026
6.8772	0.30927
6.8863	0.30819
6.8955	0.30704
6.9046	0.30586
6.9138	0.30462
6.9231	0.30326
6.9323	0.30183
6.9416	0.30031
6.9509	0.29872
6.9602	0.29708
6.9696	0.29532
6.979	0.29358
6.9884	0.29188
6.9978	0.29016
7.0073	0.28847
7.0168	0.28685
7.0263	0.28525
7.0358	0.28364
7.0454	0.28216
7.0549	0.28071
7.0645	0.27927
7.0742	0.27791
7.0839	0.27664
7.0935	0.27543
7.1033	0.27425
7.113	0.27311
7.1228	0.27203
7.1326	0.27090
7.1424	0.26973
7.1522	0.26857
7.1621	0.26748
7.172	0.26644
7.182	0.26539
7.1919	0.26435
7.2019	0.26336
7.2119	0.26240
7.222	0.26150
7.232	0.26064
7.2421	0.25982
7.2523	0.25905
7.2624	0.25837
7.2726	0.25767
7.2828	0.25691
7.2931	0.25608
7.3033	0.25520
7.3136	0.25422
7.324	0.25311
7.3343	0.25191
7.3447	0.25066
7.3551	0.24937
7.3656	0.24804
7.3761	0.24664
7.3866	0.24516
7.3971	0.24358
7.4077	0.24195
7.4183	0.24024
7.4289	0.23849
7.4396	0.23673
7.4503	0.23494
7.461	0.23305
7.4717	0.23115
7.4825	0.22928
7.4933	0.22735
7.5041	0.22538
7.515	0.22335
7.5259	0.22130
7.5369	0.21930
7.5479	0.21727
7.5589	0.21518
7.5699	0.21311
7.581	0.21105
7.592	0.20896
7.6032	0.20690
7.6144	0.20480
7.6255	0.20268
7.6368	0.20054
7.648	0.19840
7.6593	0.19623
7.6707	0.19403
7.682	0.19179
7.6934	0.18956
7.7049	0.18732
7.7163	0.18511
7.7278	0.18286
7.7394	0.18062
7.7509	0.17834
7.7625	0.17604
7.7742	0.17370
7.7858	0.17138
7.7975	0.16899
7.8093	0.16656
7.8211	0.16409
7.8329	0.16152
7.8447	0.15890
7.8566	0.15626
7.8685	0.15349
7.8805	0.15069
7.8925	0.14786
7.9045	0.14495
7.9166	0.14202
7.9287	0.13912
7.9408	0.13617
7.953	0.13318
7.9652	0.13018
7.9775	0.12723
7.9898	0.12425
8.0021	0.12134
8.0145	0.11843
8.0269	0.11549
8.0393	0.11253
8.0518	0.10958
8.0643	0.10662
8.0769	0.10370
8.0895	0.10072
8.1021	0.09769
8.1148	0.09467
8.1275	0.09167
8.1403	0.08861
8.1531	0.08554
8.1659	0.08247
8.1788	0.07944
8.1917	0.07640
8.2047	0.07340
8.2177	0.07042
8.2307	0.06749
8.2438	0.06459
8.257	0.06176
8.2701	0.05903
8.2833	0.05642
8.2966	0.05383
8.3099	0.05137
8.3232	0.04900
8.3366	0.04682
8.35	0.04476
8.3635	0.04287
8.377	0.04115
8.3905	0.03972
8.4042	0.03852
8.4178	0.03762
8.4315	0.03697
8.4452	0.03667
8.459	0.03683
8.4728	0.03751
8.4867	0.03864
8.5006	0.04035
8.5145	0.04255
8.5285	0.04542
8.5426	0.04897
8.5567	0.05313
8.5708	0.05796
8.585	0.06351
8.5993	0.06942
8.6135	0.07558
8.6279	0.08160
8.6423	0.08702
8.6567	0.09145
8.6712	0.09501
8.6857	0.09812
8.7003	0.10127
8.7149	0.10459
8.7295	0.10800
8.7443	0.11135
8.759	0.11456
8.7739	0.11746
8.7887	0.12002
8.8037	0.12209
8.8186	0.12364
8.8337	0.12475
8.8487	0.12549
8.8638	0.12592
8.879	0.12619
8.8943	0.12625
8.9095	0.12623
8.9249	0.12607
8.9403	0.12578
8.9557	0.12514
8.9712	0.12428
8.9868	0.12332
9.0023	0.12220
9.018	0.12092
9.0337	0.11961
9.0495	0.11830
9.0653	0.11708
9.0812	0.11587
9.0971	0.11475
9.1131	0.11365
9.1291	0.11256
9.1452	0.11149
9.1614	0.11041
9.1776	0.10934
9.1939	0.10825
9.2102	0.10711
9.2266	0.10594
9.243	0.10467
9.2595	0.10331
9.2761	0.10181
9.2927	0.10020
9.3094	0.09838
9.3262	0.09643
9.343	0.09440
9.3598	0.09227
9.3768	0.09005
9.3938	0.08792
9.4108	0.08587
9.4279	0.08404
9.4451	0.08236
9.4623	0.08083
9.4796	0.07949
9.497	0.07839
9.5144	0.07748
9.5319	0.07670
9.5494	0.07603
9.567	0.07553
9.5847	0.07506
9.6025	0.07466
9.6203	0.07430
9.6382	0.07395
9.6561	0.07357
9.6742	0.07332
9.6922	0.07300
9.7104	0.07270
9.7286	0.07234
9.7469	0.07196
9.7652	0.07157
9.7837	0.07114
9.8022	0.07072
9.8207	0.07035
9.8394	0.07000
9.8581	0.06974
9.8768	0.06953
9.8957	0.06939
9.9146	0.06934
9.9336	0.06936
9.9527	0.06939
9.9718	0.06937
9.991	0.06928
10.0103	0.06921
10.0297	0.06913
10.0491	0.06912
10.0686	0.06937
10.0882	0.07000
10.1079	0.07106
10.1276	0.07274
10.1475	0.07485
10.1673	0.07718
10.1873	0.07958
10.2074	0.08194
10.2275	0.08431
10.2477	0.08677
10.268	0.08911
10.2884	0.09138
10.3088	0.09350
10.3294	0.09530
10.35	0.09670
10.3707	0.09779
10.3915	0.09847
10.4123	0.09909
10.4333	0.10009
10.4543	0.10159
10.4754	0.10327
10.4967	0.10486
10.5179	0.10613
10.5393	0.10697
10.5608	0.10739
10.5823	0.10746
10.604	0.10719
10.6257	0.10683
10.6475	0.10646
10.6694	0.10623
10.6914	0.10617
10.7135	0.10640
10.7357	0.10673
10.758	0.10712
10.7803	0.10753
10.8028	0.10779
10.8254	0.10781
10.848	0.10760
10.8708	0.10729
10.8936	0.10690
10.9165	0.10633
10.9395	0.10568
10.9627	0.10497
10.9859	0.10434
11.0092	0.10371
11.0327	0.10309
11.0562	0.10251
11.0798	0.10201
11.1035	0.10146
11.1274	0.10103
11.1513	0.10063
11.1753	0.10022
11.1995	0.09991
11.2237	0.09967
11.248	0.09942
11.2725	0.09916
11.2971	0.09883
11.3217	0.09843
11.3465	0.09787
11.3714	0.09725
11.3964	0.09654
11.4215	0.09567
11.4467	0.09470
11.472	0.09358
11.4975	0.09235
11.523	0.09104
11.5487	0.08964
11.5744	0.08839
11.6003	0.08714
11.6263	0.08592
11.6525	0.08476
11.6787	0.08362
11.7051	0.08234
11.7316	0.08111
11.7582	0.08004
11.7849	0.07915
11.8117	0.07844
11.8387	0.07800
11.8658	0.07785
11.893	0.07794
11.9203	0.07815
11.9478	0.07844
11.9754	0.07886
12.0031	0.07947
12.031	0.07995
12.059	0.08042
12.0871	0.08098
12.1153	0.08167
12.1437	0.08225
12.1722	0.08280
12.2008	0.08331
12.2296	0.08383
12.2585	0.08440
12.2876	0.08491
12.3168	0.08536
12.3461	0.08575
12.3755	0.08596
12.4052	0.08609
12.4349	0.08612
12.4648	0.08595
12.4948	0.08568
12.525	0.08538
12.5553	0.08513
12.5858	0.08501
12.6164	0.08477
12.6472	0.08472
12.6781	0.08498
12.7092	0.08528
12.7404	0.08568
12.7718	0.08622
12.8033	0.08678
12.835	0.08744
12.8669	0.08820
12.8989	0.08899
12.9311	0.08968
12.9634	0.09029
12.9959	0.09076
13.0285	0.09129
13.0613	0.09169
13.0943	0.09201
13.1275	0.09246
13.1608	0.09298
13.1943	0.09350
13.228	0.09407
13.2618	0.09470
13.2958	0.09546
13.33	0.09605
13.3643	0.09657
13.3988	0.09697
13.4336	0.09723
13.4685	0.09729
13.5035	0.09706
13.5388	0.09665
13.5742	0.09587
13.6099	0.09468
13.6457	0.09316
13.6817	0.09131
13.7179	0.08910
13.7543	0.08666
13.7908	0.08421
13.8276	0.08185
13.8646	0.07960
13.9018	0.07765
13.9392	0.07587
13.9767	0.07399
14.0145	0.07187
14.0525	0.06954
14.0907	0.06718
14.129	0.06484
14.1676	0.06253
14.2065	0.06043
14.2455	0.05872
14.2847	0.05722
14.3242	0.05583
14.3639	0.05437
14.4038	0.05287
14.4439	0.05134
14.4843	0.04978
14.5248	0.04802
14.5656	0.04622
14.6067	0.04444
14.6479	0.04276
14.6894	0.04137
14.7312	0.04035
14.7731	0.03953
14.8153	0.03888
14.8578	0.03832
14.9005	0.03791
14.9434	0.03737
14.9866	0.03677
15.03	0.03626
15.0737	0.03593
15.1177	0.03543
15.1619	0.03458
15.2063	0.03379
15.2511	0.03321
15.2961	0.03306
15.3413	0.03330
15.3868	0.03384
15.4326	0.03470
15.4787	0.03567
15.525	0.03657
15.5717	0.03728
15.6186	0.03774
15.6658	0.03796
15.7132	0.03781
15.761	0.03747
15.809	0.03716
15.8574	0.03686
15.906	0.03681
15.955	0.03684
16.0042	0.03704
16.0538	0.03735
16.1036	0.03776
16.1538	0.03826
16.2043	0.03901
16.2551	0.04020
16.3062	0.04171
16.3576	0.04377
16.4094	0.04646
16.4615	0.04976
16.5139	0.05360
16.5667	0.05798
16.6198	0.06258
16.6732	0.06748
16.727	0.07219
16.7811	0.07648
16.8356	0.08061
16.8905	0.08460
16.9457	0.08864
17.0012	0.09245
17.0572	0.09593
17.1134	0.09930
17.1701	0.10262
17.2272	0.10571
17.2846	0.10857
17.3424	0.11148
17.4006	0.11426
17.4592	0.11625
17.5182	0.11802
17.5775	0.11935
17.6373	0.12009
17.6975	0.12034
17.7581	0.12031
17.8192	0.12029
17.8806	0.12024
17.9425	0.11969
18.0048	0.11927
18.0675	0.11903
18.1307	0.11863
18.1943	0.11829
18.2584	0.11784
18.3229	0.11742
18.3879	0.11735
18.4533	0.11724
18.5192	0.11777
18.5856	0.11877
18.6524	0.11973
18.7198	0.12083
18.7876	0.12229
18.8559	0.12421
18.9247	0.12585
18.9941	0.12707
19.0639	0.12846
19.1342	0.12980
19.2051	0.13042
19.2765	0.13066
19.3484	0.13082
19.4209	0.13073
19.4939	0.13032
19.5675	0.12982
19.6416	0.12858
19.7163	0.12680
19.7915	0.12524
19.8673	0.12329
19.9438	0.12020
20.0208	0.11772
20.0984	0.11619
20.1766	0.11453
20.2554	0.11331
20.3348	0.11291
20.4149	0.11288
20.4956	0.11325
20.5769	0.11356
20.6589	0.11393
20.7416	0.11335
20.8248	0.11337
20.9088	0.11372
20.9935	0.11229
21.0788	0.11180
21.1648	0.11120
21.2516	0.11002
21.3391	0.10833
21.4272	0.10729
21.5161	0.10597
21.6058	0.10438
21.6962	0.10282
21.7873	0.10275
21.8793	0.10165
21.972	0.09926
22.0654	0.09770
22.1597	0.09723
22.2548	0.09614
22.3508	0.09546
22.4475	0.09529
22.5451	0.09543
22.6436	0.09504
22.7429	0.09520
22.8431	0.09560
22.9442	0.09584
23.0461	0.09569
23.149	0.09651
23.2528	0.09658
23.3576	0.09568
23.4633	0.09563
23.5699	0.09687
23.6775	0.09666
23.7861	0.09742
23.8958	0.09873
24.0064	0.09743
24.118	0.09692
24.2307	0.09762
24.3445	0.09750
24.4593	0.09721
24.5753	0.09632
24.6923	0.09573
24.8104	0.09514
24.9297	0.09542
25.0501	0.09638
25.1717	0.09609
25.2945	0.09394
25.4185	0.09261
25.5437	0.09051
25.6702	0.08867
25.7979	0.08687
25.9269	0.08557
26.0572	0.08375
26.1888	0.08185
26.3217	0.07990
26.456	0.08006
26.5917	0.08181
26.7288	0.08143
26.8672	0.07885
27.0072	0.07842
27.1486	0.07732
27.2915	0.07675
27.4359	0.07611
27.5818	0.07627
27.7293	0.07677
27.8784	0.07926
28.0291	0.08088
28.1814	0.08342
28.3354	0.08613
28.4911	0.08792
28.6485	0.08674
28.8077	0.08627
28.9686	0.08795
29.1313	0.09044
29.2959	0.09177
29.4624	0.09112
29.6307	0.09086
29.801	0.09307
29.9733	0.09156
30.1475	0.08919
30.3238	0.08991
30.5022	0.09209
30.6827	0.09021
30.8653	0.08816
31.0502	0.08282
31.2372	0.08038
31.4265	0.07958
31.6182	0.08041
31.8121	0.08209
32.0085	0.08160
32.2073	0.08096
32.4086	0.08208
32.6124	0.08279
32.8188	0.08692
33.0279	0.09340
33.2396	0.08988
33.4541	0.08685
33.6713	0.08797
33.8914	0.08803
34.1143	0.08933
34.3403	0.09358
34.5692	0.09685
34.8012	0.09339
35.0363	0.09231
35.2747	0.09530
35.5163	0.10077
35.7612	0.10342
36.0096	0.10135
36.2614	0.09187
36.5167	0.08845
36.7757	0.08837
37.0384	0.08777
37.3049	0.08761
37.5752	0.09114
37.8495	0.08993
38.1278	0.08926
38.4102	0.09177
38.6968	0.09437
38.9878	0.09770
39.2832	0.10881
39.583	0.11131
39.8875	0.10858
40.1967	0.11335
40.5108	0.11665
40.8298	0.11512
41.1538	0.11106
41.483	0.10906
41.8176	0.10918
42.1575	0.10785
42.5031	0.10754
42.8544	0.10764
43.2115	0.11158
43.5746	0.11544
43.9439	0.12433
44.3195	0.12245
44.7015	0.11909
45.0902	0.11992
45.4858	0.11611
45.8883	0.11293
46.298	0.11739
46.7151	0.12414
47.1398	0.12261
47.5723	0.12062
48.0128	0.12548
48.4615	0.12244
48.9187	0.12491
49.3846	0.12519
49.8594	0.11742
