Brown University Keck/NASA Relab Spectrum SR-VXF-004-C/L1SR04C
Wavelength(micron)	Reflectance
0.3	0.03049
0.305	0.03339
0.31	0.03857
0.315	0.04000
0.32	0.04215
0.325	0.04505
0.33	0.04775
0.335	0.05195
0.34	0.05560
0.345	0.05909
0.35	0.06215
0.355	0.06584
0.36	0.06940
0.365	0.07302
0.37	0.07544
0.375	0.07881
0.38	0.08205
0.385	0.08543
0.39	0.08824
0.395	0.09188
0.4	0.09443
0.405	0.09699
0.41	0.09865
0.415	0.10155
0.42	0.10238
0.425	0.10463
0.43	0.10656
0.435	0.10869
0.44	0.11042
0.445	0.11174
0.45	0.11357
0.455	0.11570
0.46	0.11868
0.465	0.12131
0.47	0.12393
0.475	0.12608
0.48	0.12890
0.485	0.13088
0.49	0.13288
0.495	0.13515
0.5	0.13868
0.505	0.14021
0.51	0.14232
0.515	0.14515
0.52	0.14731
0.525	0.14940
0.53	0.15089
0.535	0.15216
0.54	0.15322
0.545	0.15391
0.55	0.15448
0.555	0.15461
0.56	0.15464
0.565	0.15424
0.57	0.15353
0.575	0.15312
0.58	0.15210
0.585	0.15118
0.59	0.14992
0.595	0.14888
0.6	0.14761
0.605	0.14631
0.61	0.14515
0.615	0.14387
0.62	0.14263
0.625	0.14147
0.63	0.14009
0.635	0.13885
0.64	0.13760
0.645	0.13621
0.65	0.13490
0.655	0.13351
0.66	0.13196
0.665	0.13083
0.67	0.12933
0.675	0.12793
0.68	0.12654
0.685	0.12537
0.69	0.12400
0.695	0.12268
0.7	0.12155
0.705	0.12036
0.71	0.11925
0.715	0.11779
0.72	0.11692
0.725	0.11547
0.73	0.11464
0.735	0.11344
0.74	0.11295
0.745	0.11202
0.75	0.11102
0.755	0.11016
0.76	0.11046
0.765	0.10974
0.77	0.10932
0.775	0.10860
0.78	0.10824
0.785	0.10814
0.79	0.10821
0.795	0.10814
0.8	0.10829
0.805	0.10859
0.81	0.10882
0.815	0.10948
0.82	0.10988
0.825	0.11045
0.83	0.11090
0.835	0.11134
0.84	0.11218
0.845	0.11280
0.85	0.11316
0.855	0.11340
0.86	0.11358
0.865	0.11389
0.87	0.11412
0.875	0.11428
0.88	0.11352
0.885	0.11344
0.89	0.11236
0.895	0.11180
0.9	0.11150
0.905	0.11080
0.91	0.10917
0.915	0.10885
0.92	0.10746
0.925	0.10631
0.93	0.10517
0.935	0.10414
0.94	0.10337
0.945	0.10192
0.95	0.10137
0.955	0.10011
0.96	0.09928
0.965	0.09835
0.97	0.09772
0.975	0.09664
0.98	0.09619
0.985	0.09521
0.99	0.09469
0.995	0.09406
1	0.09334
1.005	0.09290
1.01	0.09240
1.015	0.09205
1.02	0.09204
1.025	0.09150
1.03	0.09160
1.035	0.09126
1.04	0.09108
1.045	0.09123
1.05	0.09145
1.055	0.09146
1.06	0.09164
1.065	0.09175
1.07	0.09234
1.075	0.09263
1.08	0.09297
1.085	0.09373
1.09	0.09438
1.095	0.09494
1.1	0.09576
1.105	0.09655
1.11	0.09743
1.115	0.09806
1.12	0.09885
1.125	0.09958
1.13	0.10023
1.135	0.10135
1.14	0.10148
1.145	0.10192
1.15	0.10256
1.155	0.10337
1.16	0.10361
1.165	0.10429
1.17	0.10481
1.175	0.10530
1.18	0.10561
1.185	0.10589
1.19	0.10644
1.195	0.10717
1.2	0.10710
1.205	0.10785
1.21	0.10840
1.215	0.10893
1.22	0.10948
1.225	0.11009
1.23	0.11046
1.235	0.11104
1.24	0.11167
1.245	0.11232
1.25	0.11317
1.255	0.11357
1.26	0.11461
1.265	0.11498
1.27	0.11596
1.275	0.11675
1.28	0.11725
1.285	0.11791
1.29	0.11899
1.295	0.11987
1.3	0.12074
1.305	0.12184
1.31	0.12279
1.315	0.12375
1.32	0.12456
1.325	0.12544
1.33	0.12669
1.335	0.12729
1.34	0.12833
1.345	0.12928
1.35	0.13034
1.355	0.13145
1.36	0.13252
1.365	0.13340
1.37	0.13393
1.375	0.13464
1.38	0.13572
1.385	0.13659
1.39	0.13739
1.395	0.13835
1.4	0.13904
1.405	0.13992
1.41	0.14148
1.415	0.14240
1.42	0.14354
1.425	0.14454
1.43	0.14572
1.435	0.14627
1.44	0.14755
1.445	0.14831
1.45	0.14962
1.455	0.15036
1.46	0.15124
1.465	0.15251
1.47	0.15348
1.475	0.15460
1.48	0.15534
1.485	0.15627
1.49	0.15753
1.495	0.15832
1.5	0.15931
1.505	0.16014
1.51	0.16142
1.515	0.16232
1.52	0.16362
1.525	0.16455
1.53	0.16548
1.535	0.16651
1.54	0.16718
1.545	0.16863
1.55	0.16903
1.555	0.17043
1.56	0.17178
1.565	0.17270
1.57	0.17531
1.575	0.17591
1.58	0.17696
1.585	0.17795
1.59	0.17908
1.595	0.18000
1.6	0.18094
1.605	0.18174
1.61	0.18241
1.615	0.18324
1.62	0.18478
1.625	0.18564
1.63	0.18646
1.635	0.18710
1.64	0.18831
1.645	0.18946
1.65	0.19041
1.655	0.19160
1.66	0.19147
1.665	0.19257
1.67	0.19308
1.675	0.19386
1.68	0.19521
1.685	0.19581
1.69	0.19698
1.695	0.19752
1.7	0.19896
1.705	0.19980
1.71	0.20050
1.715	0.20127
1.72	0.20194
1.725	0.20282
1.73	0.20360
1.735	0.20413
1.74	0.20491
1.745	0.20569
1.75	0.20605
1.755	0.20646
1.76	0.20764
1.765	0.20893
1.77	0.20879
1.775	0.20919
1.78	0.20975
1.785	0.21042
1.79	0.21053
1.795	0.21182
1.8	0.21213
1.805	0.21284
1.81	0.21402
1.815	0.21368
1.82	0.21418
1.825	0.21454
1.83	0.21517
1.835	0.21581
1.84	0.21601
1.845	0.21604
1.85	0.21712
1.855	0.21666
1.86	0.21644
1.865	0.21750
1.87	0.21854
1.875	0.21608
1.88	0.21573
1.885	0.21664
1.89	0.21555
1.895	0.21544
1.9	0.21401
1.905	0.21160
1.91	0.21049
1.915	0.21053
1.92	0.21071
1.925	0.21113
1.93	0.21100
1.935	0.21161
1.94	0.21161
1.945	0.21185
1.95	0.21333
1.955	0.21350
1.96	0.21410
1.965	0.21423
1.97	0.21471
1.975	0.21487
1.98	0.21495
1.985	0.21516
1.99	0.21553
1.995	0.21601
2	0.21621
2.005	0.21579
2.01	0.21624
2.015	0.21627
2.02	0.21590
2.025	0.21621
2.03	0.21621
2.035	0.21557
2.04	0.21582
2.045	0.21568
2.05	0.21477
2.055	0.21448
2.06	0.21454
2.065	0.21382
2.07	0.21321
2.075	0.21326
2.08	0.21321
2.085	0.21271
2.09	0.21262
2.095	0.21232
2.1	0.21134
2.105	0.21151
2.11	0.21091
2.115	0.21036
2.12	0.20967
2.125	0.21035
2.13	0.20993
2.135	0.20966
2.14	0.20839
2.145	0.20780
2.15	0.20745
2.155	0.20715
2.16	0.20665
2.165	0.20659
2.17	0.20612
2.175	0.20629
2.18	0.20530
2.185	0.20482
2.19	0.20432
2.195	0.20465
2.2	0.20349
2.205	0.20275
2.21	0.20113
2.215	0.20140
2.22	0.20166
2.225	0.20081
2.23	0.20043
2.235	0.19985
2.24	0.19956
2.245	0.19863
2.25	0.19820
2.255	0.19749
2.26	0.19753
2.265	0.19745
2.27	0.19772
2.275	0.19707
2.28	0.19640
2.285	0.19551
2.29	0.19497
2.295	0.19410
2.3	0.19334
2.305	0.19300
2.31	0.19293
2.315	0.19236
2.32	0.19260
2.325	0.19327
2.33	0.19407
2.335	0.19444
2.34	0.19514
2.345	0.19584
2.35	0.19586
2.355	0.19692
2.36	0.19726
2.365	0.19730
2.37	0.19770
2.375	0.19823
2.38	0.19828
2.385	0.19829
2.39	0.19841
2.395	0.19952
2.4	0.20063
2.405	0.20161
2.41	0.20315
2.415	0.20346
2.42	0.20439
2.4214	0.20465
2.4225	0.20466
2.4236	0.20468
2.4248	0.20486
2.4259	0.20514
2.427	0.20533
2.4282	0.20535
2.4293	0.20570
2.4304	0.20620
2.4316	0.20602
2.4327	0.20611
2.4339	0.20631
2.435	0.20673
2.4362	0.20698
2.4373	0.20715
2.4384	0.20696
2.4396	0.20745
2.4407	0.20816
2.4419	0.20831
2.443	0.20824
2.4442	0.20864
2.4453	0.20881
2.4465	0.20925
2.4477	0.20905
2.4488	0.20908
2.45	0.20926
2.4511	0.20957
2.4523	0.20956
2.4534	0.20965
2.4546	0.20998
2.4558	0.21038
2.4569	0.21054
2.4581	0.21102
2.4593	0.21127
2.4604	0.21149
2.4616	0.21163
2.4628	0.21184
2.4639	0.21205
2.4651	0.21225
2.4663	0.21226
2.4675	0.21271
2.4686	0.21299
2.4698	0.21324
2.471	0.21329
2.4722	0.21383
2.4733	0.21426
2.4745	0.21444
2.4757	0.21447
2.4769	0.21468
2.4781	0.21499
2.4793	0.21532
2.4804	0.21540
2.4816	0.21591
2.4828	0.21631
2.484	0.21658
2.4852	0.21676
2.4864	0.21681
2.4876	0.21719
2.4888	0.21784
2.49	0.21808
2.4912	0.21814
2.4924	0.21817
2.4936	0.21843
2.4948	0.21895
2.496	0.21911
2.4972	0.21906
2.4984	0.21927
2.4996	0.21952
2.5008	0.21972
2.502	0.22022
2.5032	0.22081
2.5044	0.22104
2.5056	0.22155
2.5068	0.22142
2.508	0.22151
2.5093	0.22182
2.5105	0.22256
2.5117	0.22290
2.5129	0.22294
2.5141	0.22327
2.5153	0.22376
2.5166	0.22410
2.5178	0.22438
2.519	0.22459
2.5202	0.22513
2.5215	0.22553
2.5227	0.22575
2.5239	0.22602
2.5252	0.22607
2.5264	0.22612
2.5276	0.22655
2.5288	0.22663
2.5301	0.22703
2.5313	0.22744
2.5326	0.22804
2.5338	0.22846
2.535	0.22870
2.5363	0.22887
2.5375	0.22904
2.5388	0.22896
2.54	0.22939
2.5412	0.22982
2.5425	0.23012
2.5437	0.23039
2.545	0.23097
2.5462	0.23124
2.5475	0.23142
2.5487	0.23166
2.55	0.23196
2.5512	0.23224
2.5525	0.23262
2.5538	0.23273
2.555	0.23263
2.5563	0.23277
2.5575	0.23302
2.5588	0.23317
2.5601	0.23373
2.5613	0.23441
2.5626	0.23489
2.5639	0.23499
2.5651	0.23557
2.5664	0.23532
2.5677	0.23523
2.5689	0.23573
2.5702	0.23648
2.5715	0.23602
2.5728	0.23617
2.574	0.23744
2.5753	0.23724
2.5766	0.23730
2.5779	0.23783
2.5792	0.23787
2.5805	0.23831
2.5817	0.23912
2.583	0.23901
2.5843	0.23988
2.5856	0.24000
2.5869	0.24007
2.5882	0.24050
2.5895	0.24018
2.5908	0.24032
2.5921	0.24056
2.5934	0.24138
2.5947	0.24289
2.596	0.24439
2.5973	0.24276
2.5986	0.24198
2.5999	0.24171
2.6012	0.24224
2.6025	0.24301
2.6038	0.24371
2.6051	0.24436
2.6064	0.24479
2.6077	0.24447
2.609	0.24450
2.6103	0.24469
2.6117	0.24459
2.613	0.24428
2.6143	0.24504
2.6156	0.24525
2.6169	0.24674
2.6183	0.24748
2.6196	0.24653
2.6209	0.24712
2.6222	0.24661
2.6236	0.24623
2.6249	0.24662
2.6262	0.24700
2.6275	0.24823
2.6289	0.24773
2.6302	0.24837
2.6315	0.24894
2.6329	0.24814
2.6342	0.24826
2.6356	0.24821
2.6369	0.24789
2.6382	0.24809
2.6396	0.24813
2.6409	0.24854
2.6423	0.24884
2.6436	0.24898
2.645	0.24887
2.6463	0.24963
2.6477	0.24941
2.649	0.24930
2.6504	0.24923
2.6517	0.24950
2.6531	0.25027
2.6544	0.25029
2.6558	0.25026
2.6572	0.25045
2.6585	0.25027
2.6599	0.25093
2.6613	0.25088
2.6626	0.25059
2.664	0.25025
2.6654	0.25158
2.6667	0.25234
2.6681	0.25216
2.6695	0.25087
2.6709	0.25222
2.6722	0.25104
2.6736	0.25001
2.675	0.24959
2.6764	0.25025
2.6778	0.25025
2.6791	0.24911
2.6805	0.24788
2.6819	0.24604
2.6833	0.24514
2.6847	0.24404
2.6861	0.24218
2.6875	0.24059
2.6889	0.23858
2.6903	0.23654
2.6917	0.23429
2.6931	0.23319
2.6945	0.23222
2.6959	0.23044
2.6973	0.22809
2.6987	0.22612
2.7001	0.22430
2.7015	0.22310
2.7029	0.22104
2.7043	0.21898
2.7057	0.21740
2.7071	0.21565
2.7085	0.21378
2.71	0.21215
2.7114	0.20995
2.7128	0.20631
2.7142	0.20195
2.7156	0.19797
2.7171	0.19355
2.7185	0.18856
2.7199	0.18214
2.7213	0.17509
2.7228	0.16752
2.7242	0.16587
2.7256	0.16582
2.7271	0.16514
2.7285	0.16409
2.7299	0.16214
2.7314	0.15910
2.7328	0.15659
2.7342	0.15555
2.7357	0.15586
2.7371	0.15527
2.7386	0.15499
2.74	0.15491
2.7415	0.15387
2.7429	0.15195
2.7444	0.14986
2.7458	0.14854
2.7473	0.14762
2.7487	0.14698
2.7502	0.14648
2.7517	0.14575
2.7531	0.14484
2.7546	0.14409
2.7561	0.14442
2.7575	0.14306
2.759	0.14163
2.7605	0.14107
2.7619	0.14110
2.7634	0.14123
2.7649	0.14123
2.7663	0.14105
2.7678	0.14111
2.7693	0.14074
2.7708	0.14084
2.7723	0.14098
2.7737	0.14053
2.7752	0.14007
2.7767	0.13988
2.7782	0.13987
2.7797	0.13987
2.7812	0.13981
2.7827	0.13954
2.7842	0.13914
2.7857	0.13886
2.7872	0.13878
2.7887	0.13843
2.7902	0.13758
2.7917	0.13720
2.7932	0.13701
2.7947	0.13669
2.7962	0.13609
2.7977	0.13558
2.7992	0.13538
2.8007	0.13521
2.8022	0.13496
2.8038	0.13496
2.8053	0.13450
2.8068	0.13390
2.8083	0.13331
2.8098	0.13296
2.8114	0.13265
2.8129	0.13242
2.8144	0.13227
2.8159	0.13211
2.8175	0.13167
2.819	0.13145
2.8205	0.13121
2.8221	0.13093
2.8236	0.13053
2.8251	0.13024
2.8267	0.12990
2.8282	0.12969
2.8298	0.12965
2.8313	0.12950
2.8329	0.12935
2.8344	0.12941
2.836	0.12919
2.8375	0.12899
2.8391	0.12878
2.8406	0.12863
2.8422	0.12861
2.8437	0.12845
2.8453	0.12814
2.8469	0.12798
2.8484	0.12801
2.85	0.12787
2.8516	0.12753
2.8531	0.12732
2.8547	0.12714
2.8563	0.12701
2.8578	0.12679
2.8594	0.12651
2.861	0.12626
2.8626	0.12612
2.8642	0.12583
2.8657	0.12540
2.8673	0.12489
2.8689	0.12446
2.8705	0.12418
2.8721	0.12389
2.8737	0.12345
2.8753	0.12319
2.8769	0.12297
2.8785	0.12287
2.8801	0.12275
2.8817	0.12263
2.8833	0.12266
2.8849	0.12284
2.8865	0.12287
2.8881	0.12302
2.8897	0.12311
2.8913	0.12315
2.8929	0.12310
2.8945	0.12302
2.8962	0.12297
2.8978	0.12277
2.8994	0.12273
2.901	0.12281
2.9027	0.12271
2.9043	0.12250
2.9059	0.12235
2.9075	0.12243
2.9092	0.12257
2.9108	0.12266
2.9124	0.12252
2.9141	0.12269
2.9157	0.12286
2.9174	0.12294
2.919	0.12304
2.9206	0.12331
2.9223	0.12356
2.9239	0.12367
2.9256	0.12373
2.9272	0.12387
2.9289	0.12396
2.9305	0.12409
2.9322	0.12429
2.9339	0.12457
2.9355	0.12484
2.9372	0.12507
2.9389	0.12519
2.9405	0.12525
2.9422	0.12531
2.9439	0.12558
2.9455	0.12575
2.9472	0.12592
2.9489	0.12601
2.9506	0.12633
2.9522	0.12668
2.9539	0.12689
2.9556	0.12708
2.9573	0.12720
2.959	0.12738
2.9607	0.12771
2.9624	0.12805
2.9641	0.12830
2.9658	0.12846
2.9674	0.12853
2.9691	0.12871
2.9709	0.12918
2.9726	0.12953
2.9743	0.12997
2.976	0.13025
2.9777	0.13062
2.9794	0.13103
2.9811	0.13130
2.9828	0.13149
2.9845	0.13169
2.9863	0.13217
2.988	0.13280
2.9897	0.13323
2.9914	0.13355
2.9931	0.13356
2.9949	0.13392
2.9966	0.13444
2.9983	0.13471
3.0001	0.13499
3.0018	0.13537
3.0036	0.13583
3.0053	0.13624
3.007	0.13646
3.0088	0.13682
3.0105	0.13729
3.0123	0.13763
3.014	0.13801
3.0158	0.13837
3.0175	0.13866
3.0193	0.13895
3.0211	0.13925
3.0228	0.13952
3.0246	0.13959
3.0263	0.14000
3.0281	0.14055
3.0299	0.14094
3.0317	0.14110
3.0334	0.14140
3.0352	0.14177
3.037	0.14207
3.0388	0.14228
3.0405	0.14274
3.0423	0.14306
3.0441	0.14322
3.0459	0.14355
3.0477	0.14403
3.0495	0.14433
3.0513	0.14456
3.0531	0.14493
3.0549	0.14532
3.0567	0.14547
3.0585	0.14566
3.0603	0.14602
3.0621	0.14631
3.0639	0.14654
3.0657	0.14677
3.0675	0.14705
3.0694	0.14737
3.0712	0.14757
3.073	0.14788
3.0748	0.14825
3.0766	0.14862
3.0785	0.14889
3.0803	0.14923
3.0821	0.14965
3.084	0.15006
3.0858	0.15047
3.0876	0.15089
3.0895	0.15126
3.0913	0.15171
3.0932	0.15198
3.095	0.15240
3.0969	0.15286
3.0987	0.15327
3.1006	0.15379
3.1024	0.15429
3.1043	0.15483
3.1061	0.15546
3.108	0.15604
3.1099	0.15649
3.1117	0.15700
3.1136	0.15765
3.1155	0.15827
3.1173	0.15898
3.1192	0.15965
3.1211	0.16017
3.123	0.16061
3.1249	0.16115
3.1267	0.16194
3.1286	0.16281
3.1305	0.16324
3.1324	0.16371
3.1343	0.16452
3.1362	0.16537
3.1381	0.16596
3.14	0.16660
3.1419	0.16735
3.1438	0.16800
3.1457	0.16855
3.1476	0.16924
3.1495	0.17008
3.1514	0.17082
3.1534	0.17139
3.1553	0.17204
3.1572	0.17270
3.1591	0.17353
3.1611	0.17430
3.163	0.17499
3.1649	0.17559
3.1669	0.17636
3.1688	0.17695
3.1707	0.17739
3.1727	0.17800
3.1746	0.17887
3.1766	0.17969
3.1785	0.18041
3.1805	0.18108
3.1824	0.18168
3.1844	0.18212
3.1863	0.18260
3.1883	0.18340
3.1902	0.18427
3.1922	0.18494
3.1942	0.18557
3.1961	0.18604
3.1981	0.18667
3.2001	0.18731
3.2021	0.18774
3.204	0.18813
3.206	0.18862
3.208	0.18916
3.21	0.18969
3.212	0.19038
3.214	0.19112
3.216	0.19172
3.218	0.19217
3.22	0.19258
3.222	0.19313
3.224	0.19357
3.226	0.19390
3.228	0.19440
3.23	0.19498
3.232	0.19538
3.234	0.19572
3.236	0.19594
3.2381	0.19623
3.2401	0.19663
3.2421	0.19699
3.2441	0.19728
3.2462	0.19774
3.2482	0.19795
3.2502	0.19833
3.2523	0.19875
3.2543	0.19921
3.2564	0.19966
3.2584	0.20010
3.2605	0.20041
3.2625	0.20069
3.2646	0.20111
3.2666	0.20148
3.2687	0.20190
3.2707	0.20238
3.2728	0.20284
3.2749	0.20322
3.277	0.20348
3.279	0.20381
3.2811	0.20418
3.2832	0.20464
3.2853	0.20492
3.2873	0.20517
3.2894	0.20545
3.2915	0.20598
3.2936	0.20636
3.2957	0.20660
3.2978	0.20679
3.2999	0.20716
3.302	0.20756
3.3041	0.20789
3.3062	0.20814
3.3083	0.20832
3.3104	0.20837
3.3125	0.20847
3.3147	0.20857
3.3168	0.20860
3.3189	0.20862
3.321	0.20871
3.3232	0.20879
3.3253	0.20890
3.3274	0.20880
3.3296	0.20882
3.3317	0.20887
3.3338	0.20891
3.336	0.20882
3.3381	0.20867
3.3403	0.20833
3.3424	0.20796
3.3446	0.20762
3.3468	0.20733
3.3489	0.20707
3.3511	0.20659
3.3533	0.20600
3.3554	0.20531
3.3576	0.20449
3.3598	0.20378
3.362	0.20271
3.3641	0.20133
3.3663	0.19955
3.3685	0.19742
3.3707	0.19536
3.3729	0.19385
3.3751	0.19265
3.3773	0.19177
3.3795	0.19145
3.3817	0.19185
3.3839	0.19278
3.3861	0.19375
3.3883	0.19449
3.3905	0.19496
3.3928	0.19483
3.395	0.19398
3.3972	0.19248
3.3994	0.19071
3.4017	0.18853
3.4039	0.18598
3.4061	0.18337
3.4084	0.18094
3.4106	0.17856
3.4129	0.17633
3.4151	0.17444
3.4174	0.17338
3.4196	0.17319
3.4219	0.17422
3.4241	0.17631
3.4264	0.17912
3.4287	0.18224
3.4309	0.18558
3.4332	0.18900
3.4355	0.19235
3.4378	0.19515
3.44	0.19741
3.4423	0.19921
3.4446	0.20072
3.4469	0.20198
3.4492	0.20327
3.4515	0.20454
3.4538	0.20562
3.4561	0.20673
3.4584	0.20786
3.4607	0.20878
3.463	0.20940
3.4653	0.20976
3.4676	0.20987
3.47	0.20950
3.4723	0.20906
3.4746	0.20857
3.477	0.20822
3.4793	0.20788
3.4816	0.20750
3.484	0.20732
3.4863	0.20696
3.4887	0.20618
3.491	0.20509
3.4934	0.20360
3.4957	0.20193
3.4981	0.19986
3.5004	0.19798
3.5028	0.19678
3.5052	0.19678
3.5075	0.19813
3.5099	0.20086
3.5123	0.20467
3.5147	0.20902
3.5171	0.21306
3.5194	0.21640
3.5218	0.21882
3.5242	0.22068
3.5266	0.22234
3.529	0.22372
3.5314	0.22488
3.5338	0.22596
3.5362	0.22675
3.5387	0.22734
3.5411	0.22787
3.5435	0.22848
3.5459	0.22908
3.5483	0.22968
3.5508	0.23018
3.5532	0.23065
3.5556	0.23100
3.5581	0.23123
3.5605	0.23146
3.563	0.23191
3.5654	0.23232
3.5679	0.23267
3.5703	0.23286
3.5728	0.23305
3.5753	0.23331
3.5777	0.23361
3.5802	0.23386
3.5827	0.23410
3.5852	0.23423
3.5876	0.23450
3.5901	0.23482
3.5926	0.23511
3.5951	0.23522
3.5976	0.23532
3.6001	0.23543
3.6026	0.23569
3.6051	0.23581
3.6076	0.23597
3.6101	0.23613
3.6126	0.23639
3.6152	0.23651
3.6177	0.23662
3.6202	0.23668
3.6227	0.23684
3.6253	0.23694
3.6278	0.23712
3.6303	0.23723
3.6329	0.23737
3.6354	0.23744
3.638	0.23755
3.6405	0.23759
3.6431	0.23772
3.6457	0.23779
3.6482	0.23795
3.6508	0.23800
3.6534	0.23807
3.6559	0.23805
3.6585	0.23820
3.6611	0.23832
3.6637	0.23845
3.6663	0.23852
3.6689	0.23862
3.6715	0.23871
3.6741	0.23894
3.6767	0.23908
3.6793	0.23923
3.6819	0.23936
3.6845	0.23941
3.6872	0.23941
3.6898	0.23960
3.6924	0.23965
3.695	0.23981
3.6977	0.23984
3.7003	0.23990
3.703	0.23994
3.7056	0.24010
3.7083	0.24012
3.7109	0.24024
3.7136	0.24028
3.7162	0.24028
3.7189	0.24024
3.7216	0.24028
3.7242	0.24026
3.7269	0.24031
3.7296	0.24033
3.7323	0.24047
3.735	0.24053
3.7377	0.24052
3.7404	0.24057
3.7431	0.24059
3.7458	0.24047
3.7485	0.24054
3.7512	0.24054
3.7539	0.24063
3.7566	0.24076
3.7593	0.24085
3.7621	0.24081
3.7648	0.24082
3.7675	0.24082
3.7703	0.24087
3.773	0.24089
3.7758	0.24102
3.7785	0.24107
3.7813	0.24107
3.784	0.24106
3.7868	0.24109
3.7896	0.24105
3.7923	0.24109
3.7951	0.24118
3.7979	0.24116
3.8007	0.24105
3.8035	0.24111
3.8063	0.24114
3.8091	0.24115
3.8119	0.24109
3.8147	0.24113
3.8175	0.24109
3.8203	0.24111
3.8231	0.24109
3.8259	0.24114
3.8288	0.24115
3.8316	0.24121
3.8344	0.24117
3.8373	0.24115
3.8401	0.24110
3.8429	0.24107
3.8458	0.24111
3.8487	0.24117
3.8515	0.24115
3.8544	0.24114
3.8572	0.24106
3.8601	0.24113
3.863	0.24101
3.8659	0.24092
3.8688	0.24088
3.8716	0.24099
3.8745	0.24096
3.8774	0.24080
3.8803	0.24076
3.8832	0.24074
3.8862	0.24065
3.8891	0.24067
3.892	0.24069
3.8949	0.24064
3.8978	0.24057
3.9008	0.24050
3.9037	0.24038
3.9067	0.24033
3.9096	0.24022
3.9126	0.24023
3.9155	0.24007
3.9185	0.24002
3.9214	0.23999
3.9244	0.23989
3.9274	0.23974
3.9304	0.23966
3.9333	0.23950
3.9363	0.23951
3.9393	0.23939
3.9423	0.23933
3.9453	0.23911
3.9483	0.23886
3.9513	0.23866
3.9543	0.23865
3.9574	0.23850
3.9604	0.23842
3.9634	0.23829
3.9664	0.23810
3.9695	0.23791
3.9725	0.23785
3.9756	0.23771
3.9786	0.23756
3.9817	0.23733
3.9847	0.23729
3.9878	0.23727
3.9909	0.23719
3.9939	0.23699
3.997	0.23696
4.0001	0.23676
4.0032	0.23669
4.0063	0.23667
4.0094	0.23658
4.0125	0.23647
4.0156	0.23653
4.0187	0.23647
4.0218	0.23647
4.0249	0.23628
4.0281	0.23615
4.0312	0.23599
4.0343	0.23587
4.0375	0.23576
4.0406	0.23574
4.0438	0.23566
4.0469	0.23567
4.0501	0.23544
4.0533	0.23533
4.0564	0.23520
4.0596	0.23502
4.0628	0.23481
4.066	0.23469
4.0692	0.23458
4.0724	0.23453
4.0756	0.23433
4.0788	0.23415
4.082	0.23402
4.0852	0.23390
4.0884	0.23365
4.0917	0.23346
4.0949	0.23320
4.0981	0.23306
4.1014	0.23283
4.1046	0.23265
4.1079	0.23248
4.1111	0.23235
4.1144	0.23216
4.1177	0.23199
4.1209	0.23180
4.1242	0.23163
4.1275	0.23136
4.1308	0.23120
4.1341	0.23092
4.1374	0.23074
4.1407	0.23062
4.144	0.23052
4.1473	0.23017
4.1506	0.22996
4.154	0.22967
4.1573	0.22945
4.1606	0.22922
4.164	0.22902
4.1673	0.22881
4.1707	0.22858
4.174	0.22828
4.1774	0.22813
4.1808	0.22787
4.1841	0.22758
4.1875	0.22724
4.1909	0.22707
4.1943	0.22680
4.1977	0.22663
4.2011	0.22640
4.2045	0.22613
4.2079	0.22588
4.2113	0.22587
4.2147	0.22581
4.2182	0.22569
4.2216	0.22551
4.225	0.22541
4.2285	0.22512
4.2319	0.22474
4.2354	0.22422
4.2389	0.22371
4.2423	0.22287
4.2458	0.22171
4.2493	0.21999
4.2528	0.21776
4.2563	0.21528
4.2598	0.21344
4.2633	0.21270
4.2668	0.21325
4.2703	0.21463
4.2738	0.21626
4.2773	0.21729
4.2809	0.21782
4.2844	0.21793
4.288	0.21798
4.2915	0.21794
4.2951	0.21802
4.2986	0.21787
4.3022	0.21761
4.3058	0.21726
4.3093	0.21701
4.3129	0.21661
4.3165	0.21626
4.3201	0.21590
4.3237	0.21557
4.3273	0.21519
4.3309	0.21490
4.3346	0.21445
4.3382	0.21409
4.3418	0.21375
4.3455	0.21348
4.3491	0.21308
4.3528	0.21274
4.3564	0.21233
4.3601	0.21195
4.3638	0.21155
4.3674	0.21125
4.3711	0.21086
4.3748	0.21049
4.3785	0.21006
4.3822	0.20976
4.3859	0.20933
4.3896	0.20893
4.3933	0.20850
4.3971	0.20814
4.4008	0.20766
4.4045	0.20731
4.4083	0.20694
4.412	0.20656
4.4158	0.20605
4.4196	0.20564
4.4233	0.20518
4.4271	0.20484
4.4309	0.20433
4.4347	0.20389
4.4385	0.20346
4.4423	0.20303
4.4461	0.20250
4.4499	0.20189
4.4537	0.20125
4.4576	0.20082
4.4614	0.20027
4.4652	0.19964
4.4691	0.19898
4.4729	0.19828
4.4768	0.19757
4.4807	0.19687
4.4845	0.19597
4.4884	0.19515
4.4923	0.19427
4.4962	0.19340
4.5001	0.19235
4.504	0.19133
4.5079	0.19012
4.5119	0.18892
4.5158	0.18749
4.5197	0.18606
4.5237	0.18448
4.5276	0.18272
4.5316	0.18070
4.5356	0.17870
4.5395	0.17666
4.5435	0.17474
4.5475	0.17269
4.5515	0.17083
4.5555	0.16902
4.5595	0.16725
4.5635	0.16535
4.5675	0.16347
4.5715	0.16169
4.5756	0.16004
4.5796	0.15824
4.5837	0.15644
4.5877	0.15460
4.5918	0.15278
4.5959	0.15087
4.5999	0.14902
4.604	0.14721
4.6081	0.14543
4.6122	0.14347
4.6163	0.14166
4.6204	0.13985
4.6246	0.13806
4.6287	0.13627
4.6328	0.13459
4.637	0.13285
4.6411	0.13111
4.6453	0.12939
4.6494	0.12780
4.6536	0.12615
4.6578	0.12460
4.662	0.12311
4.6662	0.12174
4.6704	0.12044
4.6746	0.11932
4.6788	0.11811
4.683	0.11694
4.6873	0.11570
4.6915	0.11437
4.6958	0.11283
4.7	0.11133
4.7043	0.10977
4.7086	0.10826
4.7129	0.10658
4.7171	0.10482
4.7214	0.10309
4.7257	0.10149
4.7301	0.09987
4.7344	0.09822
4.7387	0.09672
4.743	0.09542
4.7474	0.09405
4.7517	0.09282
4.7561	0.09172
4.7605	0.09069
4.7648	0.08975
4.7692	0.08890
4.7736	0.08803
4.778	0.08724
4.7824	0.08633
4.7868	0.08554
4.7913	0.08476
4.7957	0.08385
4.8001	0.08291
4.8046	0.08203
4.809	0.08102
4.8135	0.07996
4.818	0.07890
4.8225	0.07793
4.8269	0.07697
4.8314	0.07600
4.8359	0.07508
4.8405	0.07419
4.845	0.07322
4.8495	0.07227
4.8541	0.07139
4.8586	0.07050
4.8632	0.06960
4.8677	0.06880
4.8723	0.06804
4.8769	0.06735
4.8815	0.06671
4.8861	0.06615
4.8907	0.06565
4.8953	0.06523
4.8999	0.06484
4.9046	0.06453
4.9092	0.06426
4.9139	0.06397
4.9185	0.06367
4.9232	0.06337
4.9279	0.06306
4.9326	0.06279
4.9373	0.06247
4.942	0.06218
4.9467	0.06190
4.9514	0.06153
4.9562	0.06115
4.9609	0.06091
4.9656	0.06062
4.9704	0.06034
4.9752	0.06007
4.98	0.05970
4.9847	0.05938
4.9895	0.05911
4.9943	0.05866
4.9992	0.05814
5.004	0.05762
5.0088	0.05711
5.0137	0.05646
5.0185	0.05571
5.0234	0.05497
5.0283	0.05419
5.0331	0.05336
5.038	0.05256
5.0429	0.05176
5.0478	0.05094
5.0528	0.05026
5.0577	0.04963
5.0626	0.04905
5.0676	0.04868
5.0725	0.04845
5.0775	0.04830
5.0825	0.04828
5.0875	0.04833
5.0925	0.04851
5.0975	0.04882
5.1025	0.04921
5.1075	0.04965
5.1126	0.05005
5.1176	0.05053
5.1227	0.05108
5.1277	0.05162
5.1328	0.05219
5.1379	0.05264
5.143	0.05306
5.1481	0.05362
5.1532	0.05421
5.1583	0.05465
5.1635	0.05512
5.1686	0.05567
5.1738	0.05612
5.179	0.05654
5.1841	0.05704
5.1893	0.05759
5.1945	0.05807
5.1997	0.05850
5.205	0.05896
5.2102	0.05940
5.2154	0.05987
5.2207	0.06024
5.2259	0.06050
5.2312	0.06072
5.2365	0.06081
5.2418	0.06092
5.2471	0.06099
5.2524	0.06098
5.2577	0.06093
5.2631	0.06093
5.2684	0.06085
5.2738	0.06079
5.2792	0.06081
5.2845	0.06086
5.2899	0.06100
5.2953	0.06131
5.3008	0.06146
5.3062	0.06171
5.3116	0.06198
5.3171	0.06240
5.3225	0.06284
5.328	0.06326
5.3335	0.06363
5.339	0.06408
5.3445	0.06456
5.35	0.06514
5.3555	0.06571
5.361	0.06610
5.3666	0.06655
5.3722	0.06717
5.3777	0.06775
5.3833	0.06833
5.3889	0.06888
5.3945	0.06954
5.4001	0.07013
5.4058	0.07072
5.4114	0.07136
5.4171	0.07222
5.4227	0.07325
5.4284	0.07428
5.4341	0.07505
5.4398	0.07606
5.4455	0.07710
5.4512	0.07821
5.457	0.07930
5.4627	0.08057
5.4685	0.08177
5.4743	0.08275
5.4801	0.08371
5.4859	0.08481
5.4917	0.08566
5.4975	0.08663
5.5033	0.08739
5.5092	0.08821
5.515	0.08885
5.5209	0.08953
5.5268	0.09005
5.5327	0.09052
5.5386	0.09074
5.5445	0.09111
5.5505	0.09132
5.5564	0.09155
5.5624	0.09154
5.5684	0.09161
5.5743	0.09169
5.5803	0.09200
5.5864	0.09205
5.5924	0.09184
5.5984	0.09162
5.6045	0.09170
5.6105	0.09164
5.6166	0.09169
5.6227	0.09155
5.6288	0.09141
5.6349	0.09131
5.6411	0.09140
5.6472	0.09136
5.6534	0.09103
5.6595	0.09060
5.6657	0.09021
5.6719	0.08984
5.6781	0.08978
5.6844	0.08927
5.6906	0.08883
5.6969	0.08837
5.7031	0.08781
5.7094	0.08735
5.7157	0.08691
5.722	0.08604
5.7283	0.08528
5.7347	0.08436
5.741	0.08360
5.7474	0.08269
5.7538	0.08183
5.7601	0.08052
5.7666	0.07984
5.773	0.07855
5.7794	0.07686
5.7859	0.07543
5.7923	0.07392
5.7988	0.07239
5.8053	0.07100
5.8118	0.06945
5.8183	0.06841
5.8249	0.06749
5.8314	0.06624
5.838	0.06490
5.8446	0.06380
5.8512	0.06295
5.8578	0.06242
5.8644	0.06199
5.871	0.06152
5.8777	0.06093
5.8844	0.06076
5.8911	0.05978
5.8978	0.05916
5.9045	0.05805
5.9112	0.05667
5.918	0.05548
5.9247	0.05421
5.9315	0.05284
5.9383	0.05179
5.9451	0.05006
5.9519	0.04831
5.9588	0.04676
5.9656	0.04548
5.9725	0.04430
5.9794	0.04282
5.9863	0.04162
5.9932	0.04076
6.0002	0.03958
6.0071	0.03863
6.0141	0.03783
6.0211	0.03712
6.0281	0.03636
6.0351	0.03582
6.0421	0.03530
6.0492	0.03518
6.0562	0.03464
6.0633	0.03379
6.0704	0.03345
6.0775	0.03316
6.0847	0.03249
6.0918	0.03201
6.099	0.03167
6.1062	0.03152
6.1134	0.03151
6.1206	0.03154
6.1278	0.03135
6.1351	0.03138
6.1423	0.03155
6.1496	0.03181
6.1569	0.03189
6.1643	0.03208
6.1716	0.03211
6.1789	0.03220
6.1863	0.03239
6.1937	0.03242
6.2011	0.03224
6.2085	0.03225
6.216	0.03221
6.2235	0.03216
6.2309	0.03200
6.2384	0.03192
6.2459	0.03171
6.2535	0.03153
6.261	0.03137
6.2686	0.03122
6.2762	0.03100
6.2838	0.03084
6.2914	0.03068
6.2991	0.03057
6.3067	0.03039
6.3144	0.03022
6.3221	0.03003
6.3298	0.02995
6.3376	0.02985
6.3453	0.02987
6.3531	0.02964
6.3609	0.02933
6.3687	0.02919
6.3765	0.02907
6.3844	0.02867
6.3923	0.02836
6.4002	0.02810
6.4081	0.02801
6.416	0.02806
6.424	0.02780
6.4319	0.02731
6.4399	0.02711
6.4479	0.02690
6.456	0.02685
6.464	0.02664
6.4721	0.02654
6.4802	0.02663
6.4883	0.02680
6.4964	0.02694
6.5046	0.02684
6.5127	0.02665
6.5209	0.02686
6.5291	0.02713
6.5374	0.02727
6.5456	0.02755
6.5539	0.02793
6.5622	0.02830
6.5705	0.02866
6.5789	0.02909
6.5872	0.02923
6.5956	0.02943
6.604	0.02968
6.6124	0.02977
6.6209	0.02993
6.6293	0.03013
6.6378	0.03041
6.6463	0.03047
6.6549	0.03024
6.6634	0.03023
6.672	0.03040
6.6806	0.03059
6.6892	0.03064
6.6978	0.03064
6.7065	0.03087
6.7152	0.03127
6.7239	0.03148
6.7326	0.03164
6.7414	0.03184
6.7502	0.03212
6.759	0.03241
6.7678	0.03262
6.7766	0.03280
6.7855	0.03287
6.7944	0.03301
6.8033	0.03291
6.8123	0.03269
6.8212	0.03270
6.8302	0.03289
6.8392	0.03293
6.8483	0.03290
6.8573	0.03310
6.8664	0.03343
6.8755	0.03331
6.8846	0.03314
6.8938	0.03310
6.903	0.03308
6.9122	0.03300
6.9214	0.03280
6.9307	0.03263
6.9399	0.03238
6.9492	0.03205
6.9586	0.03187
6.9679	0.03170
6.9773	0.03135
6.9867	0.03107
6.9961	0.03081
7.0056	0.03051
7.0151	0.03018
7.0246	0.02995
7.0341	0.02973
7.0437	0.02944
7.0532	0.02928
7.0629	0.02892
7.0725	0.02862
7.0822	0.02834
7.0918	0.02803
7.1016	0.02775
7.1113	0.02753
7.1211	0.02728
7.1309	0.02701
7.1407	0.02674
7.1505	0.02655
7.1604	0.02622
7.1703	0.02595
7.1802	0.02573
7.1902	0.02548
7.2002	0.02524
7.2102	0.02503
7.2202	0.02477
7.2303	0.02451
7.2404	0.02423
7.2505	0.02406
7.2607	0.02393
7.2709	0.02382
7.2811	0.02372
7.2913	0.02362
7.3016	0.02350
7.3119	0.02351
7.3222	0.02351
7.3326	0.02345
7.343	0.02337
7.3534	0.02329
7.3638	0.02318
7.3743	0.02303
7.3848	0.02288
7.3953	0.02277
7.4059	0.02264
7.4165	0.02252
7.4271	0.02233
7.4378	0.02216
7.4485	0.02199
7.4592	0.02181
7.4699	0.02160
7.4807	0.02136
7.4915	0.02108
7.5024	0.02084
7.5132	0.02062
7.5241	0.02046
7.5351	0.02027
7.546	0.02006
7.557	0.01985
7.5681	0.01963
7.5791	0.01941
7.5902	0.01919
7.6014	0.01897
7.6125	0.01878
7.6237	0.01853
7.635	0.01832
7.6462	0.01811
7.6575	0.01791
7.6688	0.01772
7.6802	0.01758
7.6916	0.01742
7.703	0.01721
7.7145	0.01695
7.726	0.01675
7.7375	0.01652
7.7491	0.01624
7.7607	0.01598
7.7723	0.01579
7.784	0.01558
7.7957	0.01543
7.8074	0.01524
7.8192	0.01505
7.831	0.01481
7.8429	0.01462
7.8548	0.01443
7.8667	0.01424
7.8786	0.01410
7.8906	0.01394
7.9026	0.01371
7.9147	0.01350
7.9268	0.01334
7.939	0.01322
7.9511	0.01303
7.9633	0.01282
7.9756	0.01266
7.9879	0.01256
8.0002	0.01236
8.0126	0.01215
8.025	0.01192
8.0374	0.01173
8.0499	0.01161
8.0624	0.01147
8.075	0.01126
8.0876	0.01112
8.1002	0.01095
8.1129	0.01090
8.1256	0.01077
8.1384	0.01056
8.1512	0.01038
8.164	0.01030
8.1769	0.01021
8.1898	0.01007
8.2027	0.00992
8.2157	0.00982
8.2288	0.00970
8.2419	0.00966
8.255	0.00956
8.2682	0.00941
8.2814	0.00925
8.2946	0.00912
8.3079	0.00899
8.3212	0.00894
8.3346	0.00883
8.348	0.00871
8.3615	0.00876
8.375	0.00880
8.3886	0.00863
8.4022	0.00859
8.4158	0.00863
8.4295	0.00870
8.4432	0.00887
8.457	0.00915
8.4708	0.00937
8.4847	0.00971
8.4986	0.01028
8.5125	0.01117
8.5265	0.01228
8.5406	0.01376
8.5547	0.01566
8.5688	0.01799
8.583	0.02077
8.5972	0.02411
8.6115	0.02790
8.6258	0.03227
8.6402	0.03716
8.6546	0.04241
8.6691	0.04807
8.6836	0.05402
8.6982	0.06005
8.7128	0.06617
8.7275	0.07265
8.7422	0.07932
8.757	0.08614
8.7718	0.09284
8.7867	0.09947
8.8016	0.10553
8.8166	0.11092
8.8316	0.11539
8.8466	0.11897
8.8618	0.12153
8.8769	0.12375
8.8922	0.12573
8.9074	0.12773
8.9228	0.12939
8.9382	0.13075
8.9536	0.13152
8.9691	0.13204
8.9846	0.13223
9.0002	0.13205
9.0159	0.13129
9.0316	0.13045
9.0474	0.12932
9.0632	0.12810
9.079	0.12684
9.095	0.12556
9.111	0.12419
9.127	0.12282
9.1431	0.12137
9.1593	0.12009
9.1755	0.11861
9.1917	0.11722
9.2081	0.11577
9.2244	0.11426
9.2409	0.11265
9.2574	0.11129
9.2739	0.10998
9.2906	0.10863
9.3072	0.10697
9.324	0.10492
9.3408	0.10261
9.3576	0.09998
9.3746	0.09679
9.3915	0.09315
9.4086	0.08924
9.4257	0.08533
9.4429	0.08135
9.4601	0.07742
9.4774	0.07363
9.4948	0.07020
9.5122	0.06705
9.5297	0.06423
9.5472	0.06194
9.5648	0.06019
9.5825	0.05858
9.6003	0.05743
9.6181	0.05663
9.6359	0.05610
9.6539	0.05597
9.6719	0.05605
9.69	0.05602
9.7081	0.05616
9.7263	0.05645
9.7446	0.05695
9.763	0.05743
9.7814	0.05789
9.7999	0.05849
9.8184	0.05905
9.8371	0.05951
9.8558	0.05982
9.8745	0.06006
9.8934	0.06027
9.9123	0.06030
9.9313	0.06004
9.9504	0.05958
9.9695	0.05906
9.9887	0.05854
10.008	0.05795
10.0273	0.05717
10.0468	0.05615
10.0663	0.05509
10.0859	0.05435
10.1055	0.05410
10.1253	0.05497
10.1451	0.05730
10.165	0.06103
10.1849	0.06604
10.205	0.07180
10.2251	0.07781
10.2453	0.08391
10.2656	0.08979
10.286	0.09550
10.3064	0.10080
10.327	0.10558
10.3476	0.10968
10.3683	0.11305
10.389	0.11514
10.4099	0.11598
10.4309	0.11572
10.4519	0.11485
10.473	0.11359
10.4942	0.11257
10.5155	0.11207
10.5369	0.11213
10.5583	0.11227
10.5799	0.11253
10.6015	0.11237
10.6232	0.11163
10.645	0.11063
10.6669	0.10975
10.6889	0.10898
10.711	0.10879
10.7332	0.10973
10.7555	0.11223
10.7778	0.11583
10.8003	0.12011
10.8228	0.12405
10.8455	0.12722
10.8682	0.12932
10.891	0.13053
10.914	0.13079
10.937	0.13066
10.9601	0.13003
10.9833	0.12922
11.0067	0.12815
11.0301	0.12704
11.0536	0.12604
11.0772	0.12518
11.1009	0.12437
11.1248	0.12370
11.1487	0.12303
11.1727	0.12250
11.1968	0.12202
11.2211	0.12172
11.2454	0.12137
11.2699	0.12118
11.2944	0.12089
11.3191	0.12060
11.3438	0.12012
11.3687	0.11965
11.3937	0.11901
11.4188	0.11828
11.444	0.11731
11.4693	0.11614
11.4948	0.11480
11.5203	0.11337
11.546	0.11168
11.5717	0.10979
11.5976	0.10766
11.6236	0.10550
11.6497	0.10287
11.676	0.10011
11.7023	0.09724
11.7288	0.09418
11.7554	0.09090
11.7821	0.08740
11.809	0.08372
11.8359	0.08047
11.863	0.07733
11.8902	0.07421
11.9176	0.07154
11.945	0.06936
11.9726	0.06723
12.0003	0.06524
12.0282	0.06357
12.0561	0.06217
12.0842	0.06085
12.1125	0.05964
12.1408	0.05829
12.1693	0.05710
12.198	0.05598
12.2267	0.05504
12.2556	0.05421
12.2847	0.05332
12.3139	0.05243
12.3432	0.05168
12.3726	0.05077
12.4022	0.05000
12.432	0.04948
12.4619	0.04894
12.4919	0.04820
12.5221	0.04735
12.5524	0.04681
12.5829	0.04633
12.6135	0.04571
12.6442	0.04496
12.6751	0.04453
12.7062	0.04404
12.7374	0.04334
12.7688	0.04291
12.8003	0.04253
12.832	0.04205
12.8639	0.04176
12.8959	0.04139
12.928	0.04101
12.9603	0.04049
12.9928	0.03985
13.0255	0.03939
13.0583	0.03902
13.0913	0.03873
13.1244	0.03859
13.1577	0.03822
13.1912	0.03771
13.2248	0.03731
13.2587	0.03711
13.2927	0.03682
13.3268	0.03645
13.3612	0.03621
13.3957	0.03584
13.4304	0.03558
13.4653	0.03530
13.5004	0.03493
13.5356	0.03468
13.571	0.03438
13.6067	0.03405
13.6425	0.03352
13.6785	0.03303
13.7146	0.03256
13.751	0.03222
13.7876	0.03194
13.8244	0.03151
13.8613	0.03100
13.8985	0.03076
13.9358	0.03043
13.9734	0.02990
14.0112	0.02961
14.0491	0.02916
14.0873	0.02858
14.1257	0.02831
14.1643	0.02822
14.2031	0.02797
14.2421	0.02762
14.2814	0.02736
14.3208	0.02696
14.3605	0.02646
14.4004	0.02603
14.4405	0.02561
14.4808	0.02514
14.5214	0.02485
14.5622	0.02472
14.6032	0.02453
14.6444	0.02412
14.6859	0.02404
14.7277	0.02430
14.7696	0.02500
14.8118	0.02605
14.8543	0.02714
14.8969	0.02790
14.9399	0.02800
14.983	0.02748
15.0265	0.02666
15.0702	0.02576
15.1141	0.02511
15.1583	0.02430
15.2027	0.02353
15.2475	0.02274
15.2924	0.02212
15.3377	0.02187
15.3832	0.02166
15.429	0.02166
15.475	0.02226
15.5214	0.02345
15.568	0.02523
15.6149	0.02717
15.662	0.02873
15.7095	0.02972
15.7572	0.02994
15.8053	0.02965
15.8536	0.02903
15.9023	0.02815
15.9512	0.02701
16.0004	0.02587
16.05	0.02487
16.0998	0.02390
16.15	0.02311
16.2004	0.02250
16.2512	0.02193
16.3023	0.02154
16.3537	0.02160
16.4055	0.02162
16.4576	0.02192
16.51	0.02269
16.5627	0.02365
16.6158	0.02526
16.6692	0.02789
16.723	0.03093
16.7771	0.03448
16.8316	0.03876
16.8864	0.04402
16.9416	0.05027
16.9972	0.05742
17.0531	0.06501
17.1094	0.07259
17.166	0.08069
17.223	0.08897
17.2805	0.09725
17.3382	0.10599
17.3964	0.11455
17.455	0.12238
17.514	0.12989
17.5733	0.13711
17.6331	0.14380
17.6933	0.14956
17.7539	0.15443
17.8149	0.15827
17.8763	0.16168
17.9382	0.16420
18.0005	0.16592
18.0632	0.16672
18.1263	0.16737
18.1899	0.16756
18.254	0.16768
18.3185	0.16737
18.3835	0.16639
18.4489	0.16553
18.5148	0.16518
18.5811	0.16427
18.648	0.16313
18.7153	0.16183
18.7831	0.16147
18.8514	0.16080
18.9202	0.16000
18.9895	0.15971
19.0593	0.16007
19.1297	0.16033
19.2005	0.16138
19.2719	0.16313
19.3438	0.16514
19.4162	0.16723
19.4892	0.16942
19.5628	0.17082
19.6369	0.17149
19.7115	0.17122
19.7868	0.17012
19.8626	0.16730
19.939	0.16380
20.016	0.15922
20.0935	0.15455
20.1717	0.15058
20.2505	0.14742
20.3299	0.14465
20.41	0.14452
20.4907	0.14688
20.572	0.15050
20.6539	0.15389
20.7365	0.15655
20.8198	0.15722
20.9038	0.15682
20.9884	0.15644
21.0737	0.15606
21.1597	0.15469
21.2465	0.15187
21.3339	0.14811
21.422	0.14480
21.5109	0.14150
21.6006	0.13775
21.6909	0.13477
21.7821	0.13243
21.874	0.12981
21.9667	0.12647
22.0601	0.12257
22.1544	0.11899
22.2495	0.11509
22.3454	0.11179
22.4421	0.10842
22.5397	0.10521
22.6381	0.10197
22.7374	0.09888
22.8376	0.09594
22.9387	0.09414
23.0406	0.09311
23.1435	0.09320
23.2472	0.09280
23.352	0.09046
23.4576	0.08845
23.5643	0.08789
23.6718	0.08644
23.7804	0.08506
23.89	0.08488
24.0006	0.08537
24.1123	0.08612
24.2249	0.08959
24.3387	0.09432
24.4535	0.09952
24.5694	0.10479
24.6864	0.10708
24.8045	0.10893
24.9237	0.10872
25.0441	0.10715
25.1657	0.10690
25.2885	0.10830
25.4124	0.10745
25.5376	0.10439
25.664	0.10029
25.7917	0.09673
25.9207	0.09527
