Brown University Keck/NASA Relab Spectrum PQ-JEH-003-K/LKPQ03
Wavelength(micron)	Reflectance
0.3	0.55835
0.305	0.56430
0.31	0.57011
0.315	0.57557
0.32	0.57832
0.325	0.58266
0.33	0.58729
0.335	0.58989
0.34	0.59221
0.345	0.59415
0.35	0.59641
0.355	0.59973
0.36	0.60174
0.365	0.60355
0.37	0.60538
0.375	0.60706
0.38	0.60913
0.385	0.60942
0.39	0.61136
0.395	0.61373
0.4	0.61667
0.405	0.61862
0.41	0.61867
0.415	0.61970
0.42	0.62053
0.425	0.62099
0.43	0.62218
0.435	0.62333
0.44	0.62544
0.445	0.62678
0.45	0.62733
0.455	0.62911
0.46	0.62952
0.465	0.63076
0.47	0.63245
0.475	0.63444
0.48	0.63574
0.485	0.63676
0.49	0.63694
0.495	0.63842
0.5	0.63905
0.505	0.63999
0.51	0.64224
0.515	0.64087
0.52	0.64158
0.525	0.64216
0.53	0.64299
0.535	0.64440
0.54	0.64426
0.545	0.64524
0.55	0.64672
0.555	0.64708
0.56	0.64728
0.565	0.64758
0.57	0.64889
0.575	0.64891
0.58	0.64932
0.585	0.64958
0.59	0.64990
0.595	0.65092
0.6	0.65091
0.605	0.65117
0.61	0.65161
0.615	0.65185
0.62	0.65237
0.625	0.65300
0.63	0.65409
0.635	0.65444
0.64	0.65441
0.645	0.65450
0.65	0.65589
0.655	0.65543
0.66	0.65614
0.665	0.65587
0.67	0.65637
0.675	0.65635
0.68	0.65689
0.685	0.65677
0.69	0.65603
0.695	0.65642
0.7	0.65663
0.705	0.65680
0.71	0.65721
0.715	0.65758
0.72	0.65851
0.725	0.65828
0.73	0.65809
0.735	0.65827
0.74	0.65961
0.745	0.65970
0.75	0.65965
0.755	0.65989
0.76	0.65923
0.765	0.65951
0.77	0.65913
0.775	0.65913
0.78	0.65837
0.785	0.65896
0.79	0.65822
0.795	0.65957
0.8	0.65742
0.805	0.65862
0.81	0.65796
0.815	0.65762
0.82	0.65778
0.825	0.65709
0.83	0.65833
0.835	0.65790
0.84	0.65754
0.845	0.65719
0.85	0.65710
0.855	0.65865
0.86	0.65865
0.865	0.65925
0.87	0.65941
0.875	0.65883
0.88	0.65871
0.885	0.65962
0.89	0.65962
0.895	0.65984
0.9	0.65926
0.905	0.66033
0.91	0.66001
0.915	0.65988
0.92	0.65938
0.925	0.65888
0.93	0.65931
0.935	0.65892
0.94	0.65873
0.945	0.65892
0.95	0.65930
0.955	0.65943
0.96	0.65991
0.965	0.66069
0.97	0.65997
0.975	0.65918
0.98	0.66005
0.985	0.66017
0.99	0.66039
0.995	0.65953
1	0.66003
1.005	0.66003
1.01	0.66010
1.015	0.66010
1.02	0.66037
1.025	0.66086
1.03	0.66081
1.035	0.66125
1.04	0.66109
1.045	0.66142
1.05	0.66090
1.055	0.66203
1.06	0.66277
1.065	0.66244
1.07	0.66287
1.075	0.66320
1.08	0.66289
1.085	0.66263
1.09	0.66284
1.095	0.66328
1.1	0.66313
1.105	0.66316
1.11	0.66281
1.115	0.66271
1.12	0.66300
1.125	0.66293
1.13	0.66292
1.135	0.66344
1.14	0.66297
1.145	0.66354
1.15	0.66306
1.155	0.66264
1.16	0.66313
1.165	0.66363
1.17	0.66324
1.175	0.66362
1.18	0.66431
1.185	0.66426
1.19	0.66429
1.195	0.66402
1.2	0.66206
1.205	0.66288
1.21	0.66289
1.215	0.66183
1.22	0.66351
1.225	0.66519
1.23	0.66495
1.235	0.66444
1.24	0.66393
1.245	0.66326
1.25	0.66307
1.255	0.66294
1.26	0.66273
1.265	0.66283
1.27	0.66361
1.275	0.66248
1.28	0.66226
1.285	0.66133
1.29	0.66067
1.295	0.66156
1.3	0.66231
1.305	0.66209
1.31	0.66261
1.315	0.66191
1.32	0.66127
1.325	0.66191
1.33	0.66179
1.335	0.66258
1.34	0.66332
1.345	0.66258
1.35	0.66128
1.355	0.66037
1.36	0.65877
1.365	0.65840
1.37	0.66094
1.375	0.66399
1.38	0.66427
1.385	0.66347
1.39	0.66611
1.395	0.66331
1.4	0.66151
1.405	0.66096
1.41	0.66193
1.415	0.66318
1.42	0.66266
1.425	0.66295
1.43	0.66328
1.435	0.66284
1.44	0.66324
1.445	0.66319
1.45	0.66262
1.455	0.66218
1.46	0.66357
1.465	0.66392
1.47	0.66353
1.475	0.66321
1.48	0.66353
1.485	0.66285
1.49	0.66274
1.495	0.66348
1.5	0.66391
1.505	0.66396
1.51	0.66323
1.515	0.66405
1.52	0.66373
1.525	0.66387
1.53	0.66395
1.535	0.66388
1.54	0.66420
1.545	0.66412
1.55	0.66406
1.555	0.66439
1.56	0.66392
1.565	0.66359
1.57	0.66381
1.575	0.66411
1.58	0.66526
1.585	0.66496
1.59	0.66466
1.595	0.66453
1.6	0.66428
1.605	0.66482
1.61	0.66445
1.615	0.66538
1.62	0.66450
1.625	0.66459
1.63	0.66376
1.635	0.66417
1.64	0.66422
1.645	0.66460
1.65	0.66513
1.655	0.66430
1.66	0.66438
1.665	0.66433
1.67	0.66430
1.675	0.66461
1.68	0.66486
1.685	0.66474
1.69	0.66483
1.695	0.66501
1.7	0.66687
1.705	0.66535
1.71	0.66502
1.715	0.66540
1.72	0.66472
1.725	0.66513
1.73	0.66501
1.735	0.66452
1.74	0.66428
1.745	0.66417
1.75	0.66438
1.755	0.66353
1.76	0.66348
1.765	0.66279
1.77	0.66321
1.775	0.66334
1.78	0.66264
1.785	0.66234
1.79	0.66259
1.795	0.66247
1.8	0.66282
1.805	0.66445
1.81	0.66380
1.815	0.66385
1.82	0.66441
1.825	0.66457
1.83	0.66436
1.835	0.66382
1.84	0.66394
1.845	0.66333
1.85	0.66297
1.855	0.66310
1.86	0.66338
1.865	0.66402
1.87	0.66368
1.875	0.66257
1.88	0.66297
1.885	0.66365
1.89	0.66361
1.895	0.66375
1.9	0.66387
1.905	0.66239
1.91	0.66267
1.915	0.66314
1.92	0.66309
1.925	0.66273
1.93	0.66326
1.935	0.66324
1.94	0.66326
1.945	0.66382
1.95	0.66389
1.955	0.66361
1.96	0.66358
1.965	0.66377
1.97	0.66345
1.975	0.66369
1.98	0.66435
1.985	0.66372
1.99	0.66443
1.995	0.66438
2	0.66444
2.005	0.66472
2.01	0.66493
2.015	0.66458
2.02	0.66450
2.025	0.66462
2.03	0.66463
2.035	0.66521
2.04	0.66535
2.045	0.66490
2.05	0.66453
2.055	0.66482
2.06	0.66473
2.065	0.66448
2.07	0.66514
2.075	0.66510
2.08	0.66486
2.085	0.66520
2.09	0.66517
2.095	0.66545
2.1	0.66504
2.105	0.66489
2.11	0.66479
2.115	0.66536
2.12	0.66564
2.125	0.66576
2.13	0.66508
2.135	0.66503
2.14	0.66477
2.145	0.66396
2.15	0.66320
2.155	0.66366
2.16	0.66341
2.165	0.66276
2.17	0.66275
2.175	0.66231
2.18	0.66244
2.185	0.66247
2.19	0.66200
2.195	0.66190
2.2	0.66201
2.205	0.66245
2.21	0.66246
2.215	0.66284
2.22	0.66237
2.225	0.66272
2.23	0.66280
2.235	0.66281
2.24	0.66232
2.245	0.66180
2.25	0.66188
2.255	0.66209
2.26	0.66236
2.265	0.66254
2.27	0.66279
2.275	0.66316
2.28	0.66310
2.285	0.66331
2.29	0.66378
2.295	0.66326
2.3	0.66386
2.305	0.66368
2.31	0.66412
2.315	0.66408
2.32	0.66443
2.325	0.66444
2.33	0.66420
2.335	0.66409
2.34	0.66465
2.345	0.66480
2.35	0.66425
2.355	0.66370
2.36	0.66302
2.365	0.66357
2.37	0.66351
2.375	0.66372
2.38	0.66431
2.385	0.66366
2.39	0.66464
2.395	0.66423
2.4	0.66459
2.405	0.66500
2.41	0.66457
2.415	0.66415
2.42	0.66382
2.425	0.66353
2.43	0.66453
2.435	0.66442
2.44	0.66389
2.445	0.66411
2.45	0.66386
2.455	0.66378
2.46	0.66408
2.465	0.66399
2.47	0.66475
2.475	0.66563
2.48	0.66523
2.485	0.66476
2.49	0.66515
2.495	0.66540
2.5	0.66562
2.5044	0.66566
2.5068	0.66555
2.5093	0.66538
2.5117	0.66513
2.5141	0.66527
2.5166	0.66531
2.519	0.66526
2.5215	0.66509
2.5239	0.66506
2.5264	0.66503
2.5288	0.66494
2.5313	0.66496
2.5338	0.66508
2.5363	0.66482
2.5388	0.66457
2.5412	0.66428
2.5437	0.66496
2.5462	0.66472
2.5487	0.66456
2.5512	0.66467
2.5538	0.66478
2.5563	0.66376
2.5588	0.66352
2.5613	0.66526
2.5639	0.66667
2.5664	0.66464
2.5689	0.66382
2.5715	0.66471
2.574	0.66504
2.5766	0.66470
2.5792	0.66399
2.5817	0.66408
2.5843	0.66567
2.5869	0.66515
2.5895	0.66412
2.5921	0.66349
2.5947	0.66722
2.5973	0.66764
2.5999	0.66156
2.6025	0.66275
2.6051	0.66558
2.6077	0.66570
2.6103	0.66309
2.613	0.66242
2.6156	0.66325
2.6183	0.66506
2.6209	0.66452
2.6236	0.66205
2.6262	0.66180
2.6289	0.66399
2.6315	0.66408
2.6342	0.66264
2.6369	0.66094
2.6396	0.66089
2.6423	0.66099
2.645	0.66143
2.6477	0.66112
2.6504	0.66066
2.6531	0.66128
2.6558	0.66160
2.6585	0.66046
2.6613	0.66086
2.664	0.66140
2.6667	0.66405
2.6695	0.66360
2.6722	0.66212
2.675	0.65917
2.6778	0.66064
2.6805	0.65994
2.6833	0.65728
2.6861	0.65686
2.6889	0.65592
2.6917	0.65427
2.6945	0.65412
2.6973	0.65160
2.7001	0.64706
2.7029	0.64470
2.7057	0.64173
2.7085	0.63954
2.7114	0.63893
2.7142	0.63513
2.7171	0.63184
2.7199	0.63261
2.7228	0.63234
2.7256	0.62912
2.7285	0.62576
2.7314	0.62353
2.7342	0.62315
2.7371	0.62270
2.74	0.62325
2.7429	0.62210
2.7458	0.61843
2.7487	0.61759
2.7517	0.61773
2.7546	0.61899
2.7575	0.61945
2.7605	0.61663
2.7634	0.61714
2.7663	0.61747
2.7693	0.61703
2.7723	0.61709
2.7752	0.61599
2.7782	0.61578
2.7812	0.61611
2.7842	0.61593
2.7872	0.61635
2.7902	0.61611
2.7932	0.61450
2.7962	0.61441
2.7992	0.61439
2.8022	0.61491
2.8022	0.61504
2.8038	0.61638
2.8053	0.61670
2.8068	0.61529
2.8083	0.61398
2.8098	0.61352
2.8114	0.61337
2.8129	0.61278
2.8144	0.61256
2.8159	0.61275
2.8175	0.61247
2.819	0.61229
2.8205	0.61222
2.8221	0.61201
2.8236	0.61117
2.8251	0.61072
2.8267	0.61031
2.8282	0.61034
2.8298	0.61022
2.8313	0.60989
2.8329	0.60976
2.8344	0.60967
2.836	0.60932
2.8375	0.60908
2.8391	0.60865
2.8406	0.60810
2.8422	0.60759
2.8437	0.60726
2.8453	0.60684
2.8469	0.60662
2.8484	0.60650
2.85	0.60632
2.8516	0.60612
2.8531	0.60558
2.8547	0.60552
2.8563	0.60547
2.8578	0.60496
2.8594	0.60466
2.861	0.60433
2.8626	0.60415
2.8642	0.60374
2.8657	0.60360
2.8673	0.60349
2.8689	0.60342
2.8705	0.60288
2.8721	0.60288
2.8737	0.60272
2.8753	0.60265
2.8769	0.60251
2.8785	0.60239
2.8801	0.60221
2.8817	0.60220
2.8833	0.60227
2.8849	0.60215
2.8865	0.60201
2.8881	0.60191
2.8897	0.60191
2.8913	0.60156
2.8929	0.60152
2.8945	0.60135
2.8962	0.60139
2.8978	0.60142
2.8994	0.60141
2.901	0.60140
2.9027	0.60125
2.9043	0.60103
2.9059	0.60095
2.9075	0.60110
2.9092	0.60097
2.9108	0.60064
2.9124	0.60056
2.9141	0.60044
2.9157	0.60039
2.9174	0.60050
2.919	0.60032
2.9206	0.60010
2.9223	0.60009
2.9239	0.60022
2.9256	0.60016
2.9272	0.60006
2.9289	0.60009
2.9305	0.60000
2.9322	0.59985
2.9339	0.59981
2.9355	0.59994
2.9372	0.59992
2.9389	0.59988
2.9405	0.59972
2.9422	0.59977
2.9439	0.59982
2.9455	0.60003
2.9472	0.60010
2.9489	0.59993
2.9506	0.59999
2.9522	0.59996
2.9539	0.60013
2.9556	0.60026
2.9573	0.60049
2.959	0.60046
2.9607	0.60051
2.9624	0.60061
2.9641	0.60090
2.9658	0.60100
2.9674	0.60110
2.9691	0.60123
2.9709	0.60147
2.9726	0.60159
2.9743	0.60188
2.976	0.60208
2.9777	0.60223
2.9794	0.60222
2.9811	0.60256
2.9828	0.60290
2.9845	0.60298
2.9863	0.60300
2.988	0.60314
2.9897	0.60342
2.9914	0.60355
2.9931	0.60359
2.9949	0.60370
2.9966	0.60384
2.9983	0.60417
3.0001	0.60442
3.0018	0.60471
3.0036	0.60483
3.0053	0.60484
3.007	0.60493
3.0088	0.60504
3.0105	0.60520
3.0123	0.60543
3.014	0.60542
3.0158	0.60552
3.0175	0.60588
3.0193	0.60623
3.0211	0.60638
3.0228	0.60634
3.0246	0.60636
3.0263	0.60635
3.0281	0.60657
3.0299	0.60703
3.0317	0.60726
3.0334	0.60750
3.0352	0.60754
3.037	0.60776
3.0388	0.60813
3.0405	0.60820
3.0423	0.60850
3.0441	0.60868
3.0459	0.60907
3.0477	0.60931
3.0495	0.60927
3.0513	0.60948
3.0531	0.60979
3.0549	0.61005
3.0567	0.61016
3.0585	0.61032
3.0603	0.61063
3.0621	0.61101
3.0639	0.61129
3.0657	0.61184
3.0675	0.61206
3.0694	0.61220
3.0712	0.61243
3.073	0.61262
3.0748	0.61286
3.0766	0.61329
3.0785	0.61353
3.0803	0.61358
3.0821	0.61375
3.084	0.61405
3.0858	0.61432
3.0876	0.61473
3.0895	0.61503
3.0913	0.61496
3.0932	0.61495
3.095	0.61526
3.0969	0.61567
3.0987	0.61586
3.1006	0.61605
3.1024	0.61619
3.1043	0.61652
3.1061	0.61674
3.108	0.61693
3.1099	0.61707
3.1117	0.61707
3.1136	0.61724
3.1155	0.61746
3.1173	0.61756
3.1192	0.61789
3.1211	0.61807
3.123	0.61823
3.1249	0.61843
3.1267	0.61853
3.1286	0.61878
3.1305	0.61903
3.1324	0.61931
3.1343	0.61944
3.1362	0.61963
3.1381	0.61970
3.14	0.62003
3.1419	0.62017
3.1438	0.62057
3.1457	0.62071
3.1476	0.62108
3.1495	0.62116
3.1514	0.62137
3.1534	0.62161
3.1553	0.62179
3.1572	0.62188
3.1591	0.62215
3.1611	0.62236
3.163	0.62272
3.1649	0.62296
3.1669	0.62325
3.1688	0.62337
3.1707	0.62342
3.1727	0.62353
3.1746	0.62353
3.1766	0.62377
3.1785	0.62415
3.1805	0.62426
3.1824	0.62444
3.1844	0.62459
3.1863	0.62463
3.1883	0.62475
3.1902	0.62505
3.1922	0.62515
3.1942	0.62529
3.1961	0.62545
3.1981	0.62571
3.2001	0.62597
3.2021	0.62600
3.204	0.62610
3.206	0.62619
3.208	0.62624
3.21	0.62628
3.212	0.62632
3.214	0.62666
3.216	0.62688
3.218	0.62675
3.22	0.62685
3.222	0.62713
3.224	0.62724
3.226	0.62741
3.228	0.62761
3.23	0.62783
3.232	0.62788
3.234	0.62790
3.236	0.62799
3.2381	0.62801
3.2401	0.62811
3.2421	0.62817
3.2441	0.62815
3.2462	0.62812
3.2482	0.62816
3.2502	0.62819
3.2523	0.62840
3.2543	0.62868
3.2564	0.62881
3.2584	0.62891
3.2605	0.62886
3.2625	0.62900
3.2646	0.62923
3.2666	0.62919
3.2687	0.62927
3.2707	0.62931
3.2728	0.62939
3.2749	0.62955
3.277	0.62976
3.279	0.62973
3.2811	0.62986
3.2832	0.62999
3.2853	0.62992
3.2873	0.62971
3.2894	0.62952
3.2915	0.62982
3.2936	0.63011
3.2957	0.63006
3.2978	0.63016
3.2999	0.63032
3.302	0.63028
3.3041	0.63026
3.3062	0.63024
3.3083	0.63029
3.3104	0.63029
3.3125	0.63027
3.3147	0.62999
3.3168	0.62988
3.3189	0.62955
3.321	0.62942
3.3232	0.62925
3.3253	0.62934
3.3274	0.62948
3.3296	0.62932
3.3317	0.62908
3.3338	0.62878
3.336	0.62845
3.3381	0.62801
3.3403	0.62771
3.3424	0.62714
3.3446	0.62663
3.3468	0.62608
3.3489	0.62533
3.3511	0.62447
3.3533	0.62328
3.3554	0.62198
3.3576	0.62025
3.3598	0.61838
3.362	0.61618
3.3641	0.61343
3.3663	0.60997
3.3685	0.60638
3.3707	0.60286
3.3729	0.60029
3.3751	0.59835
3.3773	0.59723
3.3795	0.59677
3.3817	0.59728
3.3839	0.59823
3.3861	0.59932
3.3883	0.60018
3.3905	0.60052
3.3928	0.60008
3.395	0.59891
3.3972	0.59671
3.3994	0.59400
3.4017	0.59075
3.4039	0.58692
3.4061	0.58294
3.4084	0.57906
3.4106	0.57540
3.4129	0.57217
3.4151	0.56956
3.4174	0.56834
3.4196	0.56855
3.4219	0.57054
3.4241	0.57388
3.4264	0.57819
3.4287	0.58273
3.4309	0.58695
3.4332	0.59049
3.4355	0.59387
3.4378	0.59675
3.44	0.59913
3.4423	0.60121
3.4446	0.60294
3.4469	0.60456
3.4492	0.60626
3.4515	0.60769
3.4538	0.60901
3.4561	0.61023
3.4584	0.61152
3.4607	0.61250
3.463	0.61316
3.4653	0.61357
3.4676	0.61362
3.47	0.61330
3.4723	0.61274
3.4746	0.61208
3.477	0.61152
3.4793	0.61094
3.4816	0.61051
3.484	0.61004
3.4863	0.60947
3.4887	0.60849
3.491	0.60704
3.4934	0.60525
3.4957	0.60331
3.4981	0.60114
3.5004	0.59942
3.5028	0.59877
3.5052	0.59969
3.5075	0.60211
3.5099	0.60578
3.5123	0.60982
3.5147	0.61360
3.5171	0.61709
3.5194	0.62001
3.5218	0.62221
3.5242	0.62383
3.5266	0.62517
3.529	0.62638
3.5314	0.62721
3.5338	0.62795
3.5362	0.62850
3.5387	0.62893
3.5411	0.62923
3.5435	0.62945
3.5459	0.62967
3.5483	0.62996
3.5508	0.63016
3.5532	0.63032
3.5556	0.63037
3.5581	0.63046
3.5605	0.63051
3.563	0.63064
3.5654	0.63073
3.5679	0.63076
3.5703	0.63077
3.5728	0.63082
3.5753	0.63080
3.5777	0.63079
3.5802	0.63075
3.5827	0.63082
3.5852	0.63077
3.5876	0.63086
3.5901	0.63086
3.5926	0.63076
3.5951	0.63076
3.5976	0.63088
3.6001	0.63090
3.6026	0.63088
3.6051	0.63088
3.6076	0.63083
3.6101	0.63090
3.6126	0.63091
3.6152	0.63096
3.6177	0.63094
3.6202	0.63089
3.6227	0.63091
3.6253	0.63071
3.6278	0.63068
3.6303	0.63061
3.6329	0.63065
3.6354	0.63069
3.638	0.63074
3.6405	0.63057
3.6431	0.63044
3.6457	0.63046
3.6482	0.63055
3.6508	0.63043
3.6534	0.63031
3.6559	0.63017
3.6585	0.63012
3.6611	0.62997
3.6637	0.63000
3.6663	0.62986
3.6689	0.62965
3.6715	0.62958
3.6741	0.62964
3.6767	0.62949
3.6793	0.62934
3.6819	0.62909
3.6845	0.62887
3.6872	0.62853
3.6898	0.62843
3.6924	0.62825
3.695	0.62812
3.6977	0.62789
3.7003	0.62759
3.703	0.62730
3.7056	0.62713
3.7083	0.62687
3.7109	0.62662
3.7136	0.62638
3.7162	0.62603
3.7189	0.62568
3.7216	0.62548
3.7242	0.62519
3.7269	0.62512
3.7296	0.62489
3.7323	0.62467
3.735	0.62451
3.7377	0.62439
3.7404	0.62419
3.7431	0.62416
3.7458	0.62400
3.7485	0.62399
3.7512	0.62392
3.7539	0.62395
3.7566	0.62384
3.7593	0.62390
3.7621	0.62377
3.7648	0.62394
3.7675	0.62402
3.7703	0.62411
3.773	0.62421
3.7758	0.62430
3.7785	0.62426
3.7813	0.62428
3.784	0.62435
3.7868	0.62448
3.7896	0.62441
3.7923	0.62448
3.7951	0.62454
3.7979	0.62449
3.8007	0.62443
3.8035	0.62439
3.8063	0.62438
3.8091	0.62430
3.8119	0.62414
3.8147	0.62414
3.8175	0.62414
3.8203	0.62415
3.8231	0.62395
3.8259	0.62376
3.8288	0.62352
3.8316	0.62346
3.8344	0.62328
3.8373	0.62320
3.8401	0.62313
3.8429	0.62296
3.8458	0.62278
3.8487	0.62265
3.8515	0.62250
3.8544	0.62241
3.8572	0.62234
3.8601	0.62227
3.863	0.62222
3.8659	0.62221
3.8688	0.62220
3.8716	0.62229
3.8745	0.62226
3.8774	0.62234
3.8803	0.62243
3.8832	0.62248
3.8862	0.62245
3.8891	0.62257
3.892	0.62259
3.8949	0.62263
3.8978	0.62265
3.9008	0.62275
3.9037	0.62286
3.9067	0.62295
3.9096	0.62299
3.9126	0.62301
3.9155	0.62291
3.9185	0.62289
3.9214	0.62285
3.9244	0.62283
3.9274	0.62272
3.9304	0.62263
3.9333	0.62246
3.9363	0.62234
3.9393	0.62217
3.9423	0.62209
3.9453	0.62182
3.9483	0.62165
3.9513	0.62137
3.9543	0.62117
3.9574	0.62089
3.9604	0.62071
3.9634	0.62042
3.9664	0.62014
3.9695	0.61986
3.9725	0.61959
3.9756	0.61933
3.9786	0.61907
3.9817	0.61874
3.9847	0.61841
3.9878	0.61818
3.9909	0.61800
3.9939	0.61780
3.997	0.61753
4.0001	0.61720
4.0032	0.61692
4.0063	0.61672
4.0094	0.61669
4.0125	0.61643
4.0156	0.61626
4.0187	0.61609
4.0218	0.61589
4.0249	0.61573
4.0281	0.61569
4.0312	0.61558
4.0343	0.61539
4.0375	0.61534
4.0406	0.61539
4.0438	0.61533
4.0469	0.61522
4.0501	0.61506
4.0533	0.61504
4.0564	0.61486
4.0596	0.61477
4.0628	0.61463
4.066	0.61460
4.0692	0.61435
4.0724	0.61417
4.0756	0.61390
4.0788	0.61372
4.082	0.61337
4.0852	0.61310
4.0884	0.61276
4.0917	0.61248
4.0949	0.61209
4.0981	0.61178
4.1014	0.61139
4.1046	0.61101
4.1079	0.61054
4.1111	0.61014
4.1144	0.60969
4.1177	0.60919
4.1209	0.60878
4.1242	0.60827
4.1275	0.60779
4.1308	0.60742
4.1341	0.60694
4.1374	0.60656
4.1407	0.60608
4.144	0.60568
4.1473	0.60530
4.1506	0.60494
4.154	0.60446
4.1573	0.60417
4.1606	0.60380
4.164	0.60341
4.1673	0.60304
4.1707	0.60265
4.174	0.60219
4.1774	0.60172
4.3822	0.57709
4.3859	0.57536
4.3896	0.57369
4.3933	0.57203
4.3971	0.57030
4.4008	0.56852
4.4045	0.56675
4.4083	0.56514
4.412	0.56355
4.4158	0.56188
4.4196	0.56041
4.4233	0.55899
4.4271	0.55767
4.4309	0.55629
4.4347	0.55494
4.4385	0.55372
4.4423	0.55259
4.4461	0.55138
4.4499	0.55027
4.4537	0.54878
4.4576	0.54723
4.4614	0.54566
4.4652	0.54426
4.4691	0.54310
4.4729	0.54257
4.4768	0.54257
4.4807	0.54305
4.4845	0.54370
4.4884	0.54452
4.4923	0.54535
4.4962	0.54648
4.5001	0.54783
4.504	0.54966
4.5079	0.55179
4.5119	0.55427
4.5158	0.55691
4.5197	0.55978
4.5237	0.56256
4.5276	0.56510
4.5316	0.56728
4.5356	0.56922
4.5395	0.57100
4.5435	0.57266
4.5475	0.57412
4.5515	0.57540
4.5555	0.57649
4.5595	0.57745
4.5635	0.57824
4.5675	0.57896
4.5715	0.57931
4.5756	0.57957
4.5796	0.57960
4.5837	0.57966
4.5877	0.57942
4.5918	0.57929
4.5959	0.57899
4.5999	0.57870
4.604	0.57821
4.6081	0.57765
4.6122	0.57698
4.6163	0.57621
4.6204	0.57532
4.6246	0.57444
4.6287	0.57337
4.6328	0.57221
4.637	0.57073
4.6411	0.56919
4.6453	0.56747
4.6494	0.56573
4.6536	0.56375
4.6578	0.56187
4.662	0.55979
4.6662	0.55770
4.6704	0.55546
4.6746	0.55323
4.6788	0.55103
4.683	0.54926
4.6873	0.54811
4.6915	0.54771
4.6958	0.54810
4.7	0.54918
4.7043	0.55056
4.7086	0.55214
4.7129	0.55336
4.7171	0.55433
4.7214	0.55500
4.7257	0.55524
4.7301	0.55518
4.7344	0.55498
4.7387	0.55453
4.743	0.55397
4.7474	0.55321
4.7517	0.55235
4.7561	0.55142
4.7605	0.55042
4.7648	0.54923
4.7692	0.54802
4.7736	0.54666
4.778	0.54534
4.7824	0.54392
4.7868	0.54240
4.7913	0.54070
4.7957	0.53902
4.8001	0.53714
4.8046	0.53522
4.809	0.53318
4.8135	0.53103
4.818	0.52877
4.8225	0.52646
4.8269	0.52397
4.8314	0.52132
4.8359	0.51856
4.8405	0.51575
4.845	0.51278
4.8495	0.50942
4.8541	0.50569
4.8586	0.50174
4.8632	0.49737
4.8677	0.49262
4.8723	0.48731
4.8769	0.48146
4.8815	0.47478
4.8861	0.46740
4.8907	0.45903
4.8953	0.44966
4.8999	0.43932
4.9046	0.42829
4.9092	0.41661
4.9139	0.40502
4.9185	0.39396
4.9232	0.38399
4.9279	0.37536
4.9326	0.36830
4.9373	0.36257
4.942	0.35786
4.9467	0.35375
4.9514	0.34977
4.9562	0.34532
4.9609	0.34021
4.9656	0.33398
4.9704	0.32679
4.9752	0.31888
4.98	0.31100
4.9847	0.30354
4.9895	0.29699
4.9943	0.29158
4.9992	0.28730
5.004	0.28393
5.0088	0.28132
5.0137	0.27925
5.0185	0.27802
5.0234	0.27747
5.0283	0.27734
5.0331	0.27745
5.038	0.27782
5.0429	0.27815
5.0478	0.27836
5.0528	0.27834
5.0577	0.27848
5.0626	0.27864
5.0676	0.27901
5.0725	0.27977
5.0775	0.28114
5.0825	0.28315
5.0875	0.28587
5.0925	0.28888
5.0975	0.29199
5.1025	0.29504
5.1075	0.29772
5.1126	0.29983
5.1176	0.30122
5.1227	0.30184
5.1277	0.30211
5.1328	0.30218
5.1379	0.30245
5.143	0.30301
5.1481	0.30400
5.1532	0.30502
5.1583	0.30580
5.1635	0.30654
5.1686	0.30742
5.1738	0.30812
5.179	0.30872
5.1841	0.30931
5.1893	0.30982
5.1945	0.30983
5.1997	0.30945
5.205	0.30826
5.2102	0.30586
5.2154	0.30245
5.2207	0.29731
5.2259	0.29019
5.2312	0.28205
5.2365	0.27287
5.2418	0.26295
5.2471	0.25250
5.2524	0.24217
5.2577	0.23234
5.2631	0.22319
5.2684	0.21483
5.2738	0.20730
5.2792	0.20037
5.2845	0.19393
5.2899	0.18817
5.2953	0.18328
5.3008	0.17875
5.3062	0.17483
5.3116	0.17152
5.3171	0.16876
5.3225	0.16636
5.328	0.16430
5.3335	0.16259
5.339	0.16120
5.3445	0.16013
5.35	0.15976
5.3555	0.16018
5.361	0.16121
5.3666	0.16309
5.3722	0.16648
5.3777	0.17138
5.3833	0.17794
5.3889	0.18592
5.3945	0.19535
5.4001	0.20589
5.4058	0.21729
5.4114	0.22902
5.4171	0.24065
5.4227	0.25170
5.4284	0.26249
5.4341	0.27087
5.4398	0.27772
5.4455	0.28377
5.4512	0.28850
5.457	0.29145
5.4627	0.29318
5.4685	0.29388
5.4743	0.29271
5.4801	0.29039
5.4859	0.28768
5.4917	0.28384
5.4975	0.27985
5.5033	0.27561
5.5092	0.27120
5.515	0.26642
5.5209	0.26177
5.5268	0.25712
5.5327	0.25225
5.5386	0.24741
5.5445	0.24299
5.5505	0.23921
5.5564	0.23603
5.5624	0.23292
5.5684	0.23016
5.5743	0.22816
5.5803	0.22722
5.5864	0.22669
5.5924	0.22592
5.5984	0.22600
5.6045	0.22734
5.6105	0.22933
5.6166	0.23168
5.6227	0.23495
5.6288	0.23876
5.6349	0.24341
5.6411	0.24949
5.6472	0.25743
5.6534	0.26512
5.6595	0.27274
5.6657	0.28119
5.6719	0.28906
5.6781	0.29746
5.6844	0.30490
5.6906	0.31061
5.6969	0.31575
5.7031	0.31941
5.7094	0.32199
5.7157	0.32481
5.722	0.32543
5.7283	0.32468
5.7347	0.32321
5.741	0.32179
5.7474	0.31986
5.7538	0.31797
5.7601	0.31450
5.7666	0.31266
5.773	0.31072
5.7794	0.30568
5.7859	0.30103
5.7923	0.29691
5.7988	0.29257
5.8053	0.28872
5.8118	0.28435
5.8183	0.28077
5.8249	0.27786
5.8314	0.27347
5.838	0.26761
5.8446	0.26204
5.8512	0.25669
5.8578	0.25182
5.8644	0.24698
5.871	0.24196
5.8777	0.23657
5.8844	0.23297
5.8911	0.22651
5.8978	0.22022
5.9045	0.21407
5.9112	0.20678
5.918	0.20108
5.9247	0.19606
5.9315	0.19165
5.9383	0.18932
5.9451	0.18753
5.9519	0.18513
5.9588	0.18451
5.9656	0.18551
5.9725	0.18822
5.9794	0.19140
5.9863	0.19424
5.9932	0.19815
6.0002	0.20158
6.0071	0.20398
6.0141	0.20671
6.0211	0.20940
6.0281	0.21061
6.0351	0.21134
6.0421	0.21210
6.0492	0.21403
6.0562	0.21574
6.0633	0.21326
6.0704	0.21186
6.0775	0.21174
6.0847	0.20927
6.0918	0.20546
6.099	0.20167
6.1062	0.19759
6.1134	0.19371
6.1206	0.18899
6.1278	0.18173
6.1351	0.17488
6.1423	0.16831
6.1496	0.16122
6.1569	0.15371
6.1643	0.14661
6.1716	0.13886
6.1789	0.13192
6.1863	0.12658
6.1937	0.12166
6.2011	0.11708
6.2085	0.11412
6.216	0.11237
6.2235	0.11157
6.2309	0.11143
6.2384	0.11201
6.2459	0.11318
6.2535	0.11481
6.261	0.11698
6.2686	0.11971
6.2762	0.12287
6.2838	0.12638
6.2914	0.13018
6.2991	0.13412
6.3067	0.13816
6.3144	0.14242
6.3221	0.14692
6.3298	0.15151
6.3376	0.15608
6.3453	0.16087
6.3531	0.16580
6.3609	0.16904
6.3687	0.17258
6.3765	0.17715
6.3844	0.18110
6.3923	0.18458
6.4002	0.18819
6.4081	0.19129
6.416	0.19539
6.424	0.19775
6.4319	0.19620
6.4399	0.19482
6.4479	0.19269
6.456	0.19019
6.464	0.18682
6.4721	0.18290
6.4802	0.17877
6.4883	0.17396
6.4964	0.16871
6.5046	0.16094
6.5127	0.15178
6.5209	0.14446
6.5291	0.13683
6.5374	0.12911
6.5456	0.12312
6.5539	0.11886
6.5622	0.11591
6.5705	0.11457
6.5789	0.11438
6.5872	0.11406
6.5956	0.11390
6.604	0.11418
6.6124	0.11394
6.6209	0.11403
6.6293	0.11408
6.6378	0.11485
6.6463	0.11500
6.6549	0.11340
6.6634	0.11162
6.672	0.11021
6.6806	0.10828
6.6892	0.10606
6.6978	0.10336
6.7065	0.10149
6.7152	0.10066
6.7239	0.10018
6.7326	0.09973
6.7414	0.09962
6.7502	0.09984
6.759	0.10050
6.7678	0.10117
6.7766	0.10212
6.7855	0.10294
6.7944	0.10375
6.8033	0.10377
6.8123	0.10313
6.8212	0.10273
6.8302	0.10270
6.8392	0.10220
6.8483	0.10156
6.8573	0.10143
6.8664	0.10190
6.8755	0.10135
6.8846	0.10008
6.8938	0.09934
6.903	0.09866
6.9122	0.09780
6.9214	0.09647
6.9307	0.09478
6.9399	0.09298
6.9492	0.09088
6.9586	0.08895
6.9679	0.08680
6.9773	0.08386
6.9867	0.08114
6.9961	0.07874
7.0056	0.07614
7.0151	0.07353
7.0246	0.07107
7.0341	0.06868
7.0437	0.06641
7.0532	0.06439
7.0629	0.06187
7.0725	0.05971
7.0822	0.05774
7.0918	0.05599
7.1016	0.05416
7.1113	0.05235
7.1211	0.05034
7.1309	0.04818
7.1407	0.04577
7.1505	0.04355
7.1604	0.04120
7.1703	0.03916
7.1802	0.03717
7.1902	0.03536
7.2002	0.03370
7.2102	0.03220
7.2202	0.03048
7.2303	0.02871
7.2404	0.02696
7.2505	0.02530
7.2607	0.02355
7.2709	0.02206
7.2811	0.02057
7.2913	0.01925
7.3016	0.01796
7.3119	0.01697
7.3222	0.01602
7.3326	0.01534
7.343	0.01466
7.3534	0.01417
7.3638	0.01368
7.3743	0.01342
7.3848	0.01310
7.3953	0.01292
7.4059	0.01277
7.4165	0.01281
7.4271	0.01282
7.4378	0.01298
7.4485	0.01315
7.4592	0.01353
7.4699	0.01398
7.4807	0.01465
7.4915	0.01529
7.5024	0.01613
7.5132	0.01703
7.5241	0.01813
7.5351	0.01927
7.546	0.02052
7.557	0.02165
7.5681	0.02283
7.5791	0.02396
7.5902	0.02527
7.6014	0.02655
7.6125	0.02800
7.6237	0.02951
7.635	0.03121
7.6462	0.03306
7.6575	0.03520
7.6688	0.03731
7.6802	0.03945
7.6916	0.04142
7.703	0.04326
7.7145	0.04485
7.726	0.04645
7.7375	0.04795
7.7491	0.04936
7.7607	0.05059
7.7723	0.05171
7.784	0.05254
7.7957	0.05318
7.8074	0.05370
7.8192	0.05435
7.831	0.05520
7.8429	0.05647
7.8548	0.05805
7.8667	0.05993
7.8786	0.06208
7.8906	0.06444
7.9026	0.06696
7.9147	0.06974
7.9268	0.07269
7.939	0.07576
7.9511	0.07875
7.9633	0.08180
7.9756	0.08457
7.9879	0.08699
8.0002	0.08892
8.0126	0.09044
8.025	0.09171
8.0374	0.09299
8.0499	0.09418
8.0624	0.09545
8.075	0.09687
8.0876	0.09835
8.1002	0.09988
8.1129	0.10143
8.1256	0.10281
8.1384	0.10395
8.1512	0.10473
8.164	0.10498
8.1769	0.10425
8.1898	0.10256
8.2027	0.09991
8.2157	0.09671
8.2288	0.09322
8.2419	0.08957
8.255	0.08599
8.2682	0.08262
8.2814	0.07935
8.2946	0.07646
8.3079	0.07387
8.3212	0.07170
8.3346	0.06988
8.348	0.06838
8.3615	0.06709
8.375	0.06609
8.3886	0.06521
8.4022	0.06458
8.4158	0.06407
8.4295	0.06380
8.4432	0.06378
8.457	0.06396
8.4708	0.06430
8.4847	0.06484
8.4986	0.06530
8.5125	0.06576
8.5265	0.06608
8.5406	0.06617
8.5547	0.06574
8.5688	0.06481
8.583	0.06315
8.5972	0.06054
8.6115	0.05685
8.6258	0.05329
8.6402	0.05167
8.6546	0.05293
8.6691	0.05603
8.6836	0.05951
8.6982	0.06239
8.7128	0.06451
8.7275	0.06607
8.7422	0.06736
8.757	0.06837
8.7718	0.06921
8.7867	0.06998
8.8016	0.07080
8.8166	0.07163
8.8316	0.07250
8.8466	0.07333
8.8618	0.07417
8.8769	0.07495
8.8922	0.07563
8.9074	0.07627
8.9228	0.07689
8.9382	0.07738
8.9536	0.07782
8.9691	0.07824
8.9846	0.07880
9.0002	0.07921
9.0159	0.07950
9.0316	0.07984
9.0474	0.08024
9.0632	0.08053
9.079	0.08086
9.095	0.08112
9.111	0.08142
9.127	0.08178
9.1431	0.08210
9.1593	0.08248
9.1755	0.08293
9.1917	0.08328
9.2081	0.08372
9.2244	0.08427
9.2409	0.08480
9.2574	0.08522
9.2739	0.08559
9.2906	0.08590
9.3072	0.08594
9.324	0.08550
9.3408	0.08446
9.3576	0.08247
9.3746	0.07942
9.3915	0.07537
9.4086	0.07078
9.4257	0.06619
9.4429	0.06236
9.4601	0.05945
9.4774	0.05732
9.4948	0.05591
9.5122	0.05526
9.5297	0.05501
9.5472	0.05532
9.5648	0.05600
9.5825	0.05681
9.6003	0.05743
9.6181	0.05835
9.6359	0.06026
9.6539	0.06325
9.6719	0.06672
9.69	0.07057
9.7081	0.07469
9.7263	0.07893
9.7446	0.08299
9.763	0.08697
9.7814	0.09096
9.7999	0.09490
9.8184	0.09864
9.8371	0.10238
9.8558	0.10611
9.8745	0.10967
9.8934	0.11289
9.9123	0.11563
9.9313	0.11792
9.9504	0.11981
9.9695	0.12132
9.9887	0.12270
10.008	0.12411
10.0273	0.12596
10.0468	0.12828
10.0663	0.13105
10.0859	0.13432
10.1055	0.13814
10.1253	0.14216
10.1451	0.14624
10.165	0.15021
10.1849	0.15409
10.205	0.15777
10.2251	0.16116
10.2453	0.16422
10.2656	0.16688
10.286	0.16938
10.3064	0.17189
10.327	0.17430
10.3476	0.17659
10.3683	0.17894
10.389	0.18143
10.4099	0.18389
10.4309	0.18629
10.4519	0.18872
10.473	0.19099
10.4942	0.19297
10.5155	0.19457
10.5369	0.19596
10.5583	0.19710
10.5799	0.19828
10.6015	0.19969
10.6232	0.20142
10.645	0.20331
10.6669	0.20552
10.6889	0.20783
10.711	0.21000
10.7332	0.21188
10.7555	0.21344
10.7778	0.21455
10.8003	0.21552
10.8228	0.21633
10.8455	0.21716
10.8682	0.21791
10.891	0.21862
10.914	0.21913
10.937	0.21933
10.9601	0.21911
10.9833	0.21867
11.0067	0.21792
11.0301	0.21699
11.0536	0.21579
11.0772	0.21449
11.1009	0.21317
11.1248	0.21187
11.1487	0.21043
11.1727	0.20896
11.1968	0.20748
11.2211	0.20586
11.2454	0.20431
11.2699	0.20278
11.2944	0.20101
11.3191	0.19941
11.3438	0.19778
11.3687	0.19575
11.3937	0.19335
11.4188	0.19070
11.444	0.18775
11.4693	0.18463
11.4948	0.18148
11.5203	0.17832
11.546	0.17530
11.5717	0.17247
11.5976	0.16973
11.6236	0.16700
11.6497	0.16414
11.676	0.16094
11.7023	0.15739
11.7288	0.15347
11.7554	0.14932
11.7821	0.14499
11.809	0.14020
11.8359	0.13516
11.863	0.12987
11.8902	0.12437
11.9176	0.11860
11.945	0.11257
11.9726	0.10639
12.0003	0.09980
12.0282	0.09299
12.0561	0.08579
12.0842	0.07832
12.1125	0.07044
12.1408	0.06221
12.1693	0.05396
12.198	0.04607
12.2267	0.03847
12.2556	0.03155
12.2847	0.02552
12.3139	0.02087
12.3432	0.01791
12.3726	0.01678
12.4022	0.01753
12.432	0.01982
12.4619	0.02247
12.4919	0.02483
12.5221	0.02665
12.5524	0.02831
12.5829	0.02964
12.6135	0.03064
12.6442	0.03175
12.6751	0.03313
12.7062	0.03468
12.7374	0.03625
12.7688	0.03742
12.8003	0.03822
12.832	0.03912
12.8639	0.04034
12.8959	0.04210
12.928	0.04545
12.9603	0.05070
12.9928	0.05804
13.0255	0.06682
13.0583	0.07634
13.0913	0.08628
13.1244	0.09595
13.1577	0.10501
13.1912	0.11342
13.2248	0.12091
13.2587	0.12724
13.2927	0.13265
13.3268	0.13714
13.3612	0.14052
13.3957	0.14308
13.4304	0.14467
13.4653	0.14540
13.5004	0.14559
13.5356	0.14540
13.571	0.14483
13.6067	0.14409
13.6425	0.14333
13.6785	0.14255
13.7146	0.14175
13.751	0.14058
13.7876	0.13890
13.8244	0.13680
13.8613	0.13444
13.8985	0.13152
13.9358	0.12801
13.9734	0.12405
14.0112	0.11950
14.0491	0.11426
14.0873	0.10826
14.1257	0.10157
14.1643	0.09381
14.2031	0.08455
14.2421	0.07386
14.2814	0.06195
14.3208	0.04961
14.3605	0.03952
14.4004	0.03457
14.4405	0.03629
14.4808	0.04392
14.5214	0.05541
14.5622	0.06819
14.6032	0.08017
14.6444	0.09030
14.6859	0.09833
14.7277	0.10449
14.7696	0.10945
14.8118	0.11327
14.8543	0.11601
14.8969	0.11790
14.9399	0.11947
14.983	0.12052
15.0265	0.12109
15.0702	0.12180
15.1141	0.12231
15.1583	0.12274
15.2027	0.12281
15.2475	0.12261
15.2924	0.12228
15.3377	0.12193
15.3832	0.12149
15.429	0.12107
15.475	0.12041
15.5214	0.11961
15.568	0.11880
15.6149	0.11771
15.662	0.11641
15.7095	0.11501
15.7572	0.11318
15.8053	0.11088
15.8536	0.10819
15.9023	0.10529
15.9512	0.10271
16.0004	0.10079
16.05	0.09950
16.0998	0.09867
16.15	0.09849
16.2004	0.09877
16.2512	0.09917
16.3023	0.09960
16.3537	0.10002
16.4055	0.10012
16.4576	0.10007
16.51	0.09970
16.5627	0.09929
16.6158	0.09863
16.6692	0.09755
16.723	0.09643
16.7771	0.09519
16.8316	0.09373
16.8864	0.09166
16.9416	0.08956
16.9972	0.08736
17.0531	0.08477
17.1094	0.08235
17.166	0.07959
17.223	0.07679
17.2805	0.07385
17.3382	0.07062
17.3964	0.06740
17.455	0.06431
17.514	0.06127
17.5733	0.05833
17.6331	0.05579
17.6933	0.05373
17.7539	0.05199
17.8149	0.05006
17.8763	0.04864
17.9382	0.04841
18.0005	0.04823
18.0632	0.04834
18.1263	0.04883
18.1899	0.04945
18.254	0.05006
18.3185	0.05108
18.3835	0.05100
18.4489	0.04998
18.5148	0.04912
18.5811	0.04783
18.648	0.04612
18.7153	0.04376
18.7831	0.04187
18.8514	0.04017
18.9202	0.03842
18.9895	0.03736
19.0593	0.03691
19.1297	0.03624
19.2005	0.03580
19.2719	0.03565
19.3438	0.03576
19.4162	0.03634
19.4892	0.03649
19.5628	0.03705
19.6369	0.03801
19.7115	0.03931
19.7868	0.04070
19.8626	0.04165
19.939	0.04213
20.016	0.04255
20.0935	0.04368
20.1717	0.04533
20.2505	0.04516
20.3299	0.04568
20.41	0.04681
20.4907	0.04674
20.572	0.04615
20.6539	0.04574
20.7365	0.04540
20.8198	0.04559
20.9038	0.04557
20.9884	0.04636
21.0737	0.04788
21.1597	0.04847
21.2465	0.04717
21.3339	0.04704
21.422	0.04787
21.5109	0.04905
21.6006	0.04958
21.6909	0.04895
21.7821	0.04903
21.874	0.05026
21.9667	0.05071
22.0601	0.05083
22.1544	0.05362
22.2495	0.05496
22.3454	0.05360
22.4421	0.05367
22.5397	0.05446
22.6381	0.05746
22.7374	0.06220
22.8376	0.06731
22.9387	0.07135
23.0406	0.07429
23.1435	0.07563
23.2472	0.07717
23.352	0.07793
23.4576	0.07696
23.5643	0.07482
23.6718	0.07184
23.7804	0.06866
23.89	0.06452
24.0006	0.05954
24.1123	0.05469
24.2249	0.04969
24.3387	0.04418
24.4535	0.03795
24.5694	0.02966
24.6864	0.02015
24.8045	0.01417
24.9237	0.01279
25.0441	0.01715
25.1657	0.02812
25.2885	0.03808
25.4124	0.04207
25.5376	0.04499
25.664	0.04906
25.7917	0.05227
25.9207	0.05504
