Brown University Keck/NASA Relab Spectrum JB-JLB-E65-C/BKR1JBE65C
Wavelength(micron)	Reflectance
0.3	0.77556
0.305	0.77392
0.31	0.77451
0.315	0.77200
0.32	0.77455
0.325	0.77514
0.33	0.77642
0.335	0.77870
0.34	0.78174
0.345	0.78116
0.35	0.78367
0.355	0.78345
0.36	0.78404
0.365	0.78540
0.37	0.78585
0.375	0.78704
0.38	0.78963
0.385	0.78902
0.39	0.79037
0.395	0.79172
0.4	0.79245
0.405	0.79371
0.41	0.79503
0.415	0.79598
0.42	0.79561
0.425	0.79780
0.43	0.79707
0.435	0.79932
0.44	0.79989
0.445	0.79951
0.45	0.80100
0.455	0.80181
0.46	0.80061
0.465	0.80108
0.47	0.80086
0.475	0.80162
0.48	0.80159
0.485	0.80271
0.49	0.80337
0.495	0.80391
0.5	0.80308
0.505	0.80368
0.51	0.80444
0.515	0.80378
0.52	0.80551
0.525	0.80628
0.53	0.80606
0.535	0.80658
0.54	0.80654
0.545	0.80737
0.55	0.80667
0.555	0.80705
0.56	0.80712
0.565	0.80817
0.57	0.80834
0.575	0.80874
0.58	0.80861
0.585	0.80980
0.59	0.80868
0.595	0.80996
0.6	0.80964
0.605	0.80978
0.61	0.80957
0.615	0.80978
0.62	0.80987
0.625	0.81038
0.63	0.80948
0.635	0.81126
0.64	0.80983
0.645	0.81002
0.65	0.81035
0.655	0.81030
0.66	0.81033
0.665	0.81037
0.67	0.81030
0.675	0.81043
0.68	0.81045
0.685	0.81039
0.69	0.81028
0.695	0.81015
0.7	0.81015
0.705	0.81009
0.71	0.81016
0.715	0.81001
0.72	0.80993
0.725	0.80986
0.73	0.80960
0.735	0.80941
0.74	0.80949
0.745	0.80960
0.75	0.80957
0.755	0.80965
0.76	0.80952
0.765	0.80940
0.77	0.80922
0.775	0.80897
0.78	0.80890
0.785	0.80920
0.79	0.80932
0.795	0.80946
0.8	0.80971
0.805	0.80979
0.81	0.80974
0.815	0.80958
0.82	0.80961
0.825	0.80950
0.83	0.80970
0.835	0.80985
0.84	0.80990
0.845	0.80990
0.85	0.80954
0.855	0.81003
0.86	0.81018
0.865	0.81060
0.87	0.81124
0.875	0.81121
0.88	0.81155
0.885	0.81191
0.89	0.81211
0.895	0.81203
0.9	0.81233
0.905	0.81248
0.91	0.81246
0.915	0.81235
0.92	0.81250
0.925	0.81252
0.93	0.81242
0.935	0.81249
0.94	0.81269
0.945	0.81284
0.95	0.81258
0.955	0.81299
0.96	0.81302
0.965	0.81302
0.97	0.81304
0.975	0.81307
0.98	0.81310
0.985	0.81331
0.99	0.81343
0.995	0.81308
1	0.81246
1.005	0.81243
1.01	0.81250
1.015	0.81266
1.02	0.81276
1.025	0.81346
1.03	0.81366
1.035	0.81321
1.04	0.81333
1.045	0.81328
1.05	0.81343
1.055	0.81370
1.06	0.81361
1.065	0.81396
1.07	0.81353
1.075	0.81350
1.08	0.81389
1.085	0.81427
1.09	0.81349
1.095	0.81327
1.1	0.81282
1.105	0.81275
1.11	0.81377
1.115	0.81331
1.12	0.81363
1.125	0.81329
1.13	0.81473
1.135	0.81432
1.14	0.81496
1.145	0.81426
1.15	0.81481
1.155	0.81452
1.16	0.81501
1.165	0.81480
1.17	0.81552
1.175	0.81550
1.18	0.81528
1.185	0.81515
1.19	0.81581
1.195	0.81528
1.2	0.81635
1.205	0.81640
1.21	0.81610
1.215	0.81644
1.22	0.81605
1.225	0.81605
1.23	0.81499
1.235	0.81573
1.24	0.81609
1.245	0.81616
1.25	0.81661
1.255	0.81655
1.26	0.81589
1.265	0.81597
1.27	0.81575
1.275	0.81654
1.28	0.81575
1.285	0.81484
1.29	0.81513
1.295	0.81456
1.3	0.81585
1.305	0.81649
1.31	0.81639
1.315	0.81615
1.32	0.81586
1.325	0.81590
1.33	0.81599
1.3306	0.81605
1.3309	0.81610
1.3312	0.81615
1.3316	0.81613
1.3319	0.81615
1.3323	0.81613
1.3326	0.81587
1.3329	0.81570
1.3333	0.81581
1.3336	0.81589
1.334	0.81595
1.3343	0.81600
1.3347	0.81601
1.335	0.81587
1.3353	0.81586
1.3357	0.81608
1.336	0.81599
1.3364	0.81585
1.3367	0.81585
1.3371	0.81586
1.3374	0.81583
1.3378	0.81575
1.3381	0.81570
1.3384	0.81592
1.3388	0.81605
1.3391	0.81583
1.3395	0.81575
1.3398	0.81586
1.3402	0.81585
1.3405	0.81572
1.3409	0.81570
1.3412	0.81568
1.3416	0.81568
1.3419	0.81565
1.3423	0.81576
1.3426	0.81588
1.3429	0.81596
1.3433	0.81585
1.3437	0.81562
1.344	0.81560
1.3443	0.81580
1.3447	0.81584
1.345	0.81560
1.3454	0.81555
1.3457	0.81570
1.3461	0.81561
1.3464	0.81567
1.3468	0.81575
1.3471	0.81569
1.3475	0.81552
1.3478	0.81542
1.3482	0.81556
1.3485	0.81567
1.3489	0.81567
1.3493	0.81574
1.3496	0.81569
1.3499	0.81554
1.3503	0.81553
1.3507	0.81551
1.351	0.81547
1.3513	0.81553
1.3517	0.81561
1.3521	0.81547
1.3524	0.81554
1.3528	0.81558
1.3531	0.81551
1.3535	0.81551
1.3538	0.81553
1.3542	0.81549
1.3545	0.81553
1.3549	0.81566
1.3552	0.81553
1.3556	0.81538
1.3559	0.81533
1.3563	0.81538
1.3567	0.81541
1.357	0.81539
1.3574	0.81554
1.3577	0.81552
1.3581	0.81540
1.3584	0.81539
1.3588	0.81541
1.3592	0.81529
1.3595	0.81526
1.3599	0.81536
1.3602	0.81532
1.3606	0.81520
1.3609	0.81524
1.3613	0.81525
1.3617	0.81523
1.362	0.81530
1.3624	0.81533
1.3627	0.81536
1.3631	0.81545
1.3634	0.81532
1.3638	0.81522
1.3642	0.81535
1.3645	0.81532
1.3649	0.81530
1.3652	0.81536
1.3656	0.81531
1.3659	0.81524
1.3663	0.81526
1.3667	0.81520
1.367	0.81518
1.3674	0.81525
1.3678	0.81524
1.3681	0.81527
1.3685	0.81542
1.3688	0.81532
1.3692	0.81499
1.3696	0.81510
1.3699	0.81532
1.3703	0.81521
1.3707	0.81508
1.371	0.81508
1.3714	0.81513
1.3717	0.81517
1.3721	0.81529
1.3725	0.81529
1.3728	0.81513
1.3732	0.81508
1.3736	0.81506
1.3739	0.81502
1.3743	0.81505
1.3746	0.81493
1.375	0.81479
1.3754	0.81493
1.3757	0.81504
1.3761	0.81504
1.3765	0.81511
1.3768	0.81509
1.3772	0.81494
1.3776	0.81501
1.3779	0.81524
1.3783	0.81529
1.3787	0.81513
1.379	0.81496
1.3794	0.81483
1.3798	0.81482
1.3801	0.81487
1.3805	0.81487
1.3809	0.81490
1.3812	0.81489
1.3816	0.81493
1.382	0.81485
1.3823	0.81489
1.3827	0.81504
1.3831	0.81499
1.3834	0.81497
1.3838	0.81486
1.3842	0.81477
1.3846	0.81476
1.3849	0.81466
1.3853	0.81463
1.3857	0.81453
1.386	0.81443
1.3864	0.81458
1.3868	0.81468
1.3872	0.81464
1.3875	0.81465
1.3879	0.81482
1.3883	0.81479
1.3886	0.81452
1.389	0.81444
1.3894	0.81465
1.3898	0.81474
1.3901	0.81475
1.3905	0.81468
1.3909	0.81465
1.3912	0.81472
1.3916	0.81470
1.392	0.81457
1.3924	0.81463
1.3927	0.81471
1.3931	0.81469
1.3935	0.81462
1.3939	0.81446
1.3942	0.81447
1.3946	0.81456
1.395	0.81460
1.3954	0.81456
1.3957	0.81448
1.3961	0.81452
1.3965	0.81442
1.3969	0.81432
1.3972	0.81441
1.3976	0.81450
1.398	0.81445
1.3984	0.81438
1.3988	0.81442
1.3991	0.81443
1.3995	0.81420
1.3999	0.81408
1.4003	0.81425
1.4006	0.81432
1.401	0.81424
1.4014	0.81419
1.4018	0.81417
1.4022	0.81407
1.4025	0.81407
1.4029	0.81419
1.4033	0.81427
1.4037	0.81416
1.4041	0.81396
1.4044	0.81401
1.4048	0.81404
1.4052	0.81395
1.4056	0.81405
1.406	0.81406
1.4063	0.81405
1.4067	0.81403
1.4071	0.81391
1.4075	0.81388
1.4079	0.81383
1.4083	0.81388
1.4086	0.81379
1.409	0.81368
1.4094	0.81380
1.4098	0.81392
1.4102	0.81388
1.4106	0.81379
1.4109	0.81368
1.4113	0.81366
1.4117	0.81366
1.4121	0.81368
1.4125	0.81363
1.4128	0.81361
1.4132	0.81372
1.4136	0.81372
1.414	0.81372
1.4144	0.81366
1.4148	0.81374
1.4152	0.81384
1.4156	0.81366
1.4159	0.81346
1.4163	0.81347
1.4167	0.81350
1.4171	0.81351
1.4175	0.81348
1.4179	0.81352
1.4183	0.81351
1.4187	0.81352
1.419	0.81349
1.4194	0.81343
1.4198	0.81329
1.4202	0.81333
1.4206	0.81346
1.421	0.81338
1.4214	0.81332
1.4218	0.81344
1.4222	0.81349
1.4225	0.81341
1.4229	0.81338
1.4233	0.81345
1.4237	0.81339
1.4241	0.81333
1.4245	0.81337
1.4249	0.81329
1.4253	0.81323
1.4257	0.81329
1.4261	0.81332
1.4265	0.81323
1.4268	0.81329
1.4272	0.81339
1.4276	0.81335
1.428	0.81326
1.4284	0.81316
1.4288	0.81310
1.4292	0.81313
1.4296	0.81323
1.43	0.81322
1.4304	0.81317
1.4308	0.81304
1.4312	0.81297
1.4316	0.81291
1.432	0.81294
1.4324	0.81296
1.4328	0.81292
1.4332	0.81293
1.4336	0.81291
1.4339	0.81289
1.4343	0.81294
1.4348	0.81298
1.4351	0.81297
1.4355	0.81296
1.4359	0.81302
1.4363	0.81299
1.4367	0.81296
1.4371	0.81284
1.4375	0.81281
1.4379	0.81281
1.4383	0.81281
1.4387	0.81283
1.4391	0.81287
1.4395	0.81287
1.4399	0.81285
1.4403	0.81279
1.4407	0.81277
1.4411	0.81275
1.4415	0.81267
1.4419	0.81261
1.4423	0.81259
1.4427	0.81259
1.4431	0.81264
1.4435	0.81276
1.4439	0.81276
1.4443	0.81265
1.4447	0.81251
1.4451	0.81247
1.4456	0.81253
1.4459	0.81263
1.4463	0.81260
1.4468	0.81244
1.4472	0.81237
1.4476	0.81240
1.448	0.81242
1.4484	0.81253
1.4488	0.81254
1.4492	0.81223
1.4496	0.81217
1.45	0.81226
1.4504	0.81230
1.4508	0.81225
1.4512	0.81214
1.4516	0.81204
1.452	0.81214
1.4524	0.81218
1.4528	0.81215
1.4532	0.81214
1.4537	0.81224
1.4541	0.81229
1.4545	0.81227
1.4549	0.81233
1.4553	0.81232
1.4557	0.81228
1.4561	0.81215
1.4565	0.81214
1.4569	0.81221
1.4573	0.81218
1.4577	0.81208
1.4582	0.81207
1.4586	0.81215
1.459	0.81218
1.4594	0.81202
1.4598	0.81185
1.4602	0.81186
1.4606	0.81196
1.461	0.81201
1.4614	0.81200
1.4618	0.81195
1.4623	0.81186
1.4627	0.81193
1.4631	0.81198
1.4635	0.81191
1.4639	0.81188
1.4643	0.81198
1.4647	0.81200
1.4652	0.81195
1.4656	0.81194
1.466	0.81198
1.4664	0.81196
1.4668	0.81188
1.4672	0.81192
1.4676	0.81190
1.4681	0.81188
1.4685	0.81184
1.4689	0.81187
1.4693	0.81187
1.4697	0.81188
1.4701	0.81188
1.4706	0.81192
1.471	0.81195
1.4714	0.81188
1.4718	0.81179
1.4722	0.81174
1.4726	0.81175
1.4731	0.81174
1.4735	0.81172
1.4739	0.81174
1.4743	0.81172
1.4747	0.81161
1.4752	0.81156
1.4756	0.81170
1.476	0.81178
1.4764	0.81167
1.4768	0.81162
1.4773	0.81161
1.4777	0.81166
1.4781	0.81156
1.4785	0.81151
1.4789	0.81150
1.4794	0.81143
1.4798	0.81142
1.4802	0.81148
1.4806	0.81159
1.4811	0.81160
1.4815	0.81152
1.4819	0.81161
1.4823	0.81170
1.4828	0.81156
1.4832	0.81137
1.4836	0.81136
1.484	0.81142
1.4844	0.81144
1.4849	0.81141
1.4853	0.81146
1.4857	0.81145
1.4862	0.81131
1.4866	0.81122
1.487	0.81136
1.4874	0.81141
1.4879	0.81130
1.4883	0.81124
1.4887	0.81132
1.4891	0.81137
1.4896	0.81134
1.49	0.81131
1.4904	0.81133
1.4908	0.81124
1.4913	0.81124
1.4917	0.81135
1.4921	0.81124
1.4926	0.81112
1.493	0.81103
1.4934	0.81114
1.4939	0.81128
1.4943	0.81125
1.4947	0.81125
1.4952	0.81115
1.4956	0.81100
1.496	0.81098
1.4964	0.81100
1.4969	0.81090
1.4973	0.81092
1.4977	0.81099
1.4982	0.81098
1.4986	0.81107
1.499	0.81106
1.4995	0.81093
1.4999	0.81085
1.5003	0.81082
1.5008	0.81087
1.5012	0.81097
1.5017	0.81100
1.5021	0.81097
1.5025	0.81093
1.5029	0.81089
1.5034	0.81096
1.5038	0.81101
1.5043	0.81094
1.5047	0.81088
1.5051	0.81086
1.5056	0.81084
1.506	0.81078
1.5064	0.81073
1.5069	0.81073
1.5073	0.81089
1.5078	0.81101
1.5082	0.81091
1.5086	0.81068
1.5091	0.81065
1.5095	0.81070
1.51	0.81071
1.5104	0.81070
1.5108	0.81071
1.5113	0.81078
1.5117	0.81073
1.5122	0.81063
1.5126	0.81074
1.513	0.81085
1.5135	0.81079
1.5139	0.81076
1.5144	0.81068
1.5148	0.81071
1.5153	0.81080
1.5157	0.81087
1.5161	0.81085
1.5166	0.81084
1.517	0.81082
1.5175	0.81077
1.5179	0.81082
1.5184	0.81080
1.5188	0.81080
1.5193	0.81073
1.5197	0.81075
1.5201	0.81075
1.5206	0.81078
1.521	0.81086
1.5215	0.81086
1.5219	0.81085
1.5224	0.81093
1.5228	0.81089
1.5233	0.81083
1.5237	0.81089
1.5242	0.81090
1.5246	0.81097
1.5251	0.81093
1.5255	0.81081
1.5259	0.81067
1.5264	0.81062
1.5268	0.81084
1.5273	0.81099
1.5278	0.81094
1.5282	0.81083
1.5287	0.81083
1.5291	0.81091
1.5296	0.81090
1.53	0.81090
1.5305	0.81082
1.5309	0.81083
1.5314	0.81086
1.5318	0.81089
1.5323	0.81084
1.5327	0.81083
1.5332	0.81092
1.5336	0.81095
1.5341	0.81094
1.5345	0.81091
1.535	0.81096
1.5354	0.81105
1.5359	0.81098
1.5363	0.81095
1.5368	0.81095
1.5373	0.81094
1.5377	0.81086
1.5382	0.81089
1.5386	0.81092
1.5391	0.81085
1.5396	0.81091
1.54	0.81095
1.5405	0.81091
1.5409	0.81089
1.5414	0.81103
1.5418	0.81095
1.5423	0.81065
1.5428	0.81061
1.5432	0.81067
1.5437	0.81069
1.5441	0.81081
1.5446	0.81077
1.5451	0.81065
1.5455	0.81066
1.546	0.81075
1.5464	0.81082
1.5469	0.81076
1.5474	0.81072
1.5478	0.81079
1.5483	0.81087
1.5488	0.81082
1.5492	0.81071
1.5497	0.81069
1.5501	0.81076
1.5506	0.81083
1.5511	0.81077
1.5515	0.81071
1.552	0.81078
1.5524	0.81082
1.5529	0.81073
1.5534	0.81071
1.5538	0.81072
1.5543	0.81077
1.5548	0.81076
1.5553	0.81079
1.5557	0.81084
1.5562	0.81079
1.5567	0.81075
1.5571	0.81076
1.5576	0.81077
1.5581	0.81080
1.5585	0.81081
1.559	0.81076
1.5595	0.81074
1.5599	0.81073
1.5604	0.81070
1.5609	0.81076
1.5613	0.81074
1.5618	0.81066
1.5623	0.81057
1.5628	0.81056
1.5632	0.81073
1.5637	0.81081
1.5642	0.81077
1.5646	0.81080
1.5651	0.81080
1.5656	0.81078
1.5661	0.81074
1.5665	0.81060
1.567	0.81057
1.5675	0.81064
1.5679	0.81071
1.5684	0.81082
1.5689	0.81075
1.5694	0.81072
1.5698	0.81070
1.5703	0.81061
1.5708	0.81067
1.5713	0.81070
1.5718	0.81068
1.5722	0.81070
1.5727	0.81068
1.5732	0.81070
1.5737	0.81071
1.5741	0.81079
1.5746	0.81079
1.5751	0.81067
1.5756	0.81060
1.5761	0.81066
1.5765	0.81068
1.577	0.81053
1.5775	0.81052
1.578	0.81057
1.5784	0.81056
1.5789	0.81058
1.5794	0.81059
1.5799	0.81057
1.5804	0.81058
1.5809	0.81057
1.5813	0.81056
1.5818	0.81059
1.5823	0.81065
1.5828	0.81062
1.5833	0.81057
1.5838	0.81063
1.5842	0.81062
1.5847	0.81050
1.5852	0.81046
1.5857	0.81050
1.5862	0.81049
1.5867	0.81043
1.5872	0.81033
1.5876	0.81034
1.5881	0.81042
1.5886	0.81045
1.5891	0.81037
1.5896	0.81034
1.5901	0.81040
1.5906	0.81044
1.591	0.81044
1.5915	0.81041
1.592	0.81042
1.5925	0.81044
1.593	0.81036
1.5935	0.81039
1.594	0.81048
1.5945	0.81049
1.595	0.81035
1.5954	0.81023
1.5959	0.81028
1.5964	0.81033
1.5969	0.81029
1.5974	0.81022
1.5979	0.81020
1.5984	0.81022
1.5989	0.81022
1.5994	0.81026
1.5999	0.81029
1.6004	0.81030
1.6009	0.81026
1.6014	0.81025
1.6019	0.81032
1.6023	0.81026
1.6028	0.81010
1.6033	0.81008
1.6038	0.81020
1.6043	0.81023
1.6048	0.81025
1.6053	0.81021
1.6058	0.81012
1.6063	0.81021
1.6068	0.81038
1.6073	0.81044
1.6078	0.81044
1.6083	0.81030
1.6088	0.81020
1.6093	0.81025
1.6098	0.81025
1.6103	0.81029
1.6108	0.81024
1.6113	0.81023
1.6118	0.81016
1.6123	0.81010
1.6128	0.81010
1.6133	0.81014
1.6138	0.81018
1.6143	0.81013
1.6148	0.81012
1.6153	0.81009
1.6158	0.81005
1.6163	0.81007
1.6168	0.81008
1.6173	0.81009
1.6178	0.81015
1.6184	0.81017
1.6189	0.81007
1.6194	0.81004
1.6199	0.81010
1.6204	0.81010
1.6209	0.81009
1.6214	0.81007
1.6219	0.81018
1.6224	0.81021
1.6229	0.81007
1.6234	0.81000
1.6239	0.81001
1.6244	0.80999
1.6249	0.81002
1.6255	0.81008
1.626	0.81001
1.6265	0.80992
1.627	0.80994
1.6275	0.81001
1.628	0.81005
1.6285	0.81002
1.629	0.80994
1.6296	0.80998
1.6301	0.80992
1.6306	0.80994
1.6311	0.80992
1.6316	0.80988
1.6321	0.80992
1.6326	0.80993
1.6331	0.80992
1.6337	0.80980
1.6342	0.80962
1.6347	0.80972
1.6352	0.80985
1.6357	0.80983
1.6362	0.80985
1.6368	0.80991
1.6373	0.80986
1.6378	0.80978
1.6383	0.80980
1.6388	0.80991
1.6393	0.80995
1.6398	0.80980
1.6404	0.80970
1.6409	0.80974
1.6414	0.80982
1.6419	0.80978
1.6424	0.80965
1.643	0.80965
1.6435	0.80979
1.644	0.80983
1.6445	0.80980
1.6451	0.80980
1.6456	0.80977
1.6461	0.80977
1.6466	0.80970
1.6472	0.80961
1.6477	0.80956
1.6482	0.80961
1.6487	0.80963
1.6492	0.80959
1.6498	0.80958
1.6503	0.80960
1.6508	0.80962
1.6513	0.80962
1.6519	0.80968
1.6524	0.80965
1.6529	0.80956
1.6534	0.80960
1.654	0.80958
1.6545	0.80950
1.655	0.80948
1.6556	0.80953
1.6561	0.80955
1.6566	0.80950
1.6572	0.80952
1.6577	0.80962
1.6582	0.80958
1.6587	0.80954
1.6593	0.80946
1.6598	0.80942
1.6603	0.80945
1.6609	0.80944
1.6614	0.80940
1.6619	0.80932
1.6625	0.80931
1.663	0.80943
1.6635	0.80946
1.6641	0.80949
1.6646	0.80945
1.6651	0.80938
1.6657	0.80941
1.6662	0.80940
1.6667	0.80938
1.6673	0.80936
1.6678	0.80932
1.6683	0.80931
1.6689	0.80935
1.6694	0.80948
1.67	0.80949
1.6705	0.80932
1.671	0.80917
1.6716	0.80921
1.6721	0.80931
1.6727	0.80938
1.6732	0.80944
1.6737	0.80949
1.6743	0.80941
1.6748	0.80928
1.6754	0.80927
1.6759	0.80934
1.6764	0.80938
1.677	0.80934
1.6775	0.80919
1.6781	0.80910
1.6786	0.80906
1.6792	0.80915
1.6797	0.80923
1.6802	0.80921
1.6808	0.80918
1.6813	0.80912
1.6819	0.80909
1.6824	0.80915
1.683	0.80913
1.6835	0.80905
1.6841	0.80906
1.6846	0.80909
1.6852	0.80910
1.6857	0.80914
1.6863	0.80914
1.6868	0.80916
1.6873	0.80913
1.6879	0.80909
1.6884	0.80907
1.689	0.80912
1.6896	0.80913
1.6901	0.80898
1.6907	0.80885
1.6912	0.80889
1.6918	0.80898
1.6923	0.80899
1.6929	0.80895
1.6934	0.80892
1.694	0.80897
1.6945	0.80897
1.6951	0.80892
1.6956	0.80886
1.6962	0.80885
1.6967	0.80894
1.6973	0.80897
1.6978	0.80889
1.6984	0.80881
1.699	0.80883
1.6995	0.80883
1.7001	0.80882
1.7006	0.80891
1.7012	0.80893
1.7018	0.80894
1.7023	0.80888
1.7029	0.80891
1.7034	0.80885
1.704	0.80866
1.7046	0.80853
1.7051	0.80853
1.7057	0.80861
1.7062	0.80864
1.7068	0.80863
1.7074	0.80866
1.7079	0.80866
1.7085	0.80861
1.709	0.80863
1.7096	0.80861
1.7102	0.80856
1.7107	0.80846
1.7113	0.80845
1.7119	0.80849
1.7124	0.80850
1.713	0.80857
1.7136	0.80858
1.7141	0.80853
1.7147	0.80859
1.7153	0.80863
1.7158	0.80854
1.7164	0.80849
1.717	0.80851
1.7175	0.80858
1.7181	0.80854
1.7187	0.80856
1.7192	0.80862
1.7198	0.80851
1.7204	0.80844
1.721	0.80843
1.7215	0.80842
1.7221	0.80847
1.7227	0.80845
1.7232	0.80846
1.7238	0.80855
1.7244	0.80855
1.725	0.80845
1.7255	0.80842
1.7261	0.80843
1.7267	0.80838
1.7273	0.80848
1.7278	0.80847
1.7284	0.80837
1.729	0.80838
1.7296	0.80846
1.7301	0.80843
1.7307	0.80831
1.7313	0.80831
1.7319	0.80836
1.7325	0.80830
1.733	0.80822
1.7336	0.80822
1.7342	0.80833
1.7348	0.80833
1.7354	0.80833
1.7359	0.80837
1.7365	0.80834
1.7371	0.80835
1.7377	0.80835
1.7383	0.80833
1.7388	0.80832
1.7394	0.80831
1.74	0.80827
1.7406	0.80821
1.7412	0.80822
1.7418	0.80820
1.7423	0.80827
1.7429	0.80831
1.7435	0.80825
1.7441	0.80818
1.7447	0.80811
1.7453	0.80818
1.7459	0.80831
1.7465	0.80831
1.7471	0.80821
1.7476	0.80807
1.7482	0.80805
1.7488	0.80811
1.7494	0.80816
1.75	0.80813
1.7506	0.80806
1.7512	0.80804
1.7518	0.80799
1.7524	0.80794
1.753	0.80802
1.7536	0.80804
1.7541	0.80803
1.7547	0.80811
1.7553	0.80809
1.7559	0.80802
1.7565	0.80801
1.7571	0.80791
1.7577	0.80783
1.7583	0.80782
1.7589	0.80782
1.7595	0.80786
1.7601	0.80790
1.7607	0.80791
1.7613	0.80785
1.7619	0.80774
1.7625	0.80786
1.7631	0.80794
1.7637	0.80792
1.7643	0.80794
1.7649	0.80791
1.7655	0.80785
1.7661	0.80781
1.7667	0.80777
1.7673	0.80778
1.7679	0.80768
1.7685	0.80771
1.7691	0.80773
1.7697	0.80767
1.7703	0.80771
1.7709	0.80767
1.7715	0.80762
1.7721	0.80771
1.7727	0.80781
1.7733	0.80783
1.7739	0.80773
1.7746	0.80754
1.7752	0.80755
1.7758	0.80764
1.7764	0.80768
1.777	0.80776
1.7776	0.80769
1.7782	0.80761
1.7788	0.80759
1.7794	0.80759
1.78	0.80756
1.7807	0.80748
1.7813	0.80750
1.7819	0.80762
1.7825	0.80765
1.7831	0.80760
1.7837	0.80760
1.7843	0.80755
1.7849	0.80743
1.7856	0.80747
1.7862	0.80753
1.7868	0.80756
1.7874	0.80762
1.788	0.80762
1.7886	0.80754
1.7893	0.80744
1.7899	0.80741
1.7905	0.80741
1.7911	0.80739
1.7917	0.80744
1.7923	0.80745
1.793	0.80746
1.7936	0.80744
1.7942	0.80737
1.7948	0.80742
1.7954	0.80746
1.7961	0.80748
1.7967	0.80745
1.7973	0.80739
1.7979	0.80743
1.7986	0.80745
1.7992	0.80744
1.7998	0.80733
1.8004	0.80731
1.8011	0.80734
1.8017	0.80729
1.8023	0.80734
1.8029	0.80738
1.8036	0.80739
1.8042	0.80737
1.8048	0.80725
1.8054	0.80718
1.8061	0.80721
1.8067	0.80723
1.8073	0.80715
1.808	0.80715
1.8086	0.80715
1.8092	0.80728
1.8099	0.80736
1.8105	0.80736
1.8111	0.80734
1.8118	0.80727
1.8124	0.80725
1.813	0.80719
1.8137	0.80717
1.8143	0.80718
1.8149	0.80718
1.8156	0.80707
1.8162	0.80702
1.8168	0.80719
1.8175	0.80727
1.8181	0.80717
1.8188	0.80707
1.8194	0.80701
1.82	0.80704
1.8207	0.80711
1.8213	0.80704
1.8219	0.80696
1.8226	0.80699
1.8232	0.80706
1.8239	0.80705
1.8245	0.80697
1.8252	0.80699
1.8258	0.80709
1.8264	0.80707
1.8271	0.80695
1.8277	0.80692
1.8284	0.80684
1.829	0.80683
1.8297	0.80694
1.8303	0.80692
1.831	0.80693
1.8316	0.80689
1.8323	0.80678
1.8329	0.80676
1.8336	0.80681
1.8342	0.80685
1.8348	0.80686
1.8355	0.80685
1.8361	0.80687
1.8368	0.80690
1.8374	0.80690
1.8381	0.80684
1.8388	0.80674
1.8394	0.80677
1.8401	0.80677
1.8407	0.80675
1.8414	0.80676
1.842	0.80677
1.8427	0.80674
1.8433	0.80668
1.844	0.80665
1.8446	0.80663
1.8453	0.80659
1.8459	0.80658
1.8466	0.80672
1.8473	0.80681
1.8479	0.80675
1.8486	0.80675
1.8492	0.80671
1.8499	0.80664
1.8506	0.80671
1.8512	0.80671
1.8519	0.80663
1.8526	0.80657
1.8532	0.80660
1.8539	0.80663
1.8545	0.80661
1.8552	0.80657
1.8559	0.80650
1.8565	0.80651
1.8572	0.80649
1.8579	0.80649
1.8585	0.80650
1.8592	0.80651
1.8599	0.80649
1.8605	0.80650
1.8612	0.80645
1.8619	0.80638
1.8625	0.80642
1.8632	0.80648
1.8639	0.80652
1.8645	0.80649
1.8652	0.80643
1.8659	0.80644
1.8666	0.80644
1.8672	0.80647
1.8679	0.80655
1.8686	0.80646
1.8692	0.80631
1.8699	0.80623
1.8706	0.80630
1.8713	0.80635
1.8719	0.80627
1.8726	0.80627
1.8733	0.80629
1.874	0.80630
1.8747	0.80627
1.8753	0.80618
1.876	0.80624
1.8767	0.80631
1.8774	0.80624
1.878	0.80610
1.8787	0.80613
1.8794	0.80623
1.8801	0.80624
1.8808	0.80613
1.8814	0.80610
1.8821	0.80616
1.8828	0.80616
1.8835	0.80612
1.8842	0.80607
1.8849	0.80599
1.8856	0.80595
1.8862	0.80594
1.8869	0.80597
1.8876	0.80598
1.8883	0.80597
1.889	0.80596
1.8897	0.80592
1.8904	0.80588
1.8911	0.80591
1.8918	0.80581
1.8924	0.80576
1.8931	0.80576
1.8938	0.80574
1.8945	0.80565
1.8952	0.80546
1.8959	0.80544
1.8966	0.80545
1.8973	0.80541
1.898	0.80541
1.8987	0.80539
1.8994	0.80536
1.9001	0.80535
1.9008	0.80540
1.9015	0.80537
1.9022	0.80527
1.9029	0.80521
1.9036	0.80524
1.9043	0.80528
1.905	0.80524
1.9057	0.80516
1.9064	0.80511
1.9071	0.80506
1.9078	0.80505
1.9085	0.80499
1.9092	0.80491
1.9099	0.80503
1.9106	0.80507
1.9113	0.80502
1.912	0.80494
1.9127	0.80499
1.9134	0.80506
1.9141	0.80489
1.9148	0.80483
1.9155	0.80493
1.9162	0.80491
1.9169	0.80490
1.9176	0.80495
1.9183	0.80491
1.9191	0.80480
1.9198	0.80477
1.9205	0.80475
1.9212	0.80482
1.9219	0.80486
1.9226	0.80488
1.9233	0.80481
1.924	0.80472
1.9248	0.80482
1.9255	0.80486
1.9262	0.80467
1.9269	0.80463
1.9276	0.80471
1.9283	0.80474
1.9291	0.80473
1.9298	0.80462
1.9305	0.80459
1.9312	0.80466
1.9319	0.80474
1.9327	0.80474
1.9334	0.80477
1.9341	0.80478
1.9348	0.80473
1.9355	0.80470
1.9363	0.80463
1.937	0.80462
1.9377	0.80467
1.9384	0.80471
1.9392	0.80476
1.9399	0.80467
1.9406	0.80466
1.9413	0.80472
1.9421	0.80474
1.9428	0.80471
1.9435	0.80464
1.9442	0.80457
1.945	0.80455
1.9457	0.80454
1.9464	0.80452
1.9472	0.80451
1.9479	0.80453
1.9486	0.80447
1.9494	0.80452
1.9501	0.80457
1.9508	0.80456
1.9516	0.80458
1.9523	0.80463
1.953	0.80462
1.9538	0.80468
1.9545	0.80466
1.9552	0.80453
1.956	0.80451
1.9567	0.80456
1.9575	0.80460
1.9582	0.80460
1.9589	0.80450
1.9597	0.80449
1.9604	0.80453
1.9612	0.80454
1.9619	0.80445
1.9626	0.80444
1.9634	0.80449
1.9641	0.80447
1.9649	0.80448
1.9656	0.80440
1.9664	0.80435
1.9671	0.80445
1.9679	0.80448
1.9686	0.80448
1.9693	0.80448
1.9701	0.80441
1.9708	0.80434
1.9716	0.80437
1.9723	0.80444
1.9731	0.80445
1.9738	0.80437
1.9746	0.80428
1.9753	0.80432
1.9761	0.80442
1.9769	0.80441
1.9776	0.80438
1.9784	0.80435
1.9791	0.80427
1.9799	0.80424
1.9806	0.80421
1.9814	0.80415
1.9822	0.80412
1.9829	0.80420
1.9837	0.80430
1.9844	0.80437
1.9852	0.80434
1.9859	0.80433
1.9867	0.80432
1.9875	0.80429
1.9882	0.80422
1.989	0.80414
1.9898	0.80404
1.9905	0.80405
1.9913	0.80412
1.9921	0.80416
1.9928	0.80416
1.9936	0.80415
1.9943	0.80414
1.9951	0.80415
1.9959	0.80414
1.9967	0.80415
1.9974	0.80410
1.9982	0.80401
1.999	0.80400
1.9997	0.80403
2.0005	0.80407
2.0013	0.80415
2.0021	0.80421
2.0028	0.80417
2.0036	0.80410
2.0044	0.80401
2.0052	0.80400
2.0059	0.80401
2.0067	0.80396
2.0075	0.80396
2.0083	0.80399
2.009	0.80402
2.0098	0.80406
2.0106	0.80409
2.0114	0.80407
2.0122	0.80398
2.0129	0.80393
2.0137	0.80400
2.0145	0.80405
2.0153	0.80403
2.0161	0.80405
2.0168	0.80398
2.0176	0.80384
2.0184	0.80389
2.0192	0.80401
2.02	0.80401
2.0208	0.80403
2.0216	0.80405
2.0223	0.80398
2.0231	0.80390
2.0239	0.80402
2.0247	0.80410
2.0255	0.80405
2.0263	0.80394
2.0271	0.80389
2.0279	0.80393
2.0287	0.80387
2.0295	0.80380
2.0303	0.80383
2.0311	0.80389
2.0319	0.80389
2.0327	0.80391
2.0335	0.80396
2.0343	0.80395
2.0351	0.80384
2.0358	0.80380
2.0367	0.80384
2.0374	0.80391
2.0383	0.80380
2.0391	0.80375
2.0399	0.80381
2.0407	0.80381
2.0415	0.80384
2.0423	0.80385
2.0431	0.80379
2.0439	0.80377
2.0447	0.80375
2.0455	0.80371
2.0463	0.80372
2.0471	0.80375
2.0479	0.80374
2.0487	0.80368
2.0495	0.80364
2.0504	0.80369
2.0512	0.80359
2.052	0.80352
2.0528	0.80354
2.0536	0.80360
2.0544	0.80362
2.0552	0.80357
2.056	0.80345
2.0569	0.80352
2.0577	0.80358
2.0585	0.80355
2.0593	0.80357
2.0601	0.80355
2.0609	0.80350
2.0618	0.80342
2.0626	0.80341
2.0634	0.80335
2.0642	0.80335
2.0651	0.80339
2.0659	0.80336
2.0667	0.80335
2.0675	0.80337
2.0683	0.80331
2.0692	0.80325
2.07	0.80331
2.0708	0.80335
2.0716	0.80335
2.0725	0.80338
2.0733	0.80334
2.0741	0.80333
2.075	0.80333
2.0758	0.80329
2.0766	0.80327
2.0775	0.80323
2.0783	0.80323
2.0791	0.80327
2.08	0.80331
2.0808	0.80329
2.0816	0.80317
2.0825	0.80314
2.0833	0.80316
2.0841	0.80309
2.085	0.80298
2.0858	0.80301
2.0866	0.80306
2.0875	0.80301
2.0883	0.80309
2.0892	0.80307
2.09	0.80300
2.0909	0.80301
2.0917	0.80302
2.0926	0.80301
2.0934	0.80298
2.0942	0.80286
2.0951	0.80284
2.0959	0.80296
2.0968	0.80295
2.0976	0.80286
2.0985	0.80288
2.0993	0.80297
2.1002	0.80294
2.101	0.80280
2.1019	0.80278
2.1027	0.80275
2.1036	0.80276
2.1044	0.80277
2.1053	0.80272
2.1061	0.80270
2.107	0.80271
2.1079	0.80267
2.1087	0.80267
2.1096	0.80268
2.1104	0.80260
2.1113	0.80252
2.1121	0.80254
2.113	0.80261
2.1139	0.80258
2.1147	0.80249
2.1156	0.80245
2.1165	0.80242
2.1173	0.80238
2.1182	0.80239
2.1191	0.80243
2.1199	0.80244
2.1208	0.80241
2.1217	0.80230
2.1225	0.80231
2.1234	0.80234
2.1243	0.80228
2.1251	0.80226
2.126	0.80224
2.1269	0.80223
2.1278	0.80226
2.1286	0.80229
2.1295	0.80221
2.1304	0.80211
2.1313	0.80205
2.1321	0.80210
2.133	0.80208
2.1339	0.80205
2.1348	0.80200
2.1356	0.80198
2.1365	0.80195
2.1374	0.80183
2.1383	0.80178
2.1392	0.80178
2.1401	0.80177
2.1409	0.80176
2.1418	0.80176
2.1427	0.80173
2.1436	0.80169
2.1445	0.80172
2.1454	0.80165
2.1463	0.80151
2.1471	0.80142
2.148	0.80138
2.1489	0.80142
2.1498	0.80141
2.1507	0.80133
2.1516	0.80131
2.1525	0.80126
2.1534	0.80120
2.1543	0.80115
2.1552	0.80106
2.1561	0.80097
2.157	0.80093
2.1579	0.80086
2.1588	0.80085
2.1597	0.80082
2.1606	0.80071
2.1615	0.80070
2.1624	0.80073
2.1633	0.80062
2.1642	0.80053
2.1651	0.80048
2.166	0.80040
2.1669	0.80029
2.1678	0.80024
2.1687	0.80014
2.1696	0.80004
2.1705	0.79994
2.1714	0.79987
2.1723	0.79972
2.1732	0.79958
2.1741	0.79947
2.1751	0.79937
2.176	0.79929
2.1769	0.79918
2.1778	0.79904
2.1787	0.79895
2.1796	0.79889
2.1806	0.79881
2.1815	0.79870
2.1824	0.79858
2.1833	0.79839
2.1842	0.79825
2.1851	0.79807
2.1861	0.79782
2.187	0.79755
2.1879	0.79736
2.1888	0.79723
2.1898	0.79707
2.1907	0.79690
2.1916	0.79672
2.1925	0.79654
2.1935	0.79639
2.1944	0.79615
2.1953	0.79604
2.1963	0.79603
2.1972	0.79593
2.1981	0.79576
2.1991	0.79568
2.2	0.79572
2.2009	0.79586
2.2019	0.79598
2.2028	0.79614
2.2037	0.79620
2.2047	0.79618
2.2056	0.79633
2.2065	0.79653
2.2075	0.79654
2.2084	0.79661
2.2094	0.79664
2.2103	0.79665
2.2112	0.79681
2.2122	0.79697
2.2131	0.79698
2.2141	0.79697
2.215	0.79703
2.216	0.79711
2.2169	0.79716
2.2179	0.79723
2.2188	0.79726
2.2198	0.79726
2.2207	0.79728
2.2217	0.79742
2.2226	0.79757
2.2236	0.79772
2.2245	0.79783
2.2255	0.79795
2.2264	0.79803
2.2274	0.79810
2.2284	0.79820
2.2293	0.79839
2.2303	0.79846
2.2312	0.79844
2.2322	0.79852
2.2331	0.79866
2.2341	0.79873
2.2351	0.79879
2.236	0.79893
2.237	0.79890
2.238	0.79887
2.2389	0.79895
2.2399	0.79901
2.2409	0.79903
2.2418	0.79901
2.2428	0.79898
2.2438	0.79903
2.2448	0.79909
2.2457	0.79915
2.2467	0.79916
2.2477	0.79915
2.2486	0.79913
2.2496	0.79913
2.2506	0.79906
2.2516	0.79906
2.2526	0.79911
2.2535	0.79913
2.2545	0.79910
2.2555	0.79905
2.2565	0.79913
2.2575	0.79917
2.2584	0.79916
2.2594	0.79908
2.2604	0.79908
2.2614	0.79915
2.2624	0.79920
2.2634	0.79919
2.2644	0.79916
2.2654	0.79919
2.2663	0.79913
2.2673	0.79910
2.2683	0.79909
2.2693	0.79904
2.2703	0.79907
2.2713	0.79911
2.2723	0.79907
2.2733	0.79908
2.2743	0.79909
2.2753	0.79905
2.2763	0.79909
2.2773	0.79907
2.2783	0.79903
2.2793	0.79903
2.2803	0.79903
2.2813	0.79900
2.2823	0.79896
2.2833	0.79896
2.2843	0.79894
2.2853	0.79900
2.2863	0.79910
2.2873	0.79907
2.2883	0.79902
2.2894	0.79899
2.2904	0.79896
2.2914	0.79899
2.2924	0.79894
2.2934	0.79895
2.2944	0.79900
2.2954	0.79903
2.2964	0.79901
2.2975	0.79888
2.2985	0.79871
2.2995	0.79867
2.3005	0.79878
2.3016	0.79875
2.3026	0.79868
2.3036	0.79875
2.3046	0.79887
2.3056	0.79888
2.3067	0.79877
2.3077	0.79873
2.3087	0.79876
2.3098	0.79880
2.3108	0.79884
2.3118	0.79876
2.3128	0.79861
2.3139	0.79867
2.3149	0.79874
2.3159	0.79869
2.317	0.79871
2.318	0.79860
2.3191	0.79855
2.3201	0.79859
2.3211	0.79862
2.3222	0.79864
2.3232	0.79863
2.3243	0.79865
2.3253	0.79865
2.3263	0.79862
2.3274	0.79861
2.3284	0.79859
2.3295	0.79856
2.3305	0.79857
2.3316	0.79855
2.3326	0.79853
2.3337	0.79850
2.3347	0.79844
2.3358	0.79841
2.3368	0.79838
2.3379	0.79847
2.3389	0.79846
2.34	0.79836
2.341	0.79838
2.3421	0.79832
2.3431	0.79820
2.3442	0.79823
2.3453	0.79829
2.3463	0.79819
2.3474	0.79809
2.3485	0.79809
2.3495	0.79816
2.3506	0.79810
2.3517	0.79807
2.3527	0.79811
2.3538	0.79810
2.3549	0.79804
2.3559	0.79800
2.357	0.79797
2.3581	0.79792
2.3591	0.79794
2.3602	0.79798
2.3613	0.79800
2.3624	0.79798
2.3634	0.79796
2.3645	0.79792
2.3656	0.79785
2.3667	0.79787
2.3678	0.79778
2.3689	0.79761
2.3699	0.79758
2.371	0.79756
2.3721	0.79752
2.3732	0.79752
2.3743	0.79747
2.3754	0.79747
2.3764	0.79745
2.3775	0.79738
2.3786	0.79741
2.3797	0.79743
2.3808	0.79743
2.3819	0.79740
2.383	0.79732
2.3841	0.79733
2.3852	0.79740
2.3863	0.79736
2.3874	0.79731
2.3885	0.79725
2.3896	0.79710
2.3907	0.79702
2.3918	0.79707
2.3929	0.79712
2.394	0.79716
2.3951	0.79710
2.3962	0.79704
2.3973	0.79697
2.3984	0.79692
2.3995	0.79697
2.4006	0.79698
2.4018	0.79686
2.4029	0.79686
2.404	0.79695
2.4051	0.79692
2.4062	0.79685
2.4073	0.79683
2.4085	0.79681
2.4096	0.79670
2.4107	0.79668
2.4118	0.79665
2.4129	0.79657
2.4141	0.79652
2.4152	0.79651
2.4163	0.79651
2.4174	0.79644
2.4186	0.79638
2.4197	0.79636
2.4208	0.79629
2.422	0.79619
2.4231	0.79609
2.4242	0.79612
2.4254	0.79612
2.4265	0.79597
2.4276	0.79576
2.4288	0.79566
2.4299	0.79577
2.4311	0.79577
2.4322	0.79566
2.4333	0.79553
2.4345	0.79548
2.4356	0.79539
2.4368	0.79527
2.4379	0.79524
2.4391	0.79519
2.4402	0.79508
2.4414	0.79500
2.4425	0.79495
2.4436	0.79499
2.4448	0.79497
2.4459	0.79476
2.4471	0.79468
2.4483	0.79462
2.4494	0.79449
2.4506	0.79445
2.4517	0.79437
2.4529	0.79416
2.4541	0.79403
2.4552	0.79394
2.4564	0.79380
2.4576	0.79363
2.4587	0.79354
2.4599	0.79351
2.4611	0.79340
2.4622	0.79333
2.4634	0.79320
2.4646	0.79304
2.4657	0.79288
2.4669	0.79273
2.4681	0.79258
2.4693	0.79244
2.4704	0.79224
2.4716	0.79203
2.4728	0.79188
2.474	0.79171
2.4751	0.79152
2.4763	0.79132
2.4775	0.79107
2.4787	0.79088
2.4799	0.79066
2.4811	0.79043
2.4823	0.79032
2.4834	0.79014
2.4846	0.78986
2.4858	0.78962
2.487	0.78945
2.4882	0.78931
2.4894	0.78913
2.4906	0.78889
2.4918	0.78856
2.493	0.78819
2.4942	0.78791
2.4954	0.78755
2.4966	0.78729
2.4978	0.78716
2.499	0.78689
2.5002	0.78662
2.5014	0.78647
2.5026	0.78623
2.5038	0.78600
2.505	0.78591
2.5063	0.78593
2.5075	0.78583
2.5087	0.78561
2.5099	0.78552
2.5111	0.78550
2.5123	0.78553
2.5135	0.78558
2.5148	0.78545
2.516	0.78535
2.5172	0.78529
2.5184	0.78522
2.5196	0.78528
2.5209	0.78529
2.5221	0.78519
2.5233	0.78521
2.5246	0.78518
2.5258	0.78515
2.527	0.78525
2.5282	0.78517
2.5295	0.78504
2.5307	0.78494
2.5319	0.78487
2.5332	0.78486
2.5344	0.78474
2.5357	0.78460
2.5369	0.78447
2.5381	0.78440
2.5394	0.78427
2.5406	0.78404
2.5419	0.78391
2.5431	0.78373
2.5444	0.78345
2.5456	0.78324
2.5469	0.78301
2.5481	0.78279
2.5494	0.78261
2.5506	0.78249
2.5519	0.78236
2.5531	0.78218
2.5544	0.78198
2.5556	0.78183
2.5569	0.78179
2.5582	0.78168
2.5594	0.78147
2.5607	0.78132
2.562	0.78124
2.5632	0.78093
2.5645	0.78063
2.5658	0.78039
2.567	0.78016
2.5683	0.78013
2.5696	0.77994
2.5709	0.77963
2.5721	0.77950
2.5734	0.77951
2.5747	0.77932
2.576	0.77933
2.5773	0.77942
2.5785	0.77935
2.5798	0.77949
2.5811	0.77990
2.5824	0.78015
2.5837	0.78051
2.585	0.78064
2.5862	0.78080
2.5875	0.78113
2.5888	0.78142
2.5901	0.78154
2.5914	0.78149
2.5927	0.78177
2.594	0.78227
2.5953	0.78235
2.5966	0.78204
2.5979	0.78196
2.5992	0.78205
2.6005	0.78231
2.6018	0.78242
2.6031	0.78237
2.6044	0.78235
2.6057	0.78257
2.6071	0.78253
2.6084	0.78240
2.6097	0.78234
2.611	0.78228
2.6123	0.78230
2.6136	0.78248
2.6149	0.78258
2.6163	0.78264
2.6176	0.78255
2.6189	0.78260
2.6202	0.78277
2.6216	0.78264
2.6229	0.78251
2.6242	0.78255
2.6255	0.78265
2.6269	0.78273
2.6282	0.78270
2.6295	0.78287
2.6309	0.78274
2.6322	0.78257
2.6335	0.78270
2.6349	0.78267
2.6362	0.78248
2.6376	0.78242
2.6389	0.78239
2.6402	0.78242
2.6416	0.78248
2.6429	0.78245
2.6443	0.78245
2.6456	0.78250
2.647	0.78249
2.6483	0.78240
2.6497	0.78227
2.651	0.78229
2.6524	0.78236
2.6538	0.78235
2.6551	0.78233
2.6565	0.78226
2.6578	0.78233
2.6592	0.78248
2.6606	0.78242
2.6619	0.78240
2.6633	0.78250
2.6647	0.78272
2.666	0.78265
2.6674	0.78246
2.6688	0.78242
2.6701	0.78264
2.6715	0.78240
2.6729	0.78205
2.6743	0.78188
2.6756	0.78188
2.677	0.78181
2.6784	0.78155
2.6798	0.78134
2.6812	0.78108
2.6826	0.78097
2.684	0.78086
2.6854	0.78069
2.6868	0.78062
2.6881	0.78053
2.6895	0.78026
2.6909	0.77995
2.6923	0.77995
2.6937	0.77991
2.6951	0.77962
2.6965	0.77928
2.6979	0.77886
2.6993	0.77845
2.7007	0.77808
2.7021	0.77753
2.7036	0.77689
2.705	0.77619
2.7064	0.77550
2.7078	0.77492
2.7092	0.77428
2.7106	0.77352
2.712	0.77253
2.7135	0.77152
2.7149	0.77057
2.7163	0.76953
2.7177	0.76858
2.7191	0.76780
2.7206	0.76667
2.722	0.76504
2.7234	0.76383
2.7249	0.76239
2.7263	0.76077
2.7277	0.75942
2.7292	0.75794
2.7306	0.75639
2.732	0.75485
2.7335	0.75343
2.7349	0.75189
2.7364	0.74998
2.7378	0.74820
2.7393	0.74671
2.7407	0.74514
2.7422	0.74313
2.7436	0.74118
2.7451	0.73955
2.7465	0.73797
2.748	0.73650
2.7494	0.73508
2.7509	0.73352
2.7523	0.73204
2.7538	0.73077
2.7553	0.72941
2.7567	0.72766
2.7582	0.72610
2.7597	0.72472
2.7611	0.72325
2.7626	0.72180
2.7641	0.72045
2.7656	0.71898
2.767	0.71766
2.7685	0.71628
2.77	0.71484
2.7715	0.71352
2.7729	0.71208
2.7744	0.71039
2.7759	0.70826
2.7774	0.70522
2.7789	0.70040
2.7804	0.69438
2.7819	0.69172
2.7834	0.69333
2.7849	0.69488
2.7864	0.69470
2.7879	0.69319
2.7894	0.69110
2.7909	0.68894
2.7924	0.68655
2.7939	0.68413
2.7954	0.68156
2.7969	0.67859
2.7984	0.67548
2.7999	0.67252
2.8014	0.66969
2.8029	0.66701
2.8044	0.66417
2.806	0.66119
2.8075	0.65828
2.809	0.65535
2.8105	0.65250
2.8121	0.64953
2.8136	0.64648
2.8151	0.64346
2.8166	0.64023
2.8182	0.63687
2.8197	0.63351
2.8212	0.63011
2.8228	0.62655
2.8243	0.62276
2.8258	0.61878
2.8274	0.61443
2.8289	0.60975
2.8305	0.60472
2.832	0.59934
2.8336	0.59355
2.8351	0.58703
2.8367	0.57980
2.8382	0.57214
2.8398	0.56478
2.8413	0.55836
2.8429	0.55330
2.8444	0.55014
2.846	0.54854
2.8476	0.54730
2.8491	0.54608
2.8507	0.54611
2.8523	0.54850
2.8538	0.55190
2.8554	0.55472
2.857	0.55644
2.8586	0.55693
2.8601	0.55615
2.8617	0.55396
2.8633	0.55009
2.8649	0.54428
2.8664	0.53600
2.868	0.52521
2.8696	0.51391
2.8712	0.50652
2.8728	0.50708
2.8744	0.51439
2.876	0.52320
2.8776	0.52957
2.8792	0.53280
2.8808	0.53457
2.8824	0.53643
2.884	0.53834
2.8856	0.53959
2.8872	0.54028
2.8888	0.54052
2.8904	0.53988
2.892	0.53829
2.8936	0.53585
2.8953	0.53279
2.8969	0.52919
2.8985	0.52503
2.9001	0.52061
2.9017	0.51597
2.9034	0.51156
2.905	0.50764
2.9066	0.50423
2.9083	0.50151
2.9099	0.49928
2.9115	0.49760
2.9131	0.49677
2.9148	0.49656
2.9164	0.49682
2.9181	0.49738
2.9197	0.49800
2.9214	0.49856
2.923	0.49883
2.9247	0.49869
2.9263	0.49781
2.928	0.49623
2.9296	0.49396
2.9313	0.49097
2.9329	0.48716
2.9346	0.48274
2.9363	0.47846
2.9379	0.47518
2.9396	0.47340
2.9412	0.47291
2.9429	0.47276
2.9446	0.47187
2.9463	0.46973
2.9479	0.46609
2.9496	0.46098
2.9513	0.45459
2.953	0.44741
2.9546	0.44021
2.9563	0.43371
2.958	0.42901
2.9597	0.42719
2.9614	0.42887
2.9631	0.43417
2.9648	0.44265
2.9665	0.45369
2.9682	0.46620
2.9699	0.47918
2.9716	0.49185
2.9733	0.50376
2.975	0.51436
2.9767	0.52369
2.9784	0.53190
2.9801	0.53880
2.9818	0.54440
2.9836	0.54888
2.9853	0.55242
2.987	0.55490
2.9887	0.55650
2.9904	0.55761
2.9922	0.55813
2.9939	0.55797
2.9956	0.55730
2.9974	0.55630
2.9991	0.55480
3.0008	0.55305
3.0026	0.55137
3.0043	0.54964
3.006	0.54789
3.0078	0.54629
3.0095	0.54498
3.0113	0.54405
3.013	0.54366
3.0148	0.54396
3.0165	0.54481
3.0183	0.54607
3.02	0.54762
3.0218	0.54963
3.0236	0.55205
3.0253	0.55471
3.0271	0.55752
3.0289	0.56060
3.0306	0.56394
3.0324	0.56727
3.0342	0.57055
3.036	0.57383
3.0377	0.57716
3.0395	0.58050
3.0413	0.58366
3.0431	0.58665
3.0449	0.58959
3.0467	0.59253
3.0484	0.59526
3.0502	0.59774
3.052	0.59994
3.0538	0.60208
3.0556	0.60411
3.0574	0.60603
3.0592	0.60777
3.0611	0.60919
3.0629	0.61052
3.0647	0.61174
3.0665	0.61276
3.0683	0.61377
3.0701	0.61490
3.0719	0.61586
3.0738	0.61670
3.0756	0.61753
3.0774	0.61857
3.0792	0.61970
3.0811	0.62081
3.0829	0.62202
3.0847	0.62325
3.0866	0.62455
3.0884	0.62588
3.0902	0.62713
3.0921	0.62836
3.0939	0.62970
3.0958	0.63093
3.0976	0.63209
3.0995	0.63318
3.1013	0.63414
3.1032	0.63507
3.105	0.63595
3.1069	0.63670
3.1088	0.63749
3.1106	0.63824
3.1125	0.63887
3.1144	0.63940
3.1162	0.64001
3.1181	0.64067
3.12	0.64140
3.1219	0.64208
3.1237	0.64275
3.1256	0.64337
3.1275	0.64400
3.1294	0.64489
3.1313	0.64587
3.1332	0.64682
3.1351	0.64783
3.137	0.64894
3.1389	0.65018
3.1408	0.65154
3.1427	0.65301
3.1446	0.65460
3.1465	0.65602
3.1484	0.65735
3.1503	0.65897
3.1522	0.66036
3.1541	0.66139
3.1561	0.66246
3.158	0.66355
3.1599	0.66459
3.1618	0.66553
3.1638	0.66662
3.1657	0.66760
3.1676	0.66854
3.1696	0.66948
3.1715	0.67037
3.1734	0.67118
3.1754	0.67201
3.1773	0.67282
3.1793	0.67359
3.1812	0.67445
3.1832	0.67522
3.1851	0.67599
3.1871	0.67687
3.1891	0.67778
3.191	0.67843
3.193	0.67896
3.1949	0.67972
3.1969	0.68060
3.1989	0.68132
3.2009	0.68203
3.2029	0.68274
3.2048	0.68333
3.2068	0.68390
3.2088	0.68464
3.2108	0.68536
3.2128	0.68599
3.2148	0.68678
3.2168	0.68747
3.2188	0.68801
3.2208	0.68857
3.2228	0.68917
3.2248	0.68989
3.2268	0.69053
3.2288	0.69100
3.2308	0.69165
3.2328	0.69240
3.2348	0.69289
3.2368	0.69349
3.2389	0.69411
3.2409	0.69463
3.2429	0.69499
3.2449	0.69559
3.247	0.69626
3.249	0.69674
3.251	0.69704
3.2531	0.69752
3.2551	0.69820
3.2572	0.69863
3.2592	0.69900
3.2613	0.69935
3.2633	0.69993
3.2654	0.70062
3.2674	0.70117
3.2695	0.70158
3.2716	0.70208
3.2736	0.70256
3.2757	0.70301
3.2778	0.70335
3.2798	0.70372
3.2819	0.70426
3.284	0.70469
3.2861	0.70509
3.2881	0.70553
3.2902	0.70594
3.2923	0.70636
3.2944	0.70694
3.2965	0.70755
3.2986	0.70805
3.3007	0.70834
3.3028	0.70876
3.3049	0.70932
3.307	0.70973
3.3091	0.71029
3.3112	0.71094
3.3134	0.71127
3.3155	0.71168
3.3176	0.71228
3.3197	0.71275
3.3219	0.71314
3.324	0.71352
3.3261	0.71396
3.3283	0.71456
3.3304	0.71481
3.3325	0.71493
3.3347	0.71521
3.3368	0.71552
3.339	0.71577
3.3411	0.71585
3.3433	0.71591
3.3454	0.71601
3.3476	0.71611
3.3498	0.71605
3.3519	0.71595
3.3541	0.71573
3.3563	0.71535
3.3584	0.71510
3.3606	0.71488
3.3628	0.71417
3.365	0.71351
3.3671	0.71305
3.3693	0.71278
3.3715	0.71278
3.3737	0.71291
3.3759	0.71299
3.3781	0.71317
3.3803	0.71349
3.3825	0.71389
3.3847	0.71435
3.3869	0.71497
3.3891	0.71541
3.3914	0.71527
3.3936	0.71498
3.3958	0.71483
3.398	0.71465
3.4003	0.71432
3.4025	0.71398
3.4047	0.71376
3.407	0.71367
3.4092	0.71352
3.4114	0.71345
3.4137	0.71359
3.4159	0.71373
3.4182	0.71405
3.4204	0.71481
3.4227	0.71570
3.425	0.71665
3.4272	0.71762
3.4295	0.71839
3.4318	0.71893
3.434	0.71964
3.4363	0.72049
3.4386	0.72100
3.4409	0.72140
3.4432	0.72181
3.4454	0.72224
3.4477	0.72267
3.45	0.72295
3.4523	0.72310
3.4546	0.72338
3.4569	0.72348
3.4592	0.72349
3.4616	0.72362
3.4639	0.72363
3.4662	0.72340
3.4685	0.72314
3.4708	0.72277
3.4731	0.72241
3.4755	0.72202
3.4778	0.72169
3.4801	0.72172
3.4825	0.72148
3.4848	0.72107
3.4872	0.72094
3.4895	0.72064
3.4919	0.71985
3.4942	0.71913
3.4966	0.71855
3.4989	0.71827
3.5013	0.71827
3.5036	0.71841
3.506	0.71842
3.5084	0.71850
3.5108	0.71853
3.5131	0.71853
3.5155	0.71852
3.5179	0.71845
3.5203	0.71826
3.5227	0.71794
3.5251	0.71752
3.5275	0.71705
3.5299	0.71646
3.5323	0.71604
3.5347	0.71540
3.5371	0.71460
3.5395	0.71385
3.5419	0.71318
3.5444	0.71252
3.5468	0.71181
3.5492	0.71116
3.5516	0.71034
3.5541	0.70938
3.5565	0.70852
3.559	0.70783
3.5614	0.70722
3.5639	0.70649
3.5663	0.70558
3.5688	0.70476
3.5712	0.70393
3.5737	0.70314
3.5761	0.70243
3.5786	0.70161
3.5811	0.70111
3.5836	0.70072
3.586	0.70007
3.5885	0.69956
3.591	0.69904
3.5935	0.69843
3.596	0.69798
3.5985	0.69755
3.601	0.69733
3.6035	0.69695
3.606	0.69660
3.6085	0.69631
3.611	0.69608
3.6135	0.69591
3.6161	0.69572
3.6186	0.69552
3.6211	0.69533
3.6236	0.69518
3.6262	0.69507
3.6287	0.69489
3.6313	0.69470
3.6338	0.69446
3.6363	0.69423
3.6389	0.69394
3.6414	0.69358
3.644	0.69318
3.6466	0.69275
3.6491	0.69218
3.6517	0.69149
3.6543	0.69072
3.6569	0.68979
3.6594	0.68869
3.662	0.68744
3.6646	0.68602
3.6672	0.68454
3.6698	0.68290
3.6724	0.68103
3.675	0.67906
3.6776	0.67692
3.6802	0.67471
3.6828	0.67244
3.6854	0.66999
3.6881	0.66751
3.6907	0.66501
3.6933	0.66249
3.6959	0.65996
3.6986	0.65740
3.7012	0.65491
3.7039	0.65248
3.7065	0.65001
3.7092	0.64762
3.7118	0.64531
3.7145	0.64316
3.7171	0.64106
3.7198	0.63909
3.7225	0.63737
3.7252	0.63585
3.7278	0.63450
3.7305	0.63335
3.7332	0.63240
3.7359	0.63173
3.7386	0.63120
3.7413	0.63083
3.744	0.63076
3.7467	0.63085
3.7494	0.63107
3.7521	0.63154
3.7548	0.63218
3.7576	0.63303
3.7603	0.63398
3.763	0.63496
3.7657	0.63607
3.7685	0.63730
3.7712	0.63853
3.774	0.63971
3.7767	0.64085
3.7795	0.64196
3.7822	0.64301
3.785	0.64399
3.7877	0.64486
3.7905	0.64555
3.7933	0.64609
3.7961	0.64654
3.7988	0.64679
3.8016	0.64688
3.8044	0.64676
3.8072	0.64648
3.81	0.64608
3.8128	0.64554
3.8156	0.64487
3.8184	0.64415
3.8212	0.64331
3.8241	0.64236
3.8269	0.64135
3.8297	0.64038
3.8325	0.63951
3.8354	0.63864
3.8382	0.63773
3.8411	0.63693
3.8439	0.63625
3.8468	0.63573
3.8496	0.63534
3.8525	0.63500
3.8553	0.63489
3.8582	0.63498
3.8611	0.63529
3.8639	0.63584
3.8668	0.63642
3.8697	0.63716
3.8726	0.63816
3.8755	0.63924
3.8784	0.64037
3.8813	0.64160
3.8842	0.64293
3.8871	0.64429
3.89	0.64565
3.893	0.64701
3.8959	0.64821
3.8988	0.64925
3.9017	0.65023
3.9047	0.65104
3.9076	0.65172
3.9106	0.65224
3.9135	0.65245
3.9165	0.65255
3.9194	0.65249
3.9224	0.65221
3.9254	0.65177
3.9284	0.65114
3.9313	0.65029
3.9343	0.64925
3.9373	0.64798
3.9403	0.64658
3.9433	0.64503
3.9463	0.64339
3.9493	0.64164
3.9523	0.63977
3.9553	0.63781
3.9583	0.63589
3.9614	0.63391
3.9644	0.63199
3.9674	0.63009
3.9705	0.62821
3.9735	0.62653
3.9766	0.62491
3.9796	0.62325
3.9826	0.62176
3.9857	0.62032
3.9888	0.61899
3.9919	0.61775
3.9949	0.61665
3.998	0.61578
4.0011	0.61505
4.0042	0.61440
4.0073	0.61391
4.0104	0.61356
4.0135	0.61348
4.0166	0.61352
4.0197	0.61365
4.0228	0.61389
4.0259	0.61417
4.0291	0.61453
4.0322	0.61500
4.0353	0.61543
4.0385	0.61593
4.0416	0.61642
4.0448	0.61679
4.0479	0.61708
4.0511	0.61732
4.0543	0.61741
4.0574	0.61733
4.0606	0.61702
4.0638	0.61647
4.067	0.61571
4.0702	0.61469
4.0734	0.61345
4.0766	0.61197
4.0798	0.61023
4.083	0.60830
4.0862	0.60615
4.0894	0.60386
4.0927	0.60138
4.0959	0.59873
4.0991	0.59598
4.1024	0.59312
4.1056	0.59027
4.1089	0.58749
4.1121	0.58467
4.1154	0.58189
4.1187	0.57905
4.122	0.57630
4.1252	0.57370
4.1285	0.57120
4.1318	0.56876
4.1351	0.56638
4.1384	0.56405
4.1417	0.56187
4.145	0.55980
4.1483	0.55778
4.1516	0.55577
4.155	0.55385
4.1583	0.55198
4.1616	0.55012
4.165	0.54814
4.1683	0.54608
4.1717	0.54385
4.175	0.54153
4.1784	0.53904
4.1818	0.53644
4.1852	0.53388
4.1885	0.53148
4.1919	0.52948
4.1953	0.52807
4.1987	0.52730
4.2021	0.52708
4.2055	0.52726
4.2089	0.52764
4.2124	0.52791
4.2158	0.52801
4.2192	0.52772
4.2226	0.52705
4.2261	0.52623
4.2295	0.52564
4.233	0.52545
4.2365	0.52580
4.2399	0.52670
4.2434	0.52797
4.2469	0.52919
4.2503	0.53000
4.2538	0.53020
4.2573	0.52964
4.2608	0.52816
4.2643	0.52582
4.2678	0.52280
4.2713	0.51944
4.2749	0.51595
4.2784	0.51274
4.2819	0.51015
4.2855	0.50833
4.289	0.50718
4.2926	0.50666
4.2961	0.50672
4.2997	0.50730
4.3033	0.50818
4.3068	0.50940
4.3104	0.51078
4.314	0.51208
4.3176	0.51300
4.3212	0.51343
4.3248	0.51326
4.3284	0.51244
4.332	0.51095
4.3356	0.50888
4.3393	0.50626
4.3429	0.50308
4.3465	0.49925
4.3502	0.49482
4.3538	0.48989
4.3575	0.48446
4.3611	0.47845
4.3648	0.47200
4.3685	0.46513
4.3722	0.45807
4.3759	0.45079
4.3796	0.44336
4.3833	0.43589
4.387	0.42849
4.3907	0.42117
4.3944	0.41408
4.3981	0.40730
4.4019	0.40086
4.4056	0.39483
4.4094	0.38923
4.4131	0.38402
4.4169	0.37904
4.4206	0.37425
4.4244	0.36962
4.4282	0.36514
4.432	0.36107
4.4358	0.35746
4.4396	0.35430
4.4434	0.35118
4.4472	0.34745
4.451	0.34281
4.4548	0.33748
4.4586	0.33210
4.4625	0.32778
4.4663	0.32533
4.4702	0.32502
4.474	0.32664
4.4779	0.32942
4.4818	0.33263
4.4856	0.33595
4.4895	0.33942
4.4934	0.34366
4.4973	0.34940
4.5012	0.35708
4.5051	0.36684
4.509	0.37845
4.513	0.39108
4.5169	0.40400
4.5208	0.41660
4.5248	0.42849
4.5287	0.43960
4.5327	0.45010
4.5367	0.46009
4.5406	0.46956
4.5446	0.47834
4.5486	0.48633
4.5526	0.49334
4.5566	0.49917
4.5606	0.50386
4.5646	0.50754
4.5686	0.51027
4.5727	0.51221
4.5767	0.51339
4.5808	0.51394
4.5848	0.51398
4.5889	0.51356
4.5929	0.51262
4.597	0.51119
4.6011	0.50934
4.6052	0.50702
4.6093	0.50423
4.6134	0.50099
4.6175	0.49718
4.6216	0.49268
4.6257	0.48735
4.6298	0.48116
4.634	0.47406
4.6381	0.46612
4.6423	0.45759
4.6464	0.44892
4.6506	0.44031
4.6548	0.43172
4.659	0.42278
4.6631	0.41330
4.6673	0.40341
4.6715	0.39385
4.6758	0.38569
4.68	0.38033
4.6842	0.37883
4.6884	0.38189
4.6927	0.38903
4.6969	0.39851
4.7012	0.40826
4.7055	0.41693
4.7097	0.42382
4.714	0.42881
4.7183	0.43205
4.7226	0.43393
4.7269	0.43468
4.7312	0.43444
4.7355	0.43345
4.7399	0.43194
4.7442	0.42988
4.7485	0.42742
4.7529	0.42458
4.7573	0.42149
4.7616	0.41809
4.766	0.41435
4.7704	0.41037
4.7748	0.40627
4.7792	0.40192
4.7836	0.39732
4.788	0.39249
4.7924	0.38747
4.7969	0.38225
4.8013	0.37681
4.8058	0.37118
4.8102	0.36537
4.8147	0.35935
4.8191	0.35317
4.8236	0.34676
4.8281	0.34010
4.8326	0.33309
4.8371	0.32574
4.8416	0.31798
4.8462	0.30977
4.8507	0.30103
4.8553	0.29168
4.8598	0.28159
4.8644	0.27073
4.8689	0.25898
4.8735	0.24634
4.8781	0.23268
4.8827	0.21809
4.8873	0.20264
4.8919	0.18660
4.8965	0.17040
4.9011	0.15468
4.9058	0.14028
4.9104	0.12781
4.9151	0.11753
4.9197	0.10943
4.9244	0.10317
4.9291	0.09849
4.9338	0.09498
4.9385	0.09214
4.9432	0.08957
4.9479	0.08691
4.9526	0.08379
4.9574	0.08024
4.9621	0.07626
4.9669	0.07203
4.9716	0.06799
4.9764	0.06447
4.9812	0.06171
4.986	0.05964
4.9908	0.05810
4.9956	0.05704
5.0004	0.05627
5.0052	0.05571
5.01	0.05527
5.0149	0.05505
5.0198	0.05497
5.0246	0.05505
5.0295	0.05530
5.0344	0.05549
5.0393	0.05557
5.0442	0.05564
5.0491	0.05574
5.054	0.05590
5.0589	0.05613
5.0639	0.05643
5.0688	0.05690
5.0738	0.05770
5.0788	0.05882
5.0837	0.06022
5.0887	0.06177
5.0937	0.06339
5.0987	0.06491
5.1037	0.06617
5.1088	0.06705
5.1138	0.06752
5.1189	0.06767
5.1239	0.06770
5.129	0.06776
5.1341	0.06796
5.1391	0.06840
5.1443	0.06900
5.1494	0.06963
5.1545	0.07030
5.1596	0.07092
5.1647	0.07154
5.1699	0.07219
5.175	0.07284
5.1802	0.07340
5.1854	0.07394
5.1906	0.07430
5.1958	0.07421
5.201	0.07351
5.2062	0.07215
5.2115	0.07004
5.2167	0.06713
5.222	0.06361
5.2272	0.05978
5.2325	0.05594
5.2378	0.05233
5.2431	0.04905
5.2484	0.04624
5.2537	0.04391
5.259	0.04199
5.2644	0.04045
5.2697	0.03914
5.2751	0.03806
5.2805	0.03716
5.2858	0.03642
5.2912	0.03585
5.2966	0.03542
5.302	0.03510
5.3075	0.03486
5.3129	0.03463
5.3184	0.03445
5.3238	0.03436
5.3293	0.03431
5.3348	0.03427
5.3403	0.03422
5.3458	0.03419
5.3513	0.03433
5.3568	0.03466
5.3624	0.03510
5.3679	0.03566
5.3735	0.03646
5.379	0.03757
5.3846	0.03902
5.3902	0.04096
5.3958	0.04350
5.4015	0.04657
5.4071	0.05009
5.4127	0.05394
5.4184	0.05797
5.4241	0.06205
5.4297	0.06589
5.4354	0.06926
5.4411	0.07202
5.4469	0.07398
5.4526	0.07503
5.4583	0.07522
5.4641	0.07462
5.4698	0.07336
5.4756	0.07166
5.4814	0.06972
5.4872	0.06768
5.493	0.06552
5.4988	0.06332
5.5047	0.06109
5.5105	0.05891
5.5164	0.05685
5.5223	0.05493
5.5281	0.05316
5.534	0.05152
5.54	0.05008
5.5459	0.04893
5.5518	0.04797
5.5578	0.04718
5.5637	0.04657
5.5697	0.04613
5.5757	0.04587
5.5817	0.04585
5.5877	0.04604
5.5937	0.04641
5.5998	0.04699
5.6058	0.04778
5.6119	0.04880
5.618	0.05012
5.6241	0.05186
5.6302	0.05416
5.6363	0.05719
5.6424	0.06112
5.6486	0.06585
5.6547	0.07121
5.6609	0.07716
5.6671	0.08334
5.6733	0.08946
5.6795	0.09514
5.6857	0.10008
5.692	0.10420
5.6982	0.10737
5.7045	0.10951
5.7108	0.11078
5.7171	0.11111
5.7234	0.11071
5.7297	0.10975
5.736	0.10836
5.7424	0.10667
5.7488	0.10476
5.7551	0.10270
5.7615	0.10060
5.768	0.09834
5.7744	0.09587
5.7808	0.09331
5.7873	0.09071
5.7937	0.08803
5.8002	0.08545
5.8067	0.08286
5.8132	0.08026
5.8197	0.07765
5.8263	0.07500
5.8328	0.07226
5.8394	0.06951
5.846	0.06677
5.8526	0.06411
5.8592	0.06148
5.8658	0.05889
5.8725	0.05641
5.8791	0.05405
5.8858	0.05163
5.8925	0.04932
5.8992	0.04706
5.9059	0.04500
5.9126	0.04322
5.9194	0.04175
5.9262	0.04060
5.9329	0.03988
5.9397	0.03957
5.9465	0.03963
5.9534	0.04007
5.9602	0.04085
5.9671	0.04195
5.974	0.04332
5.9808	0.04482
5.9878	0.04651
5.9947	0.04826
6.0016	0.04989
6.0086	0.05136
6.0155	0.05259
6.0225	0.05358
6.0295	0.05420
6.0365	0.05454
6.0436	0.05478
6.0506	0.05495
6.0577	0.05487
6.0648	0.05459
6.0719	0.05410
6.079	0.05315
6.0861	0.05171
6.0933	0.04998
6.1005	0.04809
6.1076	0.04615
6.1149	0.04414
6.1221	0.04201
6.1293	0.03986
6.1365	0.03768
6.1438	0.03556
6.1511	0.03359
6.1584	0.03185
6.1657	0.03025
6.1731	0.02900
6.1804	0.02814
6.1878	0.02746
6.1952	0.02699
6.2026	0.02677
6.21	0.02666
6.2175	0.02670
6.225	0.02687
6.2324	0.02706
6.2399	0.02728
6.2475	0.02762
6.255	0.02805
6.2625	0.02859
6.2701	0.02928
6.2777	0.03009
6.2853	0.03095
6.293	0.03194
6.3006	0.03308
6.3083	0.03432
6.3159	0.03576
6.3236	0.03742
6.3314	0.03922
6.3391	0.04099
6.3469	0.04269
6.3546	0.04430
6.3624	0.04611
6.3703	0.04826
6.3781	0.05062
6.3859	0.05305
6.3938	0.05537
6.4017	0.05730
6.4096	0.05889
6.4176	0.05994
6.4255	0.06031
6.4335	0.06015
6.4415	0.05943
6.4495	0.05816
6.4575	0.05635
6.4656	0.05412
6.4736	0.05149
6.4817	0.04856
6.4898	0.04538
6.498	0.04198
6.5061	0.03858
6.5143	0.03545
6.5225	0.03270
6.5307	0.03053
6.539	0.02909
6.5472	0.02825
6.5555	0.02786
6.5638	0.02778
6.5721	0.02789
6.5804	0.02822
6.5888	0.02863
6.5972	0.02911
6.6056	0.02951
6.614	0.02982
6.6225	0.03010
6.6309	0.03033
6.6394	0.03035
6.6479	0.03007
6.6565	0.02947
6.665	0.02870
6.6736	0.02786
6.6822	0.02708
6.6908	0.02643
6.6995	0.02601
6.7081	0.02576
6.7168	0.02569
6.7255	0.02574
6.7343	0.02590
6.743	0.02618
6.7518	0.02658
6.7606	0.02706
6.7694	0.02755
6.7783	0.02809
6.7871	0.02858
6.796	0.02896
6.805	0.02924
6.8139	0.02949
6.8229	0.02968
6.8319	0.02983
6.8409	0.02999
6.8499	0.03013
6.859	0.03027
6.868	0.03042
6.8772	0.03058
6.8863	0.03068
6.8955	0.03069
6.9046	0.03056
6.9138	0.03023
6.9231	0.02970
6.9323	0.02899
6.9416	0.02819
6.9509	0.02735
6.9602	0.02642
6.9696	0.02548
6.979	0.02460
6.9884	0.02372
6.9978	0.02279
7.0073	0.02194
7.0168	0.02111
7.0263	0.02016
7.0358	0.01916
7.0454	0.01826
7.0549	0.01744
7.0645	0.01680
7.0742	0.01632
7.0839	0.01585
7.0935	0.01521
7.1033	0.01444
7.113	0.01356
7.1228	0.01262
7.1326	0.01162
7.1424	0.01061
7.1522	0.00968
7.1621	0.00892
7.172	0.00824
7.182	0.00760
7.1919	0.00696
7.2019	0.00630
7.2119	0.00565
7.222	0.00499
7.232	0.00430
7.2421	0.00363
7.2523	0.00301
7.2624	0.00248
7.2726	0.00198
7.2828	0.00158
7.2931	0.00125
7.3033	0.00092
7.3136	0.00057
7.324	0.00032
7.3343	0.00015
7.3447	-0.00003
7.3551	-0.00018
7.3656	-0.00028
7.3761	-0.00031
7.3866	-0.00028
7.3971	-0.00020
7.4077	0.00002
7.4183	0.00040
7.4289	0.00098
7.4396	0.00182
7.4503	0.00298
7.461	0.00448
7.4717	0.00641
7.4825	0.00884
7.4933	0.01180
7.5042	0.01537
7.515	0.01963
7.5259	0.02445
7.5369	0.02978
7.5479	0.03550
7.5589	0.04147
7.5699	0.04761
7.581	0.05400
7.592	0.06077
7.6032	0.06805
7.6143	0.07602
7.6255	0.08481
7.6368	0.09452
7.648	0.10479
7.6593	0.11528
7.6707	0.12556
7.682	0.13527
7.6934	0.14459
7.7049	0.15385
7.7163	0.16319
7.7278	0.17281
7.7394	0.18250
7.7509	0.19175
7.7625	0.20014
7.7742	0.20746
7.7858	0.21394
7.7975	0.22038
7.8093	0.22762
7.8211	0.23634
7.8329	0.24648
7.8447	0.25800
7.8566	0.27070
7.8685	0.28451
7.8805	0.29943
7.8925	0.31538
7.9045	0.33209
7.9166	0.34973
7.9287	0.36827
7.9408	0.38739
7.953	0.40644
7.9652	0.42474
7.9775	0.44167
7.9898	0.45725
8.0021	0.47172
8.0145	0.48600
8.0269	0.50051
8.0393	0.51570
8.0518	0.53181
8.0643	0.54884
8.0769	0.56658
8.0895	0.58501
8.1021	0.60393
8.1148	0.62388
8.1275	0.64495
8.1403	0.66646
8.1531	0.68677
8.1659	0.70449
8.1788	0.71875
8.1917	0.72986
8.2047	0.73820
8.2177	0.74467
8.2307	0.74943
8.2438	0.75265
8.257	0.75469
8.2701	0.75601
8.2833	0.75692
8.2966	0.75795
8.3099	0.75899
8.3232	0.76049
8.3366	0.76240
8.35	0.76491
8.3635	0.76808
8.377	0.77183
8.3905	0.77578
8.4042	0.77979
8.4178	0.78346
8.4315	0.78714
8.4452	0.79043
8.459	0.79285
8.4728	0.79420
8.4867	0.79431
8.5006	0.79253
8.5145	0.78863
8.5285	0.78140
8.5426	0.76993
8.5567	0.75164
8.5708	0.72269
8.585	0.67811
8.5993	0.61669
8.6135	0.55413
8.6279	0.52625
8.6423	0.55357
8.6567	0.61359
8.6712	0.67039
8.6857	0.71029
8.7003	0.73612
8.7149	0.75347
8.7296	0.76596
8.7443	0.77573
8.759	0.78351
8.7739	0.79082
8.7887	0.79822
8.8037	0.80576
8.8186	0.81300
8.8337	0.81933
8.8487	0.82448
8.8638	0.82863
8.879	0.83139
8.8943	0.83345
8.9095	0.83459
8.9249	0.83511
8.9403	0.83552
8.9557	0.83586
8.9712	0.83581
8.9868	0.83544
9.0023	0.83449
9.018	0.83320
9.0337	0.83141
9.0495	0.82925
9.0653	0.82668
9.0812	0.82398
9.0971	0.82112
9.1131	0.81809
9.1291	0.81440
9.1452	0.81042
9.1614	0.80602
9.1776	0.80147
9.1939	0.79685
9.2102	0.79184
9.2266	0.78592
9.243	0.77901
9.2595	0.77061
9.2761	0.76030
9.2927	0.74618
9.3094	0.72604
9.3262	0.69767
9.343	0.66141
9.3598	0.61971
9.3768	0.57433
9.3937	0.52703
9.4108	0.48222
9.4279	0.44343
9.4451	0.41125
9.4623	0.38442
9.4796	0.36186
9.497	0.34283
9.5144	0.32637
9.5319	0.31160
9.5494	0.29843
9.5671	0.28665
9.5847	0.27670
9.6025	0.26854
9.6203	0.26106
9.6382	0.25358
9.6561	0.24633
9.6742	0.23940
9.6922	0.23300
9.7104	0.22687
9.7286	0.22114
9.7469	0.21588
9.7652	0.21096
9.7837	0.20640
9.8022	0.20211
9.8207	0.19807
9.8394	0.19426
9.8581	0.19064
9.8768	0.18729
9.8957	0.18402
9.9146	0.18087
9.9336	0.17790
9.9527	0.17511
9.9718	0.17246
9.991	0.16997
10.0103	0.16756
10.0297	0.16537
10.0491	0.16331
10.0686	0.16131
10.0882	0.15949
10.1079	0.15773
10.1276	0.15601
10.1474	0.15439
10.1673	0.15270
10.1873	0.15111
10.2074	0.14955
10.2275	0.14797
10.2477	0.14647
10.268	0.14505
10.2884	0.14370
10.3088	0.14233
10.3294	0.14098
10.35	0.13978
10.3707	0.13866
10.3915	0.13751
10.4123	0.13632
10.4333	0.13523
10.4543	0.13423
10.4755	0.13323
10.4967	0.13221
10.5179	0.13126
10.5393	0.13029
10.5608	0.12928
10.5823	0.12838
10.604	0.12763
10.6257	0.12689
10.6475	0.12611
10.6694	0.12542
10.6914	0.12479
10.7135	0.12409
10.7357	0.12338
10.758	0.12267
10.7803	0.12201
10.8028	0.12143
10.8254	0.12087
10.848	0.12021
10.8708	0.11953
10.8936	0.11883
10.9165	0.11817
10.9395	0.11738
10.9627	0.11648
10.9859	0.11563
11.0092	0.11481
11.0327	0.11392
11.0562	0.11308
11.0798	0.11230
11.1035	0.11148
11.1274	0.11055
11.1513	0.10959
11.1753	0.10875
11.1995	0.10791
11.2237	0.10711
11.248	0.10631
11.2725	0.10541
11.2971	0.10452
11.3217	0.10355
11.3465	0.10242
11.3714	0.10125
11.3964	0.09994
11.4215	0.09855
11.4467	0.09735
11.472	0.09623
11.4974	0.09515
11.523	0.09415
11.5487	0.09316
11.5744	0.09232
11.6003	0.09139
11.6263	0.09023
11.6525	0.08898
11.6787	0.08763
11.7051	0.08611
11.7316	0.08434
11.7582	0.08247
11.7849	0.08059
11.8117	0.07862
11.8387	0.07664
11.8658	0.07457
11.893	0.07227
11.9203	0.07005
11.9478	0.06777
11.9754	0.06522
12.0031	0.06263
12.031	0.05983
12.059	0.05659
12.0871	0.05313
12.1153	0.04949
12.1437	0.04582
12.1722	0.04193
12.2008	0.03785
12.2296	0.03411
12.2585	0.03145
12.2876	0.03233
12.3168	0.04217
12.3461	0.06683
12.3755	0.10514
12.4052	0.14536
12.4349	0.17563
12.4648	0.19271
12.4948	0.19858
12.525	0.19523
12.5553	0.18429
12.5858	0.17014
12.6164	0.16103
12.6472	0.16395
12.6781	0.17969
12.7092	0.20210
12.7404	0.22266
12.7718	0.23574
12.8033	0.23917
12.835	0.23253
12.8669	0.21730
12.8989	0.19737
12.9311	0.17813
12.9634	0.16260
12.9959	0.15080
13.0285	0.14178
13.0613	0.13504
13.0943	0.12971
13.1275	0.12515
13.1608	0.12151
13.1943	0.11858
13.228	0.11598
13.2618	0.11394
13.2958	0.11228
13.33	0.11075
13.3643	0.10920
13.3989	0.10785
13.4336	0.10653
13.4685	0.10524
13.5035	0.10416
13.5388	0.10320
13.5742	0.10220
13.6099	0.10117
13.6457	0.10028
13.6817	0.09955
13.7179	0.09877
13.7543	0.09779
13.7908	0.09673
13.8276	0.09558
13.8646	0.09422
13.9018	0.09274
13.9391	0.09108
13.9767	0.08924
14.0145	0.08713
14.0525	0.08496
14.0907	0.08266
14.129	0.07974
14.1677	0.07653
14.2065	0.07322
14.2455	0.06987
14.2847	0.06854
14.3242	0.07354
14.3639	0.08508
14.4038	0.09466
14.4439	0.09731
14.4842	0.09600
14.5248	0.09409
14.5656	0.09303
14.6066	0.09266
14.6479	0.09261
14.6894	0.09290
14.7311	0.09336
14.7731	0.09397
14.8153	0.09481
14.8578	0.09533
14.9005	0.09585
14.9434	0.09657
14.9866	0.09716
15.03	0.09760
15.0737	0.09815
15.1177	0.09889
15.1619	0.09955
15.2063	0.09987
15.2511	0.09978
15.2961	0.09968
15.3413	0.09932
15.3868	0.09913
15.4327	0.09935
15.4787	0.09954
15.5251	0.09929
15.5717	0.09910
15.6186	0.09886
15.6658	0.09877
15.7132	0.09911
15.761	0.09923
15.809	0.09934
15.8574	0.09950
15.906	0.09950
15.955	0.09923
16.0042	0.09832
16.0538	0.09699
16.1036	0.09598
16.1538	0.09545
16.2043	0.09499
16.2551	0.09448
16.3062	0.09437
16.3576	0.09452
16.4094	0.09446
16.4615	0.09433
16.5139	0.09411
16.5667	0.09342
16.6198	0.09265
16.6732	0.09185
16.727	0.09095
16.7811	0.08976
16.8356	0.08778
16.8904	0.08550
16.9457	0.08337
17.0012	0.08119
17.0571	0.07885
17.1134	0.07617
17.1701	0.07339
17.2272	0.07056
17.2846	0.06737
17.3424	0.06435
17.4006	0.06192
17.4592	0.05989
17.5182	0.05884
17.5776	0.06003
17.6373	0.06465
17.6975	0.07334
17.7581	0.08764
17.8191	0.10828
17.8806	0.13464
17.9425	0.16635
18.0048	0.20296
18.0675	0.24286
18.1307	0.28076
18.1943	0.30827
18.2584	0.32341
18.3229	0.33095
18.3879	0.33353
18.4533	0.33151
18.5192	0.32473
18.5856	0.31376
18.6524	0.29984
18.7198	0.28392
18.7876	0.26785
18.8559	0.25315
18.9247	0.24166
18.9941	0.23404
19.0639	0.23146
19.1343	0.23530
19.2051	0.24474
19.2765	0.26021
19.3484	0.28096
19.4209	0.30599
19.4939	0.33631
19.5675	0.37722
19.6416	0.44047
19.7163	0.52421
19.7915	0.59401
19.8674	0.63436
19.9438	0.65675
20.0208	0.66918
20.0984	0.67646
20.1766	0.67922
20.2554	0.67608
20.3348	0.66849
20.4149	0.65872
20.4956	0.64946
20.5769	0.64005
20.6589	0.62996
20.7415	0.61994
20.8248	0.60968
20.9088	0.59783
20.9934	0.58480
21.0788	0.57106
21.1648	0.55680
21.2516	0.54046
21.339	0.52355
21.4272	0.50881
21.5161	0.49503
21.6058	0.48145
21.6962	0.46821
21.7873	0.45542
21.8793	0.44306
21.972	0.42978
22.0655	0.41550
22.1598	0.38954
22.2549	0.35227
22.3508	0.31068
22.4475	0.27577
22.5451	0.25004
22.6436	0.23048
22.7429	0.21493
22.8431	0.20216
22.9442	0.19114
23.0462	0.18113
23.1491	0.17199
23.2529	0.16375
23.3576	0.15626
23.4633	0.14930
23.5699	0.14256
23.6776	0.13628
23.7862	0.12970
23.8958	0.12314
24.0064	0.11645
24.1181	0.10935
24.2307	0.10138
24.3445	0.09121
24.4593	0.07937
24.5753	0.06748
24.6923	0.06713
24.8104	0.11296
24.9297	0.19635
25.0502	0.25724
25.1718	0.27851
25.2946	0.27328
25.4186	0.24378
25.5438	0.20544
25.6702	0.18642
25.7979	0.19864
25.9269	0.23545
26.0572	0.27609
26.1888	0.30340
26.3217	0.31745
26.456	0.32371
26.5917	0.32396
26.7288	0.31674
26.8673	0.30457
27.0072	0.28942
27.1486	0.27152
27.2915	0.25228
27.4359	0.23288
27.5818	0.21660
27.7293	0.20502
27.8784	0.19575
28.0291	0.18863
28.1814	0.18343
28.3354	0.18094
28.4911	0.17824
28.6485	0.17456
28.8077	0.17236
28.9686	0.17244
29.1314	0.17241
29.296	0.17176
29.4624	0.17204
29.6308	0.17203
29.8011	0.17347
29.9733	0.17619
30.1475	0.17875
30.3238	0.18110
30.5022	0.18260
30.6827	0.18322
30.8653	0.18617
31.0502	0.18912
31.2372	0.19074
31.4266	0.19248
31.6182	0.19554
31.8122	0.19879
32.0086	0.20206
32.2074	0.20540
32.4087	0.20863
32.6125	0.21027
32.8189	0.21089
33.0279	0.21264
33.2396	0.21410
33.4541	0.21469
33.6713	0.21343
33.8914	0.21073
34.1143	0.20967
34.3403	0.20882
34.5693	0.20718
34.8013	0.20363
35.0364	0.20069
35.2747	0.19928
35.5164	0.19393
35.7613	0.18476
36.0096	0.17427
36.2614	0.16436
36.5167	0.15202
36.7757	0.13877
37.0384	0.12566
37.3049	0.11438
37.5752	0.10962
37.8495	0.11894
38.1279	0.13258
38.4103	0.14051
38.6969	0.14796
38.9879	0.16133
39.2832	0.18287
39.5831	0.20579
39.8875	0.22325
40.1967	0.24033
40.5108	0.25722
40.8297	0.27577
41.1538	0.29110
41.483	0.30308
41.8176	0.31404
42.1575	0.32333
42.5031	0.33108
42.8544	0.33911
43.2115	0.34663
43.5746	0.35617
43.9439	0.36494
44.3195	0.37376
44.7015	0.37736
45.0902	0.38289
45.4858	0.38912
45.8883	0.39185
46.298	0.39756
46.7151	0.40377
47.1398	0.40477
47.5723	0.40569
48.0128	0.41207
48.4615	0.41701
48.9186	0.42348
49.3846	0.43130
49.8594	0.42846
50.3435	0.42746
50.837	0.43175
51.3404	0.43707
51.8538	0.43258
52.3776	0.43244
52.912	0.43430
53.4575	0.44306
54.0144	0.44600
54.5829	0.44352
55.1636	0.44826
55.7568	0.45387
56.3628	0.45880
56.9822	0.46176
57.6153	0.45930
58.2627	0.45617
58.9247	0.45625
59.602	0.46724
60.2951	0.47460
61.0044	0.46770
61.7307	0.47252
62.4744	0.47945
63.2363	0.47939
64.017	0.47378
64.8172	0.47207
65.6377	0.47577
66.4792	0.47867
67.3426	0.47738
68.2286	0.47466
69.1384	0.47686
70.0727	0.47646
71.0326	0.48999
72.0191	0.49417
73.0335	0.47953
74.0768	0.46095
75.1504	0.43511
76.2555	0.41606
77.3937	0.39370
78.5663	0.40013
79.775	0.45345
81.0215	0.50282
82.3076	0.51299
83.6351	0.49716
85.0062	0.48817
86.423	0.49131
87.8878	0.49864
89.403	0.48630
90.9715	0.49025
92.596	0.51565
94.2796	0.52109
96.0255	0.49136
97.8373	0.47484
99.7188	0.49358
