Brown University Keck/NASA Relab Spectrum LF-NEB-009/BKR1LF009
Wavelength(micron)	Reflectance
0.3	0.16549
0.305	0.16272
0.31	0.16240
0.315	0.16435
0.32	0.16612
0.325	0.16966
0.33	0.17388
0.335	0.17736
0.34	0.18120
0.345	0.18443
0.35	0.18587
0.355	0.18755
0.36	0.19016
0.365	0.19504
0.37	0.20104
0.375	0.20783
0.38	0.21673
0.385	0.22571
0.39	0.23431
0.395	0.24291
0.4	0.25289
0.405	0.25921
0.41	0.26484
0.415	0.27100
0.42	0.27823
0.425	0.28437
0.43	0.29249
0.435	0.30233
0.44	0.31110
0.445	0.31885
0.45	0.32452
0.455	0.32854
0.46	0.33101
0.465	0.33318
0.47	0.33557
0.475	0.33859
0.48	0.34242
0.485	0.34629
0.49	0.35212
0.495	0.35843
0.5	0.36549
0.505	0.37281
0.51	0.38023
0.515	0.38768
0.52	0.39554
0.525	0.40302
0.53	0.41102
0.535	0.42013
0.54	0.42842
0.545	0.43639
0.55	0.44406
0.555	0.45172
0.56	0.45923
0.565	0.46561
0.57	0.47184
0.575	0.47664
0.58	0.48140
0.585	0.48565
0.59	0.48883
0.595	0.49173
0.6	0.49437
0.605	0.49630
0.61	0.49837
0.615	0.50047
0.62	0.50183
0.625	0.50379
0.63	0.50455
0.635	0.50681
0.64	0.50792
0.645	0.50949
0.65	0.51156
0.655	0.51316
0.66	0.51520
0.665	0.51719
0.67	0.51924
0.675	0.52180
0.68	0.52353
0.685	0.52518
0.69	0.52805
0.695	0.52905
0.7	0.53177
0.705	0.53391
0.71	0.53623
0.715	0.53801
0.72	0.54043
0.725	0.54248
0.73	0.54444
0.735	0.54760
0.74	0.54857
0.745	0.55129
0.75	0.55251
0.755	0.55277
0.76	0.55582
0.765	0.55800
0.77	0.55886
0.775	0.56169
0.78	0.56224
0.785	0.56439
0.79	0.56509
0.795	0.56584
0.8	0.56742
0.805	0.56902
0.81	0.56908
0.815	0.57023
0.82	0.57155
0.825	0.57237
0.83	0.57341
0.835	0.57467
0.84	0.57519
0.845	0.57600
0.85	0.57628
0.855	0.57576
0.86	0.57597
0.865	0.57650
0.87	0.57639
0.875	0.57651
0.88	0.57740
0.885	0.57827
0.89	0.58016
0.895	0.58046
0.9	0.58156
0.905	0.58453
0.91	0.58517
0.915	0.58580
0.92	0.58636
0.925	0.58678
0.93	0.58895
0.935	0.58954
0.94	0.59158
0.945	0.59252
0.95	0.59304
0.955	0.59443
0.96	0.59604
0.965	0.59825
0.97	0.59852
0.975	0.59971
0.98	0.60130
0.985	0.60307
0.99	0.60344
0.995	0.60450
1	0.60531
1.005	0.60723
1.01	0.60810
1.015	0.60956
1.02	0.61097
1.025	0.61216
1.03	0.61379
1.035	0.61527
1.04	0.61576
1.045	0.61717
1.05	0.61844
1.055	0.61944
1.06	0.62099
1.065	0.62246
1.07	0.62406
1.075	0.62483
1.08	0.62617
1.085	0.62725
1.09	0.62912
1.095	0.62978
1.1	0.63113
1.105	0.63210
1.11	0.63349
1.115	0.63466
1.12	0.63650
1.125	0.63656
1.13	0.63801
1.135	0.63848
1.14	0.64006
1.145	0.64154
1.15	0.64276
1.155	0.64333
1.16	0.64470
1.165	0.64561
1.17	0.64544
1.175	0.64715
1.18	0.64779
1.185	0.64892
1.19	0.64939
1.195	0.64999
1.2	0.65038
1.205	0.65173
1.21	0.65215
1.215	0.65246
1.22	0.65332
1.225	0.65421
1.23	0.65511
1.235	0.65445
1.24	0.65541
1.245	0.65572
1.25	0.65560
1.255	0.65595
1.26	0.65728
1.265	0.65775
1.27	0.65778
1.275	0.65770
1.28	0.65788
1.285	0.65859
1.29	0.65811
1.295	0.65881
1.3	0.65845
1.305	0.65892
1.31	0.65954
1.315	0.65959
1.32	0.66019
1.325	0.65989
1.33	0.66051
1.335	0.66074
1.34	0.66103
1.345	0.66070
1.35	0.66075
1.3507	0.66072
1.351	0.66069
1.3513	0.66069
1.3517	0.66069
1.3521	0.66063
1.3524	0.66062
1.3528	0.66057
1.3531	0.66051
1.3535	0.66060
1.3538	0.66073
1.3542	0.66086
1.3545	0.66070
1.3549	0.66044
1.3552	0.66047
1.3556	0.66043
1.3559	0.66045
1.3563	0.66072
1.3567	0.66081
1.357	0.66076
1.3574	0.66067
1.3577	0.66047
1.3581	0.66039
1.3584	0.66053
1.3588	0.66055
1.3592	0.66040
1.3595	0.66035
1.3599	0.66055
1.3602	0.66056
1.3606	0.66033
1.3609	0.66030
1.3613	0.66042
1.3617	0.66039
1.362	0.66039
1.3624	0.66058
1.3627	0.66063
1.3631	0.66048
1.3634	0.66040
1.3638	0.66041
1.3642	0.66034
1.3645	0.66030
1.3649	0.66036
1.3652	0.66048
1.3656	0.66053
1.3659	0.66054
1.3663	0.66056
1.3667	0.66035
1.367	0.66021
1.3674	0.66016
1.3678	0.66011
1.3681	0.66009
1.3685	0.66011
1.3688	0.66006
1.3692	0.66017
1.3696	0.66010
1.3699	0.65986
1.3703	0.65984
1.3707	0.65984
1.371	0.65987
1.3714	0.65988
1.3717	0.65989
1.3721	0.65986
1.3725	0.65979
1.3728	0.65980
1.3732	0.65990
1.3736	0.65989
1.3739	0.65982
1.3743	0.65962
1.3746	0.65944
1.375	0.65939
1.3754	0.65939
1.3757	0.65939
1.3761	0.65944
1.3765	0.65943
1.3768	0.65941
1.3772	0.65929
1.3776	0.65921
1.3779	0.65915
1.3783	0.65911
1.3787	0.65901
1.379	0.65895
1.3794	0.65895
1.3798	0.65884
1.3801	0.65868
1.3805	0.65855
1.3809	0.65857
1.3812	0.65865
1.3816	0.65852
1.382	0.65836
1.3823	0.65839
1.3827	0.65831
1.3831	0.65813
1.3834	0.65811
1.3838	0.65800
1.3842	0.65784
1.3846	0.65783
1.3849	0.65788
1.3853	0.65773
1.3857	0.65762
1.386	0.65759
1.3864	0.65750
1.3868	0.65741
1.3872	0.65747
1.3875	0.65739
1.3879	0.65727
1.3883	0.65724
1.3886	0.65721
1.389	0.65723
1.3894	0.65713
1.3898	0.65685
1.3901	0.65672
1.3905	0.65672
1.3909	0.65657
1.3912	0.65643
1.3916	0.65640
1.392	0.65644
1.3924	0.65647
1.3927	0.65637
1.3931	0.65621
1.3935	0.65613
1.3939	0.65603
1.3942	0.65598
1.3946	0.65602
1.395	0.65587
1.3954	0.65565
1.3957	0.65561
1.3961	0.65567
1.3965	0.65558
1.3969	0.65545
1.3972	0.65534
1.3976	0.65531
1.398	0.65538
1.3984	0.65540
1.3988	0.65540
1.3991	0.65543
1.3995	0.65534
1.3999	0.65519
1.4003	0.65512
1.4006	0.65515
1.401	0.65517
1.4014	0.65500
1.4018	0.65498
1.4022	0.65491
1.4025	0.65485
1.4029	0.65480
1.4033	0.65462
1.4037	0.65451
1.4041	0.65445
1.4044	0.65456
1.4048	0.65452
1.4052	0.65438
1.4056	0.65424
1.406	0.65427
1.4063	0.65429
1.4067	0.65431
1.4071	0.65426
1.4075	0.65408
1.4079	0.65395
1.4083	0.65394
1.4086	0.65378
1.409	0.65369
1.4094	0.65363
1.4098	0.65343
1.4102	0.65334
1.4106	0.65334
1.4109	0.65318
1.4113	0.65306
1.4117	0.65296
1.4121	0.65292
1.4125	0.65269
1.4128	0.65234
1.4132	0.65200
1.4136	0.65163
1.414	0.65123
1.4144	0.65090
1.4148	0.65052
1.4152	0.65019
1.4156	0.65018
1.4159	0.65071
1.4163	0.65159
1.4167	0.65233
1.4171	0.65295
1.4175	0.65351
1.4179	0.65383
1.4183	0.65400
1.4187	0.65412
1.419	0.65435
1.4194	0.65468
1.4198	0.65486
1.4202	0.65489
1.4206	0.65494
1.421	0.65510
1.4214	0.65511
1.4218	0.65525
1.4222	0.65536
1.4225	0.65537
1.4229	0.65544
1.4233	0.65560
1.4237	0.65572
1.4241	0.65565
1.4245	0.65557
1.4249	0.65572
1.4253	0.65574
1.4257	0.65576
1.4261	0.65583
1.4265	0.65592
1.4268	0.65601
1.4272	0.65599
1.4276	0.65603
1.428	0.65604
1.4284	0.65602
1.4288	0.65621
1.4292	0.65630
1.4296	0.65624
1.43	0.65609
1.4304	0.65598
1.4308	0.65611
1.4312	0.65617
1.4316	0.65608
1.432	0.65605
1.4324	0.65614
1.4328	0.65621
1.4332	0.65625
1.4336	0.65624
1.4339	0.65621
1.4343	0.65618
1.4348	0.65629
1.4351	0.65654
1.4355	0.65644
1.4359	0.65619
1.4363	0.65627
1.4367	0.65644
1.4371	0.65647
1.4375	0.65644
1.4379	0.65647
1.4383	0.65639
1.4387	0.65639
1.4391	0.65651
1.4395	0.65649
1.4399	0.65643
1.4403	0.65639
1.4407	0.65637
1.4411	0.65641
1.4415	0.65631
1.4419	0.65634
1.4423	0.65645
1.4427	0.65654
1.4431	0.65655
1.4435	0.65638
1.4439	0.65643
1.4443	0.65653
1.4447	0.65646
1.4451	0.65652
1.4456	0.65646
1.4459	0.65633
1.4463	0.65648
1.4468	0.65649
1.4472	0.65645
1.4476	0.65656
1.448	0.65662
1.4484	0.65660
1.4488	0.65651
1.4492	0.65649
1.4496	0.65657
1.45	0.65657
1.4504	0.65667
1.4508	0.65663
1.4512	0.65643
1.4516	0.65646
1.452	0.65658
1.4524	0.65667
1.4528	0.65667
1.4532	0.65657
1.4537	0.65656
1.4541	0.65653
1.4545	0.65650
1.4549	0.65659
1.4553	0.65661
1.4557	0.65656
1.4561	0.65656
1.4565	0.65653
1.4569	0.65646
1.4573	0.65641
1.4577	0.65652
1.4582	0.65662
1.4586	0.65648
1.459	0.65643
1.4594	0.65652
1.4598	0.65661
1.4602	0.65666
1.4606	0.65670
1.461	0.65667
1.4614	0.65658
1.4618	0.65668
1.4623	0.65671
1.4627	0.65668
1.4631	0.65666
1.4635	0.65661
1.4639	0.65657
1.4643	0.65655
1.4647	0.65652
1.4652	0.65651
1.4656	0.65651
1.466	0.65645
1.4664	0.65643
1.4668	0.65656
1.4672	0.65668
1.4676	0.65669
1.4681	0.65667
1.4685	0.65665
1.4689	0.65673
1.4693	0.65678
1.4697	0.65678
1.4701	0.65671
1.4706	0.65659
1.471	0.65652
1.4714	0.65668
1.4718	0.65672
1.4722	0.65672
1.4726	0.65675
1.4731	0.65671
1.4735	0.65667
1.4739	0.65673
1.4743	0.65677
1.4747	0.65678
1.4752	0.65680
1.4756	0.65676
1.476	0.65700
1.4764	0.65717
1.4768	0.65699
1.4773	0.65678
1.4777	0.65686
1.4781	0.65695
1.4785	0.65694
1.4789	0.65689
1.4794	0.65697
1.4798	0.65691
1.4802	0.65691
1.4806	0.65700
1.4811	0.65695
1.4815	0.65696
1.4819	0.65695
1.4823	0.65694
1.4828	0.65702
1.4832	0.65713
1.4836	0.65702
1.484	0.65683
1.4844	0.65680
1.4849	0.65698
1.4853	0.65703
1.4857	0.65689
1.4862	0.65679
1.4866	0.65693
1.487	0.65701
1.4874	0.65700
1.4879	0.65705
1.4883	0.65712
1.4887	0.65719
1.4891	0.65723
1.4896	0.65718
1.49	0.65717
1.4904	0.65714
1.4908	0.65700
1.4913	0.65695
1.4917	0.65711
1.4921	0.65717
1.4926	0.65714
1.493	0.65707
1.4934	0.65711
1.4939	0.65726
1.4943	0.65737
1.4947	0.65735
1.4952	0.65724
1.4956	0.65711
1.496	0.65705
1.4964	0.65714
1.4969	0.65721
1.4973	0.65711
1.4977	0.65713
1.4982	0.65725
1.4986	0.65723
1.499	0.65712
1.4995	0.65713
1.4999	0.65725
1.5003	0.65735
1.5008	0.65734
1.5012	0.65730
1.5017	0.65726
1.5021	0.65724
1.5025	0.65722
1.5029	0.65729
1.5034	0.65729
1.5038	0.65730
1.5043	0.65728
1.5047	0.65726
1.5051	0.65720
1.5056	0.65726
1.506	0.65734
1.5064	0.65734
1.5069	0.65730
1.5073	0.65728
1.5078	0.65740
1.5082	0.65744
1.5086	0.65738
1.5091	0.65747
1.5095	0.65744
1.51	0.65732
1.5104	0.65741
1.5108	0.65751
1.5113	0.65753
1.5117	0.65743
1.5122	0.65739
1.5126	0.65742
1.513	0.65743
1.5135	0.65747
1.5139	0.65735
1.5144	0.65732
1.5148	0.65743
1.5153	0.65748
1.5157	0.65751
1.5161	0.65761
1.5166	0.65760
1.517	0.65753
1.5175	0.65750
1.5179	0.65754
1.5184	0.65763
1.5188	0.65762
1.5193	0.65764
1.5197	0.65771
1.5201	0.65776
1.5206	0.65775
1.521	0.65775
1.5215	0.65770
1.5219	0.65768
1.5224	0.65763
1.5228	0.65760
1.5233	0.65766
1.5237	0.65764
1.5242	0.65765
1.5246	0.65767
1.5251	0.65769
1.5255	0.65778
1.5259	0.65778
1.5264	0.65759
1.5268	0.65752
1.5273	0.65760
1.5278	0.65768
1.5282	0.65765
1.5287	0.65772
1.5291	0.65777
1.5296	0.65772
1.53	0.65774
1.5305	0.65775
1.5309	0.65775
1.5314	0.65778
1.5318	0.65772
1.5323	0.65761
1.5327	0.65753
1.5332	0.65758
1.5336	0.65762
1.5341	0.65762
1.5345	0.65778
1.535	0.65780
1.5354	0.65767
1.5359	0.65764
1.5363	0.65768
1.5368	0.65767
1.5373	0.65772
1.5377	0.65770
1.5382	0.65770
1.5386	0.65769
1.5391	0.65773
1.5396	0.65773
1.54	0.65766
1.5405	0.65768
1.5409	0.65768
1.5414	0.65774
1.5418	0.65783
1.5423	0.65779
1.5428	0.65777
1.5432	0.65777
1.5437	0.65771
1.5441	0.65773
1.5446	0.65781
1.5451	0.65779
1.5455	0.65775
1.546	0.65767
1.5464	0.65761
1.5469	0.65759
1.5474	0.65757
1.5478	0.65759
1.5483	0.65754
1.5487	0.65760
1.5492	0.65776
1.5497	0.65780
1.5501	0.65767
1.5506	0.65763
1.5511	0.65774
1.5515	0.65776
1.552	0.65770
1.5524	0.65764
1.5529	0.65758
1.5534	0.65757
1.5538	0.65760
1.5543	0.65771
1.5548	0.65767
1.5553	0.65762
1.5557	0.65767
1.5562	0.65769
1.5567	0.65767
1.5571	0.65765
1.5576	0.65765
1.5581	0.65773
1.5585	0.65777
1.559	0.65776
1.5595	0.65772
1.5599	0.65770
1.5604	0.65765
1.5609	0.65763
1.5613	0.65766
1.5618	0.65778
1.5623	0.65781
1.5628	0.65773
1.5632	0.65770
1.5637	0.65772
1.5642	0.65764
1.5646	0.65757
1.5651	0.65754
1.5656	0.65757
1.5661	0.65766
1.5665	0.65771
1.567	0.65772
1.5675	0.65766
1.5679	0.65769
1.5684	0.65773
1.5689	0.65776
1.5694	0.65776
1.5698	0.65768
1.5703	0.65764
1.5708	0.65784
1.5713	0.65785
1.5718	0.65768
1.5722	0.65765
1.5727	0.65770
1.5732	0.65773
1.5737	0.65767
1.5741	0.65761
1.5746	0.65769
1.5751	0.65772
1.5756	0.65775
1.5761	0.65778
1.5765	0.65775
1.577	0.65776
1.5775	0.65777
1.578	0.65766
1.5784	0.65761
1.5789	0.65762
1.5794	0.65762
1.5799	0.65761
1.5804	0.65760
1.5809	0.65759
1.5813	0.65764
1.5818	0.65773
1.5823	0.65771
1.5828	0.65754
1.5833	0.65750
1.5838	0.65761
1.5842	0.65761
1.5847	0.65758
1.5852	0.65765
1.5857	0.65756
1.5862	0.65750
1.5867	0.65752
1.5872	0.65758
1.5876	0.65750
1.5881	0.65747
1.5886	0.65765
1.5891	0.65761
1.5896	0.65758
1.5901	0.65775
1.5906	0.65771
1.591	0.65750
1.5915	0.65741
1.592	0.65742
1.5925	0.65752
1.593	0.65761
1.5935	0.65766
1.594	0.65755
1.5945	0.65749
1.595	0.65747
1.5954	0.65754
1.5959	0.65758
1.5964	0.65747
1.5969	0.65741
1.5974	0.65737
1.5979	0.65740
1.5984	0.65746
1.5989	0.65746
1.5994	0.65739
1.5999	0.65737
1.6004	0.65741
1.6009	0.65736
1.6014	0.65736
1.6019	0.65742
1.6023	0.65744
1.6028	0.65744
1.6033	0.65741
1.6038	0.65744
1.6043	0.65745
1.6048	0.65738
1.6053	0.65739
1.6058	0.65741
1.6063	0.65741
1.6068	0.65736
1.6073	0.65733
1.6078	0.65736
1.6083	0.65739
1.6088	0.65736
1.6093	0.65729
1.6098	0.65725
1.6103	0.65738
1.6108	0.65733
1.6113	0.65715
1.6118	0.65713
1.6123	0.65714
1.6128	0.65714
1.6133	0.65722
1.6138	0.65723
1.6143	0.65718
1.6148	0.65719
1.6153	0.65730
1.6158	0.65726
1.6163	0.65724
1.6168	0.65725
1.6173	0.65721
1.6178	0.65725
1.6184	0.65721
1.6189	0.65715
1.6194	0.65720
1.6199	0.65732
1.6204	0.65724
1.6209	0.65715
1.6214	0.65708
1.6219	0.65710
1.6224	0.65722
1.6229	0.65719
1.6234	0.65719
1.6239	0.65722
1.6244	0.65713
1.6249	0.65707
1.6255	0.65705
1.626	0.65699
1.6265	0.65699
1.627	0.65697
1.6275	0.65698
1.628	0.65712
1.6285	0.65708
1.629	0.65707
1.6296	0.65718
1.6301	0.65711
1.6306	0.65702
1.6311	0.65699
1.6316	0.65689
1.6321	0.65678
1.6326	0.65678
1.6331	0.65681
1.6337	0.65687
1.6342	0.65692
1.6347	0.65693
1.6352	0.65696
1.6357	0.65689
1.6362	0.65688
1.6368	0.65693
1.6373	0.65689
1.6378	0.65683
1.6383	0.65675
1.6388	0.65679
1.6393	0.65677
1.6399	0.65676
1.6404	0.65679
1.6409	0.65675
1.6414	0.65672
1.6419	0.65676
1.6424	0.65676
1.643	0.65666
1.6435	0.65663
1.644	0.65660
1.6445	0.65656
1.6451	0.65655
1.6456	0.65665
1.6461	0.65676
1.6466	0.65671
1.6472	0.65658
1.6477	0.65657
1.6482	0.65651
1.6487	0.65643
1.6492	0.65650
1.6498	0.65653
1.6503	0.65643
1.6508	0.65646
1.6513	0.65656
1.6519	0.65659
1.6524	0.65657
1.6529	0.65658
1.6534	0.65653
1.654	0.65644
1.6545	0.65634
1.655	0.65632
1.6556	0.65639
1.6561	0.65647
1.6566	0.65651
1.6572	0.65646
1.6577	0.65636
1.6582	0.65633
1.6587	0.65634
1.6593	0.65636
1.6598	0.65638
1.6603	0.65630
1.6609	0.65618
1.6614	0.65612
1.6619	0.65621
1.6625	0.65629
1.663	0.65627
1.6635	0.65629
1.6641	0.65629
1.6646	0.65623
1.6651	0.65628
1.6657	0.65633
1.6662	0.65632
1.6667	0.65623
1.6673	0.65622
1.6678	0.65614
1.6683	0.65611
1.6689	0.65622
1.6694	0.65627
1.67	0.65626
1.6705	0.65627
1.671	0.65619
1.6716	0.65617
1.6721	0.65618
1.6727	0.65623
1.6732	0.65622
1.6737	0.65615
1.6743	0.65616
1.6748	0.65626
1.6754	0.65622
1.6759	0.65614
1.6764	0.65610
1.677	0.65609
1.6775	0.65611
1.6781	0.65605
1.6786	0.65600
1.6792	0.65606
1.6797	0.65611
1.6802	0.65607
1.6808	0.65617
1.6813	0.65618
1.6819	0.65608
1.6824	0.65595
1.683	0.65591
1.6835	0.65608
1.6841	0.65610
1.6846	0.65604
1.6852	0.65598
1.6857	0.65598
1.6863	0.65606
1.6868	0.65600
1.6873	0.65587
1.6879	0.65590
1.6884	0.65596
1.689	0.65593
1.6896	0.65589
1.6901	0.65588
1.6907	0.65584
1.6912	0.65583
1.6918	0.65586
1.6923	0.65588
1.6929	0.65594
1.6934	0.65599
1.694	0.65586
1.6945	0.65576
1.6951	0.65567
1.6956	0.65565
1.6962	0.65565
1.6967	0.65571
1.6973	0.65572
1.6978	0.65573
1.6984	0.65566
1.699	0.65564
1.6995	0.65570
1.7001	0.65566
1.7006	0.65565
1.7012	0.65567
1.7018	0.65561
1.7023	0.65558
1.7029	0.65559
1.7034	0.65567
1.704	0.65561
1.7046	0.65551
1.7051	0.65545
1.7057	0.65549
1.7062	0.65544
1.7068	0.65535
1.7074	0.65538
1.7079	0.65546
1.7085	0.65551
1.709	0.65549
1.7096	0.65549
1.7102	0.65545
1.7107	0.65535
1.7113	0.65536
1.7119	0.65548
1.7124	0.65543
1.713	0.65538
1.7136	0.65547
1.7141	0.65551
1.7147	0.65538
1.7153	0.65533
1.7158	0.65530
1.7164	0.65525
1.717	0.65526
1.7175	0.65524
1.7181	0.65531
1.7187	0.65527
1.7192	0.65517
1.7198	0.65523
1.7204	0.65524
1.721	0.65524
1.7215	0.65523
1.7221	0.65514
1.7227	0.65510
1.7232	0.65520
1.7238	0.65528
1.7244	0.65518
1.725	0.65509
1.7255	0.65504
1.7261	0.65509
1.7267	0.65522
1.7273	0.65523
1.7278	0.65516
1.7284	0.65499
1.729	0.65500
1.7296	0.65510
1.7301	0.65509
1.7307	0.65498
1.7313	0.65492
1.7319	0.65495
1.7325	0.65493
1.733	0.65484
1.7336	0.65489
1.7342	0.65504
1.7348	0.65505
1.7354	0.65494
1.7359	0.65487
1.7365	0.65491
1.7371	0.65504
1.7377	0.65496
1.7383	0.65488
1.7388	0.65483
1.7394	0.65481
1.74	0.65470
1.7406	0.65468
1.7412	0.65479
1.7418	0.65487
1.7423	0.65487
1.7429	0.65487
1.7435	0.65481
1.7441	0.65468
1.7447	0.65466
1.7453	0.65473
1.7459	0.65474
1.7465	0.65468
1.7471	0.65468
1.7476	0.65465
1.7482	0.65460
1.7488	0.65473
1.7494	0.65486
1.75	0.65472
1.7506	0.65460
1.7512	0.65449
1.7518	0.65446
1.7524	0.65454
1.753	0.65458
1.7536	0.65465
1.7541	0.65458
1.7547	0.65453
1.7553	0.65459
1.7559	0.65460
1.7565	0.65456
1.7571	0.65452
1.7577	0.65445
1.7583	0.65451
1.7589	0.65451
1.7595	0.65449
1.7601	0.65447
1.7607	0.65441
1.7613	0.65437
1.7619	0.65435
1.7625	0.65426
1.7631	0.65423
1.7637	0.65419
1.7643	0.65422
1.7649	0.65427
1.7655	0.65424
1.7661	0.65429
1.7667	0.65431
1.7673	0.65423
1.7679	0.65411
1.7685	0.65406
1.7691	0.65413
1.7697	0.65424
1.7703	0.65433
1.7709	0.65426
1.7715	0.65411
1.7721	0.65404
1.7727	0.65400
1.7733	0.65403
1.7739	0.65419
1.7746	0.65422
1.7752	0.65405
1.7758	0.65397
1.7764	0.65389
1.777	0.65385
1.7776	0.65393
1.7782	0.65395
1.7788	0.65393
1.7794	0.65395
1.78	0.65392
1.7807	0.65392
1.7813	0.65387
1.7819	0.65378
1.7825	0.65375
1.7831	0.65386
1.7837	0.65395
1.7843	0.65383
1.7849	0.65382
1.7856	0.65384
1.7862	0.65383
1.7868	0.65380
1.7874	0.65382
1.788	0.65384
1.7886	0.65380
1.7893	0.65368
1.7899	0.65364
1.7905	0.65370
1.7911	0.65371
1.7917	0.65373
1.7923	0.65373
1.793	0.65370
1.7936	0.65362
1.7942	0.65357
1.7948	0.65368
1.7954	0.65368
1.7961	0.65360
1.7967	0.65358
1.7973	0.65362
1.7979	0.65361
1.7986	0.65357
1.7992	0.65351
1.7998	0.65342
1.8004	0.65356
1.8011	0.65365
1.8017	0.65360
1.8023	0.65359
1.8029	0.65357
1.8036	0.65353
1.8042	0.65359
1.8048	0.65356
1.8054	0.65345
1.8061	0.65347
1.8067	0.65352
1.8073	0.65348
1.808	0.65341
1.8086	0.65348
1.8092	0.65350
1.8099	0.65345
1.8105	0.65344
1.8111	0.65345
1.8118	0.65342
1.8124	0.65343
1.813	0.65352
1.8137	0.65342
1.8143	0.65335
1.8149	0.65332
1.8156	0.65330
1.8162	0.65328
1.8168	0.65327
1.8175	0.65328
1.8181	0.65328
1.8188	0.65321
1.8194	0.65325
1.82	0.65323
1.8207	0.65318
1.8213	0.65325
1.8219	0.65325
1.8226	0.65314
1.8232	0.65308
1.8239	0.65317
1.8245	0.65325
1.8252	0.65316
1.8258	0.65314
1.8264	0.65323
1.8271	0.65321
1.8277	0.65306
1.8284	0.65304
1.829	0.65304
1.8297	0.65304
1.8303	0.65304
1.831	0.65307
1.8316	0.65311
1.8323	0.65309
1.8329	0.65311
1.8336	0.65311
1.8342	0.65309
1.8348	0.65301
1.8355	0.65295
1.8361	0.65297
1.8368	0.65292
1.8374	0.65292
1.8381	0.65289
1.8388	0.65278
1.8394	0.65271
1.8401	0.65274
1.8407	0.65285
1.8414	0.65288
1.842	0.65282
1.8427	0.65268
1.8433	0.65265
1.844	0.65278
1.8446	0.65275
1.8453	0.65263
1.8459	0.65266
1.8466	0.65269
1.8473	0.65275
1.8479	0.65275
1.8486	0.65269
1.8492	0.65266
1.8499	0.65264
1.8506	0.65265
1.8512	0.65264
1.8519	0.65259
1.8526	0.65248
1.8532	0.65250
1.8539	0.65256
1.8545	0.65242
1.8552	0.65238
1.8559	0.65244
1.8565	0.65238
1.8572	0.65240
1.8579	0.65240
1.8585	0.65235
1.8592	0.65228
1.8599	0.65229
1.8605	0.65231
1.8612	0.65225
1.8619	0.65221
1.8625	0.65223
1.8632	0.65211
1.8639	0.65199
1.8645	0.65200
1.8652	0.65205
1.8659	0.65195
1.8666	0.65176
1.8672	0.65170
1.8679	0.65171
1.8686	0.65175
1.8692	0.65166
1.8699	0.65147
1.8706	0.65138
1.8713	0.65124
1.8719	0.65117
1.8726	0.65125
1.8733	0.65116
1.874	0.65093
1.8747	0.65085
1.8753	0.65080
1.876	0.65066
1.8767	0.65045
1.8774	0.65030
1.878	0.65030
1.8787	0.65032
1.8794	0.65023
1.8801	0.64999
1.8808	0.64972
1.8814	0.64954
1.8821	0.64941
1.8828	0.64921
1.8835	0.64899
1.8842	0.64881
1.8849	0.64856
1.8856	0.64829
1.8862	0.64800
1.8869	0.64778
1.8876	0.64764
1.8883	0.64735
1.889	0.64705
1.8897	0.64680
1.8904	0.64651
1.8911	0.64617
1.8918	0.64591
1.8924	0.64561
1.8931	0.64527
1.8938	0.64489
1.8945	0.64459
1.8952	0.64430
1.8959	0.64404
1.8966	0.64372
1.8973	0.64343
1.898	0.64317
1.8987	0.64280
1.8994	0.64246
1.9001	0.64221
1.9008	0.64194
1.9015	0.64157
1.9022	0.64122
1.9029	0.64099
1.9036	0.64073
1.9043	0.64049
1.905	0.64020
1.9057	0.63990
1.9064	0.63977
1.9071	0.63961
1.9078	0.63939
1.9085	0.63918
1.9092	0.63896
1.9099	0.63883
1.9106	0.63868
1.9113	0.63855
1.912	0.63847
1.9127	0.63841
1.9134	0.63833
1.9141	0.63820
1.9148	0.63797
1.9155	0.63781
1.9162	0.63775
1.9169	0.63770
1.9176	0.63758
1.9183	0.63747
1.9191	0.63742
1.9198	0.63738
1.9205	0.63729
1.9212	0.63721
1.9219	0.63724
1.9226	0.63731
1.9233	0.63735
1.924	0.63731
1.9248	0.63733
1.9255	0.63734
1.9262	0.63723
1.9269	0.63718
1.9276	0.63719
1.9283	0.63725
1.9291	0.63728
1.9298	0.63723
1.9305	0.63711
1.9312	0.63722
1.9319	0.63737
1.9327	0.63737
1.9334	0.63736
1.9341	0.63736
1.9348	0.63736
1.9355	0.63728
1.9363	0.63728
1.937	0.63737
1.9377	0.63742
1.9384	0.63747
1.9392	0.63749
1.9399	0.63748
1.9406	0.63755
1.9413	0.63761
1.9421	0.63767
1.9428	0.63773
1.9435	0.63782
1.9442	0.63783
1.945	0.63779
1.9457	0.63780
1.9464	0.63797
1.9472	0.63805
1.9479	0.63808
1.9486	0.63818
1.9494	0.63834
1.9501	0.63843
1.9508	0.63834
1.9516	0.63836
1.9523	0.63845
1.953	0.63855
1.9538	0.63864
1.9545	0.63867
1.9552	0.63881
1.956	0.63891
1.9567	0.63887
1.9575	0.63888
1.9582	0.63904
1.9589	0.63914
1.9597	0.63923
1.9604	0.63932
1.9612	0.63936
1.9619	0.63944
1.9626	0.63954
1.9634	0.63960
1.9641	0.63965
1.9649	0.63965
1.9656	0.63970
1.9664	0.63987
1.9671	0.64000
1.9679	0.64000
1.9686	0.63997
1.9693	0.64004
1.9701	0.64016
1.9708	0.64018
1.9716	0.64019
1.9723	0.64032
1.9731	0.64039
1.9738	0.64049
1.9746	0.64058
1.9753	0.64071
1.9761	0.64078
1.9769	0.64071
1.9776	0.64077
1.9784	0.64097
1.9791	0.64108
1.9799	0.64108
1.9806	0.64111
1.9814	0.64123
1.9822	0.64128
1.9829	0.64135
1.9837	0.64149
1.9844	0.64157
1.9852	0.64157
1.9859	0.64165
1.9867	0.64177
1.9875	0.64182
1.9882	0.64183
1.989	0.64193
1.9898	0.64202
1.9905	0.64206
1.9913	0.64212
1.9921	0.64218
1.9928	0.64220
1.9936	0.64216
1.9943	0.64218
1.9951	0.64231
1.9959	0.64246
1.9967	0.64245
1.9974	0.64249
1.9982	0.64258
1.999	0.64262
1.9997	0.64265
2.0005	0.64272
2.0013	0.64284
2.0021	0.64296
2.0028	0.64299
2.0036	0.64307
2.0044	0.64314
2.0052	0.64321
2.0059	0.64324
2.0067	0.64328
2.0075	0.64334
2.0083	0.64331
2.009	0.64326
2.0098	0.64340
2.0106	0.64348
2.0114	0.64350
2.0122	0.64359
2.0129	0.64362
2.0137	0.64364
2.0145	0.64367
2.0153	0.64379
2.0161	0.64394
2.0168	0.64394
2.0176	0.64396
2.0184	0.64401
2.0192	0.64399
2.02	0.64404
2.0208	0.64409
2.0216	0.64407
2.0223	0.64413
2.0231	0.64420
2.0239	0.64424
2.0247	0.64425
2.0255	0.64432
2.0263	0.64440
2.0271	0.64450
2.0279	0.64454
2.0287	0.64446
2.0295	0.64461
2.0303	0.64481
2.0311	0.64478
2.0319	0.64467
2.0327	0.64471
2.0335	0.64476
2.0343	0.64477
2.0351	0.64480
2.0358	0.64475
2.0367	0.64476
2.0374	0.64486
2.0383	0.64498
2.0391	0.64496
2.0399	0.64489
2.0407	0.64493
2.0415	0.64506
2.0423	0.64506
2.0431	0.64501
2.0439	0.64506
2.0447	0.64506
2.0455	0.64513
2.0463	0.64517
2.0471	0.64524
2.0479	0.64532
2.0487	0.64531
2.0495	0.64535
2.0504	0.64538
2.0512	0.64535
2.052	0.64525
2.0528	0.64530
2.0536	0.64528
2.0544	0.64519
2.0552	0.64532
2.056	0.64541
2.0569	0.64544
2.0577	0.64544
2.0585	0.64543
2.0593	0.64549
2.0601	0.64551
2.0609	0.64546
2.0618	0.64540
2.0626	0.64545
2.0634	0.64558
2.0642	0.64558
2.0651	0.64559
2.0659	0.64562
2.0667	0.64561
2.0675	0.64556
2.0683	0.64559
2.0692	0.64557
2.07	0.64551
2.0708	0.64552
2.0716	0.64547
2.0725	0.64544
2.0733	0.64553
2.0741	0.64564
2.075	0.64568
2.0758	0.64555
2.0766	0.64545
2.0775	0.64552
2.0783	0.64557
2.0791	0.64553
2.08	0.64556
2.0808	0.64558
2.0816	0.64553
2.0825	0.64546
2.0833	0.64542
2.0841	0.64550
2.085	0.64552
2.0858	0.64547
2.0866	0.64549
2.0875	0.64541
2.0883	0.64531
2.0892	0.64530
2.09	0.64531
2.0909	0.64528
2.0917	0.64530
2.0926	0.64531
2.0934	0.64540
2.0942	0.64552
2.0951	0.64560
2.0959	0.64555
2.0968	0.64536
2.0976	0.64533
2.0985	0.64543
2.0993	0.64541
2.1002	0.64531
2.101	0.64534
2.1019	0.64536
2.1027	0.64531
2.1036	0.64526
2.1044	0.64528
2.1053	0.64536
2.1061	0.64537
2.107	0.64531
2.1079	0.64526
2.1087	0.64516
2.1096	0.64500
2.1104	0.64497
2.1113	0.64509
2.1121	0.64503
2.113	0.64492
2.1139	0.64491
2.1147	0.64495
2.1156	0.64490
2.1165	0.64482
2.1173	0.64484
2.1182	0.64484
2.1191	0.64486
2.1199	0.64489
2.1208	0.64493
2.1217	0.64491
2.1225	0.64485
2.1234	0.64472
2.1243	0.64463
2.1251	0.64462
2.126	0.64470
2.1269	0.64474
2.1278	0.64467
2.1286	0.64462
2.1295	0.64460
2.1304	0.64457
2.1313	0.64443
2.1321	0.64438
2.133	0.64439
2.1339	0.64430
2.1348	0.64423
2.1356	0.64421
2.1365	0.64418
2.1374	0.64408
2.1383	0.64395
2.1392	0.64388
2.1401	0.64384
2.1409	0.64378
2.1418	0.64367
2.1427	0.64357
2.1436	0.64347
2.1445	0.64330
2.1454	0.64312
2.1463	0.64295
2.1471	0.64280
2.148	0.64261
2.1489	0.64247
2.1498	0.64232
2.1507	0.64207
2.1516	0.64185
2.1525	0.64164
2.1534	0.64147
2.1543	0.64144
2.1552	0.64127
2.1561	0.64093
2.157	0.64078
2.1579	0.64067
2.1588	0.64044
2.1597	0.64021
2.1606	0.63997
2.1615	0.63979
2.1624	0.63977
2.1633	0.63975
2.1642	0.63951
2.1651	0.63934
2.166	0.63939
2.1669	0.63935
2.1678	0.63921
2.1687	0.63910
2.1696	0.63904
2.1705	0.63897
2.1714	0.63877
2.1723	0.63864
2.1732	0.63857
2.1741	0.63846
2.1751	0.63834
2.176	0.63817
2.1769	0.63810
2.1778	0.63794
2.1787	0.63781
2.1796	0.63769
2.1806	0.63758
2.1815	0.63740
2.1824	0.63720
2.1833	0.63702
2.1842	0.63676
2.1851	0.63653
2.1861	0.63639
2.187	0.63623
2.1879	0.63597
2.1888	0.63570
2.1898	0.63546
2.1907	0.63524
2.1916	0.63508
2.1925	0.63486
2.1935	0.63459
2.1944	0.63447
2.1953	0.63443
2.1963	0.63436
2.1972	0.63417
2.1981	0.63399
2.1991	0.63382
2.2	0.63365
2.2009	0.63347
2.2019	0.63315
2.2028	0.63271
2.2037	0.63222
2.2047	0.63179
2.2056	0.63122
2.2065	0.63057
2.2075	0.63009
2.2084	0.62990
2.2094	0.62998
2.2103	0.63054
2.2112	0.63157
2.2122	0.63261
2.2131	0.63356
2.2141	0.63438
2.215	0.63494
2.216	0.63544
2.2169	0.63600
2.2179	0.63643
2.2188	0.63671
2.2198	0.63690
2.2207	0.63715
2.2217	0.63732
2.2226	0.63746
2.2236	0.63765
2.2245	0.63777
2.2255	0.63787
2.2264	0.63795
2.2274	0.63806
2.2284	0.63824
2.2293	0.63835
2.2303	0.63832
2.2312	0.63840
2.2322	0.63848
2.2331	0.63850
2.2341	0.63851
2.2351	0.63852
2.236	0.63851
2.237	0.63859
2.238	0.63864
2.2389	0.63855
2.2399	0.63852
2.2409	0.63858
2.2418	0.63853
2.2428	0.63850
2.2438	0.63857
2.2448	0.63860
2.2457	0.63866
2.2467	0.63864
2.2477	0.63847
2.2486	0.63837
2.2496	0.63833
2.2506	0.63836
2.2516	0.63835
2.2526	0.63833
2.2535	0.63836
2.2545	0.63845
2.2555	0.63849
2.2565	0.63834
2.2575	0.63825
2.2584	0.63822
2.2594	0.63818
2.2604	0.63816
2.2614	0.63819
2.2624	0.63824
2.2634	0.63830
2.2644	0.63835
2.2654	0.63818
2.2663	0.63804
2.2673	0.63797
2.2683	0.63792
2.2693	0.63790
2.2703	0.63790
2.2713	0.63789
2.2723	0.63786
2.2733	0.63778
2.2743	0.63774
2.2753	0.63767
2.2763	0.63760
2.2773	0.63759
2.2783	0.63747
2.2793	0.63739
2.2803	0.63736
2.2813	0.63730
2.2823	0.63729
2.2833	0.63723
2.2843	0.63710
2.2853	0.63703
2.2863	0.63698
2.2873	0.63682
2.2883	0.63668
2.2894	0.63667
2.2904	0.63662
2.2914	0.63660
2.2924	0.63651
2.2934	0.63634
2.2944	0.63636
2.2954	0.63634
2.2964	0.63621
2.2975	0.63605
2.2985	0.63585
2.2995	0.63577
2.3005	0.63571
2.3016	0.63555
2.3026	0.63550
2.3036	0.63545
2.3046	0.63534
2.3056	0.63521
2.3067	0.63507
2.3077	0.63494
2.3087	0.63479
2.3098	0.63464
2.3108	0.63458
2.3118	0.63448
2.3128	0.63443
2.3139	0.63437
2.3149	0.63425
2.3159	0.63422
2.317	0.63416
2.318	0.63394
2.3191	0.63384
2.3201	0.63369
2.3211	0.63355
2.3222	0.63350
2.3232	0.63347
2.3243	0.63340
2.3253	0.63329
2.3263	0.63319
2.3274	0.63315
2.3284	0.63301
2.3295	0.63291
2.3305	0.63290
2.3316	0.63283
2.3326	0.63274
2.3337	0.63268
2.3347	0.63257
2.3358	0.63239
2.3368	0.63220
2.3379	0.63212
2.3389	0.63211
2.34	0.63193
2.341	0.63174
2.3421	0.63162
2.3431	0.63150
2.3442	0.63133
2.3453	0.63115
2.3463	0.63096
2.3474	0.63079
2.3485	0.63057
2.3495	0.63044
2.3506	0.63042
2.3517	0.63040
2.3527	0.63028
2.3538	0.63019
2.3549	0.63011
2.3559	0.62999
2.357	0.62992
2.3581	0.62988
2.3591	0.62983
2.3602	0.62972
2.3613	0.62972
2.3624	0.62974
2.3634	0.62986
2.3645	0.62978
2.3656	0.62966
2.3667	0.62959
2.3678	0.62942
2.3689	0.62927
2.3699	0.62921
2.371	0.62916
2.3721	0.62903
2.3732	0.62886
2.3743	0.62870
2.3754	0.62852
2.3764	0.62825
2.3775	0.62809
2.3786	0.62795
2.3797	0.62776
2.3808	0.62761
2.3819	0.62744
2.383	0.62725
2.3841	0.62715
2.3852	0.62719
2.3863	0.62716
2.3874	0.62701
2.3885	0.62698
2.3896	0.62715
2.3907	0.62718
2.3918	0.62703
2.3929	0.62689
2.394	0.62686
2.3951	0.62685
2.3962	0.62688
2.3973	0.62685
2.3984	0.62680
2.3995	0.62672
2.4006	0.62665
2.4018	0.62659
2.4029	0.62654
2.404	0.62654
2.4051	0.62650
2.4062	0.62634
2.4073	0.62618
2.4085	0.62608
2.4096	0.62596
2.4107	0.62582
2.4118	0.62573
2.4129	0.62568
2.4141	0.62546
2.4152	0.62522
2.4163	0.62514
2.4174	0.62499
2.4186	0.62476
2.4197	0.62462
2.4208	0.62444
2.422	0.62422
2.4231	0.62410
2.4242	0.62392
2.4254	0.62372
2.4265	0.62350
2.4276	0.62334
2.4288	0.62315
2.4299	0.62291
2.4311	0.62271
2.4322	0.62247
2.4333	0.62224
2.4345	0.62209
2.4356	0.62184
2.4368	0.62157
2.4379	0.62145
2.4391	0.62132
2.4402	0.62099
2.4414	0.62073
2.4425	0.62063
2.4436	0.62063
2.4448	0.62055
2.4459	0.62043
2.4471	0.62025
2.4483	0.62004
2.4494	0.61994
2.4506	0.61990
2.4517	0.61985
2.4529	0.61967
2.4541	0.61946
2.4552	0.61939
2.4564	0.61932
2.4576	0.61923
2.4587	0.61915
2.4599	0.61909
2.4611	0.61903
2.4622	0.61895
2.4634	0.61881
2.4646	0.61863
2.4657	0.61847
2.4669	0.61842
2.4681	0.61824
2.4693	0.61807
2.4704	0.61793
2.4716	0.61774
2.4728	0.61756
2.474	0.61739
2.4751	0.61737
2.4763	0.61726
2.4775	0.61709
2.4787	0.61676
2.4799	0.61647
2.4811	0.61633
2.4823	0.61609
2.4834	0.61585
2.4846	0.61564
2.4858	0.61544
2.487	0.61527
2.4882	0.61514
2.4894	0.61496
2.4906	0.61484
2.4918	0.61470
2.493	0.61451
2.4942	0.61433
2.4954	0.61430
2.4966	0.61426
2.4978	0.61410
2.499	0.61396
2.5002	0.61384
2.5014	0.61366
2.5026	0.61354
2.5038	0.61347
2.505	0.61332
2.5063	0.61317
2.5075	0.61310
2.5087	0.61303
2.5099	0.61290
2.5111	0.61276
2.5123	0.61273
2.5135	0.61271
2.5148	0.61265
2.516	0.61255
2.5172	0.61242
2.5184	0.61228
2.5196	0.61214
2.5209	0.61205
2.5221	0.61200
2.5233	0.61195
2.5246	0.61188
2.5258	0.61182
2.527	0.61173
2.5282	0.61153
2.5295	0.61137
2.5307	0.61124
2.5319	0.61112
2.5332	0.61103
2.5344	0.61097
2.5357	0.61091
2.5369	0.61074
2.5381	0.61057
2.5394	0.61045
2.5406	0.61023
2.5419	0.61003
2.5431	0.60990
2.5444	0.60975
2.5456	0.60956
2.5469	0.60944
2.5481	0.60945
2.5494	0.60932
2.5506	0.60904
2.5519	0.60885
2.5531	0.60885
2.5544	0.60874
2.5556	0.60860
2.5569	0.60843
2.5582	0.60809
2.5594	0.60788
2.5607	0.60783
2.562	0.60762
2.5632	0.60727
2.5645	0.60695
2.5658	0.60667
2.567	0.60649
2.5683	0.60638
2.5696	0.60617
2.5709	0.60584
2.5721	0.60558
2.5734	0.60539
2.5747	0.60511
2.576	0.60497
2.5773	0.60483
2.5785	0.60463
2.5798	0.60458
2.5811	0.60459
2.5824	0.60449
2.5837	0.60443
2.585	0.60419
2.5862	0.60399
2.5875	0.60385
2.5888	0.60365
2.5901	0.60346
2.5914	0.60327
2.5927	0.60321
2.594	0.60329
2.5953	0.60318
2.5966	0.60262
2.5979	0.60235
2.5992	0.60241
2.6005	0.60226
2.6018	0.60183
2.6031	0.60161
2.6044	0.60156
2.6057	0.60135
2.6071	0.60097
2.6084	0.60067
2.6097	0.60049
2.611	0.60015
2.6123	0.59985
2.6136	0.59969
2.6149	0.59942
2.6163	0.59916
2.6176	0.59880
2.6189	0.59852
2.6202	0.59839
2.6216	0.59804
2.6229	0.59765
2.6242	0.59726
2.6255	0.59696
2.6269	0.59664
2.6282	0.59605
2.6295	0.59568
2.6309	0.59528
2.6322	0.59471
2.6335	0.59420
2.6349	0.59368
2.6362	0.59315
2.6376	0.59262
2.6389	0.59208
2.6402	0.59143
2.6416	0.59072
2.6429	0.59019
2.6443	0.58973
2.6456	0.58913
2.647	0.58829
2.6483	0.58745
2.6497	0.58646
2.651	0.58559
2.6524	0.58477
2.6538	0.58378
2.6551	0.58270
2.6565	0.58162
2.6578	0.58046
2.6592	0.57918
2.6606	0.57784
2.6619	0.57631
2.6633	0.57460
2.6647	0.57296
2.666	0.57111
2.6674	0.56894
2.6688	0.56645
2.6701	0.56398
2.6715	0.56085
2.6729	0.55734
2.6743	0.55416
2.6756	0.55094
2.677	0.54718
2.6784	0.54313
2.6798	0.53854
2.6812	0.53324
2.6826	0.52731
2.684	0.52061
2.6854	0.51272
2.6868	0.50333
2.6881	0.49224
2.6895	0.47937
2.6909	0.46474
2.6923	0.44894
2.6937	0.43244
2.6951	0.41560
2.6965	0.39901
2.6979	0.38269
2.6993	0.36684
2.7007	0.35212
2.7021	0.33969
2.7036	0.33078
2.705	0.32640
2.7064	0.32671
2.7078	0.33037
2.7092	0.33593
2.7106	0.34164
2.712	0.34637
2.7135	0.34989
2.7149	0.35219
2.7163	0.35307
2.7177	0.35241
2.7191	0.35026
2.7206	0.34659
2.722	0.34158
2.7234	0.33628
2.7249	0.33135
2.7263	0.32730
2.7277	0.32432
2.7292	0.32184
2.7306	0.31913
2.732	0.31586
2.7335	0.31219
2.7349	0.30859
2.7364	0.30521
2.7378	0.30276
2.7393	0.30155
2.7407	0.30139
2.7422	0.30166
2.7436	0.30188
2.7451	0.30185
2.7465	0.30126
2.748	0.29999
2.7494	0.29798
2.7509	0.29527
2.7523	0.29190
2.7538	0.28768
2.7553	0.28302
2.7567	0.27804
2.7582	0.27246
2.7597	0.26592
2.7611	0.25977
2.7626	0.25887
2.7641	0.26664
2.7656	0.27778
2.767	0.28658
2.7685	0.29272
2.77	0.29719
2.7715	0.30065
2.7729	0.30333
2.7744	0.30530
2.7759	0.30673
2.7774	0.30766
2.7789	0.30804
2.7804	0.30817
2.7819	0.30903
2.7834	0.31070
2.7849	0.31204
2.7864	0.31282
2.7879	0.31332
2.7894	0.31368
2.7909	0.31394
2.7924	0.31423
2.7939	0.31456
2.7954	0.31459
2.7969	0.31442
2.7984	0.31423
2.7999	0.31402
2.8014	0.31369
2.8029	0.31311
2.8044	0.31251
2.806	0.31182
2.8075	0.31106
2.809	0.31028
2.8105	0.30950
2.8121	0.30863
2.8136	0.30769
2.8151	0.30687
2.8166	0.30594
2.8182	0.30493
2.8197	0.30399
2.8212	0.30298
2.8228	0.30185
2.8243	0.30080
2.8258	0.29971
2.8274	0.29865
2.8289	0.29753
2.8305	0.29626
2.832	0.29484
2.8336	0.29350
2.8351	0.29255
2.8367	0.29222
2.8382	0.29197
2.8398	0.29162
2.8413	0.29121
2.8429	0.29070
2.8444	0.29022
2.846	0.28971
2.8476	0.28909
2.8491	0.28844
2.8507	0.28786
2.8523	0.28728
2.8538	0.28674
2.8554	0.28619
2.857	0.28550
2.8586	0.28462
2.8601	0.28370
2.8617	0.28264
2.8633	0.28152
2.8649	0.28036
2.8664	0.27908
2.868	0.27768
2.8696	0.27629
2.8712	0.27512
2.8728	0.27443
2.8744	0.27404
2.876	0.27347
2.8776	0.27275
2.8792	0.27184
2.8808	0.27091
2.8824	0.27028
2.884	0.26991
2.8856	0.26951
2.8872	0.26898
2.8888	0.26834
2.8904	0.26768
2.892	0.26709
2.8936	0.26639
2.8953	0.26562
2.8969	0.26509
2.8985	0.26458
2.9001	0.26391
2.9017	0.26324
2.9034	0.26265
2.905	0.26205
2.9066	0.26132
2.9083	0.26059
2.9099	0.26000
2.9115	0.25937
2.9131	0.25897
2.9148	0.25886
2.9164	0.25882
2.9181	0.25874
2.9197	0.25873
2.9214	0.25880
2.923	0.25884
2.9247	0.25893
2.9263	0.25892
2.928	0.25884
2.9296	0.25863
2.9313	0.25845
2.9329	0.25827
2.9346	0.25795
2.9363	0.25756
2.9379	0.25717
2.9396	0.25677
2.9412	0.25622
2.9429	0.25569
2.9446	0.25496
2.9463	0.25387
2.9479	0.25274
2.9496	0.25149
2.9513	0.25016
2.953	0.24895
2.9546	0.24786
2.9563	0.24680
2.958	0.24604
2.9597	0.24593
2.9614	0.24651
2.9631	0.24780
2.9648	0.24968
2.9665	0.25184
2.9682	0.25422
2.9699	0.25671
2.9716	0.25903
2.9733	0.26120
2.975	0.26319
2.9767	0.26477
2.9784	0.26609
2.9801	0.26742
2.9818	0.26854
2.9836	0.26962
2.9853	0.27057
2.987	0.27128
2.9887	0.27187
2.9904	0.27241
2.9922	0.27291
2.9939	0.27332
2.9956	0.27378
2.9974	0.27420
2.9991	0.27449
3.0008	0.27471
3.0026	0.27474
3.0043	0.27471
3.006	0.27476
3.0078	0.27501
3.0095	0.27529
3.0113	0.27537
3.013	0.27549
3.0148	0.27584
3.0165	0.27629
3.0183	0.27686
3.02	0.27734
3.0218	0.27766
3.0236	0.27815
3.0253	0.27886
3.0271	0.27946
3.0289	0.28019
3.0306	0.28103
3.0324	0.28157
3.0342	0.28220
3.036	0.28304
3.0377	0.28383
3.0395	0.28459
3.0413	0.28534
3.0431	0.28605
3.0449	0.28678
3.0467	0.28770
3.0484	0.28868
3.0502	0.28951
3.052	0.29021
3.0538	0.29093
3.0556	0.29168
3.0574	0.29233
3.0592	0.29302
3.0611	0.29376
3.0629	0.29451
3.0647	0.29509
3.0665	0.29554
3.0683	0.29618
3.0701	0.29691
3.0719	0.29752
3.0738	0.29817
3.0756	0.29879
3.0774	0.29921
3.0792	0.29980
3.0811	0.30048
3.0829	0.30105
3.0847	0.30168
3.0866	0.30240
3.0884	0.30301
3.0902	0.30362
3.0921	0.30429
3.0939	0.30502
3.0958	0.30578
3.0976	0.30638
3.0995	0.30691
3.1013	0.30745
3.1032	0.30801
3.105	0.30862
3.1069	0.30929
3.1088	0.31003
3.1106	0.31069
3.1125	0.31134
3.1144	0.31192
3.1162	0.31236
3.1181	0.31294
3.12	0.31374
3.1219	0.31463
3.1237	0.31540
3.1256	0.31620
3.1275	0.31699
3.1294	0.31785
3.1313	0.31892
3.1332	0.32005
3.1351	0.32103
3.137	0.32216
3.1389	0.32336
3.1408	0.32458
3.1427	0.32594
3.1446	0.32732
3.1465	0.32879
3.1484	0.33019
3.1503	0.33142
3.1522	0.33259
3.1541	0.33380
3.1561	0.33506
3.158	0.33638
3.1599	0.33766
3.1618	0.33885
3.1638	0.34010
3.1657	0.34119
3.1676	0.34221
3.1696	0.34337
3.1715	0.34454
3.1734	0.34570
3.1754	0.34690
3.1773	0.34797
3.1793	0.34920
3.1812	0.35041
3.1832	0.35169
3.1851	0.35297
3.1871	0.35407
3.1891	0.35525
3.191	0.35641
3.193	0.35770
3.1949	0.35888
3.1969	0.36000
3.1989	0.36125
3.2009	0.36239
3.2029	0.36364
3.2048	0.36493
3.2068	0.36621
3.2088	0.36761
3.2108	0.36898
3.2128	0.37017
3.2148	0.37141
3.2168	0.37271
3.2188	0.37390
3.2208	0.37512
3.2228	0.37642
3.2248	0.37771
3.2268	0.37908
3.2288	0.38048
3.2308	0.38177
3.2328	0.38295
3.2348	0.38418
3.2368	0.38558
3.2389	0.38689
3.2409	0.38824
3.2429	0.38939
3.2449	0.39049
3.247	0.39169
3.249	0.39293
3.251	0.39425
3.2531	0.39560
3.2551	0.39672
3.2572	0.39790
3.2592	0.39917
3.2613	0.40028
3.2633	0.40147
3.2654	0.40283
3.2674	0.40397
3.2695	0.40512
3.2716	0.40643
3.2736	0.40763
3.2757	0.40867
3.2778	0.40979
3.2798	0.41111
3.2819	0.41242
3.284	0.41365
3.2861	0.41484
3.2881	0.41596
3.2902	0.41700
3.2923	0.41813
3.2944	0.41949
3.2965	0.42076
3.2986	0.42192
3.3007	0.42304
3.3028	0.42416
3.3049	0.42533
3.307	0.42641
3.3091	0.42755
3.3112	0.42862
3.3134	0.42954
3.3155	0.43060
3.3176	0.43165
3.3197	0.43290
3.3219	0.43416
3.324	0.43534
3.3261	0.43643
3.3283	0.43749
3.3304	0.43848
3.3325	0.43937
3.3347	0.44027
3.3368	0.44125
3.339	0.44216
3.3411	0.44301
3.3433	0.44383
3.3454	0.44464
3.3476	0.44537
3.3498	0.44609
3.3519	0.44683
3.3541	0.44739
3.3563	0.44797
3.3584	0.44870
3.3606	0.44945
3.3628	0.45005
3.365	0.45046
3.3671	0.45071
3.3693	0.45124
3.3715	0.45173
3.3737	0.45214
3.3759	0.45289
3.3781	0.45362
3.3803	0.45430
3.3825	0.45509
3.3847	0.45599
3.3869	0.45687
3.3891	0.45760
3.3914	0.45826
3.3936	0.45914
3.3958	0.45965
3.398	0.45989
3.4003	0.46029
3.4025	0.46064
3.4047	0.46075
3.407	0.46086
3.4092	0.46107
3.4114	0.46152
3.4137	0.46206
3.4159	0.46268
3.4182	0.46348
3.4204	0.46452
3.4227	0.46568
3.425	0.46704
3.4272	0.46836
3.4295	0.46966
3.4318	0.47106
3.434	0.47223
3.4363	0.47325
3.4386	0.47410
3.4409	0.47483
3.4432	0.47557
3.4454	0.47634
3.4477	0.47715
3.45	0.47803
3.4523	0.47884
3.4546	0.47965
3.4569	0.48031
3.4592	0.48063
3.4616	0.48103
3.4639	0.48159
3.4662	0.48209
3.4685	0.48260
3.4708	0.48284
3.4731	0.48278
3.4755	0.48289
3.4778	0.48316
3.4801	0.48326
3.4825	0.48322
3.4848	0.48326
3.4872	0.48307
3.4895	0.48293
3.4919	0.48294
3.4942	0.48284
3.4966	0.48275
3.4989	0.48261
3.5013	0.48246
3.5036	0.48270
3.506	0.48310
3.5084	0.48354
3.5108	0.48393
3.5131	0.48430
3.5155	0.48456
3.5179	0.48502
3.5203	0.48553
3.5227	0.48582
3.5251	0.48593
3.5275	0.48602
3.5299	0.48596
3.5323	0.48588
3.5347	0.48593
3.5371	0.48595
3.5395	0.48596
3.5419	0.48588
3.5444	0.48559
3.5468	0.48540
3.5492	0.48521
3.5516	0.48507
3.5541	0.48484
3.5565	0.48461
3.559	0.48440
3.5614	0.48401
3.5639	0.48363
3.5663	0.48341
3.5688	0.48329
3.5712	0.48300
3.5737	0.48278
3.5761	0.48241
3.5786	0.48205
3.5811	0.48190
3.5836	0.48173
3.586	0.48151
3.5885	0.48145
3.591	0.48152
3.5935	0.48144
3.596	0.48127
3.5985	0.48115
3.601	0.48120
3.6035	0.48138
3.606	0.48130
3.6085	0.48117
3.611	0.48126
3.6135	0.48144
3.616	0.48157
3.6186	0.48162
3.6211	0.48181
3.6236	0.48207
3.6262	0.48214
3.6287	0.48228
3.6312	0.48262
3.6338	0.48270
3.6363	0.48260
3.6389	0.48236
3.6414	0.48226
3.644	0.48243
3.6466	0.48214
3.6491	0.48166
3.6517	0.48141
3.6543	0.48095
3.6569	0.48043
3.6594	0.47986
3.662	0.47912
3.6646	0.47819
3.6672	0.47714
3.6698	0.47603
3.6724	0.47477
3.675	0.47333
3.6776	0.47183
3.6802	0.47022
3.6828	0.46852
3.6854	0.46674
3.6881	0.46495
3.6907	0.46320
3.6933	0.46136
3.6959	0.45940
3.6986	0.45750
3.7012	0.45561
3.7039	0.45374
3.7065	0.45188
3.7092	0.45005
3.7118	0.44835
3.7145	0.44667
3.7171	0.44513
3.7198	0.44375
3.7225	0.44244
3.7252	0.44125
3.7278	0.44025
3.7305	0.43943
3.7332	0.43874
3.7359	0.43825
3.7386	0.43795
3.7413	0.43780
3.744	0.43785
3.7467	0.43814
3.7494	0.43858
3.7521	0.43911
3.7548	0.43973
3.7576	0.44052
3.7603	0.44141
3.763	0.44240
3.7657	0.44350
3.7685	0.44465
3.7712	0.44575
3.774	0.44686
3.7767	0.44801
3.7795	0.44912
3.7822	0.45006
3.785	0.45098
3.7877	0.45185
3.7905	0.45261
3.7933	0.45319
3.7961	0.45356
3.7988	0.45386
3.8016	0.45407
3.8044	0.45410
3.8072	0.45396
3.81	0.45367
3.8128	0.45328
3.8156	0.45279
3.8184	0.45221
3.8212	0.45147
3.8241	0.45069
3.8269	0.44993
3.8297	0.44912
3.8325	0.44834
3.8354	0.44763
3.8382	0.44695
3.8411	0.44637
3.8439	0.44590
3.8468	0.44554
3.8496	0.44531
3.8525	0.44514
3.8553	0.44515
3.8582	0.44538
3.8611	0.44576
3.8639	0.44626
3.8668	0.44686
3.8697	0.44759
3.8726	0.44852
3.8755	0.44958
3.8784	0.45071
3.8813	0.45179
3.8842	0.45295
3.8871	0.45419
3.89	0.45541
3.893	0.45660
3.8959	0.45776
3.8988	0.45884
3.9017	0.45977
3.9047	0.46055
3.9076	0.46125
3.9106	0.46182
3.9135	0.46216
3.9165	0.46235
3.9194	0.46236
3.9224	0.46220
3.9254	0.46181
3.9284	0.46132
3.9313	0.46068
3.9343	0.45988
3.9373	0.45886
3.9403	0.45769
3.9433	0.45645
3.9463	0.45503
3.9493	0.45353
3.9523	0.45198
3.9553	0.45037
3.9583	0.44874
3.9614	0.44708
3.9644	0.44543
3.9674	0.44371
3.9705	0.44198
3.9735	0.44039
3.9766	0.43891
3.9796	0.43743
3.9826	0.43606
3.9857	0.43481
3.9888	0.43368
3.9919	0.43265
3.9949	0.43176
3.998	0.43100
4.0011	0.43040
4.0042	0.42987
4.0073	0.42948
4.0104	0.42924
4.0135	0.42914
4.0166	0.42915
4.0197	0.42920
4.0228	0.42941
4.0259	0.42972
4.0291	0.43011
4.0322	0.43059
4.0353	0.43104
4.0385	0.43151
4.0416	0.43195
4.0448	0.43233
4.0479	0.43264
4.0511	0.43289
4.0543	0.43299
4.0574	0.43291
4.0606	0.43268
4.0638	0.43228
4.067	0.43162
4.0702	0.43070
4.0734	0.42967
4.0766	0.42843
4.0798	0.42694
4.083	0.42522
4.0862	0.42330
4.0894	0.42128
4.0927	0.41910
4.0959	0.41671
4.0991	0.41429
4.1024	0.41192
4.1056	0.40946
4.1089	0.40698
4.1121	0.40450
4.1154	0.40197
4.1187	0.39944
4.122	0.39702
4.1252	0.39470
4.1285	0.39243
4.1318	0.39024
4.1351	0.38815
4.1384	0.38613
4.1417	0.38419
4.145	0.38229
4.1483	0.38049
4.1516	0.37870
4.155	0.37693
4.1583	0.37522
4.1616	0.37352
4.165	0.37173
4.1683	0.36991
4.1717	0.36799
4.175	0.36585
4.1784	0.36354
4.1818	0.36112
4.1852	0.35874
4.1885	0.35650
4.1919	0.35459
4.1953	0.35320
4.1987	0.35235
4.2021	0.35198
4.2055	0.35197
4.2089	0.35209
4.2124	0.35208
4.2158	0.35187
4.2192	0.35131
4.2226	0.35040
4.2261	0.34930
4.2295	0.34826
4.233	0.34757
4.2365	0.34749
4.2399	0.34792
4.2434	0.34856
4.2469	0.34903
4.2503	0.34908
4.2538	0.34845
4.2573	0.34673
4.2608	0.34370
4.2643	0.33972
4.2678	0.33616
4.2713	0.33411
4.2749	0.33295
4.2784	0.33182
4.2819	0.33059
4.2855	0.32962
4.289	0.32916
4.2926	0.32914
4.2961	0.32956
4.2997	0.33040
4.3033	0.33151
4.3068	0.33293
4.3104	0.33445
4.314	0.33584
4.3176	0.33697
4.3212	0.33765
4.3248	0.33773
4.3284	0.33725
4.332	0.33616
4.3356	0.33450
4.3393	0.33231
4.3429	0.32955
4.3465	0.32630
4.3502	0.32253
4.3538	0.31823
4.3575	0.31349
4.3611	0.30824
4.3648	0.30260
4.3685	0.29661
4.3722	0.29040
4.3759	0.28404
4.3796	0.27766
4.3833	0.27126
4.387	0.26483
4.3907	0.25855
4.3944	0.25251
4.3981	0.24678
4.4019	0.24139
4.4056	0.23634
4.4094	0.23165
4.4131	0.22734
4.4169	0.22329
4.4206	0.21937
4.4244	0.21552
4.4282	0.21184
4.432	0.20852
4.4358	0.20561
4.4396	0.20301
4.4434	0.20045
4.4472	0.19748
4.451	0.19375
4.4548	0.18939
4.4586	0.18506
4.4625	0.18155
4.4663	0.17952
4.4702	0.17922
4.474	0.18043
4.4779	0.18259
4.4818	0.18503
4.4856	0.18749
4.4895	0.19011
4.4934	0.19338
4.4973	0.19780
4.5012	0.20380
4.5051	0.21155
4.509	0.22089
4.513	0.23127
4.5169	0.24197
4.5209	0.25243
4.5248	0.26238
4.5287	0.27176
4.5327	0.28060
4.5367	0.28898
4.5406	0.29694
4.5446	0.30436
4.5486	0.31113
4.5526	0.31708
4.5566	0.32207
4.5606	0.32596
4.5646	0.32891
4.5686	0.33110
4.5727	0.33257
4.5767	0.33339
4.5808	0.33370
4.5848	0.33359
4.5889	0.33302
4.5929	0.33203
4.597	0.33068
4.6011	0.32896
4.6052	0.32685
4.6093	0.32441
4.6134	0.32154
4.6175	0.31815
4.6216	0.31418
4.6257	0.30960
4.6298	0.30431
4.634	0.29815
4.6381	0.29131
4.6423	0.28406
4.6464	0.27669
4.6506	0.26943
4.6548	0.26221
4.659	0.25466
4.6631	0.24673
4.6673	0.23848
4.6715	0.23048
4.6758	0.22372
4.68	0.21921
4.6842	0.21787
4.6884	0.22025
4.6927	0.22596
4.6969	0.23371
4.7012	0.24172
4.7055	0.24886
4.7097	0.25451
4.714	0.25857
4.7183	0.26120
4.7226	0.26262
4.7269	0.26308
4.7312	0.26286
4.7355	0.26201
4.7399	0.26070
4.7442	0.25903
4.7485	0.25695
4.7529	0.25459
4.7573	0.25197
4.7616	0.24912
4.766	0.24609
4.7704	0.24287
4.7748	0.23950
4.7792	0.23596
4.7836	0.23224
4.788	0.22837
4.7924	0.22436
4.7969	0.22017
4.8013	0.21584
4.8058	0.21137
4.8102	0.20687
4.8147	0.20231
4.8191	0.19758
4.8236	0.19275
4.8281	0.18773
4.8326	0.18246
4.8371	0.17700
4.8416	0.17132
4.8462	0.16535
4.8507	0.15900
4.8553	0.15225
4.8598	0.14513
4.8644	0.13763
4.8689	0.12968
4.8735	0.12132
4.8781	0.11253
4.8827	0.10337
4.8873	0.09406
4.8919	0.08475
4.8965	0.07572
4.9011	0.06739
4.9058	0.06008
4.9104	0.05402
4.9151	0.04921
4.9197	0.04547
4.9244	0.04265
4.9291	0.04056
4.9338	0.03896
4.9385	0.03765
4.9432	0.03642
4.9479	0.03520
4.9526	0.03394
4.9574	0.03252
4.9621	0.03102
4.9669	0.02957
4.9716	0.02829
4.9764	0.02723
4.9812	0.02643
4.986	0.02590
4.9908	0.02553
4.9956	0.02527
5.0004	0.02509
5.0052	0.02496
5.01	0.02486
5.0149	0.02477
5.0198	0.02475
5.0246	0.02480
5.0295	0.02484
5.0344	0.02487
5.0393	0.02491
5.0442	0.02497
5.0491	0.02499
5.054	0.02503
5.0589	0.02510
5.0639	0.02511
5.0688	0.02517
5.0738	0.02534
5.0788	0.02557
5.0837	0.02587
5.0887	0.02629
5.0937	0.02672
5.0987	0.02711
5.1037	0.02747
5.1088	0.02770
5.1138	0.02781
5.1189	0.02784
5.1239	0.02785
5.129	0.02787
5.1341	0.02795
5.1391	0.02807
5.1443	0.02823
5.1494	0.02839
5.1545	0.02857
5.1596	0.02874
5.1647	0.02892
5.1699	0.02903
5.175	0.02915
5.1802	0.02932
5.1854	0.02948
5.1906	0.02949
5.1958	0.02942
5.201	0.02923
5.2062	0.02876
5.2115	0.02809
5.2167	0.02725
5.222	0.02626
5.2272	0.02524
5.2325	0.02428
5.2378	0.02348
5.2431	0.02278
5.2484	0.02214
5.2537	0.02167
5.259	0.02136
5.2644	0.02109
5.2697	0.02084
5.2751	0.02069
5.2805	0.02060
5.2858	0.02049
5.2912	0.02039
5.2966	0.02035
5.302	0.02032
5.3075	0.02028
5.3129	0.02027
5.3184	0.02030
5.3238	0.02029
5.3293	0.02028
5.3348	0.02035
5.3403	0.02041
5.3458	0.02045
5.3513	0.02050
5.3568	0.02058
5.3624	0.02066
5.3679	0.02078
5.3735	0.02092
5.379	0.02109
5.3846	0.02136
5.3902	0.02171
5.3958	0.02215
5.4015	0.02273
5.4071	0.02340
5.4127	0.02419
5.4184	0.02515
5.4241	0.02618
5.4297	0.02721
5.4354	0.02815
5.4411	0.02892
5.4469	0.02942
5.4526	0.02965
5.4583	0.02963
5.4641	0.02934
5.4698	0.02893
5.4756	0.02840
5.4814	0.02774
5.4872	0.02713
5.493	0.02650
5.4988	0.02586
5.5047	0.02525
5.5105	0.02467
5.5164	0.02409
5.5223	0.02357
5.5281	0.02308
5.534	0.02268
5.54	0.02238
5.5459	0.02217
5.5518	0.02198
5.5578	0.02178
5.5637	0.02159
5.5697	0.02151
5.5757	0.02152
5.5817	0.02152
5.5877	0.02154
5.5937	0.02160
5.5998	0.02170
5.6058	0.02189
5.6119	0.02210
5.618	0.02234
5.6241	0.02268
5.6302	0.02314
5.6363	0.02388
5.6424	0.02489
5.6486	0.02618
5.6547	0.02779
5.6609	0.02968
5.6671	0.03174
5.6733	0.03390
5.6795	0.03604
5.6857	0.03796
5.692	0.03949
5.6982	0.04069
5.7045	0.04156
5.7108	0.04207
5.7171	0.04220
5.7234	0.04196
5.7297	0.04144
5.736	0.04081
5.7424	0.04002
5.7488	0.03921
5.7551	0.03836
5.7615	0.03750
5.768	0.03658
5.7744	0.03559
5.7808	0.03467
5.7873	0.03374
5.7937	0.03280
5.8002	0.03189
5.8067	0.03096
5.8132	0.03004
5.8198	0.02913
5.8263	0.02819
5.8328	0.02731
5.8394	0.02648
5.846	0.02565
5.8526	0.02487
5.8592	0.02412
5.8658	0.02339
5.8725	0.02274
5.8791	0.02212
5.8858	0.02143
5.8925	0.02084
5.8992	0.02034
5.9059	0.01985
5.9126	0.01941
5.9194	0.01907
5.9262	0.01884
5.9329	0.01869
5.9397	0.01856
5.9465	0.01846
5.9534	0.01852
5.9602	0.01867
5.9671	0.01884
5.974	0.01905
5.9808	0.01928
5.9878	0.01952
5.9947	0.01982
6.0016	0.02012
6.0086	0.02040
6.0155	0.02060
6.0225	0.02072
6.0295	0.02081
6.0365	0.02083
6.0436	0.02080
6.0506	0.02080
6.0577	0.02075
6.0648	0.02065
6.0719	0.02050
6.079	0.02026
6.0861	0.01987
6.0933	0.01941
6.1005	0.01894
6.1076	0.01852
6.1149	0.01804
6.1221	0.01754
6.1293	0.01708
6.1365	0.01658
6.1438	0.01612
6.1511	0.01575
6.1584	0.01542
6.1657	0.01515
6.1731	0.01499
6.1804	0.01483
6.1878	0.01467
6.1952	0.01458
6.2026	0.01456
6.21	0.01453
6.2175	0.01455
6.225	0.01460
6.2324	0.01459
6.2399	0.01459
6.2475	0.01462
6.255	0.01469
6.2625	0.01477
6.2701	0.01479
6.2777	0.01482
6.2853	0.01489
6.293	0.01501
6.3006	0.01516
6.3083	0.01532
6.3159	0.01549
6.3236	0.01573
6.3314	0.01603
6.3391	0.01629
6.3469	0.01659
6.3546	0.01688
6.3624	0.01723
6.3703	0.01772
6.3781	0.01828
6.3859	0.01890
6.3938	0.01956
6.4017	0.02021
6.4096	0.02068
6.4175	0.02096
6.4255	0.02115
6.4335	0.02119
6.4415	0.02101
6.4495	0.02064
6.4575	0.02005
6.4656	0.01934
6.4736	0.01853
6.4817	0.01756
6.4898	0.01658
6.498	0.01561
6.5061	0.01465
6.5143	0.01386
6.5225	0.01322
6.5307	0.01272
6.539	0.01244
6.5472	0.01231
6.5555	0.01228
6.5638	0.01224
6.5721	0.01210
6.5804	0.01203
6.5888	0.01205
6.5972	0.01205
6.6056	0.01202
6.614	0.01206
6.6225	0.01211
6.6309	0.01212
6.6394	0.01207
6.6479	0.01196
6.6565	0.01179
6.665	0.01161
6.6736	0.01140
6.6822	0.01118
6.6908	0.01102
6.6995	0.01088
6.7081	0.01078
6.7168	0.01074
6.7255	0.01069
6.7343	0.01067
6.743	0.01068
6.7518	0.01067
6.7606	0.01069
6.7694	0.01084
6.7783	0.01097
6.7871	0.01100
6.796	0.01100
6.805	0.01100
6.8139	0.01098
6.8229	0.01104
6.8319	0.01108
6.8409	0.01105
6.8499	0.01105
6.859	0.01106
6.868	0.01105
6.8772	0.01108
6.8863	0.01108
6.8955	0.01102
6.9046	0.01096
6.9138	0.01089
6.9231	0.01075
6.9323	0.01055
6.9416	0.01030
6.9509	0.01010
6.9602	0.00988
6.9696	0.00957
6.979	0.00922
6.9884	0.00893
6.9978	0.00871
7.0073	0.00845
7.0168	0.00819
7.0263	0.00795
7.0358	0.00769
7.0454	0.00742
7.0549	0.00720
7.0645	0.00710
7.0742	0.00688
7.0839	0.00665
7.0935	0.00644
7.1033	0.00623
7.113	0.00598
7.1228	0.00564
7.1326	0.00525
7.1424	0.00493
7.1522	0.00464
7.1621	0.00437
7.172	0.00414
7.182	0.00399
7.1919	0.00384
7.2019	0.00360
7.2119	0.00339
7.222	0.00316
7.232	0.00289
7.2421	0.00267
7.2523	0.00250
7.2624	0.00238
7.2726	0.00224
7.2828	0.00198
7.2931	0.00173
7.3034	0.00165
7.3136	0.00164
7.324	0.00162
7.3343	0.00156
7.3447	0.00150
7.3551	0.00146
7.3656	0.00144
7.3761	0.00148
7.3866	0.00156
7.3971	0.00170
7.4077	0.00191
7.4183	0.00218
7.4289	0.00247
7.4396	0.00284
7.4502	0.00344
7.461	0.00424
7.4717	0.00531
7.4825	0.00663
7.4933	0.00837
7.5041	0.01044
7.515	0.01292
7.5259	0.01582
7.5369	0.01914
7.5479	0.02274
7.5589	0.02659
7.5699	0.03071
7.581	0.03505
7.592	0.03957
7.6032	0.04451
7.6143	0.05002
7.6255	0.05605
7.6368	0.06273
7.648	0.06986
7.6593	0.07721
7.6707	0.08446
7.682	0.09136
7.6934	0.09798
7.7049	0.10452
7.7163	0.11118
7.7278	0.11803
7.7394	0.12478
7.7509	0.13131
7.7625	0.13724
7.7742	0.14238
7.7858	0.14698
7.7975	0.15144
7.8093	0.15649
7.8211	0.16260
7.8329	0.16969
7.8447	0.17783
7.8566	0.18680
7.8685	0.19652
7.8805	0.20718
7.8925	0.21857
7.9045	0.23078
7.9166	0.24384
7.9287	0.25757
7.9408	0.27204
7.953	0.28659
7.9652	0.30059
7.9775	0.31383
7.9898	0.32608
8.0021	0.33768
8.0145	0.34909
8.0269	0.36072
8.0393	0.37315
8.0518	0.38629
8.0643	0.40041
8.0769	0.41546
8.0895	0.43091
8.1021	0.44699
8.1148	0.46410
8.1275	0.48220
8.1403	0.50074
8.1531	0.51812
8.1659	0.53322
8.1788	0.54531
8.1917	0.55430
8.2047	0.56101
8.2177	0.56587
8.2307	0.56899
8.2438	0.57083
8.257	0.57147
8.2701	0.57141
8.2833	0.57075
8.2966	0.56961
8.3099	0.56841
8.3232	0.56712
8.3366	0.56567
8.35	0.56447
8.3635	0.56335
8.377	0.56235
8.3905	0.56129
8.4042	0.55994
8.4178	0.55835
8.4315	0.55637
8.4452	0.55393
8.459	0.55118
8.4728	0.54783
8.4867	0.54394
8.5006	0.53932
8.5145	0.53360
8.5285	0.52647
8.5426	0.51710
8.5567	0.50395
8.5708	0.48459
8.585	0.45496
8.5993	0.41359
8.6135	0.37045
8.6279	0.35063
8.6423	0.36968
8.6567	0.41098
8.6712	0.44894
8.6857	0.47473
8.7003	0.49103
8.7149	0.50221
8.7296	0.51052
8.7443	0.51713
8.759	0.52312
8.7739	0.52904
8.7887	0.53535
8.8037	0.54224
8.8186	0.54904
8.8337	0.55550
8.8487	0.56122
8.8638	0.56617
8.879	0.57047
8.8943	0.57402
8.9095	0.57677
8.9249	0.57882
8.9403	0.58023
8.9557	0.58164
8.9712	0.58286
8.9867	0.58421
9.0023	0.58572
9.018	0.58699
9.0337	0.58805
9.0495	0.58905
9.0653	0.58987
9.0812	0.59072
9.0971	0.59138
9.1131	0.59201
9.1291	0.59230
9.1452	0.59188
9.1614	0.59107
9.1776	0.58991
9.1939	0.58843
9.2102	0.58675
9.2266	0.58419
9.243	0.58050
9.2596	0.57557
9.2761	0.56862
9.2927	0.55801
9.3094	0.54158
9.3262	0.51795
9.343	0.48832
9.3598	0.45473
9.3768	0.41861
9.3938	0.38131
9.4108	0.34610
9.4279	0.31606
9.4451	0.29149
9.4623	0.27127
9.4796	0.25456
9.497	0.24040
9.5144	0.22825
9.5319	0.21758
9.5494	0.20802
9.5671	0.19965
9.5847	0.19266
9.6025	0.18692
9.6203	0.18182
9.6382	0.17658
9.6561	0.17134
9.6742	0.16630
9.6922	0.16156
9.7104	0.15716
9.7286	0.15299
9.7469	0.14908
9.7652	0.14547
9.7837	0.14206
9.8022	0.13886
9.8207	0.13590
9.8394	0.13315
9.8581	0.13055
9.8768	0.12802
9.8957	0.12563
9.9146	0.12343
9.9336	0.12125
9.9527	0.11915
9.9718	0.11715
9.991	0.11525
10.0103	0.11348
10.0297	0.11171
10.0491	0.10994
10.0686	0.10831
10.0882	0.10681
10.1079	0.10524
10.1276	0.10368
10.1474	0.10220
10.1673	0.10085
10.1873	0.09958
10.2074	0.09825
10.2275	0.09694
10.2477	0.09558
10.268	0.09440
10.2884	0.09336
10.3088	0.09228
10.3294	0.09123
10.35	0.09034
10.3707	0.08942
10.3915	0.08846
10.4123	0.08746
10.4333	0.08655
10.4543	0.08562
10.4754	0.08470
10.4967	0.08400
10.5179	0.08322
10.5393	0.08242
10.5608	0.08174
10.5823	0.08094
10.604	0.08022
10.6257	0.07954
10.6475	0.07884
10.6694	0.07831
10.6914	0.07770
10.7135	0.07707
10.7357	0.07645
10.758	0.07576
10.7803	0.07519
10.8028	0.07460
10.8254	0.07395
10.848	0.07333
10.8708	0.07274
10.8936	0.07225
10.9165	0.07169
10.9395	0.07116
10.9627	0.07071
10.9859	0.07011
11.0092	0.06935
11.0327	0.06864
11.0562	0.06790
11.0798	0.06720
11.1035	0.06659
11.1274	0.06587
11.1513	0.06523
11.1753	0.06472
11.1995	0.06412
11.2237	0.06354
11.248	0.06311
11.2725	0.06250
11.2971	0.06171
11.3217	0.06097
11.3465	0.06036
11.3714	0.05974
11.3964	0.05904
11.4215	0.05839
11.4467	0.05781
11.472	0.05720
11.4974	0.05647
11.523	0.05570
11.5487	0.05507
11.5744	0.05445
11.6003	0.05374
11.6263	0.05299
11.6525	0.05226
11.6787	0.05139
11.7051	0.05055
11.7316	0.04960
11.7582	0.04863
11.7849	0.04769
11.8117	0.04671
11.8387	0.04562
11.8658	0.04436
11.893	0.04324
11.9203	0.04219
11.9478	0.04078
11.9754	0.03933
12.0031	0.03799
12.031	0.03660
12.059	0.03488
12.0871	0.03298
12.1153	0.03085
12.1437	0.02854
12.1722	0.02623
12.2008	0.02392
12.2296	0.02158
12.2585	0.01999
12.2876	0.02128
12.3168	0.02974
12.3461	0.04962
12.3755	0.07887
12.4051	0.10825
12.4349	0.12946
12.4648	0.14053
12.4948	0.14353
12.525	0.14030
12.5553	0.13239
12.5858	0.12270
12.6164	0.11614
12.6472	0.11722
12.6781	0.12660
12.7092	0.14062
12.7404	0.15307
12.7718	0.15993
12.8033	0.16024
12.835	0.15412
12.8669	0.14299
12.8989	0.12980
12.9311	0.11731
12.9634	0.10731
12.9959	0.09995
13.0285	0.09424
13.0613	0.08963
13.0943	0.08592
13.1275	0.08298
13.1608	0.08035
13.1943	0.07816
13.2279	0.07615
13.2618	0.07421
13.2958	0.07274
13.33	0.07139
13.3643	0.06996
13.3988	0.06858
13.4336	0.06729
13.4685	0.06618
13.5035	0.06539
13.5388	0.06451
13.5742	0.06370
13.6099	0.06310
13.6457	0.06221
13.6817	0.06138
13.7179	0.06062
13.7543	0.05974
13.7909	0.05888
13.8276	0.05810
13.8646	0.05735
13.9018	0.05649
13.9392	0.05556
13.9767	0.05449
14.0145	0.05338
14.0525	0.05225
14.0907	0.05095
14.129	0.04947
14.1677	0.04781
14.2065	0.04625
14.2455	0.04478
14.2847	0.04479
14.3242	0.04963
14.3639	0.05901
14.4038	0.06599
14.4439	0.06701
14.4843	0.06512
14.5248	0.06285
14.5656	0.06079
14.6067	0.05931
14.6479	0.05834
14.6894	0.05751
14.7312	0.05670
14.7731	0.05611
14.8153	0.05552
14.8578	0.05480
14.9005	0.05427
14.9434	0.05390
14.9866	0.05336
15.03	0.05287
15.0737	0.05267
15.1177	0.05234
15.1619	0.05188
15.2063	0.05150
15.2511	0.05128
15.2961	0.05101
15.3413	0.05062
15.3868	0.05012
15.4326	0.04950
15.4787	0.04903
15.525	0.04877
15.5717	0.04836
15.6186	0.04812
15.6658	0.04792
15.7132	0.04745
15.761	0.04694
15.809	0.04634
15.8574	0.04618
15.906	0.04595
15.955	0.04550
16.0042	0.04494
16.0538	0.04409
16.1036	0.04342
16.1538	0.04319
16.2043	0.04283
16.2551	0.04244
16.3062	0.04206
16.3576	0.04192
16.4094	0.04154
16.4615	0.04065
16.5139	0.04019
16.5667	0.04004
16.6198	0.03936
16.6732	0.03880
16.727	0.03819
16.7811	0.03726
16.8356	0.03649
16.8905	0.03569
16.9457	0.03494
17.0012	0.03387
17.0572	0.03291
17.1135	0.03208
17.1701	0.03109
17.2272	0.03010
17.2846	0.02887
17.3424	0.02770
17.4006	0.02658
17.4592	0.02563
17.5182	0.02550
17.5775	0.02638
17.6373	0.02843
17.6975	0.03224
17.7581	0.03928
17.8192	0.05001
17.8806	0.06380
17.9425	0.08095
18.0048	0.10219
18.0675	0.12668
18.1307	0.15133
18.1943	0.17008
18.2584	0.17985
18.3229	0.18380
18.3879	0.18486
18.4533	0.18335
18.5192	0.17915
18.5856	0.17308
18.6524	0.16532
18.7198	0.15645
18.7876	0.14798
18.8559	0.14141
18.9247	0.13612
18.9941	0.13360
19.0639	0.13534
19.1343	0.14125
19.2051	0.15124
19.2765	0.16478
19.3484	0.18207
19.4209	0.20296
19.4939	0.22732
19.5675	0.25875
19.6416	0.30556
19.7163	0.36417
19.7915	0.41053
19.8674	0.43558
19.9438	0.44909
20.0208	0.45788
20.0984	0.46383
20.1766	0.46709
20.2554	0.46810
20.3348	0.46499
20.4149	0.46060
20.4956	0.45589
20.5769	0.45140
20.6589	0.44714
20.7415	0.44278
20.8248	0.43777
20.9088	0.43166
20.9934	0.42507
21.0788	0.41828
21.1648	0.41161
21.2516	0.40304
21.339	0.39375
21.4272	0.38543
21.5161	0.37669
21.6058	0.36726
21.6962	0.35770
21.7873	0.34817
21.8793	0.33830
21.972	0.32732
22.0655	0.31433
22.1598	0.29542
22.2549	0.26746
22.3508	0.23723
22.4475	0.21121
22.5451	0.19131
22.6436	0.17725
22.7429	0.16518
22.8431	0.15546
22.9442	0.14732
23.0462	0.13962
23.1491	0.13262
23.2529	0.12694
23.3576	0.12164
23.4633	0.11581
23.5699	0.10991
23.6776	0.10480
23.7862	0.09982
23.8958	0.09547
24.0064	0.08981
24.1181	0.08392
24.2308	0.07792
24.3445	0.07073
24.4593	0.06116
24.5753	0.05185
24.6923	0.05081
24.8104	0.08361
24.9297	0.14534
25.0501	0.19050
25.1717	0.20771
25.2946	0.20619
25.4186	0.18684
25.5438	0.15850
25.6702	0.14292
25.7979	0.15225
25.9269	0.18322
26.0572	0.21853
26.1888	0.24399
26.3217	0.25845
26.456	0.26417
26.5917	0.26389
26.7288	0.25814
26.8672	0.24966
27.0072	0.23959
27.1486	0.22683
27.2915	0.21090
27.4359	0.19343
27.5818	0.17705
27.7293	0.16375
27.8784	0.15445
28.0291	0.14758
28.1814	0.14168
28.3354	0.13760
28.4911	0.13348
28.6485	0.12964
28.8077	0.12696
28.9686	0.12467
29.1313	0.12235
29.296	0.12150
29.4624	0.11976
29.6308	0.11761
29.8011	0.11644
29.9733	0.11732
30.1476	0.11781
30.3239	0.11635
30.5022	0.11513
30.6827	0.11517
30.8653	0.11613
31.0502	0.11723
31.2372	0.11677
31.4265	0.11721
31.6182	0.11852
31.8122	0.11915
32.0086	0.12044
32.2074	0.12161
32.4087	0.12219
32.6125	0.12254
32.8189	0.12275
33.0279	0.12406
33.2396	0.12185
33.4541	0.11895
33.6713	0.11754
33.8914	0.11640
34.1143	0.11562
34.3403	0.11517
34.5692	0.11327
34.8013	0.11205
35.0364	0.11150
35.2747	0.11065
35.5164	0.10800
35.7613	0.10469
36.0096	0.10118
36.2614	0.09688
36.5167	0.09247
36.7757	0.08965
37.0384	0.08599
37.3049	0.08332
37.5752	0.08459
37.8495	0.09136
38.1278	0.10000
38.4103	0.10090
38.6969	0.10160
38.9879	0.10351
39.2832	0.10629
39.5831	0.11603
39.8876	0.12650
40.1968	0.13573
40.5108	0.14237
40.8298	0.14805
41.1538	0.15435
41.483	0.16174
41.8176	0.16771
42.1575	0.17160
42.5031	0.17760
42.8544	0.18508
43.2116	0.18691
43.5747	0.19034
43.944	0.19532
44.3196	0.19823
44.7016	0.20127
45.0903	0.20851
45.4858	0.21373
45.8883	0.21723
46.298	0.22192
46.7151	0.22513
47.1398	0.22398
47.5723	0.22694
48.0128	0.23073
48.4616	0.23362
48.9188	0.23296
49.3847	0.23256
49.8595	0.23151
50.3436	0.22691
50.8372	0.22152
51.3405	0.22262
51.8538	0.22899
52.3776	0.23156
52.912	0.23205
53.4575	0.23493
54.0144	0.23737
54.5829	0.24266
55.1636	0.24834
55.7569	0.25590
56.363	0.25125
56.9823	0.24618
57.6155	0.24593
58.2628	0.24759
58.9249	0.25459
59.6022	0.25809
60.2951	0.25442
61.0044	0.25407
61.7307	0.25949
62.4744	0.26350
63.2363	0.26911
64.017	0.27199
64.8172	0.26731
65.6379	0.26500
66.4794	0.26282
67.3428	0.26705
68.2289	0.26913
69.1386	0.26854
70.0729	0.26564
71.0328	0.27255
72.0191	0.26614
73.0335	0.26444
74.0768	0.26272
75.1504	0.24312
76.2555	0.21815
77.3937	0.20831
78.5663	0.21631
79.7754	0.24889
81.0219	0.27855
82.3079	0.28237
83.6355	0.27954
85.0065	0.27354
86.4233	0.26070
87.8881	0.26240
89.4031	0.26551
90.9715	0.27920
92.596	0.29181
94.2796	0.29147
96.0255	0.28498
97.8373	0.29631
99.7188	0.30274
