Brown University Keck/NASA Relab Spectrum JB-CMP-154/995F154
Wavelength(micron)	Reflectance
0.35	0.83471
0.355	0.84221
0.36	0.84685
0.365	0.85204
0.37	0.85515
0.375	0.85823
0.38	0.86369
0.385	0.86686
0.39	0.86942
0.395	0.87172
0.4	0.87528
0.405	0.87791
0.41	0.87365
0.415	0.87567
0.42	0.87798
0.425	0.88131
0.43	0.88259
0.435	0.88294
0.44	0.88531
0.445	0.88628
0.45	0.88898
0.455	0.88980
0.46	0.89180
0.465	0.89367
0.47	0.89229
0.475	0.89218
0.48	0.89137
0.485	0.89824
0.49	0.89629
0.495	0.89928
0.5	0.89846
0.505	0.89661
0.51	0.89809
0.515	0.89607
0.52	0.89841
0.525	0.89497
0.53	0.89834
0.535	0.89587
0.54	0.89934
0.545	0.89951
0.55	0.89905
0.555	0.89859
0.56	0.89944
0.565	0.90058
0.57	0.89907
0.575	0.89935
0.58	0.89999
0.585	0.90203
0.59	0.90012
0.595	0.90077
0.6	0.89844
0.605	0.89884
0.61	0.89843
0.615	0.89819
0.62	0.89804
0.625	0.89826
0.63	0.89819
0.635	0.89914
0.64	0.89679
0.645	0.89754
0.65	0.89712
0.655	0.89900
0.66	0.90066
0.665	0.90059
0.67	0.90040
0.675	0.89874
0.68	0.90025
0.685	0.90011
0.69	0.90029
0.695	0.90097
0.7	0.90029
0.705	0.90165
0.71	0.89971
0.715	0.90122
0.72	0.90214
0.725	0.90092
0.73	0.90190
0.735	0.90180
0.74	0.90238
0.745	0.90204
0.75	0.90167
0.755	0.90269
0.76	0.90528
0.765	0.90275
0.77	0.90128
0.775	0.90416
0.78	0.90311
0.785	0.90520
0.79	0.90509
0.795	0.90521
0.8	0.90709
0.805	0.90789
0.81	0.90802
0.815	0.90724
0.82	0.90797
0.825	0.90763
0.83	0.90937
0.835	0.90925
0.84	0.91011
0.845	0.91004
0.85	0.91074
0.855	0.90945
0.86	0.90799
0.865	0.90933
0.87	0.90883
0.875	0.91002
0.88	0.90884
0.885	0.91099
0.89	0.91094
0.895	0.91014
0.9	0.91047
0.905	0.91096
0.91	0.91167
0.915	0.91182
0.92	0.91052
0.925	0.91178
0.93	0.90933
0.935	0.91002
0.94	0.91044
0.945	0.91148
0.95	0.91165
0.955	0.91221
0.96	0.91058
0.965	0.91164
0.97	0.91093
0.975	0.91162
0.98	0.91113
0.985	0.91208
0.99	0.91097
0.995	0.91217
1	0.91171
1.005	0.91179
1.01	0.91067
1.015	0.91129
1.02	0.91184
1.025	0.91163
1.03	0.91201
1.035	0.91194
1.04	0.91217
1.045	0.91166
1.05	0.91270
1.055	0.91244
1.06	0.91276
1.065	0.91203
1.07	0.91300
1.075	0.91280
1.08	0.91231
1.085	0.91251
1.09	0.91111
1.095	0.91055
1.1	0.91043
1.105	0.91085
1.11	0.91029
1.115	0.91006
1.12	0.91128
1.125	0.91096
1.13	0.91122
1.135	0.91112
1.14	0.91117
1.145	0.91055
1.15	0.91020
1.155	0.91057
1.16	0.91055
1.165	0.90958
1.17	0.90933
1.175	0.90947
1.18	0.90949
1.185	0.90974
1.19	0.91031
1.195	0.90975
1.2	0.91172
1.205	0.91014
1.21	0.91128
1.215	0.90975
1.22	0.91039
1.225	0.91109
1.23	0.91028
1.235	0.91023
1.24	0.91038
1.245	0.91056
1.25	0.90979
1.255	0.91089
1.26	0.91002
1.265	0.91014
1.27	0.90963
1.275	0.90911
1.28	0.90822
1.285	0.90951
1.29	0.90965
1.295	0.90892
1.3	0.90819
1.305	0.90898
1.31	0.90888
1.315	0.90818
1.32	0.90791
1.325	0.90817
1.33	0.90771
1.3313	0.90761
1.332	0.90724
1.3327	0.90702
1.3334	0.90738
1.3341	0.90744
1.3347	0.90734
1.3354	0.90731
1.3361	0.90766
1.3368	0.90786
1.3375	0.90760
1.3382	0.90775
1.3389	0.90780
1.3396	0.90754
1.3403	0.90749
1.341	0.90761
1.3416	0.90722
1.3423	0.90726
1.343	0.90788
1.3437	0.90806
1.3444	0.90790
1.3451	0.90769
1.3458	0.90748
1.3465	0.90768
1.3472	0.90793
1.3479	0.90765
1.3486	0.90754
1.3493	0.90796
1.35	0.90803
1.3507	0.90801
1.3514	0.90748
1.3521	0.90733
1.3529	0.90740
1.3536	0.90757
1.3543	0.90774
1.355	0.90747
1.3557	0.90694
1.3564	0.90713
1.3571	0.90718
1.3578	0.90704
1.3585	0.90720
1.3592	0.90738
1.36	0.90720
1.3607	0.90737
1.3614	0.90749
1.3621	0.90728
1.3628	0.90711
1.3635	0.90727
1.3642	0.90724
1.365	0.90747
1.3657	0.90711
1.3664	0.90688
1.3671	0.90712
1.3678	0.90705
1.3686	0.90754
1.3693	0.90805
1.37	0.90787
1.3707	0.90744
1.3715	0.90716
1.3722	0.90718
1.3729	0.90750
1.3736	0.90724
1.3744	0.90706
1.3751	0.90715
1.3758	0.90716
1.3766	0.90710
1.3773	0.90712
1.378	0.90669
1.3788	0.90714
1.3795	0.90741
1.3802	0.90699
1.381	0.90644
1.3817	0.90640
1.3824	0.90663
1.3832	0.90628
1.3839	0.90638
1.3847	0.90612
1.3854	0.90567
1.3861	0.90601
1.3869	0.90636
1.3876	0.90613
1.3884	0.90589
1.3891	0.90611
1.3898	0.90590
1.3906	0.90595
1.3913	0.90574
1.3921	0.90536
1.3928	0.90531
1.3936	0.90535
1.3943	0.90521
1.3951	0.90526
1.3958	0.90493
1.3966	0.90468
1.3973	0.90461
1.3981	0.90443
1.3988	0.90437
1.3996	0.90436
1.4004	0.90429
1.4011	0.90443
1.4019	0.90406
1.4026	0.90388
1.4034	0.90411
1.4042	0.90400
1.4049	0.90350
1.4057	0.90324
1.4064	0.90311
1.4072	0.90289
1.408	0.90293
1.4087	0.90270
1.4095	0.90251
1.4103	0.90272
1.411	0.90305
1.4118	0.90330
1.4126	0.90325
1.4133	0.90271
1.4141	0.90241
1.4149	0.90239
1.4157	0.90228
1.4164	0.90220
1.4172	0.90202
1.418	0.90178
1.4188	0.90214
1.4195	0.90209
1.4203	0.90223
1.4211	0.90241
1.4219	0.90228
1.4226	0.90217
1.4234	0.90221
1.4242	0.90196
1.425	0.90184
1.4258	0.90177
1.4266	0.90164
1.4273	0.90177
1.4281	0.90179
1.4289	0.90188
1.4297	0.90205
1.4305	0.90224
1.4313	0.90208
1.4321	0.90163
1.4329	0.90124
1.4337	0.90146
1.4345	0.90172
1.4353	0.90144
1.436	0.90159
1.4368	0.90203
1.4376	0.90200
1.4384	0.90178
1.4392	0.90172
1.44	0.90177
1.4408	0.90161
1.4416	0.90133
1.4424	0.90144
1.4432	0.90206
1.444	0.90197
1.4449	0.90173
1.4457	0.90196
1.4465	0.90182
1.4473	0.90171
1.4481	0.90156
1.4489	0.90148
1.4497	0.90145
1.4505	0.90144
1.4513	0.90183
1.4521	0.90200
1.453	0.90197
1.4538	0.90170
1.4546	0.90168
1.4554	0.90163
1.4562	0.90163
1.457	0.90196
1.4579	0.90175
1.4587	0.90160
1.4595	0.90177
1.4603	0.90189
1.4611	0.90208
1.462	0.90194
1.4628	0.90159
1.4636	0.90167
1.4644	0.90149
1.4653	0.90190
1.4661	0.90224
1.4669	0.90229
1.4678	0.90230
1.4686	0.90239
1.4694	0.90213
1.4703	0.90191
1.4711	0.90243
1.4719	0.90253
1.4728	0.90240
1.4736	0.90260
1.4744	0.90234
1.4753	0.90233
1.4761	0.90264
1.477	0.90277
1.4778	0.90278
1.4786	0.90273
1.4795	0.90257
1.4803	0.90257
1.4812	0.90306
1.482	0.90356
1.4829	0.90357
1.4837	0.90353
1.4846	0.90305
1.4854	0.90247
1.4863	0.90258
1.4871	0.90320
1.488	0.90334
1.4888	0.90310
1.4897	0.90280
1.4906	0.90271
1.4914	0.90311
1.4923	0.90340
1.4931	0.90351
1.494	0.90367
1.4948	0.90370
1.4957	0.90359
1.4966	0.90341
1.4974	0.90355
1.4983	0.90359
1.4992	0.90376
1.5	0.90374
1.5009	0.90358
1.5018	0.90363
1.5026	0.90380
1.5035	0.90379
1.5044	0.90387
1.5053	0.90403
1.5061	0.90381
1.507	0.90359
1.5079	0.90353
1.5088	0.90362
1.5096	0.90384
1.5105	0.90387
1.5114	0.90373
1.5123	0.90372
1.5132	0.90363
1.5141	0.90362
1.5149	0.90376
1.5158	0.90351
1.5167	0.90368
1.5176	0.90402
1.5185	0.90400
1.5194	0.90361
1.5203	0.90389
1.5212	0.90397
1.5221	0.90392
1.523	0.90403
1.5238	0.90409
1.5247	0.90440
1.5256	0.90447
1.5265	0.90379
1.5274	0.90376
1.5283	0.90402
1.5292	0.90421
1.5301	0.90413
1.531	0.90401
1.532	0.90417
1.5329	0.90458
1.5338	0.90453
1.5347	0.90435
1.5356	0.90427
1.5365	0.90410
1.5374	0.90403
1.5383	0.90447
1.5392	0.90430
1.5401	0.90433
1.5411	0.90460
1.542	0.90446
1.5429	0.90431
1.5438	0.90423
1.5447	0.90420
1.5457	0.90454
1.5466	0.90430
1.5475	0.90409
1.5484	0.90435
1.5494	0.90441
1.5503	0.90439
1.5512	0.90436
1.5521	0.90445
1.5531	0.90451
1.554	0.90496
1.5549	0.90484
1.5559	0.90437
1.5568	0.90444
1.5577	0.90446
1.5587	0.90468
1.5596	0.90474
1.5605	0.90469
1.5615	0.90480
1.5624	0.90484
1.5634	0.90459
1.5643	0.90448
1.5653	0.90469
1.5662	0.90470
1.5672	0.90447
1.5681	0.90408
1.569	0.90396
1.57	0.90404
1.571	0.90413
1.5719	0.90411
1.5729	0.90423
1.5738	0.90466
1.5748	0.90475
1.5757	0.90455
1.5767	0.90447
1.5776	0.90450
1.5786	0.90457
1.5796	0.90452
1.5805	0.90447
1.5815	0.90451
1.5825	0.90490
1.5834	0.90479
1.5844	0.90461
1.5854	0.90462
1.5863	0.90462
1.5873	0.90444
1.5883	0.90438
1.5893	0.90442
1.5902	0.90449
1.5912	0.90462
1.5922	0.90462
1.5932	0.90453
1.5941	0.90447
1.5951	0.90435
1.5961	0.90403
1.5971	0.90423
1.5981	0.90458
1.5991	0.90443
1.6	0.90434
1.601	0.90467
1.602	0.90447
1.603	0.90404
1.604	0.90401
1.605	0.90412
1.606	0.90442
1.607	0.90452
1.608	0.90436
1.609	0.90421
1.61	0.90415
1.611	0.90428
1.612	0.90406
1.613	0.90411
1.614	0.90399
1.615	0.90417
1.616	0.90396
1.617	0.90384
1.618	0.90410
1.619	0.90385
1.62	0.90397
1.6211	0.90394
1.6221	0.90387
1.6231	0.90405
1.6241	0.90391
1.6251	0.90365
1.6261	0.90364
1.6272	0.90371
1.6282	0.90381
1.6292	0.90396
1.6302	0.90377
1.6313	0.90344
1.6323	0.90325
1.6333	0.90342
1.6343	0.90347
1.6354	0.90339
1.6364	0.90344
1.6374	0.90373
1.6385	0.90362
1.6395	0.90335
1.6405	0.90343
1.6416	0.90343
1.6426	0.90326
1.6437	0.90328
1.6447	0.90320
1.6458	0.90313
1.6468	0.90325
1.6478	0.90322
1.6489	0.90305
1.6499	0.90294
1.651	0.90291
1.6521	0.90327
1.6531	0.90348
1.6542	0.90308
1.6552	0.90317
1.6563	0.90334
1.6573	0.90343
1.6584	0.90301
1.6595	0.90293
1.6605	0.90329
1.6616	0.90345
1.6626	0.90376
1.6637	0.90364
1.6648	0.90316
1.6659	0.90329
1.6669	0.90352
1.668	0.90346
1.6691	0.90342
1.6701	0.90298
1.6712	0.90319
1.6723	0.90333
1.6734	0.90302
1.6745	0.90271
1.6755	0.90293
1.6766	0.90319
1.6777	0.90347
1.6788	0.90372
1.6799	0.90363
1.681	0.90358
1.6821	0.90336
1.6832	0.90334
1.6843	0.90359
1.6853	0.90345
1.6864	0.90349
1.6875	0.90367
1.6886	0.90366
1.6897	0.90366
1.6908	0.90402
1.692	0.90417
1.6931	0.90381
1.6942	0.90334
1.6953	0.90335
1.6964	0.90354
1.6975	0.90362
1.6986	0.90368
1.6997	0.90384
1.7008	0.90420
1.7019	0.90407
1.7031	0.90422
1.7042	0.90434
1.7053	0.90417
1.7064	0.90401
1.7076	0.90387
1.7087	0.90383
1.7098	0.90381
1.7109	0.90366
1.7121	0.90333
1.7132	0.90320
1.7143	0.90326
1.7155	0.90323
1.7166	0.90313
1.7177	0.90322
1.7189	0.90321
1.72	0.90287
1.7212	0.90274
1.7223	0.90282
1.7234	0.90291
1.7246	0.90260
1.7257	0.90245
1.7269	0.90252
1.728	0.90252
1.7292	0.90224
1.7304	0.90230
1.7315	0.90241
1.7327	0.90244
1.7338	0.90251
1.735	0.90261
1.7361	0.90265
1.7373	0.90234
1.7385	0.90218
1.7396	0.90217
1.7408	0.90232
1.742	0.90238
1.7432	0.90237
1.7443	0.90263
1.7455	0.90265
1.7467	0.90242
1.7479	0.90265
1.749	0.90241
1.7502	0.90222
1.7514	0.90253
1.7526	0.90227
1.7538	0.90183
1.755	0.90176
1.7561	0.90170
1.7573	0.90162
1.7585	0.90163
1.7597	0.90158
1.7609	0.90142
1.7621	0.90126
1.7633	0.90111
1.7645	0.90112
1.7657	0.90107
1.7669	0.90099
1.7681	0.90089
1.7693	0.90074
1.7705	0.90066
1.7717	0.90070
1.773	0.90080
1.7742	0.90050
1.7754	0.90054
1.7766	0.90032
1.7778	0.90007
1.779	0.89989
1.7803	0.89997
1.7815	0.90029
1.7827	0.90010
1.7839	0.90002
1.7852	0.89992
1.7864	0.89987
1.7876	0.89989
1.7889	0.89965
1.7901	0.89971
1.7913	0.89972
1.7926	0.89957
1.7938	0.89947
1.7951	0.89940
1.7963	0.89946
1.7976	0.89945
1.7988	0.89936
1.8	0.89905
1.8013	0.89889
1.8026	0.89886
1.8038	0.89860
1.8051	0.89871
1.8063	0.89904
1.8076	0.89907
1.8088	0.89933
1.8101	0.89913
1.8114	0.89881
1.8126	0.89881
1.8139	0.89873
1.8152	0.89873
1.8164	0.89878
1.8177	0.89872
1.819	0.89856
1.8203	0.89840
1.8216	0.89837
1.8228	0.89839
1.8241	0.89838
1.8254	0.89841
1.8267	0.89843
1.828	0.89838
1.8293	0.89824
1.8306	0.89817
1.8318	0.89797
1.8331	0.89810
1.8344	0.89799
1.8357	0.89761
1.837	0.89755
1.8383	0.89782
1.8397	0.89757
1.841	0.89713
1.8423	0.89715
1.8436	0.89746
1.8449	0.89788
1.8462	0.89754
1.8475	0.89740
1.8488	0.89739
1.8502	0.89756
1.8515	0.89751
1.8528	0.89729
1.8541	0.89681
1.8555	0.89650
1.8568	0.89635
1.8581	0.89657
1.8594	0.89634
1.8608	0.89587
1.8621	0.89589
1.8635	0.89602
1.8648	0.89587
1.8661	0.89584
1.8675	0.89508
1.8688	0.89496
1.8702	0.89556
1.8715	0.89517
1.8729	0.89462
1.8742	0.89367
1.8756	0.89315
1.8769	0.89223
1.8783	0.89154
1.8797	0.89136
1.881	0.89094
1.8824	0.89001
1.8838	0.88915
1.8851	0.88845
1.8865	0.88748
1.8879	0.88649
1.8893	0.88583
1.8906	0.88482
1.892	0.88371
1.8934	0.88265
1.8948	0.88190
1.8962	0.88119
1.8976	0.88001
1.899	0.87881
1.9003	0.87765
1.9017	0.87696
1.9031	0.87625
1.9045	0.87529
1.9059	0.87455
1.9073	0.87403
1.9087	0.87390
1.9101	0.87340
1.9116	0.87274
1.913	0.87263
1.9144	0.87242
1.9158	0.87217
1.9172	0.87205
1.9186	0.87191
1.92	0.87154
1.9215	0.87129
1.9229	0.87134
1.9243	0.87130
1.9258	0.87122
1.9272	0.87107
1.9286	0.87093
1.9301	0.87102
1.9315	0.87109
1.9329	0.87115
1.9344	0.87100
1.9358	0.87121
1.9373	0.87156
1.9387	0.87161
1.9402	0.87160
1.9416	0.87172
1.9431	0.87204
1.9445	0.87196
1.946	0.87227
1.9475	0.87291
1.9489	0.87338
1.9504	0.87335
1.9519	0.87338
1.9533	0.87361
1.9548	0.87349
1.9563	0.87362
1.9578	0.87418
1.9592	0.87454
1.9607	0.87450
1.9622	0.87481
1.9637	0.87518
1.9652	0.87542
1.9667	0.87554
1.9682	0.87603
1.9697	0.87664
1.9712	0.87696
1.9727	0.87698
1.9742	0.87702
1.9757	0.87718
1.9772	0.87746
1.9787	0.87781
1.9802	0.87826
1.9817	0.87849
1.9832	0.87873
1.9847	0.87899
1.9863	0.87909
1.9878	0.87925
1.9893	0.87942
1.9908	0.87967
1.9924	0.87993
1.9939	0.88016
1.9954	0.88038
1.997	0.88062
1.9985	0.88051
2.0001	0.88082
2.0016	0.88111
2.0031	0.88146
2.0047	0.88175
2.0062	0.88213
2.0078	0.88232
2.0094	0.88227
2.0109	0.88254
2.0125	0.88258
2.014	0.88283
2.0156	0.88303
2.0172	0.88305
2.0187	0.88345
2.0203	0.88359
2.0219	0.88374
2.0235	0.88414
2.0251	0.88430
2.0266	0.88423
2.0282	0.88427
2.0298	0.88433
2.0314	0.88473
2.033	0.88513
2.0346	0.88525
2.0362	0.88537
2.0378	0.88541
2.0394	0.88522
2.041	0.88530
2.0426	0.88539
2.0442	0.88527
2.0458	0.88551
2.0474	0.88603
2.0491	0.88615
2.0507	0.88601
2.0523	0.88608
2.0539	0.88654
2.0556	0.88673
2.0572	0.88673
2.0588	0.88664
2.0605	0.88664
2.0621	0.88698
2.0637	0.88687
2.0654	0.88701
2.067	0.88753
2.0687	0.88740
2.0703	0.88724
2.072	0.88753
2.0737	0.88780
2.0753	0.88783
2.077	0.88757
2.0786	0.88779
2.0803	0.88808
2.082	0.88798
2.0837	0.88785
2.0853	0.88788
2.087	0.88835
2.0887	0.88827
2.0904	0.88821
2.0921	0.88815
2.0938	0.88831
2.0954	0.88818
2.0971	0.88815
2.0988	0.88830
2.1005	0.88844
2.1022	0.88863
2.104	0.88855
2.1057	0.88822
2.1074	0.88809
2.1091	0.88833
2.1108	0.88844
2.1125	0.88849
2.1142	0.88879
2.116	0.88883
2.1177	0.88863
2.1194	0.88862
2.1212	0.88887
2.1229	0.88897
2.1246	0.88889
2.1264	0.88899
2.1281	0.88879
2.1299	0.88871
2.1316	0.88893
2.1334	0.88884
2.1351	0.88898
2.1369	0.88909
2.1387	0.88904
2.1404	0.88878
2.1422	0.88883
2.144	0.88897
2.1458	0.88879
2.1475	0.88867
2.1493	0.88893
2.1511	0.88883
2.1529	0.88866
2.1547	0.88860
2.1565	0.88863
2.1583	0.88885
2.1601	0.88885
2.1619	0.88858
2.1637	0.88841
2.1655	0.88840
2.1673	0.88848
2.1691	0.88851
2.1709	0.88830
2.1727	0.88811
2.1746	0.88792
2.1764	0.88756
2.1782	0.88763
2.18	0.88745
2.1819	0.88691
2.1837	0.88664
2.1856	0.88672
2.1874	0.88652
2.1892	0.88622
2.1911	0.88587
2.193	0.88562
2.1948	0.88582
2.1967	0.88588
2.1985	0.88548
2.2004	0.88519
2.2023	0.88497
2.2041	0.88497
2.206	0.88481
2.2079	0.88434
2.2098	0.88432
2.2117	0.88444
2.2136	0.88452
2.2154	0.88454
2.2173	0.88447
2.2192	0.88448
2.2211	0.88430
2.223	0.88427
2.225	0.88428
2.2269	0.88419
2.2288	0.88409
2.2307	0.88413
2.2326	0.88390
2.2345	0.88399
2.2365	0.88414
2.2384	0.88403
2.2403	0.88403
2.2423	0.88415
2.2442	0.88409
2.2462	0.88414
2.2481	0.88418
2.2501	0.88445
2.252	0.88435
2.254	0.88431
2.2559	0.88439
2.2579	0.88474
2.2599	0.88487
2.2618	0.88473
2.2638	0.88466
2.2658	0.88461
2.2678	0.88457
2.2698	0.88460
2.2718	0.88477
2.2737	0.88497
2.2757	0.88512
2.2777	0.88467
2.2797	0.88426
2.2817	0.88472
2.2838	0.88494
2.2858	0.88486
2.2878	0.88505
2.2898	0.88465
2.2918	0.88436
2.2939	0.88474
2.2959	0.88496
2.2979	0.88469
2.3	0.88452
2.302	0.88452
2.3041	0.88434
2.3061	0.88420
2.3082	0.88395
2.3102	0.88426
2.3123	0.88458
2.3143	0.88424
2.3164	0.88388
2.3185	0.88376
2.3206	0.88357
2.3226	0.88362
2.3247	0.88371
2.3268	0.88349
2.3289	0.88324
2.331	0.88318
2.3331	0.88299
2.3352	0.88258
2.3373	0.88221
2.3394	0.88210
2.3415	0.88184
2.3436	0.88144
2.3458	0.88128
2.3479	0.88156
2.35	0.88182
2.3521	0.88173
2.3543	0.88122
2.3564	0.88077
2.3586	0.88065
2.3607	0.88048
2.3629	0.88012
2.365	0.88015
2.3672	0.87972
2.3693	0.87939
2.3715	0.87925
2.3737	0.87911
2.3759	0.87886
2.378	0.87866
2.3802	0.87862
2.3824	0.87844
2.3846	0.87809
2.3868	0.87758
2.389	0.87752
2.3912	0.87748
2.3934	0.87720
2.3956	0.87710
2.3978	0.87669
2.4001	0.87629
2.4023	0.87612
2.4045	0.87567
2.4067	0.87533
2.409	0.87495
2.4112	0.87457
2.4135	0.87427
2.4157	0.87403
2.418	0.87381
2.4202	0.87352
2.4225	0.87307
2.4248	0.87271
2.427	0.87226
2.4293	0.87182
2.4316	0.87165
2.4339	0.87163
2.4362	0.87147
2.4384	0.87114
2.4407	0.87066
2.443	0.87010
2.4453	0.86963
2.4477	0.86919
2.45	0.86877
2.4523	0.86866
2.4546	0.86867
2.4569	0.86850
2.4593	0.86820
2.4616	0.86768
2.4639	0.86685
2.4663	0.86608
2.4686	0.86590
2.471	0.86595
2.4733	0.86549
2.4757	0.86479
2.4781	0.86452
2.4804	0.86430
2.4828	0.86387
2.4852	0.86335
2.4876	0.86273
2.49	0.86231
2.4924	0.86223
2.4948	0.86160
2.4972	0.86121
2.4996	0.86079
2.502	0.86047
2.5044	0.85984
2.5068	0.85933
2.5093	0.85929
2.5117	0.85938
2.5141	0.85935
2.5166	0.85895
2.519	0.85846
2.5215	0.85831
2.5239	0.85790
2.5264	0.85797
2.5288	0.85796
2.5313	0.85745
2.5338	0.85687
2.5363	0.85703
2.5388	0.85704
2.5412	0.85689
2.5437	0.85627
2.5462	0.85619
2.5487	0.85598
2.5512	0.85555
2.5538	0.85496
2.5563	0.85503
2.5588	0.85518
2.5613	0.85448
2.5639	0.85350
2.5664	0.85377
2.5689	0.85415
2.5715	0.85359
2.574	0.85305
2.5766	0.85289
2.5792	0.85304
2.5817	0.85300
2.5843	0.85221
2.5869	0.85145
2.5895	0.85168
2.5921	0.85214
2.5947	0.85030
2.5973	0.84825
2.5999	0.85021
2.6025	0.85069
2.6051	0.84934
2.6077	0.84830
2.6103	0.84885
2.613	0.84930
2.6156	0.84839
2.6183	0.84649
2.6209	0.84559
2.6236	0.84604
2.6262	0.84607
2.6289	0.84439
2.6315	0.84313
2.6342	0.84308
2.6369	0.84318
2.6396	0.84239
2.6423	0.84144
2.645	0.84030
2.6477	0.83928
2.6504	0.83838
2.6531	0.83677
2.6558	0.83510
2.6585	0.83373
2.6613	0.83194
2.664	0.82976
2.6667	0.82550
2.6695	0.82150
2.6722	0.81792
2.675	0.81538
2.6778	0.81112
2.6805	0.80614
2.6833	0.80263
2.6861	0.79806
2.6889	0.79303
2.6917	0.78675
2.6945	0.77753
2.6973	0.76711
2.7001	0.75818
2.7029	0.74791
2.7057	0.73813
2.7085	0.72898
2.7114	0.71808
2.7142	0.70802
2.7171	0.69985
2.7199	0.68816
2.7228	0.67444
2.7256	0.66293
2.7285	0.65216
2.7314	0.64128
2.7342	0.62882
2.7371	0.61613
2.74	0.60492
2.7429	0.59455
2.7458	0.58686
2.7487	0.57896
2.7517	0.57052
2.7517	0.56662
2.7531	0.56292
2.7546	0.55963
2.7561	0.55828
2.7575	0.55323
2.759	0.54757
2.7605	0.54374
2.7619	0.54169
2.7634	0.53965
2.7649	0.53627
2.7663	0.53346
2.7678	0.53121
2.7693	0.52734
2.7708	0.52429
2.7723	0.52188
2.7737	0.51932
2.7752	0.51614
2.7767	0.51342
2.7782	0.51055
2.7797	0.50785
2.7812	0.50474
2.7827	0.50244
2.7842	0.50021
2.7857	0.49839
2.7872	0.49646
2.7887	0.49348
2.7902	0.49014
2.7917	0.48829
2.7932	0.48740
2.7947	0.48578
2.7962	0.48376
2.7977	0.48212
2.7992	0.48040
2.8007	0.47852
2.8022	0.47682
2.8038	0.47553
2.8053	0.47331
2.8068	0.47088
2.8083	0.46878
2.8098	0.46710
2.8114	0.46437
2.8129	0.46215
2.8144	0.46070
2.8159	0.45935
2.8175	0.45695
2.819	0.45488
2.8205	0.45363
2.8221	0.45234
2.8236	0.45031
2.8251	0.44879
2.8267	0.44703
2.8282	0.44470
2.8298	0.44274
2.8313	0.44128
2.8329	0.43954
2.8344	0.43867
2.836	0.43730
2.8375	0.43498
2.8391	0.43308
2.8406	0.43153
2.8422	0.42973
2.8437	0.42825
2.8453	0.42642
2.8469	0.42514
2.8484	0.42386
2.85	0.42262
2.8516	0.42073
2.8531	0.41962
2.8547	0.41883
2.8563	0.41742
2.8578	0.41577
2.8594	0.41433
2.861	0.41263
2.8626	0.41152
2.8642	0.41045
2.8657	0.40950
2.8673	0.40804
2.8689	0.40578
2.8705	0.40458
2.8721	0.40436
2.8737	0.40302
2.8753	0.40210
2.8769	0.40134
2.8785	0.39966
2.8801	0.39765
2.8817	0.39663
2.8833	0.39562
2.8849	0.39509
2.8865	0.39405
2.8881	0.39343
2.8897	0.39248
2.8913	0.39159
2.8929	0.39105
2.8945	0.39004
2.8962	0.38883
2.8978	0.38822
2.8994	0.38753
2.901	0.38651
2.9027	0.38518
2.9043	0.38439
2.9059	0.38398
2.9075	0.38329
2.9092	0.38277
2.9108	0.38219
2.9124	0.38163
2.9141	0.38124
2.9157	0.38037
2.9174	0.38009
2.919	0.38003
2.9206	0.37922
2.9223	0.37854
2.9239	0.37853
2.9256	0.37850
2.9272	0.37869
2.9289	0.37847
2.9305	0.37803
2.9322	0.37718
2.9339	0.37752
2.9355	0.37754
2.9372	0.37736
2.9389	0.37731
2.9405	0.37755
2.9422	0.37768
2.9439	0.37769
2.9455	0.37760
2.9472	0.37782
2.9489	0.37749
2.9506	0.37749
2.9522	0.37804
2.9539	0.37816
2.9556	0.37796
2.9573	0.37794
2.959	0.37826
2.9607	0.37879
2.9624	0.37936
2.9641	0.37985
2.9658	0.38057
2.9674	0.38150
2.9691	0.38238
2.9709	0.38360
2.9726	0.38470
2.9743	0.38605
2.976	0.38743
2.9777	0.38829
2.9794	0.38825
2.9811	0.38905
2.9828	0.38992
2.9845	0.39061
2.9863	0.39138
2.988	0.39247
2.9897	0.39329
2.9914	0.39385
2.9931	0.39409
2.9949	0.39495
2.9966	0.39556
2.9983	0.39630
3.0001	0.39760
3.0018	0.39868
3.0036	0.39905
3.0053	0.39994
3.007	0.40090
3.0088	0.40135
3.0105	0.40190
3.0123	0.40253
3.014	0.40309
3.0158	0.40371
3.0175	0.40437
3.0193	0.40527
3.0211	0.40613
3.0228	0.40673
3.0246	0.40729
3.0263	0.40736
3.0281	0.40814
3.0299	0.40952
3.0317	0.41000
3.0334	0.41029
3.0352	0.41102
3.037	0.41230
3.0388	0.41308
3.0405	0.41366
3.0423	0.41424
3.0441	0.41549
3.0459	0.41662
3.0477	0.41711
3.0495	0.41782
3.0513	0.41890
3.0531	0.41997
3.0549	0.42094
3.0567	0.42169
3.0585	0.42299
3.0603	0.42359
3.0621	0.42446
3.0639	0.42532
3.0657	0.42634
3.0675	0.42751
3.0694	0.42868
3.0712	0.42955
3.073	0.43073
3.0748	0.43171
3.0766	0.43239
3.0785	0.43339
3.0803	0.43431
3.0821	0.43503
3.084	0.43601
3.0858	0.43708
3.0876	0.43886
3.0895	0.43977
3.0913	0.44058
3.0932	0.44164
3.095	0.44270
3.0969	0.44399
3.0987	0.44522
3.1006	0.44653
3.1024	0.44785
3.1043	0.44893
3.1061	0.45022
3.108	0.45181
3.1099	0.45333
3.1117	0.45444
3.1136	0.45561
3.1155	0.45692
3.1173	0.45843
3.1192	0.45987
3.1211	0.46157
3.123	0.46289
3.1249	0.46480
3.1267	0.46665
3.1286	0.46846
3.1305	0.46988
3.1324	0.47190
3.1343	0.47370
3.1362	0.47538
3.1381	0.47725
3.14	0.47927
3.1419	0.48180
3.1438	0.48488
3.1457	0.48692
3.1476	0.48894
3.1495	0.49073
3.1514	0.49275
3.1534	0.49490
3.1553	0.49687
3.1572	0.49903
3.1591	0.50174
3.1611	0.50359
3.163	0.50542
3.1649	0.50760
3.1669	0.50993
3.1688	0.51180
3.1707	0.51385
3.1727	0.51577
3.1746	0.51803
3.1766	0.52053
3.1785	0.52258
3.1805	0.52408
3.1824	0.52621
3.1844	0.52798
3.1863	0.53003
3.1883	0.53190
3.1902	0.53407
3.1922	0.53656
3.1942	0.53892
3.1961	0.54061
3.1981	0.54244
3.2001	0.54399
3.2021	0.54584
3.204	0.54798
3.206	0.54995
3.208	0.55166
3.21	0.55373
3.212	0.55604
3.214	0.55833
3.216	0.56012
3.218	0.56175
3.22	0.56359
3.222	0.56572
3.224	0.56768
3.226	0.56945
3.228	0.57106
3.23	0.57319
3.232	0.57557
3.234	0.57728
3.236	0.57844
3.2381	0.58011
3.2401	0.58197
3.2421	0.58395
3.2441	0.58574
3.2462	0.58748
3.2482	0.58925
3.2502	0.59116
3.2523	0.59317
3.2543	0.59466
3.2564	0.59637
3.2584	0.59844
3.2605	0.59964
3.2625	0.60123
3.2646	0.60316
3.2666	0.60493
3.2687	0.60667
3.2707	0.60820
3.2728	0.60984
3.2749	0.61156
3.277	0.61304
3.279	0.61400
3.2811	0.61534
3.2832	0.61735
3.2853	0.61899
3.2873	0.62053
3.2894	0.62230
3.2915	0.62403
3.2936	0.62511
3.2957	0.62638
3.2978	0.62801
3.2999	0.62984
3.302	0.63107
3.3041	0.63234
3.3062	0.63348
3.3083	0.63518
3.3104	0.63724
3.3125	0.63885
3.3147	0.63987
3.3168	0.64137
3.3189	0.64241
3.321	0.64365
3.3232	0.64506
3.3253	0.64631
3.3274	0.64754
3.3296	0.64883
3.3317	0.65004
3.3338	0.65188
3.336	0.65339
3.3381	0.65477
3.3403	0.65590
3.3424	0.65681
3.3446	0.65798
3.3468	0.65949
3.3489	0.66064
3.3511	0.66178
3.3533	0.66212
3.3554	0.66250
3.3576	0.66296
3.3598	0.66381
3.362	0.66456
3.3641	0.66506
3.3663	0.66547
3.3685	0.66588
3.3707	0.66620
3.3729	0.66692
3.3751	0.66731
3.3773	0.66798
3.3795	0.66896
3.3817	0.66987
3.3839	0.67106
3.3861	0.67229
3.3883	0.67329
3.3905	0.67421
3.3928	0.67493
3.395	0.67540
3.3972	0.67555
3.3994	0.67517
3.4017	0.67494
3.4039	0.67474
3.4061	0.67416
3.4084	0.67401
3.4106	0.67317
3.4129	0.67260
3.4151	0.67270
3.4174	0.67337
3.4196	0.67440
3.4219	0.67606
3.4241	0.67772
3.4264	0.67979
3.4287	0.68241
3.4309	0.68516
3.4332	0.68704
3.4355	0.68879
3.4378	0.69056
3.44	0.69240
3.4423	0.69384
3.4446	0.69482
3.4469	0.69577
3.4492	0.69712
3.4515	0.69831
3.4538	0.69920
3.4561	0.69990
3.4584	0.70067
3.4607	0.70133
3.463	0.70217
3.4653	0.70240
3.4676	0.70258
3.47	0.70254
3.4723	0.70297
3.4746	0.70340
3.477	0.70375
3.4793	0.70378
3.4816	0.70391
3.484	0.70399
3.4863	0.70416
3.4887	0.70375
3.491	0.70292
3.4934	0.70193
3.4957	0.70155
3.4981	0.70067
3.5004	0.69969
3.5028	0.69960
3.5052	0.70039
3.5075	0.70135
3.5099	0.70279
3.5123	0.70405
3.5147	0.70522
3.5171	0.70630
3.5194	0.70710
3.5218	0.70736
3.5242	0.70770
3.5266	0.70808
3.529	0.70847
3.5314	0.70809
3.5338	0.70797
3.5362	0.70779
3.5387	0.70776
3.5411	0.70761
3.5435	0.70712
3.5459	0.70617
3.5483	0.70637
3.5508	0.70610
3.5532	0.70534
3.5556	0.70490
3.5581	0.70490
3.5605	0.70440
3.563	0.70405
3.5654	0.70344
3.5679	0.70303
3.5703	0.70261
3.5728	0.70246
3.5753	0.70171
3.5777	0.70136
3.5802	0.70101
3.5827	0.70093
3.5852	0.70011
3.5876	0.69968
3.5901	0.69953
3.5926	0.69941
3.5951	0.69905
3.5976	0.69861
3.6001	0.69825
3.6026	0.69814
3.6051	0.69795
3.6076	0.69810
3.6101	0.69834
3.6126	0.69829
3.6152	0.69826
3.6177	0.69833
3.6202	0.69797
3.6227	0.69779
3.6253	0.69793
3.6278	0.69808
3.6303	0.69792
3.6329	0.69823
3.6354	0.69794
3.638	0.69764
3.6405	0.69748
3.6431	0.69769
3.6457	0.69718
3.6482	0.69645
3.6508	0.69587
3.6534	0.69555
3.6559	0.69500
3.6585	0.69469
3.6611	0.69374
3.6637	0.69271
3.6663	0.69158
3.6689	0.69049
3.6715	0.68920
3.6741	0.68771
3.6767	0.68601
3.6793	0.68441
3.6819	0.68247
3.6845	0.68021
3.6872	0.67829
3.6898	0.67662
3.6924	0.67451
3.695	0.67237
3.6977	0.67013
3.7003	0.66797
3.703	0.66558
3.7056	0.66342
3.7083	0.66129
3.7109	0.65982
3.7136	0.65791
3.7162	0.65584
3.7189	0.65370
3.7216	0.65218
3.7242	0.65086
3.7269	0.64981
3.7296	0.64858
3.7323	0.64758
3.735	0.64664
3.7377	0.64580
3.7404	0.64537
3.7431	0.64524
3.7458	0.64531
3.7485	0.64576
3.7512	0.64590
3.7539	0.64591
3.7566	0.64638
3.7593	0.64734
3.7621	0.64802
3.7648	0.64892
3.7675	0.64982
3.7703	0.65101
3.773	0.65239
3.7758	0.65341
3.7785	0.65401
3.7813	0.65494
3.784	0.65577
3.7868	0.65674
3.7896	0.65744
3.7923	0.65811
3.7951	0.65866
3.7979	0.65876
3.8007	0.65871
3.8035	0.65870
3.8063	0.65858
3.8091	0.65844
3.8119	0.65804
3.8147	0.65721
3.8175	0.65649
3.8203	0.65609
3.8231	0.65534
3.8259	0.65464
3.8288	0.65379
3.8316	0.65300
3.8344	0.65214
3.8373	0.65154
3.8401	0.65066
3.8429	0.65006
3.8458	0.64947
3.8487	0.64896
3.8515	0.64843
3.8544	0.64858
3.8572	0.64855
3.8601	0.64878
3.863	0.64883
3.8659	0.64917
3.8688	0.64970
3.8716	0.65048
3.8745	0.65123
3.8774	0.65244
3.8803	0.65356
3.8832	0.65491
3.8862	0.65592
3.8891	0.65679
3.892	0.65757
3.8949	0.65894
3.8978	0.66028
3.9008	0.66138
3.9037	0.66171
3.9067	0.66233
3.9096	0.66305
3.9126	0.66387
3.9155	0.66403
3.9185	0.66420
3.9214	0.66422
3.9244	0.66397
3.9274	0.66349
3.9304	0.66273
3.9333	0.66163
3.9363	0.66086
3.9393	0.65966
3.9423	0.65842
3.9453	0.65711
3.9483	0.65581
3.9513	0.65416
3.9543	0.65268
3.9574	0.65065
3.9604	0.64885
3.9634	0.64704
3.9664	0.64512
3.9695	0.64323
3.9725	0.64171
3.9756	0.63996
3.9786	0.63832
3.9817	0.63661
3.9847	0.63524
3.9878	0.63392
3.9909	0.63263
3.9939	0.63140
3.997	0.63063
4.0001	0.62972
4.0032	0.62902
4.0063	0.62827
4.0094	0.62789
4.0125	0.62753
4.0156	0.62728
4.0187	0.62690
4.0218	0.62705
4.0249	0.62735
4.0281	0.62771
4.0312	0.62772
4.0343	0.62796
4.0375	0.62829
4.0406	0.62886
4.0438	0.62903
4.0469	0.62910
4.0501	0.62949
4.0533	0.62982
4.0564	0.62952
4.0596	0.62936
4.0628	0.62898
4.066	0.62869
4.0692	0.62800
4.0724	0.62693
4.0756	0.62565
4.0788	0.62422
4.082	0.62237
4.0852	0.62052
4.0884	0.61859
4.0917	0.61674
4.0949	0.61471
4.0981	0.61245
4.1014	0.60964
4.1046	0.60715
4.1079	0.60450
4.1111	0.60213
4.1144	0.59944
4.1177	0.59679
4.1209	0.59425
4.1242	0.59175
4.1275	0.58917
4.1308	0.58662
4.1341	0.58405
4.1374	0.58195
4.1407	0.57996
4.144	0.57809
4.1473	0.57614
4.1506	0.57432
4.154	0.57207
4.1573	0.57005
4.1606	0.56823
4.164	0.56664
4.1673	0.56459
4.1707	0.56249
4.174	0.56013
4.1774	0.55765
4.1808	0.55460
4.1841	0.55183
4.1875	0.54905
4.1909	0.54635
4.1943	0.54356
4.1977	0.54067
4.2011	0.53709
4.2045	0.53338
4.2079	0.52859
4.2113	0.52252
4.2147	0.51463
4.2182	0.50584
4.2216	0.49636
4.225	0.48675
4.2285	0.47753
4.2319	0.47060
4.2354	0.46585
4.2389	0.46386
4.2423	0.46438
4.2458	0.46671
4.2493	0.46953
4.2528	0.47187
4.2563	0.47196
4.2598	0.46883
4.2633	0.46102
4.2668	0.45160
4.2703	0.44554
4.2738	0.44481
4.2773	0.44694
4.2809	0.44928
4.2844	0.45135
4.288	0.45384
4.2915	0.45699
4.2951	0.46102
4.2986	0.46557
4.3022	0.47108
4.3058	0.47666
4.3093	0.48255
4.3129	0.48860
4.3165	0.49450
4.3201	0.49978
4.3237	0.50461
4.3273	0.50793
4.3309	0.51041
4.3346	0.51197
4.3382	0.51230
4.3418	0.51144
4.3455	0.51031
4.3491	0.50841
4.3528	0.50558
4.3564	0.50174
4.3601	0.49752
4.3638	0.49254
4.3674	0.48713
4.3711	0.48108
4.3748	0.47475
4.3785	0.46821
4.3822	0.46178
4.3859	0.45497
4.3896	0.44804
4.3933	0.44082
4.3971	0.43418
4.4008	0.42814
4.4045	0.42229
4.4083	0.41643
4.412	0.41125
4.4158	0.40643
4.4196	0.40153
4.4233	0.39665
4.4271	0.39210
4.4309	0.38779
4.4347	0.38411
4.4385	0.38066
4.4423	0.37781
4.4461	0.37468
4.4499	0.37093
4.4537	0.36620
4.4576	0.36098
4.4614	0.35566
4.4652	0.35162
4.4691	0.34921
4.4729	0.34909
4.4768	0.35051
4.4807	0.35326
4.4845	0.35652
4.4884	0.35992
4.4923	0.36318
4.4962	0.36731
4.5001	0.37291
4.504	0.38050
4.5079	0.38972
4.5119	0.40081
4.5158	0.41285
4.5197	0.42493
4.5237	0.43657
4.5276	0.44747
4.5316	0.45767
4.5356	0.46736
4.5395	0.47588
4.5435	0.48424
4.5475	0.49193
4.5515	0.49901
4.5555	0.50493
4.5595	0.51004
4.5635	0.51384
4.5675	0.51657
4.5715	0.51860
4.5756	0.52034
4.5796	0.52116
4.5837	0.52144
4.5877	0.52099
4.5918	0.52043
4.5959	0.51951
4.5999	0.51804
4.604	0.51597
4.6081	0.51389
4.6122	0.51126
4.6163	0.50822
4.6204	0.50470
4.6246	0.50087
4.6287	0.49591
4.6328	0.49028
4.637	0.48364
4.6411	0.47656
4.6453	0.46890
4.6494	0.46093
4.6536	0.45287
4.6578	0.44513
4.662	0.43707
4.6662	0.42811
4.6704	0.41866
4.6746	0.40984
4.6788	0.40240
4.683	0.39751
4.6873	0.39610
4.6915	0.39926
4.6958	0.40610
4.7	0.41517
4.7043	0.42386
4.7086	0.43146
4.7129	0.43762
4.7171	0.44201
4.7214	0.44472
4.7257	0.44644
4.7301	0.44693
4.7344	0.44661
4.7387	0.44537
4.743	0.44393
4.7474	0.44212
4.7517	0.43998
4.7561	0.43704
4.7605	0.43396
4.7648	0.43094
4.7692	0.42770
4.7736	0.42387
4.778	0.41972
4.7824	0.41544
4.7868	0.41131
4.7913	0.40682
4.7957	0.40206
4.8001	0.39704
4.8046	0.39210
4.809	0.38689
4.8135	0.38134
4.818	0.37556
4.8225	0.36977
4.8269	0.36351
4.8314	0.35733
4.8359	0.35055
4.8405	0.34360
4.845	0.33613
4.8495	0.32816
4.8541	0.31944
4.8586	0.31035
4.8632	0.30035
4.8677	0.28952
4.8723	0.27781
4.8769	0.26510
4.8815	0.25125
4.8861	0.23637
4.8907	0.22026
4.8953	0.20308
4.8999	0.18579
4.9046	0.16905
4.9092	0.15307
4.9139	0.13924
4.9185	0.12788
4.9232	0.11850
4.9279	0.11098
4.9326	0.10536
4.9373	0.10158
4.942	0.09874
4.9467	0.09570
4.9514	0.09227
4.9562	0.08838
4.9609	0.08401
4.9656	0.07875
4.9704	0.07319
4.9752	0.06791
4.98	0.06331
4.9847	0.05968
4.9895	0.05693
4.9943	0.05487
4.9992	0.05343
5.004	0.05243
5.0088	0.05153
5.0137	0.05100
5.0185	0.05089
5.0234	0.05077
5.0283	0.05089
5.0331	0.05119
5.038	0.05160
5.0429	0.05174
5.0478	0.05169
5.0528	0.05188
5.0577	0.05216
5.0626	0.05232
5.0676	0.05249
5.0725	0.05307
5.0775	0.05427
5.0825	0.05573
5.0875	0.05751
5.0925	0.05966
5.0975	0.06196
5.1025	0.06403
5.1075	0.06572
5.1126	0.06678
5.1176	0.06739
5.1227	0.06769
5.1277	0.06754
5.1328	0.06739
5.1379	0.06785
5.143	0.06862
5.1481	0.06949
5.1532	0.07035
5.1583	0.07108
5.1635	0.07199
5.1686	0.07286
5.1738	0.07343
5.179	0.07425
5.1841	0.07522
5.1893	0.07588
5.1945	0.07612
5.1997	0.07602
5.205	0.07520
5.2102	0.07329
5.2154	0.07063
5.2207	0.06690
5.2259	0.06224
5.2312	0.05731
5.2365	0.05239
5.2418	0.04767
5.2471	0.04321
5.2524	0.03939
5.2577	0.03617
5.2631	0.03371
5.2684	0.03156
5.2738	0.02951
5.2792	0.02787
5.2845	0.02657
5.2899	0.02573
5.2953	0.02516
5.3008	0.02439
5.3062	0.02380
5.3116	0.02339
5.3171	0.02318
5.3225	0.02283
5.328	0.02253
5.3335	0.02249
5.339	0.02249
5.3445	0.02243
5.35	0.02231
5.3555	0.02252
5.361	0.02268
5.3666	0.02300
5.3722	0.02384
5.3777	0.02506
5.3833	0.02673
5.3889	0.02887
5.3945	0.03162
5.4001	0.03517
5.4058	0.03947
5.4114	0.04448
5.4171	0.04994
5.4227	0.05528
5.4284	0.06072
5.4341	0.06568
5.4398	0.07019
5.4455	0.07378
5.4512	0.07626
5.457	0.07756
5.4627	0.07789
5.4685	0.07707
5.4743	0.07554
5.4801	0.07351
5.4859	0.07108
5.4917	0.06845
5.4975	0.06555
5.5033	0.06276
5.5092	0.06008
5.515	0.05721
5.5209	0.05460
5.5268	0.05213
5.5327	0.04969
5.5386	0.04761
5.5445	0.04583
5.5505	0.04434
5.5564	0.04299
5.5624	0.04188
5.5684	0.04110
5.5743	0.04038
5.5803	0.04017
5.5864	0.04040
5.5924	0.04062
5.5984	0.04108
5.6045	0.04192
5.6105	0.04302
5.6166	0.04450
5.6227	0.04625
5.6288	0.04863
5.6349	0.05179
5.6411	0.05561
5.6472	0.06096
5.6534	0.06704
5.6595	0.07361
5.6657	0.08121
5.6719	0.08892
5.6781	0.09662
5.6844	0.10358
5.6906	0.10927
5.6969	0.11409
5.7031	0.11762
5.7094	0.11998
5.7157	0.12179
5.722	0.12210
5.7283	0.12151
5.7347	0.11991
5.741	0.11813
5.7474	0.11622
5.7538	0.11423
5.7601	0.11158
5.7666	0.10972
5.773	0.10723
5.7794	0.10424
5.7859	0.10114
5.7923	0.09772
5.7988	0.09466
5.8053	0.09191
5.8118	0.08890
5.8183	0.08613
5.8249	0.08315
5.8314	0.07967
5.838	0.07613
5.8446	0.07275
5.8512	0.06923
5.8578	0.06587
5.8644	0.06274
5.871	0.05951
5.8777	0.05656
5.8844	0.05411
5.8911	0.05042
5.8978	0.04753
5.9045	0.04448
5.9112	0.04143
5.918	0.03891
5.9247	0.03678
5.9315	0.03536
5.9383	0.03456
5.9451	0.03391
5.9519	0.03386
5.9588	0.03455
5.9656	0.03566
5.9725	0.03716
5.9794	0.03916
5.9863	0.04118
5.9932	0.04324
6.0002	0.04530
6.0071	0.04723
6.0141	0.04906
6.0211	0.05056
6.0281	0.05167
6.0351	0.05238
6.0421	0.05296
6.0492	0.05353
6.0562	0.05396
6.0633	0.05354
6.0704	0.05335
6.0775	0.05287
6.0847	0.05158
6.0918	0.04984
6.099	0.04780
6.1062	0.04567
6.1134	0.04374
6.1206	0.04116
6.1278	0.03808
6.1351	0.03517
6.1423	0.03277
6.1496	0.03034
6.1569	0.02792
6.1643	0.02572
6.1716	0.02340
6.1789	0.02161
6.1863	0.02057
6.1937	0.01975
6.2011	0.01882
6.2085	0.01831
6.216	0.01807
6.2235	0.01797
6.2309	0.01809
6.2384	0.01850
6.2459	0.01890
6.2535	0.01942
6.261	0.02007
6.2686	0.02078
6.2762	0.02186
6.2838	0.02320
6.2914	0.02440
6.2991	0.02558
6.3067	0.02726
6.3144	0.02909
6.3221	0.03129
6.3298	0.03375
6.3376	0.03619
6.3453	0.03865
6.3531	0.04114
6.3609	0.04316
6.3687	0.04549
6.3765	0.04866
6.3844	0.05184
6.3923	0.05491
6.4002	0.05803
6.4081	0.06080
6.416	0.06362
6.424	0.06540
6.4319	0.06552
6.4399	0.06497
6.4479	0.06380
6.456	0.06245
6.464	0.06033
6.4721	0.05777
6.4802	0.05471
6.4883	0.05122
6.4964	0.04755
6.5046	0.04300
6.5127	0.03828
6.5209	0.03437
6.5291	0.03093
6.5374	0.02797
6.5456	0.02596
6.5539	0.02483
6.5622	0.02398
6.5705	0.02390
6.5789	0.02452
6.5872	0.02510
6.5956	0.02549
6.604	0.02611
6.6124	0.02652
6.6209	0.02703
6.6293	0.02750
6.6378	0.02788
6.6463	0.02818
6.6549	0.02794
6.6634	0.02733
6.672	0.02649
6.6806	0.02565
6.6892	0.02486
6.6978	0.02397
6.7065	0.02341
6.7152	0.02345
6.7239	0.02354
6.7326	0.02380
6.7414	0.02429
6.7502	0.02478
6.759	0.02554
6.7678	0.02628
6.7766	0.02720
6.7855	0.02823
6.7944	0.02908
6.8033	0.02977
6.8123	0.03021
6.8212	0.03061
6.8302	0.03102
6.8392	0.03135
6.8483	0.03164
6.8573	0.03201
6.8664	0.03242
6.8755	0.03274
6.8846	0.03308
6.8938	0.03321
6.903	0.03315
6.9122	0.03311
6.9214	0.03270
6.9307	0.03210
6.9399	0.03148
6.9492	0.03076
6.9586	0.02957
6.9679	0.02836
6.9773	0.02734
6.9867	0.02629
6.9961	0.02531
7.0056	0.02436
7.0151	0.02338
7.0246	0.02231
7.0341	0.02116
7.0437	0.01997
7.0532	0.01910
7.0629	0.01810
7.0725	0.01750
7.0822	0.01685
7.0918	0.01610
7.1016	0.01526
7.1113	0.01447
7.1211	0.01348
7.1309	0.01244
7.1407	0.01134
7.1505	0.01026
7.1604	0.00932
7.1703	0.00858
7.1802	0.00788
7.1902	0.00722
7.2002	0.00650
7.2102	0.00583
7.2202	0.00520
7.2303	0.00482
7.2404	0.00419
7.2505	0.00342
7.2607	0.00286
7.2709	0.00255
7.2811	0.00224
7.2913	0.00194
7.3016	0.00159
7.3119	0.00124
7.3222	0.00093
7.3326	0.00098
7.343	0.00090
7.3534	0.00076
7.3638	0.00071
7.3743	0.00070
7.3848	0.00053
7.3953	0.00048
7.4059	0.00069
7.4165	0.00075
7.4271	0.00081
7.4378	0.00099
7.4485	0.00135
7.4592	0.00215
7.4699	0.00293
7.4807	0.00376
7.4915	0.00498
7.5024	0.00709
7.5132	0.00972
7.5241	0.01253
7.5351	0.01597
7.546	0.01990
7.557	0.02404
7.5681	0.02839
7.5791	0.03291
7.5902	0.03774
7.6014	0.04290
7.6125	0.04813
7.6237	0.05383
7.635	0.06021
7.6462	0.06728
7.6575	0.07474
7.6688	0.08226
7.6802	0.08927
7.6916	0.09584
7.703	0.10190
7.7145	0.10769
7.726	0.11329
7.7375	0.11879
7.7491	0.12427
7.7607	0.12950
7.7723	0.13403
7.784	0.13796
7.7957	0.14125
7.8074	0.14453
7.8192	0.14849
7.831	0.15321
7.8429	0.15887
7.8548	0.16585
7.8667	0.17335
7.8786	0.18158
7.8906	0.19069
7.9026	0.20064
7.9147	0.21067
7.9268	0.22140
7.939	0.23255
7.9511	0.24390
7.9633	0.25509
7.9756	0.26628
7.9879	0.27600
8.0002	0.28458
8.0126	0.29278
8.025	0.30115
8.0374	0.30992
8.0499	0.31957
8.0624	0.32982
8.075	0.34129
8.0876	0.35322
8.1002	0.36564
8.1129	0.37867
8.1256	0.39284
8.1384	0.40816
8.1512	0.42416
8.164	0.43855
8.1769	0.45074
8.1898	0.45958
8.2027	0.46615
8.2157	0.47027
8.2288	0.47263
8.2419	0.47315
8.255	0.47274
8.2682	0.47091
8.2814	0.46881
8.2946	0.46651
8.3079	0.46456
8.3212	0.46247
8.3346	0.46078
8.348	0.45892
8.3615	0.45779
8.375	0.45667
8.3886	0.45618
8.4022	0.45544
8.4158	0.45466
8.4295	0.45360
8.4432	0.45265
8.457	0.45137
8.4708	0.45057
8.4847	0.44911
8.4986	0.44765
8.5125	0.44520
8.5265	0.44186
8.5406	0.43690
8.5547	0.42939
8.5688	0.41768
8.583	0.40048
8.5972	0.37406
8.6115	0.33868
8.6258	0.30416
8.6402	0.29051
8.6546	0.30820
8.6691	0.34293
8.6836	0.37430
8.6982	0.39632
8.7128	0.41040
8.7275	0.42025
8.7422	0.42784
8.757	0.43391
8.7718	0.43862
8.7867	0.44369
8.8016	0.44931
8.8166	0.45560
8.8316	0.46212
8.8466	0.46879
8.8618	0.47479
8.8769	0.48070
8.8922	0.48622
8.9074	0.49149
8.9228	0.49595
8.9382	0.50013
8.9536	0.50400
8.9691	0.50788
8.9846	0.51094
9.0002	0.51432
9.0159	0.51721
9.0316	0.51983
9.0474	0.52137
9.0632	0.52291
9.079	0.52356
9.095	0.52436
9.111	0.52479
9.127	0.52497
9.1431	0.52408
9.1593	0.52314
9.1755	0.52149
9.1917	0.51892
9.2081	0.51562
9.2244	0.51213
9.2409	0.50770
9.2574	0.50307
9.2739	0.49685
9.2906	0.48885
9.3072	0.47722
9.324	0.46097
9.3408	0.43852
9.3576	0.41123
9.3746	0.38078
9.3915	0.34884
9.4086	0.31654
9.4257	0.28691
9.4429	0.26115
9.4601	0.23972
9.4774	0.22231
9.4948	0.20807
9.5122	0.19586
9.5297	0.18520
9.5472	0.17606
9.5648	0.16790
9.5825	0.16064
9.6003	0.15440
9.6181	0.14948
9.6359	0.14529
9.6539	0.14096
9.6719	0.13651
9.69	0.13218
9.7081	0.12833
9.7263	0.12461
9.7446	0.12138
9.763	0.11829
9.7814	0.11533
9.7999	0.11256
9.8184	0.10978
9.8371	0.10759
9.8558	0.10523
9.8745	0.10275
9.8934	0.10091
9.9123	0.09926
9.9313	0.09780
9.9504	0.09585
9.9695	0.09411
9.9887	0.09266
10.008	0.09119
10.0273	0.08972
10.0468	0.08812
10.0663	0.08709
10.0859	0.08612
10.1055	0.08485
10.1253	0.08379
10.1451	0.08294
10.165	0.08214
10.1849	0.08116
10.205	0.08021
10.2251	0.07915
10.2453	0.07830
10.2656	0.07753
10.286	0.07707
10.3064	0.07676
10.327	0.07626
10.3476	0.07561
10.3683	0.07486
10.389	0.07393
10.4099	0.07348
10.4309	0.07289
10.4519	0.07256
10.473	0.07233
10.4942	0.07196
10.5155	0.07194
10.5369	0.07159
10.5583	0.07077
10.5799	0.07019
10.6015	0.06975
10.6232	0.06930
10.645	0.06882
10.6669	0.06896
10.6889	0.06909
10.711	0.06867
10.7332	0.06833
10.7555	0.06843
10.7778	0.06834
10.8003	0.06788
10.8228	0.06763
10.8455	0.06786
10.8682	0.06784
10.891	0.06771
10.914	0.06780
10.937	0.06749
10.9601	0.06711
10.9833	0.06631
11.0067	0.06587
11.0301	0.06585
11.0536	0.06557
11.0772	0.06508
11.1009	0.06458
11.1248	0.06393
11.1487	0.06318
11.1727	0.06286
11.1968	0.06233
11.2211	0.06186
11.2454	0.06178
11.2699	0.06131
11.2944	0.06091
11.3191	0.06087
11.3438	0.06028
11.3687	0.05968
11.3937	0.05927
11.4188	0.05870
11.444	0.05764
11.4693	0.05677
11.4948	0.05599
11.5203	0.05545
11.546	0.05478
11.5717	0.05425
11.5976	0.05382
11.6236	0.05340
11.6497	0.05299
11.676	0.05229
11.7023	0.05165
11.7288	0.05067
11.7554	0.04951
11.7821	0.04834
11.809	0.04754
11.8359	0.04639
11.863	0.04449
11.8902	0.04315
11.9176	0.04204
11.945	0.04024
11.9726	0.03872
12.0003	0.03731
12.0282	0.03579
12.0561	0.03406
12.0842	0.03191
12.1125	0.02937
12.1408	0.02658
12.1693	0.02429
12.198	0.02274
12.2267	0.02066
12.2556	0.01858
12.2847	0.01733
12.3139	0.01837
12.3432	0.02457
12.3726	0.03906
12.4022	0.06018
12.432	0.08150
12.4619	0.09733
12.4919	0.10590
12.5221	0.10844
12.5524	0.10614
12.5829	0.10005
12.6135	0.09309
12.6442	0.08885
12.6751	0.09036
12.7062	0.09775
12.7374	0.10823
12.7688	0.11752
12.8003	0.12258
12.832	0.12325
12.8639	0.11905
12.8959	0.11084
12.928	0.10056
12.9603	0.09121
12.9928	0.08337
13.0255	0.07739
13.0583	0.07259
13.0913	0.06925
13.1244	0.06715
13.1577	0.06517
13.1912	0.06279
13.2248	0.06136
13.2587	0.06074
13.2927	0.05981
13.3268	0.05872
13.3612	0.05837
13.3957	0.05826
13.4304	0.05799
13.4653	0.05772
13.5004	0.05739
13.5356	0.05671
13.571	0.05657
13.6067	0.05639
13.6425	0.05615
13.6785	0.05640
13.7146	0.05644
13.751	0.05586
13.7876	0.05590
13.8244	0.05559
13.8613	0.05437
13.8985	0.05379
13.9358	0.05293
13.9734	0.05145
14.0112	0.05024
14.0491	0.04881
14.0873	0.04707
14.1257	0.04565
14.1643	0.04384
14.2031	0.04130
14.2421	0.03831
14.2814	0.03606
14.3208	0.03565
14.3605	0.03857
14.4004	0.04489
14.4405	0.05079
14.4808	0.05198
14.5214	0.05154
14.5622	0.05099
14.6032	0.05037
14.6444	0.05043
14.6859	0.05125
14.7277	0.05219
14.7696	0.05371
14.8118	0.05560
14.8543	0.05739
14.8969	0.05913
14.9399	0.06063
14.983	0.06191
15.0265	0.06196
15.0702	0.06285
15.1141	0.06488
15.1583	0.06681
15.2027	0.06868
15.2475	0.07044
15.2924	0.07115
15.3377	0.07147
15.3832	0.07179
15.429	0.07155
15.475	0.07201
15.5214	0.07329
15.568	0.07406
15.6149	0.07482
15.662	0.07511
15.7095	0.07580
15.7572	0.07674
15.8053	0.07775
15.8536	0.07871
15.9023	0.07942
15.9512	0.07975
16.0004	0.08027
16.05	0.08068
16.0998	0.08068
16.15	0.08026
16.2004	0.07959
16.2512	0.07939
16.3023	0.08052
16.3537	0.08175
16.4055	0.08267
16.4576	0.08353
16.51	0.08343
16.5627	0.08361
16.6158	0.08427
16.6692	0.08412
16.723	0.08384
16.7771	0.08353
16.8316	0.08318
16.8864	0.08248
16.9416	0.08128
16.9972	0.08021
17.0531	0.07916
17.1094	0.07837
17.166	0.07698
17.223	0.07465
17.2805	0.07233
17.3382	0.07032
17.3964	0.06791
17.455	0.06520
17.514	0.06349
17.5733	0.06237
17.6331	0.06195
17.6933	0.06373
17.7539	0.06728
17.8149	0.07459
17.8763	0.08539
17.9382	0.09951
18.0005	0.11558
18.0632	0.13289
18.1263	0.15269
18.1899	0.17088
18.254	0.18254
18.3185	0.18730
18.3835	0.18728
18.4489	0.18535
18.5148	0.18144
18.5811	0.17442
18.648	0.16587
18.7153	0.15691
18.7831	0.14834
18.8514	0.13981
18.9202	0.13292
18.9895	0.12871
19.0593	0.12821
19.1297	0.13136
19.2005	0.13842
19.2719	0.14985
19.3438	0.16469
19.4162	0.18169
19.4892	0.19912
19.5628	0.21691
19.6369	0.24020
19.7115	0.27479
19.7868	0.31726
19.8626	0.34937
19.939	0.36691
20.016	0.37546
20.0935	0.37947
20.1717	0.38339
20.2505	0.38630
20.3299	0.38678
20.41	0.38609
20.4907	0.38421
20.572	0.37960
20.6539	0.37415
20.7365	0.37147
20.8198	0.36835
20.9038	0.36264
20.9884	0.35522
21.0737	0.34901
21.1597	0.34382
21.2465	0.33606
21.3339	0.32568
21.422	0.31531
21.5109	0.30716
21.6006	0.29927
21.6909	0.29081
21.7821	0.28126
21.874	0.27309
21.9667	0.26467
22.0601	0.25060
22.1544	0.23817
22.2495	0.22740
22.3454	0.20686
22.4421	0.18210
22.5397	0.16021
22.6381	0.14438
22.7374	0.13463
22.8376	0.12710
22.9387	0.11928
23.0406	0.11013
23.1435	0.10291
23.2472	0.09753
23.352	0.09300
23.4576	0.09095
23.5643	0.08722
23.6718	0.08545
23.7804	0.08057
23.89	0.07081
24.0006	0.06411
24.1123	0.06534
24.2249	0.06158
24.3387	0.05824
24.4535	0.05117
24.5694	0.04362
24.6864	0.03581
24.8045	0.03475
24.9237	0.06525
