Brown University Keck/NASA Relab Spectrum JB-CMP-153/995F153
Wavelength(micron)	Reflectance
0.35	0.82978
0.355	0.83658
0.36	0.84087
0.365	0.84520
0.37	0.84885
0.375	0.85293
0.38	0.85769
0.385	0.86080
0.39	0.86383
0.395	0.86554
0.4	0.86856
0.405	0.87195
0.41	0.87185
0.415	0.87255
0.42	0.87565
0.425	0.87873
0.43	0.88064
0.435	0.88407
0.44	0.88698
0.445	0.88828
0.45	0.89044
0.455	0.89235
0.46	0.89460
0.465	0.89576
0.47	0.89756
0.475	0.90019
0.48	0.89898
0.485	0.90072
0.49	0.90142
0.495	0.90263
0.5	0.90539
0.505	0.90549
0.51	0.90601
0.515	0.90690
0.52	0.90793
0.525	0.90740
0.53	0.90948
0.535	0.91093
0.54	0.91159
0.545	0.91379
0.55	0.91247
0.555	0.91420
0.56	0.91422
0.565	0.91557
0.57	0.91421
0.575	0.91668
0.58	0.91450
0.585	0.91617
0.59	0.91466
0.595	0.91550
0.6	0.91545
0.605	0.91651
0.61	0.91589
0.615	0.91539
0.62	0.91619
0.625	0.91610
0.63	0.91596
0.635	0.91599
0.64	0.91539
0.645	0.91596
0.65	0.91577
0.655	0.91749
0.66	0.91721
0.665	0.91777
0.67	0.91786
0.675	0.91782
0.68	0.91593
0.685	0.91642
0.69	0.91612
0.695	0.91712
0.7	0.91757
0.705	0.91709
0.71	0.91755
0.715	0.91744
0.72	0.91737
0.725	0.91776
0.73	0.91673
0.735	0.91902
0.74	0.91667
0.745	0.91670
0.75	0.91671
0.755	0.91685
0.76	0.91822
0.765	0.92039
0.77	0.92039
0.775	0.92102
0.78	0.92086
0.785	0.91956
0.79	0.91992
0.795	0.92059
0.8	0.92105
0.805	0.91954
0.81	0.92005
0.815	0.92019
0.82	0.91838
0.825	0.91971
0.83	0.91929
0.835	0.91768
0.84	0.91952
0.845	0.91894
0.85	0.91914
0.855	0.91985
0.86	0.92076
0.865	0.92030
0.87	0.91862
0.875	0.91828
0.88	0.91848
0.885	0.91808
0.89	0.91880
0.895	0.91944
0.9	0.91993
0.905	0.91853
0.91	0.91735
0.915	0.91994
0.92	0.91825
0.925	0.91834
0.93	0.91691
0.935	0.91688
0.94	0.91716
0.945	0.91681
0.95	0.91823
0.955	0.91776
0.96	0.91718
0.965	0.91823
0.97	0.91774
0.975	0.91798
0.98	0.91682
0.985	0.91731
0.99	0.91810
0.995	0.91664
1	0.91781
1.005	0.91705
1.01	0.91709
1.015	0.91762
1.02	0.91737
1.025	0.91783
1.03	0.91738
1.035	0.91685
1.04	0.91735
1.045	0.91843
1.05	0.91737
1.055	0.91767
1.06	0.91758
1.065	0.91831
1.07	0.91878
1.075	0.91843
1.08	0.91839
1.085	0.91690
1.09	0.91653
1.095	0.91761
1.1	0.91690
1.105	0.91630
1.11	0.91653
1.115	0.91670
1.12	0.91812
1.125	0.91862
1.13	0.91793
1.135	0.91819
1.14	0.91876
1.145	0.91838
1.15	0.91810
1.155	0.91821
1.16	0.91774
1.165	0.91754
1.17	0.91758
1.175	0.91800
1.18	0.91851
1.185	0.91857
1.19	0.91874
1.195	0.91866
1.2	0.92327
1.205	0.92241
1.21	0.92264
1.215	0.92227
1.22	0.92228
1.225	0.92272
1.23	0.92323
1.235	0.92391
1.24	0.92447
1.245	0.92319
1.25	0.92392
1.255	0.92394
1.26	0.92363
1.265	0.92473
1.27	0.92411
1.275	0.92317
1.28	0.92329
1.285	0.92356
1.29	0.92280
1.295	0.92286
1.3	0.92359
1.305	0.92375
1.31	0.92425
1.315	0.92406
1.32	0.92362
1.325	0.92423
1.33	0.92408
1.335	0.92344
1.34	0.92381
1.345	0.92348
1.35	0.92202
1.355	0.92113
1.36	0.92137
1.365	0.92296
1.37	0.92173
1.375	0.92026
1.38	0.92054
1.3758	0.92000
1.3766	0.91960
1.3773	0.91973
1.378	0.92026
1.3788	0.92022
1.3795	0.92009
1.3802	0.92009
1.381	0.91988
1.3817	0.92004
1.3824	0.91964
1.3832	0.91939
1.3839	0.91975
1.3847	0.91982
1.3854	0.91919
1.3861	0.91933
1.3869	0.91959
1.3876	0.91963
1.3884	0.91934
1.3891	0.91921
1.3898	0.91901
1.3906	0.91921
1.3913	0.91917
1.3921	0.91883
1.3928	0.91895
1.3936	0.91909
1.3943	0.91845
1.3951	0.91835
1.3958	0.91854
1.3966	0.91851
1.3973	0.91870
1.3981	0.91849
1.3988	0.91796
1.3996	0.91793
1.4004	0.91791
1.4011	0.91791
1.4019	0.91804
1.4026	0.91794
1.4034	0.91782
1.4042	0.91798
1.4049	0.91779
1.4057	0.91732
1.4064	0.91716
1.4072	0.91735
1.408	0.91746
1.4087	0.91716
1.4095	0.91717
1.4103	0.91760
1.411	0.91749
1.4118	0.91698
1.4126	0.91684
1.4133	0.91669
1.4141	0.91676
1.4149	0.91673
1.4157	0.91662
1.4164	0.91683
1.4172	0.91668
1.418	0.91620
1.4188	0.91624
1.4195	0.91648
1.4203	0.91682
1.4211	0.91702
1.4219	0.91674
1.4226	0.91626
1.4234	0.91643
1.4242	0.91664
1.425	0.91647
1.4258	0.91654
1.4266	0.91653
1.4273	0.91650
1.4281	0.91629
1.4289	0.91626
1.4297	0.91639
1.4305	0.91643
1.4313	0.91653
1.4321	0.91667
1.4329	0.91638
1.4337	0.91631
1.4345	0.91647
1.4353	0.91650
1.436	0.91638
1.4368	0.91655
1.4376	0.91668
1.4384	0.91661
1.4392	0.91659
1.44	0.91655
1.4408	0.91673
1.4416	0.91661
1.4424	0.91673
1.4432	0.91660
1.444	0.91661
1.4449	0.91659
1.4457	0.91672
1.4465	0.91655
1.4473	0.91638
1.4481	0.91652
1.4489	0.91658
1.4497	0.91657
1.4505	0.91679
1.4513	0.91683
1.4521	0.91676
1.453	0.91655
1.4538	0.91628
1.4546	0.91615
1.4554	0.91624
1.4562	0.91663
1.457	0.91683
1.4579	0.91660
1.4587	0.91642
1.4595	0.91667
1.4603	0.91695
1.4611	0.91694
1.462	0.91694
1.4628	0.91674
1.4636	0.91675
1.4644	0.91658
1.4653	0.91671
1.4661	0.91698
1.4669	0.91706
1.4678	0.91703
1.4686	0.91706
1.4694	0.91685
1.4703	0.91681
1.4711	0.91686
1.4719	0.91708
1.4728	0.91721
1.4736	0.91721
1.4744	0.91716
1.4753	0.91774
1.4761	0.91777
1.477	0.91736
1.4778	0.91722
1.4786	0.91711
1.4795	0.91713
1.4803	0.91760
1.4812	0.91784
1.482	0.91792
1.4829	0.91780
1.4837	0.91772
1.4846	0.91762
1.4854	0.91759
1.4863	0.91779
1.4871	0.91797
1.488	0.91801
1.4888	0.91792
1.4897	0.91784
1.4906	0.91796
1.4914	0.91820
1.4923	0.91863
1.4931	0.91883
1.494	0.91844
1.4948	0.91820
1.4957	0.91814
1.4966	0.91784
1.4974	0.91800
1.4983	0.91843
1.4992	0.91888
1.5	0.91855
1.5009	0.91838
1.5018	0.91863
1.5026	0.91870
1.5035	0.91870
1.5044	0.91877
1.5053	0.91873
1.5061	0.91885
1.507	0.91876
1.5079	0.91866
1.5088	0.91857
1.5096	0.91888
1.5105	0.91911
1.5114	0.91888
1.5123	0.91889
1.5132	0.91880
1.5141	0.91898
1.5149	0.91904
1.5158	0.91892
1.5167	0.91888
1.5176	0.91890
1.5185	0.91879
1.5194	0.91892
1.5203	0.91912
1.5212	0.91918
1.5221	0.91932
1.523	0.91957
1.5238	0.91975
1.5247	0.91934
1.5256	0.91907
1.5265	0.91921
1.5274	0.91926
1.5283	0.91927
1.5292	0.91936
1.5301	0.91946
1.531	0.91943
1.532	0.91939
1.5329	0.91952
1.5338	0.91941
1.5347	0.91931
1.5356	0.91956
1.5365	0.91975
1.5374	0.91958
1.5383	0.91979
1.5392	0.91978
1.5401	0.91969
1.5411	0.92015
1.542	0.91985
1.5429	0.91946
1.5438	0.91944
1.5447	0.91955
1.5457	0.91941
1.5466	0.91935
1.5475	0.91953
1.5484	0.91950
1.5494	0.91936
1.5503	0.91980
1.5512	0.91984
1.5521	0.91957
1.5531	0.91955
1.554	0.91979
1.5549	0.92009
1.5559	0.91981
1.5568	0.91964
1.5577	0.91955
1.5587	0.91978
1.5596	0.92013
1.5605	0.92018
1.5615	0.92012
1.5624	0.91990
1.5634	0.91996
1.5643	0.92018
1.5653	0.92018
1.5662	0.91983
1.5672	0.91973
1.5681	0.91980
1.569	0.91989
1.57	0.91969
1.571	0.91981
1.5719	0.92008
1.5729	0.92007
1.5738	0.91989
1.5748	0.91981
1.5757	0.91972
1.5767	0.91994
1.5776	0.91996
1.5786	0.91982
1.5796	0.92012
1.5805	0.92022
1.5815	0.92013
1.5825	0.92038
1.5834	0.92038
1.5844	0.92017
1.5854	0.91965
1.5863	0.91954
1.5873	0.91981
1.5883	0.92006
1.5893	0.92020
1.5902	0.92028
1.5912	0.92030
1.5922	0.92022
1.5932	0.91993
1.5941	0.91969
1.5951	0.91993
1.5961	0.92000
1.5971	0.91992
1.5981	0.92008
1.5991	0.92010
1.6	0.92015
1.601	0.91991
1.602	0.91989
1.603	0.91991
1.604	0.91985
1.605	0.92005
1.606	0.92023
1.607	0.92025
1.608	0.92020
1.609	0.92011
1.61	0.92018
1.611	0.92019
1.612	0.92012
1.613	0.91988
1.614	0.91965
1.615	0.91988
1.616	0.91976
1.617	0.91988
1.618	0.92011
1.619	0.91993
1.62	0.91975
1.6211	0.91979
1.6221	0.91960
1.6231	0.91931
1.6241	0.91933
1.6251	0.91936
1.6261	0.91954
1.6272	0.91963
1.6282	0.91970
1.6292	0.91976
1.6302	0.91969
1.6313	0.91985
1.6323	0.91978
1.6333	0.91964
1.6343	0.91970
1.6354	0.91962
1.6364	0.91966
1.6374	0.91956
1.6385	0.91969
1.6395	0.91963
1.6405	0.91949
1.6416	0.91966
1.6426	0.91980
1.6437	0.91986
1.6447	0.91976
1.6458	0.91955
1.6468	0.91943
1.6478	0.91955
1.6489	0.91959
1.6499	0.91951
1.651	0.91932
1.6521	0.91939
1.6531	0.91970
1.6542	0.91962
1.6552	0.91949
1.6563	0.91927
1.6573	0.91932
1.6584	0.91948
1.6595	0.91969
1.6605	0.91944
1.6616	0.91916
1.6626	0.91939
1.6637	0.91955
1.6648	0.91947
1.6659	0.91966
1.6669	0.91977
1.668	0.91960
1.6691	0.91989
1.6701	0.92000
1.6712	0.91988
1.6723	0.91969
1.6734	0.91960
1.6745	0.91930
1.6755	0.91932
1.6766	0.91975
1.6777	0.91985
1.6788	0.91991
1.6799	0.92000
1.681	0.91996
1.6821	0.92005
1.6832	0.91987
1.6843	0.91977
1.6853	0.91992
1.6864	0.92009
1.6875	0.92041
1.6886	0.92064
1.6897	0.92065
1.6908	0.92065
1.692	0.92050
1.6931	0.92048
1.6942	0.92063
1.6953	0.92078
1.6964	0.92064
1.6975	0.92044
1.6986	0.92035
1.6997	0.92061
1.7008	0.92105
1.7019	0.92126
1.7031	0.92121
1.7042	0.92080
1.7053	0.92051
1.7064	0.92039
1.7076	0.92050
1.7087	0.92070
1.7098	0.92070
1.7109	0.92059
1.7121	0.92037
1.7132	0.91994
1.7143	0.91962
1.7155	0.91975
1.7166	0.92015
1.7177	0.92012
1.7189	0.91971
1.72	0.91953
1.7212	0.91976
1.7223	0.91997
1.7234	0.91986
1.7246	0.91963
1.7257	0.91952
1.7269	0.91934
1.728	0.91961
1.7292	0.92010
1.7304	0.92022
1.7315	0.91984
1.7327	0.91924
1.7338	0.91909
1.735	0.91966
1.7361	0.91996
1.7373	0.91977
1.7385	0.91963
1.7396	0.91972
1.7408	0.91990
1.742	0.91980
1.7432	0.91988
1.7443	0.91989
1.7455	0.91954
1.7467	0.91947
1.7479	0.91933
1.749	0.91932
1.7502	0.91945
1.7514	0.91932
1.7526	0.91912
1.7538	0.91905
1.755	0.91888
1.7561	0.91868
1.7573	0.91862
1.7585	0.91887
1.7597	0.91926
1.7609	0.91921
1.7621	0.91896
1.7633	0.91874
1.7645	0.91809
1.7657	0.91792
1.7669	0.91819
1.7681	0.91828
1.7693	0.91839
1.7705	0.91840
1.7717	0.91820
1.773	0.91814
1.7742	0.91817
1.7754	0.91819
1.7766	0.91828
1.7778	0.91835
1.779	0.91790
1.7803	0.91756
1.7815	0.91769
1.7827	0.91773
1.7839	0.91758
1.7852	0.91724
1.7864	0.91726
1.7876	0.91730
1.7889	0.91720
1.7901	0.91737
1.7913	0.91728
1.7926	0.91712
1.7938	0.91702
1.7951	0.91716
1.7963	0.91712
1.7976	0.91697
1.7988	0.91682
1.8	0.91693
1.8013	0.91692
1.8026	0.91681
1.8038	0.91671
1.8051	0.91706
1.8063	0.91712
1.8076	0.91692
1.8088	0.91699
1.8101	0.91687
1.8114	0.91638
1.8126	0.91660
1.8139	0.91691
1.8152	0.91669
1.8164	0.91648
1.8177	0.91670
1.819	0.91671
1.8203	0.91663
1.8216	0.91654
1.8228	0.91684
1.8241	0.91704
1.8254	0.91678
1.8267	0.91631
1.828	0.91638
1.8293	0.91634
1.8306	0.91604
1.8318	0.91611
1.8331	0.91638
1.8344	0.91610
1.8357	0.91580
1.837	0.91577
1.8383	0.91569
1.8397	0.91574
1.841	0.91566
1.8423	0.91547
1.8436	0.91555
1.8449	0.91583
1.8462	0.91582
1.8475	0.91551
1.8488	0.91530
1.8502	0.91581
1.8515	0.91588
1.8528	0.91532
1.8541	0.91524
1.8555	0.91532
1.8568	0.91510
1.8581	0.91493
1.8594	0.91496
1.8608	0.91482
1.8621	0.91478
1.8635	0.91472
1.8648	0.91457
1.8661	0.91443
1.8675	0.91367
1.8688	0.91309
1.8702	0.91313
1.8715	0.91284
1.8729	0.91276
1.8742	0.91245
1.8756	0.91199
1.8769	0.91147
1.8783	0.91120
1.8797	0.91087
1.881	0.91048
1.8824	0.91016
1.8838	0.90950
1.8851	0.90863
1.8865	0.90780
1.8879	0.90722
1.8893	0.90624
1.8906	0.90534
1.892	0.90461
1.8934	0.90381
1.8948	0.90300
1.8962	0.90200
1.8976	0.90111
1.899	0.90059
1.9003	0.89969
1.9017	0.89898
1.9031	0.89836
1.9045	0.89747
1.9059	0.89672
1.9073	0.89645
1.9087	0.89636
1.9101	0.89613
1.9116	0.89542
1.913	0.89492
1.9144	0.89481
1.9158	0.89457
1.9172	0.89450
1.9186	0.89439
1.92	0.89405
1.9215	0.89401
1.9229	0.89443
1.9243	0.89448
1.9258	0.89433
1.9272	0.89412
1.9286	0.89412
1.9301	0.89418
1.9315	0.89405
1.9329	0.89435
1.9344	0.89450
1.9358	0.89439
1.9373	0.89458
1.9387	0.89480
1.9402	0.89485
1.9416	0.89502
1.9431	0.89515
1.9445	0.89508
1.946	0.89541
1.9475	0.89598
1.9489	0.89636
1.9504	0.89614
1.9519	0.89616
1.9533	0.89639
1.9548	0.89662
1.9563	0.89671
1.9578	0.89691
1.9592	0.89704
1.9607	0.89720
1.9622	0.89735
1.9637	0.89749
1.9652	0.89781
1.9667	0.89810
1.9682	0.89836
1.9697	0.89879
1.9712	0.89922
1.9727	0.89942
1.9742	0.89947
1.9757	0.89950
1.9772	0.89994
1.9787	0.90021
1.9802	0.90032
1.9817	0.90032
1.9832	0.90062
1.9847	0.90110
1.9863	0.90117
1.9878	0.90151
1.9893	0.90173
1.9908	0.90182
1.9924	0.90175
1.9939	0.90208
1.9954	0.90265
1.997	0.90292
1.9985	0.90284
2.0001	0.90304
2.0016	0.90330
2.0031	0.90362
2.0047	0.90372
2.0062	0.90374
2.0078	0.90399
2.0094	0.90424
2.0109	0.90431
2.0125	0.90427
2.014	0.90447
2.0156	0.90456
2.0172	0.90461
2.0187	0.90492
2.0203	0.90508
2.0219	0.90511
2.0235	0.90522
2.0251	0.90543
2.0266	0.90550
2.0282	0.90563
2.0298	0.90593
2.0314	0.90634
2.033	0.90628
2.0346	0.90631
2.0362	0.90650
2.0378	0.90665
2.0394	0.90700
2.041	0.90725
2.0426	0.90727
2.0442	0.90714
2.0458	0.90711
2.0474	0.90718
2.0491	0.90739
2.0507	0.90728
2.0523	0.90738
2.0539	0.90762
2.0556	0.90777
2.0572	0.90787
2.0588	0.90800
2.0605	0.90800
2.0621	0.90806
2.0637	0.90820
2.0654	0.90857
2.067	0.90882
2.0687	0.90861
2.0703	0.90863
2.072	0.90883
2.0737	0.90888
2.0753	0.90886
2.077	0.90871
2.0786	0.90886
2.0803	0.90881
2.082	0.90872
2.0837	0.90912
2.0853	0.90919
2.087	0.90911
2.0887	0.90930
2.0904	0.90929
2.0921	0.90929
2.0938	0.90957
2.0954	0.90964
2.0971	0.90966
2.0988	0.90989
2.1005	0.90992
2.1022	0.90981
2.104	0.90971
2.1057	0.90973
2.1074	0.91008
2.1091	0.91020
2.1108	0.91010
2.1125	0.91025
2.1142	0.91027
2.116	0.91026
2.1177	0.91023
2.1194	0.91054
2.1212	0.91058
2.1229	0.91027
2.1246	0.91039
2.1264	0.91070
2.1281	0.91097
2.1299	0.91078
2.1316	0.91058
2.1334	0.91029
2.1351	0.91010
2.1369	0.90992
2.1387	0.91015
2.1404	0.91015
2.1422	0.91032
2.144	0.91072
2.1458	0.91075
2.1475	0.91063
2.1493	0.91069
2.1511	0.91052
2.1529	0.91049
2.1547	0.91053
2.1565	0.91045
2.1583	0.91052
2.1601	0.91049
2.1619	0.91023
2.1637	0.91005
2.1655	0.91019
2.1673	0.91022
2.1691	0.90998
2.1709	0.90971
2.1727	0.90965
2.1746	0.90983
2.1764	0.90947
2.1782	0.90923
2.18	0.90942
2.1819	0.90908
2.1837	0.90892
2.1856	0.90922
2.1874	0.90903
2.1892	0.90860
2.1911	0.90818
2.193	0.90816
2.1948	0.90806
2.1967	0.90787
2.1985	0.90766
2.2004	0.90735
2.2023	0.90668
2.2041	0.90664
2.206	0.90682
2.2079	0.90655
2.2098	0.90635
2.2117	0.90613
2.2136	0.90610
2.2154	0.90630
2.2173	0.90666
2.2192	0.90694
2.2211	0.90647
2.223	0.90609
2.225	0.90615
2.2269	0.90624
2.2288	0.90652
2.2307	0.90632
2.2326	0.90608
2.2345	0.90618
2.2365	0.90646
2.2384	0.90645
2.2403	0.90650
2.2423	0.90666
2.2442	0.90676
2.2462	0.90666
2.2481	0.90661
2.2501	0.90658
2.252	0.90656
2.254	0.90683
2.2559	0.90701
2.2579	0.90717
2.2599	0.90726
2.2618	0.90698
2.2638	0.90702
2.2658	0.90754
2.2678	0.90760
2.2698	0.90739
2.2718	0.90760
2.2737	0.90777
2.2757	0.90771
2.2777	0.90770
2.2797	0.90754
2.2817	0.90788
2.2838	0.90836
2.2858	0.90820
2.2878	0.90807
2.2898	0.90792
2.2918	0.90796
2.2939	0.90822
2.2959	0.90829
2.2979	0.90820
2.3	0.90825
2.302	0.90813
2.3041	0.90779
2.3061	0.90778
2.3082	0.90773
2.3102	0.90786
2.3123	0.90812
2.3143	0.90767
2.3164	0.90687
2.3185	0.90671
2.3206	0.90676
2.3226	0.90691
2.3247	0.90715
2.3268	0.90709
2.3289	0.90686
2.331	0.90645
2.3331	0.90611
2.3352	0.90633
2.3373	0.90617
2.3394	0.90577
2.3415	0.90561
2.3436	0.90584
2.3458	0.90562
2.3479	0.90533
2.35	0.90534
2.3521	0.90520
2.3543	0.90513
2.3564	0.90510
2.3586	0.90480
2.3607	0.90470
2.3629	0.90482
2.365	0.90453
2.3672	0.90401
2.3693	0.90380
2.3715	0.90378
2.3737	0.90371
2.3759	0.90361
2.378	0.90374
2.3802	0.90337
2.3824	0.90298
2.3846	0.90270
2.3868	0.90271
2.389	0.90246
2.3912	0.90209
2.3934	0.90194
2.3956	0.90146
2.3978	0.90091
2.4001	0.90072
2.4023	0.90075
2.4045	0.90036
2.4067	0.90010
2.409	0.90003
2.4112	0.89992
2.4135	0.89943
2.4157	0.89932
2.418	0.89912
2.4202	0.89860
2.4225	0.89825
2.4248	0.89813
2.427	0.89803
2.4293	0.89775
2.4316	0.89750
2.4339	0.89717
2.4362	0.89687
2.4384	0.89653
2.4407	0.89637
2.443	0.89597
2.4453	0.89548
2.4477	0.89532
2.45	0.89529
2.4523	0.89479
2.4546	0.89427
2.4569	0.89391
2.4593	0.89384
2.4616	0.89383
2.4639	0.89329
2.4663	0.89288
2.4686	0.89324
2.471	0.89293
2.4733	0.89197
2.4757	0.89135
2.4781	0.89096
2.4804	0.89056
2.4828	0.89049
2.4852	0.89014
2.4876	0.88977
2.49	0.88944
2.4924	0.88902
2.4948	0.88861
2.4972	0.88851
2.4996	0.88805
2.502	0.88791
2.5044	0.88768
2.5068	0.88735
2.5093	0.88738
2.5117	0.88714
2.5141	0.88676
2.5166	0.88644
2.519	0.88618
2.5215	0.88572
2.5239	0.88554
2.5264	0.88574
2.5288	0.88583
2.5313	0.88580
2.5338	0.88523
2.5363	0.88487
2.5388	0.88467
2.5412	0.88466
2.5437	0.88425
2.5462	0.88410
2.5487	0.88395
2.5512	0.88336
2.5538	0.88316
2.5563	0.88343
2.5588	0.88351
2.5613	0.88259
2.5639	0.88162
2.5664	0.88224
2.5689	0.88272
2.5715	0.88204
2.574	0.88146
2.5766	0.88121
2.5792	0.88129
2.5817	0.88140
2.5843	0.88027
2.5869	0.87968
2.5895	0.88029
2.5921	0.88095
2.5947	0.87889
2.5973	0.87701
2.5999	0.87977
2.6025	0.88009
2.6051	0.87793
2.6077	0.87667
2.6103	0.87726
2.613	0.87765
2.6156	0.87713
2.6183	0.87571
2.6209	0.87497
2.6236	0.87518
2.6262	0.87517
2.6289	0.87396
2.6315	0.87273
2.6342	0.87249
2.6369	0.87301
2.6396	0.87287
2.6423	0.87214
2.645	0.87071
2.6477	0.86924
2.6504	0.86850
2.6531	0.86741
2.6558	0.86582
2.6585	0.86481
2.6613	0.86333
2.664	0.86114
2.6667	0.85707
2.6695	0.85330
2.6722	0.85055
2.675	0.84871
2.6778	0.84465
2.6805	0.84051
2.6833	0.83746
2.6861	0.83318
2.6889	0.82829
2.6917	0.82261
2.6945	0.81419
2.6973	0.80408
2.7001	0.79519
2.7029	0.78618
2.7057	0.77846
2.7085	0.76971
2.7114	0.75901
2.7142	0.74973
2.7171	0.74279
2.7199	0.73311
2.7228	0.72177
2.7256	0.71050
2.7285	0.70099
2.7314	0.69214
2.7342	0.68170
2.7371	0.67028
2.74	0.65970
2.7429	0.64999
2.7458	0.64218
2.7487	0.63473
2.7517	0.62747
2.7517	0.62392
2.7531	0.62039
2.7546	0.61762
2.7561	0.61631
2.7575	0.61090
2.759	0.60564
2.7605	0.60184
2.7619	0.59951
2.7634	0.59747
2.7649	0.59420
2.7663	0.59099
2.7678	0.58928
2.7693	0.58594
2.7708	0.58309
2.7723	0.58062
2.7737	0.57728
2.7752	0.57362
2.7767	0.57139
2.7782	0.56872
2.7797	0.56554
2.7812	0.56285
2.7827	0.56106
2.7842	0.55884
2.7857	0.55686
2.7872	0.55534
2.7887	0.55287
2.7902	0.54963
2.7917	0.54744
2.7932	0.54540
2.7947	0.54398
2.7962	0.54276
2.7977	0.54138
2.7992	0.53916
2.8007	0.53728
2.8022	0.53549
2.8038	0.53461
2.8053	0.53276
2.8068	0.52998
2.8083	0.52780
2.8098	0.52571
2.8114	0.52294
2.8129	0.52124
2.8144	0.51990
2.8159	0.51845
2.8175	0.51623
2.819	0.51453
2.8205	0.51274
2.8221	0.51081
2.8236	0.50874
2.8251	0.50675
2.8267	0.50474
2.8282	0.50281
2.8298	0.50130
2.8313	0.49977
2.8329	0.49759
2.8344	0.49608
2.836	0.49440
2.8375	0.49303
2.8391	0.49189
2.8406	0.49030
2.8422	0.48837
2.8437	0.48653
2.8453	0.48532
2.8469	0.48416
2.8484	0.48197
2.85	0.48063
2.8516	0.47905
2.8531	0.47758
2.8547	0.47624
2.8563	0.47498
2.8578	0.47387
2.8594	0.47296
2.861	0.47160
2.8626	0.47044
2.8642	0.46888
2.8657	0.46740
2.8673	0.46597
2.8689	0.46441
2.8705	0.46331
2.8721	0.46290
2.8737	0.46147
2.8753	0.45945
2.8769	0.45873
2.8785	0.45828
2.8801	0.45646
2.8817	0.45524
2.8833	0.45393
2.8849	0.45283
2.8865	0.45189
2.8881	0.45155
2.8897	0.45040
2.8913	0.44924
2.8929	0.44861
2.8945	0.44783
2.8962	0.44669
2.8978	0.44601
2.8994	0.44539
2.901	0.44492
2.9027	0.44398
2.9043	0.44282
2.9059	0.44235
2.9075	0.44206
2.9092	0.44112
2.9108	0.44007
2.9124	0.43929
2.9141	0.43929
2.9157	0.43854
2.9174	0.43764
2.919	0.43782
2.9206	0.43764
2.9223	0.43715
2.9239	0.43664
2.9256	0.43629
2.9272	0.43622
2.9289	0.43574
2.9305	0.43526
2.9322	0.43478
2.9339	0.43525
2.9355	0.43564
2.9372	0.43561
2.9389	0.43562
2.9405	0.43554
2.9422	0.43517
2.9439	0.43534
2.9455	0.43579
2.9472	0.43578
2.9489	0.43554
2.9506	0.43580
2.9522	0.43615
2.9539	0.43634
2.9556	0.43617
2.9573	0.43650
2.959	0.43695
2.9607	0.43723
2.9624	0.43802
2.9641	0.43884
2.9658	0.43977
2.9674	0.44092
2.9691	0.44147
2.9709	0.44242
2.9726	0.44395
2.9743	0.44500
2.976	0.44539
2.9777	0.44645
2.9794	0.44742
2.9811	0.44854
2.9828	0.44948
2.9845	0.45026
2.9863	0.45098
2.988	0.45203
2.9897	0.45265
2.9914	0.45351
2.9931	0.45436
2.9949	0.45522
2.9966	0.45579
2.9983	0.45700
3.0001	0.45812
3.0018	0.45892
3.0036	0.45975
3.0053	0.46080
3.007	0.46136
3.0088	0.46189
3.0105	0.46264
3.0123	0.46364
3.014	0.46449
3.0158	0.46488
3.0175	0.46556
3.0193	0.46651
3.0211	0.46736
3.0228	0.46842
3.0246	0.46869
3.0263	0.46918
3.0281	0.47030
3.0299	0.47102
3.0317	0.47206
3.0334	0.47312
3.0352	0.47355
3.037	0.47435
3.0388	0.47481
3.0405	0.47577
3.0423	0.47680
3.0441	0.47777
3.0459	0.47926
3.0477	0.48036
3.0495	0.48094
3.0513	0.48192
3.0531	0.48262
3.0549	0.48368
3.0567	0.48442
3.0585	0.48519
3.0603	0.48657
3.0621	0.48826
3.0639	0.48876
3.0657	0.48968
3.0675	0.49094
3.0694	0.49196
3.0712	0.49264
3.073	0.49358
3.0748	0.49472
3.0766	0.49590
3.0785	0.49658
3.0803	0.49756
3.0821	0.49860
3.084	0.49971
3.0858	0.50113
3.0876	0.50240
3.0895	0.50339
3.0913	0.50460
3.0932	0.50560
3.095	0.50705
3.0969	0.50805
3.0987	0.50929
3.1006	0.51081
3.1024	0.51255
3.1043	0.51380
3.1061	0.51522
3.108	0.51682
3.1099	0.51811
3.1117	0.51941
3.1136	0.52069
3.1155	0.52212
3.1173	0.52347
3.1192	0.52504
3.1211	0.52699
3.123	0.52864
3.1249	0.53012
3.1267	0.53172
3.1286	0.53365
3.1305	0.53502
3.1324	0.53713
3.1343	0.53899
3.1362	0.54152
3.1381	0.54364
3.14	0.54538
3.1419	0.54769
3.1438	0.55027
3.1457	0.55219
3.1476	0.55451
3.1495	0.55710
3.1514	0.55924
3.1534	0.56089
3.1553	0.56280
3.1572	0.56543
3.1591	0.56769
3.1611	0.56928
3.163	0.57137
3.1649	0.57328
3.1669	0.57517
3.1688	0.57752
3.1707	0.57991
3.1727	0.58139
3.1746	0.58325
3.1766	0.58565
3.1785	0.58791
3.1805	0.58990
3.1824	0.59175
3.1844	0.59318
3.1863	0.59508
3.1883	0.59696
3.1902	0.59947
3.1922	0.60154
3.1942	0.60347
3.1961	0.60505
3.1981	0.60733
3.2001	0.60921
3.2021	0.61102
3.204	0.61280
3.206	0.61450
3.208	0.61632
3.21	0.61832
3.212	0.62020
3.214	0.62242
3.216	0.62399
3.218	0.62541
3.22	0.62736
3.222	0.62986
3.224	0.63182
3.226	0.63326
3.228	0.63474
3.23	0.63689
3.232	0.63854
3.234	0.64011
3.236	0.64193
3.2381	0.64379
3.2401	0.64544
3.2421	0.64690
3.2441	0.64850
3.2462	0.65060
3.2482	0.65202
3.2502	0.65360
3.2523	0.65573
3.2543	0.65769
3.2564	0.65905
3.2584	0.66017
3.2605	0.66152
3.2625	0.66338
3.2646	0.66493
3.2666	0.66665
3.2687	0.66789
3.2707	0.66940
3.2728	0.67099
3.2749	0.67258
3.277	0.67392
3.279	0.67537
3.2811	0.67709
3.2832	0.67880
3.2853	0.68008
3.2873	0.68106
3.2894	0.68214
3.2915	0.68380
3.2936	0.68539
3.2957	0.68674
3.2978	0.68812
3.2999	0.69000
3.302	0.69138
3.3041	0.69272
3.3062	0.69406
3.3083	0.69560
3.3104	0.69683
3.3125	0.69799
3.3147	0.69917
3.3168	0.70038
3.3189	0.70121
3.321	0.70239
3.3232	0.70361
3.3253	0.70510
3.3274	0.70639
3.3296	0.70765
3.3317	0.70876
3.3338	0.71022
3.336	0.71141
3.3381	0.71215
3.3403	0.71275
3.3424	0.71367
3.3446	0.71498
3.3468	0.71611
3.3489	0.71672
3.3511	0.71757
3.3533	0.71785
3.3554	0.71798
3.3576	0.71865
3.3598	0.71968
3.362	0.71969
3.3641	0.71936
3.3663	0.71933
3.3685	0.71945
3.3707	0.71963
3.3729	0.72027
3.3751	0.72081
3.3773	0.72172
3.3795	0.72252
3.3817	0.72371
3.3839	0.72493
3.3861	0.72579
3.3883	0.72642
3.3905	0.72729
3.3928	0.72820
3.395	0.72846
3.3972	0.72841
3.3994	0.72834
3.4017	0.72795
3.4039	0.72746
3.4061	0.72668
3.4084	0.72630
3.4106	0.72570
3.4129	0.72532
3.4151	0.72508
3.4174	0.72582
3.4196	0.72721
3.4219	0.72874
3.4241	0.73030
3.4264	0.73226
3.4287	0.73424
3.4309	0.73620
3.4332	0.73807
3.4355	0.74025
3.4378	0.74205
3.44	0.74323
3.4423	0.74436
3.4446	0.74581
3.4469	0.74694
3.4492	0.74823
3.4515	0.74942
3.4538	0.75034
3.4561	0.75105
3.4584	0.75220
3.4607	0.75311
3.463	0.75392
3.4653	0.75445
3.4676	0.75476
3.47	0.75475
3.4723	0.75524
3.4746	0.75541
3.477	0.75574
3.4793	0.75570
3.4816	0.75592
3.484	0.75601
3.4863	0.75571
3.4887	0.75534
3.491	0.75538
3.4934	0.75473
3.4957	0.75389
3.4981	0.75262
3.5004	0.75194
3.5028	0.75168
3.5052	0.75234
3.5075	0.75335
3.5099	0.75459
3.5123	0.75582
3.5147	0.75724
3.5171	0.75848
3.5194	0.75960
3.5218	0.76021
3.5242	0.76032
3.5266	0.76052
3.529	0.76109
3.5314	0.76101
3.5338	0.76100
3.5362	0.76092
3.5387	0.76076
3.5411	0.76033
3.5435	0.76017
3.5459	0.75982
3.5483	0.75965
3.5508	0.75919
3.5532	0.75907
3.5556	0.75885
3.5581	0.75855
3.5605	0.75824
3.563	0.75797
3.5654	0.75736
3.5679	0.75693
3.5703	0.75665
3.5728	0.75656
3.5753	0.75626
3.5777	0.75623
3.5802	0.75566
3.5827	0.75514
3.5852	0.75470
3.5876	0.75449
3.5901	0.75416
3.5926	0.75418
3.5951	0.75399
3.5976	0.75405
3.6001	0.75399
3.6026	0.75351
3.6051	0.75322
3.6076	0.75314
3.6101	0.75285
3.6126	0.75291
3.6152	0.75325
3.6177	0.75353
3.6202	0.75350
3.6227	0.75326
3.6253	0.75293
3.6278	0.75317
3.6303	0.75299
3.6329	0.75285
3.6354	0.75280
3.638	0.75292
3.6405	0.75245
3.6431	0.75242
3.6457	0.75232
3.6482	0.75226
3.6508	0.75161
3.6534	0.75087
3.6559	0.75028
3.6585	0.74995
3.6611	0.74920
3.6637	0.74833
3.6663	0.74720
3.6689	0.74612
3.6715	0.74513
3.6741	0.74402
3.6767	0.74242
3.6793	0.74115
3.6819	0.73942
3.6845	0.73747
3.6872	0.73575
3.6898	0.73417
3.6924	0.73257
3.695	0.73088
3.6977	0.72893
3.7003	0.72713
3.703	0.72501
3.7056	0.72303
3.7083	0.72119
3.7109	0.71968
3.7136	0.71771
3.7162	0.71600
3.7189	0.71427
3.7216	0.71280
3.7242	0.71155
3.7269	0.71067
3.7296	0.70930
3.7323	0.70823
3.735	0.70759
3.7377	0.70714
3.7404	0.70700
3.7431	0.70667
3.7458	0.70651
3.7485	0.70685
3.7512	0.70691
3.7539	0.70732
3.7566	0.70787
3.7593	0.70857
3.7621	0.70913
3.7648	0.71020
3.7675	0.71105
3.7703	0.71199
3.773	0.71288
3.7758	0.71369
3.7785	0.71432
3.7813	0.71536
3.784	0.71641
3.7868	0.71725
3.7896	0.71766
3.7923	0.71805
3.7951	0.71844
3.7979	0.71903
3.8007	0.71909
3.8035	0.71885
3.8063	0.71856
3.8091	0.71879
3.8119	0.71875
3.8147	0.71816
3.8175	0.71726
3.8203	0.71660
3.8231	0.71596
3.8259	0.71553
3.8288	0.71459
3.8316	0.71351
3.8344	0.71284
3.8373	0.71238
3.8401	0.71164
3.8429	0.71097
3.8458	0.71042
3.8487	0.71026
3.8515	0.71006
3.8544	0.70982
3.8572	0.70956
3.8601	0.70967
3.863	0.70988
3.8659	0.71041
3.8688	0.71088
3.8716	0.71162
3.8745	0.71199
3.8774	0.71273
3.8803	0.71378
3.8832	0.71489
3.8862	0.71597
3.8891	0.71704
3.892	0.71783
3.8949	0.71866
3.8978	0.71956
3.9008	0.72055
3.9037	0.72128
3.9067	0.72215
3.9096	0.72239
3.9126	0.72274
3.9155	0.72289
3.9185	0.72312
3.9214	0.72321
3.9244	0.72313
3.9274	0.72256
3.9304	0.72208
3.9333	0.72108
3.9363	0.72049
3.9393	0.71969
3.9423	0.71845
3.9453	0.71699
3.9483	0.71566
3.9513	0.71404
3.9543	0.71265
3.9574	0.71102
3.9604	0.70969
3.9634	0.70827
3.9664	0.70650
3.9695	0.70485
3.9725	0.70345
3.9756	0.70183
3.9786	0.70043
3.9817	0.69895
3.9847	0.69770
3.9878	0.69635
3.9909	0.69518
3.9939	0.69408
3.997	0.69339
4.0001	0.69239
4.0032	0.69162
4.0063	0.69128
4.0094	0.69099
4.0125	0.69043
4.0156	0.69020
4.0187	0.69014
4.0218	0.69040
4.0249	0.69065
4.0281	0.69075
4.0312	0.69073
4.0343	0.69102
4.0375	0.69132
4.0406	0.69162
4.0438	0.69167
4.0469	0.69197
4.0501	0.69208
4.0533	0.69240
4.0564	0.69250
4.0596	0.69208
4.0628	0.69160
4.066	0.69141
4.0692	0.69071
4.0724	0.69007
4.0756	0.68886
4.0788	0.68750
4.082	0.68587
4.0852	0.68445
4.0884	0.68252
4.0917	0.68040
4.0949	0.67826
4.0981	0.67641
4.1014	0.67425
4.1046	0.67185
4.1079	0.66919
4.1111	0.66695
4.1144	0.66459
4.1177	0.66236
4.1209	0.65995
4.1242	0.65786
4.1275	0.65567
4.1308	0.65349
4.1341	0.65121
4.1374	0.64894
4.1407	0.64691
4.144	0.64524
4.1473	0.64311
4.1506	0.64129
4.154	0.63932
4.1573	0.63764
4.1606	0.63588
4.164	0.63423
4.1673	0.63235
4.1707	0.63042
4.174	0.62820
4.1774	0.62563
4.1808	0.62296
4.1841	0.62056
4.1875	0.61793
4.1909	0.61541
4.1943	0.61239
4.1977	0.60937
4.2011	0.60574
4.2045	0.60165
4.2079	0.59645
4.2113	0.58994
4.2147	0.58155
4.2182	0.57212
4.2216	0.56174
4.225	0.55166
4.2285	0.54218
4.2319	0.53468
4.2354	0.52966
4.2389	0.52779
4.2423	0.52810
4.2458	0.53026
4.2493	0.53363
4.2528	0.53686
4.2563	0.53763
4.2598	0.53449
4.2633	0.52698
4.2668	0.51776
4.2703	0.51122
4.2738	0.50992
4.2773	0.51167
4.2809	0.51382
4.2844	0.51549
4.288	0.51822
4.2915	0.52183
4.2951	0.52638
4.2986	0.53143
4.3022	0.53720
4.3058	0.54336
4.3093	0.55002
4.3129	0.55617
4.3165	0.56206
4.3201	0.56726
4.3237	0.57186
4.3273	0.57529
4.3309	0.57826
4.3346	0.58018
4.3382	0.58101
4.3418	0.58089
4.3455	0.57994
4.3491	0.57768
4.3528	0.57517
4.3564	0.57178
4.3601	0.56774
4.3638	0.56308
4.3674	0.55800
4.3711	0.55241
4.3748	0.54647
4.3785	0.53990
4.3822	0.53316
4.3859	0.52648
4.3896	0.51991
4.3933	0.51314
4.3971	0.50645
4.4008	0.50006
4.4045	0.49418
4.4083	0.48847
4.412	0.48313
4.4158	0.47797
4.4196	0.47341
4.4233	0.46904
4.4271	0.46462
4.4309	0.46015
4.4347	0.45630
4.4385	0.45291
4.4423	0.45008
4.4461	0.44674
4.4499	0.44283
4.4537	0.43782
4.4576	0.43250
4.4614	0.42729
4.4652	0.42310
4.4691	0.42046
4.4729	0.42041
4.4768	0.42195
4.4807	0.42469
4.4845	0.42800
4.4884	0.43146
4.4923	0.43466
4.4962	0.43885
4.5001	0.44451
4.504	0.45215
4.5079	0.46156
4.5119	0.47271
4.5158	0.48454
4.5197	0.49681
4.5237	0.50846
4.5276	0.51915
4.5316	0.52892
4.5356	0.53834
4.5395	0.54684
4.5435	0.55475
4.5475	0.56206
4.5515	0.56882
4.5555	0.57428
4.5595	0.57896
4.5635	0.58268
4.5675	0.58557
4.5715	0.58751
4.5756	0.58905
4.5796	0.58972
4.5837	0.59010
4.5877	0.58960
4.5918	0.58887
4.5959	0.58755
4.5999	0.58627
4.604	0.58447
4.6081	0.58243
4.6122	0.57992
4.6163	0.57707
4.6204	0.57353
4.6246	0.56968
4.6287	0.56503
4.6328	0.55972
4.637	0.55346
4.6411	0.54663
4.6453	0.53912
4.6494	0.53147
4.6536	0.52383
4.6578	0.51627
4.662	0.50812
4.6662	0.49945
4.6704	0.49026
4.6746	0.48171
4.6788	0.47422
4.683	0.46927
4.6873	0.46770
4.6915	0.47078
4.6958	0.47745
4.7	0.48607
4.7043	0.49478
4.7086	0.50239
4.7129	0.50811
4.7171	0.51238
4.7214	0.51503
4.7257	0.51653
4.7301	0.51688
4.7344	0.51656
4.7387	0.51544
4.743	0.51411
4.7474	0.51213
4.7517	0.50982
4.7561	0.50713
4.7605	0.50428
4.7648	0.50094
4.7692	0.49752
4.7736	0.49391
4.778	0.49019
4.7824	0.48587
4.7868	0.48153
4.7913	0.47696
4.7957	0.47227
4.8001	0.46733
4.8046	0.46236
4.809	0.45675
4.8135	0.45121
4.818	0.44543
4.8225	0.43948
4.8269	0.43309
4.8314	0.42651
4.8359	0.41950
4.8405	0.41228
4.845	0.40449
4.8495	0.39616
4.8541	0.38701
4.8586	0.37724
4.8632	0.36654
4.8677	0.35501
4.8723	0.34228
4.8769	0.32863
4.8815	0.31341
4.8861	0.29678
4.8907	0.27876
4.8953	0.25970
4.8999	0.23982
4.9046	0.21992
4.9092	0.20117
4.9139	0.18467
4.9185	0.17057
4.9232	0.15918
4.9279	0.15040
4.9326	0.14388
4.9373	0.13895
4.942	0.13516
4.9467	0.13166
4.9514	0.12787
4.9562	0.12320
4.9609	0.11756
4.9656	0.11076
4.9704	0.10374
4.9752	0.09702
4.98	0.09076
4.9847	0.08541
4.9895	0.08120
4.9943	0.07812
4.9992	0.07641
5.004	0.07511
5.0088	0.07364
5.0137	0.07278
5.0185	0.07250
5.0234	0.07262
5.0283	0.07311
5.0331	0.07374
5.038	0.07393
5.0429	0.07405
5.0478	0.07429
5.0528	0.07456
5.0577	0.07467
5.0626	0.07497
5.0676	0.07567
5.0725	0.07666
5.0775	0.07798
5.0825	0.07997
5.0875	0.08263
5.0925	0.08574
5.0975	0.08887
5.1025	0.09159
5.1075	0.09387
5.1126	0.09536
5.1176	0.09612
5.1227	0.09644
5.1277	0.09656
5.1328	0.09655
5.1379	0.09702
5.143	0.09783
5.1481	0.09893
5.1532	0.10019
5.1583	0.10134
5.1635	0.10240
5.1686	0.10342
5.1738	0.10447
5.179	0.10561
5.1841	0.10667
5.1893	0.10757
5.1945	0.10812
5.1997	0.10791
5.205	0.10679
5.2102	0.10446
5.2154	0.10061
5.2207	0.09537
5.2259	0.08938
5.2312	0.08278
5.2365	0.07566
5.2418	0.06857
5.2471	0.06202
5.2524	0.05637
5.2577	0.05137
5.2631	0.04720
5.2684	0.04360
5.2738	0.04055
5.2792	0.03801
5.2845	0.03568
5.2899	0.03387
5.2953	0.03238
5.3008	0.03108
5.3062	0.03011
5.3116	0.02943
5.3171	0.02888
5.3225	0.02834
5.328	0.02797
5.3335	0.02789
5.339	0.02764
5.3445	0.02717
5.35	0.02702
5.3555	0.02726
5.361	0.02794
5.3666	0.02876
5.3722	0.03003
5.3777	0.03203
5.3833	0.03490
5.3889	0.03871
5.3945	0.04341
5.4001	0.04923
5.4058	0.05624
5.4114	0.06378
5.4171	0.07163
5.4227	0.07948
5.4284	0.08741
5.4341	0.09429
5.4398	0.10010
5.4455	0.10466
5.4512	0.10815
5.457	0.10996
5.4627	0.11020
5.4685	0.10938
5.4743	0.10727
5.4801	0.10452
5.4859	0.10143
5.4917	0.09790
5.4975	0.09436
5.5033	0.09070
5.5092	0.08673
5.515	0.08272
5.5209	0.07925
5.5268	0.07570
5.5327	0.07211
5.5386	0.06918
5.5445	0.06682
5.5505	0.06441
5.5564	0.06232
5.5624	0.06075
5.5684	0.05963
5.5743	0.05882
5.5803	0.05831
5.5864	0.05819
5.5924	0.05839
5.5984	0.05922
5.6045	0.06038
5.6105	0.06211
5.6166	0.06415
5.6227	0.06687
5.6288	0.07018
5.6349	0.07449
5.6411	0.08028
5.6472	0.08789
5.6534	0.09598
5.6595	0.10476
5.6657	0.11446
5.6719	0.12395
5.6781	0.13361
5.6844	0.14233
5.6906	0.14913
5.6969	0.15491
5.7031	0.15947
5.7094	0.16228
5.7157	0.16425
5.722	0.16458
5.7283	0.16394
5.7347	0.16235
5.741	0.16025
5.7474	0.15780
5.7538	0.15540
5.7601	0.15208
5.7666	0.14981
5.773	0.14662
5.7794	0.14236
5.7859	0.13834
5.7923	0.13456
5.7988	0.13058
5.8053	0.12679
5.8118	0.12274
5.8183	0.11934
5.8249	0.11573
5.8314	0.11129
5.838	0.10655
5.8446	0.10226
5.8512	0.09774
5.8578	0.09364
5.8644	0.08950
5.871	0.08494
5.8777	0.08062
5.8844	0.07694
5.8911	0.07214
5.8978	0.06801
5.9045	0.06354
5.9112	0.05938
5.918	0.05597
5.9247	0.05302
5.9315	0.05091
5.9383	0.05000
5.9451	0.04910
5.9519	0.04865
5.9588	0.04954
5.9656	0.05150
5.9725	0.05409
5.9794	0.05663
5.9863	0.05935
5.9932	0.06264
6.0002	0.06590
6.0071	0.06853
6.0141	0.07116
6.0211	0.07329
6.0281	0.07459
6.0351	0.07531
6.0421	0.07600
6.0492	0.07710
6.0562	0.07785
6.0633	0.07688
6.0704	0.07649
6.0775	0.07617
6.0847	0.07435
6.0918	0.07177
6.099	0.06900
6.1062	0.06607
6.1134	0.06309
6.1206	0.05941
6.1278	0.05522
6.1351	0.05123
6.1423	0.04721
6.1496	0.04306
6.1569	0.03923
6.1643	0.03572
6.1716	0.03220
6.1789	0.02926
6.1863	0.02741
6.1937	0.02601
6.2011	0.02484
6.2085	0.02407
6.216	0.02364
6.2235	0.02367
6.2309	0.02388
6.2384	0.02450
6.2459	0.02530
6.2535	0.02626
6.261	0.02741
6.2686	0.02868
6.2762	0.03029
6.2838	0.03220
6.2914	0.03463
6.2991	0.03714
6.3067	0.03961
6.3144	0.04243
6.3221	0.04569
6.3298	0.04922
6.3376	0.05280
6.3453	0.05643
6.3531	0.06016
6.3609	0.06320
6.3687	0.06636
6.3765	0.07028
6.3844	0.07447
6.3923	0.07872
6.4002	0.08296
6.4081	0.08630
6.416	0.08951
6.424	0.09158
6.4319	0.09147
6.4399	0.09088
6.4479	0.08959
6.456	0.08775
6.464	0.08501
6.4721	0.08160
6.4802	0.07752
6.4883	0.07296
6.4964	0.06785
6.5046	0.06124
6.5127	0.05492
6.5209	0.04989
6.5291	0.04469
6.5374	0.04021
6.5456	0.03734
6.5539	0.03586
6.5622	0.03532
6.5705	0.03518
6.5789	0.03550
6.5872	0.03640
6.5956	0.03730
6.604	0.03803
6.6124	0.03853
6.6209	0.03938
6.6293	0.04007
6.6378	0.04061
6.6463	0.04111
6.6549	0.04074
6.6634	0.03968
6.672	0.03857
6.6806	0.03720
6.6892	0.03584
6.6978	0.03462
6.7065	0.03383
6.7152	0.03359
6.7239	0.03374
6.7326	0.03393
6.7414	0.03435
6.7502	0.03509
6.759	0.03628
6.7678	0.03740
6.7766	0.03842
6.7855	0.03957
6.7944	0.04092
6.8033	0.04197
6.8123	0.04258
6.8212	0.04303
6.8302	0.04356
6.8392	0.04383
6.8483	0.04418
6.8573	0.04469
6.8664	0.04531
6.8755	0.04578
6.8846	0.04588
6.8938	0.04599
6.903	0.04600
6.9122	0.04595
6.9214	0.04549
6.9307	0.04447
6.9399	0.04319
6.9492	0.04175
6.9586	0.04031
6.9679	0.03868
6.9773	0.03708
6.9867	0.03549
6.9961	0.03399
7.0056	0.03226
7.0151	0.03090
7.0246	0.02970
7.0341	0.02834
7.0437	0.02704
7.0532	0.02569
7.0629	0.02430
7.0725	0.02341
7.0822	0.02251
7.0918	0.02153
7.1016	0.02061
7.1113	0.01958
7.1211	0.01832
7.1309	0.01683
7.1407	0.01531
7.1505	0.01392
7.1604	0.01268
7.1703	0.01169
7.1802	0.01078
7.1902	0.00988
7.2002	0.00886
7.2102	0.00790
7.2202	0.00707
7.2303	0.00641
7.2404	0.00564
7.2505	0.00483
7.2607	0.00387
7.2709	0.00340
7.2811	0.00313
7.2913	0.00275
7.3016	0.00224
7.3119	0.00199
7.3222	0.00181
7.3326	0.00175
7.343	0.00157
7.3534	0.00123
7.3638	0.00125
7.3743	0.00138
7.3848	0.00119
7.3953	0.00103
7.4059	0.00107
7.4165	0.00129
7.4271	0.00138
7.4378	0.00155
7.4485	0.00182
7.4592	0.00230
7.4699	0.00299
7.4807	0.00379
7.4915	0.00503
7.5024	0.00650
7.5132	0.00822
7.5241	0.01033
7.5351	0.01277
7.546	0.01560
7.557	0.01876
7.5681	0.02200
7.5791	0.02546
7.5902	0.02907
7.6014	0.03285
7.6125	0.03686
7.6237	0.04143
7.635	0.04665
7.6462	0.05229
7.6575	0.05828
7.6688	0.06433
7.6802	0.06999
7.6916	0.07516
7.703	0.07972
7.7145	0.08420
7.726	0.08899
7.7375	0.09387
7.7491	0.09828
7.7607	0.10230
7.7723	0.10574
7.784	0.10873
7.7957	0.11124
7.8074	0.11373
7.8192	0.11665
7.831	0.12052
7.8429	0.12543
7.8548	0.13116
7.8667	0.13735
7.8786	0.14449
7.8906	0.15215
7.9026	0.16020
7.9147	0.16851
7.9268	0.17744
7.939	0.18665
7.9511	0.19626
7.9633	0.20533
7.9756	0.21400
7.9879	0.22180
8.0002	0.22892
8.0126	0.23564
8.025	0.24240
8.0374	0.24928
8.0499	0.25708
8.0624	0.26531
8.075	0.27434
8.0876	0.28402
8.1002	0.29432
8.1129	0.30533
8.1256	0.31753
8.1384	0.33016
8.1512	0.34329
8.164	0.35546
8.1769	0.36600
8.1898	0.37389
8.2027	0.37946
8.2157	0.38257
8.2288	0.38399
8.2419	0.38401
8.255	0.38305
8.2682	0.38096
8.2814	0.37838
8.2946	0.37529
8.3079	0.37273
8.3212	0.37015
8.3346	0.36804
8.348	0.36622
8.3615	0.36520
8.375	0.36410
8.3886	0.36322
8.4022	0.36239
8.4158	0.36189
8.4295	0.36123
8.4432	0.36047
8.457	0.35978
8.4708	0.35935
8.4847	0.35835
8.4986	0.35694
8.5125	0.35487
8.5265	0.35239
8.5406	0.34811
8.5547	0.34178
8.5688	0.33175
8.583	0.31660
8.5972	0.29369
8.6115	0.26334
8.6258	0.23426
8.6402	0.22320
8.6546	0.23813
8.6691	0.26727
8.6836	0.29413
8.6982	0.31313
8.7128	0.32547
8.7275	0.33419
8.7422	0.34090
8.757	0.34642
8.7718	0.35092
8.7867	0.35589
8.8016	0.36076
8.8166	0.36622
8.8316	0.37224
8.8466	0.37862
8.8618	0.38428
8.8769	0.38990
8.8922	0.39531
8.9074	0.40063
8.9228	0.40534
8.9382	0.40982
8.9536	0.41395
8.9691	0.41788
8.9846	0.42151
9.0002	0.42533
9.0159	0.42806
9.0316	0.43076
9.0474	0.43280
9.0632	0.43458
9.079	0.43602
9.095	0.43696
9.111	0.43754
9.127	0.43826
9.1431	0.43837
9.1593	0.43793
9.1755	0.43640
9.1917	0.43427
9.2081	0.43178
9.2244	0.42893
9.2409	0.42505
9.2574	0.42096
9.2739	0.41602
9.2906	0.40895
9.3072	0.39803
9.324	0.38298
9.3408	0.36283
9.3576	0.33868
9.3746	0.31172
9.3915	0.28363
9.4086	0.25539
9.4257	0.22932
9.4429	0.20747
9.4601	0.18973
9.4774	0.17483
9.4948	0.16264
9.5122	0.15246
9.5297	0.14386
9.5472	0.13660
9.5648	0.13009
9.5825	0.12399
9.6003	0.11937
9.6181	0.11572
9.6359	0.11200
9.6539	0.10810
9.6719	0.10481
9.69	0.10146
9.7081	0.09859
9.7263	0.09628
9.7446	0.09358
9.763	0.09098
9.7814	0.08892
9.7999	0.08683
9.8184	0.08493
9.8371	0.08308
9.8558	0.08157
9.8745	0.08019
9.8934	0.07849
9.9123	0.07702
9.9313	0.07573
9.9504	0.07440
9.9695	0.07310
9.9887	0.07193
10.008	0.07096
10.0273	0.07016
10.0468	0.06929
10.0663	0.06826
10.0859	0.06745
10.1055	0.06688
10.1253	0.06611
10.1451	0.06551
10.165	0.06523
10.1849	0.06513
10.205	0.06515
10.2251	0.06492
10.2453	0.06419
10.2656	0.06350
10.286	0.06304
10.3064	0.06290
10.327	0.06275
10.3476	0.06260
10.3683	0.06269
10.389	0.06270
10.4099	0.06262
10.4309	0.06249
10.4519	0.06258
10.473	0.06257
10.4942	0.06241
10.5155	0.06219
10.5369	0.06202
10.5583	0.06208
10.5799	0.06196
10.6015	0.06170
10.6232	0.06183
10.645	0.06240
10.6669	0.06274
10.6889	0.06309
10.711	0.06364
10.7332	0.06412
10.7555	0.06461
10.7778	0.06501
10.8003	0.06537
10.8228	0.06560
10.8455	0.06583
10.8682	0.06641
10.891	0.06699
10.914	0.06728
10.937	0.06754
10.9601	0.06737
10.9833	0.06732
11.0067	0.06708
11.0301	0.06677
11.0536	0.06693
11.0772	0.06703
11.1009	0.06666
11.1248	0.06610
11.1487	0.06551
11.1727	0.06508
11.1968	0.06461
11.2211	0.06401
11.2454	0.06374
11.2699	0.06355
11.2944	0.06355
11.3191	0.06388
11.3438	0.06376
11.3687	0.06328
11.3937	0.06265
11.4188	0.06199
11.444	0.06154
11.4693	0.06111
11.4948	0.06012
11.5203	0.05896
11.546	0.05822
11.5717	0.05794
11.5976	0.05755
11.6236	0.05728
11.6497	0.05708
11.676	0.05630
11.7023	0.05552
11.7288	0.05472
11.7554	0.05349
11.7821	0.05229
11.809	0.05123
11.8359	0.04982
11.863	0.04797
11.8902	0.04651
11.9176	0.04475
11.945	0.04290
11.9726	0.04102
12.0003	0.03909
12.0282	0.03717
12.0561	0.03505
12.0842	0.03271
12.1125	0.02996
12.1408	0.02703
12.1693	0.02420
12.198	0.02154
12.2267	0.01906
12.2556	0.01675
12.2847	0.01519
12.3139	0.01554
12.3432	0.01935
12.3726	0.02975
12.4022	0.04578
12.432	0.06227
12.4619	0.07459
12.4919	0.08130
12.5221	0.08286
12.5524	0.08065
12.5829	0.07546
12.6135	0.06942
12.6442	0.06583
12.6751	0.06677
12.7062	0.07243
12.7374	0.08048
12.7688	0.08761
12.8003	0.09147
12.832	0.09194
12.8639	0.08876
12.8959	0.08250
12.928	0.07498
12.9603	0.06824
12.9928	0.06304
13.0255	0.05907
13.0583	0.05611
13.0913	0.05387
13.1244	0.05233
13.1577	0.05153
13.1912	0.05116
13.2248	0.05077
13.2587	0.05021
13.2927	0.05044
13.3268	0.05174
13.3612	0.05265
13.3957	0.05358
13.4304	0.05427
13.4653	0.05457
13.5004	0.05443
13.5356	0.05445
13.571	0.05544
13.6067	0.05638
13.6425	0.05686
13.6785	0.05742
13.7146	0.05789
13.751	0.05826
13.7876	0.05802
13.8244	0.05756
13.8613	0.05734
13.8985	0.05667
13.9358	0.05545
13.9734	0.05411
14.0112	0.05225
14.0491	0.05019
14.0873	0.04786
14.1257	0.04510
14.1643	0.04237
14.2031	0.03935
14.2421	0.03571
14.2814	0.03236
14.3208	0.03066
14.3605	0.03120
14.4004	0.03485
14.4405	0.03909
14.4808	0.04148
14.5214	0.04216
14.5622	0.04244
14.6032	0.04384
14.6444	0.04613
14.6859	0.04897
14.7277	0.05233
14.7696	0.05584
14.8118	0.05919
14.8543	0.06249
14.8969	0.06565
14.9399	0.06820
14.983	0.07024
15.0265	0.07307
15.0702	0.07572
15.1141	0.07792
15.1583	0.08091
15.2027	0.08326
15.2475	0.08462
15.2924	0.08573
15.3377	0.08670
15.3832	0.08730
15.429	0.08802
15.475	0.08947
15.5214	0.09088
15.568	0.09188
15.6149	0.09327
15.662	0.09444
15.7095	0.09591
15.7572	0.09714
15.8053	0.09807
15.8536	0.09949
15.9023	0.10134
15.9512	0.10216
16.0004	0.10239
16.05	0.10214
16.0998	0.10148
16.15	0.10071
16.2004	0.09981
16.2512	0.09988
16.3023	0.10100
16.3537	0.10214
16.4055	0.10350
16.4576	0.10443
16.51	0.10469
16.5627	0.10545
16.6158	0.10611
16.6692	0.10628
16.723	0.10592
16.7771	0.10548
16.8316	0.10534
16.8864	0.10458
16.9416	0.10334
16.9972	0.10159
17.0531	0.09987
17.1094	0.09794
17.166	0.09506
17.223	0.09260
17.2805	0.08977
17.3382	0.08667
17.3964	0.08403
17.455	0.08130
17.514	0.07850
17.5733	0.07636
17.6331	0.07549
17.6933	0.07570
17.7539	0.07887
17.8149	0.08491
17.8763	0.09386
17.9382	0.10529
18.0005	0.11807
18.0632	0.13146
18.1263	0.14534
18.1899	0.15837
18.254	0.16692
18.3185	0.16898
18.3835	0.16788
18.4489	0.16439
18.5148	0.15954
18.5811	0.15299
18.648	0.14474
18.7153	0.13531
18.7831	0.12597
18.8514	0.11712
18.9202	0.11019
18.9895	0.10516
19.0593	0.10204
19.1297	0.10286
19.2005	0.10764
19.2719	0.11451
19.3438	0.12516
19.4162	0.13944
19.4892	0.15418
19.5628	0.17038
19.6369	0.19108
19.7115	0.21929
19.7868	0.25068
19.8626	0.27376
19.939	0.28702
20.016	0.29348
20.0935	0.29911
20.1717	0.30411
20.2505	0.30809
20.3299	0.31071
20.41	0.31021
20.4907	0.30875
20.572	0.30655
20.6539	0.30289
20.7365	0.29962
20.8198	0.29662
20.9038	0.29405
20.9884	0.28923
21.0737	0.28318
21.1597	0.27844
21.2465	0.27343
21.3339	0.26615
21.422	0.25607
21.5109	0.24638
21.6006	0.24031
21.6909	0.23338
21.7821	0.22499
21.874	0.21748
21.9667	0.21004
22.0601	0.20177
22.1544	0.19289
22.2495	0.17953
22.3454	0.16314
22.4421	0.14283
22.5397	0.12582
22.6381	0.11414
22.7374	0.10411
22.8376	0.09579
22.9387	0.09004
23.0406	0.08410
23.1435	0.07999
23.2472	0.07598
23.352	0.07468
23.4576	0.07060
23.5643	0.06720
23.6718	0.06198
23.7804	0.05841
23.89	0.05726
24.0006	0.05507
24.1123	0.04980
24.2249	0.04711
24.3387	0.04092
24.4535	0.03464
24.5694	0.03163
24.6864	0.03307
24.8045	0.03226
24.9237	0.04859
