Brown University Keck/NASA Relab Spectrum JB-CMP-147/995F147
Wavelength(micron)	Reflectance
0.35	0.78958
0.355	0.79617
0.36	0.79657
0.365	0.80167
0.37	0.80208
0.375	0.80453
0.38	0.80790
0.385	0.81118
0.39	0.81308
0.395	0.81594
0.4	0.81653
0.405	0.81900
0.41	0.81524
0.415	0.81681
0.42	0.81891
0.425	0.82156
0.43	0.82188
0.435	0.82370
0.44	0.82411
0.445	0.82849
0.45	0.83042
0.455	0.82975
0.46	0.83153
0.465	0.83196
0.47	0.83228
0.475	0.83307
0.48	0.83469
0.485	0.83451
0.49	0.83565
0.495	0.83479
0.5	0.83643
0.505	0.83749
0.51	0.83686
0.515	0.83891
0.52	0.83912
0.525	0.84047
0.53	0.84201
0.535	0.84138
0.54	0.84245
0.545	0.84322
0.55	0.84459
0.555	0.84465
0.56	0.84571
0.565	0.84826
0.57	0.84894
0.575	0.85209
0.58	0.85110
0.585	0.85083
0.59	0.85191
0.595	0.85294
0.6	0.85186
0.605	0.85230
0.61	0.85306
0.615	0.85371
0.62	0.85349
0.625	0.85417
0.63	0.85280
0.635	0.85458
0.64	0.85367
0.645	0.85411
0.65	0.85435
0.655	0.85567
0.66	0.85589
0.665	0.85765
0.67	0.85646
0.675	0.85706
0.68	0.85624
0.685	0.85796
0.69	0.85752
0.695	0.85740
0.7	0.85758
0.705	0.85788
0.71	0.85891
0.715	0.85936
0.72	0.85801
0.725	0.85848
0.73	0.85940
0.735	0.85886
0.74	0.86074
0.745	0.85990
0.75	0.86064
0.755	0.86090
0.76	0.86211
0.765	0.86282
0.77	0.86179
0.775	0.86260
0.78	0.86201
0.785	0.86349
0.79	0.86305
0.795	0.86314
0.8	0.86164
0.805	0.86170
0.81	0.86151
0.815	0.86277
0.82	0.86150
0.825	0.86177
0.83	0.86113
0.835	0.86105
0.84	0.86104
0.845	0.86075
0.85	0.86089
0.855	0.86086
0.86	0.86426
0.865	0.86322
0.87	0.86359
0.875	0.86342
0.88	0.86264
0.885	0.86159
0.89	0.86302
0.895	0.86222
0.9	0.86105
0.905	0.86243
0.91	0.86179
0.915	0.86143
0.92	0.86187
0.925	0.86234
0.93	0.86240
0.935	0.86290
0.94	0.86253
0.945	0.86203
0.95	0.86204
0.955	0.86211
0.96	0.86182
0.965	0.86109
0.97	0.86128
0.975	0.86158
0.98	0.86110
0.985	0.86181
0.99	0.86063
0.995	0.86112
1	0.86082
1.005	0.86052
1.01	0.86126
1.015	0.86093
1.02	0.86075
1.025	0.86053
1.03	0.86115
1.035	0.86100
1.04	0.86129
1.045	0.86120
1.05	0.86148
1.055	0.85970
1.06	0.85989
1.065	0.86061
1.07	0.86021
1.075	0.86070
1.08	0.86073
1.085	0.86093
1.09	0.86016
1.095	0.85997
1.1	0.86030
1.105	0.85984
1.11	0.85965
1.115	0.86045
1.12	0.85991
1.125	0.85944
1.13	0.85899
1.135	0.85983
1.14	0.85911
1.145	0.85836
1.15	0.85841
1.155	0.85783
1.16	0.85797
1.165	0.85726
1.17	0.85689
1.175	0.85809
1.18	0.85735
1.185	0.85667
1.19	0.85701
1.195	0.85725
1.2	0.85551
1.205	0.85489
1.21	0.85516
1.215	0.85540
1.22	0.85468
1.225	0.85419
1.23	0.85373
1.235	0.85430
1.24	0.85395
1.245	0.85414
1.25	0.85432
1.255	0.85389
1.26	0.85370
1.265	0.85336
1.27	0.85298
1.275	0.85223
1.28	0.85140
1.285	0.85032
1.29	0.85034
1.295	0.85064
1.3	0.85010
1.305	0.85089
1.31	0.85061
1.315	0.84941
1.32	0.84964
1.325	0.84889
1.33	0.84832
1.335	0.84783
1.34	0.84782
1.345	0.84742
1.35	0.84758
1.355	0.84971
1.36	0.84879
1.365	0.84501
1.37	0.84365
1.375	0.84197
1.38	0.84417
1.385	0.83818
1.39	0.83713
1.395	0.83802
1.4	0.83379
1.405	0.82956
1.41	0.82726
1.415	0.82519
1.42	0.82227
1.425	0.81999
1.43	0.81809
1.435	0.81685
1.44	0.81765
1.445	0.81684
1.45	0.81657
1.455	0.81662
1.46	0.81626
1.465	0.81706
1.47	0.81814
1.475	0.81863
1.48	0.81994
1.485	0.81981
1.49	0.82107
1.495	0.82351
1.5	0.82356
1.505	0.82457
1.51	0.82557
1.515	0.82715
1.52	0.82861
1.525	0.82810
1.53	0.82948
1.535	0.83021
1.54	0.83004
1.545	0.83138
1.55	0.83219
1.555	0.83194
1.56	0.83224
1.565	0.83360
1.57	0.83321
1.575	0.83408
1.58	0.83378
1.585	0.83404
1.59	0.83448
1.595	0.83482
1.6	0.83393
1.601	0.83402
1.602	0.83406
1.603	0.83345
1.604	0.83314
1.605	0.83338
1.606	0.83323
1.607	0.83312
1.608	0.83324
1.609	0.83327
1.61	0.83332
1.611	0.83315
1.612	0.83298
1.613	0.83292
1.614	0.83306
1.615	0.83302
1.616	0.83287
1.617	0.83295
1.618	0.83299
1.619	0.83287
1.62	0.83319
1.6211	0.83295
1.6221	0.83237
1.6231	0.83231
1.6241	0.83247
1.6251	0.83244
1.6261	0.83247
1.6272	0.83250
1.6282	0.83255
1.6292	0.83257
1.6302	0.83217
1.6313	0.83212
1.6323	0.83225
1.6333	0.83178
1.6343	0.83158
1.6354	0.83152
1.6364	0.83175
1.6374	0.83195
1.6385	0.83193
1.6395	0.83188
1.6405	0.83173
1.6416	0.83172
1.6426	0.83144
1.6437	0.83156
1.6447	0.83197
1.6458	0.83183
1.6468	0.83117
1.6478	0.83117
1.6489	0.83149
1.6499	0.83102
1.651	0.83092
1.6521	0.83096
1.6531	0.83101
1.6542	0.83104
1.6552	0.83118
1.6563	0.83117
1.6573	0.83094
1.6584	0.83044
1.6595	0.83013
1.6605	0.83035
1.6616	0.83019
1.6626	0.83024
1.6637	0.83021
1.6648	0.83020
1.6659	0.83028
1.6669	0.83012
1.668	0.83002
1.6691	0.83013
1.6701	0.82975
1.6712	0.82964
1.6723	0.82978
1.6734	0.82989
1.6745	0.82962
1.6755	0.82967
1.6766	0.82971
1.6777	0.82960
1.6788	0.82925
1.6799	0.82927
1.681	0.82942
1.6821	0.82928
1.6832	0.82914
1.6843	0.82913
1.6853	0.82920
1.6864	0.82920
1.6875	0.82916
1.6886	0.82905
1.6897	0.82893
1.6908	0.82887
1.692	0.82866
1.6931	0.82840
1.6942	0.82861
1.6953	0.82903
1.6964	0.82908
1.6975	0.82850
1.6986	0.82817
1.6997	0.82835
1.7008	0.82835
1.7019	0.82838
1.7031	0.82851
1.7042	0.82847
1.7053	0.82814
1.7064	0.82816
1.7076	0.82811
1.7087	0.82797
1.7098	0.82773
1.7109	0.82772
1.7121	0.82776
1.7132	0.82771
1.7143	0.82745
1.7155	0.82753
1.7166	0.82753
1.7177	0.82720
1.7189	0.82706
1.72	0.82692
1.7212	0.82691
1.7223	0.82698
1.7234	0.82682
1.7246	0.82668
1.7257	0.82677
1.7269	0.82687
1.728	0.82666
1.7292	0.82644
1.7304	0.82636
1.7315	0.82606
1.7327	0.82613
1.7338	0.82601
1.735	0.82605
1.7361	0.82589
1.7373	0.82561
1.7385	0.82557
1.7396	0.82578
1.7408	0.82572
1.742	0.82541
1.7432	0.82530
1.7443	0.82556
1.7455	0.82567
1.7467	0.82544
1.7479	0.82507
1.749	0.82489
1.7502	0.82468
1.7514	0.82438
1.7526	0.82458
1.7538	0.82479
1.755	0.82453
1.7561	0.82433
1.7573	0.82417
1.7585	0.82392
1.7597	0.82379
1.7609	0.82387
1.7621	0.82402
1.7633	0.82414
1.7645	0.82384
1.7657	0.82357
1.7669	0.82379
1.7681	0.82375
1.7693	0.82365
1.7705	0.82357
1.7717	0.82327
1.773	0.82282
1.7742	0.82257
1.7754	0.82271
1.7766	0.82300
1.7778	0.82295
1.779	0.82240
1.7803	0.82232
1.7815	0.82211
1.7827	0.82177
1.7839	0.82189
1.7852	0.82179
1.7864	0.82189
1.7876	0.82222
1.7889	0.82203
1.7901	0.82179
1.7913	0.82157
1.7926	0.82159
1.7938	0.82162
1.7951	0.82144
1.7963	0.82120
1.7976	0.82116
1.7988	0.82118
1.8	0.82102
1.8013	0.82097
1.8026	0.82085
1.8038	0.82057
1.8051	0.82066
1.8063	0.82069
1.8076	0.82062
1.8088	0.82042
1.8101	0.82029
1.8114	0.82017
1.8126	0.82017
1.8139	0.82003
1.8152	0.81967
1.8164	0.81966
1.8177	0.81988
1.819	0.81967
1.8203	0.81924
1.8216	0.81906
1.8228	0.81914
1.8241	0.81919
1.8254	0.81902
1.8267	0.81888
1.828	0.81913
1.8293	0.81922
1.8306	0.81908
1.8318	0.81891
1.8331	0.81892
1.8344	0.81868
1.8357	0.81845
1.837	0.81845
1.8383	0.81821
1.8397	0.81788
1.841	0.81762
1.8423	0.81742
1.8436	0.81741
1.8449	0.81795
1.8462	0.81799
1.8475	0.81719
1.8488	0.81711
1.8502	0.81741
1.8515	0.81710
1.8528	0.81675
1.8541	0.81638
1.8555	0.81607
1.8568	0.81572
1.8581	0.81607
1.8594	0.81541
1.8608	0.81486
1.8621	0.81547
1.8635	0.81569
1.8648	0.81568
1.8661	0.81511
1.8675	0.81407
1.8688	0.81354
1.8702	0.81332
1.8715	0.81271
1.8729	0.81214
1.8742	0.81156
1.8756	0.81155
1.8769	0.81094
1.8783	0.80990
1.8797	0.80924
1.881	0.80863
1.8824	0.80786
1.8838	0.80672
1.8851	0.80535
1.8865	0.80447
1.8879	0.80408
1.8893	0.80290
1.8906	0.80151
1.892	0.80045
1.8934	0.79923
1.8948	0.79799
1.8962	0.79706
1.8976	0.79608
1.899	0.79458
1.9003	0.79316
1.9017	0.79218
1.9031	0.79133
1.9045	0.79033
1.9059	0.78944
1.9073	0.78898
1.9087	0.78849
1.9101	0.78791
1.9116	0.78728
1.913	0.78644
1.9144	0.78608
1.9158	0.78589
1.9172	0.78572
1.9186	0.78525
1.92	0.78484
1.9215	0.78470
1.9229	0.78451
1.9243	0.78402
1.9258	0.78375
1.9272	0.78382
1.9286	0.78399
1.9301	0.78402
1.9315	0.78364
1.9329	0.78365
1.9344	0.78367
1.9358	0.78346
1.9373	0.78361
1.9387	0.78406
1.9402	0.78404
1.9416	0.78399
1.9431	0.78428
1.9445	0.78453
1.946	0.78472
1.9475	0.78504
1.9489	0.78556
1.9504	0.78566
1.9519	0.78562
1.9533	0.78556
1.9548	0.78569
1.9563	0.78614
1.9578	0.78636
1.9592	0.78653
1.9607	0.78696
1.9622	0.78696
1.9637	0.78725
1.9652	0.78757
1.9667	0.78793
1.9682	0.78843
1.9697	0.78890
1.9712	0.78918
1.9727	0.78913
1.9742	0.78921
1.9757	0.78947
1.9772	0.78985
1.9787	0.79006
1.9802	0.79030
1.9817	0.79054
1.9832	0.79082
1.9847	0.79117
1.9863	0.79150
1.9878	0.79168
1.9893	0.79163
1.9908	0.79176
1.9924	0.79206
1.9939	0.79233
1.9954	0.79258
1.997	0.79284
1.9985	0.79309
2.0001	0.79325
2.0016	0.79343
2.0031	0.79362
2.0047	0.79377
2.0062	0.79377
2.0078	0.79404
2.0094	0.79440
2.0109	0.79438
2.0125	0.79444
2.014	0.79484
2.0156	0.79490
2.0172	0.79495
2.0187	0.79529
2.0203	0.79574
2.0219	0.79571
2.0235	0.79566
2.0251	0.79589
2.0266	0.79615
2.0282	0.79609
2.0298	0.79619
2.0314	0.79651
2.033	0.79656
2.0346	0.79659
2.0362	0.79664
2.0378	0.79653
2.0394	0.79659
2.041	0.79705
2.0426	0.79716
2.0442	0.79706
2.0458	0.79723
2.0474	0.79736
2.0491	0.79753
2.0507	0.79751
2.0523	0.79736
2.0539	0.79741
2.0556	0.79765
2.0572	0.79772
2.0588	0.79754
2.0605	0.79765
2.0621	0.79794
2.0637	0.79816
2.0654	0.79822
2.067	0.79810
2.0687	0.79804
2.0703	0.79813
2.072	0.79815
2.0737	0.79767
2.0753	0.79768
2.077	0.79775
2.0786	0.79803
2.0803	0.79815
2.082	0.79818
2.0837	0.79842
2.0853	0.79840
2.087	0.79822
2.0887	0.79804
2.0904	0.79820
2.0921	0.79809
2.0938	0.79785
2.0954	0.79794
2.0971	0.79841
2.0988	0.79849
2.1005	0.79845
2.1022	0.79850
2.104	0.79818
2.1057	0.79799
2.1074	0.79813
2.1091	0.79822
2.1108	0.79815
2.1125	0.79782
2.1142	0.79778
2.116	0.79818
2.1177	0.79836
2.1194	0.79848
2.1212	0.79848
2.1229	0.79807
2.1246	0.79769
2.1264	0.79777
2.1281	0.79807
2.1299	0.79798
2.1316	0.79771
2.1334	0.79742
2.1351	0.79764
2.1369	0.79765
2.1387	0.79734
2.1404	0.79719
2.1422	0.79757
2.144	0.79757
2.1458	0.79708
2.1475	0.79699
2.1493	0.79733
2.1511	0.79765
2.1529	0.79761
2.1547	0.79733
2.1565	0.79694
2.1583	0.79698
2.1601	0.79690
2.1619	0.79658
2.1637	0.79649
2.1655	0.79657
2.1673	0.79637
2.1691	0.79632
2.1709	0.79610
2.1727	0.79563
2.1746	0.79546
2.1764	0.79544
2.1782	0.79543
2.18	0.79536
2.1819	0.79509
2.1837	0.79519
2.1856	0.79526
2.1874	0.79503
2.1892	0.79472
2.1911	0.79430
2.193	0.79396
2.1948	0.79397
2.1967	0.79405
2.1985	0.79353
2.2004	0.79286
2.2023	0.79311
2.2041	0.79344
2.206	0.79283
2.2079	0.79236
2.2098	0.79260
2.2117	0.79249
2.2136	0.79234
2.2154	0.79226
2.2173	0.79218
2.2192	0.79203
2.2211	0.79210
2.223	0.79218
2.225	0.79219
2.2269	0.79209
2.2288	0.79170
2.2307	0.79141
2.2326	0.79162
2.2345	0.79165
2.2365	0.79130
2.2384	0.79096
2.2403	0.79112
2.2423	0.79121
2.2442	0.79098
2.2462	0.79077
2.2481	0.79064
2.2501	0.79051
2.252	0.79039
2.254	0.79015
2.2559	0.78995
2.2579	0.78973
2.2599	0.78959
2.2618	0.78967
2.2638	0.78961
2.2658	0.78926
2.2678	0.78885
2.2698	0.78850
2.2718	0.78842
2.2737	0.78840
2.2757	0.78812
2.2777	0.78818
2.2797	0.78804
2.2817	0.78779
2.2838	0.78768
2.2858	0.78765
2.2878	0.78771
2.2898	0.78726
2.2918	0.78674
2.2939	0.78629
2.2959	0.78634
2.2979	0.78649
2.3	0.78657
2.302	0.78602
2.3041	0.78532
2.3061	0.78494
2.3082	0.78484
2.3102	0.78492
2.3123	0.78520
2.3143	0.78497
2.3164	0.78475
2.3185	0.78471
2.3206	0.78407
2.3226	0.78351
2.3247	0.78358
2.3268	0.78364
2.3289	0.78342
2.331	0.78321
2.3331	0.78318
2.3352	0.78327
2.3373	0.78284
2.3394	0.78253
2.3415	0.78223
2.3436	0.78191
2.3458	0.78163
2.3479	0.78157
2.35	0.78130
2.3521	0.78107
2.3543	0.78092
2.3564	0.78088
2.3586	0.78072
2.3607	0.78009
2.3629	0.77978
2.365	0.77948
2.3672	0.77947
2.3693	0.77929
2.3715	0.77893
2.3737	0.77855
2.3759	0.77820
2.378	0.77813
2.3802	0.77788
2.3824	0.77758
2.3846	0.77717
2.3868	0.77694
2.389	0.77690
2.3912	0.77684
2.3934	0.77647
2.3956	0.77594
2.3978	0.77549
2.4001	0.77520
2.4023	0.77497
2.4045	0.77454
2.4067	0.77394
2.409	0.77391
2.4112	0.77394
2.4135	0.77362
2.4157	0.77310
2.418	0.77211
2.4202	0.77172
2.4225	0.77135
2.4248	0.77109
2.427	0.77095
2.4293	0.77045
2.4316	0.76968
2.4339	0.76913
2.4362	0.76855
2.4384	0.76815
2.4407	0.76814
2.443	0.76769
2.4453	0.76673
2.4477	0.76637
2.45	0.76596
2.4523	0.76520
2.4546	0.76465
2.4569	0.76425
2.4593	0.76441
2.4616	0.76397
2.4639	0.76341
2.4663	0.76270
2.4686	0.76237
2.471	0.76218
2.4733	0.76171
2.4757	0.76109
2.4781	0.76054
2.4804	0.75961
2.4828	0.75895
2.4852	0.75870
2.4876	0.75838
2.49	0.75783
2.4924	0.75739
2.4948	0.75697
2.4972	0.75672
2.4996	0.75646
2.502	0.75572
2.5044	0.75510
2.5068	0.75492
2.5093	0.75482
2.5117	0.75435
2.5141	0.75414
2.5166	0.75375
2.519	0.75341
2.5215	0.75350
2.5239	0.75311
2.5264	0.75260
2.5288	0.75237
2.5313	0.75217
2.5338	0.75193
2.5363	0.75198
2.5388	0.75198
2.5412	0.75174
2.5437	0.75100
2.5462	0.75053
2.5487	0.75067
2.5512	0.75060
2.5538	0.75032
2.5563	0.75058
2.5588	0.75037
2.5613	0.74929
2.5639	0.74821
2.5664	0.74840
2.5689	0.74882
2.5715	0.74857
2.574	0.74778
2.5766	0.74728
2.5792	0.74711
2.5817	0.74697
2.5843	0.74668
2.5869	0.74617
2.5895	0.74591
2.5921	0.74599
2.5947	0.74465
2.5973	0.74267
2.5999	0.74373
2.6025	0.74409
2.6051	0.74293
2.6077	0.74178
2.6103	0.74183
2.613	0.74196
2.6156	0.74140
2.6183	0.73951
2.6209	0.73843
2.6236	0.73866
2.6262	0.73814
2.6289	0.73695
2.6315	0.73599
2.6342	0.73555
2.6369	0.73518
2.6396	0.73415
2.6423	0.73309
2.645	0.73191
2.6477	0.73067
2.6504	0.72967
2.6517	0.72975
2.6531	0.72984
2.6544	0.72884
2.6558	0.72869
2.6572	0.72777
2.6585	0.72714
2.6599	0.72648
2.6613	0.72479
2.6626	0.72332
2.664	0.72352
2.6654	0.72342
2.6667	0.72335
2.6681	0.72155
2.6695	0.71838
2.6709	0.71938
2.6722	0.71369
2.6736	0.70890
2.675	0.70512
2.6764	0.70435
2.6778	0.70154
2.6791	0.69896
2.6805	0.69472
2.6819	0.69033
2.6833	0.68731
2.6847	0.68531
2.6861	0.68306
2.6875	0.68007
2.6889	0.67629
2.6903	0.67417
2.6917	0.67119
2.6931	0.66848
2.6945	0.66483
2.6959	0.65912
2.6973	0.65326
2.6987	0.64684
2.7001	0.64168
2.7015	0.63763
2.7029	0.63219
2.7043	0.62734
2.7057	0.62346
2.7071	0.61832
2.7085	0.61379
2.71	0.61100
2.7114	0.60710
2.7128	0.60018
2.7142	0.59293
2.7156	0.58687
2.7171	0.58045
2.7185	0.57376
2.7199	0.56813
2.7213	0.56183
2.7228	0.55227
2.7242	0.54552
2.7256	0.53735
2.7271	0.52905
2.7285	0.52039
2.7299	0.51267
2.7314	0.50568
2.7328	0.49826
2.7342	0.49113
2.7357	0.48429
2.7371	0.47677
2.7386	0.47211
2.74	0.46752
2.7415	0.46137
2.7429	0.45384
2.7444	0.44720
2.7458	0.44188
2.7473	0.43711
2.7487	0.43161
2.7502	0.42653
2.7517	0.42247
2.7531	0.41825
2.7546	0.41526
2.7561	0.41282
2.7575	0.40706
2.759	0.40196
2.7605	0.39853
2.7619	0.39585
2.7634	0.39279
2.7649	0.38922
2.7663	0.38557
2.7678	0.38260
2.7693	0.38007
2.7708	0.37795
2.7723	0.37536
2.7737	0.37229
2.7752	0.36913
2.7767	0.36616
2.7782	0.36290
2.7797	0.36032
2.7812	0.35767
2.7827	0.35459
2.7842	0.35172
2.7857	0.35000
2.7872	0.34868
2.7887	0.34636
2.7902	0.34287
2.7917	0.34095
2.7932	0.33950
2.7947	0.33755
2.7962	0.33579
2.7977	0.33377
2.7992	0.33137
2.8007	0.32939
2.8022	0.32747
2.8038	0.32581
2.8053	0.32343
2.8068	0.32099
2.8083	0.31895
2.8098	0.31725
2.8114	0.31610
2.8129	0.31436
2.8144	0.31215
2.8159	0.31108
2.8175	0.30884
2.819	0.30740
2.8205	0.30578
2.8221	0.30322
2.8236	0.30045
2.8251	0.29932
2.8267	0.29803
2.8282	0.29652
2.8298	0.29476
2.8313	0.29300
2.8329	0.29159
2.8344	0.29056
2.836	0.28861
2.8375	0.28687
2.8391	0.28508
2.8406	0.28364
2.8422	0.28272
2.8437	0.28144
2.8453	0.27920
2.8469	0.27717
2.8484	0.27621
2.85	0.27543
2.8516	0.27368
2.8531	0.27282
2.8547	0.27145
2.8563	0.27033
2.8578	0.26927
2.8594	0.26831
2.861	0.26745
2.8626	0.26663
2.8642	0.26544
2.8657	0.26397
2.8673	0.26204
2.8689	0.26004
2.8705	0.25928
2.8721	0.25900
2.8737	0.25880
2.8753	0.25804
2.8769	0.25630
2.8785	0.25524
2.8801	0.25420
2.8817	0.25298
2.8833	0.25224
2.8849	0.25178
2.8865	0.25083
2.8881	0.25025
2.8897	0.24969
2.8913	0.24851
2.8929	0.24774
2.8945	0.24667
2.8962	0.24538
2.8978	0.24480
2.8994	0.24421
2.901	0.24348
2.9027	0.24263
2.9043	0.24256
2.9059	0.24218
2.9075	0.24152
2.9092	0.24053
2.9108	0.23937
2.9124	0.23871
2.9141	0.23899
2.9157	0.23896
2.9174	0.23864
2.919	0.23835
2.9206	0.23748
2.9223	0.23749
2.9239	0.23751
2.9256	0.23689
2.9272	0.23657
2.9289	0.23647
2.9305	0.23686
2.9322	0.23675
2.9339	0.23642
2.9355	0.23577
2.9372	0.23545
2.9389	0.23544
2.9405	0.23544
2.9422	0.23551
2.9439	0.23595
2.9455	0.23610
2.9472	0.23570
2.9489	0.23498
2.9506	0.23502
2.9522	0.23585
2.9539	0.23668
2.9556	0.23708
2.9573	0.23679
2.959	0.23634
2.9607	0.23700
2.9624	0.23763
2.9641	0.23769
2.9658	0.23837
2.9674	0.23949
2.9691	0.24008
2.9709	0.24053
2.9726	0.24102
2.9743	0.24184
2.976	0.24239
2.9777	0.24289
2.9794	0.24314
2.9811	0.24363
2.9828	0.24402
2.9845	0.24533
2.9863	0.24626
2.988	0.24646
2.9897	0.24714
2.9914	0.24778
2.9931	0.24859
2.9949	0.24984
2.9966	0.25032
2.9983	0.25084
3.0001	0.25097
3.0018	0.25147
3.0036	0.25223
3.0053	0.25284
3.007	0.25339
3.0088	0.25385
3.0105	0.25456
3.0123	0.25553
3.014	0.25609
3.0158	0.25650
3.0175	0.25733
3.0193	0.25829
3.0211	0.25873
3.0228	0.25888
3.0246	0.25918
3.0263	0.25991
3.0281	0.26089
3.0299	0.26129
3.0317	0.26173
3.0334	0.26259
3.0352	0.26341
3.037	0.26419
3.0388	0.26444
3.0405	0.26546
3.0423	0.26700
3.0441	0.26723
3.0459	0.26714
3.0477	0.26808
3.0495	0.26883
3.0513	0.26944
3.0531	0.27040
3.0549	0.27105
3.0567	0.27174
3.0585	0.27268
3.0603	0.27355
3.0621	0.27411
3.0639	0.27472
3.0657	0.27551
3.0675	0.27681
3.0694	0.27788
3.0712	0.27878
3.073	0.27957
3.0748	0.28016
3.0766	0.28082
3.0785	0.28170
3.0803	0.28288
3.0821	0.28421
3.084	0.28562
3.0858	0.28623
3.0876	0.28679
3.0895	0.28737
3.0913	0.28854
3.0932	0.29030
3.095	0.29121
3.0969	0.29223
3.0987	0.29352
3.1006	0.29475
3.1024	0.29640
3.1043	0.29733
3.1061	0.29827
3.108	0.29988
3.1099	0.30138
3.1117	0.30191
3.1136	0.30319
3.1155	0.30545
3.1173	0.30716
3.1192	0.30816
3.1211	0.30960
3.123	0.31103
3.1249	0.31241
3.1267	0.31428
3.1286	0.31613
3.1305	0.31739
3.1324	0.31942
3.1343	0.32148
3.1362	0.32362
3.1381	0.32528
3.14	0.32754
3.1419	0.32989
3.1438	0.33221
3.1457	0.33406
3.1476	0.33580
3.1495	0.33817
3.1514	0.34063
3.1534	0.34250
3.1553	0.34473
3.1572	0.34698
3.1591	0.34908
3.1611	0.35117
3.163	0.35326
3.1649	0.35515
3.1669	0.35699
3.1688	0.35951
3.1707	0.36196
3.1727	0.36401
3.1746	0.36638
3.1766	0.36876
3.1785	0.37040
3.1805	0.37251
3.1824	0.37526
3.1844	0.37824
3.1863	0.38031
3.1883	0.38172
3.1902	0.38453
3.1922	0.38711
3.1942	0.38919
3.1961	0.39131
3.1981	0.39345
3.2001	0.39520
3.2021	0.39722
3.204	0.39957
3.206	0.40239
3.208	0.40466
3.21	0.40690
3.212	0.40899
3.214	0.41139
3.216	0.41386
3.218	0.41645
3.22	0.41874
3.222	0.42108
3.224	0.42319
3.226	0.42530
3.228	0.42739
3.23	0.42990
3.232	0.43245
3.234	0.43455
3.236	0.43661
3.2381	0.43919
3.2401	0.44127
3.2421	0.44304
3.2441	0.44487
3.2462	0.44724
3.2482	0.44958
3.2502	0.45194
3.2523	0.45443
3.2543	0.45734
3.2564	0.45968
3.2584	0.46135
3.2605	0.46299
3.2625	0.46485
3.2646	0.46692
3.2666	0.46940
3.2687	0.47174
3.2707	0.47389
3.2728	0.47601
3.2749	0.47817
3.277	0.47980
3.279	0.48216
3.2811	0.48439
3.2832	0.48636
3.2853	0.48852
3.2873	0.49057
3.2894	0.49241
3.2915	0.49495
3.2936	0.49718
3.2957	0.49835
3.2978	0.50008
3.2999	0.50242
3.302	0.50451
3.3041	0.50678
3.3062	0.50869
3.3083	0.51101
3.3104	0.51317
3.3125	0.51503
3.3147	0.51688
3.3168	0.51896
3.3189	0.52080
3.321	0.52253
3.3232	0.52412
3.3253	0.52642
3.3274	0.52875
3.3296	0.53061
3.3317	0.53201
3.3338	0.53385
3.336	0.53620
3.3381	0.53769
3.3403	0.53842
3.3424	0.53989
3.3446	0.54194
3.3468	0.54394
3.3489	0.54555
3.3511	0.54741
3.3533	0.54892
3.3554	0.55001
3.3576	0.55124
3.3598	0.55289
3.362	0.55353
3.3641	0.55443
3.3663	0.55595
3.3685	0.55742
3.3707	0.55828
3.3729	0.55919
3.3751	0.56059
3.3773	0.56233
3.3795	0.56384
3.3817	0.56537
3.3839	0.56706
3.3861	0.56853
3.3883	0.56983
3.3905	0.57145
3.3928	0.57285
3.395	0.57412
3.3972	0.57504
3.3994	0.57617
3.4017	0.57706
3.4039	0.57762
3.4061	0.57801
3.4084	0.57865
3.4106	0.57927
3.4129	0.58038
3.4151	0.58147
3.4174	0.58289
3.4196	0.58448
3.4219	0.58612
3.4241	0.58787
3.4264	0.58987
3.4287	0.59171
3.4309	0.59346
3.4332	0.59524
3.4355	0.59697
3.4378	0.59848
3.44	0.60053
3.4423	0.60201
3.4446	0.60316
3.4469	0.60420
3.4492	0.60563
3.4515	0.60676
3.4538	0.60770
3.4561	0.60860
3.4584	0.60979
3.4607	0.61065
3.463	0.61153
3.4653	0.61217
3.4676	0.61304
3.47	0.61327
3.4723	0.61387
3.4746	0.61432
3.477	0.61495
3.4793	0.61544
3.4816	0.61616
3.484	0.61676
3.4863	0.61702
3.4887	0.61735
3.491	0.61773
3.4934	0.61797
3.4957	0.61803
3.4981	0.61772
3.5004	0.61770
3.5028	0.61818
3.5052	0.61922
3.5075	0.61996
3.5099	0.62056
3.5123	0.62123
3.5147	0.62205
3.5171	0.62262
3.5194	0.62339
3.5218	0.62380
3.5242	0.62352
3.5266	0.62350
3.529	0.62384
3.5314	0.62405
3.5338	0.62423
3.5362	0.62401
3.5387	0.62407
3.5411	0.62411
3.5435	0.62403
3.5459	0.62353
3.5483	0.62321
3.5508	0.62286
3.5532	0.62267
3.5556	0.62247
3.5581	0.62233
3.5605	0.62175
3.563	0.62127
3.5654	0.62094
3.5679	0.62063
3.5703	0.62062
3.5728	0.62079
3.5753	0.62046
3.5777	0.62013
3.5802	0.61978
3.5827	0.61957
3.5852	0.61873
3.5876	0.61884
3.5901	0.61940
3.5926	0.61890
3.5951	0.61831
3.5976	0.61850
3.6001	0.61831
3.6026	0.61812
3.6051	0.61774
3.6076	0.61752
3.6101	0.61762
3.6126	0.61776
3.6152	0.61776
3.6177	0.61808
3.6202	0.61829
3.6227	0.61832
3.6253	0.61823
3.6278	0.61832
3.6303	0.61837
3.6329	0.61858
3.6354	0.61852
3.638	0.61853
3.6405	0.61804
3.6431	0.61765
3.6457	0.61719
3.6482	0.61706
3.6508	0.61695
3.6534	0.61670
3.6559	0.61593
3.6585	0.61549
3.6611	0.61465
3.6637	0.61343
3.6663	0.61221
3.6689	0.61111
3.6715	0.60999
3.6741	0.60822
3.6767	0.60632
3.6793	0.60435
3.6819	0.60256
3.6845	0.60066
3.6872	0.59836
3.6898	0.59659
3.6924	0.59443
3.695	0.59226
3.6977	0.58988
3.7003	0.58767
3.703	0.58525
3.7056	0.58315
3.7083	0.58135
3.7109	0.57916
3.7136	0.57679
3.7162	0.57496
3.7189	0.57309
3.7216	0.57125
3.7242	0.56943
3.7269	0.56833
3.7296	0.56725
3.7323	0.56594
3.735	0.56507
3.7377	0.56432
3.7404	0.56387
3.7431	0.56361
3.7458	0.56355
3.7485	0.56333
3.7512	0.56365
3.7539	0.56464
3.7566	0.56528
3.7593	0.56583
3.7621	0.56631
3.7648	0.56726
3.7675	0.56819
3.7703	0.56943
3.773	0.57030
3.7758	0.57155
3.7785	0.57261
3.7813	0.57379
3.784	0.57473
3.7868	0.57547
3.7896	0.57607
3.7923	0.57695
3.7951	0.57754
3.7979	0.57778
3.8007	0.57792
3.8035	0.57795
3.8063	0.57777
3.8091	0.57751
3.8119	0.57718
3.8147	0.57666
3.8175	0.57590
3.8203	0.57520
3.8231	0.57420
3.8259	0.57327
3.8288	0.57213
3.8316	0.57122
3.8344	0.57048
3.8373	0.56960
3.8401	0.56841
3.8429	0.56772
3.8458	0.56741
3.8487	0.56678
3.8515	0.56606
3.8544	0.56619
3.8572	0.56647
3.8601	0.56675
3.863	0.56697
3.8659	0.56747
3.8688	0.56806
3.8716	0.56864
3.8745	0.56934
3.8774	0.57027
3.8803	0.57118
3.8832	0.57259
3.8862	0.57379
3.8891	0.57483
3.892	0.57620
3.8949	0.57730
3.8978	0.57796
3.9008	0.57901
3.9037	0.57961
3.9067	0.58045
3.9096	0.58148
3.9126	0.58235
3.9155	0.58200
3.9185	0.58191
3.9214	0.58192
3.9244	0.58178
3.9274	0.58109
3.9304	0.58012
3.9333	0.57902
3.9363	0.57823
3.9393	0.57722
3.9423	0.57586
3.9453	0.57457
3.9483	0.57294
3.9513	0.57080
3.9543	0.56909
3.9574	0.56727
3.9604	0.56549
3.9634	0.56379
3.9664	0.56212
3.9695	0.55993
3.9725	0.55793
3.9756	0.55611
3.9786	0.55447
3.9817	0.55274
3.9847	0.55125
3.9878	0.54984
3.9909	0.54849
3.9939	0.54711
3.997	0.54586
4.0001	0.54495
4.0032	0.54437
4.0063	0.54374
4.0094	0.54336
4.0125	0.54277
4.0156	0.54237
4.0187	0.54238
4.0218	0.54259
4.0249	0.54251
4.0281	0.54240
4.0312	0.54259
4.0343	0.54316
4.0375	0.54349
4.0406	0.54380
4.0438	0.54411
4.0469	0.54457
4.0501	0.54441
4.0533	0.54455
4.0564	0.54445
4.0596	0.54412
4.0628	0.54350
4.066	0.54304
4.0692	0.54232
4.0724	0.54127
4.0756	0.53960
4.0788	0.53819
4.082	0.53654
4.0852	0.53485
4.0884	0.53234
4.0917	0.52996
4.0949	0.52745
4.0981	0.52468
4.1014	0.52183
4.1046	0.51926
4.1079	0.51643
4.1111	0.51373
4.1144	0.51090
4.1177	0.50817
4.1209	0.50545
4.1242	0.50278
4.1275	0.50003
4.1308	0.49725
4.1341	0.49451
4.1374	0.49225
4.1407	0.49000
4.144	0.48762
4.1473	0.48512
4.1506	0.48318
4.154	0.48081
4.1573	0.47858
4.1606	0.47623
4.164	0.47393
4.1673	0.47162
4.1707	0.46947
4.174	0.46652
4.1774	0.46359
4.1808	0.46024
4.1841	0.45669
4.1875	0.45285
4.1909	0.44873
4.1943	0.44410
4.1977	0.43893
4.2011	0.43224
4.2045	0.42358
4.2079	0.41250
4.2113	0.39891
4.2147	0.38270
4.2182	0.36511
4.2216	0.34757
4.225	0.33108
4.2285	0.31629
4.2319	0.30470
4.2354	0.29691
4.2389	0.29331
4.2423	0.29318
4.2458	0.29567
4.2493	0.29977
4.2528	0.30383
4.2563	0.30475
4.2598	0.30033
4.2633	0.29004
4.2668	0.27822
4.2703	0.27109
4.2738	0.27102
4.2773	0.27463
4.2809	0.27856
4.2844	0.28249
4.288	0.28736
4.2915	0.29286
4.2951	0.29966
4.2986	0.30770
4.3022	0.31660
4.3058	0.32600
4.3093	0.33584
4.3129	0.34641
4.3165	0.35696
4.3201	0.36628
4.3237	0.37491
4.3273	0.38248
4.3309	0.38893
4.3346	0.39370
4.3382	0.39718
4.3418	0.39913
4.3455	0.40022
4.3491	0.39991
4.3528	0.39895
4.3564	0.39662
4.3601	0.39321
4.3638	0.38887
4.3674	0.38415
4.3711	0.37876
4.3748	0.37310
4.3785	0.36688
4.3822	0.36042
4.3859	0.35401
4.3896	0.34708
4.3933	0.34020
4.3971	0.33410
4.4008	0.32809
4.4045	0.32240
4.4083	0.31676
4.412	0.31155
4.4158	0.30687
4.4196	0.30252
4.4233	0.29826
4.4271	0.29398
4.4309	0.28988
4.4347	0.28622
4.4385	0.28308
4.4423	0.28035
4.4461	0.27715
4.4499	0.27367
4.4537	0.26912
4.4576	0.26388
4.4614	0.25883
4.4652	0.25489
4.4691	0.25258
4.4729	0.25239
4.4768	0.25395
4.4807	0.25674
4.4845	0.25960
4.4884	0.26230
4.4923	0.26496
4.4962	0.26885
4.5001	0.27454
4.504	0.28176
4.5079	0.29066
4.5119	0.30127
4.5158	0.31269
4.5197	0.32465
4.5237	0.33623
4.5276	0.34695
4.5316	0.35709
4.5356	0.36678
4.5395	0.37551
4.5435	0.38353
4.5475	0.39094
4.5515	0.39790
4.5555	0.40385
4.5595	0.40896
4.5635	0.41271
4.5675	0.41566
4.5715	0.41769
4.5756	0.41911
4.5796	0.41994
4.5837	0.42012
4.5877	0.41969
4.5918	0.41889
4.5959	0.41765
4.5999	0.41623
4.604	0.41428
4.6081	0.41194
4.6122	0.40914
4.6163	0.40636
4.6204	0.40280
4.6246	0.39861
4.6287	0.39337
4.6328	0.38765
4.637	0.38110
4.6411	0.37401
4.6453	0.36627
4.6494	0.35829
4.6536	0.35051
4.6578	0.34270
4.662	0.33428
4.6662	0.32556
4.6704	0.31658
4.6746	0.30798
4.6788	0.30047
4.683	0.29542
4.6873	0.29412
4.6915	0.29730
4.6958	0.30402
4.7	0.31277
4.7043	0.32142
4.7086	0.32897
4.7129	0.33468
4.7171	0.33896
4.7214	0.34181
4.7257	0.34340
4.7301	0.34404
4.7344	0.34387
4.7387	0.34275
4.743	0.34117
4.7474	0.33923
4.7517	0.33679
4.7561	0.33407
4.7605	0.33136
4.7648	0.32824
4.7692	0.32516
4.7736	0.32170
4.778	0.31784
4.7824	0.31378
4.7868	0.30957
4.7913	0.30519
4.7957	0.30082
4.8001	0.29610
4.8046	0.29113
4.809	0.28586
4.8135	0.28078
4.818	0.27563
4.8225	0.27025
4.8269	0.26466
4.8314	0.25887
4.8359	0.25269
4.8405	0.24629
4.845	0.23942
4.8495	0.23215
4.8541	0.22437
4.8586	0.21632
4.8632	0.20782
4.8677	0.19857
4.8723	0.18853
4.8769	0.17776
4.8815	0.16624
4.8861	0.15430
4.8907	0.14198
4.8953	0.12964
4.8999	0.11718
4.9046	0.10532
4.9092	0.09482
4.9139	0.08620
4.9185	0.07905
4.9232	0.07307
4.9279	0.06865
4.9326	0.06545
4.9373	0.06266
4.942	0.06033
4.9467	0.05828
4.9514	0.05630
4.9562	0.05396
4.9609	0.05135
4.9656	0.04872
4.9704	0.04597
4.9752	0.04344
4.98	0.04118
4.9847	0.03962
4.9895	0.03893
4.9943	0.03833
4.9992	0.03776
5.004	0.03720
5.0088	0.03667
5.0137	0.03645
5.0185	0.03648
5.0234	0.03644
5.0283	0.03666
5.0331	0.03679
5.038	0.03664
5.0429	0.03650
5.0478	0.03654
5.0528	0.03654
5.0577	0.03661
5.0626	0.03688
5.0676	0.03720
5.0725	0.03742
5.0775	0.03756
5.0825	0.03806
5.0875	0.03881
5.0925	0.03980
5.0975	0.04065
5.1025	0.04141
5.1075	0.04195
5.1126	0.04232
5.1176	0.04265
5.1227	0.04281
5.1277	0.04286
5.1328	0.04307
5.1379	0.04311
5.143	0.04307
5.1481	0.04350
5.1532	0.04400
5.1583	0.04420
5.1635	0.04450
5.1686	0.04485
5.1738	0.04519
5.179	0.04537
5.1841	0.04564
5.1893	0.04607
5.1945	0.04604
5.1997	0.04566
5.205	0.04525
5.2102	0.04456
5.2154	0.04350
5.2207	0.04174
5.2259	0.03960
5.2312	0.03760
5.2365	0.03549
5.2418	0.03347
5.2471	0.03192
5.2524	0.03069
5.2577	0.02970
5.2631	0.02878
5.2684	0.02788
5.2738	0.02746
5.2792	0.02719
5.2845	0.02672
5.2899	0.02645
5.2953	0.02603
5.3008	0.02578
5.3062	0.02551
5.3116	0.02534
5.3171	0.02550
5.3225	0.02555
5.328	0.02554
5.3335	0.02539
5.339	0.02543
5.3445	0.02547
5.35	0.02547
5.3555	0.02567
5.361	0.02580
5.3666	0.02584
5.3722	0.02604
5.3777	0.02647
5.3833	0.02683
5.3889	0.02741
5.3945	0.02837
5.4001	0.02956
5.4058	0.03093
5.4114	0.03263
5.4171	0.03454
5.4227	0.03650
5.4284	0.03884
5.4341	0.04092
5.4398	0.04260
5.4455	0.04420
5.4512	0.04541
5.457	0.04555
5.4627	0.04547
5.4685	0.04506
5.4743	0.04411
5.4801	0.04314
5.4859	0.04207
5.4917	0.04087
5.4975	0.03964
5.5033	0.03816
5.5092	0.03689
5.515	0.03591
5.5209	0.03485
5.5268	0.03360
5.5327	0.03273
5.5386	0.03200
5.5445	0.03119
5.5505	0.03053
5.5564	0.03005
5.5624	0.02976
5.5684	0.02948
5.5743	0.02932
5.5803	0.02933
5.5864	0.02946
5.5924	0.02936
5.5984	0.02929
5.6045	0.02949
5.6105	0.02987
5.6166	0.03050
5.6227	0.03132
5.6288	0.03204
5.6349	0.03290
5.6411	0.03453
5.6472	0.03673
5.6534	0.03917
5.6595	0.04208
5.6657	0.04568
5.6719	0.04950
5.6781	0.05325
5.6844	0.05671
5.6906	0.06019
5.6969	0.06287
5.7031	0.06473
5.7094	0.06611
5.7157	0.06702
5.722	0.06688
5.7283	0.06622
5.7347	0.06535
5.741	0.06439
5.7474	0.06311
5.7538	0.06180
5.7601	0.06032
5.7666	0.05901
5.773	0.05736
5.7794	0.05578
5.7859	0.05446
5.7923	0.05289
5.7988	0.05121
5.8053	0.04995
5.8118	0.04828
5.8183	0.04678
5.8249	0.04522
5.8314	0.04378
5.838	0.04221
5.8446	0.04043
5.8512	0.03877
5.8578	0.03731
5.8644	0.03583
5.871	0.03446
5.8777	0.03305
5.8844	0.03197
5.8911	0.03083
5.8978	0.02983
5.9045	0.02883
5.9112	0.02742
5.918	0.02622
5.9247	0.02544
5.9315	0.02492
5.9383	0.02501
5.9451	0.02497
5.9519	0.02454
5.9588	0.02450
5.9656	0.02480
5.9725	0.02527
5.9794	0.02593
5.9863	0.02663
5.9932	0.02734
6.0002	0.02775
6.0071	0.02831
6.0141	0.02900
6.0211	0.02923
6.0281	0.02933
6.0351	0.02959
6.0421	0.02970
6.0492	0.02996
6.0562	0.03001
6.0633	0.02965
6.0704	0.02961
6.0775	0.02947
6.0847	0.02886
6.0918	0.02798
6.099	0.02703
6.1062	0.02611
6.1134	0.02547
6.1206	0.02465
6.1278	0.02373
6.1351	0.02290
6.1423	0.02192
6.1496	0.02109
6.1569	0.02051
6.1643	0.01964
6.1716	0.01901
6.1789	0.01861
6.1863	0.01835
6.1937	0.01847
6.2011	0.01813
6.2085	0.01776
6.216	0.01761
6.2235	0.01762
6.2309	0.01778
6.2384	0.01775
6.2459	0.01773
6.2535	0.01811
6.261	0.01830
6.2686	0.01817
6.2762	0.01832
6.2838	0.01875
6.2914	0.01901
6.2991	0.01933
6.3067	0.01982
6.3144	0.02024
6.3221	0.02049
6.3298	0.02104
6.3376	0.02199
6.3453	0.02271
6.3531	0.02327
6.3609	0.02392
6.3687	0.02480
6.3765	0.02601
6.3844	0.02716
6.3923	0.02822
6.4002	0.02928
6.4081	0.03040
6.416	0.03177
6.424	0.03251
6.4319	0.03258
6.4399	0.03240
6.4479	0.03195
6.456	0.03120
6.464	0.03008
6.4721	0.02906
6.4802	0.02779
6.4883	0.02609
6.4964	0.02441
6.5046	0.02248
6.5127	0.02057
6.5209	0.01908
6.5291	0.01802
6.5374	0.01703
6.5456	0.01623
6.5539	0.01616
6.5622	0.01596
6.5705	0.01585
6.5789	0.01598
6.5872	0.01602
6.5956	0.01602
6.604	0.01634
6.6124	0.01673
6.6209	0.01667
6.6293	0.01618
6.6378	0.01613
6.6463	0.01599
6.6549	0.01590
6.6634	0.01592
6.672	0.01564
6.6806	0.01505
6.6892	0.01473
6.6978	0.01441
6.7065	0.01407
6.7152	0.01416
6.7239	0.01414
6.7326	0.01420
6.7414	0.01454
6.7502	0.01455
6.759	0.01431
6.7678	0.01450
6.7766	0.01494
6.7855	0.01513
6.7944	0.01524
6.8033	0.01547
6.8123	0.01562
6.8212	0.01569
6.8302	0.01592
6.8392	0.01582
6.8483	0.01566
6.8573	0.01575
6.8664	0.01593
6.8755	0.01600
6.8846	0.01608
6.8938	0.01642
6.903	0.01661
6.9122	0.01628
6.9214	0.01602
6.9307	0.01576
6.9399	0.01520
6.9492	0.01493
6.9586	0.01473
6.9679	0.01431
6.9773	0.01360
6.9867	0.01309
6.9961	0.01273
7.0056	0.01266
7.0151	0.01232
7.0246	0.01154
7.0341	0.01100
7.0437	0.01081
7.0532	0.01043
7.0629	0.00996
7.0725	0.00984
7.0822	0.00964
7.0918	0.00928
7.1016	0.00891
7.1113	0.00846
7.1211	0.00795
7.1309	0.00746
7.1407	0.00699
7.1505	0.00657
7.1604	0.00586
7.1703	0.00526
7.1802	0.00500
7.1902	0.00493
7.2002	0.00467
7.2102	0.00427
7.2202	0.00399
7.2303	0.00364
7.2404	0.00333
7.2505	0.00289
7.2607	0.00272
7.2709	0.00267
7.2811	0.00213
7.2913	0.00189
7.3016	0.00185
7.3119	0.00168
7.3222	0.00139
7.3326	0.00128
7.343	0.00112
7.3534	0.00105
7.3638	0.00098
7.3743	0.00093
7.3848	0.00124
7.3953	0.00120
7.4059	0.00097
7.4165	0.00092
7.4271	0.00098
7.4378	0.00132
7.4485	0.00190
7.4592	0.00255
7.4699	0.00317
7.4807	0.00383
7.4915	0.00487
7.5024	0.00636
7.5132	0.00835
7.5241	0.01078
7.5351	0.01375
7.546	0.01729
7.557	0.02120
7.5681	0.02541
7.5791	0.02985
7.5902	0.03475
7.6014	0.04000
7.6125	0.04589
7.6237	0.05236
7.635	0.05922
7.6462	0.06693
7.6575	0.07507
7.6688	0.08387
7.6802	0.09262
7.6916	0.10068
7.703	0.10813
7.7145	0.11579
7.726	0.12343
7.7375	0.13116
7.7491	0.13885
7.7607	0.14602
7.7723	0.15237
7.784	0.15827
7.7957	0.16330
7.8074	0.16771
7.8192	0.17300
7.831	0.17966
7.8429	0.18740
7.8548	0.19620
7.8667	0.20592
7.8786	0.21680
7.8906	0.22851
7.9026	0.24104
7.9147	0.25381
7.9268	0.26768
7.939	0.28199
7.9511	0.29695
7.9633	0.31175
7.9756	0.32640
7.9879	0.33974
8.0002	0.35224
8.0126	0.36396
8.025	0.37582
8.0374	0.38789
8.0499	0.40103
8.0624	0.41506
8.075	0.43012
8.0876	0.44564
8.1002	0.46237
8.1129	0.47954
8.1256	0.49783
8.1384	0.51722
8.1512	0.53705
8.164	0.55488
8.1769	0.57004
8.1898	0.58137
8.2027	0.58987
8.2157	0.59500
8.2288	0.59811
8.2419	0.59945
8.255	0.59948
8.2682	0.59815
8.2814	0.59684
8.2946	0.59497
8.3079	0.59387
8.3212	0.59339
8.3346	0.59396
8.348	0.59451
8.3615	0.59571
8.375	0.59699
8.3886	0.59849
8.4022	0.59918
8.4158	0.60002
8.4295	0.60047
8.4432	0.60127
8.457	0.60059
8.4708	0.59960
8.4847	0.59806
8.4986	0.59619
8.5125	0.59335
8.5265	0.58974
8.5406	0.58395
8.5547	0.57490
8.5688	0.55999
8.583	0.53719
8.5972	0.50138
8.6115	0.45225
8.6258	0.40322
8.6402	0.38370
8.6546	0.40792
8.6691	0.45602
8.6836	0.49972
8.6982	0.53026
8.7128	0.54988
8.7275	0.56314
8.7422	0.57279
8.757	0.58093
8.7718	0.58733
8.7867	0.59393
8.8016	0.60046
8.8166	0.60809
8.8316	0.61571
8.8466	0.62311
8.8618	0.62983
8.8769	0.63628
8.8922	0.64163
8.9074	0.64713
8.9228	0.65166
8.9382	0.65600
8.9536	0.65938
8.9691	0.66291
8.9846	0.66605
9.0002	0.66936
9.0159	0.67171
9.0316	0.67390
9.0474	0.67537
9.0632	0.67685
9.079	0.67722
9.095	0.67766
9.111	0.67795
9.127	0.67804
9.1431	0.67681
9.1593	0.67558
9.1755	0.67385
9.1917	0.67138
9.2081	0.66769
9.2244	0.66449
9.2409	0.66007
9.2574	0.65472
9.2739	0.64710
9.2906	0.63803
9.3072	0.62476
9.324	0.60528
9.3408	0.57722
9.3576	0.54207
9.3746	0.50229
9.3915	0.46086
9.4086	0.41861
9.4257	0.37999
9.4429	0.34686
9.4601	0.31982
9.4774	0.29722
9.4948	0.27835
9.5122	0.26222
9.5297	0.24854
9.5472	0.23618
9.5648	0.22544
9.5825	0.21599
9.6003	0.20852
9.6181	0.20225
9.6359	0.19653
9.6539	0.19066
9.6719	0.18483
9.69	0.17906
9.7081	0.17410
9.7263	0.16960
9.7446	0.16500
9.763	0.16058
9.7814	0.15681
9.7999	0.15301
9.8184	0.14944
9.8371	0.14632
9.8558	0.14354
9.8745	0.14045
9.8934	0.13743
9.9123	0.13491
9.9313	0.13243
9.9504	0.12989
9.9695	0.12780
9.9887	0.12560
10.008	0.12361
10.0273	0.12162
10.0468	0.12009
10.0663	0.11845
10.0859	0.11651
10.1055	0.11471
10.1253	0.11356
10.1451	0.11198
10.165	0.11025
10.1849	0.10861
10.205	0.10737
10.2251	0.10639
10.2453	0.10497
10.2656	0.10318
10.286	0.10161
10.3064	0.10060
10.327	0.09959
10.3476	0.09817
10.3683	0.09718
10.389	0.09649
10.4099	0.09574
10.4309	0.09451
10.4519	0.09323
10.473	0.09227
10.4942	0.09159
10.5155	0.09051
10.5369	0.08937
10.5583	0.08865
10.5799	0.08807
10.6015	0.08748
10.6232	0.08722
10.645	0.08651
10.6669	0.08551
10.6889	0.08473
10.711	0.08409
10.7332	0.08356
10.7555	0.08297
10.7778	0.08227
10.8003	0.08153
10.8228	0.08087
10.8455	0.08019
10.8682	0.07940
10.891	0.07923
10.914	0.07877
10.937	0.07800
10.9601	0.07692
10.9833	0.07645
11.0067	0.07576
11.0301	0.07485
11.0536	0.07408
11.0772	0.07368
11.1009	0.07302
11.1248	0.07220
11.1487	0.07155
11.1727	0.07096
11.1968	0.07022
11.2211	0.06932
11.2454	0.06868
11.2699	0.06824
11.2944	0.06788
11.3191	0.06717
11.3438	0.06613
11.3687	0.06509
11.3937	0.06387
11.4188	0.06318
11.444	0.06253
11.4693	0.06201
11.4948	0.06157
11.5203	0.06041
11.546	0.05924
11.5717	0.05867
11.5976	0.05788
11.6236	0.05704
11.6497	0.05642
11.676	0.05574
11.7023	0.05451
11.7288	0.05377
11.7554	0.05244
11.7821	0.05134
11.809	0.05042
11.8359	0.04923
11.863	0.04825
11.8902	0.04667
11.9176	0.04504
11.945	0.04396
11.9726	0.04242
12.0003	0.04050
12.0282	0.03859
12.0561	0.03698
12.0842	0.03505
12.1125	0.03275
12.1408	0.03059
12.1693	0.02808
12.198	0.02581
12.2267	0.02355
12.2556	0.02118
12.2847	0.01918
12.3139	0.02048
12.3432	0.02974
12.3726	0.05098
12.4022	0.08215
12.432	0.11320
12.4619	0.13550
12.4919	0.14733
12.5221	0.15018
12.5524	0.14633
12.5829	0.13748
12.6135	0.12673
12.6442	0.12042
12.6751	0.12178
12.7062	0.13221
12.7374	0.14730
12.7688	0.16051
12.8003	0.16795
12.832	0.16803
12.8639	0.16086
12.8959	0.14798
12.928	0.13254
12.9603	0.11969
12.9928	0.10994
13.0255	0.10179
13.0583	0.09543
13.0913	0.09111
13.1244	0.08778
13.1577	0.08489
13.1912	0.08180
13.2248	0.07931
13.2587	0.07742
13.2927	0.07525
13.3268	0.07327
13.3612	0.07240
13.3957	0.07138
13.4304	0.06986
13.4653	0.06888
13.5004	0.06822
13.5356	0.06731
13.571	0.06664
13.6067	0.06599
13.6425	0.06540
13.6785	0.06472
13.7146	0.06325
13.751	0.06195
13.7876	0.06154
13.8244	0.06099
13.8613	0.06002
13.8985	0.05874
13.9358	0.05745
13.9734	0.05603
14.0112	0.05430
14.0491	0.05271
14.0873	0.05236
14.1257	0.05108
14.1643	0.04903
14.2031	0.04743
14.2421	0.04568
14.2814	0.04399
14.3208	0.04377
14.3605	0.04849
14.4004	0.05849
14.4405	0.06604
14.4808	0.06674
14.5214	0.06449
14.5622	0.06222
14.6032	0.06086
14.6444	0.05931
14.6859	0.05768
14.7277	0.05672
14.7696	0.05668
14.8118	0.05640
14.8543	0.05575
14.8969	0.05500
14.9399	0.05493
14.983	0.05460
15.0265	0.05390
15.0702	0.05406
15.1141	0.05479
15.1583	0.05469
15.2027	0.05400
15.2475	0.05331
15.2924	0.05333
15.3377	0.05328
15.3832	0.05277
15.429	0.05271
15.475	0.05274
15.5214	0.05193
15.568	0.05111
15.6149	0.05111
15.662	0.05104
15.7095	0.05029
15.7572	0.05050
15.8053	0.05008
15.8536	0.04949
15.9023	0.04975
15.9512	0.04980
16.0004	0.04965
16.05	0.04815
16.0998	0.04770
16.15	0.04779
16.2004	0.04704
16.2512	0.04523
16.3023	0.04480
16.3537	0.04512
16.4055	0.04483
16.4576	0.04467
16.51	0.04504
16.5627	0.04473
16.6158	0.04426
16.6692	0.04364
16.723	0.04299
16.7771	0.04278
16.8316	0.04332
16.8864	0.04281
16.9416	0.04149
16.9972	0.03974
17.0531	0.03863
17.1094	0.03796
17.166	0.03776
17.223	0.03658
17.2805	0.03497
17.3382	0.03433
17.3964	0.03315
17.455	0.03178
17.514	0.03108
17.5733	0.03001
17.6331	0.03028
17.6933	0.03211
17.7539	0.03660
17.8149	0.04405
17.8763	0.05455
17.9382	0.06922
18.0005	0.08873
18.0632	0.11323
18.1263	0.14036
18.1899	0.16733
18.254	0.18895
18.3185	0.20089
18.3835	0.20502
18.4489	0.20402
18.5148	0.19968
18.5811	0.19295
18.648	0.18379
18.7153	0.17194
18.7831	0.15895
18.8514	0.14697
18.9202	0.13724
18.9895	0.12908
19.0593	0.12372
19.1297	0.12323
19.2005	0.12968
19.2719	0.14100
19.3438	0.15692
19.4162	0.17683
19.4892	0.19981
19.5628	0.22604
19.6369	0.26210
19.7115	0.31317
19.7868	0.37553
19.8626	0.42954
19.939	0.46290
20.016	0.48121
20.0935	0.49341
20.1717	0.50065
20.2505	0.50395
20.3299	0.50579
20.41	0.50324
20.4907	0.49825
20.572	0.49239
20.6539	0.48521
20.7365	0.47751
20.8198	0.46896
20.9038	0.46032
20.9884	0.45250
21.0737	0.44411
21.1597	0.43494
21.2465	0.42404
21.3339	0.40937
21.422	0.39788
21.5109	0.38721
21.6006	0.37547
21.6909	0.36416
21.7821	0.35362
21.874	0.34542
21.9667	0.33710
22.0601	0.32338
22.1544	0.30774
22.2495	0.29214
22.3454	0.26786
22.4421	0.23662
22.5397	0.20729
22.6381	0.18357
22.7374	0.16747
22.8376	0.15955
22.9387	0.15027
23.0406	0.13782
23.1435	0.13004
23.2472	0.12298
23.352	0.11388
23.4576	0.11002
23.5643	0.10669
23.6718	0.10146
23.7804	0.09416
23.89	0.09173
24.0006	0.08883
24.1123	0.08206
24.2249	0.07825
24.3387	0.07136
24.4535	0.06214
24.5694	0.05515
24.6864	0.04970
24.8045	0.04307
24.9237	0.07211
