Brown University Keck/NASA Relab Spectrum TB-TJM-050/LATB50
Wavelength(micron)	Reflectance
0.32	0.04258
0.33	0.04424
0.34	0.04285
0.35	0.04200
0.36	0.04206
0.37	0.04148
0.38	0.04144
0.39	0.04188
0.4	0.04172
0.41	0.04183
0.42	0.04241
0.43	0.04323
0.44	0.04385
0.45	0.04473
0.46	0.04543
0.47	0.04630
0.48	0.04707
0.49	0.04798
0.5	0.04886
0.51	0.04972
0.52	0.05068
0.53	0.05182
0.54	0.05297
0.55	0.05382
0.56	0.05473
0.57	0.05539
0.58	0.05610
0.59	0.05680
0.6	0.05752
0.61	0.05858
0.62	0.05975
0.63	0.06077
0.64	0.06155
0.65	0.06221
0.66	0.06268
0.67	0.06288
0.68	0.06325
0.69	0.06370
0.7	0.06400
0.71	0.06448
0.72	0.06485
0.73	0.06544
0.74	0.06585
0.75	0.06622
0.76	0.06671
0.77	0.06687
0.78	0.06721
0.79	0.06746
0.8	0.06773
0.81	0.06796
0.82	0.06832
0.83	0.06857
0.84	0.06875
0.85	0.06873
0.86	0.06793
0.87	0.06759
0.88	0.06733
0.89	0.06678
0.9	0.06659
0.91	0.06664
0.92	0.06668
0.93	0.06665
0.94	0.06671
0.95	0.06671
0.96	0.06662
0.97	0.06646
0.98	0.06597
0.99	0.06592
1	0.06586
1.01	0.06590
1.02	0.06586
1.03	0.06601
1.04	0.06608
1.05	0.06595
1.06	0.06608
1.07	0.06619
1.08	0.06649
1.09	0.06664
1.1	0.06683
1.11	0.06691
1.12	0.06701
1.13	0.06700
1.14	0.06706
1.15	0.06717
1.16	0.06724
1.17	0.06744
1.18	0.06745
1.19	0.06758
1.2	0.06761
1.21	0.06775
1.22	0.06768
1.23	0.06782
1.24	0.06785
1.25	0.06786
1.26	0.06773
1.27	0.06773
1.28	0.06770
1.29	0.06763
1.3	0.06771
1.31	0.06790
1.32	0.06794
1.33	0.06803
1.34	0.06821
1.35	0.06822
1.36	0.06846
1.37	0.06849
1.38	0.06888
1.39	0.06891
1.4	0.06895
1.41	0.06869
1.42	0.06883
1.43	0.06871
1.44	0.06887
1.45	0.06893
1.46	0.06913
1.47	0.06927
1.48	0.06932
1.49	0.06953
1.5	0.06951
1.51	0.06975
1.52	0.06975
1.53	0.06972
1.54	0.06975
1.55	0.06995
1.56	0.07011
1.57	0.07022
1.58	0.07043
1.59	0.07045
1.6	0.07057
1.61	0.07074
1.62	0.07103
1.63	0.07117
1.64	0.07135
1.65	0.07142
1.66	0.07141
1.67	0.07157
1.68	0.07170
1.69	0.07180
1.7	0.07178
1.71	0.07189
1.72	0.07205
1.73	0.07211
1.74	0.07234
1.75	0.07245
1.76	0.07238
1.77	0.07257
1.78	0.07260
1.79	0.07265
1.8	0.07277
1.81	0.07293
1.82	0.07284
1.83	0.07290
1.84	0.07292
1.85	0.07294
1.86	0.07283
1.87	0.07298
1.88	0.07293
1.89	0.07290
1.9	0.07297
1.91	0.07303
1.92	0.07306
1.93	0.07319
1.94	0.07332
1.95	0.07328
1.96	0.07345
1.97	0.07353
1.98	0.07350
1.99	0.07352
2	0.07360
2.01	0.07342
2.02	0.07321
2.03	0.07309
2.04	0.07313
2.05	0.07315
2.06	0.07322
2.07	0.07341
2.08	0.07375
2.09	0.07384
2.1	0.07396
2.11	0.07408
2.12	0.07421
2.13	0.07424
2.14	0.07410
2.15	0.07405
2.16	0.07418
2.17	0.07418
2.18	0.07422
2.19	0.07440
2.2	0.07459
2.21	0.07473
2.22	0.07496
2.23	0.07494
2.24	0.07496
2.25	0.07514
2.26	0.07521
2.27	0.07519
2.28	0.07526
2.29	0.07531
2.3	0.07529
2.31	0.07525
2.32	0.07522
2.33	0.07507
2.34	0.07509
2.35	0.07502
2.36	0.07499
2.37	0.07507
2.38	0.07529
2.39	0.07520
2.4	0.07520
2.41	0.07541
2.42	0.07537
2.43	0.07533
2.44	0.07542
2.45	0.07552
2.46	0.07551
2.47	0.07547
2.48	0.07554
2.49	0.07552
2.5	0.07559
2.51	0.07551
2.52	0.07568
2.5215	0.07583
2.5227	0.07593
2.5239	0.07618
2.5252	0.07608
2.5264	0.07570
2.5276	0.07610
2.5288	0.07649
2.5301	0.07671
2.5313	0.07740
2.5326	0.07697
2.5338	0.07683
2.535	0.07710
2.5363	0.07660
2.5375	0.07630
2.5388	0.07689
2.54	0.07671
2.5412	0.07611
2.5425	0.07633
2.5437	0.07697
2.545	0.07738
2.5462	0.07735
2.5475	0.07697
2.5487	0.07609
2.55	0.07597
2.5512	0.07660
2.5525	0.07696
2.5538	0.07663
2.555	0.07680
2.5563	0.07682
2.5575	0.07612
2.5588	0.07650
2.5601	0.07670
2.5613	0.07627
2.5626	0.07658
2.5639	0.07748
2.5651	0.07725
2.5664	0.07657
2.5677	0.07673
2.5689	0.07707
2.5702	0.07680
2.5715	0.07700
2.5728	0.07716
2.574	0.07645
2.5753	0.07702
2.5766	0.07767
2.5779	0.07723
2.5792	0.07703
2.5805	0.07715
2.5817	0.07704
2.583	0.07718
2.5843	0.07703
2.5856	0.07642
2.5869	0.07695
2.5882	0.07712
2.5895	0.07716
2.5908	0.07655
2.5921	0.07667
2.5934	0.07719
2.5947	0.07781
2.596	0.07729
2.5973	0.07680
2.5986	0.07696
2.5999	0.07706
2.6012	0.07718
2.6025	0.07680
2.6038	0.07657
2.6051	0.07653
2.6064	0.07626
2.6077	0.07681
2.609	0.07771
2.6103	0.07810
2.6117	0.07764
2.613	0.07696
2.6143	0.07666
2.6156	0.07722
2.6169	0.07731
2.6183	0.07678
2.6196	0.07709
2.6209	0.07731
2.6222	0.07709
2.6236	0.07665
2.6249	0.07689
2.6262	0.07778
2.6275	0.07718
2.6289	0.07644
2.6302	0.07674
2.6315	0.07700
2.6329	0.07705
2.6342	0.07722
2.6356	0.07775
2.6369	0.07773
2.6382	0.07683
2.6396	0.07632
2.6409	0.07695
2.6423	0.07747
2.6436	0.07766
2.645	0.07785
2.6463	0.07734
2.6477	0.07720
2.649	0.07744
2.6504	0.07741
2.6517	0.07751
2.6531	0.07725
2.6544	0.07736
2.6558	0.07780
2.6572	0.07790
2.6585	0.07808
2.6599	0.07764
2.6613	0.07720
2.6626	0.07695
2.664	0.07742
2.6654	0.07740
2.6667	0.07732
2.6681	0.07731
2.6695	0.07761
2.6709	0.07826
2.6722	0.07774
2.6736	0.07736
2.675	0.07770
2.6764	0.07852
2.6778	0.07805
2.6791	0.07744
2.6805	0.07779
2.6819	0.07810
2.6833	0.07814
2.6847	0.07745
2.6861	0.07769
2.6875	0.07784
2.6889	0.07814
2.6903	0.07842
2.6917	0.07823
2.6931	0.07849
2.6945	0.07841
2.6959	0.07845
2.6973	0.07878
2.6987	0.07843
2.7001	0.07829
2.7015	0.07851
2.7029	0.07851
2.7043	0.07839
2.7057	0.07866
2.7071	0.07872
2.7085	0.07863
2.71	0.07880
2.7114	0.07828
2.7128	0.07770
2.7142	0.07798
2.7156	0.07820
2.7171	0.07861
2.7185	0.07875
2.7199	0.07881
2.7213	0.07858
2.7228	0.07847
2.7242	0.07883
2.7256	0.07875
2.7271	0.07853
2.7285	0.07868
2.7299	0.07897
2.7314	0.07929
2.7328	0.07949
2.7342	0.07934
2.7357	0.07922
2.7371	0.07881
2.7386	0.07882
2.74	0.07911
2.7415	0.07885
2.7429	0.07909
2.7444	0.07941
2.7458	0.07893
2.7473	0.07851
2.7487	0.07859
2.7502	0.07873
2.7517	0.07865
2.7531	0.07909
2.7546	0.07940
2.7561	0.07890
2.7575	0.07868
2.759	0.07854
2.7605	0.07846
2.7619	0.07903
2.7634	0.07926
2.7649	0.07906
2.7663	0.07905
2.7678	0.07913
2.7693	0.07905
2.7708	0.07915
2.7723	0.07908
2.7737	0.07923
2.7752	0.07931
2.7767	0.07925
2.7782	0.07936
2.7797	0.07926
2.7812	0.07903
2.7827	0.07880
2.7842	0.07898
2.7857	0.07941
2.7872	0.07962
2.7887	0.07945
2.7902	0.07937
2.7917	0.07953
2.7932	0.07966
2.7947	0.07977
2.7962	0.07949
2.7977	0.07916
2.7992	0.07922
2.8007	0.07913
2.8022	0.07895
2.8038	0.07968
2.8053	0.08044
2.8068	0.08045
2.8083	0.08002
2.8098	0.07970
2.8114	0.08014
2.8129	0.08022
2.8144	0.07983
2.8159	0.07965
2.8175	0.07968
2.819	0.07986
2.8205	0.07998
2.8221	0.07980
2.8236	0.07973
2.8251	0.07978
2.8267	0.07964
2.8282	0.07964
2.8298	0.08038
2.8313	0.08054
2.8329	0.08023
2.8344	0.08036
2.836	0.08048
2.8375	0.08049
2.8391	0.08058
2.8406	0.08033
2.8422	0.08011
2.8437	0.08001
2.8453	0.08018
2.8469	0.08033
2.8484	0.08039
2.85	0.08038
2.8516	0.08047
2.8531	0.08068
2.8547	0.08106
2.8563	0.08059
2.8578	0.08019
2.8594	0.08042
2.861	0.08039
2.8626	0.08058
2.8642	0.08072
2.8657	0.08065
2.8673	0.08073
2.8689	0.08075
2.8705	0.08047
2.8721	0.08049
2.8737	0.08052
2.8753	0.08043
2.8769	0.08031
2.8785	0.08021
2.8801	0.08054
2.8817	0.08063
2.8833	0.08059
2.8849	0.08041
2.8865	0.08053
2.8881	0.08071
2.8897	0.08072
2.8913	0.08062
2.8929	0.08039
2.8945	0.08049
2.8962	0.08045
2.8978	0.08015
2.8994	0.08028
2.901	0.08031
2.9027	0.08040
2.9043	0.08092
2.9059	0.08102
2.9075	0.08088
2.9092	0.08070
2.9108	0.08080
2.9124	0.08119
2.9141	0.08116
2.9157	0.08088
2.9174	0.08124
2.919	0.08103
2.9206	0.08073
2.9223	0.08073
2.9239	0.08082
2.9256	0.08052
2.9272	0.08034
2.9289	0.08054
2.9305	0.08084
2.9322	0.08075
2.9339	0.08052
2.9355	0.08071
2.9372	0.08107
2.9389	0.08123
2.9405	0.08110
2.9422	0.08107
2.9439	0.08114
2.9455	0.08138
2.9472	0.08129
2.9489	0.08108
2.9506	0.08100
2.9522	0.08095
2.9539	0.08088
2.9556	0.08089
2.9573	0.08087
2.959	0.08116
2.9607	0.08128
2.9624	0.08104
2.9641	0.08080
2.9658	0.08069
2.9674	0.08060
2.9691	0.08074
2.9709	0.08092
2.9726	0.08091
2.9743	0.08115
2.976	0.08118
2.9777	0.08104
2.9794	0.08110
2.9811	0.08145
2.9828	0.08155
2.9845	0.08132
2.9863	0.08142
2.988	0.08142
2.9897	0.08115
2.9914	0.08116
2.9931	0.08143
2.9949	0.08145
2.9966	0.08131
2.9983	0.08143
3.0001	0.08129
3.0018	0.08108
3.0036	0.08139
3.0053	0.08177
3.007	0.08176
3.0088	0.08153
3.0105	0.08131
3.0123	0.08129
3.014	0.08144
3.0158	0.08143
3.0175	0.08156
3.0193	0.08161
3.0211	0.08175
3.0228	0.08157
3.0246	0.08136
3.0263	0.08132
3.0281	0.08118
3.0299	0.08140
3.0317	0.08181
3.0334	0.08173
3.0352	0.08167
3.037	0.08144
3.0388	0.08121
3.0405	0.08124
3.0423	0.08131
3.0441	0.08108
3.0459	0.08093
3.0477	0.08121
3.0495	0.08163
3.0513	0.08148
3.0531	0.08101
3.0549	0.08125
3.0567	0.08165
3.0585	0.08127
3.0603	0.08106
3.0621	0.08113
3.0639	0.08118
3.0657	0.08100
3.0675	0.08098
3.0694	0.08117
3.0712	0.08119
3.073	0.08122
3.0748	0.08123
3.0766	0.08110
3.0785	0.08093
3.0803	0.08096
3.0821	0.08098
3.084	0.08055
3.0858	0.08043
3.0876	0.08084
3.0895	0.08105
3.0913	0.08117
3.0932	0.08111
3.095	0.08094
3.0969	0.08091
3.0987	0.08092
3.1006	0.08089
3.1024	0.08093
3.1043	0.08113
3.1061	0.08110
3.108	0.08104
3.1099	0.08098
3.1117	0.08111
3.1136	0.08108
3.1155	0.08086
3.1173	0.08132
3.1192	0.08164
3.1211	0.08157
3.123	0.08134
3.1249	0.08130
3.1267	0.08146
3.1286	0.08165
3.1305	0.08155
3.1324	0.08155
3.1343	0.08159
3.1362	0.08176
3.1381	0.08185
3.14	0.08171
3.1419	0.08146
3.1438	0.08147
3.1457	0.08162
3.1476	0.08155
3.1495	0.08155
3.1514	0.08182
3.1534	0.08203
3.1553	0.08181
3.1572	0.08157
3.1591	0.08147
3.1611	0.08175
3.163	0.08176
3.1649	0.08146
3.1669	0.08145
3.1688	0.08156
3.1707	0.08158
3.1727	0.08182
3.1746	0.08217
3.1766	0.08203
3.1785	0.08172
3.1805	0.08163
3.1824	0.08187
3.1844	0.08209
3.1863	0.08209
3.1883	0.08209
3.1902	0.08207
3.1922	0.08194
3.1942	0.08202
3.1961	0.08213
3.1981	0.08205
3.2001	0.08204
3.2021	0.08213
3.204	0.08203
3.206	0.08199
3.208	0.08201
3.21	0.08200
3.212	0.08218
3.214	0.08232
3.216	0.08259
3.218	0.08274
3.22	0.08237
3.222	0.08190
3.224	0.08215
3.226	0.08230
3.228	0.08222
3.23	0.08213
3.232	0.08219
3.234	0.08229
3.236	0.08241
3.2381	0.08237
3.2401	0.08238
3.2421	0.08261
3.2441	0.08274
3.2462	0.08277
3.2482	0.08261
3.2502	0.08255
3.2523	0.08239
3.2543	0.08227
3.2564	0.08245
3.2584	0.08255
3.2605	0.08242
3.2625	0.08244
3.2646	0.08273
3.2666	0.08275
3.2687	0.08274
3.2707	0.08282
3.2728	0.08276
3.2749	0.08282
3.277	0.08273
3.279	0.08274
3.2811	0.08280
3.2832	0.08279
3.2853	0.08313
3.2873	0.08316
3.2894	0.08294
3.2915	0.08304
3.2936	0.08315
3.2957	0.08302
3.2978	0.08312
3.2999	0.08333
3.302	0.08317
3.3041	0.08303
3.3062	0.08315
3.3083	0.08320
3.3104	0.08304
3.3125	0.08300
3.3147	0.08330
3.3168	0.08332
3.3189	0.08328
3.321	0.08350
3.3232	0.08353
3.3253	0.08332
3.3274	0.08326
3.3296	0.08343
3.3317	0.08346
3.3338	0.08364
3.336	0.08360
3.3381	0.08343
3.3403	0.08365
3.3424	0.08382
3.3446	0.08382
3.3468	0.08372
3.3489	0.08345
3.3511	0.08347
3.3533	0.08377
3.3554	0.08391
3.3576	0.08398
3.3598	0.08421
3.362	0.08437
3.3641	0.08421
3.3663	0.08394
3.3685	0.08394
3.3707	0.08419
3.3729	0.08440
3.3751	0.08466
3.3773	0.08490
3.3795	0.08489
3.3817	0.08470
3.3839	0.08493
3.3861	0.08507
3.3883	0.08510
3.3905	0.08510
3.3928	0.08517
3.395	0.08539
3.3972	0.08531
3.3994	0.08522
3.4017	0.08552
3.4039	0.08571
3.4061	0.08561
3.4084	0.08565
3.4106	0.08580
3.4129	0.08583
3.4151	0.08588
3.4174	0.08603
3.4196	0.08605
3.4219	0.08601
3.4241	0.08583
3.4264	0.08587
3.4287	0.08598
3.4309	0.08590
3.4332	0.08575
3.4355	0.08576
3.4378	0.08590
3.44	0.08575
3.4423	0.08556
3.4446	0.08523
3.4469	0.08530
3.4492	0.08533
3.4515	0.08529
3.4538	0.08541
3.4561	0.08552
3.4584	0.08547
3.4607	0.08548
3.463	0.08563
3.4653	0.08550
3.4676	0.08534
3.47	0.08550
3.4723	0.08555
3.4746	0.08551
3.477	0.08547
3.4793	0.08563
3.4816	0.08565
3.484	0.08560
3.4863	0.08574
3.4887	0.08570
3.491	0.08562
3.4934	0.08569
3.4957	0.08589
3.4981	0.08606
3.5004	0.08622
3.5028	0.08622
3.5052	0.08608
3.5075	0.08610
3.5099	0.08647
3.5123	0.08658
3.5147	0.08642
3.5171	0.08611
3.5194	0.08606
3.5218	0.08611
3.5242	0.08603
3.5266	0.08587
3.529	0.08586
3.5314	0.08600
3.5338	0.08604
3.5362	0.08599
3.5387	0.08580
3.5411	0.08593
3.5435	0.08610
3.5459	0.08618
3.5483	0.08611
3.5508	0.08614
3.5532	0.08624
3.5556	0.08621
3.5581	0.08624
3.5605	0.08632
3.563	0.08616
3.5654	0.08603
3.5679	0.08605
3.5703	0.08622
3.5728	0.08634
3.5753	0.08640
3.5777	0.08651
3.5802	0.08628
3.5827	0.08608
3.5852	0.08618
3.5876	0.08648
3.5901	0.08646
3.5926	0.08638
3.5951	0.08644
3.5976	0.08648
3.6001	0.08656
3.6026	0.08653
3.6051	0.08654
3.6076	0.08655
3.6101	0.08652
3.6126	0.08651
3.6152	0.08656
3.6177	0.08660
3.6202	0.08661
3.6227	0.08654
3.6253	0.08638
3.6278	0.08620
3.6303	0.08643
3.6329	0.08658
3.6354	0.08643
3.638	0.08636
3.6405	0.08638
3.6431	0.08647
3.6457	0.08658
3.6482	0.08671
3.6508	0.08683
3.6534	0.08684
3.6559	0.08678
3.6585	0.08671
3.6611	0.08682
3.6637	0.08679
3.6663	0.08691
3.6689	0.08705
3.6715	0.08699
3.6741	0.08706
3.6767	0.08707
3.6793	0.08693
3.6819	0.08691
3.6845	0.08695
3.6872	0.08704
3.6898	0.08692
3.6924	0.08703
3.695	0.08710
3.6977	0.08701
3.7003	0.08719
3.703	0.08743
3.7056	0.08744
3.7083	0.08722
3.7109	0.08697
3.7136	0.08688
3.7162	0.08703
3.7189	0.08710
3.7216	0.08702
3.7242	0.08719
3.7269	0.08746
3.7296	0.08751
3.7323	0.08741
3.735	0.08738
3.7377	0.08736
3.7404	0.08745
3.7431	0.08748
3.7458	0.08770
3.7485	0.08763
3.7512	0.08750
3.7539	0.08758
3.7566	0.08761
3.7593	0.08772
3.7621	0.08770
3.7648	0.08753
3.7675	0.08767
3.7703	0.08782
3.773	0.08761
3.7758	0.08742
3.7785	0.08761
3.7813	0.08780
3.784	0.08773
3.7868	0.08763
3.7896	0.08776
3.7923	0.08780
3.7951	0.08791
3.7979	0.08811
3.8007	0.08802
3.8035	0.08787
3.8063	0.08790
3.8091	0.08799
3.8119	0.08789
3.8147	0.08794
3.8175	0.08823
3.8203	0.08844
3.8231	0.08847
3.8259	0.08833
3.8288	0.08812
3.8316	0.08814
3.8344	0.08824
3.8373	0.08846
3.8401	0.08860
3.8429	0.08848
3.8458	0.08854
3.8487	0.08867
3.8515	0.08860
3.8544	0.08838
3.8572	0.08842
3.8601	0.08860
3.863	0.08846
3.8659	0.08847
3.8688	0.08855
3.8716	0.08850
3.8745	0.08851
3.8774	0.08855
3.8803	0.08857
3.8832	0.08862
3.8862	0.08861
3.8891	0.08870
3.892	0.08878
3.8949	0.08882
3.8978	0.08893
3.9008	0.08896
3.9037	0.08884
3.9067	0.08879
3.9096	0.08885
3.9126	0.08888
3.9155	0.08888
3.9185	0.08891
3.9214	0.08893
3.9244	0.08888
3.9274	0.08882
3.9304	0.08861
3.9333	0.08857
3.9363	0.08883
3.9393	0.08903
3.9423	0.08890
3.9453	0.08890
3.9483	0.08905
3.9513	0.08903
3.9543	0.08903
3.9574	0.08902
3.9604	0.08911
3.9634	0.08912
3.9664	0.08913
3.9695	0.08919
3.9725	0.08914
3.9756	0.08905
3.9786	0.08918
3.9817	0.08947
3.9847	0.08954
3.9878	0.08957
3.9909	0.08948
3.9939	0.08944
3.997	0.08941
4.0001	0.08951
4.0032	0.08951
4.0063	0.08941
4.0094	0.08952
4.0125	0.08965
4.0156	0.08963
4.0187	0.08957
4.0218	0.08960
4.0249	0.08989
4.0281	0.08995
4.0312	0.08989
4.0343	0.08982
4.0375	0.08996
4.0406	0.09015
4.0438	0.09028
4.0469	0.09031
4.0501	0.09020
4.0533	0.09012
4.0564	0.09012
4.0596	0.09005
4.0628	0.09012
4.066	0.09029
4.0692	0.09025
4.0724	0.09014
4.0756	0.09009
4.0788	0.09005
4.082	0.09017
4.0852	0.09027
4.0884	0.09034
4.0917	0.09034
4.0949	0.09025
4.0981	0.09027
4.1014	0.09043
4.1046	0.09052
4.1079	0.09050
4.1111	0.09044
4.1144	0.09054
4.1177	0.09060
4.1209	0.09060
4.1242	0.09069
4.1275	0.09084
4.1308	0.09074
4.1341	0.09068
4.1374	0.09079
4.1407	0.09098
4.144	0.09107
4.1473	0.09099
4.1506	0.09098
4.154	0.09101
4.1573	0.09111
4.1606	0.09127
4.164	0.09126
4.1673	0.09132
4.1707	0.09131
4.174	0.09124
4.1774	0.09128
4.1808	0.09139
4.1841	0.09139
4.1875	0.09145
4.1909	0.09154
4.1943	0.09146
4.1977	0.09135
4.2011	0.09138
4.2045	0.09145
4.2079	0.09165
4.2113	0.09174
4.2147	0.09171
4.2182	0.09171
4.2216	0.09162
4.225	0.09164
4.2285	0.09174
4.2319	0.09168
4.2354	0.09174
4.2389	0.09182
4.2423	0.09167
4.2458	0.09167
4.2493	0.09183
4.2528	0.09208
4.2563	0.09229
4.2598	0.09225
4.2633	0.09228
4.2668	0.09240
4.2703	0.09241
4.2738	0.09240
4.2773	0.09231
4.2809	0.09243
4.2844	0.09266
4.288	0.09267
4.2915	0.09247
4.2951	0.09254
4.2986	0.09265
4.3022	0.09261
4.3058	0.09269
4.3093	0.09279
4.3129	0.09287
4.3165	0.09302
4.3201	0.09314
4.3237	0.09302
4.3273	0.09296
4.3309	0.09301
4.3346	0.09311
4.3382	0.09318
4.3418	0.09325
4.3455	0.09335
4.3491	0.09336
4.3528	0.09351
4.3564	0.09358
4.3601	0.09363
4.3638	0.09368
4.3674	0.09373
4.3711	0.09365
4.3748	0.09362
4.3785	0.09369
4.3822	0.09375
4.3859	0.09384
4.3896	0.09381
4.3933	0.09394
4.3971	0.09411
4.4008	0.09395
4.4045	0.09387
4.4083	0.09385
4.412	0.09406
4.4158	0.09425
4.4196	0.09437
4.4233	0.09440
4.4271	0.09433
4.4309	0.09426
4.4347	0.09443
4.4385	0.09458
4.4423	0.09455
4.4461	0.09444
4.4499	0.09445
4.4537	0.09457
4.4576	0.09466
4.4614	0.09474
4.4652	0.09475
4.4691	0.09477
4.4729	0.09484
4.4768	0.09480
4.4807	0.09480
4.4845	0.09489
4.4884	0.09492
4.4923	0.09502
4.4962	0.09507
4.5001	0.09501
4.504	0.09496
4.5079	0.09505
4.5119	0.09522
4.5158	0.09534
4.5197	0.09530
4.5237	0.09526
4.5276	0.09538
4.5316	0.09561
4.5356	0.09569
4.5395	0.09557
4.5435	0.09551
4.5475	0.09556
4.5515	0.09564
4.5555	0.09571
4.5595	0.09574
4.5635	0.09580
4.5675	0.09581
4.5715	0.09592
4.5756	0.09592
4.5796	0.09593
4.5837	0.09602
4.5877	0.09615
4.5918	0.09630
4.5959	0.09627
4.5999	0.09616
4.604	0.09635
4.6081	0.09643
4.6122	0.09634
4.6163	0.09631
4.6204	0.09638
4.6246	0.09647
4.6287	0.09650
4.6328	0.09657
4.637	0.09670
4.6411	0.09684
4.6453	0.09678
4.6494	0.09668
4.6536	0.09681
4.6578	0.09694
4.662	0.09682
4.6662	0.09665
4.6704	0.09684
4.6746	0.09699
4.6788	0.09696
4.683	0.09693
4.6873	0.09696
4.6915	0.09721
4.6958	0.09739
4.7	0.09725
4.7043	0.09719
4.7086	0.09723
4.7129	0.09725
4.7171	0.09749
4.7214	0.09774
4.7257	0.09766
4.7301	0.09758
4.7344	0.09757
4.7387	0.09756
4.743	0.09765
4.7474	0.09776
4.7517	0.09767
4.7561	0.09762
4.7605	0.09783
4.7648	0.09789
4.7692	0.09782
4.7736	0.09786
4.778	0.09785
4.7824	0.09800
4.7868	0.09814
4.7913	0.09810
4.7957	0.09808
4.8001	0.09808
4.8046	0.09814
4.809	0.09823
4.8135	0.09830
4.818	0.09831
4.8225	0.09831
4.8269	0.09831
4.8314	0.09839
4.8359	0.09845
4.8405	0.09863
4.845	0.09870
4.8495	0.09868
4.8541	0.09871
4.8586	0.09869
4.8632	0.09873
4.8677	0.09888
4.8723	0.09900
4.8769	0.09903
4.8815	0.09889
4.8861	0.09866
4.8907	0.09883
4.8953	0.09909
4.8999	0.09907
4.9046	0.09906
4.9092	0.09910
4.9139	0.09917
4.9185	0.09929
4.9232	0.09939
4.9279	0.09940
4.9326	0.09930
4.9373	0.09930
4.942	0.09940
4.9467	0.09949
4.9514	0.09943
4.9562	0.09940
4.9609	0.09940
4.9656	0.09939
4.9704	0.09944
4.9752	0.09961
4.98	0.09970
4.9847	0.09976
4.9895	0.09986
4.9943	0.09982
4.9992	0.09974
5.004	0.09972
5.0088	0.09982
5.0137	0.09993
5.0185	0.09987
5.0234	0.09968
5.0283	0.09974
5.0331	0.09991
5.038	0.09981
5.0429	0.09973
5.0478	0.09986
5.0528	0.09998
5.0577	0.10009
5.0626	0.10017
5.0676	0.10008
5.0725	0.10007
5.0775	0.10025
5.0825	0.10028
5.0875	0.10013
5.0925	0.10013
5.0975	0.10025
5.1025	0.10031
5.1075	0.10039
5.1126	0.10034
5.1176	0.10038
5.1227	0.10052
5.1277	0.10052
5.1328	0.10059
5.1379	0.10063
5.143	0.10066
5.1481	0.10065
5.1532	0.10072
5.1583	0.10080
5.1635	0.10080
5.1686	0.10082
5.1738	0.10092
5.179	0.10096
5.1841	0.10101
5.1893	0.10103
5.1945	0.10113
5.1997	0.10113
5.205	0.10100
5.2102	0.10097
5.2154	0.10112
5.2207	0.10129
5.2259	0.10135
5.2312	0.10133
5.2365	0.10134
5.2418	0.10145
5.2471	0.10136
5.2524	0.10139
5.2577	0.10152
5.2631	0.10157
5.2684	0.10149
5.2738	0.10153
5.2792	0.10174
5.2845	0.10179
5.2899	0.10176
5.2953	0.10185
5.3008	0.10192
5.3062	0.10197
5.3116	0.10195
5.3171	0.10210
5.3225	0.10213
5.328	0.10201
5.3335	0.10208
5.339	0.10226
5.3445	0.10231
5.35	0.10240
5.3555	0.10250
5.361	0.10251
5.3666	0.10243
5.3722	0.10252
5.3777	0.10262
5.3833	0.10258
5.3889	0.10276
5.3945	0.10278
5.4001	0.10281
5.4058	0.10286
5.4114	0.10288
5.4171	0.10303
5.4227	0.10310
5.4284	0.10301
5.4341	0.10294
5.4398	0.10305
5.4455	0.10314
5.4512	0.10310
5.457	0.10312
5.4627	0.10324
5.4685	0.10328
5.4743	0.10343
5.4801	0.10367
5.4859	0.10366
5.4917	0.10364
5.4975	0.10366
5.5033	0.10360
5.5092	0.10364
5.515	0.10363
5.5209	0.10373
5.5268	0.10385
5.5327	0.10395
5.5386	0.10408
5.5445	0.10415
5.5505	0.10417
5.5564	0.10421
5.5624	0.10413
5.5684	0.10410
5.5743	0.10426
5.5803	0.10441
5.5864	0.10440
5.5924	0.10441
5.5984	0.10450
5.6045	0.10458
5.6105	0.10466
5.6166	0.10479
5.6227	0.10475
5.6288	0.10485
5.6349	0.10510
5.6411	0.10521
5.6472	0.10519
5.6534	0.10527
5.6595	0.10532
5.6657	0.10519
5.6719	0.10540
5.6781	0.10568
5.6844	0.10572
5.6906	0.10601
5.6969	0.10638
5.7031	0.10660
5.7094	0.10692
5.7157	0.10733
5.722	0.10777
5.7283	0.10814
5.7347	0.10853
5.741	0.10895
5.7474	0.10944
5.7538	0.10978
5.7601	0.11006
5.7666	0.11041
5.773	0.11020
5.7794	0.10988
5.7859	0.10986
5.7923	0.10988
5.7988	0.10978
5.8053	0.10975
5.8118	0.10975
5.8183	0.10965
5.8249	0.10944
5.8314	0.10913
5.838	0.10892
5.8446	0.10875
5.8512	0.10876
5.8578	0.10884
5.8644	0.10888
5.871	0.10893
5.8777	0.10916
5.8844	0.10920
5.8911	0.10893
5.8978	0.10903
5.9045	0.10904
5.9112	0.10916
5.918	0.10932
5.9247	0.10942
5.9315	0.10965
5.9383	0.10983
5.9451	0.10980
5.9519	0.10977
5.9588	0.10986
5.9656	0.10992
5.9725	0.11000
5.9794	0.11002
5.9863	0.11020
5.9932	0.11034
6.0002	0.11026
6.0071	0.11033
6.0141	0.11058
6.0211	0.11063
6.0281	0.11057
6.0351	0.11065
6.0421	0.11084
6.0492	0.11120
6.0562	0.11108
6.0633	0.11093
6.0704	0.11109
6.0775	0.11096
6.0847	0.11105
6.0918	0.11121
6.099	0.11119
6.1062	0.11118
6.1134	0.11129
6.1206	0.11111
6.1278	0.11105
6.1351	0.11128
6.1423	0.11147
6.1496	0.11155
6.1569	0.11163
6.1643	0.11154
6.1716	0.11144
6.1789	0.11164
6.1863	0.11191
6.1937	0.11174
6.2011	0.11175
6.2085	0.11188
6.216	0.11175
6.2235	0.11166
6.2309	0.11175
6.2384	0.11189
6.2459	0.11189
6.2535	0.11188
6.261	0.11179
6.2686	0.11173
6.2762	0.11185
6.2838	0.11180
6.2914	0.11186
6.2991	0.11202
6.3067	0.11209
6.3144	0.11201
6.3221	0.11215
6.3298	0.11236
6.3376	0.11251
6.3453	0.11255
6.3531	0.11238
6.3609	0.11245
6.3687	0.11274
6.3765	0.11288
6.3844	0.11283
6.3923	0.11294
6.4002	0.11322
6.4081	0.11344
6.416	0.11357
6.424	0.11338
6.4319	0.11346
6.4399	0.11366
6.4479	0.11379
6.456	0.11393
6.464	0.11413
6.4721	0.11438
6.4802	0.11441
6.4883	0.11430
6.4964	0.11424
6.5046	0.11407
6.5127	0.11416
6.5209	0.11452
6.5291	0.11466
6.5374	0.11456
6.5456	0.11443
6.5539	0.11443
6.5622	0.11444
6.5705	0.11454
6.5789	0.11445
6.5872	0.11436
6.5956	0.11444
6.604	0.11428
6.6124	0.11425
6.6209	0.11424
6.6293	0.11415
6.6378	0.11413
6.6463	0.11383
6.6549	0.11368
6.6634	0.11377
6.672	0.11378
6.6806	0.11375
6.6892	0.11370
6.6978	0.11371
6.7065	0.11393
6.7152	0.11405
6.7239	0.11393
6.7326	0.11390
6.7414	0.11388
6.7502	0.11402
6.759	0.11417
6.7678	0.11415
6.7766	0.11421
6.7855	0.11436
6.7944	0.11454
6.8033	0.11462
6.8123	0.11466
6.8212	0.11485
6.8302	0.11502
6.8392	0.11491
6.8483	0.11497
6.8573	0.11515
6.8664	0.11540
6.8755	0.11519
6.8846	0.11498
6.8938	0.11497
6.903	0.11499
6.9122	0.11495
6.9214	0.11479
6.9307	0.11482
6.9399	0.11476
6.9492	0.11469
6.9586	0.11482
6.9679	0.11464
6.9773	0.11442
6.9867	0.11439
6.9961	0.11431
7.0056	0.11432
7.0151	0.11441
7.0246	0.11447
7.0341	0.11452
7.0437	0.11485
7.0532	0.11512
7.0629	0.11520
7.0725	0.11520
7.0822	0.11517
7.0918	0.11523
7.1016	0.11536
7.1113	0.11554
7.1211	0.11556
7.1309	0.11554
7.1407	0.11557
7.1505	0.11559
7.1604	0.11553
7.1703	0.11564
7.1802	0.11578
7.1902	0.11570
7.2002	0.11579
7.2102	0.11604
7.2202	0.11608
7.2303	0.11612
7.2404	0.11611
7.2505	0.11606
7.2607	0.11605
7.2709	0.11619
7.2811	0.11629
7.2913	0.11612
7.3016	0.11600
7.3119	0.11606
7.3222	0.11606
7.3326	0.11623
7.343	0.11641
7.3534	0.11644
7.3638	0.11646
7.3743	0.11649
7.3848	0.11651
7.3953	0.11654
7.4059	0.11667
7.4165	0.11681
7.4271	0.11678
7.4378	0.11701
7.4485	0.11709
7.4592	0.11692
7.4699	0.11706
7.4807	0.11720
7.4915	0.11721
7.5024	0.11735
7.5132	0.11736
7.5241	0.11748
7.5351	0.11758
7.546	0.11766
7.557	0.11791
7.5681	0.11801
7.5791	0.11795
7.5902	0.11786
7.6014	0.11766
7.6125	0.11755
7.6237	0.11761
7.635	0.11769
7.6462	0.11768
7.6575	0.11789
7.6688	0.11806
7.6802	0.11799
7.6916	0.11799
7.703	0.11790
7.7145	0.11785
7.726	0.11801
7.7375	0.11817
7.7491	0.11827
7.7607	0.11831
7.7723	0.11831
7.784	0.11844
7.7957	0.11852
7.8074	0.11860
7.8192	0.11879
7.831	0.11887
7.8429	0.11888
7.8548	0.11916
7.8667	0.11940
7.8786	0.11956
7.8906	0.11983
7.9026	0.12008
7.9147	0.12042
7.9268	0.12062
7.939	0.12086
7.9511	0.12120
7.9633	0.12144
7.9756	0.12182
7.9879	0.12216
8.0002	0.12255
8.0126	0.12290
8.025	0.12312
8.0374	0.12347
8.0499	0.12371
8.0624	0.12395
8.075	0.12415
8.0876	0.12428
8.1002	0.12438
8.1129	0.12440
8.1256	0.12441
8.1384	0.12441
8.1512	0.12445
8.164	0.12435
8.1769	0.12429
8.1898	0.12432
8.2027	0.12420
8.2157	0.12429
8.2288	0.12439
8.2419	0.12450
8.255	0.12463
8.2682	0.12460
8.2814	0.12460
8.2946	0.12465
8.3079	0.12474
8.3212	0.12473
8.3346	0.12460
8.348	0.12452
8.3615	0.12458
8.375	0.12461
8.3886	0.12461
8.4022	0.12453
8.4158	0.12461
8.4295	0.12488
8.4432	0.12500
8.457	0.12517
8.4708	0.12543
8.4847	0.12560
8.4986	0.12562
8.5125	0.12574
8.5265	0.12594
8.5406	0.12608
8.5547	0.12611
8.5688	0.12618
8.583	0.12626
8.5972	0.12639
8.6115	0.12655
8.6258	0.12667
8.6402	0.12685
8.6546	0.12708
8.6691	0.12706
8.6836	0.12714
8.6982	0.12740
8.7128	0.12762
8.7275	0.12746
8.7422	0.12741
8.757	0.12756
8.7718	0.12794
8.7867	0.12827
8.8016	0.12816
8.8166	0.12803
8.8316	0.12809
8.8466	0.12815
8.8618	0.12820
8.8769	0.12822
8.8922	0.12853
8.9074	0.12865
8.9228	0.12879
8.9382	0.12885
8.9536	0.12893
8.9691	0.12915
8.9846	0.12911
9.0002	0.12914
9.0159	0.12922
9.0316	0.12928
9.0474	0.12936
9.0632	0.12947
9.079	0.12929
9.095	0.12937
9.111	0.12958
9.127	0.12949
9.1431	0.12931
9.1593	0.12936
9.1755	0.12933
9.1917	0.12924
9.2081	0.12917
9.2244	0.12914
9.2409	0.12915
9.2574	0.12939
9.2739	0.12919
9.2906	0.12885
9.3072	0.12879
9.324	0.12859
9.3408	0.12841
9.3576	0.12850
9.3746	0.12864
9.3915	0.12878
9.4086	0.12861
9.4257	0.12845
9.4429	0.12837
9.4601	0.12821
9.4774	0.12822
9.4948	0.12830
9.5122	0.12819
9.5297	0.12816
9.5472	0.12820
9.5648	0.12811
9.5825	0.12770
9.6003	0.12727
9.6181	0.12699
9.6359	0.12674
9.6539	0.12637
9.6719	0.12596
9.69	0.12571
9.7081	0.12574
9.7263	0.12582
9.7446	0.12575
9.763	0.12567
9.7814	0.12569
9.7999	0.12587
9.8184	0.12586
9.8371	0.12579
9.8558	0.12603
9.8745	0.12581
9.8934	0.12577
9.9123	0.12592
9.9313	0.12604
9.9504	0.12603
9.9695	0.12605
9.9887	0.12591
10.008	0.12589
10.0273	0.12613
10.0468	0.12636
10.0663	0.12634
10.0859	0.12639
10.1055	0.12662
10.1253	0.12670
10.1451	0.12669
10.165	0.12677
10.1849	0.12695
10.205	0.12722
10.2251	0.12748
10.2453	0.12777
10.2656	0.12799
10.286	0.12798
10.3064	0.12784
10.327	0.12805
10.3476	0.12827
10.3683	0.12796
10.389	0.12774
10.4099	0.12775
10.4309	0.12758
10.4519	0.12756
10.473	0.12752
10.4942	0.12763
10.5155	0.12773
10.5369	0.12757
10.5583	0.12719
10.5799	0.12707
10.6015	0.12725
10.6232	0.12724
10.645	0.12718
10.6669	0.12708
10.6889	0.12722
10.711	0.12751
10.7332	0.12749
10.7555	0.12740
10.7778	0.12720
10.8003	0.12712
10.8228	0.12719
10.8455	0.12719
10.8682	0.12704
10.891	0.12692
10.914	0.12672
10.937	0.12676
10.9601	0.12687
10.9833	0.12680
11.0067	0.12692
11.0301	0.12698
11.0536	0.12712
11.0772	0.12734
11.1009	0.12726
11.1248	0.12695
11.1487	0.12689
11.1727	0.12703
11.1968	0.12721
11.2211	0.12749
11.2454	0.12741
11.2699	0.12740
11.2944	0.12781
11.3191	0.12804
11.3438	0.12806
11.3687	0.12797
11.3937	0.12812
11.4188	0.12846
11.444	0.12884
11.4693	0.12912
11.4948	0.12911
11.5203	0.12914
11.546	0.12922
11.5717	0.12943
11.5976	0.12957
11.6236	0.12965
11.6497	0.12964
11.676	0.12973
11.7023	0.12968
11.7288	0.12944
11.7554	0.12939
11.7821	0.12942
11.809	0.12921
11.8359	0.12901
11.863	0.12899
11.8902	0.12907
11.9176	0.12908
11.945	0.12917
11.9726	0.12945
12.0003	0.12951
12.0282	0.12932
12.0561	0.12931
12.0842	0.12939
12.1125	0.12952
12.1408	0.12970
12.1693	0.12967
12.198	0.12984
12.2267	0.13008
12.2556	0.13011
12.2847	0.13009
12.3139	0.13007
12.3432	0.13035
12.3726	0.13072
12.4022	0.13061
12.432	0.13046
12.4619	0.13082
12.4919	0.13084
12.5221	0.13085
12.5524	0.13082
12.5829	0.13050
12.6135	0.13029
12.6442	0.13016
12.6751	0.13003
12.7062	0.12964
12.7374	0.12950
12.7688	0.12951
12.8003	0.12935
12.832	0.12895
12.8639	0.12852
12.8959	0.12838
12.928	0.12812
12.9603	0.12784
12.9928	0.12781
13.0255	0.12791
13.0583	0.12766
13.0913	0.12729
13.1244	0.12731
13.1577	0.12718
13.1912	0.12676
13.2248	0.12623
13.2587	0.12589
13.2927	0.12607
13.3268	0.12616
13.3612	0.12600
13.3957	0.12576
13.4304	0.12571
13.4653	0.12557
13.5004	0.12554
13.5356	0.12541
13.571	0.12546
13.6067	0.12553
13.6425	0.12591
13.6785	0.12651
13.7146	0.12668
13.751	0.12676
13.7876	0.12692
13.8244	0.12649
13.8613	0.12599
13.8985	0.12601
13.9358	0.12613
13.9734	0.12597
14.0112	0.12581
14.0491	0.12591
14.0873	0.12589
14.1257	0.12600
14.1643	0.12598
14.2031	0.12609
14.2421	0.12659
14.2814	0.12706
14.3208	0.12714
14.3605	0.12742
14.4004	0.12764
14.4405	0.12700
14.4808	0.12679
14.5214	0.12755
14.5622	0.12800
14.6032	0.12752
14.6444	0.12737
14.6859	0.12737
14.7277	0.12709
14.7696	0.12691
14.8118	0.12691
14.8543	0.12693
14.8969	0.12685
14.9399	0.12669
14.983	0.12651
15.0265	0.12609
15.0702	0.12573
15.1141	0.12561
15.1583	0.12576
15.2027	0.12595
15.2475	0.12586
15.2924	0.12566
15.3377	0.12554
15.3832	0.12561
15.429	0.12594
15.475	0.12629
15.5214	0.12609
15.568	0.12585
15.6149	0.12576
15.662	0.12562
15.7095	0.12527
15.7572	0.12542
15.8053	0.12579
15.8536	0.12578
15.9023	0.12564
15.9512	0.12568
16.0004	0.12545
16.05	0.12542
16.0998	0.12583
16.15	0.12590
16.2004	0.12583
16.2512	0.12647
16.3023	0.12744
16.3537	0.12807
16.4055	0.12803
16.4576	0.12803
16.51	0.12772
16.5627	0.12816
16.6158	0.12909
16.6692	0.12934
16.723	0.12907
16.7771	0.12909
16.8316	0.12946
16.8864	0.12983
16.9416	0.12988
16.9972	0.12985
17.0531	0.12985
17.1094	0.12987
17.166	0.12978
17.223	0.12987
17.2805	0.13012
17.3382	0.12978
17.3964	0.12926
17.455	0.12922
17.514	0.12952
17.5733	0.12924
17.6331	0.12909
17.6933	0.12937
17.7539	0.12934
17.8149	0.12926
17.8763	0.12900
17.9382	0.12893
18.0005	0.12888
18.0632	0.12888
18.1263	0.12847
18.1899	0.12853
18.254	0.12885
18.3185	0.12879
18.3835	0.12809
18.4489	0.12796
18.5148	0.12844
18.5811	0.12878
18.648	0.12871
18.7153	0.12863
18.7831	0.12927
18.8514	0.12958
18.9202	0.12953
18.9895	0.12996
19.0593	0.13062
19.1297	0.13081
19.2005	0.13104
19.2719	0.13122
19.3438	0.13209
19.4162	0.13253
19.4892	0.13204
19.5628	0.13205
19.6369	0.13288
19.7115	0.13337
19.7868	0.13326
19.8626	0.13336
19.939	0.13349
20.016	0.13355
20.0935	0.13320
20.1717	0.13246
20.2505	0.13249
20.3299	0.13345
20.41	0.13460
20.4907	0.13509
20.572	0.13557
20.6539	0.13630
20.7365	0.13701
20.8198	0.13826
20.9038	0.13873
20.9884	0.13805
21.0737	0.13744
21.1597	0.13726
21.2465	0.13721
21.3339	0.13868
21.422	0.13853
21.5109	0.13826
21.6006	0.13886
21.6909	0.13887
21.7821	0.13901
21.874	0.13960
21.9667	0.14071
22.0601	0.14101
22.1544	0.14082
22.2495	0.14111
22.3454	0.14084
22.4421	0.14098
22.5397	0.14063
22.6381	0.14154
22.7374	0.14240
22.8376	0.14202
22.9387	0.14089
23.0406	0.14051
23.1435	0.14013
23.2472	0.13962
23.352	0.14072
23.4576	0.14164
23.5643	0.14074
23.6718	0.14002
23.7804	0.14104
23.89	0.14227
24.0006	0.14018
24.1123	0.13837
24.2249	0.13890
24.3387	0.13910
24.4535	0.13873
24.5694	0.13958
24.6864	0.13964
24.8045	0.14156
24.9237	0.14040
25.0441	0.13794
25.1657	0.13873
25.2885	0.13917
25.4124	0.13909
25.5376	0.14028
25.664	0.14046
25.7917	0.14231
25.9207	0.14144
