Brown University Keck/NASA Relab Spectrum TB-TJM-050/MATB50
Wavelength(micron)	Reflectance	Standard Deviation
1.8	0.06275	0.03194
1.8007	0.06437	0.03574
1.8013	0.06220	0.03383
1.8019	0.06019	0.02836
1.8026	0.06096	0.03042
1.8032	0.06405	0.03250
1.8038	0.06436	0.03369
1.8044	0.06265	0.03467
1.8051	0.06598	0.03512
1.8057	0.06744	0.03311
1.8063	0.06510	0.02940
1.8069	0.06335	0.02857
1.8076	0.06323	0.03041
1.8082	0.06245	0.03190
1.8088	0.06254	0.03043
1.8095	0.06157	0.03026
1.8101	0.06030	0.03035
1.8107	0.05843	0.03049
1.8114	0.05881	0.03289
1.812	0.05997	0.03329
1.8126	0.06131	0.03215
1.8133	0.06322	0.03349
1.8139	0.06252	0.03292
1.8145	0.06027	0.03215
1.8152	0.06043	0.03253
1.8158	0.06133	0.03240
1.8164	0.06104	0.03047
1.8171	0.06243	0.02910
1.8177	0.06346	0.03114
1.8184	0.06252	0.03234
1.819	0.05989	0.03454
1.8196	0.06074	0.03800
1.8203	0.06287	0.03648
1.8209	0.06274	0.03404
1.8216	0.06193	0.03315
1.8222	0.06223	0.03385
1.8228	0.06245	0.03485
1.8235	0.06201	0.03367
1.8241	0.06102	0.03292
1.8248	0.06066	0.03247
1.8254	0.06133	0.03266
1.826	0.06326	0.03356
1.8267	0.06308	0.03525
1.8273	0.06063	0.03429
1.828	0.06078	0.03274
1.8286	0.06236	0.03273
1.8293	0.06362	0.03137
1.8299	0.06341	0.03068
1.8306	0.06221	0.03117
1.8312	0.06050	0.02961
1.8318	0.06032	0.02628
1.8325	0.05977	0.02886
1.8331	0.06073	0.03409
1.8338	0.06162	0.03289
1.8344	0.06116	0.02997
1.8351	0.06314	0.02862
1.8357	0.06466	0.02838
1.8364	0.06248	0.02881
1.837	0.05857	0.02952
1.8377	0.05873	0.03194
1.8383	0.06068	0.03198
1.839	0.06180	0.03074
1.8397	0.06337	0.03129
1.8403	0.06346	0.03236
1.841	0.06053	0.03256
1.8416	0.05816	0.03252
1.8423	0.06072	0.03197
1.8429	0.06404	0.03242
1.8436	0.06165	0.03214
1.8442	0.06030	0.03065
1.8449	0.06124	0.03072
1.8455	0.06114	0.02971
1.8462	0.06169	0.03085
1.8469	0.06288	0.03276
1.8475	0.06490	0.03197
1.8482	0.06333	0.03033
1.8488	0.06027	0.03123
1.8495	0.06092	0.03293
1.8502	0.06315	0.03213
1.8508	0.06392	0.03002
1.8515	0.06307	0.02985
1.8521	0.06099	0.02971
1.8528	0.06057	0.03086
1.8535	0.06336	0.03129
1.8541	0.06046	0.03195
1.8548	0.05807	0.03315
1.8555	0.06007	0.03423
1.8561	0.06284	0.03430
1.8568	0.06271	0.03426
1.8574	0.06177	0.03573
1.8581	0.06151	0.03472
1.8588	0.06182	0.03363
1.8594	0.06298	0.03564
1.8601	0.06183	0.03670
1.8608	0.06062	0.03539
1.8614	0.06102	0.03423
1.8621	0.06110	0.03282
1.8628	0.06323	0.03124
1.8635	0.06323	0.03096
1.8641	0.06262	0.03304
1.8648	0.06346	0.03393
1.8655	0.06369	0.03191
1.8661	0.06303	0.03125
1.8668	0.06151	0.03186
1.8675	0.06089	0.02882
1.8682	0.06245	0.02938
1.8688	0.06362	0.03032
1.8695	0.06334	0.02951
1.8702	0.06366	0.03014
1.8709	0.06202	0.03257
1.8715	0.06126	0.03376
1.8722	0.06296	0.03531
1.8729	0.06389	0.03675
1.8736	0.06505	0.03512
1.8742	0.06562	0.03226
1.8749	0.06376	0.03065
1.8756	0.06326	0.03238
1.8763	0.06393	0.03299
1.8769	0.06357	0.03293
1.8776	0.06185	0.03387
1.8783	0.06041	0.03544
1.879	0.06025	0.03691
1.8797	0.06074	0.03738
1.8804	0.06333	0.03638
1.881	0.06394	0.03371
1.8817	0.06188	0.03178
1.8824	0.06197	0.03460
1.8831	0.06303	0.03315
1.8838	0.06258	0.03185
1.8845	0.06099	0.03331
1.8851	0.05921	0.03290
1.8858	0.05907	0.03178
1.8865	0.06088	0.03248
1.8872	0.06260	0.03132
1.8879	0.06273	0.02981
1.8886	0.06371	0.02990
1.8893	0.06346	0.03141
1.89	0.06196	0.03387
1.8906	0.05957	0.03743
1.8913	0.05894	0.03775
1.892	0.06088	0.03725
1.8927	0.06216	0.03562
1.8934	0.06302	0.03213
1.8941	0.06467	0.03108
1.8948	0.06290	0.03205
1.8955	0.06089	0.03260
1.8962	0.06128	0.03149
1.8969	0.06408	0.03061
1.8976	0.06444	0.03100
1.8983	0.06174	0.03298
1.899	0.06181	0.03283
1.8996	0.06194	0.03307
1.9003	0.06123	0.03431
1.901	0.05926	0.03306
1.9017	0.06056	0.02963
1.9024	0.06245	0.03059
1.9031	0.06431	0.03285
1.9038	0.06404	0.03236
1.9045	0.06252	0.03159
1.9052	0.06235	0.03311
1.9059	0.06377	0.03360
1.9066	0.06357	0.03330
1.9073	0.06247	0.03356
1.908	0.06228	0.03440
1.9087	0.06244	0.03118
1.9094	0.06176	0.02927
1.9101	0.06086	0.03093
1.9108	0.06216	0.03104
1.9116	0.06343	0.03163
1.9123	0.06188	0.03173
1.913	0.06230	0.03197
1.9137	0.06138	0.03361
1.9144	0.06091	0.03499
1.9151	0.06129	0.03359
1.9158	0.06093	0.03033
1.9165	0.06060	0.03053
1.9172	0.05970	0.03087
1.9179	0.06138	0.03289
1.9186	0.06422	0.03456
1.9193	0.06283	0.03483
1.92	0.06229	0.03586
1.9208	0.06331	0.03484
1.9215	0.06345	0.03339
1.9222	0.06262	0.03280
1.9229	0.06219	0.03135
1.9236	0.06312	0.03066
1.9243	0.06332	0.03220
1.925	0.06214	0.02991
1.9258	0.06157	0.03043
1.9265	0.06142	0.03347
1.9272	0.06188	0.03342
1.9279	0.06206	0.03238
1.9286	0.06208	0.03276
1.9293	0.06269	0.03232
1.9301	0.06482	0.03125
1.9308	0.06498	0.03212
1.9315	0.06386	0.03227
1.9322	0.06179	0.03346
1.9329	0.06159	0.03378
1.9337	0.06229	0.03226
1.9344	0.06297	0.03132
1.9351	0.06293	0.03169
1.9358	0.06289	0.03080
1.9365	0.06298	0.03121
1.9373	0.06272	0.03223
1.938	0.06254	0.03171
1.9387	0.06347	0.02991
1.9394	0.06393	0.03088
1.9402	0.06268	0.03231
1.9409	0.06321	0.03154
1.9416	0.06377	0.03204
1.9424	0.06334	0.03273
1.9431	0.06292	0.03471
1.9438	0.06323	0.03439
1.9445	0.06432	0.03297
1.9453	0.06394	0.03254
1.946	0.06416	0.03151
1.9467	0.06422	0.03089
1.9475	0.06569	0.03033
1.9482	0.06574	0.03140
1.9489	0.06388	0.03363
1.9497	0.06223	0.03417
1.9504	0.06145	0.03466
1.9511	0.06280	0.03424
1.9519	0.06383	0.03318
1.9526	0.06314	0.03121
1.9533	0.06214	0.03304
1.9541	0.06303	0.03274
1.9548	0.06470	0.03289
1.9555	0.06440	0.03307
1.9563	0.06390	0.03206
1.957	0.06370	0.03073
1.9578	0.06296	0.03127
1.9585	0.06358	0.03274
1.9592	0.06341	0.03448
1.96	0.06423	0.03334
1.9607	0.06528	0.03250
1.9615	0.06359	0.03401
1.9622	0.06342	0.03382
1.9629	0.06433	0.03308
1.9637	0.06394	0.03144
1.9644	0.06430	0.03193
1.9652	0.06444	0.03384
1.9659	0.06315	0.03473
1.9667	0.06198	0.03401
1.9674	0.06204	0.03403
1.9682	0.06330	0.03580
1.9689	0.06409	0.03525
1.9697	0.06413	0.03335
1.9704	0.06322	0.03315
1.9712	0.06363	0.03483
1.9719	0.06485	0.03463
1.9727	0.06543	0.03188
1.9734	0.06474	0.03118
1.9742	0.06365	0.03311
1.9749	0.06384	0.03393
1.9757	0.06520	0.03461
1.9764	0.06545	0.03477
1.9772	0.06476	0.03375
1.9779	0.06452	0.03361
1.9787	0.06489	0.03466
1.9794	0.06539	0.03534
1.9802	0.06552	0.03550
1.9809	0.06403	0.03380
1.9817	0.06483	0.03293
1.9825	0.06502	0.03349
1.9832	0.06428	0.03392
1.984	0.06463	0.03371
1.9847	0.06464	0.03228
1.9855	0.06334	0.03110
1.9863	0.06265	0.03185
1.987	0.06435	0.03352
1.9878	0.06484	0.03344
1.9885	0.06455	0.03335
1.9893	0.06742	0.03371
1.9901	0.06788	0.03261
1.9908	0.06556	0.03198
1.9916	0.06498	0.03223
1.9924	0.06520	0.03273
1.9931	0.06494	0.03387
1.9939	0.06470	0.03542
1.9947	0.06495	0.03416
1.9954	0.06488	0.03347
1.9962	0.06417	0.03394
1.997	0.06493	0.03364
1.9977	0.06552	0.03435
1.9985	0.06353	0.03486
1.9993	0.06395	0.03335
2.0001	0.06502	0.03241
2.0008	0.06562	0.03285
2.0016	0.06591	0.03389
2.0024	0.06547	0.03421
2.0031	0.06622	0.03397
2.0039	0.06660	0.03384
2.0047	0.06473	0.03611
2.0055	0.06350	0.03638
2.0062	0.06302	0.03479
2.007	0.06431	0.03546
2.0078	0.06545	0.03600
2.0086	0.06435	0.03508
2.0094	0.06451	0.03521
2.0101	0.06570	0.03439
2.0109	0.06560	0.03378
2.0117	0.06554	0.03468
2.0125	0.06362	0.03508
2.0133	0.06312	0.03456
2.014	0.06369	0.03252
2.0148	0.06460	0.03237
2.0156	0.06505	0.03312
2.0164	0.06444	0.03264
2.0172	0.06427	0.03330
2.018	0.06348	0.03471
2.0187	0.06413	0.03401
2.0195	0.06517	0.03234
2.0203	0.06598	0.03320
2.0211	0.06643	0.03374
2.0219	0.06610	0.03371
2.0227	0.06594	0.03339
2.0235	0.06659	0.03242
2.0243	0.06607	0.03175
2.0251	0.06525	0.03262
2.0258	0.06552	0.03344
2.0266	0.06671	0.03426
2.0274	0.06597	0.03408
2.0282	0.06526	0.03261
2.029	0.06627	0.03253
2.0298	0.06597	0.03352
2.0306	0.06575	0.03357
2.0314	0.06432	0.03392
2.0322	0.06192	0.03354
2.033	0.06300	0.03238
2.0338	0.06564	0.03202
2.0346	0.06654	0.03411
2.0354	0.06573	0.03449
2.0362	0.06393	0.03464
2.037	0.06236	0.03495
2.0378	0.06278	0.03465
2.0386	0.06422	0.03401
2.0394	0.06599	0.03594
2.0402	0.06688	0.03573
2.041	0.06656	0.03381
2.0418	0.06571	0.03343
2.0426	0.06620	0.03428
2.0434	0.06679	0.03386
2.0442	0.06617	0.03356
2.045	0.06605	0.03389
2.0458	0.06739	0.03480
2.0466	0.06734	0.03444
2.0474	0.06682	0.03453
2.0483	0.06676	0.03538
2.0491	0.06557	0.03586
2.0499	0.06574	0.03541
2.0507	0.06575	0.03518
2.0515	0.06564	0.03541
2.0523	0.06566	0.03558
2.0531	0.06537	0.03483
2.0539	0.06563	0.03524
2.0548	0.06561	0.03660
2.0556	0.06597	0.03576
2.0564	0.06672	0.03523
2.0572	0.06617	0.03577
2.058	0.06621	0.03563
2.0588	0.06605	0.03450
2.0596	0.06511	0.03432
2.0605	0.06542	0.03646
2.0613	0.06527	0.03738
2.0621	0.06711	0.03578
2.0629	0.06723	0.03472
2.0637	0.06589	0.03524
2.0646	0.06553	0.03416
2.0654	0.06601	0.03401
2.0662	0.06635	0.03394
2.067	0.06563	0.03318
2.0679	0.06383	0.03370
2.0687	0.06443	0.03474
2.0695	0.06551	0.03506
2.0703	0.06497	0.03485
2.0712	0.06554	0.03426
2.072	0.06529	0.03363
2.0728	0.06456	0.03489
2.0737	0.06538	0.03662
2.0745	0.06571	0.03673
2.0753	0.06462	0.03506
2.0761	0.06527	0.03363
2.077	0.06654	0.03414
2.0778	0.06563	0.03501
2.0786	0.06388	0.03437
2.0795	0.06469	0.03347
2.0803	0.06596	0.03308
2.0811	0.06611	0.03408
2.082	0.06549	0.03452
2.0828	0.06582	0.03431
2.0837	0.06680	0.03332
2.0845	0.06648	0.03320
2.0853	0.06422	0.03374
2.0862	0.06403	0.03470
2.087	0.06581	0.03497
2.0879	0.06701	0.03477
2.0887	0.06689	0.03464
2.0895	0.06739	0.03528
2.0904	0.06727	0.03700
2.0912	0.06714	0.03629
2.0921	0.06729	0.03617
2.0929	0.06765	0.03583
2.0938	0.06760	0.03543
2.0946	0.06569	0.03536
2.0954	0.06358	0.03523
2.0963	0.06417	0.03353
2.0971	0.06684	0.03371
2.098	0.06691	0.03518
2.0988	0.06484	0.03525
2.0997	0.06441	0.03531
2.1005	0.06568	0.03406
2.1014	0.06659	0.03319
2.1022	0.06700	0.03326
2.1031	0.06672	0.03376
2.104	0.06548	0.03373
2.1048	0.06517	0.03399
2.1057	0.06556	0.03490
2.1065	0.06528	0.03399
2.1074	0.06535	0.03305
2.1082	0.06563	0.03368
2.1091	0.06608	0.03443
2.1099	0.06675	0.03426
2.1108	0.06586	0.03515
2.1117	0.06505	0.03711
2.1125	0.06484	0.03629
2.1134	0.06547	0.03453
2.1142	0.06662	0.03392
2.1151	0.06688	0.03571
2.116	0.06676	0.03613
2.1168	0.06633	0.03408
2.1177	0.06508	0.03412
2.1186	0.06369	0.03471
2.1194	0.06377	0.03518
2.1203	0.06609	0.03570
2.1212	0.06747	0.03650
2.122	0.06769	0.03570
2.1229	0.06754	0.03362
2.1238	0.06680	0.03312
2.1246	0.06576	0.03520
2.1255	0.06525	0.03591
2.1264	0.06558	0.03529
2.1273	0.06592	0.03506
2.1281	0.06643	0.03581
2.129	0.06652	0.03564
2.1299	0.06669	0.03488
2.1308	0.06716	0.03562
2.1316	0.06585	0.03641
2.1325	0.06576	0.03488
2.1334	0.06632	0.03588
2.1343	0.06575	0.03693
2.1351	0.06623	0.03520
2.136	0.06663	0.03412
2.1369	0.06734	0.03486
2.1378	0.06765	0.03597
2.1387	0.06651	0.03710
2.1396	0.06598	0.03722
2.1404	0.06627	0.03599
2.1413	0.06663	0.03477
2.1422	0.06686	0.03518
2.1431	0.06679	0.03617
2.144	0.06611	0.03625
2.1449	0.06599	0.03544
2.1458	0.06587	0.03568
2.1466	0.06540	0.03576
2.1475	0.06576	0.03467
2.1484	0.06560	0.03525
2.1493	0.06561	0.03515
2.1502	0.06611	0.03537
2.1511	0.06620	0.03645
2.152	0.06687	0.03679
2.1529	0.06713	0.03555
2.1538	0.06690	0.03479
2.1547	0.06571	0.03592
2.1556	0.06634	0.03560
2.1565	0.06740	0.03488
2.1574	0.06683	0.03604
2.1583	0.06635	0.03702
2.1592	0.06603	0.03694
2.1601	0.06604	0.03620
2.161	0.06643	0.03634
2.1619	0.06705	0.03635
2.1628	0.06593	0.03671
2.1637	0.06598	0.03688
2.1646	0.06681	0.03606
2.1655	0.06703	0.03520
2.1664	0.06728	0.03453
2.1673	0.06636	0.03473
2.1682	0.06605	0.03497
2.1691	0.06627	0.03613
2.17	0.06610	0.03681
2.1709	0.06633	0.03659
2.1718	0.06632	0.03629
2.1727	0.06562	0.03711
2.1736	0.06586	0.03639
2.1746	0.06565	0.03524
2.1755	0.06546	0.03534
2.1764	0.06568	0.03647
2.1773	0.06576	0.03628
2.1782	0.06569	0.03442
2.1791	0.06520	0.03404
2.18	0.06520	0.03500
2.181	0.06571	0.03582
2.1819	0.06590	0.03488
2.1828	0.06640	0.03381
2.1837	0.06583	0.03376
2.1846	0.06559	0.03410
2.1856	0.06542	0.03383
2.1865	0.06555	0.03523
2.1874	0.06592	0.03650
2.1883	0.06641	0.03694
2.1892	0.06708	0.03688
2.1902	0.06693	0.03619
2.1911	0.06645	0.03664
2.192	0.06627	0.03693
2.193	0.06591	0.03603
2.1939	0.06552	0.03580
2.1948	0.06634	0.03620
2.1957	0.06636	0.03687
2.1967	0.06594	0.03600
2.1976	0.06592	0.03487
2.1985	0.06589	0.03595
2.1995	0.06601	0.03621
2.2004	0.06568	0.03549
2.2013	0.06554	0.03514
2.2023	0.06624	0.03434
2.2032	0.06638	0.03544
2.2041	0.06663	0.03739
2.2051	0.06684	0.03670
2.206	0.06649	0.03587
2.207	0.06620	0.03634
2.2079	0.06555	0.03705
2.2088	0.06480	0.03692
2.2098	0.06465	0.03645
2.2107	0.06610	0.03590
2.2117	0.06618	0.03495
2.2126	0.06532	0.03483
2.2136	0.06552	0.03539
2.2145	0.06601	0.03551
2.2154	0.06571	0.03609
2.2164	0.06587	0.03657
2.2173	0.06630	0.03644
2.2183	0.06555	0.03650
2.2192	0.06546	0.03710
2.2202	0.06617	0.03639
2.2211	0.06638	0.03508
2.2221	0.06613	0.03515
2.223	0.06633	0.03545
2.224	0.06685	0.03557
2.225	0.06674	0.03636
2.2259	0.06712	0.03554
2.2269	0.06726	0.03469
2.2278	0.06619	0.03399
2.2288	0.06617	0.03462
2.2297	0.06692	0.03591
2.2307	0.06809	0.03632
2.2317	0.06743	0.03575
2.2326	0.06619	0.03541
2.2336	0.06653	0.03580
2.2345	0.06637	0.03667
2.2355	0.06574	0.03728
2.2365	0.06587	0.03719
2.2374	0.06632	0.03730
2.2384	0.06665	0.03710
2.2394	0.06720	0.03656
2.2403	0.06712	0.03633
2.2413	0.06636	0.03679
2.2423	0.06599	0.03604
2.2432	0.06674	0.03609
2.2442	0.06753	0.03604
2.2452	0.06717	0.03531
2.2462	0.06691	0.03566
2.2471	0.06786	0.03675
2.2481	0.06761	0.03738
2.2491	0.06681	0.03650
2.2501	0.06634	0.03494
2.251	0.06611	0.03511
2.252	0.06668	0.03592
2.253	0.06791	0.03644
2.254	0.06777	0.03585
2.255	0.06695	0.03515
2.2559	0.06752	0.03524
2.2569	0.06674	0.03628
2.2579	0.06585	0.03620
2.2589	0.06539	0.03546
2.2599	0.06526	0.03570
2.2609	0.06565	0.03574
2.2618	0.06591	0.03608
2.2628	0.06656	0.03560
2.2638	0.06673	0.03477
2.2648	0.06732	0.03539
2.2658	0.06789	0.03560
2.2668	0.06719	0.03602
2.2678	0.06689	0.03707
2.2688	0.06692	0.03779
2.2698	0.06614	0.03612
2.2708	0.06611	0.03506
2.2718	0.06693	0.03665
2.2727	0.06806	0.03647
2.2737	0.06776	0.03629
2.2747	0.06725	0.03694
2.2757	0.06821	0.03674
2.2767	0.06849	0.03624
2.2777	0.06830	0.03660
2.2787	0.06725	0.03574
2.2797	0.06637	0.03541
2.2807	0.06625	0.03559
2.2817	0.06609	0.03599
2.2828	0.06693	0.03704
2.2838	0.06752	0.03723
2.2848	0.06699	0.03622
2.2858	0.06585	0.03619
2.2868	0.06628	0.03562
2.2878	0.06756	0.03605
2.2888	0.06756	0.03696
2.2898	0.06670	0.03635
2.2908	0.06695	0.03621
2.2918	0.06698	0.03540
2.2929	0.06696	0.03561
2.2939	0.06704	0.03700
2.2949	0.06731	0.03721
2.2959	0.06828	0.03727
2.2969	0.06859	0.03672
2.2979	0.06773	0.03637
2.299	0.06728	0.03604
2.3	0.06752	0.03576
2.301	0.06758	0.03582
2.302	0.06668	0.03566
2.303	0.06605	0.03615
2.3041	0.06668	0.03683
2.3051	0.06761	0.03659
2.3061	0.06738	0.03665
2.3071	0.06734	0.03634
2.3082	0.06829	0.03604
2.3092	0.06843	0.03536
2.3102	0.06693	0.03557
2.3113	0.06604	0.03673
2.3123	0.06685	0.03719
2.3133	0.06735	0.03647
2.3143	0.06755	0.03629
2.3154	0.06809	0.03608
2.3164	0.06770	0.03571
2.3174	0.06747	0.03584
2.3185	0.06715	0.03594
2.3195	0.06677	0.03608
2.3206	0.06661	0.03647
2.3216	0.06688	0.03620
2.3226	0.06718	0.03648
2.3237	0.06670	0.03810
2.3247	0.06711	0.03790
2.3258	0.06818	0.03623
2.3268	0.06824	0.03655
2.3279	0.06762	0.03754
2.3289	0.06761	0.03706
2.3299	0.06732	0.03653
2.331	0.06762	0.03637
2.332	0.06740	0.03666
2.3331	0.06684	0.03642
2.3341	0.06694	0.03583
2.3352	0.06694	0.03540
2.3362	0.06685	0.03536
2.3373	0.06675	0.03621
2.3384	0.06673	0.03590
2.3394	0.06738	0.03507
2.3405	0.06799	0.03592
2.3415	0.06825	0.03641
2.3426	0.06805	0.03671
2.3436	0.06691	0.03710
2.3447	0.06627	0.03687
2.3458	0.06715	0.03624
2.3468	0.06705	0.03603
2.3479	0.06715	0.03598
2.349	0.06773	0.03679
2.35	0.06829	0.03715
2.3511	0.06820	0.03805
2.3521	0.06762	0.03820
2.3532	0.06733	0.03735
2.3543	0.06738	0.03693
2.3554	0.06772	0.03644
2.3564	0.06772	0.03550
2.3575	0.06794	0.03488
2.3586	0.06778	0.03516
2.3596	0.06753	0.03638
2.3607	0.06703	0.03685
2.3618	0.06648	0.03598
2.3629	0.06707	0.03509
2.3639	0.06764	0.03618
2.365	0.06856	0.03682
2.3661	0.06910	0.03702
2.3672	0.06824	0.03721
2.3683	0.06786	0.03656
2.3693	0.06715	0.03653
2.3704	0.06667	0.03705
2.3715	0.06756	0.03750
2.3726	0.06806	0.03707
2.3737	0.06799	0.03684
2.3748	0.06828	0.03633
2.3759	0.06775	0.03575
2.377	0.06755	0.03600
2.378	0.06784	0.03675
2.3791	0.06785	0.03690
2.3802	0.06762	0.03638
2.3813	0.06790	0.03636
2.3824	0.06752	0.03689
2.3835	0.06741	0.03729
2.3846	0.06768	0.03670
2.3857	0.06741	0.03603
2.3868	0.06774	0.03610
2.3879	0.06850	0.03627
2.389	0.06804	0.03654
2.3901	0.06783	0.03706
2.3912	0.06757	0.03624
2.3923	0.06779	0.03571
2.3934	0.06841	0.03550
2.3945	0.06831	0.03624
2.3956	0.06786	0.03600
2.3967	0.06747	0.03542
2.3978	0.06802	0.03611
2.399	0.06859	0.03671
2.4001	0.06803	0.03679
2.4012	0.06794	0.03639
2.4023	0.06872	0.03608
2.4034	0.06845	0.03714
2.4045	0.06846	0.03729
2.4056	0.06827	0.03689
2.4067	0.06763	0.03731
2.4079	0.06700	0.03670
2.409	0.06748	0.03564
2.4101	0.06839	0.03654
2.4112	0.06887	0.03795
2.4123	0.06852	0.03746
2.4135	0.06835	0.03728
2.4146	0.06816	0.03751
2.4157	0.06772	0.03706
2.4168	0.06737	0.03649
2.418	0.06750	0.03633
2.4191	0.06776	0.03648
2.4202	0.06810	0.03691
2.4214	0.06887	0.03571
2.4225	0.06941	0.03534
2.4236	0.06900	0.03624
2.4248	0.06860	0.03642
2.4259	0.06810	0.03673
2.427	0.06758	0.03695
2.4282	0.06756	0.03669
2.4293	0.06816	0.03685
2.4304	0.06800	0.03753
2.4316	0.06776	0.03705
2.4327	0.06778	0.03666
2.4339	0.06785	0.03639
2.435	0.06806	0.03637
2.4362	0.06799	0.03655
2.4373	0.06785	0.03693
2.4384	0.06836	0.03699
2.4396	0.06823	0.03692
2.4407	0.06798	0.03646
2.4419	0.06865	0.03611
2.443	0.06874	0.03686
2.4442	0.06790	0.03744
2.4453	0.06761	0.03736
2.4465	0.06771	0.03747
2.4477	0.06773	0.03723
2.4488	0.06789	0.03671
2.45	0.06766	0.03618
2.4511	0.06742	0.03597
2.4523	0.06815	0.03685
2.4534	0.06902	0.03763
2.4546	0.06846	0.03765
2.4558	0.06738	0.03743
2.4569	0.06742	0.03778
2.4581	0.06743	0.03808
2.4593	0.06784	0.03784
2.4604	0.06819	0.03681
2.4616	0.06822	0.03679
2.4628	0.06834	0.03749
2.4639	0.06865	0.03751
2.4651	0.06896	0.03722
2.4663	0.06811	0.03790
2.4675	0.06773	0.03784
2.4686	0.06797	0.03724
2.4698	0.06811	0.03701
2.471	0.06816	0.03715
2.4722	0.06838	0.03723
2.4733	0.06865	0.03724
2.4745	0.06870	0.03770
2.4757	0.06833	0.03818
2.4769	0.06805	0.03848
2.4781	0.06783	0.03726
2.4793	0.06809	0.03684
2.4804	0.06817	0.03723
2.4816	0.06829	0.03700
2.4828	0.06811	0.03661
2.484	0.06783	0.03710
2.4852	0.06771	0.03760
2.4864	0.06756	0.03781
2.4876	0.06841	0.03780
2.4888	0.06918	0.03728
2.49	0.06906	0.03766
2.4912	0.06825	0.03813
2.4924	0.06815	0.03802
2.4936	0.06852	0.03816
2.4948	0.06852	0.03795
2.496	0.06830	0.03699
2.4972	0.06778	0.03708
2.4984	0.06788	0.03730
2.4996	0.06767	0.03750
2.5008	0.06745	0.03779
2.502	0.06787	0.03740
2.5032	0.06853	0.03762
2.5044	0.06872	0.03774
2.5056	0.06890	0.03807
2.5068	0.06886	0.03781
2.508	0.06855	0.03702
2.5093	0.06807	0.03748
2.5105	0.06777	0.03805
2.5117	0.06807	0.03805
2.5129	0.06814	0.03809
2.5141	0.06789	0.03787
2.5153	0.06784	0.03734
2.5166	0.06747	0.03753
2.5178	0.06787	0.03815
2.519	0.06778	0.03802
2.5202	0.06768	0.03790
2.5215	0.06781	0.03822
2.5227	0.06790	0.03822
2.5239	0.06812	0.03786
2.5252	0.06804	0.03768
2.5264	0.06770	0.03777
2.5276	0.06805	0.03850
2.5288	0.06840	0.03787
2.5301	0.06860	0.03723
2.5313	0.06921	0.03751
2.5326	0.06883	0.03767
2.5338	0.06871	0.03820
2.535	0.06895	0.03839
2.5363	0.06850	0.03888
2.5375	0.06823	0.03913
2.5388	0.06876	0.03847
2.54	0.06860	0.03753
2.5412	0.06806	0.03754
2.5425	0.06826	0.03810
2.5437	0.06883	0.03792
2.545	0.06920	0.03749
2.5462	0.06917	0.03774
2.5475	0.06883	0.03790
2.5487	0.06804	0.03737
2.55	0.06793	0.03751
2.5512	0.06850	0.03740
2.5525	0.06882	0.03749
2.5538	0.06852	0.03867
2.555	0.06868	0.03888
2.5563	0.06870	0.03837
2.5575	0.06807	0.03832
2.5588	0.06841	0.03811
2.5601	0.06859	0.03771
2.5613	0.06821	0.03845
2.5626	0.06848	0.03872
2.5639	0.06929	0.03831
2.5651	0.06909	0.03774
2.5664	0.06847	0.03746
2.5677	0.06861	0.03730
2.5689	0.06892	0.03756
2.5702	0.06868	0.03761
2.5715	0.06886	0.03785
2.5728	0.06900	0.03813
2.574	0.06836	0.03791
2.5753	0.06887	0.03713
2.5766	0.06946	0.03694
2.5779	0.06907	0.03758
2.5792	0.06888	0.03769
2.5805	0.06899	0.03769
2.5817	0.06890	0.03790
2.583	0.06902	0.03862
2.5843	0.06888	0.03899
2.5856	0.06834	0.03838
2.5869	0.06881	0.03833
2.5882	0.06896	0.03799
2.5895	0.06900	0.03832
2.5908	0.06845	0.03852
2.5921	0.06856	0.03870
2.5934	0.06903	0.03889
2.5947	0.06958	0.03894
2.596	0.06911	0.03856
2.5973	0.06868	0.03819
2.5986	0.06882	0.03836
2.5999	0.06891	0.03920
2.6012	0.06902	0.03932
2.6025	0.06868	0.03866
2.6038	0.06848	0.03874
2.6051	0.06844	0.03914
2.6064	0.06820	0.03893
2.6077	0.06869	0.03859
2.609	0.06950	0.03841
2.6103	0.06984	0.03818
2.6117	0.06943	0.03818
2.613	0.06882	0.03826
2.6143	0.06855	0.03799
2.6156	0.06906	0.03821
2.6169	0.06913	0.03840
2.6183	0.06866	0.03829
2.6196	0.06894	0.03862
2.6209	0.06914	0.03910
2.6222	0.06893	0.03859
2.6236	0.06855	0.03878
2.6249	0.06876	0.03901
2.6262	0.06955	0.03904
2.6275	0.06902	0.03922
2.6289	0.06836	0.03899
2.6302	0.06862	0.03861
2.6315	0.06886	0.03820
2.6329	0.06890	0.03835
2.6342	0.06906	0.03884
2.6356	0.06952	0.03848
2.6369	0.06951	0.03863
2.6382	0.06871	0.03880
2.6396	0.06825	0.03868
2.6409	0.06882	0.03874
2.6423	0.06928	0.03857
2.6436	0.06944	0.03835
2.645	0.06962	0.03887
2.6463	0.06916	0.03848
2.6477	0.06904	0.03805
2.649	0.06925	0.03828
2.6504	0.06922	0.03850
2.6517	0.06932	0.03871
2.6531	0.06908	0.03860
2.6544	0.06918	0.03861
2.6558	0.06957	0.03890
2.6572	0.06966	0.03896
2.6585	0.06982	0.03940
2.6599	0.06943	0.03927
2.6613	0.06904	0.03889
2.6626	0.06881	0.03864
2.664	0.06923	0.03873
2.6654	0.06921	0.03868
2.6667	0.06915	0.03913
2.6681	0.06914	0.03926
2.6695	0.06940	0.03959
2.6709	0.06998	0.03977
2.6722	0.06951	0.03886
2.6736	0.06918	0.03883
2.675	0.06949	0.03942
2.6764	0.07022	0.03942
2.6778	0.06980	0.03842
2.6791	0.06925	0.03868
2.6805	0.06957	0.03920
2.6819	0.06984	0.03937
2.6833	0.06988	0.03942
2.6847	0.06926	0.03896
2.6861	0.06948	0.03880
2.6875	0.06960	0.03934
2.6889	0.06988	0.03975
2.6903	0.07013	0.03928
2.6917	0.06996	0.03901
2.6931	0.07019	0.03921
2.6945	0.07012	0.03907
2.6959	0.07016	0.03906
2.6973	0.07045	0.03911
2.6987	0.07014	0.03938
2.7001	0.07001	0.03950
2.7015	0.07021	0.03904
2.7029	0.07021	0.03859
2.7043	0.07010	0.03877
2.7057	0.07034	0.03883
2.7071	0.07040	0.03880
2.7085	0.07031	0.03871
2.71	0.07047	0.03837
2.7114	0.07000	0.03840
2.7128	0.06949	0.03827
2.7142	0.06973	0.03865
2.7156	0.06993	0.03924
2.7171	0.07030	0.03910
2.7185	0.07043	0.03898
2.7199	0.07047	0.03935
2.7213	0.07027	0.03900
2.7228	0.07017	0.03835
2.7242	0.07049	0.03859
2.7256	0.07043	0.03873
2.7271	0.07023	0.03928
2.7285	0.07036	0.03911
2.7299	0.07062	0.03860
2.7314	0.07091	0.03899
2.7328	0.07109	0.03920
2.7342	0.07095	0.03900
2.7357	0.07084	0.03917
2.7371	0.07048	0.03904
2.7386	0.07049	0.03904
2.74	0.07074	0.03941
2.7415	0.07051	0.03967
2.7429	0.07073	0.03927
2.7444	0.07101	0.03930
2.7458	0.07058	0.03919
2.7473	0.07021	0.03915
2.7487	0.07028	0.03938
2.7502	0.07041	0.03952
2.7517	0.07033	0.03944
2.7531	0.07073	0.03949
2.7546	0.07101	0.03994
2.7561	0.07056	0.03996
2.7575	0.07036	0.03928
2.759	0.07024	0.03921
2.7605	0.07016	0.03918
2.7619	0.07067	0.03911
2.7634	0.07088	0.03920
2.7649	0.07070	0.03929
2.7663	0.07070	0.03914
2.7678	0.07076	0.03908
2.7693	0.07069	0.03927
2.7708	0.07078	0.03948
2.7723	0.07072	0.03964
2.7737	0.07086	0.03951
2.7752	0.07093	0.03970
2.7767	0.07087	0.03938
2.7782	0.07097	0.03898
2.7797	0.07088	0.03955
2.7812	0.07067	0.03970
2.7827	0.07047	0.03910
2.7842	0.07063	0.03879
2.7857	0.07101	0.03911
2.7872	0.07120	0.03926
2.7887	0.07105	0.03908
2.7902	0.07098	0.03920
2.7917	0.07112	0.03934
2.7932	0.07124	0.03928
2.7947	0.07133	0.03951
2.7962	0.07109	0.03963
2.7977	0.07079	0.03956
2.7992	0.07085	0.03967
2.8007	0.07076	0.03967
2.8022	0.07060	0.03981
2.8038	0.07126	0.03986
2.8053	0.07193	0.03927
2.8068	0.07194	0.03888
2.8083	0.07156	0.03908
2.8098	0.07127	0.03967
2.8114	0.07166	0.03955
2.8129	0.07174	0.03927
2.8144	0.07139	0.03918
2.8159	0.07123	0.03893
2.8175	0.07125	0.03917
2.819	0.07142	0.03964
2.8205	0.07153	0.03971
2.8221	0.07136	0.03958
2.8236	0.07130	0.03974
2.8251	0.07135	0.04006
2.8267	0.07122	0.03983
2.8282	0.07122	0.03956
2.8298	0.07188	0.03971
2.8313	0.07202	0.03973
2.8329	0.07174	0.03950
2.8344	0.07187	0.03914
2.836	0.07197	0.03915
2.8375	0.07198	0.03971
2.8391	0.07206	0.04007
2.8406	0.07183	0.03974
2.8422	0.07164	0.03957
2.8437	0.07155	0.03928
2.8453	0.07170	0.03914
2.8469	0.07184	0.03941
2.8484	0.07189	0.03955
2.85	0.07188	0.03950
2.8516	0.07196	0.03958
2.8531	0.07215	0.03970
2.8547	0.07249	0.03969
2.8563	0.07207	0.03979
2.8578	0.07171	0.03973
2.8594	0.07192	0.04016
2.861	0.07189	0.04019
2.8626	0.07206	0.03968
2.8642	0.07219	0.03965
2.8657	0.07213	0.03965
2.8673	0.07219	0.03965
2.8689	0.07222	0.03944
2.8705	0.07196	0.03927
2.8721	0.07198	0.03981
2.8737	0.07201	0.04012
2.8753	0.07193	0.03995
2.8769	0.07181	0.03978
2.8785	0.07173	0.03958
2.8801	0.07202	0.03951
2.8817	0.07210	0.03964
2.8833	0.07207	0.03947
2.8849	0.07191	0.03918
2.8865	0.07201	0.03923
2.8881	0.07217	0.03894
2.8897	0.07218	0.03905
2.8913	0.07209	0.03926
2.8929	0.07189	0.03946
2.8945	0.07198	0.03966
2.8962	0.07195	0.03923
2.8978	0.07168	0.03926
2.8994	0.07179	0.03952
2.901	0.07182	0.03987
2.9027	0.07190	0.04003
2.9043	0.07236	0.03976
2.9059	0.07245	0.03992
2.9075	0.07233	0.03996
2.9092	0.07217	0.04002
2.9108	0.07226	0.04025
2.9124	0.07261	0.04034
2.9141	0.07258	0.04010
2.9157	0.07233	0.03957
2.9174	0.07265	0.03942
2.919	0.07246	0.03979
2.9206	0.07219	0.03997
2.9223	0.07219	0.03967
2.9239	0.07227	0.03933
2.9256	0.07200	0.03922
2.9272	0.07184	0.03931
2.9289	0.07202	0.03954
2.9305	0.07229	0.03991
2.9322	0.07221	0.03964
2.9339	0.07200	0.03957
2.9355	0.07218	0.03974
2.9372	0.07249	0.03979
2.9389	0.07264	0.03988
2.9405	0.07253	0.03988
2.9422	0.07249	0.03980
2.9439	0.07256	0.03982
2.9455	0.07278	0.03985
2.9472	0.07270	0.03995
2.9489	0.07251	0.03970
2.9506	0.07243	0.03970
2.9522	0.07239	0.03945
2.9539	0.07233	0.03956
2.9556	0.07234	0.03980
2.9573	0.07232	0.03972
2.959	0.07258	0.03992
2.9607	0.07269	0.04026
2.9624	0.07247	0.03993
2.9641	0.07226	0.03980
2.9658	0.07216	0.03974
2.9674	0.07208	0.03983
2.9691	0.07220	0.03971
2.9709	0.07236	0.03968
2.9726	0.07236	0.03983
2.9743	0.07257	0.04007
2.976	0.07260	0.03981
2.9777	0.07247	0.03959
2.9794	0.07252	0.03970
2.9811	0.07284	0.04000
2.9828	0.07293	0.04019
2.9845	0.07272	0.04017
2.9863	0.07281	0.04019
2.988	0.07281	0.03999
2.9897	0.07257	0.04001
2.9914	0.07258	0.04000
2.9931	0.07282	0.04002
2.9949	0.07283	0.04012
2.9966	0.07271	0.04007
2.9983	0.07282	0.04021
3.0001	0.07270	0.04023
3.0018	0.07250	0.04030
3.0036	0.07278	0.04062
3.0053	0.07312	0.04028
3.007	0.07312	0.04026
3.0088	0.07291	0.04040
3.0105	0.07271	0.04011
3.0123	0.07270	0.03992
3.014	0.07282	0.03999
3.0158	0.07282	0.03985
3.0175	0.07293	0.03964
3.0193	0.07298	0.03971
3.0211	0.07311	0.04004
3.0228	0.07294	0.04018
3.0246	0.07276	0.03997
3.0263	0.07273	0.03980
3.0281	0.07260	0.04007
3.0299	0.07279	0.04018
3.0317	0.07316	0.04013
3.0334	0.07309	0.04057
3.0352	0.07303	0.04063
3.037	0.07283	0.04006
3.0388	0.07262	0.03963
3.0405	0.07265	0.03977
3.0423	0.07271	0.03996
3.0441	0.07251	0.04001
3.0459	0.07237	0.03967
3.0477	0.07263	0.03954
3.0495	0.07300	0.03989
3.0513	0.07286	0.03992
3.0531	0.07244	0.03974
3.0549	0.07265	0.03981
3.0567	0.07301	0.03976
3.0585	0.07268	0.03962
3.0603	0.07249	0.03983
3.0621	0.07255	0.03980
3.0639	0.07260	0.03975
3.0657	0.07243	0.03966
3.0675	0.07242	0.03946
3.0694	0.07259	0.03957
3.0712	0.07260	0.03962
3.073	0.07263	0.03981
3.0748	0.07264	0.03996
3.0766	0.07252	0.03981
3.0785	0.07237	0.03975
3.0803	0.07240	0.03964
3.0821	0.07242	0.03952
3.084	0.07204	0.03949
3.0858	0.07192	0.03974
3.0876	0.07229	0.03991
3.0895	0.07248	0.03994
3.0913	0.07259	0.04018
3.0932	0.07253	0.04019
3.095	0.07238	0.03993
3.0969	0.07235	0.03982
3.0987	0.07236	0.03988
3.1006	0.07233	0.03979
3.1024	0.07237	0.03959
3.1043	0.07255	0.03941
3.1061	0.07252	0.03942
3.108	0.07247	0.03957
3.1099	0.07241	0.03977
3.1117	0.07254	0.03972
3.1136	0.07250	0.03965
3.1155	0.07231	0.03952
3.1173	0.07272	0.03944
3.1192	0.07301	0.03968
3.1211	0.07294	0.03972
3.123	0.07274	0.03956
3.1249	0.07270	0.03963
3.1267	0.07285	0.03955
3.1286	0.07302	0.03967
3.1305	0.07293	0.03988
3.1324	0.07292	0.03970
3.1343	0.07297	0.03972
3.1362	0.07312	0.03985
3.1381	0.07320	0.03980
3.14	0.07307	0.03986
3.1419	0.07284	0.03992
3.1438	0.07285	0.03983
3.1457	0.07299	0.03985
3.1476	0.07293	0.03955
3.1495	0.07293	0.03952
3.1514	0.07317	0.03964
3.1534	0.07336	0.03963
3.1553	0.07316	0.03983
3.1572	0.07295	0.03991
3.1591	0.07286	0.03986
3.1611	0.07310	0.03983
3.163	0.07312	0.03979
3.1649	0.07285	0.04005
3.1669	0.07283	0.04037
3.1688	0.07293	0.04031
3.1707	0.07295	0.04016
3.1727	0.07317	0.04013
3.1746	0.07348	0.03979
3.1766	0.07336	0.03967
3.1785	0.07307	0.03989
3.1805	0.07300	0.03974
3.1824	0.07322	0.03979
3.1844	0.07341	0.03991
3.1863	0.07341	0.03985
3.1883	0.07341	0.03985
3.1902	0.07340	0.03997
3.1922	0.07328	0.03989
3.1942	0.07334	0.03987
3.1961	0.07345	0.03974
3.1981	0.07338	0.03968
3.2001	0.07336	0.03980
3.2021	0.07345	0.03983
3.204	0.07335	0.03961
3.206	0.07332	0.03980
3.208	0.07334	0.04013
3.21	0.07333	0.04006
3.212	0.07349	0.03989
3.214	0.07362	0.04005
3.216	0.07386	0.04019
3.218	0.07399	0.04017
3.22	0.07366	0.04000
3.222	0.07324	0.03995
3.224	0.07346	0.04001
3.226	0.07359	0.04000
3.228	0.07352	0.04016
3.23	0.07344	0.04017
3.232	0.07349	0.04029
3.234	0.07359	0.04043
3.236	0.07369	0.04037
3.2381	0.07366	0.04023
3.2401	0.07367	0.04027
3.2421	0.07387	0.04044
3.2441	0.07399	0.04026
3.2462	0.07402	0.04008
3.2482	0.07387	0.04019
3.2502	0.07382	0.04022
3.2523	0.07368	0.04010
3.2543	0.07357	0.04008
3.2564	0.07373	0.04014
3.2584	0.07382	0.04015
3.2605	0.07371	0.03996
3.2625	0.07372	0.04000
3.2646	0.07398	0.03998
3.2666	0.07400	0.03985
3.2687	0.07399	0.04017
3.2707	0.07406	0.04054
3.2728	0.07401	0.04036
3.2749	0.07406	0.04026
3.277	0.07398	0.04026
3.279	0.07399	0.04046
3.2811	0.07404	0.04067
3.2832	0.07403	0.04082
3.2853	0.07434	0.04090
3.2873	0.07437	0.04067
3.2894	0.07417	0.04043
3.2915	0.07426	0.04032
3.2936	0.07436	0.04016
3.2957	0.07424	0.04019
3.2978	0.07433	0.04015
3.2999	0.07452	0.04018
3.302	0.07437	0.04048
3.3041	0.07425	0.04078
3.3062	0.07436	0.04071
3.3083	0.07440	0.04032
3.3104	0.07426	0.04014
3.3125	0.07423	0.03995
3.3147	0.07449	0.03993
3.3168	0.07451	0.04046
3.3189	0.07447	0.04061
3.321	0.07467	0.04049
3.3232	0.07469	0.04041
3.3253	0.07451	0.04050
3.3274	0.07445	0.04046
3.3296	0.07460	0.04062
3.3317	0.07464	0.04080
3.3338	0.07480	0.04072
3.336	0.07476	0.04055
3.3381	0.07461	0.04036
3.3403	0.07481	0.04038
3.3424	0.07496	0.04062
3.3446	0.07496	0.04059
3.3468	0.07487	0.04029
3.3489	0.07463	0.04016
3.3511	0.07464	0.04031
3.3533	0.07491	0.04038
3.3554	0.07504	0.04035
3.3576	0.07510	0.04064
3.3598	0.07530	0.04062
3.362	0.07545	0.04045
3.3641	0.07530	0.04049
3.3663	0.07506	0.04057
3.3685	0.07507	0.04073
3.3707	0.07529	0.04073
3.3729	0.07547	0.04065
3.3751	0.07571	0.04065
3.3773	0.07593	0.04084
3.3795	0.07591	0.04106
3.3817	0.07574	0.04089
3.3839	0.07595	0.04092
3.3861	0.07608	0.04115
3.3883	0.07610	0.04114
3.3905	0.07610	0.04102
3.3928	0.07616	0.04091
3.395	0.07636	0.04095
3.3972	0.07629	0.04115
3.3994	0.07621	0.04108
3.4017	0.07648	0.04101
3.4039	0.07665	0.04092
3.4061	0.07656	0.04107
3.4084	0.07660	0.04130
3.4106	0.07673	0.04144
3.4129	0.07676	0.04124
3.4151	0.07680	0.04120
3.4174	0.07693	0.04125
3.4196	0.07695	0.04133
3.4219	0.07691	0.04123
3.4241	0.07676	0.04120
3.4264	0.07679	0.04144
3.4287	0.07689	0.04169
3.4309	0.07682	0.04150
3.4332	0.07669	0.04154
3.4355	0.07669	0.04152
3.4378	0.07681	0.04122
3.44	0.07668	0.04137
3.4423	0.07652	0.04139
3.4446	0.07621	0.04109
3.4469	0.07628	0.04081
3.4492	0.07631	0.04083
3.4515	0.07627	0.04095
3.4538	0.07638	0.04128
3.4561	0.07647	0.04113
3.4584	0.07643	0.04083
3.4607	0.07644	0.04122
3.463	0.07658	0.04150
3.4653	0.07646	0.04148
3.4676	0.07631	0.04129
3.47	0.07646	0.04116
3.4723	0.07650	0.04127
3.4746	0.07647	0.04158
3.477	0.07643	0.04160
3.4793	0.07658	0.04136
3.4816	0.07660	0.04114
3.484	0.07654	0.04136
3.4863	0.07667	0.04146
3.4887	0.07664	0.04150
3.491	0.07657	0.04152
3.4934	0.07663	0.04141
3.4957	0.07680	0.04149
3.4981	0.07696	0.04172
3.5004	0.07710	0.04159
3.5028	0.07711	0.04158
3.5052	0.07698	0.04171
3.5075	0.07699	0.04183
3.5099	0.07732	0.04192
3.5123	0.07743	0.04162
3.5147	0.07729	0.04148
3.5171	0.07701	0.04173
3.5194	0.07696	0.04174
3.5218	0.07701	0.04138
3.5242	0.07694	0.04124
3.5266	0.07679	0.04138
3.529	0.07678	0.04163
3.5314	0.07690	0.04187
3.5338	0.07694	0.04186
3.5362	0.07690	0.04174
3.5387	0.07673	0.04182
3.5411	0.07684	0.04181
3.5435	0.07700	0.04173
3.5459	0.07707	0.04173
3.5483	0.07700	0.04150
3.5508	0.07703	0.04170
3.5532	0.07712	0.04188
3.5556	0.07709	0.04185
3.5581	0.07712	0.04172
3.5605	0.07720	0.04174
3.563	0.07705	0.04193
3.5654	0.07693	0.04209
3.5679	0.07695	0.04226
3.5703	0.07710	0.04227
3.5728	0.07721	0.04194
3.5753	0.07727	0.04177
3.5777	0.07736	0.04200
3.5802	0.07715	0.04222
3.5827	0.07698	0.04227
3.5852	0.07707	0.04238
3.5876	0.07733	0.04227
3.5901	0.07732	0.04219
3.5926	0.07725	0.04225
3.5951	0.07730	0.04237
3.5976	0.07734	0.04242
3.6001	0.07741	0.04233
3.6026	0.07738	0.04226
3.6051	0.07738	0.04230
3.6076	0.07740	0.04230
3.6101	0.07737	0.04238
3.6126	0.07737	0.04245
3.6152	0.07741	0.04246
3.6177	0.07744	0.04242
3.6202	0.07745	0.04245
3.6227	0.07739	0.04254
3.6253	0.07724	0.04237
3.6278	0.07709	0.04238
3.6303	0.07729	0.04251
3.6329	0.07742	0.04261
3.6354	0.07729	0.04273
3.638	0.07723	0.04272
3.6405	0.07725	0.04262
3.6431	0.07732	0.04239
3.6457	0.07742	0.04218
3.6482	0.07754	0.04236
3.6508	0.07765	0.04257
3.6534	0.07766	0.04271
3.6559	0.07760	0.04271
3.6585	0.07754	0.04258
3.6611	0.07764	0.04260
3.6637	0.07761	0.04287
3.6663	0.07772	0.04309
3.6689	0.07785	0.04295
3.6715	0.07779	0.04284
3.6741	0.07785	0.04276
3.6767	0.07786	0.04283
3.6793	0.07774	0.04298
3.6819	0.07772	0.04300
3.6845	0.07775	0.04303
3.6872	0.07783	0.04320
3.6898	0.07773	0.04315
3.6924	0.07783	0.04311
3.695	0.07789	0.04315
3.6977	0.07781	0.04314
3.7003	0.07797	0.04315
3.703	0.07818	0.04336
3.7056	0.07820	0.04335
3.7083	0.07799	0.04327
3.7109	0.07778	0.04330
3.7136	0.07769	0.04320
3.7162	0.07783	0.04324
3.7189	0.07789	0.04324
3.7216	0.07782	0.04309
3.7242	0.07797	0.04329
3.7269	0.07821	0.04338
3.7296	0.07825	0.04331
3.7323	0.07817	0.04335
3.735	0.07814	0.04337
3.7377	0.07812	0.04323
3.7404	0.07820	0.04322
3.7431	0.07823	0.04325
3.7458	0.07842	0.04319
3.7485	0.07837	0.04334
3.7512	0.07825	0.04356
3.7539	0.07832	0.04361
3.7566	0.07835	0.04363
3.7593	0.07845	0.04374
3.7621	0.07843	0.04368
3.7648	0.07827	0.04347
3.7675	0.07839	0.04338
3.7703	0.07853	0.04351
3.773	0.07835	0.04374
3.7758	0.07818	0.04388
3.7785	0.07834	0.04365
3.7813	0.07851	0.04355
3.784	0.07845	0.04367
3.7868	0.07837	0.04384
3.7896	0.07848	0.04398
3.7923	0.07851	0.04395
3.7951	0.07861	0.04385
3.7979	0.07879	0.04379
3.8007	0.07871	0.04368
3.8035	0.07858	0.04391
3.8063	0.07860	0.04390
3.8091	0.07868	0.04395
3.8119	0.07860	0.04401
3.8147	0.07864	0.04396
3.8175	0.07890	0.04392
3.8203	0.07909	0.04392
3.8231	0.07912	0.04414
3.8259	0.07899	0.04434
3.8288	0.07880	0.04425
3.8316	0.07882	0.04405
3.8344	0.07890	0.04406
3.8373	0.07910	0.04410
3.8401	0.07923	0.04414
3.8429	0.07912	0.04424
3.8458	0.07918	0.04421
3.8487	0.07930	0.04411
3.8515	0.07923	0.04430
3.8544	0.07904	0.04451
3.8572	0.07907	0.04455
3.8601	0.07923	0.04443
3.863	0.07911	0.04439
3.8659	0.07912	0.04443
3.8688	0.07919	0.04448
3.8716	0.07914	0.04453
3.8745	0.07915	0.04455
3.8774	0.07919	0.04462
3.8803	0.07920	0.04462
3.8832	0.07925	0.04455
3.8862	0.07924	0.04433
3.8891	0.07932	0.04434
3.892	0.07939	0.04456
3.8949	0.07943	0.04460
3.8978	0.07952	0.04467
3.9008	0.07955	0.04451
3.9037	0.07945	0.04427
3.9067	0.07940	0.04424
3.9096	0.07946	0.04429
3.9126	0.07948	0.04444
3.9155	0.07948	0.04436
3.9185	0.07950	0.04438
3.9214	0.07952	0.04440
3.9244	0.07948	0.04439
3.9274	0.07943	0.04453
3.9304	0.07924	0.04465
3.9333	0.07921	0.04459
3.9363	0.07943	0.04459
3.9393	0.07961	0.04472
3.9423	0.07950	0.04454
3.9453	0.07950	0.04447
3.9483	0.07963	0.04467
3.9513	0.07962	0.04472
3.9543	0.07961	0.04463
3.9574	0.07961	0.04477
3.9604	0.07969	0.04498
3.9634	0.07970	0.04488
3.9664	0.07971	0.04476
3.9695	0.07976	0.04483
3.9725	0.07971	0.04468
3.9756	0.07964	0.04470
3.9786	0.07975	0.04481
3.9817	0.08001	0.04466
3.9847	0.08007	0.04461
3.9878	0.08010	0.04471
3.9909	0.08002	0.04472
3.9939	0.07999	0.04466
3.997	0.07996	0.04482
4.0001	0.08004	0.04506
4.0032	0.08005	0.04493
4.0063	0.07995	0.04481
4.0094	0.08005	0.04499
4.0125	0.08017	0.04489
4.0156	0.08015	0.04486
4.0187	0.08009	0.04484
4.0218	0.08013	0.04477
4.0249	0.08038	0.04486
4.0281	0.08044	0.04483
4.0312	0.08038	0.04481
4.0343	0.08033	0.04506
4.0375	0.08045	0.04516
4.0406	0.08062	0.04506
4.0438	0.08073	0.04513
4.0469	0.08076	0.04526
4.0501	0.08066	0.04510
4.0533	0.08059	0.04491
4.0564	0.08059	0.04487
4.0596	0.08052	0.04500
4.0628	0.08059	0.04504
4.066	0.08074	0.04506
4.0692	0.08070	0.04500
4.0724	0.08061	0.04488
4.0756	0.08056	0.04492
4.0788	0.08052	0.04490
4.082	0.08064	0.04480
4.0852	0.08072	0.04503
4.0884	0.08078	0.04517
4.0917	0.08079	0.04489
4.0949	0.08070	0.04479
4.0981	0.08073	0.04502
4.1014	0.08087	0.04510
4.1046	0.08095	0.04506
4.1079	0.08093	0.04501
4.1111	0.08088	0.04513
4.1144	0.08096	0.04513
4.1177	0.08102	0.04504
4.1209	0.08102	0.04501
4.1242	0.08110	0.04503
4.1275	0.08123	0.04517
4.1308	0.08114	0.04519
4.1341	0.08109	0.04514
4.1374	0.08119	0.04512
4.1407	0.08136	0.04490
4.144	0.08144	0.04475
4.1473	0.08137	0.04480
4.1506	0.08136	0.04487
4.154	0.08139	0.04497
4.1573	0.08148	0.04505
4.1606	0.08161	0.04500
4.164	0.08161	0.04504
4.1673	0.08166	0.04519
4.1707	0.08165	0.04526
4.174	0.08159	0.04534
4.1774	0.08162	0.04533
4.1808	0.08172	0.04526
4.1841	0.08173	0.04526
4.1875	0.08178	0.04525
4.1909	0.08186	0.04519
4.1943	0.08179	0.04501
4.1977	0.08169	0.04495
4.2011	0.08172	0.04508
4.2045	0.08178	0.04499
4.2079	0.08196	0.04504
4.2113	0.08203	0.04518
4.2147	0.08202	0.04509
4.2182	0.08202	0.04489
4.2216	0.08193	0.04485
4.225	0.08195	0.04487
4.2285	0.08204	0.04487
4.2319	0.08198	0.04480
4.2354	0.08204	0.04478
4.2389	0.08211	0.04485
4.2423	0.08198	0.04486
4.2458	0.08197	0.04475
4.2493	0.08212	0.04463
4.2528	0.08234	0.04461
4.2563	0.08253	0.04490
4.2598	0.08250	0.04500
4.2633	0.08252	0.04505
4.2668	0.08263	0.04506
4.2703	0.08264	0.04497
4.2738	0.08263	0.04495
4.2773	0.08255	0.04510
4.2809	0.08265	0.04510
4.2844	0.08286	0.04503
4.288	0.08287	0.04488
4.2915	0.08270	0.04498
4.2951	0.08276	0.04491
4.2986	0.08285	0.04483
4.3022	0.08282	0.04494
4.3058	0.08289	0.04515
4.3093	0.08298	0.04521
4.3129	0.08305	0.04507
4.3165	0.08319	0.04498
4.3201	0.08329	0.04491
4.3237	0.08318	0.04496
4.3273	0.08313	0.04495
4.3309	0.08318	0.04513
4.3346	0.08326	0.04527
4.3382	0.08332	0.04514
4.3418	0.08339	0.04508
4.3455	0.08347	0.04529
4.3491	0.08349	0.04542
4.3528	0.08362	0.04562
4.3564	0.08368	0.04562
4.3601	0.08373	0.04539
4.3638	0.08377	0.04544
4.3674	0.08381	0.04536
4.3711	0.08374	0.04511
4.3748	0.08372	0.04508
4.3785	0.08378	0.04522
4.3822	0.08384	0.04543
4.3859	0.08392	0.04537
4.3896	0.08389	0.04526
4.3933	0.08400	0.04538
4.3971	0.08416	0.04544
4.4008	0.08401	0.04526
4.4045	0.08395	0.04519
4.4083	0.08393	0.04524
4.412	0.08411	0.04541
4.4158	0.08428	0.04563
4.4196	0.08439	0.04564
4.4233	0.08441	0.04557
4.4271	0.08435	0.04559
4.4309	0.08429	0.04552
4.4347	0.08444	0.04553
4.4385	0.08457	0.04553
4.4423	0.08455	0.04555
4.4461	0.08446	0.04562
4.4499	0.08446	0.04563
4.4537	0.08457	0.04575
4.4576	0.08465	0.04570
4.4614	0.08472	0.04560
4.4652	0.08473	0.04558
4.4691	0.08475	0.04569
4.4729	0.08481	0.04563
4.4768	0.08478	0.04559
4.4807	0.08477	0.04577
4.4845	0.08486	0.04589
4.4884	0.08488	0.04587
4.4923	0.08498	0.04581
4.4962	0.08502	0.04585
4.5001	0.08496	0.04573
4.504	0.08491	0.04568
4.5079	0.08500	0.04562
4.5119	0.08515	0.04564
4.5158	0.08526	0.04576
4.5197	0.08522	0.04575
4.5237	0.08519	0.04572
4.5276	0.08529	0.04567
4.5316	0.08550	0.04565
4.5356	0.08557	0.04586
4.5395	0.08547	0.04599
4.5435	0.08541	0.04591
4.5475	0.08546	0.04587
4.5515	0.08553	0.04594
4.5555	0.08559	0.04611
4.5595	0.08562	0.04607
4.5635	0.08567	0.04596
4.5675	0.08567	0.04601
4.5715	0.08578	0.04599
4.5756	0.08578	0.04581
4.5796	0.08579	0.04579
4.5837	0.08587	0.04590
4.5877	0.08598	0.04598
4.5918	0.08612	0.04601
4.5959	0.08609	0.04602
4.5999	0.08599	0.04603
4.604	0.08616	0.04605
4.6081	0.08624	0.04589
4.6122	0.08616	0.04588
4.6163	0.08613	0.04618
4.6204	0.08619	0.04618
4.6246	0.08627	0.04604
4.6287	0.08629	0.04617
4.6328	0.08635	0.04614
4.637	0.08648	0.04604
4.6411	0.08660	0.04619
4.6453	0.08655	0.04625
4.6494	0.08646	0.04611
4.6536	0.08658	0.04613
4.6578	0.08669	0.04614
4.662	0.08658	0.04624
4.6662	0.08643	0.04638
4.6704	0.08660	0.04643
4.6746	0.08674	0.04633
4.6788	0.08670	0.04639
4.683	0.08668	0.04646
4.6873	0.08671	0.04626
4.6915	0.08693	0.04625
4.6958	0.08709	0.04644
4.7	0.08697	0.04661
4.7043	0.08692	0.04662
4.7086	0.08695	0.04675
4.7129	0.08696	0.04669
4.7171	0.08718	0.04652
4.7214	0.08741	0.04652
4.7257	0.08733	0.04666
4.7301	0.08726	0.04660
4.7344	0.08726	0.04664
4.7387	0.08724	0.04662
4.743	0.08733	0.04646
4.7474	0.08742	0.04646
4.7517	0.08734	0.04659
4.7561	0.08730	0.04675
4.7605	0.08748	0.04675
4.7648	0.08754	0.04683
4.7692	0.08748	0.04689
4.7736	0.08751	0.04677
4.778	0.08750	0.04673
4.7824	0.08763	0.04686
4.7868	0.08776	0.04687
4.7913	0.08773	0.04687
4.7957	0.08771	0.04695
4.8001	0.08771	0.04693
4.8046	0.08776	0.04695
4.809	0.08784	0.04714
4.8135	0.08791	0.04701
4.818	0.08792	0.04704
4.8225	0.08791	0.04710
4.8269	0.08791	0.04711
4.8314	0.08799	0.04711
4.8359	0.08804	0.04709
4.8405	0.08820	0.04711
4.845	0.08827	0.04714
4.8495	0.08825	0.04720
4.8541	0.08827	0.04726
4.8586	0.08826	0.04730
4.8632	0.08829	0.04725
4.8677	0.08842	0.04723
4.8723	0.08853	0.04737
4.8769	0.08856	0.04749
4.8815	0.08843	0.04766
4.8861	0.08823	0.04761
4.8907	0.08838	0.04739
4.8953	0.08861	0.04748
4.8999	0.08860	0.04759
4.9046	0.08859	0.04750
4.9092	0.08862	0.04755
4.9139	0.08868	0.04776
4.9185	0.08879	0.04784
4.9232	0.08888	0.04768
4.9279	0.08889	0.04752
4.9326	0.08880	0.04767
4.9373	0.08880	0.04774
4.942	0.08889	0.04776
4.9467	0.08897	0.04772
4.9514	0.08891	0.04761
4.9562	0.08889	0.04778
4.9609	0.08889	0.04792
4.9656	0.08888	0.04792
4.9704	0.08892	0.04787
4.9752	0.08908	0.04799
4.98	0.08916	0.04810
4.9847	0.08921	0.04815
4.9895	0.08930	0.04815
4.9943	0.08927	0.04807
4.9992	0.08919	0.04793
5.004	0.08917	0.04787
5.0088	0.08927	0.04798
5.0137	0.08936	0.04803
5.0185	0.08931	0.04793
5.0234	0.08914	0.04798
5.0283	0.08919	0.04801
5.0331	0.08935	0.04803
5.038	0.08926	0.04810
5.0429	0.08919	0.04820
5.0478	0.08930	0.04824
5.0528	0.08941	0.04828
5.0577	0.08951	0.04823
5.0626	0.08957	0.04815
5.0676	0.08949	0.04828
5.0725	0.08949	0.04830
5.0775	0.08965	0.04836
5.0825	0.08967	0.04862
5.0875	0.08954	0.04868
5.0925	0.08954	0.04853
5.0975	0.08965	0.04853
5.1025	0.08971	0.04872
5.1075	0.08978	0.04863
5.1126	0.08973	0.04849
5.1176	0.08977	0.04863
5.1227	0.08989	0.04872
5.1277	0.08989	0.04874
5.1328	0.08995	0.04865
5.1379	0.08999	0.04854
5.143	0.09001	0.04865
5.1481	0.09001	0.04873
5.1532	0.09007	0.04865
5.1583	0.09014	0.04863
5.1635	0.09014	0.04893
5.1686	0.09016	0.04904
5.1738	0.09024	0.04889
5.179	0.09028	0.04882
5.1841	0.09032	0.04878
5.1893	0.09035	0.04878
5.1945	0.09044	0.04892
5.1997	0.09044	0.04915
5.205	0.09032	0.04932
5.2102	0.09029	0.04924
5.2154	0.09042	0.04911
5.2207	0.09058	0.04915
5.2259	0.09063	0.04919
5.2312	0.09061	0.04922
5.2365	0.09063	0.04921
5.2418	0.09072	0.04910
5.2471	0.09064	0.04910
5.2524	0.09067	0.04917
5.2577	0.09078	0.04931
5.2631	0.09083	0.04928
5.2684	0.09075	0.04922
5.2738	0.09079	0.04932
5.2792	0.09098	0.04929
5.2845	0.09103	0.04915
5.2899	0.09100	0.04928
5.2953	0.09108	0.04940
5.3008	0.09114	0.04941
5.3062	0.09119	0.04937
5.3116	0.09117	0.04943
5.3171	0.09131	0.04962
5.3225	0.09133	0.04951
5.328	0.09122	0.04938
5.3335	0.09129	0.04949
5.339	0.09145	0.04965
5.3445	0.09149	0.04972
5.35	0.09157	0.04975
5.3555	0.09166	0.04966
5.361	0.09167	0.04958
5.3666	0.09159	0.04970
5.3722	0.09168	0.04976
5.3777	0.09177	0.04975
5.3833	0.09173	0.04985
5.3889	0.09189	0.04998
5.3945	0.09191	0.04997
5.4001	0.09194	0.04993
5.4058	0.09198	0.04986
5.4114	0.09200	0.04993
5.4171	0.09213	0.04989
5.4227	0.09220	0.04998
5.4284	0.09211	0.04997
5.4341	0.09205	0.05011
5.4398	0.09215	0.05019
5.4455	0.09224	0.05003
5.4512	0.09220	0.04997
5.457	0.09221	0.05003
5.4627	0.09232	0.05014
5.4685	0.09235	0.05015
5.4743	0.09249	0.05023
5.4801	0.09270	0.05042
5.4859	0.09270	0.05031
5.4917	0.09268	0.05035
5.4975	0.09270	0.05046
5.5033	0.09265	0.05060
5.5092	0.09268	0.05046
5.515	0.09267	0.05015
5.5209	0.09276	0.05016
5.5268	0.09287	0.05041
5.5327	0.09296	0.05050
5.5386	0.09308	0.05050
5.5445	0.09314	0.05042
5.5505	0.09316	0.05045
5.5564	0.09319	0.05055
5.5624	0.09312	0.05056
5.5684	0.09309	0.05060
5.5743	0.09324	0.05086
5.5803	0.09337	0.05102
5.5864	0.09336	0.05071
5.5924	0.09337	0.05066
5.5984	0.09345	0.05083
5.6045	0.09352	0.05099
5.6105	0.09359	0.05099
5.6166	0.09371	0.05090
5.6227	0.09367	0.05081
5.6288	0.09376	0.05097
5.6349	0.09399	0.05102
5.6411	0.09409	0.05098
5.6472	0.09407	0.05096
5.6534	0.09414	0.05116
5.6595	0.09419	0.05126
5.6657	0.09407	0.05121
5.6719	0.09425	0.05140
5.6781	0.09451	0.05149
5.6844	0.09454	0.05139
5.6906	0.09480	0.05146
5.6969	0.09513	0.05165
5.7031	0.09533	0.05171
5.7094	0.09561	0.05193
5.7157	0.09598	0.05212
5.722	0.09637	0.05232
5.7283	0.09670	0.05260
5.7347	0.09705	0.05309
5.741	0.09743	0.05321
5.7474	0.09787	0.05326
5.7538	0.09818	0.05328
5.7601	0.09842	0.05353
5.7666	0.09873	0.05402
5.773	0.09855	0.05402
5.7794	0.09826	0.05387
5.7859	0.09824	0.05363
5.7923	0.09826	0.05344
5.7988	0.09817	0.05362
5.8053	0.09815	0.05361
5.8118	0.09815	0.05352
5.8183	0.09806	0.05362
5.8249	0.09787	0.05340
5.8314	0.09759	0.05317
5.838	0.09740	0.05324
5.8446	0.09725	0.05307
5.8512	0.09726	0.05296
5.8578	0.09733	0.05299
5.8644	0.09737	0.05299
5.871	0.09741	0.05292
5.8777	0.09761	0.05311
5.8844	0.09765	0.05318
5.8911	0.09741	0.05287
5.8978	0.09750	0.05313
5.9045	0.09751	0.05296
5.9112	0.09762	0.05307
5.918	0.09776	0.05320
5.9247	0.09785	0.05308
5.9315	0.09805	0.05330
5.9383	0.09821	0.05360
5.9451	0.09819	0.05329
5.9519	0.09816	0.05330
5.9588	0.09824	0.05346
5.9656	0.09830	0.05359
5.9725	0.09836	0.05362
5.9794	0.09838	0.05344
5.9863	0.09855	0.05349
5.9932	0.09867	0.05346
6.0002	0.09860	0.05361
6.0071	0.09866	0.05374
6.0141	0.09889	0.05387
6.0211	0.09893	0.05379
6.0281	0.09888	0.05371
6.0351	0.09895	0.05378
6.0421	0.09912	0.05398
6.0492	0.09944	0.05417
6.0562	0.09933	0.05378
6.0633	0.09920	0.05388
6.0704	0.09935	0.05427
6.0775	0.09923	0.05400
6.0847	0.09931	0.05393
6.0918	0.09945	0.05415
6.099	0.09943	0.05425
6.1062	0.09942	0.05423
6.1134	0.09953	0.05435
6.1206	0.09936	0.05402
6.1278	0.09931	0.05399
6.1351	0.09951	0.05435
6.1423	0.09968	0.05440
6.1496	0.09975	0.05432
6.1569	0.09983	0.05426
6.1643	0.09975	0.05424
6.1716	0.09966	0.05428
6.1789	0.09984	0.05440
6.1863	0.10007	0.05450
6.1937	0.09992	0.05444
6.2011	0.09993	0.05434
6.2085	0.10005	0.05448
6.216	0.09993	0.05470
6.2235	0.09985	0.05478
6.2309	0.09993	0.05448
6.2384	0.10006	0.05432
6.2459	0.10005	0.05446
6.2535	0.10005	0.05450
6.261	0.09997	0.05465
6.2686	0.09991	0.05472
6.2762	0.10002	0.05469
6.2838	0.09998	0.05470
6.2914	0.10003	0.05469
6.2991	0.10017	0.05456
6.3067	0.10023	0.05463
6.3144	0.10016	0.05480
6.3221	0.10029	0.05495
6.3298	0.10048	0.05489
6.3376	0.10062	0.05491
6.3453	0.10065	0.05515
6.3531	0.10049	0.05489
6.3609	0.10056	0.05478
6.3687	0.10082	0.05500
6.3765	0.10094	0.05508
6.3844	0.10090	0.05505
6.3923	0.10099	0.05515
6.4002	0.10125	0.05523
6.4081	0.10145	0.05556
6.416	0.10156	0.05590
6.424	0.10139	0.05556
6.4319	0.10146	0.05551
6.4399	0.10164	0.05566
6.4479	0.10175	0.05568
6.456	0.10188	0.05570
6.464	0.10206	0.05582
6.4721	0.10228	0.05619
6.4802	0.10231	0.05630
6.4883	0.10221	0.05623
6.4964	0.10216	0.05596
6.5046	0.10201	0.05567
6.5127	0.10209	0.05589
6.5209	0.10241	0.05628
6.5291	0.10254	0.05607
6.5374	0.10244	0.05591
6.5456	0.10233	0.05603
6.5539	0.10233	0.05625
6.5622	0.10234	0.05629
6.5705	0.10243	0.05628
6.5789	0.10235	0.05616
6.5872	0.10226	0.05613
6.5956	0.10234	0.05634
6.604	0.10220	0.05618
6.6124	0.10217	0.05615
6.6209	0.10216	0.05613
6.6293	0.10208	0.05615
6.6378	0.10206	0.05626
6.6463	0.10179	0.05602
6.6549	0.10166	0.05573
6.6634	0.10174	0.05588
6.672	0.10175	0.05599
6.6806	0.10172	0.05599
6.6892	0.10168	0.05594
6.6978	0.10169	0.05578
6.7065	0.10189	0.05587
6.7152	0.10199	0.05598
6.7239	0.10188	0.05589
6.7326	0.10186	0.05594
6.7414	0.10184	0.05597
6.7502	0.10196	0.05604
6.759	0.10210	0.05616
6.7678	0.10208	0.05622
6.7766	0.10213	0.05635
6.7855	0.10227	0.05643
6.7944	0.10243	0.05638
6.8033	0.10250	0.05636
6.8123	0.10253	0.05673
6.8212	0.10270	0.05706
6.8302	0.10285	0.05706
6.8392	0.10276	0.05694
6.8483	0.10281	0.05695
6.8573	0.10297	0.05701
6.8664	0.10320	0.05704
6.8755	0.10301	0.05699
6.8846	0.10282	0.05706
6.8938	0.10282	0.05714
6.903	0.10283	0.05703
6.9122	0.10280	0.05678
6.9214	0.10265	0.05674
6.9307	0.10268	0.05689
6.9399	0.10262	0.05681
6.9492	0.10256	0.05665
6.9586	0.10268	0.05675
6.9679	0.10252	0.05680
6.9773	0.10232	0.05661
6.9867	0.10230	0.05671
6.9961	0.10222	0.05686
7.0056	0.10223	0.05698
7.0151	0.10231	0.05697
7.0246	0.10237	0.05709
7.0341	0.10241	0.05718
7.0437	0.10270	0.05743
7.0532	0.10295	0.05741
7.0629	0.10302	0.05728
7.0725	0.10301	0.05752
7.0822	0.10299	0.05773
7.0918	0.10304	0.05778
7.1016	0.10316	0.05778
7.1113	0.10332	0.05787
7.1211	0.10334	0.05803
7.1309	0.10333	0.05805
7.1407	0.10335	0.05798
7.1505	0.10337	0.05801
7.1604	0.10331	0.05815
7.1703	0.10341	0.05829
7.1802	0.10354	0.05827
7.1902	0.10347	0.05816
7.2002	0.10354	0.05830
7.2102	0.10377	0.05868
7.2202	0.10381	0.05877
7.2303	0.10384	0.05866
7.2404	0.10384	0.05872
7.2505	0.10379	0.05874
7.2607	0.10378	0.05871
7.2709	0.10391	0.05874
7.2811	0.10400	0.05876
7.2913	0.10384	0.05865
7.3016	0.10374	0.05861
7.3119	0.10378	0.05874
7.3222	0.10379	0.05877
7.3326	0.10394	0.05879
7.343	0.10410	0.05892
7.3534	0.10413	0.05900
7.3638	0.10414	0.05906
7.3743	0.10417	0.05909
7.3848	0.10419	0.05925
7.3953	0.10422	0.05934
7.4059	0.10433	0.05924
7.4165	0.10446	0.05941
7.4271	0.10444	0.05958
7.4378	0.10464	0.05974
7.4485	0.10471	0.05983
7.4592	0.10456	0.05982
7.4699	0.10468	0.05979
7.4807	0.10481	0.05978
7.4915	0.10481	0.05975
7.5024	0.10494	0.05986
7.5132	0.10495	0.06013
7.5241	0.10505	0.06021
7.5351	0.10515	0.06024
7.546	0.10522	0.06049
7.557	0.10544	0.06069
7.5681	0.10553	0.06047
7.5791	0.10548	0.06049
7.5902	0.10539	0.06053
7.6014	0.10522	0.06041
7.6125	0.10512	0.06044
7.6237	0.10517	0.06055
7.635	0.10524	0.06057
7.6462	0.10523	0.06065
7.6575	0.10542	0.06081
7.6688	0.10557	0.06104
7.6802	0.10552	0.06105
7.6916	0.10551	0.06091
7.703	0.10544	0.06082
7.7145	0.10539	0.06085
7.726	0.10553	0.06088
7.7375	0.10567	0.06095
7.7491	0.10577	0.06113
7.7607	0.10580	0.06134
7.7723	0.10580	0.06131
7.784	0.10592	0.06126
7.7957	0.10599	0.06129
7.8074	0.10606	0.06140
7.8192	0.10623	0.06154
7.831	0.10630	0.06169
7.8429	0.10631	0.06195
7.8548	0.10656	0.06200
7.8667	0.10678	0.06214
7.8786	0.10692	0.06239
7.8906	0.10716	0.06236
7.9026	0.10739	0.06253
7.9147	0.10768	0.06293
7.9268	0.10787	0.06320
7.939	0.10808	0.06334
7.9511	0.10838	0.06349
7.9633	0.10860	0.06377
7.9756	0.10894	0.06402
7.9879	0.10924	0.06420
8.0002	0.10959	0.06439
8.0126	0.10991	0.06458
8.025	0.11010	0.06476
8.0374	0.11041	0.06501
8.0499	0.11063	0.06529
8.0624	0.11084	0.06533
8.075	0.11102	0.06539
8.0876	0.11113	0.06543
8.1002	0.11123	0.06558
8.1129	0.11125	0.06557
8.1256	0.11125	0.06555
8.1384	0.11126	0.06556
8.1512	0.11129	0.06547
8.164	0.11120	0.06540
8.1769	0.11115	0.06555
8.1898	0.11118	0.06573
8.2027	0.11107	0.06581
8.2157	0.11115	0.06568
8.2288	0.11124	0.06553
8.2419	0.11133	0.06564
8.255	0.11145	0.06569
8.2682	0.11142	0.06562
8.2814	0.11142	0.06570
8.2946	0.11147	0.06559
8.3079	0.11155	0.06548
8.3212	0.11154	0.06550
8.3346	0.11142	0.06549
8.348	0.11135	0.06551
8.3615	0.11140	0.06561
8.375	0.11144	0.06554
8.3886	0.11143	0.06551
8.4022	0.11136	0.06548
8.4158	0.11144	0.06533
8.4295	0.11167	0.06555
8.4432	0.11178	0.06581
8.457	0.11193	0.06585
8.4708	0.11217	0.06585
8.4847	0.11232	0.06595
8.4986	0.11234	0.06608
8.5125	0.11244	0.06615
8.5265	0.11262	0.06618
8.5406	0.11275	0.06616
8.5547	0.11278	0.06621
8.5688	0.11284	0.06644
8.583	0.11290	0.06654
8.5972	0.11303	0.06646
8.6115	0.11316	0.06656
8.6258	0.11328	0.06663
8.6402	0.11344	0.06662
8.6546	0.11364	0.06663
8.6691	0.11363	0.06667
8.6836	0.11369	0.06691
8.6982	0.11393	0.06695
8.7128	0.11412	0.06699
8.7275	0.11398	0.06708
8.7422	0.11394	0.06698
8.757	0.11407	0.06688
8.7718	0.11441	0.06682
8.7867	0.11471	0.06693
8.8016	0.11461	0.06691
8.8166	0.11449	0.06700
8.8316	0.11454	0.06696
8.8466	0.11460	0.06681
8.8618	0.11465	0.06693
8.8769	0.11466	0.06709
8.8922	0.11494	0.06704
8.9074	0.11504	0.06708
8.9228	0.11517	0.06712
8.9382	0.11523	0.06719
8.9536	0.11530	0.06723
8.9691	0.11549	0.06729
8.9846	0.11546	0.06716
9.0002	0.11549	0.06711
9.0159	0.11555	0.06719
9.0316	0.11561	0.06705
9.0474	0.11568	0.06707
9.0632	0.11578	0.06722
9.079	0.11562	0.06712
9.095	0.11569	0.06716
9.111	0.11588	0.06727
9.127	0.11580	0.06701
9.1431	0.11564	0.06675
9.1593	0.11568	0.06683
9.1755	0.11565	0.06676
9.1917	0.11557	0.06660
9.2081	0.11551	0.06676
9.2244	0.11548	0.06695
9.2409	0.11550	0.06679
9.2574	0.11571	0.06649
9.2739	0.11553	0.06627
9.2906	0.11522	0.06607
9.3072	0.11517	0.06594
9.324	0.11499	0.06588
9.3408	0.11483	0.06587
9.3576	0.11491	0.06565
9.3746	0.11504	0.06545
9.3915	0.11516	0.06556
9.4086	0.11501	0.06552
9.4257	0.11487	0.06551
9.4429	0.11480	0.06531
9.4601	0.11465	0.06507
9.4774	0.11466	0.06502
9.4948	0.11473	0.06505
9.5122	0.11463	0.06501
9.5297	0.11460	0.06498
9.5472	0.11465	0.06480
9.5648	0.11456	0.06469
9.5825	0.11420	0.06460
9.6003	0.11381	0.06445
9.6181	0.11356	0.06405
9.6359	0.11333	0.06371
9.6539	0.11301	0.06370
9.6719	0.11264	0.06364
9.69	0.11241	0.06337
9.7081	0.11245	0.06300
9.7263	0.11252	0.06293
9.7446	0.11245	0.06280
9.763	0.11239	0.06282
9.7814	0.11240	0.06287
9.7999	0.11256	0.06279
9.8184	0.11256	0.06283
9.8371	0.11249	0.06279
9.8558	0.11270	0.06261
9.8745	0.11250	0.06268
9.8934	0.11247	0.06287
9.9123	0.11260	0.06290
9.9313	0.11271	0.06295
9.9504	0.11270	0.06281
9.9695	0.11272	0.06264
9.9887	0.11260	0.06258
10.008	0.11258	0.06258
10.0273	0.11279	0.06256
10.0468	0.11300	0.06255
10.0663	0.11298	0.06245
10.0859	0.11302	0.06239
10.1055	0.11323	0.06230
10.1253	0.11330	0.06252
10.1451	0.11330	0.06260
10.165	0.11336	0.06270
10.1849	0.11352	0.06269
10.205	0.11377	0.06275
10.2251	0.11400	0.06305
10.2453	0.11426	0.06322
10.2656	0.11446	0.06324
10.286	0.11445	0.06342
10.3064	0.11432	0.06347
10.327	0.11451	0.06345
10.3476	0.11471	0.06328
10.3683	0.11443	0.06308
10.389	0.11423	0.06298
10.4099	0.11424	0.06286
10.4309	0.11409	0.06259
10.4519	0.11407	0.06268
10.473	0.11403	0.06291
10.4942	0.11413	0.06266
10.5155	0.11422	0.06220
10.5369	0.11408	0.06203
10.5583	0.11374	0.06201
10.5799	0.11364	0.06215
10.6015	0.11379	0.06219
10.6232	0.11378	0.06222
10.645	0.11373	0.06233
10.6669	0.11364	0.06213
10.6889	0.11377	0.06155
10.711	0.11402	0.06142
10.7332	0.11401	0.06161
10.7555	0.11393	0.06149
10.7778	0.11375	0.06153
10.8003	0.11368	0.06144
10.8228	0.11374	0.06145
10.8455	0.11374	0.06169
10.8682	0.11361	0.06159
10.891	0.11350	0.06140
10.914	0.11332	0.06131
10.937	0.11335	0.06122
10.9601	0.11346	0.06131
10.9833	0.11339	0.06130
11.0067	0.11350	0.06103
11.0301	0.11356	0.06100
11.0536	0.11368	0.06113
11.0772	0.11387	0.06101
11.1009	0.11381	0.06097
11.1248	0.11353	0.06113
11.1487	0.11347	0.06105
11.1727	0.11360	0.06102
11.1968	0.11376	0.06119
11.2211	0.11401	0.06123
11.2454	0.11393	0.06119
11.2699	0.11393	0.06113
11.2944	0.11430	0.06110
11.3191	0.11450	0.06116
11.3438	0.11452	0.06133
11.3687	0.11444	0.06132
11.3937	0.11457	0.06124
11.4188	0.11488	0.06119
11.444	0.11522	0.06136
11.4693	0.11547	0.06173
11.4948	0.11546	0.06193
11.5203	0.11549	0.06185
11.546	0.11556	0.06141
11.5717	0.11574	0.06122
11.5976	0.11587	0.06153
11.6236	0.11594	0.06184
11.6497	0.11593	0.06190
11.676	0.11601	0.06179
11.7023	0.11597	0.06164
11.7288	0.11575	0.06171
11.7554	0.11571	0.06168
11.7821	0.11573	0.06159
11.809	0.11554	0.06161
11.8359	0.11537	0.06173
11.863	0.11535	0.06185
11.8902	0.11542	0.06159
11.9176	0.11543	0.06154
11.945	0.11551	0.06168
11.9726	0.11576	0.06131
12.0003	0.11582	0.06134
12.0282	0.11565	0.06168
12.0561	0.11564	0.06175
12.0842	0.11571	0.06156
12.1125	0.11582	0.06140
12.1408	0.11599	0.06113
12.1693	0.11596	0.06106
12.198	0.11611	0.06123
12.2267	0.11632	0.06130
12.2556	0.11635	0.06143
12.2847	0.11633	0.06162
12.3139	0.11631	0.06155
12.3432	0.11657	0.06135
12.3726	0.11690	0.06135
12.4022	0.11680	0.06140
12.432	0.11667	0.06126
12.4619	0.11699	0.06124
12.4919	0.11701	0.06150
12.5221	0.11701	0.06137
12.5524	0.11699	0.06126
12.5829	0.11670	0.06120
12.6135	0.11651	0.06109
12.6442	0.11639	0.06105
12.6751	0.11628	0.06100
12.7062	0.11593	0.06062
12.7374	0.11581	0.06022
12.7688	0.11581	0.06017
12.8003	0.11568	0.05989
12.832	0.11532	0.05946
12.8639	0.11493	0.05932
12.8959	0.11481	0.05924
12.928	0.11457	0.05894
12.9603	0.11432	0.05849
12.9928	0.11430	0.05870
13.0255	0.11439	0.05900
13.0583	0.11416	0.05899
13.0913	0.11383	0.05895
13.1244	0.11384	0.05884
13.1577	0.11373	0.05847
13.1912	0.11336	0.05824
13.2248	0.11289	0.05833
13.2587	0.11258	0.05827
13.2927	0.11274	0.05762
13.3268	0.11282	0.05709
13.3612	0.11268	0.05714
13.3957	0.11246	0.05738
13.4304	0.11242	0.05759
13.4653	0.11229	0.05741
13.5004	0.11226	0.05716
13.5356	0.11215	0.05714
13.571	0.11219	0.05730
13.6067	0.11226	0.05731
13.6425	0.11259	0.05736
13.6785	0.11314	0.05737
13.7146	0.11329	0.05791
13.751	0.11336	0.05834
13.7876	0.11350	0.05786
13.8244	0.11312	0.05777
13.8613	0.11266	0.05791
13.8985	0.11268	0.05767
13.9358	0.11279	0.05746
13.9734	0.11265	0.05726
14.0112	0.11251	0.05702
14.0491	0.11260	0.05685
14.0873	0.11258	0.05676
14.1257	0.11268	0.05704
14.1643	0.11266	0.05754
14.2031	0.11276	0.05808
14.2421	0.11321	0.05834
14.2814	0.11362	0.05824
14.3208	0.11370	0.05821
14.3605	0.11395	0.05805
14.4004	0.11414	0.05802
14.4405	0.11357	0.05820
14.4808	0.11338	0.05837
14.5214	0.11406	0.05883
14.5622	0.11447	0.05879
14.6032	0.11404	0.05839
14.6444	0.11390	0.05862
14.6859	0.11390	0.05900
14.7277	0.11365	0.05854
14.7696	0.11349	0.05791
14.8118	0.11349	0.05755
14.8543	0.11351	0.05747
14.8969	0.11343	0.05728
14.9399	0.11329	0.05729
14.983	0.11313	0.05717
15.0265	0.11275	0.05660
15.0702	0.11244	0.05655
15.1141	0.11233	0.05691
15.1583	0.11246	0.05686
15.2027	0.11263	0.05632
15.2475	0.11255	0.05623
15.2924	0.11238	0.05670
15.3377	0.11226	0.05691
15.3832	0.11233	0.05651
15.429	0.11262	0.05605
15.475	0.11293	0.05597
15.5214	0.11276	0.05633
15.568	0.11254	0.05631
15.6149	0.11246	0.05640
15.662	0.11233	0.05663
15.7095	0.11202	0.05675
15.7572	0.11215	0.05701
15.8053	0.11249	0.05692
15.8536	0.11248	0.05650
15.9023	0.11235	0.05608
15.9512	0.11239	0.05609
16.0004	0.11218	0.05602
16.05	0.11216	0.05621
16.0998	0.11253	0.05610
16.15	0.11259	0.05622
16.2004	0.11252	0.05655
16.2512	0.11310	0.05652
16.3023	0.11397	0.05614
16.3537	0.11453	0.05631
16.4055	0.11449	0.05709
16.4576	0.11449	0.05739
16.51	0.11421	0.05735
16.5627	0.11461	0.05748
16.6158	0.11544	0.05847
16.6692	0.11566	0.05871
16.723	0.11542	0.05820
16.7771	0.11544	0.05844
16.8316	0.11577	0.05830
16.8864	0.11610	0.05807
16.9416	0.11615	0.05849
16.9972	0.11612	0.05862
17.0531	0.11612	0.05830
17.1094	0.11614	0.05823
17.166	0.11606	0.05858
17.223	0.11613	0.05848
17.2805	0.11636	0.05819
17.3382	0.11606	0.05779
17.3964	0.11559	0.05763
17.455	0.11555	0.05770
17.514	0.11582	0.05710
17.5733	0.11557	0.05688
17.6331	0.11544	0.05703
17.6933	0.11569	0.05677
17.7539	0.11566	0.05639
17.8149	0.11559	0.05640
17.8763	0.11536	0.05665
17.9382	0.11530	0.05677
18.0005	0.11526	0.05685
18.0632	0.11525	0.05631
18.1263	0.11489	0.05595
18.1899	0.11494	0.05650
18.254	0.11523	0.05702
18.3185	0.11517	0.05652
18.3835	0.11455	0.05509
18.4489	0.11443	0.05454
18.5148	0.11486	0.05502
18.5811	0.11516	0.05611
18.648	0.11510	0.05696
18.7153	0.11503	0.05662
18.7831	0.11560	0.05580
18.8514	0.11588	0.05580
18.9202	0.11584	0.05621
18.9895	0.11621	0.05650
19.0593	0.11681	0.05663
19.1297	0.11698	0.05685
19.2005	0.11719	0.05664
19.2719	0.11734	0.05616
19.3438	0.11812	0.05678
19.4162	0.11852	0.05727
19.4892	0.11807	0.05733
19.5628	0.11809	0.05765
19.6369	0.11883	0.05844
19.7115	0.11927	0.05856
19.7868	0.11917	0.05797
19.8626	0.11926	0.05755
19.939	0.11938	0.05777
20.016	0.11943	0.05761
20.0935	0.11912	0.05709
20.1717	0.11845	0.05697
20.2505	0.11848	0.05697
20.3299	0.11933	0.05758
20.41	0.12036	0.05793
20.4907	0.12080	0.05843
20.572	0.12123	0.05930
20.6539	0.12189	0.05898
20.7365	0.12252	0.05940
20.8198	0.12364	0.05957
20.9038	0.12406	0.05911
20.9884	0.12345	0.05923
21.0737	0.12290	0.05980
21.1597	0.12275	0.05995
21.2465	0.12270	0.05960
21.3339	0.12402	0.05990
21.422	0.12388	0.05899
21.5109	0.12364	0.05878
21.6006	0.12417	0.05900
21.6909	0.12418	0.05844
21.7821	0.12431	0.05786
21.874	0.12484	0.05833
21.9667	0.12583	0.05829
22.0601	0.12610	0.05853
22.1544	0.12593	0.06003
22.2495	0.12618	0.06072
22.3454	0.12594	0.06101
22.4421	0.12607	0.06073
22.5397	0.12576	0.06048
22.6381	0.12657	0.06045
22.7374	0.12735	0.06030
22.8376	0.12701	0.06059
22.9387	0.12599	0.05986
23.0406	0.12565	0.05981
23.1435	0.12531	0.06073
23.2472	0.12486	0.05962
23.352	0.12584	0.05935
23.4576	0.12666	0.06038
23.5643	0.12586	0.06083
23.6718	0.12522	0.05949
23.7804	0.12613	0.05877
23.89	0.12722	0.05916
24.0006	0.12536	0.05653
24.1123	0.12374	0.05499
24.2249	0.12421	0.05530
24.3387	0.12439	0.05693
24.4535	0.12406	0.05858
24.5694	0.12482	0.05851
24.6864	0.12487	0.05652
24.8045	0.12659	0.05674
24.9237	0.12555	0.05918
25.0441	0.12335	0.05750
25.1657	0.12406	0.05707
25.2885	0.12445	0.05903
25.4124	0.12438	0.06021
25.5376	0.12545	0.05318
25.664	0.12561	0.05330
25.7917	0.12726	0.05676
25.9207	0.12648	0.05851
